j3017_4.mm_s8.txt
Academic license - for non-commercial use only
Read LP format model from file lp/j3017_4.mm.lp
Reading time = 0.01 seconds
: 351 rows, 906 columns, 9053 nonzeros
OKGPU
nThreads: 1024 , nBlocks: 12 
Number cuts generated in the phase 1: 14
Number of repeat: 4 
violation 271.000000
violation 689.000000
violation 542.000000
violation 726.000000
violation 592.000000
violation 413.000000
violation 250.000000
violation 250.000000
violation 400.000000
violation 650.000000
8592 16
60 30 21 53 59 20 23 22 61 
AQUIIII!!20 16 41 53 19 21 58 59 55 61 32 60 18 30 36 17 
AQUIIII!!41 30 59 60 36 21 16 58 53 17 32 18 19 20 55 61 AQUIIII!!
20 16 41 53 19 21 58 59 55 61 32 60 18 30 36 17 
AQUIIII!!20 17 61 41 AQUIIII!!21 4 55 58 53 21 59 58 60 60 20 30 36 16 18 30 17 18 36 AQUIIII!!41 59 56 55 AQUIIII!!19 32 9 4 32 AQUIIII!!55 
58 53 6 54 17 30 55 19 22 AQUIIII!!18 20 1 60 41 60 8 61 17 
53 30 AQUIIII!!19 23 19 20 21 9 23 10 53 36 36 19 23 41 5 30 32 5 16 1 52 2 18 16 53 32 10 57 0 59 22 21 
2 1 
21 3 28 58 57 24 55 28 6 59 7 8 1 61 3 36 
24 6 56 20 7 61 5 
22 AQUIIII!!61 7 
24 57 AQUIIII!!AQUIIII!!23 21 19 2 30 53 56 18 21 19 10 59 5 60 60 41 AQUIIII!!22 53 60 9 41 30 61 17 3 17 1 61 41 6 58 53 59 28 61 55 55 1 1 8 36 59 1 36 32 58 36 20 61 17 18 

20 32 21 32 55 19 58 30 
20 18 
AQUIIII!!60 55 53 61 58 AQUIIII!!17 20 59 21 30 30 19 17 41 18 32 1 20 59 16 32 18 61 36 58 21 36 
19 53 55 41 60 
AQUIIII!!19 18 20 41 17 53 21 36 30 32 55 58 59 61 60 1 
AQUIIII!!1 55 53 61 36 21 32 41 19 60 58 59 30 20 17 18 
AQUIIII!!55 59 58 53 30 23 21 60 20 36 1 6 19 5 AQUIIII!!22 61 30 21 
19 32 18 20 59 1 53 58 55 17 60 36 41 61 
AQUIIII!!61 56 55 9 60 22 6 5 28 58 59 1 8 53 24 23 
AQUIIII!!61 23 5 21 55 53 1 28 6 8 60 56 59 22 58 30 
AQUIIII!!61 1 17 55 53 58 20 19 59 32 41 21 AQUIIII!!30 60 59 58 36 18 30 
36 16 32 18 60 20 53 55 19 21 41 17 61 
AQUIIII!!20 16 30 55 61 41 59 17 53 36 18 58 19 32 60 21 
AQUIIII!!19 1 55 60 53 18 59 30 21 58 22 61 23 5 20 36 
AQUIIII!!22 28 1 5 55 6 56 53 59 24 60 58 8 23 9 61 
AQUIIII!!61 20 56 60 6 23 1 59 AQUIIII!!53 30 61 58 58 36 20 22 30 55 5 21 59 5 23 
60 53 19 AQUIIII!!18 1 22 53 36 55 1 5 55 20 21 30 
19 21 59 58 18 60 22 23 61 AQUIIII!!36 41 
AQUIIII!!54 30 AQUIIII!!58 60 19 36 21 59 18 17 58 32 55 21 61 16 5 19 20 61 41 0 18 59 17 36 53 21 30 32 30 22 58 23 19 18 60 4 36 55 1 55 1 20 53 53 

20 
AQUIIII!!41 54 58 36 18 32 16 20 0 17 AQUIIII!!21 16 30 61 18 19 58 60 4 53 55 59 19 53 32 17 
30 41 21 55 AQUIIII!!AQUIIII!!36 61 18 20 30 
53 36 32 6 61 23 41 20 55 1 5 17 53 1 19 59 60 60 22 55 21 21 58 36 
AQUIIII!!59 36 30 21 20 55 56 61 58 30 
32 19 41 53 1 60 AQUIIII!!17 23 18 58 22 55 59 56 20 24 
5 60 28 59 6 AQUIIII!!53 61 8 1 58 8 9 58 1 59 61 
56 10 22 6 9 24 28 AQUIIII!!5 AQUIIII!!61 17 60 18 20 55 60 60 59 55 23 19 5 21 
53 21 36 30 58 55 1 61 58 32 22 30 36 16 53 41 20 18 
23 59 19 AQUIIII!!
60 8 1 AQUIIII!!23 19 55 59 5 53 24 30 17 28 20 58 41 9 36 59 18 6 1 AQUIIII!!56 55 20 10 61 41 22 32 19 61 21 17 
60 18 58 59 
21 58 32 36 55 61 1 60 53 30 
AQUIIII!!59 10 AQUIIII!!28 61 6 28 9 6 5 60 55 23 24 22 53 1 56 23 9 8 58 60 24 56 8 58 61 22 
5 59 55 1 
AQUIIII!!58 36 30 1 32 17 20 61 55 AQUIIII!!41 60 55 18 60 53 61 59 19 21 19 17 
59 20 AQUIIII!!58 5 30 36 53 18 41 1 36 23 18 AQUIIII!!32 30 19 21 21 30 1 58 18 
53 58 60 17 59 21 22 55 55 41 19 60 61 59 20 61 
20 36 32 1 53 
AQUIIII!!19 54 4 20 53 55 17 32 0 16 21 41 36 58 18 30 
AQUIIII!!61 53 20 19 5 1 58 23 36 55 22 59 30 18 21 60 
AQUIIII!!5 36 18 1 23 30 21 58 53 60 59 22 55 19 61 20 
AQUIIII!!32 55 41 59 21 58 17 20 53 60 16 4 36 18 19 30 
AQUIIII!!59 58 18 55 20 16 53 4 19 17 30 60 36 32 41 21 
AQUIIII!!20 17 18 60 36 19 59 32 AQUIIII!!21 61 61 60 20 41 1 58 6 1 59 58 55 23 53 56 55 30 5 53 
30 22 21 36 
AQUIIII!!8 2 56 60 57 10 22 1 6 23 9 24 28 3 AQUIIII!!17 5 32 61 21 
30 0 58 19 18 41 55 16 20 36 4 54 53 
AQUIIII!!20 18 17 55 41 59 1 32 61 60 AQUIIII!!19 1 53 20 30 55 36 21 21 59 58 58 53 
36 61 AQUIIII!!41 61 19 23 30 56 60 18 59 5 17 32 6 57 
60 22 28 AQUIIII!!9 61 2 22 24 28 23 10 57 8 6 AQUIIII!!1 9 20 
5 53 60 32 59 17 8 18 2 59 1 58 56 AQUIIII!!30 24 21 53 10 41 55 
61 1 55 56 60 36 60 1 8 19 28 
AQUIIII!!59 61 AQUIIII!!61 58 61 58 19 10 36 6 23 30 59 23 20 9 5 41 60 22 17 56 21 18 55 30 60 6 
16 1 53 22 32 24 21 8 59 5 58 28 55 

AQUIIII!!61 18 55 53 19 21 1 23 58 AQUIIII!!30 5 60 23 20 36 22 1 36 60 59 59 20 5 19 
55 30 58 6 22 53 21 61 
AQUIIII!!55 1 53 8 60 58 AQUIIII!!23 59 5 61 56 1 22 19 59 18 28 60 24 55 61 58 6 36 23 9 
30 21 20 22 5 53 
AQUIIII!!53 55 1 61 30 20 36 21 18 17 19 41 59 58 60 32 
AQUIIII!!55 53 20 AQUIIII!!60 61 19 55 59 53 41 17 18 21 32 1 59 30 19 21 60 36 36 32 30 61 18 58 20 17 58 
16 41 
AQUIIII!!1 23 55 53 19 22 61 21 60 30 5 36 20 18 58 59 
AQUIIII!!17 61 60 1 58 18 21 19 59 30 36 41 20 32 53 55 
AQUIIII!!36 21 20 60 19 61 17 30 41 18 32 16 59 53 58 55 
AQUIIII!!18 1 55 58 20 19 36 41 17 53 32 59 30 21 61 60 
AQUIIII!!5 9 10 23 59 1 22 AQUIIII!!56 32 60 17 57 36 8 1 24 20 2 41 28 55 6 53 61 61 
21 18 AQUIIII!!61 30 36 58 22 59 30 AQUIIII!!60 59 55 19 58 19 
1 21 19 5 36 58 53 23 41 AQUIIII!!60 60 61 17 6 8 32 57 1 61 60 18 20 2 20 1 55 59 24 30 53 9 21 AQUIIII!!28 

20 3 17 22 61 6 41 AQUIIII!!56 21 55 5 58 58 10 59 1 23 60 19 
36 36 30 53 18 41 55 60 32 17 AQUIIII!!53 32 61 19 61 1 1 18 55 
20 53 59 23 30 22 59 21 8 
56 9 58 28 24 60 6 5 
AQUIIII!!19 1 58 18 AQUIIII!!55 36 17 1 21 20 AQUIIII!!53 61 19 59 59 30 61 1 60 32 18 20 41 30 19 41 53 18 60 36 53 30 20 32 41 21 21 60 61 55 59 32 17 55 
58 17 
58 36 
AQUIIII!!58 30 36 22 55 21 53 59 60 1 56 23 6 5 20 61 
AQUIIII!!19 1 53 58 21 41 30 AQUIIII!!61 1 55 41 17 58 32 61 20 18 59 18 60 60 32 59 53 36 17 
21 20 30 AQUIIII!!36 19 55 59 19 30 
60 41 18 36 55 21 17 53 61 32 1 20 58 
AQUIIII!!55 60 61 36 6 56 30 59 58 23 1 5 20 53 21 22 
AQUIIII!!41 32 18 59 58 17 55 53 21 61 60 20 36 1 19 30 
AQUIIII!!AQUIIII!!55 41 20 32 41 18 53 59 54 58 32 36 17 30 55 21 53 58 21 0 61 18 60 16 20 19 36 4 1 17 19 
30 
AQUIIII!!59 8 23 22 53 1 5 56 58 21 55 6 60 30 AQUIIII!!28 21 61 58 
60 41 20 1 18 32 61 17 19 36 55 53 30 59 
AQUIIII!!61 17 59 36 18 41 58 55 53 16 60 19 20 32 21 30 
AQUIIII!!61 5 57 23 6 22 9 60 56 AQUIIII!!28 59 59 55 24 1 16 60 10 8 32 58 53 
20 41 17 19 61 18 30 58 36 21 
AQUIIII!!61 60 5 23 58 6 1 22 55 56 9 53 8 59 24 28 
AQUIIII!!61 AQUIIII!!21 19 36 55 59 1 60 41 17 59 20 58 20 21 55 1 18 18 61 32 36 17 41 32 60 53 30 30 58 
53 19 
AQUIIII!!19 1 55 60 53 18 59 30 21 58 22 61 23 5 20 36 
AQUIIII!!30 60 17 21 61 53 AQUIIII!!20 19 55 1 16 53 18 58 41 21 32 41 58 30 36 59 61 19 55 
17 32 20 18 60 59 36 
AQUIIII!!61 60 55 53 19 58 36 59 16 32 17 18 30 21 20 41 
AQUIIII!!21 55 19 16 61 53 AQUIIII!!58 30 61 59 55 18 36 60 18 41 17 41 20 19 32 17 36 30 
59 32 58 21 53 60 20 1 AQUIIII!!
53 21 59 60 61 19 17 1 58 41 18 36 30 55 32 20 
AQUIIII!!22 60 58 57 5 56 23 6 28 1 59 10 24 9 8 61 
AQUIIII!!19 53 1 58 55 61 17 59 36 30 18 21 AQUIIII!!41 61 20 30 60 28 22 32 23 
5 60 8 58 59 1 53 21 56 6 55 
AQUIIII!!60 20 36 18 59 61 21 30 32 41 19 16 17 58 55 53 
AQUIIII!!61 18 23 59 AQUIIII!!5 21 55 59 21 53 19 30 60 1 30 55 53 36 36 58 20 17 22 61 1 20 58 32 
41 60 19 18 
AQUIIII!!19 58 21 53 22 30 23 18 5 55 36 1 20 60 61 59 
AQUIIII!!20 30 32 AQUIIII!!17 24 53 28 61 60 18 2 19 1 41 59 23 60 22 59 56 36 5 55 57 58 9 1 8 21 10 
6 61 
AQUIIII!!61 10 23 6 28 8 55 22 1 59 5 60 56 58 9 24 
AQUIIII!!21 16 36 55 58 61 32 41 60 30 19 20 17 53 59 18 
AQUIIII!!61 2 1 56 24 22 8 9 57 28 5 23 3 60 6 10 
AQUIIII!!32 60 59 20 55 21 18 19 58 17 41 61 53 36 1 30 
AQUIIII!!AQUIIII!!32 61 60 60 59 20 1 55 24 21 22 18 6 19 58 57 17 2 41 8 61 53 56 36 59 1 5 30 
10 23 9 28 
AQUIIII!!20 18 32 60 30 19 21 41 58 53 36 59 1 55 17 61 
AQUIIII!!61 3 57 8 5 1 2 6 9 56 28 60 23 10 24 22 
AQUIIII!!30 17 55 1 21 58 19 18 60 59 20 36 41 32 53 61 
AQUIIII!!19 59 53 AQUIIII!!30 61 17 2 20 41 6 36 5 18 23 1 56 55 8 61 32 57 9 21 60 60 58 24 
10 1 28 3 22 
AQUIIII!!61 17 41 60 32 19 53 30 20 59 21 18 36 58 55 1 
AQUIIII!!20 55 61 AQUIIII!!19 4 58 55 21 53 16 0 21 59 53 41 54 32 18 18 19 60 20 41 30 17 17 36 58 30 16 36 
32 
AQUIIII!!58 53 60 21 19 55 1 36 30 18 59 17 41 32 20 61 
AQUIIII!!61 58 53 22 55 20 1 59 18 21 19 23 30 36 60 AQUIIII!!5 19 
30 53 18 AQUIIII!!1 61 41 30 32 53 21 55 60 61 6 55 23 59 5 58 20 20 1 60 21 36 58 17 22 
19 36 59 AQUIIII!!
AQUIIII!!59 61 56 19 8 55 23 60 1 18 58 5 6 30 60 23 9 22 5 58 28 20 57 21 AQUIIII!!10 53 58 22 36 22 24 20 1 61 53 59 
30 
60 5 56 1 59 55 6 36 23 21 61 
AQUIIII!!61 56 1 55 23 58 6 10 22 28 5 60 24 9 8 59 
AQUIIII!!61 60 55 53 19 58 36 59 16 32 17 18 30 21 20 41 
AQUIIII!!4 53 55 52 30 20 21 18 32 19 54 17 36 16 0 41 
AQUIIII!!55 53 1 58 30 61 8 6 5 23 28 59 21 60 22 56 
AQUIIII!!21 36 60 17 30 1 20 19 18 41 32 59 58 55 61 53 
AQUIIII!!41 60 55 19 18 53 32 17 58 30 61 20 59 1 36 21 
AQUIIII!!61 6 19 60 21 23 58 36 53 5 55 20 30 1 22 59 
AQUIIII!!61 10 9 28 6 1 8 59 57 5 24 56 23 2 22 60 
AQUIIII!!61 21 5 1 18 20 30 23 60 59 19 36 22 53 58 55 
AQUIIII!!61 30 5 56 22 58 28 1 23 60 6 55 53 59 21 8 
AQUIIII!!58 17 55 53 54 16 21 41 0 32 36 20 19 4 30 18 
AQUIIII!!55 32 41 54 4 36 30 21 16 53 20 0 58 17 18 19 
AQUIIII!!55 19 53 41 61 21 36 32 17 58 20 59 60 1 18 30 
AQUIIII!!1 23 5 60 8 56 6 10 AQUIIII!!61 22 20 9 59 2 53 19 57 18 59 30 28 17 1 24 21 61 60 
36 41 32 58 55 
AQUIIII!!1 41 58 61 18 59 60 32 53 17 21 20 30 36 55 19 
AQUIIII!!61 20 58 55 30 59 1 6 23 AQUIIII!!60 19 22 36 5 60 53 59 36 41 21 53 19 18 
32 55 17 61 1 21 AQUIIII!!30 19 20 18 58 
20 41 17 53 AQUIIII!!21 55 36 53 30 60 32 61 55 41 58 17 59 20 61 32 30 60 1 18 
1 58 21 19 59 36 
AQUIIII!!4 58 16 55 21 54 AQUIIII!!20 20 0 17 17 41 18 18 53 60 19 32 36 30 19 36 59 
32 21 61 41 58 1 55 53 30 
AQUIIII!!60 55 53 61 58 17 59 30 19 41 32 20 16 18 36 21 
AQUIIII!!8 60 22 23 59 1 61 56 53 55 9 24 28 6 58 5 
AQUIIII!!19 59 30 17 58 32 60 41 21 61 1 55 36 20 53 18 
AQUIIII!!61 1 21 23 55 60 5 58 53 28 AQUIIII!!59 30 56 55 30 53 6 21 8 32 17 22 61 
41 19 18 58 1 59 60 36 20 
AQUIIII!!61 24 60 5 AQUIIII!!58 61 59 8 53 10 AQUIIII!!55 1 6 53 1 23 41 23 59 22 28 24 21 8 7 36 9 56 60 6 2 19 56 57 17 22 3 58 
5 30 9 32 28 55 
18 61 1 20 
AQUIIII!!61 1 55 53 23 22 59 8 56 9 58 28 24 60 6 5 
AQUIIII!!61 59 30 8 1 28 56 60 22 58 55 23 53 AQUIIII!!6 1 21 55 5 61 
21 30 17 32 60 53 41 36 59 19 20 18 58 
AQUIIII!!20 53 59 21 55 19 1 61 18 30 AQUIIII!!36 61 60 17 58 53 41 60 17 41 32 55 59 
32 1 58 20 30 19 36 18 21 
AQUIIII!!59 20 30 60 1 AQUIIII!!41 61 17 36 55 20 61 53 36 58 53 19 23 32 60 21 1 58 21 18 30 19 55 
5 AQUIIII!!6 61 59 22 22 24 56 
AQUIIII!!6 59 60 1 20 10 30 5 60 57 1 28 23 41 3 17 9 8 55 2 61 
36 53 32 21 58 18 19 
AQUIIII!!1 18 59 AQUIIII!!58 55 61 60 41 61 20 21 60 20 30 18 41 58 32 19 36 53 30 AQUIIII!!17 53 61 19 21 3 
1 59 57 36 24 8 32 9 1 10 7 17 56 55 5 22 
6 28 2 23 
AQUIIII!!19 30 18 58 17 21 55 41 60 59 61 20 36 32 1 53 
AQUIIII!!53 55 1 61 30 20 36 21 18 17 19 41 59 58 60 32 
AQUIIII!!17 18 60 53 59 36 21 20 58 41 32 1 61 55 30 19 
AQUIIII!!17 18 60 53 59 36 21 20 58 41 32 1 61 55 30 19 
AQUIIII!!32 53 58 18 19 1 61 60 59 55 20 30 36 17 41 21 
AQUIIII!!61 56 5 53 21 6 55 30 28 59 22 1 23 8 58 60 
AQUIIII!!61 55 53 1 20 18 32 21 59 17 19 30 41 36 58 60 
AQUIIII!!18 54 17 16 32 53 55 36 30 19 41 21 4 20 58 0 
AQUIIII!!53 60 32 55 AQUIIII!!19 59 41 53 61 1 20 60 30 55 17 61 59 20 21 36 58 58 1 23 36 6 18 21 
30 5 22 56 
AQUIIII!!61 58 1 19 32 30 60 41 21 36 53 20 55 59 17 18 
AQUIIII!!61 58 32 59 1 53 21 18 60 19 36 30 20 41 17 55 
AQUIIII!!19 55 59 60 17 20 58 21 1 18 61 36 41 32 53 30 
AQUIIII!!53 1 55 22 36 61 59 58 60 23 19 30 5 6 21 20 
AQUIIII!!61 55 23 59 53 21 5 19 60 20 36 22 1 30 58 18 
AQUIIII!!41 58 32 30 61 1 21 17 59 36 53 60 55 20 18 19 
AQUIIII!!59 61 30 32 21 20 60 41 58 1 18 36 53 55 17 19 
AQUIIII!!59 61 30 32 21 20 60 41 58 1 18 36 53 55 17 19 
AQUIIII!!19 41 17 32 1 21 20 60 53 18 59 30 58 61 55 36 
AQUIIII!!61 2 10 9 AQUIIII!!61 28 22 5 57 24 8 56 1 24 60 7 9 1 5 6 56 59 3 10 22 23 8 6 23 2 
28 57 
AQUIIII!!21 36 60 58 61 55 17 1 32 18 59 20 19 41 53 30 
AQUIIII!!21 55 59 1 19 60 61 32 58 AQUIIII!!18 18 17 41 20 53 60 41 32 53 59 30 36 36 21 19 
17 55 1 30 61 58 20 
AQUIIII!!18 41 53 60 32 59 36 21 19 17 55 1 30 61 58 20 
AQUIIII!!61 30 5 20 19 36 1 6 58 55 22 21 59 23 53 60 
AQUIIII!!61 9 60 56 24 6 10 2 5 28 23 8 1 3 57 22 
AQUIIII!!61 60 56 5 23 9 24 58 55 10 59 22 28 8 6 1 
AQUIIII!!61 24 22 57 9 23 6 5 1 56 10 59 60 2 28 8 
AQUIIII!!58 16 61 18 41 20 21 59 32 55 60 36 30 19 17 53 
AQUIIII!!20 53 59 21 55 19 1 61 18 30 36 60 58 41 17 32 
AQUIIII!!4 55 53 0 21 41 54 18 19 20 30 17 58 16 AQUIIII!!36 61 32 24 
23 10 5 56 28 1 6 9 58 59 22 8 57 60 
AQUIIII!!61 22 1 60 23 56 28 24 58 6 8 5 55 10 9 59 
AQUIIII!!61 36 6 60 55 21 5 53 30 58 23 22 19 59 20 1 
AQUIIII!!61 10 58 8 56 24 AQUIIII!!60 61 22 10 23 9 5 3 28 1 8 28 23 57 60 6 24 9 2 59 5 56 
22 1 AQUIIII!!57 21 6 20 
18 61 58 41 53 17 55 19 36 60 30 59 32 1 
AQUIIII!!61 21 5 6 23 20 58 30 53 59 1 60 55 22 36 56 
AQUIIII!!61 59 19 36 55 20 58 53 30 41 60 21 32 16 18 17 
AQUIIII!!32 61 19 59 60 17 58 55 41 18 1 21 53 36 30 20 
AQUIIII!!32 61 19 59 60 17 58 55 41 18 1 21 53 36 30 20 
Number of Cuts in the second phase:6930
Number of repeat: 6072 
Violation: 1383.000000
Violation: 306.000000
Violation: 544.000000
Violation: 271.000000
Violation: 418.000000
Violation: 455.000000
Violation: 1283.000000
Violation: 271.000000
Violation: 452.000000
Violation: 908.000000
Violation: 542.000000
Violation: 650.000000
Violation: 363.000000
Violation: 709.000000
Violation: 400.000000
Violation: 659.000000
Violation: 550.000000
Violation: 400.000000
Violation: 933.000000
Violation: 525.000000
Violation: 634.000000
Violation: 1100.000000
Violation: 100.000000
Violation: 1133.000000
Violation: 270.000000
Violation: 815.000000
Violation: 734.000000
Violation: 300.000000
Violation: 550.000000
Violation: 255.000000
Violation: 600.000000
Violation: 1449.000000
Violation: 717.000000
Violation: 833.000000
Violation: 633.000000
Violation: 363.000000
Violation: 914.000000
Violation: 1208.000000
Violation: 263.000000
Violation: 905.000000
Violation: 719.000000
Violation: 300.000000
Violation: 409.000000
Violation: 559.000000
Violation: 833.000000
Violation: 1334.000000
Violation: 350.000000
Violation: 1108.000000
Violation: 430.000000
Violation: 84.000000
Violation: 459.000000
Violation: 634.000000
Violation: 426.000000
Violation: 457.000000
Violation: 542.000000
Violation: 326.000000
Violation: 250.000000
Violation: 100.000000
Violation: 734.000000
Violation: 571.000000
Violation: 100.000000
Violation: 642.000000
Violation: 304.000000
Violation: 500.000000
Violation: 670.000000
Violation: 657.000000
Violation: 863.000000
Violation: 511.000000
Violation: 850.000000
Violation: 908.000000
Violation: 634.000000
Violation: 449.000000
Violation: 500.000000
Violation: 659.000000
Violation: 378.000000
Violation: 613.000000
Violation: 371.000000
Violation: 784.000000
Violation: 200.000000
Violation: 700.000000
Violation: 750.000000
Violation: 270.000000
Violation: 364.000000
Violation: 809.000000
Violation: 99.000000
Violation: 585.000000
Violation: 550.000000
Violation: 834.000000
Violation: 392.000000
Violation: 723.000000
Violation: 749.000000
Violation: 463.000000
Violation: 71.000000
Violation: 1383.000000
Violation: 1159.000000
Violation: 484.000000
Violation: 478.000000
Violation: 250.000000
Violation: 300.000000
Violation: 436.000000
Violation: 249.000000
Violation: 1200.000000
Violation: 200.000000
Violation: 173.000000
Violation: 250.000000
Violation: 207.000000
Violation: 500.000000
Violation: 541.000000
Violation: 350.000000
Violation: 566.000000
Violation: 270.000000
Violation: 371.000000
Violation: 1336.000000
Violation: 305.000000
Violation: 813.000000
Violation: 122.000000
Violation: 1086.000000
Violation: 634.000000
Violation: 1634.000000
Violation: 1280.000000
Violation: 884.000000
Violation: 537.000000
Violation: 550.000000
Violation: 476.000000
Violation: 585.000000
Violation: 200.000000
Violation: 641.000000
Violation: 285.000000
Violation: 517.000000
Violation: 428.000000
Violation: 1058.000000
Violation: 546.000000
Violation: 271.000000
Violation: 683.000000
Violation: 306.000000
Violation: 1308.000000
Violation: 1400.000000
Violation: 84.000000
Violation: 320.000000
Violation: 792.000000
Violation: 1108.000000
Violation: 909.000000
Violation: 814.000000
Violation: 100.000000
Violation: 300.000000
Violation: 363.000000
Violation: 1175.000000
Violation: 545.000000
Violation: 575.000000
Violation: 534.000000
Violation: 863.000000
Violation: 249.000000
Violation: 475.000000
Violation: 8.000000
Violation: 613.000000
Violation: 366.000000
Violation: 599.000000
Violation: 371.000000
Violation: 1133.000000
Violation: 361.000000
Violation: 633.000000
Violation: 521.000000
Violation: 463.000000
Violation: 771.000000
Violation: 907.000000
Violation: 437.000000
Violation: 641.000000
Violation: 363.000000
Violation: 613.000000
Violation: 164.000000
Violation: 1658.000000
Violation: 363.000000
Violation: 234.000000
Violation: 500.000000
Violation: 84.000000
Violation: 741.000000
Violation: 10.000000
Violation: 92.000000
Violation: 733.000000
Violation: 550.000000
Violation: 320.000000
Violation: 950.000000
Violation: 360.000000
Violation: 1086.000000
Violation: 485.000000
Violation: 734.000000
Violation: 544.000000
Violation: 378.000000
Violation: 908.000000
Violation: 771.000000
Violation: 350.000000
Violation: 385.000000
Violation: 299.000000
Violation: 648.000000
Violation: 1219.000000
Violation: 407.000000
Violation: 634.000000
Violation: 1013.000000
Violation: 650.000000
Violation: 836.000000
Violation: 696.000000
Violation: 812.000000
Violation: 1267.000000
Violation: 884.000000
Violation: 156.000000
Violation: 113.000000
Violation: 598.000000
Violation: 363.000000
Violation: 350.000000
Violation: 113.000000
Violation: 150.000000
Violation: 21.000000
Violation: 909.000000
Violation: 550.000000
Violation: 171.000000
Violation: 363.000000
Violation: 271.000000
Violation: 650.000000
Violation: 309.000000
Violation: 359.000000
Violation: 1284.000000
Violation: 159.000000
Violation: 679.000000
Violation: 1134.000000
Violation: 1072.000000
Violation: 566.000000
Violation: 1654.000000
Violation: 372.000000
Violation: 763.000000
Violation: 633.000000
Violation: 971.000000
Violation: 463.000000
Violation: 733.000000
Violation: 644.000000
Violation: 650.000000
Violation: 521.000000
Violation: 597.000000
Violation: 107.000000
Violation: 817.000000
Violation: 144.000000
Violation: 1033.000000
Violation: 834.000000
Violation: 255.000000
Violation: 948.000000
Violation: 355.000000
Violation: 805.000000
Violation: 884.000000
Violation: 211.000000
Violation: 1808.000000
Violation: 263.000000
Violation: 550.000000
Violation: 100.000000
Violation: 500.000000
Violation: 835.000000
Violation: 1133.000000
Violation: 383.000000
Violation: 918.000000
Violation: 1384.000000
Violation: 963.000000
Violation: 535.000000
Violation: 486.000000
Violation: 384.000000
Violation: 734.000000
Violation: 908.000000
Violation: 99.000000
Violation: 1075.000000
Violation: 134.000000
Violation: 300.000000
Violation: 796.000000
Violation: 863.000000
Violation: 1064.000000
Violation: 634.000000
Violation: 484.000000
Violation: 7.000000
Violation: 100.000000
Violation: 476.000000
Violation: 509.000000
Violation: 20.000000
Violation: 187.000000
Violation: 956.000000
Violation: 541.000000
Violation: 469.000000
Violation: 700.000000
Violation: 586.000000
Violation: 84.000000
Violation: 905.000000
Violation: 559.000000
Violation: 452.000000
Violation: 57.000000
Violation: 250.000000
Violation: 1076.000000
Violation: 883.000000
Violation: 713.000000
Violation: 926.000000
Violation: 285.000000
Violation: 634.000000
Violation: 1134.000000
Violation: 60.000000
Violation: 178.000000
Violation: 734.000000
Violation: 536.000000
Violation: 1133.000000
Violation: 834.000000
Violation: 719.000000
Violation: 655.000000
Violation: 997.000000
Violation: 13.000000
Violation: 671.000000
Violation: 384.000000
Violation: 1283.000000
Violation: 21.000000
Violation: 649.000000
Violation: 442.000000
Violation: 271.000000
Violation: 309.000000
Violation: 250.000000
Violation: 1159.000000
Violation: 1178.000000
Violation: 634.000000
Violation: 370.000000
Violation: 1012.000000
Violation: 521.000000
Violation: 1058.000000
Violation: 271.000000
Violation: 883.000000
Violation: 1533.000000
Violation: 211.000000
Violation: 302.000000
Violation: 801.000000
Violation: 1019.000000
Violation: 363.000000
Violation: 1559.000000
Violation: 521.000000
Violation: 289.000000
Violation: 719.000000
Violation: 541.000000
Violation: 150.000000
Violation: 844.000000
Violation: 654.000000
Violation: 403.000000
Violation: 821.000000
Violation: 678.000000
Violation: 384.000000
Violation: 934.000000
Violation: 883.000000
Violation: 231.000000
Violation: 1384.000000
Violation: 600.000000
Violation: 100.000000
Violation: 755.000000
Violation: 418.000000
Violation: 466.000000
Violation: 769.000000
Violation: 384.000000
Violation: 634.000000
Violation: 89.000000
Violation: 1000.000000
Violation: 549.000000
Violation: 1158.000000
Violation: 336.000000
Violation: 713.000000
Violation: 250.000000
Violation: 426.000000
Violation: 370.000000
Violation: 848.000000
Violation: 484.000000
Violation: 300.000000
Violation: 250.000000
Violation: 335.000000
Violation: 450.000000
Violation: 100.000000
Violation: 451.000000
Violation: 909.000000
Violation: 634.000000
Violation: 531.000000
Violation: 271.000000
Violation: 521.000000
Violation: 435.000000
Violation: 633.000000
Violation: 908.000000
Violation: 78.000000
Violation: 534.000000
Violation: 436.000000
Violation: 452.000000
Violation: 884.000000
Violation: 284.000000
Violation: 326.000000
Violation: 484.000000
Violation: 435.000000
Violation: 483.000000
Violation: 1063.000000
Violation: 734.000000
Violation: 663.000000
Violation: 207.000000
Violation: 350.000000
Violation: 350.000000
Violation: 99.000000
Violation: 783.000000
Violation: 734.000000
Violation: 442.000000
Violation: 834.000000
Violation: 335.000000
Violation: 408.000000
Violation: 159.000000
Violation: 703.000000
Violation: 571.000000
Violation: 340.000000
Violation: 909.000000
Violation: 1005.000000
Violation: 528.000000
Violation: 800.000000
Violation: 463.000000
Violation: 730.000000
Violation: 689.000000
Violation: 775.000000
Violation: 1219.000000
Violation: 409.000000
Violation: 121.000000
Violation: 749.000000
Violation: 170.000000
Violation: 509.000000
Violation: 683.000000
Violation: 1284.000000
Violation: 741.000000
Violation: 963.000000
Violation: 452.000000
Violation: 733.000000
Violation: 908.000000
Violation: 633.000000
Violation: 409.000000
Violation: 384.000000
Violation: 862.000000
Violation: 734.000000
Violation: 100.000000
Violation: 1319.000000
Violation: 784.000000
Violation: 460.000000
Violation: 834.000000
Violation: 600.000000
Violation: 700.000000
Violation: 800.000000
Violation: 1263.000000
Violation: 600.000000
Violation: 778.000000
Violation: 835.000000
Violation: 750.000000
Violation: 363.000000
Violation: 689.000000
Violation: 634.000000
Violation: 1133.000000
Violation: 1263.000000
Violation: 134.000000
Violation: 9.000000
Violation: 755.000000
Violation: 21.000000
Violation: 207.000000
Violation: 1159.000000
Violation: 1007.000000
Violation: 400.000000
Violation: 792.000000
Violation: 384.000000
Violation: 271.000000
Violation: 909.000000
Violation: 100.000000
Violation: 552.000000
Violation: 633.000000
Violation: 1134.000000
Violation: 984.000000
Violation: 178.000000
Violation: 314.000000
Violation: 500.000000
Violation: 585.000000
Violation: 541.000000
Violation: 144.000000
Violation: 633.000000
Violation: 869.000000
Violation: 309.000000
Violation: 300.000000
Violation: 856.000000
Violation: 300.000000
Violation: 833.000000
Violation: 350.000000
Violation: 984.000000
Violation: 483.000000
Violation: 883.000000
Violation: 66.000000
Violation: 928.000000
Violation: 675.000000
Violation: 400.000000
Violation: 218.000000
Violation: 586.000000
Violation: 1086.000000
Violation: 1383.000000
Violation: 484.000000
Violation: 432.000000
Violation: 777.000000
Violation: 271.000000
Violation: 909.000000
Violation: 1158.000000
Violation: 541.000000
Violation: 784.000000
Violation: 421.000000
Violation: 1134.000000
Violation: 530.000000
Violation: 825.000000
Violation: 57.000000
Violation: 1030.000000
Violation: 585.000000
Violation: 211.000000
Violation: 583.000000
Violation: 550.000000
Violation: 971.000000
Violation: 298.000000
Violation: 71.000000
Violation: 883.000000
Violation: 639.000000
Violation: 7.000000
Violation: 483.000000
Violation: 350.000000
Violation: 733.000000
Violation: 816.000000
Violation: 849.000000
Violation: 512.000000
Violation: 250.000000
Violation: 741.000000
Violation: 112.000000
Violation: 841.000000
Violation: 783.000000
Violation: 1291.000000
Violation: 809.000000
Violation: 383.000000
Violation: 932.000000
Violation: 761.000000
Violation: 984.000000
Violation: 27.000000
Violation: 642.000000
Violation: 884.000000
Violation: 634.000000
Violation: 884.000000
Violation: 426.000000
Violation: 490.000000
Violation: 335.000000
Violation: 335.000000
Violation: 326.000000
Violation: 834.000000
Violation: 366.000000
Violation: 597.000000
Violation: 530.000000
Violation: 444.000000
Violation: 790.000000
Violation: 336.000000
Violation: 633.000000
Violation: 370.000000
Violation: 200.000000
Violation: 1563.000000
Violation: 463.000000
Violation: 585.000000
Violation: 463.000000
Violation: 971.000000
Violation: 34.000000
Violation: 378.000000
Violation: 494.000000
Violation: 1191.000000
Violation: 542.000000
Violation: 606.000000
Violation: 463.000000
Violation: 483.000000
Violation: 883.000000
Violation: 100.000000
Violation: 335.000000
Violation: 521.000000
Violation: 327.000000
Violation: 750.000000
Violation: 760.000000
Violation: 144.000000
Violation: 341.000000
Violation: 171.000000
Violation: 484.000000
Violation: 187.000000
Violation: 332.000000
Violation: 657.000000
Violation: 547.000000
Violation: 863.000000
Violation: 734.000000
Violation: 500.000000
Violation: 507.000000
Violation: 478.000000
Violation: 463.000000
Violation: 450.000000
Violation: 336.000000
Violation: 685.000000
Violation: 435.000000
Violation: 83.000000
Violation: 463.000000
Violation: 384.000000
Violation: 500.000000
Violation: 904.000000
Violation: 500.000000
Violation: 306.000000
Violation: 384.000000
Violation: 487.000000
Violation: 936.000000
Violation: 1559.000000
Violation: 650.000000
Violation: 869.000000
Violation: 925.000000
Violation: 578.000000
Violation: 883.000000
Violation: 50.000000
Violation: 113.000000
Violation: 733.000000
Violation: 339.000000
Violation: 42.000000
Violation: 871.000000
Violation: 282.000000
Violation: 659.000000
Violation: 335.000000
Violation: 650.000000
Violation: 834.000000
Violation: 1050.000000
Violation: 1085.000000
Violation: 567.000000
Violation: 557.000000
Violation: 1784.000000
Violation: 534.000000
Violation: 285.000000
Violation: 400.000000
Violation: 336.000000
Violation: 1034.000000
Violation: 550.000000
Violation: 559.000000
Violation: 883.000000
Violation: 297.000000
Violation: 300.000000
Violation: 639.000000
Violation: 399.000000
Violation: 278.000000
Violation: 650.000000
Violation: 324.000000
Violation: 363.000000
Violation: 750.000000
Violation: 848.000000
Violation: 334.000000
Violation: 734.000000
Violation: 347.000000
Violation: 144.000000
Violation: 350.000000
Violation: 900.000000
Violation: 608.000000
Violation: 1033.000000
Violation: 837.000000
Violation: 813.000000
Violation: 150.000000
Violation: 207.000000
Violation: 485.000000
Violation: 1083.000000
Violation: 1028.000000
Violation: 1185.000000
Violation: 733.000000
Violation: 550.000000
Violation: 1371.000000
Violation: 900.000000
Violation: 884.000000
Violation: 128.000000
Violation: 1025.000000
Violation: 1158.000000
Violation: 103.000000
Violation: 559.000000
Violation: 18.000000
Violation: 212.000000
Violation: 574.000000
Violation: 333.000000
Violation: 926.000000
Violation: 263.000000
Violation: 350.000000
Violation: 497.000000
Violation: 1034.000000
Violation: 889.000000
Violation: 100.000000
Violation: 720.000000
Violation: 435.000000
Violation: 563.000000
Violation: 96.000000
Violation: 500.000000
Violation: 778.000000
Violation: 154.000000
Violation: 1109.000000
Violation: 722.000000
Violation: 324.000000
Violation: 713.000000
Violation: 728.000000
Violation: 500.000000
Violation: 884.000000
Violation: 871.000000
Violation: 350.000000
Violation: 371.000000
Violation: 634.000000
Violation: 178.000000
Violation: 1086.000000
Violation: 920.000000
Violation: 334.000000
Violation: 734.000000
Violation: 641.000000
Violation: 200.000000
Violation: 34.000000
Violation: 633.000000
Violation: 551.000000
Violation: 468.000000
Violation: 884.000000
Violation: 994.000000
Violation: 483.000000
Violation: 278.000000
Violation: 400.000000
Violation: 484.000000
Violation: 466.000000
Violation: 436.000000
Violation: 372.000000
Violation: 7.000000
Violation: 360.000000
Violation: 21.000000
Violation: 649.000000
Violation: 435.000000
Violation: 499.000000
Violation: 812.000000
Violation: 576.000000
Violation: 485.000000
Violation: 484.000000
Violation: 685.000000
Violation: 171.000000
Violation: 459.000000
Violation: 733.000000
Violation: 883.000000
Violation: 270.000000
Violation: 783.000000
Violation: 658.000000
Violation: 585.000000
Violation: 1134.000000
Violation: 555.000000
Violation: 559.000000
Violation: 271.000000
Violation: 584.000000
Violation: 483.000000
Violation: 821.000000
Violation: 685.000000
Violation: 357.000000
Violation: 721.000000
Violation: 963.000000
Violation: 848.000000
Violation: 1086.000000
Violation: 359.000000
Violation: 491.000000
Violation: 244.000000
Violation: 642.000000
Violation: 371.000000
Violation: 480.000000
Violation: 400.000000
Violation: 309.000000
Violation: 571.000000
Violation: 783.000000
Violation: 528.000000
Violation: 641.000000
Violation: 109.000000
Violation: 134.000000
Violation: 391.000000
Violation: 534.000000
Violation: 710.000000
Violation: 1176.000000
Violation: 1109.000000
Violation: 792.000000
Violation: 28.000000
Violation: 805.000000
Violation: 383.000000
Violation: 459.000000
Violation: 435.000000
Violation: 734.000000
Violation: 83.000000
Violation: 298.000000
Violation: 1059.000000
Violation: 400.000000
Violation: 841.000000
Violation: 563.000000
Violation: 189.000000
Violation: 549.000000
Violation: 384.000000
Violation: 791.000000
Violation: 471.000000
Violation: 1425.000000
Violation: 421.000000
Violation: 321.000000
Violation: 1134.000000
Violation: 1008.000000
Violation: 1171.000000
Violation: 309.000000
Violation: 1676.000000
Violation: 100.000000
Violation: 102.000000
Violation: 1309.000000
Violation: 631.000000
Violation: 575.000000
Violation: 448.000000
Violation: 216.000000
Violation: 733.000000
Violation: 550.000000
Violation: 758.000000
Violation: 700.000000
Violation: 834.000000
Violation: 733.000000
Violation: 399.000000
Violation: 1091.000000
Violation: 336.000000
Violation: 634.000000
Violation: 635.000000
Violation: 382.000000
Violation: 750.000000
Violation: 455.000000
Violation: 900.000000
Violation: 483.000000
Violation: 1219.000000
Violation: 437.000000
Violation: 421.000000
Violation: 325.000000
Violation: 512.000000
Violation: 756.000000
Violation: 164.000000
Violation: 700.000000
Violation: 1034.000000
Violation: 128.000000
Violation: 495.000000
Violation: 998.000000
Violation: 658.000000
Violation: 633.000000
Violation: 371.000000
Violation: 325.000000
Violation: 171.000000
Violation: 634.000000
Violation: 300.000000
Violation: 634.000000
Violation: 850.000000
Violation: 459.000000
Violation: 770.000000
Violation: 513.000000
Violation: 705.000000
Violation: 550.000000
Violation: 22.000000
Violation: 9.000000
Violation: 263.000000
Violation: 510.000000
Violation: 1085.000000
Violation: 600.000000
Violation: 1034.000000
Violation: 534.000000
Violation: 675.000000
Violation: 633.000000
Violation: 600.000000
Violation: 360.000000
Violation: 196.000000
Violation: 634.000000
Violation: 698.000000
408 16
AQUIIII!!4 54 55 18 16 0 30 41 19 53 32 21 17 20 52 36 
AQUIIII!!5 60 55 36 1 23 20 30 21 53 19 22 59 AQUIIII!!58 6 18 22 61 23 
9 3 56 1 8 7 28 5 57 24 2 10 61 
AQUIIII!!36 30 17 60 1 20 21 32 18 53 41 58 61 19 59 55 
AQUIIII!!60 36 61 58 55 30 41 53 20 18 19 1 17 59 32 21 
AQUIIII!!58 19 53 59 21 6 22 5 30 60 23 20 1 36 55 61 
AQUIIII!!5 57 AQUIIII!!10 23 8 21 7 30 23 60 2 22 6 1 9 59 56 5 1 55 22 18 28 58 3 53 24 20 61 36 
19 61 
AQUIIII!!1 30 36 41 53 32 60 21 61 18 58 59 19 55 20 17 
AQUIIII!!17 53 58 54 55 18 32 30 16 4 19 0 21 41 36 20 
AQUIIII!!36 58 21 53 18 30 20 41 19 61 17 1 59 32 60 55 
AQUIIII!!20 59 18 1 19 55 32 41 61 21 60 58 30 17 53 36 
AQUIIII!!20 36 58 1 53 32 55 61 18 41 30 21 59 19 60 17 
AQUIIII!!1 30 20 58 41 36 53 61 55 59 32 21 19 17 60 18 
AQUIIII!!21 30 22 60 55 53 56 59 58 23 1 6 8 28 5 61 
AQUIIII!!59 1 5 6 28 55 58 60 56 8 22 24 23 21 53 61 
AQUIIII!!18 17 58 55 4 53 16 20 32 36 19 0 41 59 30 21 
AQUIIII!!60 18 41 32 20 55 30 17 61 59 1 58 19 53 36 21 
AQUIIII!!61 19 6 22 59 60 53 36 30 55 58 5 23 21 20 1 
AQUIIII!!61 59 10 28 6 23 56 9 24 22 5 55 1 58 60 8 
AQUIIII!!4 54 55 18 16 0 30 41 19 53 32 AQUIIII!!21 61 17 28 20 58 52 57 36 
10 23 8 56 22 60 1 6 9 59 24 5 
AQUIIII!!18 58 59 21 60 61 17 53 41 20 30 16 55 19 32 36 
Number of Cuts in the second phase:321
Number of repeat: 297 
Violation: 147.000000
Violation: 1176.000000
Violation: 1062.000000
Violation: 684.000000
Violation: 595.000000
Violation: 1121.000000
Violation: 1029.000000
Violation: 785.000000
Violation: 313.000000
Violation: 21.000000
Violation: 100.000000
Violation: 791.000000
Violation: 292.000000
Violation: 467.000000
Violation: 249.000000
Violation: 765.000000
Violation: 500.000000
Violation: 963.000000
Violation: 250.000000
Violation: 336.000000
Violation: 593.000000
Violation: 871.000000
Violation: 671.000000
Violation: 184.000000
took 4.280824
Optimize a model with 1257 rows, 906 columns and 15511 nonzeros
Coefficient statistics:
  Matrix range     [1e+00, 4e+01]
  Objective range  [0e+00, 0e+00]
  Bounds range     [1e+00, 4e+01]
  RHS range        [1e+00, 1e+02]
Presolve removed 853 rows and 109 columns
Presolve time: 0.00s
Presolved: 404 rows, 797 columns, 9330 nonzeros

Iteration    Objective       Primal Inf.    Dual Inf.      Time
       0    0.0000000e+00   4.476255e+01   0.000000e+00      0s
     113    0.0000000e+00   0.000000e+00   0.000000e+00      0s

Solved in 113 iterations and 0.01 seconds
Optimal objective  0.000000000e+00
