j3017_4.mm_s5.txt
Academic license - for non-commercial use only
Read LP format model from file lp/j3017_4.mm.lp
Reading time = 0.01 seconds
: 351 rows, 906 columns, 9053 nonzeros
OKGPU
nThreads: 1024 , nBlocks: 12 
Number cuts generated in the phase 1: 12
Number of repeat: 4 
violation 500.000000
violation 428.000000
violation 750.000000
violation 375.000000
violation 425.000000
violation 425.000000
violation 425.000000
violation 820.000000
4992 16
AQUIIII!!49 48 45 10 AQUIIII!!46 AQUIIII!!49 2 49 10 22 33 1 15 3 48 46 25 0 45 0 22 19 47 34 1 16 19 20 33 46 34 18 2 20 48 20 13 23 33 
47 23 AQUIIII!!10 47 49 24 18 18 34 45 17 19 

17 47 15 45 34 33 48 46 20 24 16 23 10 
AQUIIII!!44 45 33 34 46 15 43 48 20 17 19 18 16 24 47 23 
AQUIIII!!49 46 47 17 16 15 18 45 23 24 34 19 44 20 48 33 
AQUIIII!!49 47 AQUIIII!!45 49 44 20 15 16 20 47 33 19 18 48 23 34 17 17 16 0 34 22 46 10 24 45 19 33 48 18 
23 46 
AQUIIII!!33 46 34 2 22 AQUIIII!!0 23 16 1 33 48 45 45 19 10 44 18 23 19 49 34 20 48 47 17 
49 18 24 46 15 20 47 
AQUIIII!!47 16 18 AQUIIII!!44 46 48 33 16 33 23 46 19 17 24 20 20 34 15 45 24 34 43 47 19 49 45 48 23 44 18 15 17 

AQUIIII!!24 18 23 19 17 AQUIIII!!20 22 44 0 49 25 34 2 46 48 33 34 47 10 48 33 45 3 15 1 16 20 
AQUIIII!!13 33 49 48 45 47 16 46 19 
34 17 18 AQUIIII!!0 23 10 20 20 19 23 48 22 46 45 33 47 15 46 16 49 34 
45 18 24 17 44 49 47 
AQUIIII!!43 23 44 34 18 48 47 33 AQUIIII!!16 17 42 19 15 20 19 24 18 46 32 15 43 45 20 
33 17 16 AQUIIII!!14 33 34 48 21 AQUIIII!!23 16 44 45 19 44 34 20 AQUIIII!!
17 17 23 18 19 16 0 32 34 10 17 43 20 20 23 23 43 33 22 14 18 45 32 42 47 21 46 18 16 49 42 21 
15 15 33 45 19 AQUIIII!!AQUIIII!!45 46 2 18 44 31 34 46 
10 
33 34 20 AQUIIII!!22 AQUIIII!!0 1 5 10 1 48 7 2 10 47 13 1 45 3 1 0 17 34 0 20 2 34 6 48 13 23 4 33 0 48 AQUIIII!!33 47 22 19 49 3 34 46 22 33 8 23 45 47 49 44 45 4 49 
AQUIIII!!19 24 33 
46 10 34 15 25 22 20 18 49 18 19 47 
49 15 10 
17 24 47 20 AQUIIII!!AQUIIII!!48 45 16 20 34 23 24 10 23 34 18 37 16 46 46 33 1 49 16 17 17 33 45 AQUIIII!!47 19 22 
49 15 49 34 15 19 46 0 AQUIIII!!48 33 48 48 49 24 20 
45 13 47 10 37 20 13 23 46 19 2 48 0 16 19 18 10 23 49 48 34 45 46 1 10 
19 45 47 17 22 
46 2 33 45 18 34 
33 47 AQUIIII!!20 49 
16 22 20 10 34 AQUIIII!!18 49 19 0 45 22 23 1 0 46 AQUIIII!!17 45 49 AQUIIII!!46 34 16 49 33 48 33 34 48 10 48 1 47 20 AQUIIII!!18 10 
2 19 48 0 37 34 4 16 47 24 5 19 47 47 6 13 17 10 3 33 45 22 34 
20 33 33 23 2 46 18 25 44 48 23 15 47 45 
13 19 
24 15 46 17 20 49 
AQUIIII!!44 45 34 15 AQUIIII!!23 47 18 16 34 42 46 19 0 33 AQUIIII!!43 1 19 32 45 17 18 20 20 45 47 17 46 22 
19 48 10 23 22 1 18 10 48 47 23 34 33 2 49 33 
0 46 20 49 
AQUIIII!!48 47 46 45 22 33 1 34 13 19 37 2 49 20 0 10 
AQUIIII!!9 44 43 27 15 17 32 16 12 41 42 11 21 39 8 14 
AQUIIII!!17 18 16 47 49 20 48 46 24 33 19 34 10 AQUIIII!!45 18 23 17 15 49 
47 45 16 46 24 48 23 34 10 33 20 15 19 
AQUIIII!!18 45 1 33 23 0 34 10 22 46 19 47 48 20 17 49 
AQUIIII!!33 20 1 2 34 45 22 18 19 23 0 47 10 46 48 49 
AQUIIII!!23 18 24 49 20 34 19 48 33 15 10 45 46 16 17 47 
AQUIIII!!15 17 33 43 32 24 AQUIIII!!18 45 34 10 12 AQUIIII!!20 42 AQUIIII!!37 1 21 10 22 19 16 23 48 49 14 18 47 18 19 45 33 0 44 22 22 13 20 1 33 2 
19 34 20 33 23 34 0 2 0 20 48 10 34 46 46 47 47 1 2 
19 46 49 49 45 48 

AQUIIII!!33 20 1 2 34 45 22 18 19 23 0 47 10 46 48 49 
AQUIIII!!13 1 33 5 4 3 2 10 22 8 AQUIIII!!6 13 31 10 AQUIIII!!7 33 22 34 31 1 0 22 34 49 AQUIIII!!13 4 
6 0 45 34 4 2 AQUIIII!!22 10 3 23 13 1 48 20 1 7 47 45 4 34 25 48 AQUIIII!!3 6 0 18 49 47 3 33 19 5 8 5 46 33 33 2 48 49 10 10 5 10 
34 6 49 25 2 37 
2 46 3 0 1 1 33 47 4 49 22 48 
0 13 49 0 
22 34 2 7 
AQUIIII!!13 34 0 4 45 3 2 47 10 46 22 48 1 33 25 49 
AQUIIII!!18 16 20 33 0 10 22 34 48 47 23 46 45 49 19 17 
AQUIIII!!45 44 20 24 46 15 16 49 47 23 34 19 17 18 33 48 
AQUIIII!!2 1 4 0 3 33 13 22 10 5 48 6 7 37 34 49 AQUIIII!!
1 22 13 34 48 4 47 46 25 0 33 2 AQUIIII!!45 16 46 3 49 10 47 49 24 
19 20 15 33 48 23 44 17 18 34 45 
AQUIIII!!49 33 18 48 24 20 10 46 23 45 17 19 16 47 34 15 
AQUIIII!!49 47 17 20 34 18 48 45 16 19 23 33 44 46 15 24 
AQUIIII!!18 24 44 33 45 34 47 19 23 49 17 20 15 AQUIIII!!16 19 48 10 46 24 
45 34 23 18 20 48 33 47 49 16 15 46 17 
AQUIIII!!23 16 34 24 33 44 17 48 45 18 19 43 20 AQUIIII!!15 24 46 17 34 47 10 
23 33 15 45 20 19 46 48 49 18 47 16 
AQUIIII!!34 14 15 23 43 45 33 32 21 42 18 17 16 44 20 19 
AQUIIII!!0 2 19 10 33 23 48 20 18 45 34 22 1 46 47 49 
AQUIIII!!43 16 34 21 19 15 AQUIIII!!18 10 33 19 32 47 23 20 46 22 20 33 42 46 17 18 45 23 44 48 
0 45 17 1 34 49 
AQUIIII!!13 10 25 3 33 45 2 0 48 47 34 4 22 1 46 49 
AQUIIII!!44 45 17 20 43 42 21 23 32 14 16 34 33 15 18 19 
AQUIIII!!49 20 16 19 24 48 34 33 18 10 23 17 47 45 15 46 
AQUIIII!!44 19 46 17 20 45 18 48 49 47 16 24 33 15 23 34 
AQUIIII!!18 47 AQUIIII!!45 20 49 19 20 17 24 1 16 23 43 10 46 34 48 22 33 2 34 19 23 18 48 15 33 45 46 44 0 47 

AQUIIII!!34 19 33 23 43 44 18 17 32 20 16 42 47 46 15 45 
AQUIIII!!2 0 3 5 1 22 13 25 47 10 33 AQUIIII!!34 10 4 3 6 13 48 22 49 25 
34 1 46 33 2 0 47 20 45 48 49 
AQUIIII!!34 1 4 5 7 48 33 6 3 13 10 22 2 0 37 49 
AQUIIII!!49 34 3 2 22 1 5 4 10 25 0 33 47 13 6 48 
AQUIIII!!49 1 48 23 18 47 33 22 34 2 10 19 45 0 46 20 
AQUIIII!!48 45 18 49 16 15 24 23 20 10 17 34 19 33 47 46 
AQUIIII!!18 17 49 47 45 16 46 24 48 23 34 10 33 20 15 19 
AQUIIII!!46 10 15 48 47 49 45 34 33 24 16 23 19 20 17 18 
AQUIIII!!49 22 48 47 10 20 19 46 45 AQUIIII!!33 24 34 44 15 1 17 0 47 18 49 23 46 2 20 
48 45 16 19 34 18 23 33 
AQUIIII!!49 4 47 33 45 46 10 1 3 13 2 48 34 25 22 0 
AQUIIII!!2 19 20 1 23 45 47 22 0 34 33 10 18 46 49 48 
AQUIIII!!18 49 46 44 15 33 34 17 20 23 24 45 47 48 16 19 
AQUIIII!!49 3 10 47 45 1 13 22 0 34 33 48 46 25 2 4 
AQUIIII!!49 48 22 5 1 33 0 3 4 47 46 AQUIIII!!2 49 10 13 48 34 25 25 34 1 
5 2 13 4 6 33 47 0 3 10 22 
AQUIIII!!49 17 0 22 48 45 1 47 10 18 33 46 34 23 20 19 
AQUIIII!!46 15 45 44 18 19 23 43 42 32 17 34 33 16 21 20 
AQUIIII!!15 45 33 24 34 49 23 46 44 19 17 20 16 18 47 48 
AQUIIII!!46 15 45 44 18 19 23 43 42 32 17 34 33 16 21 20 
AQUIIII!!15 49 48 44 24 47 18 16 19 17 20 23 34 45 33 46 
AQUIIII!!13 2 48 45 37 22 0 46 19 34 20 33 1 10 AQUIIII!!47 3 49 1 
2 48 47 0 34 10 4 13 46 33 45 25 22 49 
AQUIIII!!19 45 37 1 34 48 46 20 2 13 22 33 47 0 10 49 
AQUIIII!!46 45 15 42 47 23 16 18 44 34 20 43 32 19 17 33 
AQUIIII!!45 19 47 18 49 15 46 44 48 23 33 20 16 24 17 34 AQUIIII!!
47 17 49 16 46 33 20 34 23 18 19 24 15 10 48 45 
AQUIIII!!45 19 47 18 49 15 46 44 48 23 33 20 16 24 17 34 
AQUIIII!!45 19 47 18 49 15 46 44 48 23 33 20 16 24 17 34 
AQUIIII!!46 17 20 34 47 16 0 33 45 19 23 48 10 22 18 49 
AQUIIII!!49 15 47 18 24 AQUIIII!!34 49 23 34 33 17 46 19 3 20 22 44 47 48 48 45 46 1 16 10 
0 13 25 2 4 33 AQUIIII!!45 48 
23 34 46 0 10 22 33 47 1 20 19 18 17 45 49 
AQUIIII!!49 48 34 10 13 33 7 37 3 1 4 2 5 0 22 6 
AQUIIII!!49 48 47 13 1 20 45 22 10 3 33 25 34 2 46 0 
AQUIIII!!49 48 47 13 1 20 45 22 10 3 33 25 34 2 46 0 
AQUIIII!!47 19 18 45 49 22 33 34 23 1 20 10 48 0 46 17 
AQUIIII!!45 49 10 20 15 46 19 24 17 34 47 18 23 16 48 33 
AQUIIII!!17 46 34 48 16 24 15 19 33 23 20 44 18 49 45 47 
AQUIIII!!7 41 21 39 15 32 8 16 42 12 27 11 14 9 44 43 
AQUIIII!!13 8 4 7 34 5 1 33 6 2 0 22 31 3 10 49 
AQUIIII!!49 22 8 33 4 0 13 2 7 10 34 5 1 6 3 31 
AQUIIII!!16 45 46 20 47 33 49 19 17 48 23 44 24 34 15 18 
AQUIIII!!49 2 0 47 3 48 34 13 25 33 1 22 46 45 20 10 
AQUIIII!!43 9 44 11 41 42 12 8 21 17 39 27 15 32 14 16 
AQUIIII!!46 45 48 19 10 47 49 18 23 1 22 33 20 34 0 17 
AQUIIII!!48 20 44 46 15 18 19 23 45 33 16 47 17 43 24 34 
AQUIIII!!34 2 0 33 46 23 20 10 1 48 22 45 19 49 18 47 
AQUIIII!!16 47 24 15 17 48 43 20 33 19 23 34 18 44 46 45 
AQUIIII!!46 20 15 47 24 18 16 33 43 17 34 23 19 48 45 44 
AQUIIII!!49 10 3 2 34 47 48 5 33 13 25 1 0 46 22 4 
AQUIIII!!49 22 10 48 4 0 25 3 45 2 46 34 1 33 13 47 
AQUIIII!!49 45 47 2 AQUIIII!!10 49 46 23 3 10 20 48 33 45 13 17 1 47 48 18 34 20 0 19 25 34 22 46 
33 16 0 22 
AQUIIII!!19 49 45 33 46 10 18 15 23 17 48 47 16 20 34 24 
AQUIIII!!49 0 3 31 2 6 10 7 8 AQUIIII!!34 20 13 47 1 46 5 45 4 23 22 15 33 34 
24 33 19 16 18 49 48 44 17 
AQUIIII!!49 25 46 2 AQUIIII!!13 49 48 15 10 47 22 18 1 24 33 34 0 23 47 33 34 17 3 19 4 20 45 44 
48 45 46 16 
AQUIIII!!47 45 15 49 20 17 48 18 24 19 33 34 16 44 46 23 
AQUIIII!!49 46 47 15 24 23 16 34 10 48 33 17 18 45 20 19 
AQUIIII!!47 45 15 49 20 17 48 18 24 19 33 34 16 44 46 23 
AQUIIII!!23 20 33 1 46 48 0 34 2 18 47 19 10 45 22 49 
AQUIIII!!49 33 15 44 20 17 45 46 24 48 19 23 18 34 16 47 
AQUIIII!!49 47 13 33 45 20 22 0 25 2 34 46 1 3 10 48 
AQUIIII!!10 47 46 48 49 13 1 45 22 33 34 2 20 3 25 0 
AQUIIII!!49 25 2 3 4 33 34 22 1 48 5 47 10 13 6 0 
AQUIIII!!49 20 45 37 10 22 46 47 13 1 34 0 33 19 2 48 
AQUIIII!!49 47 48 37 20 34 10 19 22 13 0 2 33 45 1 46 
AQUIIII!!44 45 15 48 23 46 34 18 16 AQUIIII!!19 24 49 17 33 49 31 33 8 47 5 20 7 
1 2 22 4 0 6 13 34 3 10 
AQUIIII!!49 47 48 37 20 34 10 19 22 13 0 2 33 45 1 46 
AQUIIII!!19 46 48 49 47 45 33 0 23 2 1 20 10 34 18 22 
AQUIIII!!19 46 48 49 47 45 33 0 23 2 1 20 10 34 18 22 
AQUIIII!!22 47 1 33 13 3 48 10 5 4 6 25 0 34 2 49 
AQUIIII!!48 46 49 47 1 20 33 10 19 22 45 17 23 18 0 34 
AQUIIII!!47 46 48 13 25 10 1 45 34 20 22 0 3 2 49 33 
AQUIIII!!20 46 43 48 17 47 44 34 33 24 19 15 23 45 16 18 
AQUIIII!!15 44 45 49 47 17 18 33 23 24 34 19 46 20 16 48 
AQUIIII!!49 48 2 7 3 34 22 5 4 1 33 37 6 13 10 0 
AQUIIII!!34 13 46 33 3 45 1 2 25 4 10 0 48 22 47 49 
AQUIIII!!47 49 18 17 45 46 19 34 48 23 16 24 10 15 20 33 
AQUIIII!!23 47 20 2 46 19 45 10 34 48 1 33 18 22 0 49 
AQUIIII!!49 22 5 3 34 13 2 1 46 0 33 47 10 48 25 4 
AQUIIII!!20 44 19 17 32 47 18 16 46 45 34 23 43 33 42 15 
AQUIIII!!49 13 22 34 3 46 20 2 0 25 45 48 33 10 47 1 
AQUIIII!!49 48 33 13 22 0 47 20 1 46 25 3 34 2 45 10 
AQUIIII!!49 33 18 48 23 1 19 17 47 22 45 0 34 46 20 10 
AQUIIII!!49 45 10 18 48 34 0 19 46 1 23 33 47 20 22 2 
AQUIIII!!49 47 17 20 34 18 48 45 16 19 23 33 44 46 15 24 
AQUIIII!!49 20 33 19 23 17 47 48 0 46 34 10 16 18 22 45 
AQUIIII!!45 16 44 17 47 46 48 49 15 20 19 18 33 24 23 34 
AQUIIII!!45 16 44 17 47 46 48 49 15 20 19 18 33 24 23 34 
AQUIIII!!17 47 45 23 44 46 20 34 43 32 16 18 19 33 42 15 
AQUIIII!!49 10 20 34 18 33 45 22 48 47 0 46 23 2 19 1 
AQUIIII!!48 17 18 16 44 46 49 24 47 15 45 19 33 23 20 34 
AQUIIII!!17 34 47 48 45 19 15 46 49 18 24 23 44 33 20 16 
AQUIIII!!49 13 3 25 4 0 10 2 48 45 33 34 22 46 47 1 
AQUIIII!!49 22 19 45 46 37 47 1 20 33 13 0 34 48 10 2 
AQUIIII!!49 34 33 20 19 0 48 47 18 22 16 17 10 45 23 46 
AQUIIII!!49 48 18 33 47 45 23 19 22 34 20 10 0 46 17 1 
Number of Cuts in the second phase:3780
Number of repeat: 3398 
Violation: 500.000000
Violation: 928.000000
Violation: 464.000000
Violation: 642.000000
Violation: 285.000000
Violation: 570.000000
Violation: 125.000000
Violation: 285.000000
Violation: 625.000000
Violation: 428.000000
Violation: 1391.000000
Violation: 375.000000
Violation: 570.000000
Violation: 998.000000
Violation: 425.000000
Violation: 500.000000
Violation: 570.000000
Violation: 280.000000
Violation: 140.000000
Violation: 285.000000
Violation: 375.000000
Violation: 922.000000
Violation: 375.000000
Violation: 375.000000
Violation: 284.000000
Violation: 750.000000
Violation: 1000.000000
Violation: 140.000000
Violation: 570.000000
Violation: 140.000000
Violation: 375.000000
Violation: 427.000000
Violation: 721.000000
Violation: 625.000000
Violation: 284.000000
Violation: 1215.000000
Violation: 1106.000000
Violation: 140.000000
Violation: 659.000000
Violation: 605.000000
Violation: 375.000000
Violation: 30.000000
Violation: 178.000000
Violation: 140.000000
Violation: 515.000000
Violation: 178.000000
Violation: 425.000000
Violation: 375.000000
Violation: 487.000000
Violation: 625.000000
Violation: 856.000000
Violation: 1386.000000
Violation: 749.000000
Violation: 425.000000
Violation: 710.000000
Violation: 500.000000
Violation: 125.000000
Violation: 68.000000
Violation: 564.000000
Violation: 710.000000
Violation: 620.000000
Violation: 1102.000000
Violation: 497.000000
Violation: 487.000000
Violation: 106.000000
Violation: 710.000000
Violation: 140.000000
Violation: 125.000000
Violation: 788.000000
Violation: 1026.000000
Violation: 375.000000
Violation: 742.000000
Violation: 386.000000
Violation: 515.000000
Violation: 526.000000
Violation: 140.000000
Violation: 845.000000
Violation: 335.000000
Violation: 560.000000
Violation: 386.000000
Violation: 782.000000
Violation: 420.000000
Violation: 280.000000
Violation: 765.000000
Violation: 1062.000000
Violation: 848.000000
Violation: 280.000000
Violation: 284.000000
Violation: 291.000000
Violation: 280.000000
Violation: 1012.000000
Violation: 565.000000
Violation: 935.000000
Violation: 655.000000
Violation: 708.000000
Violation: 1096.000000
Violation: 625.000000
Violation: 301.000000
Violation: 375.000000
Violation: 642.000000
Violation: 708.000000
Violation: 511.000000
Violation: 570.000000
Violation: 140.000000
Violation: 1352.000000
Violation: 475.000000
Violation: 1125.000000
Violation: 1212.000000
Violation: 1030.000000
Violation: 1015.000000
Violation: 710.000000
Violation: 1420.000000
Violation: 955.000000
Violation: 140.000000
Violation: 140.000000
Violation: 458.000000
Violation: 710.000000
Violation: 722.000000
Violation: 492.000000
Violation: 749.000000
Violation: 651.000000
Violation: 782.000000
Violation: 922.000000
Violation: 425.000000
Violation: 497.000000
Violation: 515.000000
Violation: 655.000000
Violation: 246.000000
Violation: 140.000000
Violation: 140.000000
Violation: 1777.000000
Violation: 280.000000
Violation: 750.000000
Violation: 500.000000
Violation: 492.000000
Violation: 1120.000000
Violation: 1076.000000
Violation: 710.000000
Violation: 737.000000
Violation: 1025.000000
Violation: 1310.000000
Violation: 370.000000
Violation: 852.000000
Violation: 1197.000000
Violation: 178.000000
Violation: 1241.000000
Violation: 125.000000
Violation: 560.000000
Violation: 1057.000000
Violation: 280.000000
Violation: 318.000000
Violation: 280.000000
Violation: 782.000000
Violation: 1250.000000
Violation: 659.000000
Violation: 321.000000
Violation: 375.000000
Violation: 940.000000
Violation: 515.000000
Violation: 940.000000
Violation: 140.000000
Violation: 231.000000
Violation: 279.000000
Violation: 811.000000
Violation: 875.000000
Violation: 940.000000
Violation: 1207.000000
Violation: 560.000000
Violation: 862.000000
Violation: 284.000000
Violation: 737.000000
Violation: 1030.000000
Violation: 420.000000
Violation: 570.000000
Violation: 1111.000000
Violation: 710.000000
Violation: 195.000000
Violation: 386.000000
Violation: 1207.000000
Violation: 811.000000
Violation: 280.000000
Violation: 496.000000
Violation: 1152.000000
Violation: 317.000000
Violation: 565.000000
Violation: 515.000000
Violation: 470.000000
Violation: 710.000000
Violation: 481.000000
Violation: 1187.000000
Violation: 1052.000000
Violation: 425.000000
Violation: 731.000000
Violation: 637.000000
Violation: 346.000000
Violation: 742.000000
Violation: 777.000000
Violation: 731.000000
Violation: 111.000000
Violation: 1196.000000
Violation: 749.000000
Violation: 1487.000000
Violation: 140.000000
Violation: 1202.000000
Violation: 419.000000
Violation: 140.000000
Violation: 1131.000000
Violation: 777.000000
Violation: 926.000000
Violation: 655.000000
Violation: 291.000000
Violation: 500.000000
Violation: 425.000000
Violation: 962.000000
Violation: 745.000000
Violation: 250.000000
Violation: 85.000000
Violation: 637.000000
Violation: 777.000000
Violation: 225.000000
Violation: 497.000000
Violation: 1120.000000
Violation: 246.000000
Violation: 1397.000000
Violation: 637.000000
Violation: 318.000000
Violation: 140.000000
Violation: 655.000000
Violation: 386.000000
Violation: 550.000000
Violation: 521.000000
Violation: 1030.000000
Violation: 1012.000000
Violation: 510.000000
Violation: 280.000000
Violation: 1577.000000
Violation: 795.000000
Violation: 564.000000
Violation: 602.000000
Violation: 34.000000
Violation: 1386.000000
Violation: 443.000000
Violation: 659.000000
Violation: 777.000000
Violation: 280.000000
Violation: 1487.000000
Violation: 655.000000
Violation: 570.000000
Violation: 1582.000000
Violation: 526.000000
Violation: 390.000000
Violation: 405.000000
Violation: 370.000000
Violation: 1386.000000
Violation: 354.000000
Violation: 1358.000000
Violation: 561.000000
Violation: 441.000000
Violation: 867.000000
Violation: 581.000000
Violation: 1572.000000
Violation: 875.000000
Violation: 1305.000000
Violation: 562.000000
Violation: 352.000000
Violation: 487.000000
Violation: 500.000000
Violation: 140.000000
Violation: 175.000000
Violation: 570.000000
Violation: 604.000000
Violation: 400.000000
Violation: 408.000000
Violation: 390.000000
Violation: 811.000000
Violation: 280.000000
Violation: 356.000000
Violation: 352.000000
Violation: 650.000000
Violation: 386.000000
Violation: 745.000000
Violation: 655.000000
Violation: 1141.000000
Violation: 496.000000
Violation: 2142.000000
Violation: 125.000000
Violation: 799.000000
Violation: 67.000000
Violation: 1302.000000
Violation: 250.000000
Violation: 471.000000
Violation: 475.000000
Violation: 487.000000
Violation: 1030.000000
Violation: 832.000000
Violation: 495.000000
Violation: 1481.000000
Violation: 587.000000
Violation: 375.000000
Violation: 503.000000
Violation: 280.000000
Violation: 1315.000000
Violation: 848.000000
Violation: 246.000000
Violation: 922.000000
Violation: 1405.000000
Violation: 336.000000
Violation: 1297.000000
Violation: 386.000000
Violation: 837.000000
Violation: 650.000000
Violation: 458.000000
Violation: 397.000000
Violation: 922.000000
Violation: 250.000000
Violation: 510.000000
Violation: 346.000000
Violation: 475.000000
Violation: 280.000000
Violation: 420.000000
Violation: 275.000000
Violation: 373.000000
Violation: 811.000000
Violation: 33.000000
Violation: 265.000000
Violation: 525.000000
Violation: 283.000000
Violation: 1166.000000
Violation: 837.000000
Violation: 881.000000
Violation: 1862.000000
Violation: 140.000000
Violation: 419.000000
Violation: 375.000000
Violation: 616.000000
Violation: 650.000000
Violation: 1352.000000
Violation: 106.000000
Violation: 500.000000
Violation: 505.000000
Violation: 267.000000
Violation: 852.000000
Violation: 212.000000
Violation: 636.000000
Violation: 650.000000
Violation: 930.000000
Violation: 777.000000
Violation: 265.000000
Violation: 491.000000
Violation: 462.000000
Violation: 651.000000
Violation: 710.000000
Violation: 140.000000
Violation: 727.000000
Violation: 441.000000
Violation: 1062.000000
Violation: 852.000000
Violation: 335.000000
Violation: 784.000000
Violation: 805.000000
Violation: 655.000000
Violation: 690.000000
Violation: 424.000000
Violation: 460.000000
Violation: 246.000000
Violation: 375.000000
Violation: 1186.000000
Violation: 710.000000
Violation: 457.000000
Violation: 225.000000
Violation: 250.000000
Violation: 742.000000
Violation: 1047.000000
Violation: 352.000000
Violation: 441.000000
Violation: 492.000000
Violation: 140.000000
Violation: 783.000000
Violation: 1012.000000
Violation: 832.000000
Violation: 284.000000
Violation: 351.000000
took 2.897212
Optimize a model with 746 rows, 906 columns and 11312 nonzeros
Coefficient statistics:
  Matrix range     [1e+00, 4e+01]
  Objective range  [0e+00, 0e+00]
  Bounds range     [1e+00, 4e+01]
  RHS range        [1e+00, 1e+02]
Presolve removed 257 rows and 107 columns
Presolve time: 0.00s
Presolved: 489 rows, 799 columns, 9948 nonzeros

Iteration    Objective       Primal Inf.    Dual Inf.      Time
       0    0.0000000e+00   4.607505e+01   0.000000e+00      0s
     127    0.0000000e+00   0.000000e+00   0.000000e+00      0s

Solved in 127 iterations and 0.01 seconds
Optimal objective  0.000000000e+00
