j3017_4.mm_s3.txt
Academic license - for non-commercial use only
Read LP format model from file lp/j3017_4.mm.lp
Reading time = 0.01 seconds
: 351 rows, 906 columns, 9053 nonzeros
OKGPU
nThreads: 1024 , nBlocks: 12 
Number cuts generated in the phase 1: 8
Number of repeat: 2 
violation 750.000000
violation 500.000000
violation 404.000000
violation 71.000000
violation 380.000000
violation 800.000000
8592 16
AQUIIII!!16 48 46 9 45 10 AQUIIII!!27 48 44 19 7 21 32 23 25 32 23 20 10 7 46 11 11 18 25 22 13 20 
43 44 27 17 
AQUIIII!!48 46 12 18 20 7 19 43 44 23 25 22 32 28 10 17 
AQUIIII!!46 48 23 9 45 21 10 13 44 32 16 11 27 7 20 25 
AQUIIII!!29 11 14 AQUIIII!!23 9 21 27 20 22 45 44 10 23 9 25 7 46 27 7 13 43 37 13 48 32 16 10 15 20 
AQUIIII!!44 11 16 16 10 48 27 
43 32 25 23 7 13 11 46 20 22 9 AQUIIII!!48 10 
27 7 39 AQUIIII!!9 43 13 46 20 32 11 12 25 20 14 44 45 23 46 19 16 17 21 8 23 7 48 25 AQUIIII!!
18 12 22 10 28 22 48 23 
17 18 43 19 32 46 20 44 25 7 28 AQUIIII!!48 28 
6 19 44 12 20 22 23 AQUIIII!!32 10 AQUIIII!!18 9 16 43 27 10 AQUIIII!!21 8 11 23 23 46 44 46 7 7 AQUIIII!!AQUIIII!!14 17 43 25 45 46 11 13 20 25 11 22 32 25 32 16 AQUIIII!!48 AQUIIII!!9 29 27 11 22 
23 27 16 37 AQUIIII!!43 9 20 32 20 44 7 16 23 25 44 AQUIIII!!10 13 9 10 11 23 48 28 20 19 25 13 AQUIIII!!11 15 20 7 25 44 13 7 9 19 AQUIIII!!25 
22 48 25 27 46 18 18 32 46 32 7 7 9 20 39 48 10 20 12 44 7 10 14 32 44 11 43 10 AQUIIII!!25 32 23 16 23 48 13 22 10 
46 23 
23 27 17 10 27 22 9 7 16 45 13 7 17 32 AQUIIII!!13 23 20 11 43 46 27 32 43 21 44 43 46 6 22 48 11 27 27 23 39 46 46 
22 25 19 45 20 23 13 16 14 28 46 
45 25 43 32 44 21 9 44 46 48 20 23 7 27 27 13 48 46 
7 16 25 21 43 
25 8 10 18 11 11 AQUIIII!!48 22 20 AQUIIII!!43 16 48 17 
10 48 
23 6 22 13 9 18 
19 20 25 25 9 44 12 22 8 13 32 48 20 48 44 18 AQUIIII!!8 

AQUIIII!!12 48 48 46 20 46 
43 12 7 32 16 17 46 AQUIIII!!22 22 32 25 7 28 20 32 23 19 AQUIIII!!43 27 AQUIIII!!9 13 44 10 44 11 10 8 48 23 28 43 23 16 19 22 44 28 25 7 22 20 48 20 23 13 11 43 44 7 44 19 
32 20 10 25 27 25 46 22 27 43 18 23 13 48 7 8 43 23 46 46 
44 
11 32 9 17 20 19 12 22 32 48 18 18 48 
10 43 
12 20 46 19 48 17 
AQUIIII!!7 48 28 32 AQUIIII!!44 25 AQUIIII!!18 48 
48 7 13 AQUIIII!!23 23 11 9 48 28 19 11 19 43 20 14 22 22 27 45 27 20 43 13 25 46 44 37 11 17 7 23 20 19 10 25 18 12 15 46 32 25 27 32 44 10 7 16 46 
20 9 7 10 21 23 29 22 13 

43 10 
AQUIIII!!9 27 23 22 AQUIIII!!13 32 17 20 12 44 7 16 20 7 23 10 44 11 8 25 32 43 19 46 48 22 
28 43 46 25 18 48 
AQUIIII!!44 17 25 18 46 32 AQUIIII!!19 20 AQUIIII!!28 23 22 44 13 8 23 44 6 13 20 23 19 32 20 22 12 25 7 43 32 48 46 22 
25 27 11 AQUIIII!!43 43 27 19 7 20 10 23 18 27 45 11 10 48 21 18 
46 11 46 25 48 9 16 
44 13 32 7 10 48 
AQUIIII!!AQUIIII!!20 48 23 23 32 11 10 25 9 16 44 13 27 10 37 43 27 46 20 15 13 9 11 7 29 22 AQUIIII!!
45 28 21 43 7 12 14 19 16 8 48 32 
18 20 AQUIIII!!25 13 17 43 44 44 23 20 22 19 46 9 6 27 48 10 
32 22 7 11 23 25 46 48 AQUIIII!!
48 46 44 11 32 13 10 43 23 20 22 18 25 27 AQUIIII!!7 19 25 
10 19 20 43 7 17 11 44 22 32 AQUIIII!!AQUIIII!!18 48 27 16 13 23 9 46 44 48 32 10 AQUIIII!!46 22 44 48 19 
10 10 23 18 11 27 25 25 43 46 27 23 32 7 43 19 9 20 AQUIIII!!13 7 23 13 20 25 22 
7 45 44 32 16 20 11 46 23 21 AQUIIII!!20 25 
AQUIIII!!8 11 44 46 17 27 12 45 AQUIIII!!7 43 11 7 25 19 32 46 AQUIIII!!48 20 AQUIIII!!43 44 27 20 44 44 
18 7 23 21 45 22 11 16 22 20 13 23 8 21 18 43 19 25 10 10 28 25 AQUIIII!!20 8 43 44 9 17 12 7 19 7 28 22 32 32 17 7 27 32 23 12 48 46 20 10 9 18 12 22 23 27 
18 17 25 11 46 AQUIIII!!23 22 32 48 25 32 48 13 48 
8 19 46 48 
11 20 28 17 46 48 27 AQUIIII!!
46 18 
45 48 6 28 16 27 44 44 46 43 43 23 48 19 22 21 
23 7 25 32 17 14 25 7 11 48 39 18 
9 25 13 10 10 20 32 
20 19 44 46 23 
AQUIIII!!46 48 27 25 44 19 10 22 32 43 7 9 11 20 23 13 
AQUIIII!!7 10 22 20 19 11 25 27 44 43 32 13 23 18 46 48 
AQUIIII!!9 43 10 32 27 44 19 20 23 22 13 25 11 7 46 48 
AQUIIII!!39 9 14 11 16 7 27 21 10 13 20 45 46 23 25 48 AQUIIII!!
27 11 AQUIIII!!16 22 9 13 43 44 23 10 44 21 25 7 25 19 45 10 46 20 32 32 20 11 23 27 48 
17 46 18 7 48 
AQUIIII!!20 17 43 44 10 12 23 19 18 32 7 25 28 22 48 46 
AQUIIII!!20 7 32 13 AQUIIII!!46 23 43 43 44 46 27 7 10 12 22 8 AQUIIII!!25 AQUIIII!!22 48 20 18 20 18 43 32 19 18 28 19 23 19 23 17 32 25 11 7 44 28 48 17 25 32 44 44 
46 12 28 7 23 12 22 18 43 46 AQUIIII!!25 8 8 32 19 20 17 22 48 48 25 


11 10 43 16 27 23 AQUIIII!!13 44 45 20 25 23 7 27 22 9 46 46 20 13 32 9 44 AQUIIII!!48 16 48 
10 11 23 7 12 21 18 48 20 
28 44 43 32 22 25 17 46 19 10 7 
AQUIIII!!48 19 43 27 23 25 10 7 22 46 32 11 20 44 18 13 
AQUIIII!!48 7 AQUIIII!!44 48 27 12 46 22 25 25 17 17 22 8 20 28 43 7 32 23 10 46 19 44 18 19 23 20 11 32 
43 18 
AQUIIII!!48 44 18 28 22 20 23 17 19 12 6 32 46 8 AQUIIII!!25 48 43 46 
45 23 10 13 44 32 11 25 9 16 20 7 AQUIIII!!27 43 21 28 
32 19 25 17 12 22 6 23 8 46 18 20 44 48 
AQUIIII!!10 16 9 7 37 21 13 29 11 45 27 14 15 AQUIIII!!23 44 22 20 10 48 11 
25 18 32 19 7 23 17 20 27 46 AQUIIII!!48 25 46 43 7 
27 20 21 11 16 13 23 10 32 45 44 9 48 
AQUIIII!!48 46 25 9 43 22 16 32 23 7 13 27 10 11 20 44 
AQUIIII!!25 18 28 8 46 20 32 19 44 AQUIIII!!17 48 46 6 44 23 12 22 43 22 19 43 7 18 23 AQUIIII!!25 48 10 48 13 
19 32 20 20 11 18 27 
22 11 27 44 10 46 23 32 13 7 25 43 
AQUIIII!!48 12 22 17 32 23 28 25 8 46 6 19 18 AQUIIII!!43 44 44 17 20 46 
32 43 19 6 23 22 12 18 25 8 20 28 48 
AQUIIII!!48 44 10 43 20 18 11 27 17 46 25 22 19 32 7 23 
AQUIIII!!48 46 20 32 43 25 44 13 11 23 10 19 7 22 27 9 
AQUIIII!!48 16 44 23 AQUIIII!!48 7 22 46 43 25 20 11 32 44 9 27 43 25 23 10 13 11 32 46 27 22 13 16 
7 10 9 20 
AQUIIII!!48 9 10 20 46 16 7 45 14 23 25 21 13 11 39 AQUIIII!!27 22 
20 13 25 27 43 9 16 23 46 44 11 7 10 32 48 
AQUIIII!!9 32 21 20 7 13 23 25 44 AQUIIII!!45 27 11 19 16 9 AQUIIII!!27 23 48 46 43 37 10 44 9 48 16 
46 20 13 7 20 14 10 13 7 11 22 29 25 21 27 32 23 11 15 48 10 
45 
AQUIIII!!48 10 AQUIIII!!46 32 20 44 12 8 19 13 17 23 25 11 19 27 43 22 28 32 7 20 25 46 43 22 18 18 
7 23 44 48 
AQUIIII!!48 17 46 19 23 6 12 32 8 18 25 20 28 43 22 44 AQUIIII!!AQUIIII!!
48 25 20 16 25 32 20 44 44 32 10 19 11 13 46 43 7 23 13 22 27 46 7 23 9 10 27 9 
43 11 22 48 
AQUIIII!!43 23 19 11 20 32 46 25 10 27 22 44 18 7 13 48 
AQUIIII!!27 23 32 AQUIIII!!25 43 10 7 23 44 7 10 22 25 20 45 16 11 44 46 16 9 13 27 48 21 
20 13 46 11 9 32 48 
AQUIIII!!48 20 18 17 28 43 22 25 19 46 23 44 12 7 32 8 
AQUIIII!!46 48 22 19 23 25 43 11 10 18 7 32 44 20 17 27 
AQUIIII!!43 48 46 44 10 32 19 13 22 20 9 23 11 AQUIIII!!14 25 46 7 16 27 13 
9 11 21 39 45 10 20 27 23 25 7 48 
AQUIIII!!22 20 11 18 43 32 46 23 44 13 25 27 10 7 19 48 
AQUIIII!!32 22 19 17 46 43 18 23 20 27 11 44 7 25 10 48 
AQUIIII!!48 46 20 10 25 32 9 13 27 7 16 AQUIIII!!21 44 44 11 9 23 7 45 10 
20 21 23 27 45 25 11 AQUIIII!!32 46 13 16 16 20 27 48 11 46 44 
32 10 9 23 25 13 7 45 21 48 
AQUIIII!!6 25 22 17 32 20 8 19 18 43 12 28 46 44 23 48 
AQUIIII!!48 6 23 19 46 32 12 22 18 28 44 20 25 17 43 8 
AQUIIII!!48 45 23 16 21 46 9 7 11 10 AQUIIII!!25 20 32 10 27 32 AQUIIII!!13 27 48 44 46 9 20 23 27 7 
25 43 10 44 32 13 19 22 22 11 46 25 11 9 19 13 48 44 
23 43 20 7 
AQUIIII!!48 44 22 10 28 17 20 12 25 43 32 19 AQUIIII!!46 18 48 23 43 7 20 
22 25 23 13 AQUIIII!!10 48 7 16 11 11 9 46 44 20 32 9 27 27 32 19 21 46 13 
10 25 23 7 45 44 
AQUIIII!!48 11 23 21 13 20 14 9 7 46 25 45 16 27 39 10 
AQUIIII!!32 25 43 11 13 19 7 22 9 23 44 AQUIIII!!20 16 27 23 10 10 46 22 48 32 
44 7 43 20 13 46 25 11 27 9 48 
AQUIIII!!48 AQUIIII!!45 48 20 46 9 43 14 7 AQUIIII!!39 22 48 13 18 10 10 44 45 AQUIIII!!20 21 25 46 46 23 27 21 20 12 21 11 23 28 AQUIIII!!9 23 32 11 48 8 27 13 43 16 25 17 13 7 17 46 23 19 14 10 7 
11 45 16 28 23 25 46 7 32 19 27 
25 22 39 20 18 9 7 32 
44 8 48 12 16 20 
44 25 
AQUIIII!!48 44 28 17 25 12 8 23 46 18 32 22 43 6 20 19 
AQUIIII!!48 23 18 46 25 17 8 28 32 44 7 43 19 12 22 20 
AQUIIII!!16 20 27 9 11 25 7 13 46 10 45 44 32 23 21 48 
AQUIIII!!AQUIIII!!48 48 10 20 17 17 22 46 11 7 32 18 20 22 27 18 19 46 11 32 23 23 19 25 44 25 43 10 
7 43 27 44 
AQUIIII!!48 46 43 25 20 32 28 18 44 12 19 10 17 22 23 7 
AQUIIII!!48 19 6 12 25 46 44 23 22 43 17 32 20 8 18 28 
AQUIIII!!11 7 16 23 9 45 29 21 10 13 20 27 15 14 37 48 
AQUIIII!!48 6 18 12 28 44 8 19 46 17 32 43 22 25 23 20 
AQUIIII!!48 44 10 46 25 27 20 13 7 19 11 9 32 23 22 43 
AQUIIII!!48 37 11 20 10 13 29 23 7 9 21 14 16 15 27 45 
AQUIIII!!29 10 37 20 11 14 21 7 13 9 15 23 27 16 45 48 
AQUIIII!!48 17 46 10 12 32 44 43 25 28 20 18 23 22 7 AQUIIII!!19 48 
22 18 27 43 20 7 10 44 11 32 46 19 25 17 23 
AQUIIII!!48 19 23 27 10 9 43 46 20 13 22 11 7 25 44 32 
AQUIIII!!48 27 32 11 9 10 23 19 20 44 46 43 22 13 25 7 
AQUIIII!!48 46 8 12 25 32 18 6 22 28 23 44 20 19 43 17 
AQUIIII!!48 21 10 45 27 16 29 37 14 20 7 23 13 15 11 9 
AQUIIII!!48 27 21 23 46 9 25 7 13 11 16 20 44 32 10 45 
AQUIIII!!48 23 11 13 32 46 19 9 43 25 10 20 22 27 7 44 
AQUIIII!!46 48 16 9 13 27 23 39 11 20 10 45 25 14 21 7 
AQUIIII!!48 17 32 28 19 44 8 43 22 25 20 AQUIIII!!7 12 48 45 18 9 46 13 23 27 
46 25 16 20 23 7 44 32 11 21 10 
AQUIIII!!46 48 10 11 25 44 43 7 32 20 27 22 23 9 13 16 AQUIIII!!
48 11 46 22 23 43 32 7 10 20 44 17 25 19 18 27 
AQUIIII!!44 19 25 28 43 7 12 18 22 17 23 20 8 46 32 48 
AQUIIII!!48 10 7 25 11 18 44 43 20 23 19 46 32 13 27 22 
AQUIIII!!48 17 46 43 23 44 25 28 20 32 18 6 12 19 22 8 
AQUIIII!!48 32 22 46 17 25 7 43 11 27 10 23 20 18 44 19 
AQUIIII!!48 17 19 23 25 12 18 8 28 46 20 43 6 32 22 44 
AQUIIII!!7 32 43 18 20 22 AQUIIII!!46 23 48 27 46 25 44 20 10 10 11 9 19 17 11 48 44 
7 27 22 43 32 25 19 13 23 
AQUIIII!!48 9 27 11 10 23 32 20 44 46 13 45 25 7 16 21 
AQUIIII!!46 48 7 9 22 44 20 25 32 23 10 19 43 27 13 11 
AQUIIII!!48 44 21 46 45 16 9 23 13 7 32 20 10 25 11 27 
AQUIIII!!48 32 17 46 25 19 22 7 10 20 27 44 18 43 11 23 
AQUIIII!!48 45 20 32 44 10 16 27 23 46 21 13 9 25 11 7 
AQUIIII!!48 16 46 7 21 25 13 44 45 10 11 23 32 20 9 27 
AQUIIII!!48 43 46 25 23 12 18 44 7 8 22 20 32 19 17 28 
AQUIIII!!46 48 32 23 17 20 43 19 44 12 25 10 18 22 28 7 
AQUIIII!!48 25 18 6 22 19 20 28 32 46 43 12 8 17 44 23 
AQUIIII!!48 23 17 27 20 10 19 25 32 11 46 43 22 18 44 7 
AQUIIII!!48 22 10 13 46 23 9 20 16 43 32 44 7 27 25 11 
AQUIIII!!48 13 27 21 46 16 9 11 10 14 23 25 20 45 7 39 
AQUIIII!!46 48 12 19 20 23 18 17 10 22 28 43 7 25 32 44 
AQUIIII!!48 22 20 19 43 32 10 25 46 18 7 44 17 28 23 12 
AQUIIII!!48 32 6 28 8 12 23 25 22 46 20 44 17 43 18 19 
AQUIIII!!48 46 20 27 44 18 11 23 10 22 19 25 32 17 43 7 
AQUIIII!!46 48 44 6 17 20 32 8 23 12 43 25 28 22 19 18 
AQUIIII!!48 32 25 12 20 19 8 23 18 6 22 17 44 28 46 43 
AQUIIII!!48 11 22 19 10 25 27 7 43 44 46 20 13 32 18 23 
Number of Cuts in the second phase:4836
Number of repeat: 4678 
Violation: 500.000000
Violation: 228.000000
Violation: 600.000000
Violation: 687.000000
Violation: 513.000000
Violation: 500.000000
Violation: 500.000000
Violation: 71.000000
Violation: 151.000000
Violation: 200.000000
Violation: 500.000000
Violation: 500.000000
Violation: 600.000000
Violation: 229.000000
Violation: 224.000000
Violation: 295.000000
Violation: 250.000000
Violation: 531.000000
Violation: 500.000000
Violation: 500.000000
Violation: 200.000000
Violation: 200.000000
Violation: 600.000000
Violation: 600.000000
Violation: 519.000000
Violation: 1200.000000
Violation: 229.000000
Violation: 458.000000
Violation: 109.000000
Violation: 337.000000
Violation: 323.000000
Violation: 1000.000000
Violation: 200.000000
Violation: 500.000000
Violation: 400.000000
Violation: 200.000000
Violation: 600.000000
Violation: 400.000000
Violation: 200.000000
Violation: 250.000000
Violation: 302.000000
Violation: 500.000000
Violation: 229.000000
Violation: 511.000000
Violation: 1000.000000
Violation: 200.000000
Violation: 30.000000
Violation: 600.000000
Violation: 302.000000
Violation: 302.000000
Violation: 218.000000
Violation: 250.000000
Violation: 487.000000
Violation: 675.000000
Violation: 119.000000
Violation: 600.000000
Violation: 151.000000
Violation: 800.000000
Violation: 200.000000
Violation: 500.000000
Violation: 1198.000000
Violation: 500.000000
Violation: 200.000000
Violation: 200.000000
Violation: 500.000000
Violation: 71.000000
Violation: 200.000000
Violation: 250.000000
Violation: 400.000000
Violation: 500.000000
Violation: 218.000000
Violation: 531.000000
Violation: 1200.000000
Violation: 500.000000
Violation: 109.000000
Violation: 418.000000
Violation: 708.000000
Violation: 400.000000
Violation: 273.000000
Violation: 453.000000
Violation: 529.000000
Violation: 109.000000
Violation: 599.000000
Violation: 180.000000
Violation: 109.000000
Violation: 71.000000
Violation: 500.000000
Violation: 250.000000
Violation: 600.000000
Violation: 1042.000000
Violation: 1044.000000
Violation: 228.000000
Violation: 100.000000
Violation: 500.000000
Violation: 600.000000
Violation: 500.000000
Violation: 599.000000
Violation: 150.000000
Violation: 200.000000
Violation: 1000.000000
Violation: 500.000000
Violation: 400.000000
Violation: 500.000000
Violation: 700.000000
Violation: 1198.000000
Violation: 73.000000
Violation: 200.000000
Violation: 151.000000
Violation: 400.000000
Violation: 1000.000000
Violation: 747.000000
Violation: 151.000000
Violation: 456.000000
Violation: 200.000000
Violation: 100.000000
Violation: 108.000000
Violation: 400.000000
Violation: 458.000000
Violation: 412.000000
Violation: 200.000000
Violation: 49.000000
Violation: 206.000000
Violation: 500.000000
Violation: 400.000000
Violation: 224.000000
Violation: 600.000000
Violation: 1000.000000
Violation: 59.000000
Violation: 151.000000
Violation: 217.000000
Violation: 83.000000
Violation: 599.000000
Violation: 500.000000
Violation: 250.000000
Violation: 599.000000
Violation: 458.000000
Violation: 451.000000
Violation: 205.000000
Violation: 309.000000
Violation: 273.000000
Violation: 573.000000
Violation: 109.000000
Violation: 414.000000
Violation: 500.000000
Violation: 199.000000
Violation: 250.000000
Violation: 500.000000
Violation: 277.000000
Violation: 487.000000
Violation: 600.000000
Violation: 256.000000
Violation: 800.000000
Violation: 522.000000
Violation: 410.000000
Violation: 73.000000
Violation: 289.000000
Violation: 586.000000
Violation: 206.000000
408 16
AQUIIII!!46 48 6 12 19 20 25 43 8 17 23 44 18 32 28 22 
AQUIIII!!44 22 28 6 20 25 8 18 19 12 46 23 32 17 43 48 
AQUIIII!!20 23 18 17 10 19 25 11 32 7 44 46 22 27 43 48 
AQUIIII!!44 32 28 18 7 12 10 43 25 23 17 19 22 20 48 46 
AQUIIII!!48 8 22 25 20 44 46 18 23 12 32 28 43 19 6 17 
AQUIIII!!13 10 23 46 18 27 22 43 11 44 20 32 25 19 7 48 
AQUIIII!!32 46 12 25 23 43 44 28 22 8 7 20 19 17 18 48 
AQUIIII!!48 16 9 13 7 43 46 25 27 20 44 11 22 10 32 23 
AQUIIII!!48 13 45 21 27 23 9 37 29 14 11 10 16 7 20 15 
AQUIIII!!48 27 11 25 20 43 10 7 17 19 23 22 32 18 44 46 
AQUIIII!!48 22 46 32 11 23 13 20 27 44 10 9 25 19 43 7 
AQUIIII!!46 48 10 18 27 11 20 32 25 19 44 7 13 23 43 22 
Number of Cuts in the second phase:243
Number of repeat: 240 
Violation: 100.000000
Violation: 400.000000
Violation: 108.000000
took 3.535440
Optimize a model with 525 rows, 906 columns and 9787 nonzeros
Coefficient statistics:
  Matrix range     [1e+00, 4e+01]
  Objective range  [0e+00, 0e+00]
  Bounds range     [1e+00, 4e+01]
  RHS range        [1e+00, 1e+02]
Presolve removed 286 rows and 109 columns
Presolve time: 0.01s
Presolved: 239 rows, 797 columns, 8450 nonzeros

Iteration    Objective       Primal Inf.    Dual Inf.      Time
       0    0.0000000e+00   4.408044e+01   0.000000e+00      0s
     130    0.0000000e+00   0.000000e+00   0.000000e+00      0s

Solved in 130 iterations and 0.01 seconds
Optimal objective  0.000000000e+00
