j3017_4.mm_s0.txt
Academic license - for non-commercial use only
Read LP format model from file lp/j3017_4.mm.lp
Reading time = 0.01 seconds
: 351 rows, 906 columns, 9053 nonzeros
OKGPU
nThreads: 1024 , nBlocks: 12 
Number cuts generated in the phase 1: 13
Number of repeat: 0 
violation 714.000000
violation 695.000000
violation 185.000000
violation 585.000000
violation 236.000000
violation 674.000000
violation 674.000000
violation 782.000000
violation 423.000000
violation 27.000000
violation 198.000000
violation 402.000000
violation 750.000000
6996 16
1 5 5 47 23 35 4 56 16 55 48 4 17 1 33 27 26 16 2 37 9 10 10 33 37 2 

AQUIIII!!20 6 34 23 54 36 57 3 7 50 19 44 18 AQUIIII!!52 33 53 4 8 59 
2 AQUIIII!!23 57 5 18 16 8 51 6 37 7 9 52 17 50 26 44 10 19 48 3 49 34 1 36 
23 58 53 20 
AQUIIII!!18 36 6 7 34 8 33 AQUIIII!!3 51 50 20 51 49 52 19 19 36 20 18 23 17 54 33 49 23 
3 7 34 8 48 6 54 
AQUIIII!!33 3 20 23 51 19 52 6 49 18 7 50 34 36 8 54 
AQUIIII!!23 5 1 17 2 4 48 16 10 37 49 AQUIIII!!33 AQUIIII!!4 54 26 3 49 9 51 5 54 50 AQUIIII!!49 51 6 7 9 
33 36 8 18 17 49 8 16 3 20 23 19 7 23 36 48 34 19 6 20 3 43 34 50 48 18 26 51 23 36 
52 10 33 AQUIIII!!AQUIIII!!6 51 6 AQUIIII!!54 54 54 7 54 18 
AQUIIII!!
18 36 3 AQUIIII!!51 19 34 49 23 11 19 18 36 3 13 8 20 20 48 19 58 49 48 19 6 6 33 31 23 34 34 57 23 17 50 7 21 36 8 23 51 36 14 51 34 18 51 33 38 17 20 8 12 6 7 16 7 33 56 50 3 AQUIIII!!52 
37 
44 54 8 55 49 54 18 34 
34 53 15 AQUIIII!!36 3 47 31 49 8 0 6 31 
52 8 48 
17 3 36 51 7 16 51 7 18 6 23 3 19 48 17 16 54 49 
23 AQUIIII!!19 48 34 10 54 6 
16 36 3 49 17 7 9 51 8 23 26 43 54 AQUIIII!!
54 AQUIIII!!49 54 51 19 50 52 6 33 23 18 3 8 49 20 34 7 33 36 19 18 3 8 34 20 48 23 50 
6 51 36 7 
AQUIIII!!3 51 8 49 48 18 6 36 31 17 7 34 19 23 16 54 
AQUIIII!!2 33 23 26 AQUIIII!!9 18 AQUIIII!!48 4 54 49 16 5 51 7 17 50 6 49 16 33 31 18 49 8 36 20 37 7 6 1 36 AQUIIII!!3 19 AQUIIII!!51 48 3 54 17 8 34 10 3 48 10 26 23 51 23 6 26 
17 54 19 5 23 34 
7 36 10 8 16 51 49 17 49 54 36 51 
48 AQUIIII!!16 4 8 31 3 18 18 6 
51 23 44 43 AQUIIII!!36 9 52 34 54 54 36 7 AQUIIII!!48 51 50 
AQUIIII!!4 18 34 6 49 18 53 52 7 7 5 3 3 3 26 50 20 34 23 9 6 23 51 36 20 8 19 50 51 44 53 6 19 48 
54 8 16 AQUIIII!!AQUIIII!!AQUIIII!!
23 51 3 9 17 52 34 51 10 7 53 49 49 17 3 7 19 17 23 51 8 20 36 43 44 9 AQUIIII!!36 48 6 52 43 33 18 10 54 50 49 54 
5 17 18 36 
26 48 23 6 16 6 19 16 4 20 23 AQUIIII!!26 43 36 49 8 5 6 3 3 19 23 3 6 49 48 3 23 54 10 54 26 36 
54 
7 48 
33 7 8 51 20 51 23 34 18 54 10 
36 6 16 31 17 AQUIIII!!54 26 
9 51 6 3 49 10 5 AQUIIII!!49 48 3 17 48 16 51 7 36 43 20 34 36 18 23 33 54 54 
8 6 23 7 17 19 
AQUIIII!!54 AQUIIII!!37 52 16 54 5 8 4 50 48 19 9 57 2 18 23 36 1 44 6 17 33 3 53 26 23 51 49 7 20 10 34 

AQUIIII!!21 59 47 33 13 15 0 38 37 14 55 2 12 56 34 1 
AQUIIII!!52 53 3 18 34 54 7 44 36 23 50 51 6 19 20 8 
AQUIIII!!59 9 21 5 47 35 56 55 4 1 27 16 37 10 33 2 
AQUIIII!!26 36 23 6 10 7 16 17 54 8 43 9 51 48 3 49 
AQUIIII!!26 36 23 6 10 7 16 17 54 8 43 9 51 48 3 49 
AQUIIII!!10 16 7 17 26 9 23 8 3 49 6 43 36 54 48 51 
AQUIIII!!53 3 8 54 AQUIIII!!48 7 10 52 49 50 4 36 36 44 43 51 18 3 19 6 23 23 34 16 5 57 9 20 26 6 17 
54 
AQUIIII!!4 17 27 5 23 16 49 37 59 33 2 10 56 9 48 1 
AQUIIII!!AQUIIII!!8 48 31 49 34 3 23 17 18 23 34 16 51 31 3 54 18 36 6 8 17 7 19 48 7 36 16 6 49 
19 51 54 
AQUIIII!!54 37 49 16 23 10 33 51 5 2 9 17 1 26 48 4 
AQUIIII!!34 20 8 7 33 19 50 36 51 6 3 18 49 48 23 54 
AQUIIII!!36 AQUIIII!!8 2 34 4 6 33 33 1 49 55 48 9 20 16 17 35 3 AQUIIII!!10 7 49 AQUIIII!!56 51 18 33 19 5 33 51 18 27 36 3 23 47 19 19 AQUIIII!!54 37 49 6 20 
59 53 20 51 52 21 7 7 33 
36 36 34 38 6 8 57 50 19 23 50 8 20 34 23 12 3 0 34 AQUIIII!!17 14 52 51 13 AQUIIII!!48 58 23 49 18 54 11 49 33 54 
18 
9 
20 2 48 5 34 16 50 3 33 4 3 26 7 23 19 10 8 48 36 51 6 43 54 17 AQUIIII!!
54 10 
36 43 AQUIIII!!23 6 3 16 4 36 6 AQUIIII!!7 48 43 51 51 16 8 26 6 49 5 3 23 49 26 31 17 17 26 16 9 10 9 23 48 54 36 3 
17 AQUIIII!!5 53 18 51 52 54 21 10 33 
48 12 58 49 37 4 57 54 14 47 
0 15 34 11 38 13 
AQUIIII!!54 20 51 50 36 23 44 3 18 19 8 34 52 7 53 6 
AQUIIII!!54 52 6 53 23 7 50 57 8 36 3 19 18 34 44 20 
AQUIIII!!59 21 33 15 9 10 5 2 27 56 35 AQUIIII!!1 51 4 53 AQUIIII!!55 8 37 54 54 52 47 18 
50 6 53 44 23 52 7 7 50 19 34 57 8 3 23 36 3 20 19 6 36 18 34 
44 20 
AQUIIII!!58 13 14 12 11 47 0 55 33 15 56 38 34 37 21 59 
AQUIIII!!49 23 3 16 43 36 17 48 26 9 8 7 10 51 6 54 
AQUIIII!!54 9 48 8 43 51 6 AQUIIII!!7 50 36 3 26 3 54 10 52 49 49 17 51 16 23 36 
19 20 23 34 6 18 8 7 33 
AQUIIII!!8 36 51 3 6 49 20 48 19 23 34 7 18 33 17 54 
AQUIIII!!54 49 18 33 20 6 34 AQUIIII!!54 48 23 7 10 23 33 8 48 51 49 36 26 19 5 50 16 3 1 
17 2 4 51 37 9 
AQUIIII!!54 49 18 33 20 6 34 48 7 23 8 51 36 19 50 3 
AQUIIII!!6 34 19 3 36 53 20 18 AQUIIII!!54 49 3 7 48 44 4 50 17 23 9 6 8 5 51 23 52 51 10 
36 AQUIIII!!54 37 43 26 23 16 51 
4 16 AQUIIII!!5 20 9 36 59 19 10 18 33 50 17 7 26 49 2 23 49 34 1 54 48 33 
6 3 51 8 52 
AQUIIII!!AQUIIII!!5 37 9 23 6 51 16 4 48 16 3 5 10 9 4 59 36 10 43 33 26 17 51 26 17 2 23 49 54 1 49 48 

AQUIIII!!50 18 23 7 36 AQUIIII!!8 36 19 51 6 23 53 18 3 48 57 19 8 34 AQUIIII!!44 16 20 52 3 33 20 49 52 54 7 18 
6 6 31 7 34 3 17 51 54 49 
8 34 50 19 23 36 54 
AQUIIII!!21 59 13 1 4 37 55 56 38 2 15 33 47 5 34 14 
AQUIIII!!48 49 54 17 7 16 3 23 10 31 26 6 AQUIIII!!51 20 18 52 8 58 36 53 
18 8 36 22 44 7 19 50 34 57 11 6 
AQUIIII!!51 8 36 26 9 10 AQUIIII!!6 54 48 20 6 49 36 17 34 43 51 16 3 3 33 23 49 7 18 54 48 
8 AQUIIII!!19 19 23 8 7 48 17 51 
34 20 36 6 7 49 17 3 18 33 23 54 
AQUIIII!!54 7 18 44 23 50 20 6 8 36 AQUIIII!!52 20 19 52 34 AQUIIII!!53 58 3 50 53 57 18 18 
36 8 19 36 34 22 51 44 20 7 8 19 23 50 7 34 6 44 57 52 11 53 6 3 
54 
AQUIIII!!50 23 52 3 36 8 18 44 34 AQUIIII!!53 49 20 19 19 8 6 52 7 50 54 36 51 7 
3 18 20 33 34 23 AQUIIII!!6 49 54 2 51 
51 4 26 9 33 5 3 16 17 48 43 23 10 54 
AQUIIII!!22 50 57 7 11 6 36 44 18 8 34 53 19 52 58 20 
AQUIIII!!16 26 9 48 AQUIIII!!36 51 49 8 AQUIIII!!17 AQUIIII!!36 54 51 7 48 3 43 8 AQUIIII!!23 9 5 53 54 6 48 3 18 36 50 6 36 20 20 23 49 26 3 34 10 19 23 34 19 4 18 17 8 23 54 33 6 18 
51 34 50 51 3 20 7 49 50 44 3 10 36 53 7 43 44 23 54 6 7 19 
52 16 52 54 AQUIIII!!8 51 
17 6 

48 9 49 10 3 36 8 51 23 6 7 26 43 16 54 
AQUIIII!!48 33 4 37 5 26 2 49 1 16 10 23 17 54 9 51 AQUIIII!!
26 17 AQUIIII!!5 7 49 23 23 49 6 51 10 6 48 20 3 33 36 18 16 3 9 50 43 8 7 34 54 19 51 52 
36 54 
AQUIIII!!54 33 48 4 10 43 5 3 23 49 51 17 16 9 2 26 
AQUIIII!!8 51 52 44 7 3 34 20 50 19 54 53 36 AQUIIII!!23 51 6 54 49 18 8 
36 26 16 31 23 17 18 7 6 3 48 10 
AQUIIII!!8 20 50 19 AQUIIII!!23 49 34 3 49 48 5 7 7 33 9 18 54 6 23 36 26 16 54 10 51 6 3 43 48 51 17 
36 
AQUIIII!!51 54 49 8 36 26 16 31 23 17 18 7 6 3 48 10 
AQUIIII!!48 7 20 33 8 36 3 51 23 19 49 34 6 18 17 54 
AQUIIII!!54 53 36 7 8 44 52 19 3 20 34 18 57 6 23 50 
AQUIIII!!54 17 31 26 36 16 AQUIIII!!AQUIIII!!18 23 54 54 3 51 5 4 49 48 8 10 43 51 1 4 6 23 3 48 2 23 16 7 33 10 49 2 
9 17 48 51 5 16 26 10 33 49 17 26 37 9 

AQUIIII!!54 53 36 AQUIIII!!7 48 54 8 16 44 9 52 51 19 2 3 10 20 3 34 49 18 4 57 26 6 23 23 33 50 43 
5 17 
AQUIIII!!54 51 4 10 1 23 2 16 49 9 48 5 26 33 17 37 
AQUIIII!!3 53 52 18 44 8 34 20 23 36 6 50 7 51 54 19 
AQUIIII!!58 20 52 50 33 34 15 12 11 57 14 38 36 13 53 0 
AQUIIII!!48 9 1 33 5 23 4 26 10 37 17 16 2 49 51 54 
AQUIIII!!54 5 17 48 3 4 43 51 16 10 6 AQUIIII!!49 8 23 7 36 52 26 53 9 19 
36 44 18 3 50 23 57 20 6 34 54 
AQUIIII!!54 3 19 51 49 48 31 8 17 36 23 16 AQUIIII!!7 54 18 10 34 6 6 43 
4 3 31 9 51 26 48 16 17 23 5 49 
AQUIIII!!36 17 3 18 34 51 33 20 23 48 19 49 8 54 7 6 
AQUIIII!!54 49 48 51 3 19 7 36 34 23 18 33 17 20 6 8 
AQUIIII!!6 52 8 50 19 7 53 36 20 34 3 AQUIIII!!54 44 20 18 34 23 6 57 51 54 19 
33 18 36 52 50 3 8 49 7 23 
AQUIIII!!51 49 54 48 7 43 AQUIIII!!16 20 3 53 17 52 23 23 10 57 36 3 26 50 6 18 9 8 5 7 
54 36 6 44 19 34 
AQUIIII!!51 49 54 48 7 43 16 3 17 23 10 36 26 6 9 5 
AQUIIII!!33 49 51 50 7 6 34 18 36 8 20 23 19 3 54 52 
AQUIIII!!54 18 48 16 3 17 6 51 31 AQUIIII!!7 33 23 49 36 51 49 19 50 8 7 34 6 
34 18 36 8 20 23 19 3 54 52 
AQUIIII!!18 3 8 7 AQUIIII!!51 54 50 43 6 23 19 48 34 4 23 51 36 3 54 5 44 10 52 6 20 36 53 9 
49 26 16 AQUIIII!!17 9 
48 36 5 51 3 AQUIIII!!49 54 23 7 10 48 17 8 4 19 6 3 43 17 18 26 51 16 23 54 49 
6 20 33 34 36 
AQUIIII!!2 26 51 4 43 33 23 48 5 3 10 16 49 9 17 54 
AQUIIII!!54 50 3 36 8 33 34 AQUIIII!!6 54 18 49 7 23 52 3 7 10 20 19 48 51 9 
16 51 AQUIIII!!52 43 53 6 20 17 0 49 18 13 23 19 36 33 8 34 26 12 58 
11 57 50 36 38 
AQUIIII!!21 59 5 1 56 14 2 15 38 33 37 47 34 13 4 55 
AQUIIII!!AQUIIII!!54 54 20 8 18 31 19 23 8 48 3 16 48 19 17 17 6 3 49 7 33 34 51 18 34 51 23 36 7 6 36 49 

AQUIIII!!54 43 4 3 9 17 48 23 33 26 51 49 5 10 2 16 
AQUIIII!!54 51 20 18 3 19 AQUIIII!!54 53 31 8 7 6 6 19 51 50 49 AQUIIII!!44 18 36 54 52 48 33 7 23 17 7 34 16 36 34 36 3 19 23 8 
6 
20 50 49 3 AQUIIII!!34 54 51 2 23 49 18 48 8 48 9 
23 4 26 17 43 51 AQUIIII!!54 5 4 3 43 10 10 16 3 23 33 5 
48 9 36 49 6 16 26 17 51 AQUIIII!!
54 31 6 26 23 18 8 48 3 17 36 10 16 51 AQUIIII!!49 54 7 
16 51 6 5 49 23 9 3 17 AQUIIII!!10 54 26 51 48 20 43 18 4 3 36 19 
53 8 6 50 44 52 7 34 36 23 
AQUIIII!!8 52 53 11 57 50 18 19 44 36 0 34 58 20 38 7 
AQUIIII!!59 21 47 0 56 11 37 1 33 34 14 13 55 12 38 15 
AQUIIII!!51 53 8 54 18 50 44 52 7 19 34 3 23 20 6 36 
AQUIIII!!48 54 23 36 8 49 34 17 3 6 33 19 51 18 7 20 
AQUIIII!!8 16 48 19 3 49 18 34 31 36 6 7 23 51 17 54 
AQUIIII!!59 21 37 12 56 13 47 0 33 55 1 2 15 34 14 38 
AQUIIII!!58 20 52 50 36 34 57 14 13 0 38 53 12 33 11 19 
AQUIIII!!58 20 52 13 34 53 50 33 14 36 0 12 57 11 AQUIIII!!19 54 38 49 
48 51 3 19 7 36 34 23 18 33 AQUIIII!!17 20 20 52 6 58 8 13 
12 34 38 14 33 36 50 AQUIIII!!19 8 11 52 53 53 57 11 0 57 
50 18 19 44 36 AQUIIII!!0 54 34 50 58 53 20 3 38 44 7 8 
7 23 19 20 18 34 52 6 36 51 
AQUIIII!!52 20 58 18 53 57 8 44 3 7 23 34 36 50 6 19 
AQUIIII!!54 48 18 3 36 8 49 AQUIIII!!54 23 3 17 18 19 16 6 34 51 8 20 19 34 31 7 17 33 51 
7 36 6 49 48 23 
AQUIIII!!54 48 18 3 36 8 49 23 17 19 6 51 20 34 7 33 
AQUIIII!!48 54 51 9 6 36 5 26 10 49 23 16 7 43 3 17 
AQUIIII!!54 20 3 49 34 36 7 6 8 48 51 19 33 18 50 23 AQUIIII!!
54 51 23 10 36 48 16 6 3 26 17 49 7 9 5 43 
AQUIIII!!48 54 51 9 6 36 5 26 10 49 23 16 7 43 3 17 
AQUIIII!!47 0 53 38 37 13 34 15 58 33 55 21 57 14 11 12 
AQUIIII!!54 20 50 8 7 51 49 23 34 52 36 19 18 33 6 3 
AQUIIII!!54 8 20 19 44 18 52 3 36 34 50 6 7 53 23 51 
AQUIIII!!54 17 33 23 7 34 36 AQUIIII!!19 54 49 5 48 10 6 49 18 17 8 26 51 43 3 20 16 
36 7 3 23 9 51 6 48 
AQUIIII!!44 19 3 6 7 20 23 18 50 8 34 36 51 54 53 52 
AQUIIII!!44 19 3 6 7 20 23 18 50 8 AQUIIII!!34 54 10 36 18 51 16 3 54 48 53 31 52 36 23 
8 7 17 26 49 6 51 
AQUIIII!!54 37 10 49 5 26 4 9 2 33 1 16 48 17 23 51 
AQUIIII!!43 16 3 5 23 17 51 AQUIIII!!54 26 49 7 36 51 6 9 3 9 26 48 16 6 10 10 17 36 48 54 23 5 49 4 43 

AQUIIII!!7 36 51 49 23 10 5 17 26 16 3 43 6 9 48 54 
AQUIIII!!54 7 3 34 52 51 53 6 8 36 44 23 18 50 19 20 
AQUIIII!!54 18 6 51 3 48 8 7 10 26 36 31 23 16 17 49 
AQUIIII!!49 3 48 51 36 20 34 18 33 54 8 6 23 7 17 19 
AQUIIII!!52 7 53 18 34 8 44 19 23 3 6 50 36 20 57 58 
AQUIIII!!54 18 57 44 8 53 50 3 23 52 6 19 36 20 34 7 
AQUIIII!!48 AQUIIII!!54 54 4 31 10 51 33 8 3 51 49 43 23 16 36 26 17 9 6 23 34 5 2 16 49 AQUIIII!!3 17 54 7 
19 19 AQUIIII!!20 48 52 20 23 18 53 33 
50 34 38 58 49 19 18 11 6 57 AQUIIII!!44 36 54 36 49 8 18 3 7 3 34 19 52 0 7 50 8 20 
7 34 51 48 
23 33 6 8 50 36 51 18 
AQUIIII!!54 20 50 33 49 7 18 51 36 19 23 6 48 8 34 3 
AQUIIII!!47 0 37 34 21 14 53 58 55 15 38 13 57 11 33 12 
AQUIIII!!54 49 3 19 7 20 34 48 23 33 6 8 50 36 51 18 
AQUIIII!!54 17 49 51 34 8 18 7 19 48 36 6 20 33 23 3 
AQUIIII!!51 54 34 20 49 36 19 6 33 18 23 52 7 8 50 3 
AQUIIII!!20 53 58 36 34 50 7 18 8 6 52 57 22 19 44 11 
AQUIIII!!54 16 6 26 9 4 10 17 5 49 48 3 51 36 23 43 
AQUIIII!!54 23 7 10 49 26 3 16 17 18 31 51 6 36 48 8 
AQUIIII!!59 9 21 4 15 33 37 1 5 34 47 14 2 55 27 56 
AQUIIII!!58 20 53 0 34 38 50 33 19 14 12 11 13 57 52 36 
AQUIIII!!54 10 37 48 23 2 1 4 16 49 5 51 26 9 17 33 
AQUIIII!!54 51 17 7 23 10 43 5 49 3 9 48 36 6 AQUIIII!!26 54 16 23 
10 31 AQUIIII!!6 59 8 21 36 14 26 AQUIIII!!12 7 54 13 48 6 47 18 7 49 0 52 17 56 20 16 19 37 3 36 34 51 18 
55 8 58 34 51 33 3 38 50 15 23 44 11 53 

AQUIIII!!54 51 17 7 23 10 43 5 AQUIIII!!49 21 3 59 9 15 48 0 36 33 6 47 26 37 16 14 
34 56 2 38 13 55 1 12 
AQUIIII!!43 48 23 51 10 17 4 6 16 36 49 26 5 54 3 9 
AQUIIII!!54 51 16 49 36 17 48 3 AQUIIII!!26 9 1 23 48 10 10 7 16 6 5 5 59 43 2 
17 55 9 4 56 27 23 33 37 
AQUIIII!!49 48 54 36 7 6 23 16 51 AQUIIII!!26 54 43 49 9 8 7 3 18 17 20 10 
3 36 51 48 34 8 23 6 19 33 17 
AQUIIII!!54 3 51 49 19 18 6 23 48 34 17 7 33 8 20 36 
AQUIIII!!54 49 7 18 20 3 36 51 48 34 8 23 6 19 33 17 
AQUIIII!!54 23 17 36 51 19 6 18 20 34 3 49 48 33 7 8 
AQUIIII!!20 54 53 3 52 6 8 34 23 18 50 19 7 36 57 44 
Number of Cuts in the second phase:5458
Number of repeat: 4892 
Violation: 606.000000
Violation: 278.000000
Violation: 1285.000000
Violation: 571.000000
Violation: 569.000000
Violation: 93.000000
Violation: 399.000000
Violation: 178.000000
Violation: 293.000000
Violation: 428.000000
Violation: 641.000000
Violation: 297.000000
Violation: 5.000000
Violation: 452.000000
Violation: 570.000000
Violation: 358.000000
Violation: 250.000000
Violation: 293.000000
Violation: 293.000000
Violation: 695.000000
Violation: 934.000000
Violation: 1176.000000
Violation: 348.000000
Violation: 409.000000
Violation: 76.000000
Violation: 585.000000
Violation: 1269.000000
Violation: 269.000000
Violation: 586.000000
Violation: 482.000000
Violation: 293.000000
Violation: 92.000000
Violation: 1250.000000
Violation: 390.000000
Violation: 701.000000
Violation: 193.000000
Violation: 1668.000000
Violation: 1.000000
Violation: 142.000000
Violation: 701.000000
Violation: 500.000000
Violation: 348.000000
Violation: 570.000000
Violation: 1064.000000
Violation: 821.000000
Violation: 344.000000
Violation: 296.000000
Violation: 586.000000
Violation: 65.000000
Violation: 696.000000
Violation: 197.000000
Violation: 1361.000000
Violation: 206.000000
Violation: 594.000000
Violation: 13.000000
Violation: 296.000000
Violation: 620.000000
Violation: 185.000000
Violation: 176.000000
Violation: 124.000000
Violation: 145.000000
Violation: 212.000000
Violation: 842.000000
Violation: 940.000000
Violation: 503.000000
Violation: 674.000000
Violation: 674.000000
Violation: 364.000000
Violation: 216.000000
Violation: 641.000000
Violation: 929.000000
Violation: 464.000000
Violation: 419.000000
Violation: 676.000000
Violation: 1000.000000
Violation: 130.000000
Violation: 103.000000
Violation: 103.000000
Violation: 298.000000
Violation: 673.000000
Violation: 93.000000
Violation: 168.000000
Violation: 212.000000
Violation: 642.000000
Violation: 610.000000
Violation: 679.000000
Violation: 382.000000
Violation: 305.000000
Violation: 804.000000
Violation: 491.000000
Violation: 566.000000
Violation: 952.000000
Violation: 575.000000
Violation: 94.000000
Violation: 142.000000
Violation: 428.000000
Violation: 22.000000
Violation: 573.000000
Violation: 773.000000
Violation: 124.000000
Violation: 550.000000
Violation: 404.000000
Violation: 562.000000
Violation: 497.000000
Violation: 154.000000
Violation: 1284.000000
Violation: 573.000000
Violation: 142.000000
Violation: 254.000000
Violation: 188.000000
Violation: 1028.000000
Violation: 586.000000
Violation: 315.000000
Violation: 304.000000
Violation: 788.000000
Violation: 1505.000000
Violation: 1575.000000
Violation: 92.000000
Violation: 571.000000
Violation: 315.000000
Violation: 499.000000
Violation: 390.000000
Violation: 291.000000
Violation: 121.000000
Violation: 584.000000
Violation: 660.000000
Violation: 301.000000
Violation: 269.000000
Violation: 562.000000
Violation: 320.000000
Violation: 1268.000000
Violation: 104.000000
Violation: 571.000000
Violation: 49.000000
Violation: 630.000000
Violation: 233.000000
Violation: 958.000000
Violation: 252.000000
Violation: 738.000000
Violation: 1097.000000
Violation: 399.000000
Violation: 92.000000
Violation: 93.000000
Violation: 934.000000
Violation: 960.000000
Violation: 384.000000
Violation: 89.000000
Violation: 249.000000
Violation: 406.000000
Violation: 355.000000
Violation: 676.000000
Violation: 185.000000
Violation: 517.000000
Violation: 280.000000
Violation: 750.000000
Violation: 440.000000
Violation: 581.000000
Violation: 528.000000
Violation: 1160.000000
Violation: 459.000000
Violation: 196.000000
Violation: 518.000000
Violation: 278.000000
Violation: 451.000000
Violation: 816.000000
Violation: 500.000000
Violation: 461.000000
Violation: 837.000000
Violation: 1478.000000
Violation: 696.000000
Violation: 673.000000
Violation: 104.000000
Violation: 402.000000
Violation: 1076.000000
Violation: 468.000000
Violation: 1760.000000
Violation: 821.000000
Violation: 570.000000
Violation: 827.000000
Violation: 888.000000
Violation: 674.000000
Violation: 840.000000
Violation: 251.000000
Violation: 54.000000
Violation: 1174.000000
Violation: 798.000000
Violation: 594.000000
Violation: 370.000000
Violation: 121.000000
Violation: 55.000000
Violation: 388.000000
Violation: 304.000000
Violation: 92.000000
Violation: 934.000000
Violation: 1268.000000
Violation: 386.000000
Violation: 1032.000000
Violation: 573.000000
Violation: 348.000000
Violation: 59.000000
Violation: 818.000000
Violation: 582.000000
Violation: 520.000000
Violation: 308.000000
Violation: 1091.000000
Violation: 608.000000
Violation: 480.000000
Violation: 677.000000
Violation: 298.000000
Violation: 249.000000
Violation: 667.000000
Violation: 239.000000
Violation: 584.000000
Violation: 279.000000
Violation: 198.000000
Violation: 94.000000
Violation: 1094.000000
Violation: 472.000000
Violation: 492.000000
Violation: 1850.000000
Violation: 261.000000
Violation: 574.000000
Violation: 27.000000
Violation: 154.000000
Violation: 385.000000
Violation: 698.000000
Violation: 63.000000
Violation: 412.000000
Violation: 553.000000
Violation: 557.000000
Violation: 732.000000
Violation: 754.000000
Violation: 499.000000
Violation: 176.000000
Violation: 105.000000
Violation: 105.000000
Violation: 1032.000000
Violation: 424.000000
Violation: 157.000000
Violation: 359.000000
Violation: 672.000000
Violation: 821.000000
Violation: 149.000000
Violation: 198.000000
Violation: 534.000000
Violation: 377.000000
Violation: 187.000000
Violation: 64.000000
Violation: 1022.000000
Violation: 866.000000
Violation: 984.000000
Violation: 550.000000
Violation: 535.000000
Violation: 442.000000
Violation: 554.000000
Violation: 28.000000
Violation: 422.000000
Violation: 236.000000
Violation: 361.000000
Violation: 1505.000000
Violation: 878.000000
Violation: 986.000000
Violation: 703.000000
Violation: 678.000000
Violation: 348.000000
Violation: 505.000000
Violation: 169.000000
Violation: 394.000000
Violation: 489.000000
Violation: 1388.000000
Violation: 265.000000
Violation: 107.000000
Violation: 782.000000
Violation: 732.000000
Violation: 1667.000000
Violation: 269.000000
Violation: 854.000000
Violation: 677.000000
Violation: 986.000000
Violation: 184.000000
Violation: 250.000000
Violation: 1505.000000
Violation: 260.000000
Violation: 1101.000000
Violation: 509.000000
Violation: 304.000000
Violation: 315.000000
Violation: 194.000000
Violation: 567.000000
Violation: 1018.000000
Violation: 543.000000
Violation: 605.000000
Violation: 1072.000000
Violation: 570.000000
Violation: 787.000000
Violation: 934.000000
Violation: 32.000000
Violation: 91.000000
Violation: 321.000000
Violation: 303.000000
Violation: 754.000000
Violation: 407.000000
Violation: 724.000000
Violation: 866.000000
Violation: 798.000000
Violation: 189.000000
Violation: 578.000000
Violation: 249.000000
Violation: 491.000000
Violation: 284.000000
Violation: 196.000000
Violation: 536.000000
Violation: 783.000000
Violation: 362.000000
Violation: 513.000000
Violation: 225.000000
Violation: 127.000000
Violation: 81.000000
Violation: 774.000000
Violation: 249.000000
Violation: 179.000000
Violation: 296.000000
Violation: 163.000000
Violation: 642.000000
Violation: 171.000000
Violation: 543.000000
Violation: 890.000000
Violation: 437.000000
Violation: 571.000000
Violation: 271.000000
Violation: 608.000000
Violation: 399.000000
Violation: 543.000000
Violation: 700.000000
Violation: 391.000000
Violation: 782.000000
Violation: 646.000000
Violation: 488.000000
Violation: 340.000000
Violation: 654.000000
Violation: 234.000000
Violation: 154.000000
Violation: 606.000000
Violation: 782.000000
Violation: 696.000000
Violation: 630.000000
Violation: 156.000000
Violation: 472.000000
Violation: 124.000000
Violation: 839.000000
Violation: 451.000000
Violation: 653.000000
Violation: 573.000000
Violation: 964.000000
Violation: 646.000000
Violation: 1480.000000
Violation: 278.000000
Violation: 624.000000
Violation: 1381.000000
Violation: 248.000000
Violation: 635.000000
Violation: 733.000000
Violation: 1066.000000
Violation: 871.000000
Violation: 410.000000
Violation: 195.000000
Violation: 312.000000
Violation: 785.000000
Violation: 390.000000
Violation: 281.000000
Violation: 620.000000
Violation: 260.000000
Violation: 686.000000
Violation: 303.000000
Violation: 149.000000
Violation: 1077.000000
Violation: 503.000000
Violation: 508.000000
Violation: 305.000000
Violation: 605.000000
Violation: 281.000000
Violation: 369.000000
Violation: 890.000000
Violation: 1315.000000
Violation: 386.000000
Violation: 702.000000
Violation: 630.000000
Violation: 334.000000
Violation: 199.000000
Violation: 656.000000
Violation: 400.000000
Violation: 273.000000
Violation: 104.000000
Violation: 556.000000
Violation: 440.000000
Violation: 81.000000
Violation: 976.000000
Violation: 83.000000
Violation: 1048.000000
Violation: 608.000000
Violation: 630.000000
Violation: 176.000000
Violation: 216.000000
Violation: 385.000000
Violation: 282.000000
Violation: 224.000000
Violation: 106.000000
Violation: 391.000000
Violation: 946.000000
Violation: 574.000000
Violation: 131.000000
Violation: 573.000000
Violation: 1114.000000
Violation: 635.000000
Violation: 699.000000
Violation: 115.000000
Violation: 132.000000
Violation: 371.000000
Violation: 76.000000
Violation: 654.000000
Violation: 138.000000
Violation: 680.000000
Violation: 659.000000
Violation: 255.000000
Violation: 385.000000
Violation: 412.000000
Violation: 1237.000000
Violation: 473.000000
Violation: 904.000000
Violation: 417.000000
Violation: 950.000000
Violation: 208.000000
Violation: 614.000000
Violation: 449.000000
Violation: 680.000000
Violation: 744.000000
Violation: 312.000000
Violation: 426.000000
Violation: 199.000000
Violation: 94.000000
Violation: 692.000000
Violation: 385.000000
Violation: 206.000000
Violation: 348.000000
Violation: 2.000000
Violation: 416.000000
Violation: 132.000000
Violation: 417.000000
Violation: 1471.000000
Violation: 1097.000000
Violation: 1050.000000
Violation: 716.000000
Violation: 583.000000
Violation: 954.000000
Violation: 592.000000
Violation: 1315.000000
Violation: 315.000000
Violation: 780.000000
Violation: 785.000000
Violation: 641.000000
Violation: 827.000000
Violation: 359.000000
Violation: 548.000000
Violation: 1994.000000
Violation: 66.000000
Violation: 478.000000
Violation: 760.000000
Violation: 155.000000
Violation: 873.000000
Violation: 149.000000
Violation: 641.000000
Violation: 1187.000000
Violation: 1078.000000
Violation: 220.000000
Violation: 212.000000
Violation: 696.000000
Violation: 684.000000
Violation: 284.000000
Violation: 1505.000000
Violation: 753.000000
Violation: 1165.000000
Violation: 733.000000
Violation: 195.000000
Violation: 170.000000
Violation: 696.000000
Violation: 219.000000
Violation: 1284.000000
Violation: 608.000000
Violation: 72.000000
Violation: 638.000000
Violation: 316.000000
Violation: 356.000000
Violation: 572.000000
Violation: 389.000000
Violation: 1149.000000
Violation: 676.000000
Violation: 467.000000
Violation: 97.000000
Violation: 121.000000
Violation: 48.000000
Violation: 478.000000
Violation: 349.000000
Violation: 186.000000
Violation: 480.000000
Violation: 194.000000
Violation: 405.000000
Violation: 419.000000
Violation: 783.000000
Violation: 1252.000000
Violation: 132.000000
Violation: 594.000000
Violation: 449.000000
Violation: 152.000000
Violation: 296.000000
Violation: 276.000000
Violation: 115.000000
Violation: 196.000000
Violation: 329.000000
Violation: 899.000000
Violation: 208.000000
Violation: 252.000000
Violation: 390.000000
Violation: 470.000000
Violation: 381.000000
Violation: 625.000000
Violation: 1.000000
Violation: 229.000000
Violation: 989.000000
Violation: 384.000000
Violation: 766.000000
Violation: 436.000000
Violation: 1522.000000
Violation: 293.000000
Violation: 138.000000
Violation: 978.000000
Violation: 900.000000
Violation: 356.000000
Violation: 268.000000
Violation: 305.000000
Violation: 336.000000
Violation: 429.000000
Violation: 263.000000
Violation: 245.000000
Violation: 238.000000
Violation: 531.000000
Violation: 325.000000
Violation: 448.000000
Violation: 222.000000
Violation: 470.000000
Violation: 73.000000
Violation: 674.000000
Violation: 477.000000
Violation: 129.000000
Violation: 770.000000
Violation: 866.000000
Violation: 390.000000
Violation: 1257.000000
Violation: 393.000000
Violation: 412.000000
Violation: 12.000000
Violation: 694.000000
Violation: 385.000000
Violation: 573.000000
Violation: 197.000000
Violation: 625.000000
Violation: 526.000000
took 2.844997
Optimize a model with 936 rows, 906 columns and 12724 nonzeros
Coefficient statistics:
  Matrix range     [1e+00, 4e+01]
  Objective range  [0e+00, 0e+00]
  Bounds range     [1e+00, 4e+01]
  RHS range        [1e+00, 1e+02]
Presolve removed 638 rows and 115 columns
Presolve time: 0.00s
Presolved: 298 rows, 791 columns, 8645 nonzeros

Iteration    Objective       Primal Inf.    Dual Inf.      Time
       0    0.0000000e+00   4.716969e+01   0.000000e+00      0s
     140    0.0000000e+00   0.000000e+00   0.000000e+00      0s

Solved in 140 iterations and 0.01 seconds
Optimal objective  0.000000000e+00
