j3017_4.mm_s5.txt
Academic license - for non-commercial use only
Read LP format model from file lp/j3017_4.mm.lp
Reading time = 0.00 seconds
: 351 rows, 906 columns, 9053 nonzeros
OKGPU
nThreads: 1024 , nBlocks: 12 
Number cuts generated in the phase 1: 12
Number of repeat: 4 
violation 500.000000
violation 428.000000
violation 750.000000
violation 375.000000
violation 425.000000
violation 425.000000
violation 425.000000
violation 820.000000
8592 16
5 6 4 2 33 48 47 AQUIIII!!1 47 49 44 
AQUIIII!!33 34 19 5 15 3 18 48 24 10 23 25 20 47 16 22 46 4 34 2 45 33 48 1 17 46 49 13 
0 49 
AQUIIII!!49 1 22 20 33 19 48 0 45 46 47 17 23 10 34 18 AQUIIII!!
49 23 48 45 34 47 18 17 16 20 24 46 33 15 19 44 
AQUIIII!!49 0 48 34 AQUIIII!!22 11 3 6 27 25 41 10 14 33 7 46 42 2 8 12 1 21 47 32 13 39 5 15 4 9 
44 43 
AQUIIII!!34 44 23 17 46 18 20 45 48 15 16 24 47 33 19 49 
AQUIIII!!34 15 16 33 20 44 46 24 48 AQUIIII!!23 34 17 44 47 23 18 17 AQUIIII!!49 46 34 19 18 33 45 20 37 
45 47 48 1 15 2 45 16 46 24 13 47 48 33 10 19 49 19 
0 22 20 49 
AQUIIII!!34 15 16 33 20 44 46 24 48 23 17 47 18 49 19 45 
AQUIIII!!9 44 15 42 16 27 11 21 12 32 18 39 14 17 43 41 
AQUIIII!!1 2 33 0 5 3 4 6 13 7 22 31 8 10 34 49 
AQUIIII!!49 4 10 22 13 3 25 1 0 33 34 47 48 AQUIIII!!5 49 46 10 2 33 
45 20 0 48 46 1 47 34 18 19 23 17 22 
AQUIIII!!33 34 0 19 16 46 17 49 22 10 23 20 47 48 18 45 
AQUIIII!!AQUIIII!!44 10 45 1 18 42 34 47 20 43 20 2 23 19 46 32 48 17 33 45 46 22 16 15 3 34 33 
0 25 13 AQUIIII!!47 0 49 4 
34 22 8 1 13 33 31 10 AQUIIII!!3 2 6 46 7 45 13 5 2 47 0 49 10 
33 22 48 3 34 1 4 25 49 AQUIIII!!
49 19 18 33 AQUIIII!!17 33 34 47 10 45 45 46 23 34 48 48 46 16 22 15 20 20 16 19 17 47 18 0 44 
24 23 49 
AQUIIII!!9 44 17 21 42 11 15 32 41 43 27 39 16 18 12 14 
AQUIIII!!49 19 20 33 2 18 47 10 46 0 45 34 48 1 23 22 
AQUIIII!!49 13 19 47 37 10 48 33 22 1 34 45 2 46 0 20 
AQUIIII!!9 44 15 11 17 16 39 21 27 32 12 41 AQUIIII!!18 45 14 15 42 46 43 17 
20 18 16 23 48 24 47 34 19 33 49 44 
AQUIIII!!8 32 39 41 21 43 42 11 12 14 6 7 AQUIIII!!15 34 27 23 33 44 15 9 24 
44 17 19 43 18 45 46 47 16 48 20 
AQUIIII!!17 48 46 44 49 19 47 45 33 24 34 16 23 20 18 15 
AQUIIII!!49 13 6 47 25 1 0 10 33 4 2 34 AQUIIII!!5 3 49 48 13 22 20 
AQUIIII!!34 17 47 AQUIIII!!48 18 22 46 1 46 44 24 2 10 49 0 23 19 45 20 47 25 34 45 46 45 3 33 19 33 24 16 48 47 34 10 15 16 
33 23 48 20 17 49 18 
15 
AQUIIII!!17 48 46 44 49 19 47 45 33 24 34 16 23 20 18 15 
AQUIIII!!49 0 34 5 48 1 47 10 25 22 4 33 46 13 2 3 
AQUIIII!!2 33 0 AQUIIII!!10 3 7 48 6 2 1 8 13 31 47 6 22 22 1 34 13 10 4 5 5 34 33 3 0 25 4 49 49 

AQUIIII!!45 16 19 46 10 20 22 34 17 47 48 0 33 18 AQUIIII!!AQUIIII!!23 25 6 49 44 0 
43 10 AQUIIII!!42 13 48 15 49 33 41 1 46 8 45 1 7 AQUIIII!!3 48 9 48 22 33 39 10 4 22 11 47 45 23 14 34 1 21 2 20 46 27 45 20 34 49 AQUIIII!!12 33 AQUIIII!!18 
49 32 2 49 10 47 
0 0 19 46 22 2 33 17 47 33 10 46 20 37 25 19 0 19 1 15 47 34 3 24 
13 48 48 34 49 10 23 
5 45 34 18 16 13 17 4 
46 47 AQUIIII!!22 49 
46 20 48 2 33 34 0 10 19 1 13 45 37 22 47 
AQUIIII!!44 9 21 41 27 43 39 8 15 6 42 7 14 AQUIIII!!12 37 11 1 32 2 
22 34 10 20 0 48 33 13 45 47 46 19 49 
AQUIIII!!37 1 2 22 34 10 20 0 48 33 13 45 47 46 19 49 
AQUIIII!!49 48 46 16 33 47 23 10 19 17 18 24 34 15 45 20 
AQUIIII!!44 46 15 45 18 19 47 33 23 16 17 20 24 43 34 48 
AQUIIII!!17 46 48 19 49 44 47 15 45 24 16 20 34 33 18 23 
AQUIIII!!17 46 48 19 49 44 47 15 45 24 16 20 34 33 18 23 
AQUIIII!!2 0 37 33 46 34 48 45 47 13 20 1 19 10 22 49 
AQUIIII!!47 46 48 49 19 AQUIIII!!45 23 44 0 23 46 24 48 10 16 2 33 1 34 47 18 18 15 19 33 20 22 17 34 
49 20 45 
AQUIIII!!1 10 5 48 3 46 2 13 25 AQUIIII!!22 34 46 34 2 33 3 0 4 25 48 47 22 0 5 47 49 10 
4 33 1 13 49 
AQUIIII!!49 16 17 20 24 44 34 18 33 48 47 46 23 45 15 19 
AQUIIII!!49 16 24 20 10 33 46 17 AQUIIII!!18 34 49 47 10 19 31 23 48 33 45 34 15 0 
8 2 1 AQUIIII!!13 7 49 5 48 3 47 4 34 22 18 6 16 
45 17 22 46 20 10 AQUIIII!!23 48 33 49 0 46 19 19 
20 2 10 45 22 34 33 47 0 1 13 37 
AQUIIII!!49 17 33 48 0 20 18 16 19 22 46 45 23 34 10 47 
AQUIIII!!49 22 10 2 45 33 47 3 48 20 34 1 13 46 0 25 
AQUIIII!!2 8 34 6 5 13 10 22 1 7 0 3 33 4 31 AQUIIII!!49 0 
23 33 22 48 46 34 20 AQUIIII!!10 49 19 1 19 18 34 47 46 2 33 45 47 49 18 
24 17 48 AQUIIII!!49 23 47 15 25 44 1 20 45 16 46 45 13 
10 34 2 4 22 33 48 AQUIIII!!0 49 3 22 
19 18 48 33 47 10 46 20 0 1 2 34 45 23 
AQUIIII!!22 47 16 48 34 46 0 17 10 45 18 AQUIIII!!25 20 4 19 46 33 2 23 22 49 48 10 
0 1 33 3 13 45 34 47 49 AQUIIII!!
49 13 33 34 2 46 48 0 3 22 47 10 4 25 1 45 
AQUIIII!!34 AQUIIII!!20 45 2 10 33 48 3 3 47 2 6 46 34 25 0 48 AQUIIII!!22 1 48 1 5 13 1 33 47 13 49 34 4 
33 10 0 AQUIIII!!AQUIIII!!37 46 49 3 7 10 45 45 48 3 22 10 33 20 13 0 18 2 1 49 46 13 34 4 
22 19 25 2 16 49 34 24 
33 47 22 15 46 44 45 20 48 23 0 17 25 
47 49 
AQUIIII!!49 10 3 33 48 34 0 7 6 37 2 5 13 4 1 22 
AQUIIII!!34 25 33 10 13 0 2 3 1 22 20 45 49 46 48 47 
AQUIIII!!33 34 1 17 23 45 0 20 47 46 18 19 10 48 22 49 
AQUIIII!!10 48 16 20 0 18 34 AQUIIII!!17 45 23 2 33 20 47 33 22 22 AQUIIII!!19 1 49 45 46 48 46 34 45 49 13 47 
0 17 47 15 37 16 10 23 19 46 48 34 49 33 
19 20 18 24 10 
AQUIIII!!24 45 46 47 34 AQUIIII!!19 45 48 2 16 0 15 13 23 1 17 46 18 10 33 33 10 47 20 22 49 34 
48 37 19 20 49 
AQUIIII!!49 AQUIIII!!17 49 45 23 23 33 10 46 0 48 1 1 19 20 22 17 20 22 18 10 48 34 34 18 47 19 33 47 46 45 
0 
AQUIIII!!4 13 34 AQUIIII!!AQUIIII!!2 48 0 22 22 5 45 45 25 23 17 33 33 34 16 6 47 19 17 48 0 49 10 47 18 10 46 22 48 18 46 3 23 16 34 1 20 AQUIIII!!19 20 10 49 
33 0 47 47 49 19 49 
16 
48 15 23 18 45 34 33 20 24 46 17 44 
AQUIIII!!2 10 23 18 33 34 0 46 20 1 19 47 22 AQUIIII!!16 48 33 45 34 49 0 
23 22 46 18 47 45 49 10 20 19 48 17 
AQUIIII!!49 46 22 1 23 47 20 19 48 18 17 33 0 34 10 45 
AQUIIII!!49 48 19 33 34 23 24 20 AQUIIII!!16 18 22 45 13 44 34 47 6 46 33 17 15 4 
0 3 2 5 1 47 25 10 48 49 
AQUIIII!!23 47 34 19 24 45 33 17 20 16 49 48 44 15 AQUIIII!!46 18 18 34 
44 16 33 19 23 24 45 46 49 47 20 48 17 15 
AQUIIII!!18 34 44 16 33 19 23 24 45 46 49 47 20 48 17 15 
AQUIIII!!49 0 22 46 10 4 47 25 1 34 13 2 3 5 33 48 AQUIIII!!
5 4 0 33 34 7 3 10 1 37 AQUIIII!!6 1 48 2 13 46 AQUIIII!!22 47 3 2 10 33 49 34 0 
0 34 20 2 37 47 13 33 25 19 6 22 1 48 5 45 49 4 
13 48 10 22 49 
AQUIIII!!47 AQUIIII!!13 49 10 2 25 18 46 19 34 20 2 47 22 10 5 34 33 48 48 0 0 1 1 33 AQUIIII!!45 4 45 AQUIIII!!46 3 34 32 23 49 14 15 22 11 
48 
21 44 15 18 42 47 39 17 8 23 17 16 19 43 33 12 16 41 20 27 24 44 9 46 
49 
AQUIIII!!6 2 25 47 33 10 13 4 0 1 5 34 22 3 48 49 
AQUIIII!!49 45 22 34 18 0 48 23 47 20 10 46 19 1 2 33 
AQUIIII!!12 32 41 39 43 27 18 15 AQUIIII!!21 49 42 48 16 2 14 47 17 34 46 11 4 44 10 9 5 
33 25 0 13 22 3 1 
AQUIIII!!15 10 33 20 24 23 19 34 16 48 18 46 17 47 45 49 
AQUIIII!!49 24 48 AQUIIII!!47 49 16 33 23 45 20 15 48 34 19 44 46 33 23 46 0 18 16 19 17 18 20 47 
17 34 10 22 45 
AQUIIII!!AQUIIII!!45 18 17 23 24 21 47 45 19 42 15 14 33 16 16 33 18 15 44 32 46 43 20 34 34 17 23 44 48 19 49 20 

AQUIIII!!20 44 18 15 17 48 49 46 47 16 19 33 45 23 AQUIIII!!34 24 49 
10 7 0 34 6 22 3 33 13 37 5 1 4 48 2 
AQUIIII!!49 16 47 46 20 18 33 17 23 19 24 15 48 34 AQUIIII!!44 49 45 0 
46 AQUIIII!!17 37 48 34 19 2 47 33 19 23 22 34 47 22 0 1 10 20 1 45 18 48 10 46 
33 20 13 45 49 
AQUIIII!!49 24 19 33 44 17 15 16 47 48 46 23 18 20 45 34 
AQUIIII!!0 22 34 47 1 33 10 48 25 46 20 3 13 45 2 49 
AQUIIII!!46 16 45 34 19 33 23 21 44 20 18 15 43 32 17 42 
AQUIIII!!49 19 46 20 47 15 48 23 34 24 44 AQUIIII!!45 23 18 48 33 33 16 15 17 24 
43 34 18 45 46 20 47 19 16 17 44 
AQUIIII!!45 44 17 20 48 19 43 18 24 33 46 47 15 34 16 23 
AQUIIII!!23 48 33 15 24 43 34 18 45 46 20 47 19 16 17 44 
AQUIIII!!46 AQUIIII!!22 49 20 17 2 48 0 0 33 33 10 1 47 19 46 23 23 10 18 45 45 18 22 34 1 47 19 48 20 49 34 

AQUIIII!!AQUIIII!!34 13 15 48 10 18 47 49 46 19 4 48 25 44 34 33 46 0 20 3 17 1 33 2 16 5 23 22 45 49 47 
24 
AQUIIII!!20 17 33 34 23 18 42 46 15 16 32 43 19 21 44 45 AQUIIII!!
10 20 33 34 18 1 19 23 45 22 47 0 48 46 17 49 
AQUIIII!!20 46 34 16 33 17 48 23 18 45 15 44 47 24 19 49 
AQUIIII!!49 34 5 48 2 4 0 3 6 22 13 1 25 33 47 10 
AQUIIII!!49 22 0 2 3 6 10 7 4 34 37 1 5 13 33 48 
AQUIIII!!49 48 0 34 2 18 22 19 33 10 23 45 20 1 46 47 
AQUIIII!!49 3 7 1 13 33 34 8 6 0 5 4 2 10 31 22 
AQUIIII!!19 45 2 23 48 46 1 AQUIIII!!47 4 33 5 20 8 18 10 22 22 10 6 0 31 34 3 49 34 
1 13 2 33 7 0 49 
AQUIIII!!14 41 7 12 15 32 21 39 27 42 16 43 8 11 9 44 
AQUIIII!!17 16 33 15 34 44 45 18 23 46 19 48 47 24 20 49 
AQUIIII!!AQUIIII!!49 49 6 22 0 13 48 4 3 7 33 34 10 2 48 33 1 25 0 10 2 47 6 5 13 37 4 3 22 34 5 
1 
AQUIIII!!49 4 0 22 47 6 2 25 5 1 34 13 33 AQUIIII!!48 49 10 48 3 46 
16 33 47 23 10 19 17 18 24 34 15 45 20 
AQUIIII!!22 25 2 5 33 4 47 10 0 34 13 1 6 48 3 49 
AQUIIII!!17 46 20 49 47 15 AQUIIII!!23 49 18 25 2 16 3 19 48 33 47 34 34 20 45 0 48 46 13 44 10 24 33 
22 45 1 
AQUIIII!!46 48 47 0 34 10 17 1 18 33 20 22 23 49 45 19 AQUIIII!!
1 20 46 34 45 19 2 13 37 10 22 47 48 33 0 49 
AQUIIII!!49 19 17 47 20 34 44 33 24 15 46 23 45 18 16 48 
AQUIIII!!49 46 16 48 45 47 17 20 15 10 23 18 AQUIIII!!33 1 24 10 19 13 34 47 
45 2 48 0 22 37 46 19 34 20 33 49 
AQUIIII!!33 44 20 43 15 24 34 19 46 AQUIIII!!34 16 22 47 20 0 17 45 23 1 48 45 23 18 47 10 48 19 
33 17 46 18 49 
AQUIIII!!AQUIIII!!49 3 46 34 19 1 33 45 34 4 20 46 23 33 18 10 45 2 47 48 15 13 17 AQUIIII!!22 10 25 33 48 0 16 20 47 24 49 
46 
48 23 45 15 17 47 16 24 18 19 10 34 49 
AQUIIII!!24 19 16 AQUIIII!!48 44 44 9 33 14 17 39 45 15 20 12 18 7 AQUIIII!!23 43 20 47 8 15 33 41 46 15 32 34 27 44 49 11 19 
21 42 42 23 6 AQUIIII!!
32 49 43 46 48 34 0 18 23 17 33 16 20 17 45 16 47 45 46 19 
22 34 47 10 18 
AQUIIII!!49 5 33 0 25 22 6 AQUIIII!!13 2 47 3 AQUIIII!!34 1 1 48 20 2 34 33 22 4 48 47 17 10 10 46 47 
33 0 34 45 5 22 3 6 19 13 16 4 48 0 23 25 10 49 
18 49 
AQUIIII!!49 33 AQUIIII!!1 9 2 44 46 17 34 21 0 42 22 11 25 15 48 32 45 41 3 43 10 27 13 39 47 16 20 18 
12 14 
AQUIIII!!18 20 10 46 15 45 49 48 23 47 33 16 17 24 19 34 
AQUIIII!!8 3 0 34 31 4 10 1 5 6 7 13 22 33 2 49 
AQUIIII!!25 45 3 AQUIIII!!3 0 25 33 48 10 10 1 33 20 48 1 47 45 20 46 2 46 34 13 47 34 22 22 13 0 2 49 49 

AQUIIII!!49 47 AQUIIII!!17 9 33 44 24 27 16 11 48 20 41 23 8 15 43 45 7 19 16 46 42 10 21 18 14 34 39 
15 12 32 
AQUIIII!!49 47 46 33 10 20 19 15 24 48 34 23 45 18 AQUIIII!!16 13 17 
5 25 47 6 34 48 3 1 AQUIIII!!10 18 2 23 4 0 33 33 22 0 45 22 10 49 20 
19 48 46 AQUIIII!!1 49 34 22 47 2 17 33 49 AQUIIII!!37 
48 49 46 33 0 1 45 2 19 47 34 1 45 10 46 13 22 20 47 34 3 
48 0 20 10 13 25 
AQUIIII!!AQUIIII!!49 49 10 19 1 48 10 34 33 13 47 0 2 45 37 25 48 33 22 20 0 46 47 3 1 20 
13 34 22 45 2 AQUIIII!!46 19 
10 20 0 16 18 48 23 33 22 17 34 AQUIIII!!45 49 47 20 49 10 46 46 
45 47 19 22 23 33 0 18 1 34 48 17 
AQUIIII!!49 37 34 4 33 10 6 7 13 5 2 0 1 3 22 48 
AQUIIII!!10 0 5 7 3 8 31 1 22 33 6 4 13 34 2 49 
AQUIIII!!17 46 20 49 47 15 23 18 16 19 33 34 45 48 44 24 
AQUIIII!!47 44 16 43 48 46 18 19 24 23 20 15 45 34 33 17 
AQUIIII!!24 46 45 34 16 47 18 19 33 23 20 10 48 17 15 49 
AQUIIII!!47 44 16 43 48 46 18 19 24 23 20 15 45 34 33 17 
AQUIIII!!24 46 45 34 16 47 18 19 33 23 20 10 48 17 15 49 
AQUIIII!!49 20 46 AQUIIII!!10 49 13 4 48 48 47 37 45 2 2 AQUIIII!!AQUIIII!!0 5 20 34 10 4 49 37 3 33 1 0 22 22 25 1 33 33 2 2 34 19 45 0 
48 22 7 13 48 1 46 34 33 13 10 6 13 3 
1 10 47 6 22 34 25 
5 0 47 3 49 
AQUIIII!!49 48 47 18 46 23 2 33 45 22 19 20 0 10 34 1 
AQUIIII!!49 10 1 34 19 0 46 2 20 48 23 33 47 45 18 22 
AQUIIII!!45 19 10 17 33 46 16 47 23 AQUIIII!!15 45 20 34 24 18 34 48 18 20 48 47 49 23 
24 19 46 44 33 15 16 17 49 
AQUIIII!!44 9 5 40 27 26 42 11 14 7 32 6 8 12 43 21 
AQUIIII!!49 48 22 6 7 0 13 37 5 1 33 4 10 2 34 3 
AQUIIII!!25 22 5 1 0 6 33 34 4 13 3 48 10 47 2 49 
AQUIIII!!2 20 33 1 46 47 23 34 10 18 48 22 19 0 45 49 
AQUIIII!!25 4 3 34 46 22 48 1 47 2 33 0 10 13 5 49 
AQUIIII!!46 0 47 2 34 20 33 1 19 48 10 22 AQUIIII!!45 49 37 33 13 10 49 16 
34 19 20 AQUIIII!!47 1 46 34 45 0 24 22 17 23 AQUIIII!!15 49 20 0 23 19 10 18 46 46 48 2 33 45 
17 3 1 10 47 48 22 33 47 13 18 20 25 45 AQUIIII!!34 44 49 48 49 

20 19 46 18 17 45 16 24 47 AQUIIII!!15 49 34 23 4 33 33 48 46 
0 2 3 34 10 47 5 1 48 25 22 13 
AQUIIII!!13 0 2 1 22 33 47 46 10 19 48 37 45 20 34 49 
AQUIIII!!18 19 34 45 22 2 1 23 10 49 20 0 33 46 48 47 
AQUIIII!!34 7 5 1 13 48 2 0 10 37 33 4 3 22 6 49 
AQUIIII!!48 49 46 3 33 47 25 13 0 10 34 2 22 20 45 1 
AQUIIII!!33 24 19 18 48 45 34 15 47 20 16 44 23 46 17 49 
AQUIIII!!49 47 10 6 34 33 2 1 13 48 22 4 25 5 3 0 
AQUIIII!!AQUIIII!!7 44 6 47 48 15 15 21 46 33 32 49 24 11 34 8 18 19 41 45 17 43 16 12 20 23 27 
39 14 42 9 44 
AQUIIII!!49 34 48 6 25 4 13 0 5 33 10 2 1 47 22 3 
AQUIIII!!42 34 15 16 20 17 46 33 32 23 19 AQUIIII!!43 49 18 46 47 1 44 23 45 2 
0 20 22 34 19 18 47 33 45 10 48 
AQUIIII!!49 48 47 18 46 23 2 33 45 22 19 20 0 10 34 1 
AQUIIII!!46 22 16 10 34 23 45 17 18 47 48 20 0 33 49 19 
AQUIIII!!18 33 AQUIIII!!23 18 17 42 20 33 34 34 0 20 10 22 17 47 43 45 21 16 19 48 44 19 32 49 AQUIIII!!46 23 37 
15 7 45 0 16 3 46 33 10 
2 4 22 5 34 1 13 48 6 49 
Number of Cuts in the second phase:4371
Number of repeat: 3840 
Violation: 285.000000
Violation: 106.000000
Violation: 284.000000
Violation: 140.000000
Violation: 515.000000
Violation: 125.000000
Violation: 748.000000
Violation: 375.000000
Violation: 642.000000
Violation: 405.000000
Violation: 125.000000
Violation: 285.000000
Violation: 284.000000
Violation: 570.000000
Violation: 750.000000
Violation: 140.000000
Violation: 500.000000
Violation: 464.000000
Violation: 140.000000
Violation: 570.000000
Violation: 125.000000
Violation: 525.000000
Violation: 250.000000
Violation: 375.000000
Violation: 284.000000
Violation: 749.000000
Violation: 285.000000
Violation: 712.000000
Violation: 457.000000
Violation: 570.000000
Violation: 500.000000
Violation: 1106.000000
Violation: 253.000000
Violation: 178.000000
Violation: 225.000000
Violation: 500.000000
Violation: 1111.000000
Violation: 625.000000
Violation: 1000.000000
Violation: 427.000000
Violation: 375.000000
Violation: 41.000000
Violation: 178.000000
Violation: 140.000000
Violation: 125.000000
Violation: 676.000000
Violation: 140.000000
Violation: 710.000000
Violation: 755.000000
Violation: 659.000000
Violation: 140.000000
Violation: 956.000000
Violation: 462.000000
Violation: 515.000000
Violation: 770.000000
Violation: 928.000000
Violation: 283.000000
Violation: 446.000000
Violation: 952.000000
Violation: 140.000000
Violation: 777.000000
Violation: 515.000000
Violation: 570.000000
Violation: 604.000000
Violation: 375.000000
Violation: 532.000000
Violation: 500.000000
Violation: 424.000000
Violation: 419.000000
Violation: 420.000000
Violation: 375.000000
Violation: 1386.000000
Violation: 655.000000
Violation: 140.000000
Violation: 140.000000
Violation: 140.000000
Violation: 990.000000
Violation: 428.000000
Violation: 710.000000
Violation: 532.000000
Violation: 700.000000
Violation: 285.000000
Violation: 922.000000
Violation: 604.000000
Violation: 100.000000
Violation: 475.000000
Violation: 922.000000
Violation: 749.000000
Violation: 625.000000
Violation: 375.000000
Violation: 782.000000
Violation: 650.000000
Violation: 710.000000
Violation: 457.000000
Violation: 1030.000000
Violation: 1036.000000
Violation: 418.000000
Violation: 375.000000
Violation: 292.000000
Violation: 700.000000
Violation: 420.000000
Violation: 140.000000
Violation: 315.000000
Violation: 375.000000
Violation: 1104.000000
Violation: 568.000000
Violation: 27.000000
Violation: 80.000000
Violation: 178.000000
Violation: 230.000000
Violation: 1352.000000
Violation: 505.000000
Violation: 375.000000
Violation: 555.000000
Violation: 125.000000
Violation: 655.000000
Violation: 625.000000
Violation: 86.000000
Violation: 481.000000
Violation: 515.000000
Violation: 642.000000
Violation: 565.000000
Violation: 555.000000
Violation: 117.000000
Violation: 195.000000
Violation: 1375.000000
Violation: 515.000000
Violation: 676.000000
Violation: 458.000000
Violation: 481.000000
Violation: 780.000000
Violation: 517.000000
Violation: 560.000000
Violation: 631.000000
Violation: 280.000000
Violation: 742.000000
Violation: 280.000000
Violation: 59.000000
Violation: 1521.000000
Violation: 645.000000
Violation: 125.000000
Violation: 360.000000
Violation: 140.000000
Violation: 822.000000
Violation: 125.000000
Violation: 1035.000000
Violation: 212.000000
Violation: 499.000000
Violation: 783.000000
Violation: 837.000000
Violation: 1250.000000
Violation: 141.000000
Violation: 818.000000
Violation: 1405.000000
Violation: 1188.000000
Violation: 920.000000
Violation: 133.000000
Violation: 710.000000
Violation: 112.000000
Violation: 241.000000
Violation: 1125.000000
Violation: 140.000000
Violation: 140.000000
Violation: 427.000000
Violation: 178.000000
Violation: 602.000000
Violation: 777.000000
Violation: 370.000000
Violation: 140.000000
Violation: 492.000000
Violation: 1030.000000
Violation: 856.000000
Violation: 1000.000000
Violation: 1777.000000
Violation: 625.000000
Violation: 140.000000
Violation: 1420.000000
Violation: 280.000000
Violation: 405.000000
Violation: 710.000000
Violation: 140.000000
Violation: 710.000000
Violation: 568.000000
Violation: 771.000000
Violation: 318.000000
Violation: 852.000000
Violation: 490.000000
Violation: 926.000000
Violation: 705.000000
Violation: 940.000000
Violation: 745.000000
Violation: 1521.000000
Violation: 475.000000
Violation: 140.000000
Violation: 806.000000
Violation: 881.000000
Violation: 505.000000
Violation: 370.000000
Violation: 655.000000
Violation: 104.000000
Violation: 302.000000
Violation: 375.000000
Violation: 142.000000
Violation: 231.000000
Violation: 905.000000
Violation: 206.000000
Violation: 565.000000
Violation: 458.000000
Violation: 346.000000
Violation: 465.000000
Violation: 650.000000
Violation: 782.000000
Violation: 772.000000
Violation: 30.000000
Violation: 705.000000
Violation: 318.000000
Violation: 604.000000
Violation: 820.000000
Violation: 1026.000000
Violation: 742.000000
Violation: 104.000000
Violation: 1352.000000
Violation: 620.000000
Violation: 832.000000
Violation: 246.000000
Violation: 642.000000
Violation: 34.000000
Violation: 425.000000
Violation: 246.000000
Violation: 284.000000
Violation: 425.000000
Violation: 427.000000
Violation: 381.000000
Violation: 1250.000000
Violation: 811.000000
Violation: 67.000000
Violation: 704.000000
Violation: 207.000000
Violation: 1141.000000
Violation: 956.000000
Violation: 370.000000
Violation: 530.000000
Violation: 869.000000
Violation: 570.000000
Violation: 463.000000
Violation: 140.000000
Violation: 541.000000
Violation: 570.000000
Violation: 380.000000
Violation: 1212.000000
Violation: 246.000000
Violation: 708.000000
Violation: 425.000000
Violation: 475.000000
Violation: 409.000000
Violation: 310.000000
Violation: 381.000000
Violation: 50.000000
Violation: 745.000000
Violation: 875.000000
Violation: 659.000000
Violation: 990.000000
Violation: 68.000000
Violation: 1310.000000
Violation: 276.000000
Violation: 428.000000
Violation: 1096.000000
Violation: 1202.000000
Violation: 677.000000
Violation: 68.000000
Violation: 1480.000000
Violation: 250.000000
Violation: 475.000000
Violation: 250.000000
Violation: 811.000000
Violation: 420.000000
Violation: 500.000000
Violation: 922.000000
Violation: 250.000000
Violation: 425.000000
Violation: 370.000000
Violation: 500.000000
Violation: 280.000000
Violation: 285.000000
Violation: 140.000000
Violation: 415.000000
Violation: 620.000000
Violation: 705.000000
Violation: 240.000000
Violation: 632.000000
Violation: 905.000000
Violation: 945.000000
Violation: 280.000000
Violation: 930.000000
Violation: 761.000000
Violation: 284.000000
Violation: 806.000000
Violation: 34.000000
Violation: 1096.000000
Violation: 391.000000
Violation: 638.000000
Violation: 335.000000
Violation: 451.000000
Violation: 581.000000
Violation: 280.000000
Violation: 640.000000
Violation: 745.000000
Violation: 137.000000
Violation: 1215.000000
Violation: 265.000000
Violation: 375.000000
Violation: 710.000000
Violation: 745.000000
Violation: 560.000000
Violation: 845.000000
Violation: 685.000000
Violation: 1220.000000
Violation: 464.000000
Violation: 940.000000
Violation: 420.000000
Violation: 175.000000
Violation: 731.000000
Violation: 888.000000
Violation: 154.000000
Violation: 208.000000
Violation: 213.000000
Violation: 1427.000000
Violation: 352.000000
Violation: 140.000000
Violation: 310.000000
Violation: 386.000000
Violation: 265.000000
Violation: 370.000000
Violation: 952.000000
Violation: 521.000000
Violation: 750.000000
Violation: 111.000000
Violation: 280.000000
Violation: 141.000000
Violation: 505.000000
Violation: 570.000000
Violation: 525.000000
Violation: 101.000000
Violation: 666.000000
Violation: 1015.000000
Violation: 425.000000
Violation: 1231.000000
Violation: 515.000000
Violation: 318.000000
Violation: 225.000000
Violation: 700.000000
Violation: 602.000000
Violation: 379.000000
Violation: 386.000000
Violation: 998.000000
Violation: 492.000000
Violation: 190.000000
Violation: 1386.000000
Violation: 1220.000000
Violation: 510.000000
Violation: 352.000000
Violation: 386.000000
Violation: 811.000000
Violation: 175.000000
Violation: 1523.000000
Violation: 780.000000
Violation: 813.000000
Violation: 565.000000
Violation: 200.000000
Violation: 867.000000
Violation: 1386.000000
Violation: 212.000000
Violation: 727.000000
Violation: 280.000000
Violation: 106.000000
Violation: 6.000000
Violation: 749.000000
Violation: 650.000000
Violation: 1514.000000
Violation: 1315.000000
Violation: 500.000000
Violation: 565.000000
Violation: 655.000000
Violation: 140.000000
Violation: 497.000000
Violation: 567.000000
Violation: 425.000000
Violation: 935.000000
Violation: 862.000000
Violation: 29.000000
Violation: 246.000000
Violation: 1236.000000
Violation: 246.000000
Violation: 80.000000
Violation: 313.000000
Violation: 560.000000
Violation: 375.000000
Violation: 455.000000
Violation: 420.000000
Violation: 565.000000
Violation: 140.000000
Violation: 550.000000
Violation: 246.000000
Violation: 872.000000
Violation: 171.000000
Violation: 587.000000
Violation: 705.000000
Violation: 25.000000
Violation: 70.000000
Violation: 840.000000
Violation: 356.000000
Violation: 750.000000
Violation: 106.000000
Violation: 1096.000000
Violation: 280.000000
Violation: 387.000000
Violation: 935.000000
Violation: 352.000000
Violation: 112.000000
Violation: 285.000000
Violation: 705.000000
Violation: 1884.000000
Violation: 755.000000
Violation: 425.000000
Violation: 940.000000
Violation: 542.000000
Violation: 1075.000000
Violation: 242.000000
Violation: 565.000000
Violation: 23.000000
Violation: 280.000000
Violation: 225.000000
Violation: 602.000000
Violation: 195.000000
Violation: 771.000000
Violation: 319.000000
Violation: 397.000000
Violation: 935.000000
Violation: 1007.000000
Violation: 491.000000
Violation: 489.000000
Violation: 846.000000
Violation: 140.000000
Violation: 471.000000
Violation: 391.000000
Violation: 140.000000
Violation: 153.000000
Violation: 385.000000
Violation: 555.000000
Violation: 530.000000
Violation: 945.000000
Violation: 495.000000
Violation: 655.000000
Violation: 1181.000000
Violation: 492.000000
Violation: 250.000000
Violation: 1436.000000
Violation: 106.000000
Violation: 140.000000
Violation: 967.000000
Violation: 516.000000
Violation: 500.000000
Violation: 630.000000
Violation: 818.000000
Violation: 140.000000
Violation: 655.000000
Violation: 120.000000
Violation: 831.000000
Violation: 250.000000
Violation: 284.000000
Violation: 87.000000
Violation: 500.000000
Violation: 68.000000
Violation: 69.000000
Violation: 125.000000
Violation: 198.000000
Violation: 458.000000
Violation: 565.000000
Violation: 1087.000000
Violation: 17.000000
Violation: 685.000000
Violation: 990.000000
Violation: 840.000000
Violation: 659.000000
Violation: 105.000000
Violation: 1106.000000
Violation: 550.000000
Violation: 138.000000
Violation: 650.000000
Violation: 710.000000
Violation: 1033.000000
Violation: 705.000000
Violation: 375.000000
Violation: 703.000000
Violation: 67.000000
Violation: 875.000000
Violation: 278.000000
Violation: 490.000000
Violation: 318.000000
Violation: 1374.000000
Violation: 943.000000
Violation: 386.000000
Violation: 862.000000
Violation: 1043.000000
Violation: 370.000000
Violation: 924.000000
Violation: 88.000000
Violation: 625.000000
Violation: 135.000000
Violation: 525.000000
Violation: 385.000000
Violation: 140.000000
Violation: 750.000000
Violation: 510.000000
Violation: 984.000000
Violation: 922.000000
Violation: 1152.000000
Violation: 492.000000
Violation: 390.000000
Violation: 1397.000000
Violation: 624.000000
Violation: 782.000000
Violation: 386.000000
Violation: 530.000000
Violation: 246.000000
Violation: 210.000000
Violation: 1125.000000
Violation: 83.000000
Violation: 940.000000
Violation: 750.000000
Violation: 370.000000
2400 16
AQUIIII!!49 2 1 22 4 48 6 10 37 7 AQUIIII!!5 49 0 45 3 20 33 10 34 1 13 13 
33 25 48 22 0 47 34 2 3 46 
AQUIIII!!49 23 AQUIIII!!15 49 46 24 19 46 48 15 34 20 47 47 18 48 17 34 24 10 33 18 16 45 20 23 45 19 44 33 
17 16 
AQUIIII!!45 19 20 49 34 48 1 0 10 23 47 22 46 18 17 33 
AQUIIII!!22 18 19 10 34 45 48 23 0 33 46 17 20 49 16 47 
AQUIIII!!22 18 19 10 34 45 48 23 0 33 46 17 20 49 16 47 
AQUIIII!!10 0 1 19 2 46 18 23 20 48 22 45 47 34 33 AQUIIII!!49 20 
44 34 45 24 46 18 16 19 23 48 17 33 AQUIIII!!15 2 47 48 49 1 
0 33 45 47 3 13 10 20 25 46 34 22 49 
AQUIIII!!49 20 34 19 18 16 23 48 24 46 44 45 33 17 15 47 
AQUIIII!!34 33 46 48 16 23 17 18 47 45 22 0 20 10 19 49 
AQUIIII!!10 25 20 34 13 0 45 46 AQUIIII!!3 34 22 22 48 8 1 13 33 0 47 2 2 1 49 33 
3 7 4 5 6 31 10 49 
AQUIIII!!49 47 37 10 33 48 19 1 2 13 22 20 0 46 AQUIIII!!AQUIIII!!45 49 33 34 45 2 
48 10 10 48 47 0 22 46 34 25 25 3 20 1 0 2 46 34 3 33 45 13 13 47 1 20 49 22 

AQUIIII!!3 46 2 13 25 22 34 33 0 10 48 47 1 45 20 49 
AQUIIII!!49 20 22 2 AQUIIII!!37 22 10 10 33 13 13 34 45 8 46 33 48 0 0 4 34 1 19 2 47 7 1 
31 AQUIIII!!3 5 1 5 6 49 22 2 
4 3 10 13 0 33 46 25 34 48 47 49 
AQUIIII!!49 6 2 AQUIIII!!48 49 10 46 4 AQUIIII!!25 13 49 AQUIIII!!22 13 3 37 19 33 0 23 0 0 4 7 48 4 13 33 20 2 10 5 46 5 34 3 16 22 2 34 15 34 1 1 1 18 47 
48 33 45 10 17 48 47 33 34 3 25 45 
22 24 46 44 
47 49 
AQUIIII!!19 49 20 18 24 16 34 46 47 48 44 17 23 15 AQUIIII!!33 49 45 19 
13 33 20 37 47 0 34 45 1 22 48 46 10 2 
AQUIIII!!32 27 11 17 15 AQUIIII!!14 13 21 45 16 25 12 20 18 34 39 47 42 33 41 22 9 10 44 0 43 1 
3 2 46 49 48 
AQUIIII!!17 46 18 22 48 10 33 45 0 19 34 47 23 16 20 49 
AQUIIII!!48 16 45 19 18 49 46 10 15 47 24 20 17 23 34 33 
AQUIIII!!19 23 16 48 33 24 45 44 15 34 17 18 49 46 47 20 
AQUIIII!!0 22 1 47 20 34 45 10 19 33 48 2 37 46 AQUIIII!!46 13 20 49 23 
47 45 19 48 10 24 18 34 33 16 15 17 49 
AQUIIII!!43 44 8 42 27 7 21 6 15 14 11 12 41 39 9 32 
AQUIIII!!48 46 10 33 2 13 1 37 47 34 0 22 19 45 49 20 
AQUIIII!!10 17 48 46 45 18 22 23 19 34 20 1 0 47 33 49 
AQUIIII!!49 48 4 22 45 13 3 2 0 10 47 1 46 25 34 33 
AQUIIII!!49 1 33 37 13 2 47 45 46 22 0 20 48 34 10 19 
AQUIIII!!49 45 0 23 17 33 10 46 18 20 19 22 48 47 34 16 
AQUIIII!!13 5 4 2 3 10 47 0 34 22 33 6 48 1 25 49 
AQUIIII!!49 33 48 22 19 23 17 0 20 18 10 47 46 34 45 1 
AQUIIII!!48 46 2 47 1 23 22 19 18 33 10 34 0 49 20 45 
AQUIIII!!49 4 3 5 47 46 48 0 10 AQUIIII!!25 34 33 1 13 2 1 13 34 22 5 33 0 
2 4 10 22 31 7 3 8 6 49 
AQUIIII!!46 10 17 47 20 18 24 33 16 48 19 45 34 15 23 49 
AQUIIII!!44 43 7 27 21 41 6 9 32 15 14 39 11 42 8 12 
AQUIIII!!22 19 46 1 2 37 48 10 0 47 20 33 13 45 34 49 
AQUIIII!!49 0 3 47 34 1 13 22 2 46 10 48 25 33 45 20 
AQUIIII!!10 4 5 48 6 1 47 34 25 3 33 2 22 13 0 49 
AQUIIII!!44 45 16 48 24 47 17 20 46 33 49 23 15 18 19 34 
AQUIIII!!34 6 33 47 0 2 3 25 5 22 10 13 1 48 4 49 
AQUIIII!!18 16 45 24 17 43 34 15 33 23 44 20 19 47 46 48 
AQUIIII!!49 6 37 0 3 2 4 5 48 7 22 1 33 13 10 34 
AQUIIII!!46 25 33 0 10 45 48 22 1 2 13 3 47 20 34 49 
AQUIIII!!48 10 0 20 34 46 3 2 13 33 25 45 22 1 47 49 
AQUIIII!!49 48 45 47 22 19 20 23 33 18 1 0 2 46 10 34 
AQUIIII!!48 46 47 18 49 1 22 34 19 23 2 10 45 20 33 0 
AQUIIII!!49 22 3 2 45 13 46 48 1 0 34 47 33 25 4 10 
AQUIIII!!49 47 5 46 34 25 1 48 13 10 2 0 4 33 3 22 
AQUIIII!!44 45 32 23 21 15 17 20 14 33 42 43 16 34 18 19 
AQUIIII!!49 23 15 46 19 48 34 47 18 17 24 33 16 20 45 44 
AQUIIII!!34 23 20 24 16 45 49 15 44 18 33 19 17 46 47 48 
AQUIIII!!34 23 20 24 16 45 49 15 44 18 33 19 17 46 47 48 
AQUIIII!!19 47 17 34 45 15 24 16 18 46 33 48 23 10 49 20 
AQUIIII!!10 0 37 48 3 6 33 34 4 22 13 2 7 5 1 49 
AQUIIII!!49 10 22 13 5 3 0 47 48 6 1 33 4 34 2 25 
AQUIIII!!33 46 22 2 48 25 47 4 13 34 10 1 5 0 3 49 
AQUIIII!!45 46 44 17 24 48 20 47 18 23 15 16 34 33 19 49 
AQUIIII!!3 2 13 22 48 33 10 47 25 4 5 34 0 1 6 49 
AQUIIII!!18 0 46 47 19 20 23 22 1 17 10 48 45 34 33 49 
AQUIIII!!33 4 13 10 31 2 5 7 1 34 22 6 3 0 8 49 
AQUIIII!!1 3 5 34 47 25 6 48 13 0 4 10 2 22 33 49 
AQUIIII!!49 19 13 33 20 37 47 0 34 45 1 22 48 46 10 2 
AQUIIII!!48 16 45 19 18 49 46 10 15 47 24 20 17 23 34 33 
AQUIIII!!49 1 0 33 5 22 47 4 10 25 46 13 48 3 2 34 
AQUIIII!!17 23 33 19 16 46 24 18 34 20 45 48 15 47 49 44 
AQUIIII!!45 46 16 44 48 20 43 24 18 17 47 15 34 19 33 23 
AQUIIII!!19 48 47 20 49 46 18 23 34 24 45 15 44 17 16 33 
AQUIIII!!37 2 13 20 10 33 47 22 19 1 48 0 34 46 45 49 
Number of Cuts in the second phase:1207
Number of repeat: 1106 
Violation: 812.000000
Violation: 140.000000
Violation: 318.000000
Violation: 249.000000
Violation: 437.000000
Violation: 318.000000
Violation: 497.000000
Violation: 655.000000
Violation: 68.000000
Violation: 352.000000
Violation: 381.000000
Violation: 385.000000
Violation: 280.000000
Violation: 833.000000
Violation: 375.000000
Violation: 120.000000
Violation: 515.000000
Violation: 1032.000000
Violation: 30.000000
Violation: 231.000000
Violation: 655.000000
Violation: 351.000000
Violation: 606.000000
Violation: 570.000000
Violation: 128.000000
Violation: 386.000000
Violation: 526.000000
Violation: 429.000000
Violation: 425.000000
Violation: 299.000000
Violation: 582.000000
Violation: 164.000000
Violation: 1000.000000
Violation: 1347.000000
Violation: 280.000000
Violation: 425.000000
Violation: 1215.000000
Violation: 264.000000
Violation: 106.000000
Violation: 3.000000
Violation: 606.000000
Violation: 637.000000
Violation: 796.000000
Violation: 1000.000000
Violation: 134.000000
Violation: 365.000000
Violation: 725.000000
Violation: 437.000000
Violation: 727.000000
Violation: 745.000000
Violation: 424.000000
Violation: 565.000000
Violation: 1186.000000
Violation: 183.000000
Violation: 420.000000
Violation: 795.000000
Violation: 1677.000000
Violation: 492.000000
Violation: 225.000000
Violation: 845.000000
Violation: 510.000000
Violation: 1340.000000
Violation: 925.000000
Violation: 542.000000
Violation: 66.000000
Violation: 375.000000
Violation: 708.000000
Violation: 125.000000
Violation: 555.000000
Violation: 700.000000
Violation: 763.000000
Violation: 125.000000
Violation: 705.000000
Violation: 425.000000
Violation: 1054.000000
Violation: 319.000000
Violation: 1340.000000
Violation: 742.000000
Violation: 140.000000
Violation: 159.000000
Violation: 280.000000
Violation: 1405.000000
Violation: 751.000000
Violation: 140.000000
Violation: 391.000000
Violation: 475.000000
Violation: 460.000000
Violation: 106.000000
Violation: 500.000000
Violation: 25.000000
Violation: 636.000000
Violation: 772.000000
Violation: 318.000000
Violation: 881.000000
Violation: 487.000000
Violation: 29.000000
Violation: 515.000000
Violation: 142.000000
Violation: 415.000000
Violation: 708.000000
Violation: 492.000000
took 3.494223
Optimize a model with 996 rows, 906 columns and 12819 nonzeros
Coefficient statistics:
  Matrix range     [1e+00, 6e+01]
  Objective range  [0e+00, 0e+00]
  Bounds range     [1e+00, 4e+01]
  RHS range        [1e+00, 1e+02]
Presolve removed 303 rows and 107 columns
Presolve time: 0.01s
Presolved: 693 rows, 799 columns, 11132 nonzeros

Iteration    Objective       Primal Inf.    Dual Inf.      Time
       0    0.0000000e+00   4.620005e+01   0.000000e+00      0s
     122    0.0000000e+00   0.000000e+00   0.000000e+00      0s

Solved in 122 iterations and 0.01 seconds
Optimal objective  0.000000000e+00
