j3017_4.mm_s3.txt
Academic license - for non-commercial use only
Read LP format model from file lp/j3017_4.mm.lp
Reading time = 0.01 seconds
: 351 rows, 906 columns, 9053 nonzeros
OKGPU
nThreads: 1024 , nBlocks: 12 
Number cuts generated in the phase 1: 8
Number of repeat: 2 
violation 750.000000
violation 500.000000
violation 404.000000
violation 71.000000
violation 380.000000
violation 800.000000
8592 16
AQUIIII!!48 23 32 43 10 7 13 AQUIIII!!27 48 AQUIIII!!48 20 9 43 15 46 11 20 16 32 16 25 27 13 44 23 23 25 11 14 9 22 7 10 22 37 44 
10 20 AQUIIII!!27 9 21 48 13 29 19 27 11 46 23 45 7 10 

46 11 AQUIIII!!AQUIIII!!16 48 13 48 44 23 14 46 10 39 11 25 9 19 22 45 20 32 7 43 7 20 AQUIIII!!25 44 21 48 32 46 25 32 27 19 
13 20 23 9 11 10 46 9 22 23 27 17 11 13 18 10 43 7 25 

22 44 27 16 20 7 43 
AQUIIII!!43 2 8 32 3 28 18 20 19 23 17 22 6 25 12 4 
AQUIIII!!22 32 10 27 13 9 25 7 23 46 11 43 44 20 48 16 
AQUIIII!!28 43 AQUIIII!!17 20 6 13 25 19 7 18 27 20 46 32 11 23 25 12 46 10 44 22 8 32 22 19 48 
23 18 43 AQUIIII!!13 48 19 44 10 11 
25 32 AQUIIII!!23 48 22 19 27 44 18 23 46 18 43 12 7 20 20 10 44 32 48 22 
28 43 25 7 46 17 
AQUIIII!!45 13 27 AQUIIII!!16 32 32 27 10 10 9 22 44 9 21 7 11 11 46 AQUIIII!!44 7 32 46 20 46 23 19 9 25 23 48 23 AQUIIII!!
13 43 20 20 32 13 25 23 43 46 43 16 44 48 22 AQUIIII!!7 
7 48 18 25 10 17 27 45 22 11 AQUIIII!!11 25 48 44 9 25 20 10 21 7 18 48 39 28 44 14 
12 32 25 13 19 19 23 27 8 10 13 11 48 AQUIIII!!46 43 48 
22 25 20 20 27 23 39 16 46 14 
7 20 9 27 23 7 
13 10 46 45 16 21 11 
AQUIIII!!20 12 17 43 46 6 28 32 19 44 8 22 25 18 23 48 
AQUIIII!!48 10 27 11 17 7 25 18 20 22 32 44 43 19 23 46 
AQUIIII!!48 16 20 46 25 23 45 11 44 13 32 9 10 21 AQUIIII!!27 7 6 
17 44 18 22 32 28 46 25 12 AQUIIII!!48 19 46 19 23 7 32 20 28 18 8 8 43 23 44 48 20 25 
12 22 43 17 
AQUIIII!!7 16 44 11 AQUIIII!!9 13 45 25 46 10 20 14 32 27 16 20 10 11 22 7 AQUIIII!!9 23 AQUIIII!!21 43 7 18 23 27 43 25 8 13 19 39 17 48 46 9 
48 44 6 
11 23 20 27 25 25 32 10 28 13 44 32 22 AQUIIII!!20 19 46 22 46 46 43 48 12 10 
23 7 43 25 48 13 
11 22 44 23 20 32 19 27 9 48 
AQUIIII!!48 7 44 11 13 46 22 25 9 16 27 20 10 23 32 43 
AQUIIII!!48 46 32 23 22 8 20 25 28 19 AQUIIII!!17 46 18 48 7 18 43 27 44 10 12 20 
11 22 25 7 23 44 32 43 19 13 
AQUIIII!!43 7 44 18 28 20 17 25 12 32 19 23 10 22 46 48 
AQUIIII!!48 44 7 45 27 46 13 16 9 20 21 25 10 23 32 11 
AQUIIII!!10 23 16 29 13 14 AQUIIII!!20 10 27 AQUIIII!!22 37 48 27 32 11 22 45 13 43 25 7 19 13 AQUIIII!!21 20 19 48 32 9 43 43 9 27 7 15 32 9 11 23 23 48 AQUIIII!!18 44 44 46 
46 7 43 25 10 11 20 17 44 7 
10 46 46 22 17 28 23 20 19 18 11 25 22 
27 44 48 8 
32 20 19 AQUIIII!!48 25 25 23 13 7 10 43 12 AQUIIII!!11 48 10 32 
23 22 16 46 29 27 AQUIIII!!13 23 27 14 7 23 20 16 20 27 9 7 37 20 44 11 44 18 45 43 
7 13 21 11 9 25 15 22 48 32 
10 19 46 48 
AQUIIII!!48 9 45 23 11 21 16 7 25 13 10 20 44 27 32 46 
AQUIIII!!23 17 27 11 10 19 18 32 20 7 25 22 44 46 43 48 
AQUIIII!!27 20 46 43 23 11 18 19 44 10 7 13 AQUIIII!!32 16 48 22 46 20 25 9 48 25 AQUIIII!!23 
18 13 11 44 39 23 45 7 25 10 21 8 14 43 27 
46 20 32 7 17 12 28 22 19 48 
AQUIIII!!20 11 7 23 46 27 32 25 44 18 19 10 22 AQUIIII!!AQUIIII!!17 7 48 43 AQUIIII!!20 20 17 27 48 44 12 44 32 
32 10 9 28 23 25 22 18 27 23 46 22 46 32 13 25 43 7 13 44 23 AQUIIII!!22 8 46 11 7 12 11 19 43 18 43 25 20 19 32 48 18 10 19 
19 
48 23 
22 46 8 20 6 25 44 17 28 43 48 
AQUIIII!!44 27 9 10 13 43 22 23 11 19 7 20 32 46 25 AQUIIII!!48 23 
43 13 44 7 25 32 20 10 22 11 27 46 9 16 48 
AQUIIII!!13 7 27 22 19 10 AQUIIII!!44 46 48 32 32 18 43 23 43 19 23 22 27 20 7 11 44 18 25 25 48 11 17 46 10 
20 
AQUIIII!!7 46 27 10 23 25 13 16 32 43 44 22 11 9 AQUIIII!!20 48 48 
19 17 20 7 32 46 44 11 23 10 18 27 22 43 25 
AQUIIII!!25 23 7 27 44 21 46 20 9 13 11 10 32 45 16 48 
AQUIIII!!19 22 17 44 18 7 10 20 11 25 32 23 27 48 46 43 
AQUIIII!!10 46 16 13 21 45 11 23 9 7 25 32 44 27 20 48 
AQUIIII!!9 20 45 15 21 27 29 11 AQUIIII!!13 23 23 8 10 22 37 18 14 44 AQUIIII!!16 17 48 7 19 45 48 14 6 32 
11 7 43 28 20 20 21 46 10 25 13 9 12 48 23 39 
25 27 46 16 
AQUIIII!!28 7 22 23 19 8 20 17 46 12 43 44 25 32 18 48 
AQUIIII!!46 48 10 18 32 20 23 43 17 44 12 22 19 25 7 28 
AQUIIII!!20 43 7 27 18 25 23 AQUIIII!!13 22 10 20 19 19 44 10 11 43 32 22 11 46 17 48 44 
25 32 23 7 18 46 27 48 
AQUIIII!!23 46 28 AQUIIII!!43 32 22 16 7 9 25 11 20 44 44 20 10 18 8 25 32 7 27 17 43 12 46 48 13 19 AQUIIII!!23 
22 28 48 44 
20 22 32 19 25 10 23 12 18 43 7 17 46 48 
AQUIIII!!48 18 12 AQUIIII!!19 12 46 32 22 6 44 23 25 43 8 20 22 23 17 32 20 7 18 17 44 10 19 AQUIIII!!28 43 48 25 AQUIIII!!28 43 48 25 
46 17 18 
13 46 22 7 23 10 32 19 10 AQUIIII!!27 43 7 27 11 19 32 27 44 20 46 20 22 11 16 44 7 14 18 46 13 25 48 23 11 

39 9 45 21 23 25 10 20 AQUIIII!!48 48 16 
43 25 44 9 23 46 11 22 10 7 32 AQUIIII!!20 6 27 25 13 
17 20 32 AQUIIII!!28 48 3 46 4 20 23 8 8 12 22 23 18 44 6 12 19 17 43 25 2 18 22 
19 43 28 32 
AQUIIII!!48 7 23 11 45 16 13 10 27 21 20 14 9 29 15 37 
AQUIIII!!48 21 10 11 46 20 44 AQUIIII!!45 48 23 10 9 11 32 AQUIIII!!44 16 22 13 46 7 7 48 25 27 16 32 25 20 
19 21 13 46 25 9 9 20 13 AQUIIII!!23 11 10 27 45 23 7 43 27 44 
10 25 45 13 32 23 44 11 27 32 
16 46 7 21 9 20 48 
AQUIIII!!46 21 23 7 20 27 9 45 25 14 39 10 13 11 48 16 
AQUIIII!!48 18 7 20 22 28 32 25 17 43 44 12 10 19 23 46 
AQUIIII!!11 32 44 9 46 10 45 27 21 25 20 23 16 7 13 48 
AQUIIII!!46 20 23 25 44 7 9 16 27 32 10 13 43 11 22 48 
AQUIIII!!44 19 46 22 23 25 AQUIIII!!18 20 43 32 43 10 19 20 25 12 27 22 11 28 7 10 32 17 44 17 18 48 23 
7 46 48 
AQUIIII!!10 AQUIIII!!27 43 21 8 20 12 17 25 18 13 23 6 7 19 46 44 45 28 23 25 11 32 22 32 20 44 46 16 48 
9 48 
AQUIIII!!48 21 14 9 20 10 13 46 39 27 23 11 25 7 45 16 
AQUIIII!!48 17 22 28 10 25 12 46 43 20 23 32 19 18 7 44 
AQUIIII!!28 43 20 8 46 32 17 18 25 23 22 44 12 6 19 48 
AQUIIII!!48 16 23 13 11 25 10 27 44 45 32 21 7 46 20 9 
AQUIIII!!43 46 32 18 23 22 27 20 11 19 17 7 44 10 25 48 
AQUIIII!!48 AQUIIII!!46 48 13 10 44 25 32 20 23 20 27 12 32 7 44 9 25 43 22 22 43 7 17 16 11 28 AQUIIII!!
18 10 10 46 23 19 17 23 32 
27 7 18 44 22 11 43 19 20 46 25 48 
AQUIIII!!20 23 15 16 37 7 27 10 45 13 29 11 AQUIIII!!9 48 21 20 14 12 48 18 
46 32 28 19 25 43 6 22 17 23 8 44 
AQUIIII!!48 25 11 7 46 22 27 23 18 43 20 32 19 44 10 17 
AQUIIII!!9 16 27 21 20 25 46 39 13 10 7 11 23 14 45 48 
AQUIIII!!46 48 45 20 14 39 23 21 16 7 10 11 13 25 27 9 
AQUIIII!!46 48 17 18 43 20 32 19 7 25 28 10 23 44 12 22 
AQUIIII!!16 48 20 21 39 46 14 23 13 11 25 7 27 9 10 45 
AQUIIII!!28 17 7 22 44 46 32 8 20 25 19 12 23 43 18 48 
AQUIIII!!11 10 27 46 14 23 25 7 16 20 21 13 39 AQUIIII!!9 8 45 48 32 AQUIIII!!
23 27 12 16 20 46 23 43 10 18 25 44 20 13 28 22 19 32 22 11 6 7 9 25 48 17 43 46 44 
48 
AQUIIII!!16 44 10 20 43 46 7 13 9 23 27 32 11 25 22 48 
AQUIIII!!19 44 46 11 22 20 18 32 10 43 23 13 AQUIIII!!48 27 7 22 43 25 12 48 19 
8 17 44 7 46 32 25 20 23 28 18 
AQUIIII!!23 17 43 AQUIIII!!48 20 23 11 19 44 43 32 27 25 25 10 46 18 46 10 17 19 11 22 27 20 18 7 AQUIIII!!7 32 32 44 22 43 
AQUIIII!!48 22 48 
23 32 17 44 20 23 7 28 46 13 27 18 9 8 46 44 25 25 43 12 19 19 7 22 48 10 
20 11 
AQUIIII!!11 7 21 23 32 10 25 9 44 16 46 13 27 AQUIIII!!20 44 45 27 48 7 
9 11 13 19 46 10 23 22 32 25 43 20 48 
AQUIIII!!11 20 7 45 23 27 10 16 21 14 46 25 13 39 9 48 
AQUIIII!!25 43 6 32 23 18 17 12 19 8 28 46 22 20 44 48 
AQUIIII!!18 44 19 13 11 25 7 32 27 20 23 46 10 22 43 48 
AQUIIII!!48 44 7 43 23 25 20 18 32 22 19 10 27 11 46 13 
AQUIIII!!20 AQUIIII!!27 21 14 7 11 9 23 16 25 13 13 23 46 46 45 20 21 45 10 11 9 27 25 16 39 7 14 39 10 48 48 

AQUIIII!!27 11 13 9 44 21 46 20 23 25 16 32 10 45 7 48 
AQUIIII!!46 44 7 10 20 25 19 22 AQUIIII!!32 48 11 45 23 43 11 9 15 27 29 13 16 48 7 
23 37 27 20 14 AQUIIII!!21 48 9 12 10 7 44 13 43 
28 22 8 20 25 46 18 32 19 17 23 
AQUIIII!!48 9 44 13 10 7 45 25 32 46 16 20 21 23 11 27 
AQUIIII!!11 10 7 15 9 20 45 21 37 29 23 13 27 16 14 48 
AQUIIII!!44 27 19 22 10 13 11 43 23 25 7 32 20 9 48 46 
AQUIIII!!17 28 43 7 25 19 8 23 18 32 44 12 22 20 48 46 
AQUIIII!!46 27 11 44 32 9 23 43 16 13 20 10 25 22 7 48 
AQUIIII!!16 25 23 44 9 7 32 11 46 13 20 45 10 27 21 48 
AQUIIII!!11 13 16 23 45 7 AQUIIII!!37 7 14 16 37 21 27 20 10 23 27 14 9 45 29 11 29 10 9 48 20 13 15 21 
15 48 
AQUIIII!!7 44 12 28 8 46 22 19 18 32 17 25 20 23 43 48 
AQUIIII!!48 32 7 20 19 18 AQUIIII!!17 16 48 28 27 43 20 32 25 10 44 11 9 12 7 23 22 25 10 13 46 43 22 44 46 
23 
AQUIIII!!48 11 16 23 27 7 25 13 9 22 32 44 46 20 43 10 
AQUIIII!!6 23 22 12 28 43 32 18 44 19 46 17 25 AQUIIII!!19 8 20 44 48 22 
25 32 46 17 18 43 12 10 7 23 20 28 48 
AQUIIII!!12 17 20 25 43 23 10 28 22 19 44 32 46 7 18 48 
AQUIIII!!20 43 7 46 17 28 19 12 10 18 23 32 44 25 22 48 
AQUIIII!!48 10 23 7 16 44 9 11 20 13 21 32 27 25 45 46 
AQUIIII!!48 23 19 10 32 25 46 27 11 18 22 44 13 43 7 20 
AQUIIII!!48 10 14 9 29 27 23 11 37 7 13 15 45 21 16 20 
AQUIIII!!48 21 23 16 46 13 10 7 45 9 11 32 20 27 44 25 
AQUIIII!!48 46 22 43 28 23 7 20 32 19 25 44 18 17 12 8 
AQUIIII!!23 46 13 16 27 10 20 44 25 45 9 21 11 7 32 48 
AQUIIII!!11 10 7 32 46 13 43 44 22 27 23 25 16 20 9 48 
AQUIIII!!48 25 22 46 18 12 43 7 23 10 28 44 20 19 17 32 
AQUIIII!!48 8 43 17 12 46 18 6 28 19 44 22 32 23 25 20 
AQUIIII!!20 23 10 46 44 22 25 17 18 43 27 32 19 11 7 48 
AQUIIII!!23 20 44 19 10 7 43 46 27 25 17 32 18 11 22 48 
AQUIIII!!20 43 12 44 17 28 22 32 25 18 7 46 23 19 8 48 
AQUIIII!!48 6 46 20 22 32 43 28 25 12 44 17 8 18 19 23 
AQUIIII!!13 10 44 27 22 32 23 43 16 20 7 11 25 9 48 46 
AQUIIII!!7 13 46 20 44 25 22 43 11 18 10 19 23 27 32 48 
AQUIIII!!48 19 17 10 32 20 44 43 23 12 25 28 18 46 22 7 
AQUIIII!!48 9 13 11 45 21 16 20 27 23 37 7 15 29 10 14 
AQUIIII!!7 27 45 39 13 25 21 16 46 11 23 9 20 14 10 48 
AQUIIII!!22 19 10 20 46 32 44 12 25 18 17 AQUIIII!!7 23 44 28 43 43 48 48 
19 9 22 46 10 13 23 20 32 25 11 7 27 
AQUIIII!!7 23 20 27 11 21 15 16 13 45 29 37 10 9 14 48 
AQUIIII!!48 23 21 15 37 11 45 AQUIIII!!27 20 27 7 19 10 11 16 7 14 22 29 13 23 9 43 
10 20 25 46 13 32 44 9 48 
AQUIIII!!46 48 44 28 20 25 18 43 12 7 19 32 10 22 17 23 
AQUIIII!!20 28 32 12 8 7 23 44 17 25 19 18 22 43 46 48 
AQUIIII!!48 9 27 21 16 7 14 11 39 46 23 45 13 10 25 20 
AQUIIII!!19 48 20 44 8 23 25 28 43 46 17 12 22 18 32 7 
AQUIIII!!22 43 19 44 32 27 10 23 13 7 18 46 25 11 20 48 
Number of Cuts in the second phase:3115
Number of repeat: 2971 
Violation: 687.000000
Violation: 400.000000
Violation: 229.000000
Violation: 224.000000
Violation: 500.000000
Violation: 500.000000
Violation: 302.000000
Violation: 600.000000
Violation: 400.000000
Violation: 458.000000
Violation: 400.000000
Violation: 200.000000
Violation: 229.000000
Violation: 519.000000
Violation: 1200.000000
Violation: 109.000000
Violation: 295.000000
Violation: 100.000000
Violation: 600.000000
Violation: 500.000000
Violation: 500.000000
Violation: 200.000000
Violation: 500.000000
Violation: 1198.000000
Violation: 200.000000
Violation: 1000.000000
Violation: 71.000000
Violation: 250.000000
Violation: 228.000000
Violation: 500.000000
Violation: 200.000000
Violation: 513.000000
Violation: 250.000000
Violation: 109.000000
Violation: 500.000000
Violation: 456.000000
Violation: 600.000000
Violation: 400.000000
Violation: 682.000000
Violation: 200.000000
Violation: 1200.000000
Violation: 205.000000
Violation: 128.000000
Violation: 200.000000
Violation: 500.000000
Violation: 600.000000
Violation: 250.000000
Violation: 500.000000
Violation: 418.000000
Violation: 200.000000
Violation: 500.000000
Violation: 600.000000
Violation: 599.000000
Violation: 600.000000
Violation: 1000.000000
Violation: 200.000000
Violation: 84.000000
Violation: 400.000000
Violation: 400.000000
Violation: 599.000000
Violation: 84.000000
Violation: 151.000000
Violation: 198.000000
Violation: 500.000000
Violation: 200.000000
Violation: 250.000000
Violation: 250.000000
Violation: 151.000000
Violation: 109.000000
Violation: 500.000000
Violation: 200.000000
Violation: 400.000000
Violation: 531.000000
Violation: 71.000000
Violation: 531.000000
Violation: 400.000000
Violation: 1200.000000
Violation: 500.000000
Violation: 272.000000
Violation: 410.000000
Violation: 228.000000
Violation: 200.000000
Violation: 750.000000
Violation: 73.000000
Violation: 309.000000
Violation: 414.000000
Violation: 500.000000
Violation: 200.000000
Violation: 218.000000
Violation: 600.000000
Violation: 151.000000
Violation: 1250.000000
Violation: 500.000000
Violation: 500.000000
Violation: 573.000000
Violation: 1000.000000
Violation: 1000.000000
Violation: 500.000000
Violation: 198.000000
Violation: 354.000000
Violation: 586.000000
Violation: 1200.000000
Violation: 453.000000
Violation: 400.000000
Violation: 302.000000
Violation: 224.000000
Violation: 109.000000
Violation: 250.000000
Violation: 1044.000000
Violation: 1000.000000
Violation: 150.000000
Violation: 73.000000
Violation: 109.000000
Violation: 500.000000
Violation: 71.000000
Violation: 708.000000
Violation: 1200.000000
Violation: 180.000000
Violation: 709.000000
Violation: 500.000000
Violation: 500.000000
Violation: 200.000000
Violation: 1000.000000
Violation: 500.000000
Violation: 271.000000
Violation: 1000.000000
Violation: 273.000000
Violation: 600.000000
Violation: 498.000000
Violation: 100.000000
Violation: 71.000000
Violation: 200.000000
Violation: 521.000000
Violation: 200.000000
Violation: 198.000000
Violation: 500.000000
Violation: 609.000000
Violation: 500.000000
Violation: 500.000000
Violation: 73.000000
Violation: 100.000000
Violation: 229.000000
Violation: 522.000000
Violation: 198.000000
2400 16
AQUIIII!!48 43 12 17 25 32 46 7 19 23 44 18 20 22 8 28 
AQUIIII!!48 46 13 21 25 32 44 27 10 23 9 16 7 11 20 45 
AQUIIII!!13 11 45 10 25 27 16 21 20 14 9 23 39 7 48 46 
AQUIIII!!48 27 13 32 7 20 10 11 9 43 46 25 22 19 23 44 
AQUIIII!!17 19 10 44 22 AQUIIII!!11 7 32 28 27 32 23 19 25 43 18 25 20 10 7 44 46 20 48 18 43 22 
23 46 12 17 48 
AQUIIII!!7 44 32 22 13 18 25 19 43 27 10 11 23 20 46 48 AQUIIII!!
7 12 32 22 20 19 23 28 44 8 18 43 25 17 46 48 
AQUIIII!!21 11 45 10 15 9 7 37 27 29 20 23 14 13 16 48 
AQUIIII!!48 44 43 27 23 19 46 10 18 20 22 13 11 25 32 7 
AQUIIII!!19 20 8 43 32 23 17 46 22 28 44 18 7 12 25 48 
AQUIIII!!7 20 16 25 23 44 11 9 46 13 10 43 22 32 27 48 
AQUIIII!!7 13 23 43 32 25 20 27 44 22 19 10 11 18 48 46 
AQUIIII!!46 17 20 32 18 10 22 43 23 11 27 7 44 25 19 48 
AQUIIII!!48 20 16 11 25 10 21 32 27 44 23 13 45 9 7 46 AQUIIII!!
48 13 23 25 16 44 20 9 7 AQUIIII!!11 10 48 27 20 21 19 32 25 45 23 46 28 
43 12 17 22 44 46 32 8 7 18 
AQUIIII!!46 19 23 25 20 18 27 22 11 13 7 10 32 43 44 48 
AQUIIII!!48 20 43 7 27 10 46 25 32 23 11 22 19 13 18 44 
AQUIIII!!27 10 43 46 23 20 17 25 32 7 44 18 22 19 11 48 
AQUIIII!!32 25 44 28 20 12 6 19 23 17 22 8 18 46 43 48 
AQUIIII!!48 25 46 28 19 32 43 44 12 6 17 23 18 22 8 20 
AQUIIII!!43 46 7 22 17 20 12 25 28 44 23 19 8 18 32 48 
AQUIIII!!25 22 23 20 43 11 7 9 46 13 10 32 19 27 44 48 
AQUIIII!!48 19 17 6 25 44 32 12 46 8 20 28 22 23 18 43 
AQUIIII!!48 46 43 23 44 20 7 25 19 22 11 18 27 32 10 17 
AQUIIII!!43 18 19 32 7 17 11 23 46 25 27 20 10 44 22 48 
AQUIIII!!48 32 6 20 23 46 28 18 8 19 44 25 22 43 12 17 
AQUIIII!!22 44 11 18 25 20 23 43 13 32 27 10 46 7 19 48 
AQUIIII!!17 20 25 18 44 32 11 22 46 7 19 27 10 23 43 48 
AQUIIII!!43 48 46 11 22 7 20 10 32 25 18 23 19 17 44 27 
AQUIIII!!48 43 46 25 7 20 27 19 44 32 18 10 11 22 17 23 
AQUIIII!!48 19 46 12 8 20 7 32 28 22 18 23 43 44 25 17 
AQUIIII!!23 18 12 19 25 28 22 17 46 32 44 7 20 8 43 48 
AQUIIII!!25 28 43 19 32 12 18 17 44 23 20 10 22 7 46 48 
AQUIIII!!39 14 11 10 9 16 13 25 27 23 45 20 7 21 48 46 
AQUIIII!!48 43 19 22 23 46 32 18 44 20 7 8 12 28 25 17 
AQUIIII!!48 25 46 10 19 23 44 43 17 22 18 7 27 11 32 20 
AQUIIII!!48 7 19 10 17 32 22 46 20 28 18 44 23 43 25 12 
AQUIIII!!48 11 10 20 19 7 43 23 25 22 17 32 27 46 18 44 
AQUIIII!!43 19 32 11 13 22 10 46 25 44 18 7 23 20 27 48 
AQUIIII!!25 9 23 44 16 46 45 32 11 21 27 10 7 13 20 48 
Number of Cuts in the second phase:867
Number of repeat: 852 
Violation: 71.000000
Violation: 412.000000
Violation: 119.000000
Violation: 1000.000000
Violation: 224.000000
Violation: 511.000000
Violation: 250.000000
Violation: 108.000000
Violation: 198.000000
Violation: 287.000000
Violation: 200.000000
Violation: 30.000000
Violation: 379.000000
Violation: 84.000000
Violation: 458.000000
took 3.587417
Optimize a model with 523 rows, 906 columns and 9720 nonzeros
Coefficient statistics:
  Matrix range     [1e+00, 4e+01]
  Objective range  [0e+00, 0e+00]
  Bounds range     [1e+00, 4e+01]
  RHS range        [1e+00, 1e+02]
Presolve removed 288 rows and 109 columns
Presolve time: 0.01s
Presolved: 235 rows, 797 columns, 8434 nonzeros

Iteration    Objective       Primal Inf.    Dual Inf.      Time
       0    0.0000000e+00   4.408044e+01   0.000000e+00      0s
     130    0.0000000e+00   0.000000e+00   0.000000e+00      0s

Solved in 130 iterations and 0.01 seconds
Optimal objective  0.000000000e+00
