j3017_4.mm_s1.txt
Academic license - for non-commercial use only
Read LP format model from file lp/j3017_4.mm.lp
Reading time = 0.00 seconds
: 351 rows, 906 columns, 9053 nonzeros
OKGPU
nThreads: 1024 , nBlocks: 12 
Number cuts generated in the phase 1: 9
Number of repeat: 0 
violation 587.000000
violation 545.000000
violation 545.000000
violation 578.000000
violation 286.000000
violation 428.000000
violation 284.000000
violation 284.000000
violation 800.000000
6996 16
AQUIIII!!55 AQUIIII!!1 55 2 7 24 42 28 2 17 17 0 15 42 11 27 29 15 28 29 9 51 27 16 10 21 40 37 21 12 
16 34 
AQUIIII!!55 42 21 11 15 27 9 29 16 2 17 10 40 28 7 34 
AQUIIII!!55 12 9 34 21 29 15 24 37 7 2 17 27 0 16 40 
AQUIIII!!55 16 1 7 37 0 27 2 17 29 24 15 12 40 34 21 
AQUIIII!!55 16 7 21 29 15 27 12 37 0 40 24 34 17 2 9 
AQUIIII!!40 9 28 14 2 10 29 42 21 34 18 27 11 7 55 13 
AQUIIII!!55 10 7 27 29 42 17 13 34 40 16 11 AQUIIII!!21 55 28 AQUIIII!!29 2 55 27 9 7 10 
42 7 11 11 29 13 2 21 9 17 34 40 18 14 28 10 40 9 42 2 14 34 21 13 
28 27 
AQUIIII!!AQUIIII!!55 50 16 6 12 28 23 11 37 15 32 21 8 7 31 17 43 10 24 AQUIIII!!29 0 55 42 1 1 19 40 48 16 9 51 37 27 49 17 34 
2 28 51 
50 12 21 29 23 24 27 15 0 
AQUIIII!!2 21 9 42 15 16 17 29 28 40 34 10 27 7 55 AQUIIII!!11 37 
21 15 2 12 1 51 16 42 0 29 28 24 17 27 55 
AQUIIII!!24 2 27 51 0 28 21 29 17 1 16 15 37 12 42 55 
AQUIIII!!24 5 22 19 37 8 23 51 6 29 25 50 3 4 49 AQUIIII!!48 42 
27 10 13 18 7 11 29 9 40 20 34 14 2 28 55 
AQUIIII!!14 AQUIIII!!27 55 11 42 28 16 7 2 18 34 21 11 13 29 29 28 9 27 40 10 10 9 34 13 2 7 42 55 17 
21 40 
AQUIIII!!17 2 15 21 AQUIIII!!24 42 9 2 12 13 40 11 7 7 29 27 18 28 21 10 28 16 27 29 9 34 14 55 10 
34 40 55 
AQUIIII!!55 27 17 9 0 29 37 12 7 40 24 34 21 15 16 2 
AQUIIII!!29 21 40 10 27 13 9 18 2 34 42 28 7 11 14 55 
AQUIIII!!55 12 28 51 16 27 29 1 24 15 21 37 0 17 42 2 
AQUIIII!!13 14 2 34 20 40 42 18 27 29 AQUIIII!!9 42 11 7 28 2 10 7 9 55 34 
17 29 27 21 28 40 15 10 11 16 55 
AQUIIII!!23 27 1 AQUIIII!!21 1 0 42 15 2 29 21 37 17 50 24 28 0 12 29 51 15 16 37 17 12 24 28 55 27 
51 16 AQUIIII!!55 27 
13 10 9 29 AQUIIII!!42 55 2 2 14 14 21 9 34 11 40 40 7 7 28 11 34 18 27 28 21 55 13 42 
29 18 10 
AQUIIII!!0 27 21 24 51 17 29 16 2 15 37 42 28 1 12 55 
AQUIIII!!55 16 2 27 15 9 40 7 10 34 29 12 21 17 24 28 
AQUIIII!!17 24 16 29 12 7 28 21 27 15 2 10 34 9 40 55 
AQUIIII!!55 21 10 13 29 9 42 16 34 2 27 40 11 28 17 7 
AQUIIII!!55 13 11 20 9 10 34 7 18 2 14 42 29 40 28 27 
AQUIIII!!10 42 9 11 18 20 29 13 7 34 40 27 28 14 2 55 
AQUIIII!!0 2 21 29 37 16 34 AQUIIII!!40 55 27 27 24 28 9 21 15 9 7 34 12 2 17 17 55 10 
29 11 40 16 42 15 7 
AQUIIII!!28 40 10 29 11 7 9 14 27 42 17 21 13 34 2 55 
AQUIIII!!55 42 18 13 27 11 28 29 21 34 14 7 40 2 9 10 
AQUIIII!!27 40 13 11 2 42 10 7 9 14 18 28 21 29 34 55 
AQUIIII!!34 15 11 9 10 17 29 7 40 2 AQUIIII!!18 16 40 42 13 20 27 10 28 21 2 28 11 7 55 42 
29 9 14 27 34 55 AQUIIII!!
21 12 34 40 37 15 24 27 2 1 17 0 16 29 7 55 
AQUIIII!!34 7 11 14 2 21 29 40 9 27 10 13 18 28 42 55 
AQUIIII!!34 7 11 9 18 27 10 2 AQUIIII!!29 14 40 42 7 13 2 40 16 20 34 28 55 15 
27 17 37 0 12 24 21 1 29 55 
AQUIIII!!55 17 2 0 7 34 24 16 12 40 27 15 21 1 37 29 
AQUIIII!!55 9 10 29 42 7 16 AQUIIII!!55 21 23 27 51 34 16 12 11 21 17 15 28 27 40 17 29 15 0 2 37 
28 50 AQUIIII!!24 1 55 
28 15 23 21 0 50 51 27 24 29 37 1 16 17 12 
AQUIIII!!40 AQUIIII!!12 55 21 13 37 11 34 29 0 21 7 2 27 40 2 28 9 9 29 27 24 34 17 15 14 17 42 55 10 16 7 
AQUIIII!!
55 15 17 24 12 51 21 28 29 27 0 50 16 23 37 1 
AQUIIII!!55 21 28 13 2 9 10 42 40 17 14 7 11 27 34 29 
AQUIIII!!13 27 16 9 34 21 10 40 2 28 17 29 7 42 55 11 
AQUIIII!!21 11 42 2 7 29 27 13 28 40 9 18 10 14 34 55 
AQUIIII!!42 20 29 34 9 27 11 7 AQUIIII!!13 55 40 18 11 14 42 10 28 27 2 17 55 
40 10 13 16 9 21 29 28 2 34 7 
AQUIIII!!55 40 14 18 9 21 27 29 28 42 13 34 10 7 2 11 
AQUIIII!!37 42 24 15 0 17 27 2 12 1 28 21 51 29 16 55 
AQUIIII!!0 16 40 12 24 7 17 27 34 37 15 1 2 21 29 55 
AQUIIII!!40 15 27 16 0 34 17 12 37 7 21 2 29 24 1 55 
AQUIIII!!11 7 27 10 28 29 20 40 2 14 13 18 34 42 9 55 
AQUIIII!!55 7 27 37 34 17 40 16 29 0 12 2 24 21 15 1 
AQUIIII!!14 27 2 18 40 10 7 28 29 34 13 9 42 11 21 55 
AQUIIII!!27 21 2 29 14 10 9 40 42 17 11 13 28 7 34 55 
AQUIIII!!55 11 34 21 9 17 15 28 16 10 7 2 29 40 42 27 
AQUIIII!!55 10 2 9 13 40 14 29 21 27 34 42 11 7 28 17 
AQUIIII!!27 42 40 2 29 18 13 28 34 10 14 21 9 7 55 11 
AQUIIII!!12 16 21 28 29 0 42 17 51 15 27 37 2 1 24 55 
AQUIIII!!10 17 40 24 21 34 15 16 2 7 29 27 9 12 28 55 
AQUIIII!!42 10 17 27 29 9 16 AQUIIII!!40 55 12 21 24 29 34 17 15 15 7 11 16 0 2 37 28 40 34 7 27 55 2 9 
21 
AQUIIII!!2 34 29 16 21 7 15 9 27 17 24 12 28 40 10 55 
AQUIIII!!55 9 7 10 18 42 40 14 27 11 28 20 13 2 29 34 
AQUIIII!!28 9 7 17 29 15 10 24 34 40 21 2 16 12 27 55 
AQUIIII!!55 37 1 29 24 2 40 21 34 17 12 0 7 16 27 15 
AQUIIII!!24 29 17 40 7 12 2 27 16 37 0 21 34 15 9 55 
AQUIIII!!28 50 15 16 0 29 12 17 21 27 23 1 51 37 24 55 
AQUIIII!!2 10 AQUIIII!!9 13 29 9 17 42 34 14 40 28 27 34 28 11 24 7 10 7 18 16 29 15 21 21 27 12 40 55 2 
55 
AQUIIII!!55 51 15 0 1 17 28 27 2 16 24 29 37 12 21 42 
AQUIIII!!55 34 40 29 7 21 10 2 16 11 9 17 15 27 28 42 
AQUIIII!!20 9 27 11 10 29 40 13 18 34 42 2 14 7 28 55 
AQUIIII!!2 7 0 21 9 15 24 34 27 37 29 12 17 16 40 55 
AQUIIII!!55 13 2 7 10 21 9 40 28 29 11 27 17 16 42 34 
AQUIIII!!7 27 12 1 40 29 24 2 34 0 21 AQUIIII!!15 10 37 9 16 17 17 34 55 28 
16 11 15 27 7 2 42 21 40 29 55 
AQUIIII!!55 17 23 15 51 16 50 24 29 27 37 1 12 21 0 28 
AQUIIII!!55 9 11 13 34 42 2 21 27 10 16 40 7 17 29 28 
AQUIIII!!55 21 16 29 40 2 28 27 34 10 17 15 11 7 42 9 
AQUIIII!!13 55 11 28 42 40 29 34 7 10 18 9 27 20 14 2 
AQUIIII!!21 0 23 37 12 50 24 17 29 27 16 1 15 51 28 55 
AQUIIII!!29 16 28 40 10 11 27 34 2 9 21 42 7 17 13 55 
AQUIIII!!12 16 2 24 15 27 51 29 21 37 17 0 28 42 1 55 
AQUIIII!!55 1 27 23 51 37 29 21 17 15 24 28 0 12 16 50 
AQUIIII!!37 12 21 50 28 16 23 29 24 17 0 27 15 1 55 51 
AQUIIII!!7 24 27 15 21 0 34 16 12 40 29 37 17 2 9 55 
AQUIIII!!42 21 28 13 9 2 17 29 7 10 34 27 11 16 40 55 
AQUIIII!!11 21 27 9 16 28 29 2 17 40 15 7 34 42 10 55 
AQUIIII!!55 14 29 42 11 34 27 2 40 28 7 21 13 10 18 9 
AQUIIII!!28 37 15 50 51 21 12 24 29 17 1 0 27 23 55 16 
AQUIIII!!55 10 11 27 29 40 42 18 13 20 9 34 2 7 14 28 
AQUIIII!!9 17 0 34 7 15 12 21 24 16 29 40 2 27 37 55 
AQUIIII!!21 10 16 29 2 17 7 40 42 27 13 11 28 34 9 55 
AQUIIII!!27 7 29 42 13 34 28 21 9 11 2 18 40 10 14 55 
AQUIIII!!17 12 34 27 28 9 15 10 29 7 2 21 24 40 16 55 
AQUIIII!!55 9 40 0 15 12 37 27 29 7 24 17 16 21 34 2 
AQUIIII!!11 21 13 42 28 14 2 40 27 34 7 AQUIIII!!55 9 40 10 21 17 13 34 29 16 55 42 
10 27 9 7 28 17 29 11 2 
AQUIIII!!55 15 16 27 17 42 28 2 9 34 10 7 11 40 29 21 
AQUIIII!!16 27 42 40 9 28 13 10 2 17 7 29 21 34 11 55 
AQUIIII!!27 42 14 28 13 7 18 29 10 11 2 9 21 34 40 55 
AQUIIII!!55 37 27 40 34 16 1 24 15 12 29 7 0 17 21 2 
AQUIIII!!55 37 12 24 15 0 21 27 42 1 29 2 16 51 17 28 
AQUIIII!!55 28 12 40 29 27 21 16 10 15 34 2 17 9 7 24 
AQUIIII!!55 51 37 12 2 28 24 17 15 29 27 16 1 0 42 21 
AQUIIII!!40 34 11 42 18 29 27 28 14 20 AQUIIII!!10 29 53 21 54 24 47 34 13 7 52 15 
40 2 16 12 17 37 0 9 27 55 
AQUIIII!!40 2 27 14 18 28 42 9 13 7 34 10 29 20 11 55 
AQUIIII!!10 16 29 34 17 9 13 28 42 21 2 27 40 7 11 55 
Number of Cuts in the second phase:3207
Number of repeat: 2938 
Violation: 327.000000
Violation: 257.000000
Violation: 175.000000
Violation: 257.000000
Violation: 342.000000
Violation: 327.000000
Violation: 254.000000
Violation: 218.000000
Violation: 514.000000
Violation: 408.000000
Violation: 600.000000
Violation: 171.000000
Violation: 179.000000
Violation: 184.000000
Violation: 542.000000
Violation: 171.000000
Violation: 171.000000
Violation: 200.000000
Violation: 200.000000
Violation: 846.000000
Violation: 226.000000
Violation: 600.000000
Violation: 403.000000
Violation: 1200.000000
Violation: 342.000000
Violation: 102.000000
Violation: 872.000000
Violation: 771.000000
Violation: 262.000000
Violation: 109.000000
Violation: 513.000000
Violation: 626.000000
Violation: 218.000000
Violation: 226.000000
Violation: 342.000000
Violation: 171.000000
Violation: 400.000000
Violation: 513.000000
Violation: 255.000000
Violation: 109.000000
Violation: 226.000000
Violation: 341.000000
Violation: 412.000000
Violation: 432.000000
Violation: 428.000000
Violation: 438.000000
Violation: 282.000000
Violation: 407.000000
Violation: 200.000000
Violation: 228.000000
Violation: 54.000000
Violation: 611.000000
Violation: 364.000000
Violation: 113.000000
Violation: 98.000000
Violation: 171.000000
Violation: 542.000000
Violation: 168.000000
Violation: 262.000000
Violation: 327.000000
Violation: 113.000000
Violation: 872.000000
Violation: 485.000000
Violation: 284.000000
Violation: 370.000000
Violation: 200.000000
Violation: 292.000000
Violation: 284.000000
Violation: 435.000000
Violation: 617.000000
Violation: 342.000000
Violation: 168.000000
Violation: 200.000000
Violation: 511.000000
Violation: 164.000000
Violation: 599.000000
Violation: 632.000000
Violation: 82.000000
Violation: 671.000000
Violation: 199.000000
Violation: 428.000000
Violation: 463.000000
Violation: 340.000000
Violation: 455.000000
Violation: 763.000000
Violation: 417.000000
Violation: 425.000000
Violation: 98.000000
Violation: 222.000000
Violation: 155.000000
Violation: 763.000000
Violation: 284.000000
Violation: 604.000000
Violation: 510.000000
Violation: 55.000000
Violation: 400.000000
Violation: 446.000000
Violation: 84.000000
Violation: 563.000000
Violation: 113.000000
Violation: 97.000000
Violation: 514.000000
Violation: 178.000000
Violation: 350.000000
Violation: 455.000000
Violation: 730.000000
Violation: 171.000000
Violation: 748.000000
Violation: 432.000000
Violation: 462.000000
Violation: 592.000000
Violation: 328.000000
Violation: 1145.000000
Violation: 456.000000
Violation: 359.000000
Violation: 569.000000
Violation: 787.000000
Violation: 264.000000
Violation: 114.000000
Violation: 171.000000
Violation: 762.000000
Violation: 85.000000
Violation: 428.000000
Violation: 424.000000
Violation: 626.000000
Violation: 711.000000
Violation: 611.000000
Violation: 281.000000
Violation: 713.000000
Violation: 542.000000
Violation: 611.000000
Violation: 446.000000
Violation: 800.000000
Violation: 98.000000
Violation: 288.000000
Violation: 340.000000
Violation: 388.000000
Violation: 555.000000
Violation: 569.000000
Violation: 771.000000
Violation: 257.000000
Violation: 113.000000
Violation: 528.000000
Violation: 587.000000
Violation: 35.000000
Violation: 654.000000
Violation: 71.000000
Violation: 393.000000
Violation: 912.000000
Violation: 1200.000000
Violation: 511.000000
Violation: 261.000000
Violation: 730.000000
Violation: 414.000000
Violation: 770.000000
Violation: 284.000000
Violation: 611.000000
Violation: 1200.000000
Violation: 600.000000
Violation: 513.000000
Violation: 514.000000
Violation: 1084.000000
Violation: 398.000000
Violation: 71.000000
Violation: 569.000000
Violation: 724.000000
Violation: 506.000000
Violation: 149.000000
Violation: 623.000000
Violation: 748.000000
Violation: 1028.000000
Violation: 397.000000
Violation: 798.000000
Violation: 112.000000
Violation: 174.000000
Violation: 178.000000
Violation: 162.000000
Violation: 501.000000
Violation: 572.000000
Violation: 175.000000
Violation: 424.000000
Violation: 140.000000
Violation: 294.000000
Violation: 654.000000
Violation: 167.000000
Violation: 476.000000
Violation: 341.000000
Violation: 348.000000
Violation: 342.000000
Violation: 617.000000
Violation: 102.000000
Violation: 368.000000
Violation: 748.000000
Violation: 285.000000
Violation: 292.000000
Violation: 255.000000
Violation: 199.000000
Violation: 113.000000
Violation: 226.000000
Violation: 1156.000000
Violation: 359.000000
Violation: 654.000000
Violation: 436.000000
Violation: 370.000000
Violation: 631.000000
Violation: 98.000000
Violation: 685.000000
Violation: 405.000000
Violation: 394.000000
Violation: 199.000000
Violation: 339.000000
Violation: 55.000000
Violation: 5.000000
Violation: 297.000000
Violation: 1082.000000
Violation: 620.000000
Violation: 569.000000
Violation: 600.000000
Violation: 330.000000
Violation: 571.000000
Violation: 773.000000
Violation: 1084.000000
Violation: 599.000000
Violation: 35.000000
Violation: 872.000000
Violation: 420.000000
Violation: 335.000000
Violation: 541.000000
Violation: 350.000000
Violation: 603.000000
Violation: 291.000000
Violation: 763.000000
Violation: 645.000000
Violation: 787.000000
Violation: 521.000000
Violation: 282.000000
Violation: 397.000000
Violation: 564.000000
Violation: 623.000000
Violation: 101.000000
Violation: 148.000000
Violation: 716.000000
Violation: 398.000000
Violation: 427.000000
Violation: 28.000000
Violation: 392.000000
Violation: 470.000000
Violation: 339.000000
Violation: 748.000000
Violation: 428.000000
Violation: 428.000000
Violation: 114.000000
Violation: 606.000000
Violation: 600.000000
Violation: 199.000000
Violation: 514.000000
Violation: 1069.000000
Violation: 678.000000
Violation: 210.000000
Violation: 568.000000
Violation: 1000.000000
Violation: 806.000000
Violation: 312.000000
Violation: 397.000000
Violation: 105.000000
Violation: 266.000000
Violation: 689.000000
Violation: 43.000000
Violation: 284.000000
took 2.788506
Optimize a model with 636 rows, 906 columns and 10383 nonzeros
Coefficient statistics:
  Matrix range     [1e+00, 4e+01]
  Objective range  [0e+00, 0e+00]
  Bounds range     [1e+00, 4e+01]
  RHS range        [1e+00, 1e+02]
Presolve removed 293 rows and 108 columns
Presolve time: 0.00s
Presolved: 343 rows, 798 columns, 9003 nonzeros

Iteration    Objective       Primal Inf.    Dual Inf.      Time
       0    0.0000000e+00   4.570544e+01   0.000000e+00      0s
     136    0.0000000e+00   0.000000e+00   0.000000e+00      0s

Solved in 136 iterations and 0.01 seconds
Optimal objective  0.000000000e+00
