j1201_1.sm_s1.txt
Academic license - for non-commercial use only
Read LP format model from file lp/j1201_1.sm.lp
Reading time = 0.04 seconds
: 1196 rows, 5432 columns, 62759 nonzeros
OKGPU
nThreads: 1024 , nBlocks: 12 
Number cuts generated in the phase 1: 33
Number of repeat: 7 
violation 334.000000
violation 145.000000
violation 234.000000
violation 288.000000
violation 207.000000
violation 63.000000
violation 293.000000
violation 390.000000
violation 467.000000
violation 142.000000
violation 168.000000
violation 458.000000
violation 370.000000
violation 757.000000
violation 859.000000
violation 859.000000
violation 857.000000
violation 637.000000
violation 637.000000
violation 557.000000
violation 164.000000
violation 21.000000
violation 523.000000
violation 445.000000
violation 495.000000
violation 37.000000
8592 16
AQUIIII!!23 110 24 108 27 36 90 26 68 32 111 85 25 86 66 75 
AQUIIII!!112 24 108 66 36 26 27 75 25 86 90 110 68 32 111 85 
AQUIIII!!112 116 111 118 86 85 0 110 28 29 66 58 49 81 119 117 
AQUIIII!!47 76 111 117 85 86 116 32 36 81 108 66 27 110 26 112 
AQUIIII!!47 76 111 117 85 86 116 32 36 81 108 66 27 110 26 112 
AQUIIII!!47 76 111 117 85 86 116 32 36 81 108 66 27 110 26 112 
AQUIIII!!112 26 111 47 32 116 36 108 85 76 81 117 110 86 27 66 
AQUIIII!!28 111 30 116 0 119 81 29 58 66 112 85 88 49 117 118 
AQUIIII!!115 113 31 88 40 41 38 80 81 39 85 30 49 58 114 33 
AQUIIII!!111 112 28 58 118 117 119 81 85 0 88 116 49 66 29 30 
AQUIIII!!115 88 114 113 34 35 49 39 58 40 41 85 81 33 38 80 
AQUIIII!!24 27 108 32 112 111 26 90 66 86 85 68 110 25 75 36 
AQUIIII!!116 117 86 118 58 85 28 81 49 29 0 66 110 111 112 119 
AQUIIII!!85 25 32 68 75 26 108 66 AQUIIII!!23 110 85 86 AQUIIII!!66 90 117 36 36 58 86 116 32 24 36 27 111 0 117 110 108 47 111 86 
66 81 108 118 81 49 27 111 116 119 110 112 76 
85 112 26 
AQUIIII!!36 86 32 111 117 47 66 108 81 27 116 110 76 85 112 26 
AQUIIII!!110 86 116 75 108 90 85 66 25 36 32 26 68 112 111 27 
AQUIIII!!110 86 116 75 AQUIIII!!118 108 90 111 112 85 58 66 25 119 81 36 32 86 26 49 68 0 66 112 111 36 27 108 
116 117 85 110 
AQUIIII!!110 86 116 75 108 90 85 66 25 36 32 26 68 112 111 27 
AQUIIII!!31 115 39 33 88 114 38 85 40 49 113 58 81 80 41 34 
AQUIIII!!112 111 86 108 68 66 110 85 25 90 32 116 36 27 26 75 
AQUIIII!!0 66 119 28 29 118 58 117 86 49 81 112 110 116 111 85 
AQUIIII!!90 26 36 66 68 86 108 85 32 112 111 27 110 75 24 25 
AQUIIII!!90 26 36 66 68 86 108 85 32 112 111 27 AQUIIII!!110 25 75 24 68 25 26 
24 27 112 111 86 85 110 36 90 75 108 66 32 
AQUIIII!!90 26 36 66 68 86 108 85 32 112 111 27 110 75 24 25 
AQUIIII!!116 36 118 86 47 117 27 108 81 32 76 66 111 85 110 112 
AQUIIII!!118 86 111 81 116 85 36 47 108 110 66 76 117 32 112 27 
AQUIIII!!118 86 111 81 116 85 36 47 108 110 66 76 117 32 112 27 
AQUIIII!!111 112 27 36 86 81 117 108 26 66 116 85 32 47 110 76 
AQUIIII!!111 112 27 36 86 81 117 108 26 66 116 85 32 47 110 76 
AQUIIII!!27 66 110 47 36 86 32 76 118 85 81 117 116 108 111 112 
AQUIIII!!112 111 26 68 25 108 85 32 110 27 36 75 90 86 24 66 
AQUIIII!!27 66 110 47 36 86 32 76 118 85 81 117 116 108 111 112 
AQUIIII!!111 112 81 118 36 76 110 117 116 108 66 85 27 32 86 47 
AQUIIII!!112 111 26 68 25 108 85 32 110 27 36 75 90 86 24 66 
AQUIIII!!112 27 85 110 66 81 118 116 32 36 111 47 108 76 117 86 
AQUIIII!!85 38 33 29 31 40 81 88 39 58 113 80 49 41 114 30 
AQUIIII!!81 112 118 110 49 119 58 117 28 0 86 66 85 29 116 111 
AQUIIII!!66 112 111 119 118 0 29 49 28 58 110 85 116 81 86 AQUIIII!!117 25 
68 26 24 27 112 111 86 85 110 36 90 75 108 66 32 
AQUIIII!!47 86 119 110 36 118 85 117 66 81 32 111 116 108 112 76 
AQUIIII!!0 117 108 116 85 66 58 110 81 119 118 36 86 112 49 111 
AQUIIII!!108 32 81 47 117 36 118 116 86 27 85 110 76 66 111 112 
AQUIIII!!43 5 58 42 49 AQUIIII!!41 38 1 88 57 81 81 39 30 34 58 80 85 35 80 115 113 114 40 113 33 88 49 
41 115 114 31 
AQUIIII!!112 26 116 81 117 32 110 27 76 36 108 111 47 85 66 86 
AQUIIII!!112 26 116 81 117 32 110 AQUIIII!!27 76 111 36 108 68 111 112 47 85 36 66 86 90 
85 32 25 75 86 26 116 110 66 27 AQUIIII!!108 26 112 
86 117 111 110 47 27 32 66 85 36 81 AQUIIII!!116 86 108 112 68 76 90 25 
75 108 66 36 85 27 116 26 32 110 111 
AQUIIII!!75 25 110 36 108 86 85 66 111 24 27 32 26 112 68 90 
AQUIIII!!28 111 49 AQUIIII!!118 85 110 119 112 58 116 81 0 25 117 85 88 86 112 111 29 75 66 116 27 30 36 
66 32 108 68 90 26 
AQUIIII!!0 86 110 108 58 49 66 119 81 118 117 85 36 111 112 116 
AQUIIII!!0 86 110 108 58 49 66 119 81 118 117 85 36 111 112 116 
AQUIIII!!27 111 108 25 112 36 26 75 66 85 86 110 68 24 90 32 
AQUIIII!!111 25 26 110 112 86 32 68 75 108 36 27 116 85 90 66 
AQUIIII!!112 111 26 68 25 108 85 32 110 27 36 75 90 86 24 66 
AQUIIII!!39 29 81 88 31 85 30 58 40 41 38 33 80 49 28 113 
AQUIIII!!26 81 117 32 85 66 108 86 116 76 36 112 27 110 47 111 
AQUIIII!!111 112 27 36 86 81 117 108 26 66 116 85 32 47 110 76 
AQUIIII!!111 116 112 108 86 110 26 85 32 66 27 76 47 81 36 117 
AQUIIII!!23 110 66 32 36 21 24 86 85 26 108 68 27 75 90 AQUIIII!!25 115 
113 31 88 40 41 38 80 81 39 85 30 49 58 114 33 
AQUIIII!!112 108 111 68 36 86 27 32 110 75 26 AQUIIII!!85 25 66 24 66 0 90 119 
49 85 118 31 88 81 117 28 58 112 116 30 29 
AQUIIII!!112 111 26 68 25 108 85 32 110 27 36 75 90 86 24 66 
AQUIIII!!25 36 75 27 90 110 86 116 68 26 66 32 108 85 111 112 
AQUIIII!!114 41 38 58 40 31 80 88 49 33 39 85 81 113 30 115 
AQUIIII!!116 111 110 26 27 75 112 66 32 85 25 36 68 86 90 108 
AQUIIII!!116 111 110 26 27 75 112 66 32 85 25 36 68 86 90 108 
AQUIIII!!41 33 39 58 88 40 49 80 34 85 113 81 38 114 115 31 
AQUIIII!!0 119 81 49 85 29 118 117 86 66 111 110 58 116 112 28 
AQUIIII!!116 0 28 81 29 86 110 58 117 85 119 49 118 66 112 111 
AQUIIII!!32 86 90 24 108 27 75 85 26 68 66 25 21 36 110 23 
AQUIIII!!118 0 58 111 28 117 66 81 49 116 86 85 119 112 29 110 
AQUIIII!!86 116 32 118 85 108 117 36 111 76 47 110 81 66 27 112 
AQUIIII!!111 24 45 36 47 56 49 25 26 23 27 108 50 32 110 44 
AQUIIII!!0 58 110 117 49 85 29 66 28 119 81 86 112 118 116 111 
AQUIIII!!108 24 111 85 75 27 32 25 112 36 86 26 68 110 66 90 
AQUIIII!!112 111 86 85 117 49 0 36 58 118 81 116 119 108 66 110 
AQUIIII!!111 112 27 36 86 81 117 108 26 66 116 85 32 47 110 76 
AQUIIII!!111 27 66 68 112 110 85 75 32 24 36 86 90 108 26 25 
AQUIIII!!112 110 111 86 28 66 118 119 116 81 117 49 85 0 29 58 
AQUIIII!!111 25 26 110 112 86 32 68 75 108 36 27 116 85 90 66 
AQUIIII!!66 85 49 116 0 110 29 58 119 118 86 28 117 111 112 81 
AQUIIII!!114 115 88 113 81 35 57 80 40 41 58 42 43 34 49 39 
AQUIIII!!110 119 111 112 58 66 86 116 85 118 0 81 117 108 36 49 
AQUIIII!!75 86 108 26 85 110 116 32 68 36 66 112 90 25 111 27 
AQUIIII!!29 49 58 110 116 118 81 0 117 85 66 86 28 111 119 112 
AQUIIII!!47 36 108 26 32 116 110 81 86 27 76 85 117 112 111 66 
AQUIIII!!47 76 116 85 86 32 117 108 112 81 66 118 36 110 111 27 
AQUIIII!!111 108 24 32 75 85 112 110 25 27 86 68 36 90 26 66 
AQUIIII!!66 30 81 118 88 112 119 49 85 0 116 58 28 117 29 111 
AQUIIII!!112 27 75 24 111 25 85 32 68 90 110 86 66 108 26 36 
AQUIIII!!110 111 27 24 68 26 108 36 32 66 112 25 90 75 85 86 
AQUIIII!!24 111 110 27 86 68 85 66 75 108 90 23 25 26 36 32 
AQUIIII!!112 29 116 85 28 111 58 81 49 88 30 0 118 66 119 117 
AQUIIII!!111 112 28 58 118 117 119 81 85 0 88 116 49 66 29 30 
AQUIIII!!86 66 119 108 49 0 117 85 110 36 116 58 118 111 81 112 
AQUIIII!!81 111 112 108 116 117 76 66 118 47 36 86 85 110 27 32 
AQUIIII!!111 29 28 0 85 86 117 119 81 49 112 118 66 116 110 58 
AQUIIII!!110 75 66 86 AQUIIII!!36 108 32 112 85 86 116 36 111 110 112 26 108 68 90 90 27 27 25 85 
75 116 66 68 32 25 26 111 
AQUIIII!!112 86 36 110 108 90 27 85 75 116 66 68 32 25 26 111 
AQUIIII!!25 66 111 112 116 26 27 75 108 110 90 36 68 86 32 85 
AQUIIII!!28 111 112 108 85 49 58 117 118 66 116 119 86 110 0 81 
AQUIIII!!88 49 40 58 35 1 80 57 42 43 41 81 34 114 115 113 
AQUIIII!!88 49 40 58 35 1 80 57 42 43 41 81 34 114 115 113 
AQUIIII!!111 26 66 86 85 76 47 108 81 117 110 27 116 112 36 32 
AQUIIII!!85 108 68 66 25 75 111 90 36 27 86 24 32 110 112 26 
AQUIIII!!25 66 111 112 116 26 27 75 108 110 90 36 68 86 32 85 
AQUIIII!!31 116 85 33 58 29 30 0 66 118 81 117 28 88 119 49 
AQUIIII!!117 32 108 27 76 66 86 47 110 85 36 81 26 112 116 111 
AQUIIII!!117 32 108 27 76 66 86 47 110 85 36 81 26 112 116 111 
AQUIIII!!117 32 108 27 76 66 86 47 110 85 36 81 26 112 116 111 
AQUIIII!!29 113 114 31 81 41 38 80 40 58 39 49 30 85 88 33 
AQUIIII!!111 112 28 58 118 117 119 81 85 0 88 116 49 66 29 30 
AQUIIII!!110 85 36 66 117 116 47 76 81 86 32 108 112 27 26 111 
AQUIIII!!110 85 36 66 117 116 47 76 81 86 32 108 112 27 26 111 
AQUIIII!!110 85 36 66 117 116 47 76 81 86 32 108 112 27 26 111 
AQUIIII!!42 35 40 80 88 1 57 41 49 58 43 34 115 81 114 113 
AQUIIII!!111 29 58 116 85 86 66 110 119 0 81 118 117 28 49 112 
AQUIIII!!85 36 86 66 24 111 25 108 110 75 90 32 68 26 27 112 
AQUIIII!!85 36 86 66 24 111 25 108 110 75 90 32 68 26 27 112 
AQUIIII!!86 25 68 85 24 111 36 26 66 90 75 112 27 32 108 110 
AQUIIII!!58 115 113 114 41 85 80 49 40 38 35 81 39 88 34 33 
AQUIIII!!112 27 85 110 66 81 118 116 32 36 111 47 108 76 117 86 
AQUIIII!!112 24 108 66 36 26 27 75 25 86 90 110 68 32 111 85 
AQUIIII!!26 112 66 27 24 68 85 111 86 75 108 25 90 32 110 36 
Number of Cuts in the second phase:4036
Number of repeat: 3526 
Violation: 718.000000
Violation: 187.000000
Violation: 702.000000
Violation: 637.000000
Violation: 329.000000
Violation: 1355.000000
Violation: 279.000000
Violation: 329.000000
Violation: 507.000000
Violation: 627.000000
Violation: 876.000000
Violation: 389.000000
Violation: 656.000000
Violation: 432.000000
Violation: 88.000000
Violation: 279.000000
Violation: 143.000000
Violation: 432.000000
Violation: 390.000000
Violation: 485.000000
Violation: 656.000000
Violation: 381.000000
Violation: 239.000000
Violation: 370.000000
Violation: 77.000000
Violation: 135.000000
Violation: 358.000000
Violation: 46.000000
Violation: 575.000000
Violation: 600.000000
Violation: 415.000000
Violation: 32.000000
Violation: 424.000000
Violation: 515.000000
Violation: 226.000000
Violation: 967.000000
Violation: 879.000000
Violation: 584.000000
Violation: 692.000000
Violation: 632.000000
Violation: 110.000000
Violation: 747.000000
Violation: 472.000000
Violation: 358.000000
Violation: 658.000000
Violation: 515.000000
Violation: 434.000000
Violation: 461.000000
Violation: 714.000000
Violation: 176.000000
Violation: 929.000000
Violation: 53.000000
Violation: 325.000000
Violation: 256.000000
Violation: 84.000000
Violation: 742.000000
Violation: 1187.000000
Violation: 233.000000
Violation: 657.000000
Violation: 905.000000
Violation: 814.000000
Violation: 742.000000
Violation: 630.000000
Violation: 80.000000
Violation: 716.000000
Violation: 295.000000
Violation: 46.000000
Violation: 116.000000
Violation: 254.000000
Violation: 249.000000
Violation: 789.000000
Violation: 627.000000
Violation: 1046.000000
Violation: 718.000000
Violation: 220.000000
Violation: 890.000000
Violation: 154.000000
Violation: 557.000000
Violation: 518.000000
Violation: 240.000000
Violation: 905.000000
Violation: 1295.000000
Violation: 187.000000
Violation: 24.000000
Violation: 637.000000
Violation: 798.000000
Violation: 221.000000
Violation: 182.000000
Violation: 277.000000
Violation: 83.000000
Violation: 747.000000
Violation: 378.000000
Violation: 32.000000
Violation: 68.000000
Violation: 16.000000
Violation: 1187.000000
Violation: 514.000000
Violation: 318.000000
Violation: 703.000000
Violation: 287.000000
Violation: 780.000000
Violation: 245.000000
Violation: 618.000000
Violation: 51.000000
Violation: 207.000000
Violation: 188.000000
Violation: 738.000000
Violation: 46.000000
Violation: 187.000000
Violation: 114.000000
Violation: 583.000000
Violation: 374.000000
Violation: 1047.000000
Violation: 324.000000
Violation: 576.000000
Violation: 573.000000
Violation: 637.000000
Violation: 572.000000
Violation: 166.000000
Violation: 860.000000
Violation: 313.000000
Violation: 500.000000
Violation: 574.000000
Violation: 270.000000
Violation: 650.000000
Violation: 708.000000
Violation: 435.000000
Violation: 51.000000
Violation: 763.000000
Violation: 702.000000
Violation: 52.000000
Violation: 26.000000
Violation: 274.000000
Violation: 540.000000
Violation: 171.000000
Violation: 906.000000
Violation: 44.000000
Violation: 287.000000
Violation: 201.000000
Violation: 43.000000
Violation: 1221.000000
Violation: 466.000000
Violation: 177.000000
Violation: 743.000000
Violation: 1170.000000
Violation: 26.000000
Violation: 1108.000000
Violation: 347.000000
Violation: 328.000000
Violation: 234.000000
Violation: 1096.000000
Violation: 353.000000
Violation: 1379.000000
Violation: 378.000000
Violation: 702.000000
Violation: 199.000000
Violation: 238.000000
Violation: 227.000000
Violation: 39.000000
Violation: 71.000000
Violation: 278.000000
Violation: 353.000000
Violation: 632.000000
Violation: 40.000000
Violation: 631.000000
Violation: 468.000000
Violation: 1826.000000
Violation: 103.000000
Violation: 597.000000
Violation: 388.000000
Violation: 427.000000
Violation: 1073.000000
Violation: 517.000000
Violation: 283.000000
Violation: 45.000000
Violation: 355.000000
Violation: 813.000000
Violation: 770.000000
Violation: 252.000000
Violation: 1226.000000
Violation: 1667.000000
Violation: 72.000000
Violation: 1488.000000
Violation: 1770.000000
Violation: 333.000000
Violation: 561.000000
Violation: 738.000000
Violation: 1172.000000
Violation: 630.000000
Violation: 355.000000
Violation: 906.000000
Violation: 353.000000
Violation: 222.000000
Violation: 657.000000
Violation: 654.000000
Violation: 274.000000
Violation: 895.000000
Violation: 433.000000
Violation: 738.000000
Violation: 145.000000
Violation: 1005.000000
Violation: 1861.000000
Violation: 96.000000
Violation: 328.000000
Violation: 213.000000
Violation: 26.000000
Violation: 629.000000
Violation: 1098.000000
Violation: 659.000000
Violation: 384.000000
Violation: 656.000000
Violation: 466.000000
Violation: 517.000000
Violation: 762.000000
Violation: 87.000000
Violation: 263.000000
Violation: 640.000000
Violation: 61.000000
Violation: 183.000000
Violation: 50.000000
Violation: 627.000000
Violation: 409.000000
Violation: 1055.000000
Violation: 94.000000
Violation: 756.000000
Violation: 55.000000
Violation: 129.000000
Violation: 68.000000
Violation: 544.000000
Violation: 164.000000
Violation: 348.000000
Violation: 582.000000
Violation: 121.000000
Violation: 34.000000
Violation: 296.000000
Violation: 833.000000
Violation: 893.000000
Violation: 260.000000
Violation: 253.000000
Violation: 965.000000
Violation: 319.000000
Violation: 328.000000
Violation: 1264.000000
Violation: 628.000000
Violation: 964.000000
Violation: 457.000000
Violation: 587.000000
Violation: 973.000000
Violation: 938.000000
Violation: 753.000000
Violation: 525.000000
Violation: 866.000000
Violation: 916.000000
Violation: 985.000000
Violation: 459.000000
Violation: 234.000000
Violation: 672.000000
Violation: 445.000000
Violation: 21.000000
Violation: 1264.000000
Violation: 377.000000
Violation: 150.000000
Violation: 737.000000
Violation: 141.000000
Violation: 435.000000
Violation: 79.000000
Violation: 375.000000
Violation: 176.000000
Violation: 152.000000
Violation: 88.000000
Violation: 518.000000
Violation: 1208.000000
Violation: 643.000000
Violation: 1267.000000
Violation: 3.000000
Violation: 476.000000
Violation: 801.000000
Violation: 572.000000
Violation: 399.000000
Violation: 75.000000
Violation: 471.000000
Violation: 525.000000
Violation: 324.000000
Violation: 1080.000000
Violation: 1374.000000
Violation: 309.000000
Violation: 1515.000000
Violation: 8.000000
Violation: 610.000000
Violation: 368.000000
Violation: 1578.000000
Violation: 484.000000
Violation: 227.000000
Violation: 722.000000
Violation: 380.000000
Violation: 256.000000
Violation: 202.000000
Violation: 1295.000000
Violation: 871.000000
Violation: 310.000000
Violation: 571.000000
Violation: 459.000000
Violation: 985.000000
Violation: 22.000000
Violation: 563.000000
Violation: 471.000000
Violation: 262.000000
Violation: 597.000000
Violation: 755.000000
Violation: 656.000000
Violation: 270.000000
Violation: 397.000000
Violation: 915.000000
Violation: 86.000000
Violation: 183.000000
Violation: 743.000000
Violation: 17.000000
Violation: 258.000000
Violation: 141.000000
Violation: 193.000000
Violation: 768.000000
Violation: 362.000000
Violation: 406.000000
Violation: 1045.000000
Violation: 945.000000
Violation: 328.000000
Violation: 71.000000
Violation: 646.000000
Violation: 751.000000
Violation: 1026.000000
Violation: 523.000000
Violation: 356.000000
Violation: 15.000000
Violation: 627.000000
Violation: 1022.000000
Violation: 459.000000
Violation: 312.000000
Violation: 125.000000
Violation: 637.000000
Violation: 577.000000
Violation: 372.000000
Violation: 1136.000000
Violation: 777.000000
Violation: 401.000000
Violation: 482.000000
Violation: 545.000000
Violation: 554.000000
Violation: 658.000000
Violation: 190.000000
Violation: 559.000000
Violation: 640.000000
Violation: 273.000000
Violation: 235.000000
Violation: 44.000000
Violation: 71.000000
Violation: 639.000000
Violation: 356.000000
Violation: 802.000000
Violation: 1364.000000
Violation: 337.000000
Violation: 657.000000
Violation: 283.000000
Violation: 19.000000
Violation: 336.000000
Violation: 1086.000000
Violation: 1283.000000
Violation: 1164.000000
Violation: 17.000000
Violation: 875.000000
Violation: 1041.000000
Violation: 764.000000
Violation: 307.000000
Violation: 1364.000000
Violation: 334.000000
Violation: 843.000000
Violation: 624.000000
Violation: 505.000000
Violation: 316.000000
Violation: 199.000000
Violation: 187.000000
Violation: 167.000000
Violation: 213.000000
Violation: 177.000000
Violation: 592.000000
Violation: 417.000000
Violation: 1136.000000
Violation: 418.000000
Violation: 132.000000
Violation: 217.000000
Violation: 475.000000
Violation: 124.000000
Violation: 687.000000
Violation: 1184.000000
Violation: 1156.000000
Violation: 4.000000
Violation: 348.000000
Violation: 229.000000
Violation: 1.000000
Violation: 520.000000
Violation: 397.000000
Violation: 879.000000
Violation: 625.000000
Violation: 982.000000
Violation: 395.000000
Violation: 298.000000
Violation: 83.000000
Violation: 44.000000
Violation: 1115.000000
Violation: 57.000000
Violation: 251.000000
Violation: 313.000000
Violation: 1205.000000
Violation: 81.000000
Violation: 166.000000
Violation: 174.000000
Violation: 752.000000
Violation: 1052.000000
Violation: 6.000000
Violation: 50.000000
Violation: 266.000000
Violation: 209.000000
Violation: 101.000000
Violation: 9.000000
Violation: 441.000000
Violation: 461.000000
Violation: 722.000000
Violation: 843.000000
Violation: 1094.000000
Violation: 1906.000000
Violation: 350.000000
Violation: 854.000000
Violation: 553.000000
Violation: 194.000000
Violation: 1190.000000
Violation: 339.000000
Violation: 344.000000
Violation: 387.000000
Violation: 632.000000
Violation: 652.000000
Violation: 165.000000
Violation: 25.000000
Violation: 219.000000
Violation: 186.000000
Violation: 848.000000
Violation: 392.000000
Violation: 531.000000
Violation: 950.000000
Violation: 745.000000
Violation: 1279.000000
Violation: 424.000000
Violation: 1184.000000
Violation: 816.000000
Violation: 119.000000
Violation: 101.000000
Violation: 158.000000
Violation: 582.000000
Violation: 764.000000
Violation: 831.000000
Violation: 122.000000
Violation: 1737.000000
Violation: 416.000000
Violation: 330.000000
Violation: 747.000000
Violation: 1303.000000
Violation: 486.000000
Violation: 864.000000
Violation: 930.000000
Violation: 666.000000
Violation: 265.000000
Violation: 546.000000
Violation: 233.000000
Violation: 905.000000
Violation: 102.000000
Violation: 947.000000
Violation: 1951.000000
Violation: 885.000000
Violation: 582.000000
Violation: 46.000000
Violation: 273.000000
Violation: 519.000000
Violation: 426.000000
Violation: 420.000000
Violation: 20.000000
Violation: 432.000000
Violation: 361.000000
Violation: 671.000000
Violation: 896.000000
Violation: 459.000000
Violation: 19.000000
Violation: 138.000000
Violation: 310.000000
Violation: 22.000000
Violation: 307.000000
Violation: 258.000000
Violation: 161.000000
Violation: 270.000000
Violation: 1344.000000
Violation: 184.000000
Violation: 1080.000000
Violation: 47.000000
Violation: 233.000000
Violation: 741.000000
Violation: 621.000000
Violation: 434.000000
Violation: 355.000000
Violation: 943.000000
Violation: 461.000000
Violation: 1310.000000
Violation: 1388.000000
Violation: 1436.000000
408 16
AQUIIII!!111 112 47 117 86 81 118 119 108 110 36 116 66 76 85 32 
AQUIIII!!85 26 68 27 108 90 110 32 36 25 86 66 75 23 24 111 
AQUIIII!!111 27 110 116 36 75 90 32 25 108 68 85 26 86 66 112 
AQUIIII!!111 112 85 116 47 36 32 76 86 119 118 108 66 81 110 117 
AQUIIII!!111 112 86 81 0 116 119 49 28 85 117 58 118 110 29 66 
AQUIIII!!112 29 117 28 88 31 66 58 30 119 81 0 118 85 116 49 
AQUIIII!!29 112 81 116 31 0 49 119 58 117 66 30 28 118 85 88 
Number of Cuts in the second phase:188
Number of repeat: 176 
Violation: 86.000000
Violation: 646.000000
Violation: 1374.000000
Violation: 108.000000
Violation: 761.000000
Violation: 141.000000
Violation: 348.000000
Violation: 1269.000000
Violation: 1126.000000
Violation: 458.000000
Violation: 25.000000
Violation: 519.000000
took 8.582211

Warning: excessive time spent in model updates.
Consider calling update less frequently.

Optimize a model with 1755 rows, 5432 columns and 66888 nonzeros
Coefficient statistics:
  Matrix range     [1e+00, 1e+02]
  Objective range  [0e+00, 0e+00]
  Bounds range     [1e+00, 1e+02]
  RHS range        [1e+00, 6e+01]

Concurrent LP optimizer: dual simplex and barrier
Showing barrier log only...

Presolve removed 425 rows and 256 columns
Presolve time: 0.02s
Presolved: 1330 rows, 5176 columns, 56160 nonzeros

Ordering time: 0.00s

Barrier statistics:
 Dense cols : 39
 AA' NZ     : 3.976e+04
 Factor NZ  : 1.165e+05 (roughly 4 MBytes of memory)
 Factor Ops : 1.801e+07 (less than 1 second per iteration)
 Threads    : 3

                  Objective                Residual
Iter       Primal          Dual         Primal    Dual     Compl     Time
   0   0.00000000e+00 -5.86781250e+01  2.67e+03 0.00e+00  9.37e-01     0s
   1   0.00000000e+00 -1.42420468e+02  7.79e+02 1.19e-02  2.75e-01     0s
   2   0.00000000e+00 -1.34519649e+02  2.27e+02 5.27e-16  7.91e-02     0s
   3   0.00000000e+00 -7.22601189e+01  1.76e+01 3.82e-16  1.08e-02     0s
   4   0.00000000e+00 -3.24255601e+01  7.38e+00 1.46e-16  4.05e-03     0s
   5   0.00000000e+00 -1.22411474e+01  1.73e+00 6.59e-17  1.21e-03     0s
   6   0.00000000e+00 -1.73561635e+00  5.38e-04 6.28e-17  1.52e-04     0s
   7   0.00000000e+00 -1.82745653e-06  2.69e-11 1.20e-17  1.60e-10     0s
   8   0.00000000e+00 -1.82745653e-09  2.76e-12 7.72e-24  1.60e-13     0s

Barrier solved model in 8 iterations and 0.06 seconds
Optimal objective 0.00000000e+00

Crossover log...

       0 DPushes remaining with DInf 0.0000000e+00                 0s

    4939 PPushes remaining with PInf 0.0000000e+00                 0s
       0 PPushes remaining with PInf 0.0000000e+00                 0s

  Push phase complete: Pinf 0.0000000e+00, Dinf 0.0000000e+00      0s

Iteration    Objective       Primal Inf.    Dual Inf.      Time
    5008    0.0000000e+00   0.000000e+00   0.000000e+00      0s
    5008    0.0000000e+00   0.000000e+00   0.000000e+00      0s

Solved with barrier
Solved in 5008 iterations and 0.13 seconds
Optimal objective  0.000000000e+00
