j3017_4.mm_s7.txt
Academic license - for non-commercial use only
Read LP format model from file lp/j3017_4.mm.lp
Reading time = 0.00 seconds
: 351 rows, 906 columns, 9053 nonzeros
OKGPU
nThreads: 1024 , nBlocks: 12 
Number cuts generated in the phase 1: 10
Number of repeat: 1 
violation 661.000000
violation 8.000000
violation 795.000000
violation 210.000000
violation 483.000000
violation 435.000000
violation 581.000000
violation 645.000000
violation 8.000000
8592 16
AQUIIII!!6 27 22 14 4 17 32 37 17 21 48 48 41 52 29 46 8 
22 16 20 46 47 26 9 44 
AQUIIII!!46 24 48 52 18 51 37 19 50 16 22 26 AQUIIII!!44 14 20 29 47 16 49 9 
6 21 41 8 44 22 52 17 48 27 47 46 
AQUIIII!!44 27 52 46 16 37 49 AQUIIII!!51 46 48 9 41 17 5 47 22 6 8 20 14 26 3 21 22 14 29 
32 21 44 17 47 4 
AQUIIII!!44 24 16 47 46 37 22 49 51 17 18 52 48 21 20 26 
AQUIIII!!46 22 9 4 AQUIIII!!6 46 32 9 3 52 17 49 41 26 45 20 5 47 8 21 14 16 29 37 21 44 44 14 
48 17 27 22 
AQUIIII!!37 21 AQUIIII!!52 46 16 50 17 44 47 14 AQUIIII!!24 26 47 52 51 44 26 20 22 46 47 51 17 49 20 52 46 49 48 16 22 27 18 27 21 37 48 29 19 AQUIIII!!44 48 8 16 

41 51 9 48 6 17 AQUIIII!!14 20 44 22 14 AQUIIII!!14 16 44 37 47 
47 26 5 21 52 6 27 49 29 17 9 46 21 22 29 47 8 6 27 5 48 8 22 3 21 17 44 46 32 46 22 14 
52 9 41 4 AQUIIII!!
41 16 
51 48 17 20 14 37 26 52 AQUIIII!!49 44 21 22 47 37 27 AQUIIII!!22 26 46 44 16 46 27 8 
29 9 48 22 21 52 46 8 20 47 47 41 52 44 27 21 14 17 17 
16 14 48 6 AQUIIII!!9 47 
44 46 17 AQUIIII!!52 46 48 24 27 51 21 20 29 AQUIIII!!22 8 44 18 14 41 47 21 19 9 26 52 6 17 44 14 46 16 22 47 48 16 52 49 
37 26 27 21 22 37 16 
20 9 AQUIIII!!48 44 8 47 
21 6 29 46 22 8 5 3 17 32 14 9 4 41 
AQUIIII!!44 47 52 14 8 22 26 37 AQUIIII!!17 46 21 20 9 51 44 48 19 20 21 27 52 16 18 46 48 
24 37 47 49 16 26 22 
AQUIIII!!52 26 16 48 21 14 51 37 49 27 20 AQUIIII!!44 22 47 44 52 47 14 17 8 46 22 
26 37 17 21 9 48 20 27 16 46 
AQUIIII!!52 49 47 46 26 20 21 14 27 17 37 16 51 48 22 44 
AQUIIII!!29 45 8 4 22 21 41 5 AQUIIII!!3 44 46 27 9 21 17 17 6 46 32 8 14 47 44 
9 48 6 52 5 29 14 22 41 
AQUIIII!!AQUIIII!!4 46 21 22 32 14 5 41 9 32 8 22 3 47 29 14 44 48 45 17 6 6 17 41 4 29 5 44 AQUIIII!!9 46 44 21 
9 8 22 
21 46 41 17 48 47 27 16 14 29 52 8 6 
AQUIIII!!41 8 5 47 AQUIIII!!17 46 32 16 46 37 4 AQUIIII!!49 9 46 47 48 29 22 21 48 26 22 9 18 29 8 50 6 17 14 51 32 44 24 21 
19 47 14 52 AQUIIII!!41 20 44 48 44 44 29 4 
22 4 3 6 5 41 
6 AQUIIII!!15 18 47 21 24 22 17 44 32 37 20 9 48 16 5 26 19 45 49 52 14 46 8 21 51 22 

AQUIIII!!48 20 26 17 47 21 46 52 49 51 16 37 27 14 22 AQUIIII!!44 52 
27 49 17 46 16 20 26 48 21 AQUIIII!!47 19 9 26 37 52 22 48 14 24 44 16 
20 44 51 22 49 47 18 37 21 46 
AQUIIII!!46 26 52 20 27 22 14 37 17 44 21 48 47 16 AQUIIII!!9 44 49 AQUIIII!!
8 41 22 48 32 47 46 17 14 8 27 5 41 14 52 3 17 22 29 29 4 21 47 6 21 44 9 9 6 5 
46 
AQUIIII!!44 19 18 51 16 22 AQUIIII!!46 46 37 26 47 24 49 17 49 26 52 27 50 AQUIIII!!20 46 51 37 52 8 48 52 20 
48 37 16 14 AQUIIII!!27 47 46 14 44 24 9 22 48 26 16 20 17 21 16 48 
18 21 19 44 20 37 22 22 47 49 
50 AQUIIII!!47 22 40 26 19 44 48 52 52 51 0 20 
18 26 37 AQUIIII!!47 8 46 22 16 21 50 51 17 49 47 
14 6 4 32 5 9 3 46 41 29 44 
AQUIIII!!44 4 21 32 45 29 17 3 41 9 46 5 8 14 22 6 
AQUIIII!!52 AQUIIII!!26 46 48 17 19 5 37 6 50 29 32 18 22 48 9 49 46 22 8 24 14 20 41 44 44 16 47 47 4 51 21 

AQUIIII!!20 52 44 19 50 22 49 24 26 18 AQUIIII!!16 44 47 48 49 47 52 37 17 46 51 51 46 26 
37 14 27 20 16 21 22 48 
AQUIIII!!44 18 AQUIIII!!48 44 24 16 20 21 52 51 48 47 27 22 26 26 17 37 49 47 19 46 37 8 46 14 21 9 16 20 22 52 

AQUIIII!!44 47 49 52 17 46 51 26 37 14 27 20 16 21 22 48 
AQUIIII!!49 20 26 51 16 19 50 46 22 52 40 48 37 47 0 18 
AQUIIII!!47 26 40 20 18 48 16 37 52 19 51 0 50 49 22 46 
AQUIIII!!17 3 AQUIIII!!5 44 4 48 32 14 21 46 22 14 21 9 6 6 16 8 52 41 17 29 47 47 27 46 9 44 22 
41 8 29 
AQUIIII!!16 52 AQUIIII!!9 46 49 17 47 37 21 14 26 46 14 37 47 AQUIIII!!48 44 52 AQUIIII!!44 48 16 46 46 26 27 AQUIIII!!22 27 20 21 6 17 21 22 47 20 48 41 22 22 44 14 5 44 21 20 6 
29 17 16 48 52 14 48 49 44 8 17 41 27 51 27 9 22 8 
29 9 37 14 52 17 
9 16 52 8 47 27 26 
47 21 46 AQUIIII!!
20 16 18 17 21 52 22 24 51 49 47 46 48 26 44 37 
AQUIIII!!17 41 9 16 21 8 6 27 29 48 22 46 14 47 52 AQUIIII!!44 
9 32 AQUIIII!!21 16 8 14 49 5 48 6 17 46 52 22 29 26 3 27 47 21 17 44 41 14 44 20 4 
22 37 47 9 46 
AQUIIII!!48 32 4 47 29 AQUIIII!!14 44 5 48 22 14 9 46 17 21 6 21 16 41 52 6 17 46 47 44 27 8 9 22 
41 8 29 
AQUIIII!!14 4 8 17 5 29 15 22 32 9 21 6 3 41 44 45 
AQUIIII!!21 AQUIIII!!9 24 5 52 46 46 6 16 48 37 4 47 20 41 48 32 26 22 22 29 19 14 51 17 49 8 18 44 21 47 44 

AQUIIII!!26 48 37 46 47 21 22 9 8 17 20 16 14 52 27 44 
AQUIIII!!44 52 50 20 26 48 24 22 49 51 46 16 37 18 47 19 
AQUIIII!!27 20 37 44 9 26 52 22 49 47 16 48 17 21 14 46 
AQUIIII!!44 26 37 46 27 9 21 8 22 17 52 14 47 48 16 20 
AQUIIII!!44 47 52 46 24 18 22 19 26 20 37 21 51 AQUIIII!!49 48 48 9 16 20 
37 22 26 47 52 44 21 27 16 8 14 17 46 
AQUIIII!!44 47 52 46 24 18 22 19 26 20 37 21 51 49 48 16 
AQUIIII!!21 27 8 5 AQUIIII!!47 26 29 17 9 14 49 41 47 6 44 46 27 52 22 22 48 14 51 48 37 17 16 44 52 
20 21 46 
AQUIIII!!48 16 52 AQUIIII!!6 26 22 48 9 44 18 8 20 14 19 27 16 44 37 41 22 47 52 21 24 29 51 17 47 46 46 
50 49 
AQUIIII!!44 52 37 20 26 19 47 24 16 48 51 18 49 46 21 22 
AQUIIII!!44 16 46 14 27 52 21 AQUIIII!!22 46 20 9 48 47 49 44 47 14 51 3 41 26 6 37 17 17 4 
8 29 21 AQUIIII!!22 14 32 8 5 22 44 
5 4 6 AQUIIII!!48 26 41 46 AQUIIII!!9 27 21 37 52 32 20 47 AQUIIII!!49 14 17 16 16 52 29 50 51 46 17 44 37 
22 19 47 47 21 14 22 8 51 22 9 48 48 21 52 27 20 20 44 17 24 16 48 18 47 26 44 26 49 
46 37 
46 
AQUIIII!!46 52 51 49 47 16 40 50 22 0 19 26 48 18 20 37 
AQUIIII!!AQUIIII!!46 46 17 41 22 6 5 26 4 48 9 51 22 18 48 37 14 32 21 29 49 17 44 8 20 AQUIIII!!47 24 44 21 16 21 6 52 
8 47 
22 4 48 29 47 41 46 5 32 17 9 14 AQUIIII!!44 46 14 
26 52 22 44 9 16 AQUIIII!!47 37 17 51 20 18 49 AQUIIII!!47 52 48 44 48 27 49 37 21 24 17 37 20 20 
18 21 51 26 16 AQUIIII!!24 50 46 22 22 17 16 44 22 19 48 49 32 52 44 26 46 47 45 
46 8 
41 4 6 29 3 5 21 9 14 
AQUIIII!!14 8 44 17 21 9 47 52 27 6 16 29 48 41 22 46 
AQUIIII!!47 8 46 5 29 22 41 9 32 4 17 44 6 3 14 21 
AQUIIII!!44 18 51 22 24 48 19 47 20 26 49 52 46 16 21 37 
AQUIIII!!46 37 22 19 48 16 49 50 24 47 52 51 26 20 44 18 
AQUIIII!!44 47 17 46 6 41 21 9 29 14 27 52 22 16 AQUIIII!!48 50 8 18 
51 26 20 49 52 19 37 22 16 48 47 24 44 46 
AQUIIII!!17 20 22 52 47 51 16 27 26 49 37 14 48 44 21 46 
AQUIIII!!44 8 14 29 22 9 46 17 3 21 6 47 32 5 41 4 
AQUIIII!!17 20 22 52 47 51 16 AQUIIII!!18 27 37 26 20 49 26 37 50 14 49 48 47 44 19 48 21 22 46 0 
52 40 46 16 51 
AQUIIII!!49 51 AQUIIII!!48 AQUIIII!!44 22 8 6 37 AQUIIII!!6 19 49 47 20 22 21 17 21 50 17 52 51 32 24 37 52 AQUIIII!!26 46 47 47 47 19 22 44 44 52 22 18 8 20 40 16 41 20 46 4 8 18 
44 16 48 37 14 0 14 41 27 48 9 29 26 48 AQUIIII!!21 14 46 9 18 48 9 
5 52 26 21 29 49 27 5 46 37 
52 
21 47 26 22 22 16 AQUIIII!!48 45 46 46 22 17 24 17 
29 19 32 16 4 47 3 20 14 41 51 5 44 9 
8 6 21 15 44 
AQUIIII!!44 32 6 22 8 9 47 AQUIIII!!17 52 14 48 5 49 21 41 47 4 37 3 50 29 46 0 
51 16 26 AQUIIII!!37 19 17 40 20 22 24 18 18 51 20 16 46 44 
26 49 22 21 52 47 48 46 
AQUIIII!!9 AQUIIII!!14 46 32 5 9 47 17 41 27 6 48 46 44 8 47 22 16 3 21 52 17 29 29 6 4 21 44 AQUIIII!!
22 47 41 44 8 14 14 41 9 
29 6 52 AQUIIII!!49 21 48 27 51 16 AQUIIII!!46 17 44 0 46 41 18 48 22 6 50 22 AQUIIII!!48 AQUIIII!!37 8 AQUIIII!!46 52 9 19 
46 46 20 26 14 6 9 14 16 32 AQUIIII!!47 21 17 44 37 5 29 52 45 16 9 47 40 17 8 5 49 41 AQUIIII!!20 9 14 9 6 46 47 
14 47 44 32 46 22 3 44 8 29 8 52 45 4 8 22 4 45 5 22 29 21 22 32 3 17 27 27 9 8 17 44 21 3 21 6 48 5 AQUIIII!!17 3 
4 26 21 46 29 
14 5 41 17 20 4 22 14 41 44 51 15 41 29 
44 21 22 32 
19 
6 21 
52 18 48 24 37 47 49 16 26 22 
AQUIIII!!16 49 AQUIIII!!46 52 21 22 44 27 41 27 26 5 51 22 37 9 29 20 8 14 47 52 48 14 46 48 47 6 17 17 AQUIIII!!
21 44 44 47 
46 17 22 48 AQUIIII!!26 37 44 49 47 16 52 21 14 52 8 AQUIIII!!51 22 46 18 26 44 20 8 37 24 4 17 
45 21 22 9 9 48 3 20 5 AQUIIII!!27 21 14 22 16 24 17 46 41 21 
20 29 37 32 49 6 48 
52 18 47 16 51 46 19 26 44 
AQUIIII!!26 17 14 52 49 21 27 44 16 20 48 37 47 51 22 46 
AQUIIII!!6 21 14 5 41 4 17 3 22 45 15 29 8 AQUIIII!!32 46 9 21 44 44 41 
27 5 22 9 29 8 47 52 14 48 6 17 
AQUIIII!!22 AQUIIII!!17 44 32 16 4 21 9 47 8 51 47 48 14 52 46 20 29 46 41 22 5 18 48 49 6 26 21 17 44 37 
24 
AQUIIII!!19 51 49 20 46 48 22 40 47 18 37 26 0 50 16 52 
AQUIIII!!14 16 46 52 22 9 47 17 21 41 6 8 27 48 29 44 
AQUIIII!!46 18 52 22 37 26 24 20 50 47 48 19 49 16 44 51 
AQUIIII!!47 48 49 17 52 26 51 27 16 14 37 22 20 46 21 44 
AQUIIII!!17 41 32 21 22 4 44 14 3 8 6 5 29 9 45 46 
AQUIIII!!17 41 29 AQUIIII!!21 8 44 9 41 8 21 5 22 6 3 14 47 4 32 14 4 29 22 3 32 46 9 
6 15 5 17 44 45 
AQUIIII!!21 17 4 8 41 44 32 6 14 9 29 5 3 45 22 46 
AQUIIII!!44 37 46 20 21 47 26 9 48 27 14 17 8 52 22 16 
AQUIIII!!14 46 37 27 26 21 20 48 17 16 AQUIIII!!9 27 52 48 49 49 47 21 22 44 51 
47 26 52 14 20 37 44 22 16 17 46 
AQUIIII!!22 AQUIIII!!21 17 20 26 46 8 47 52 37 19 22 24 48 27 18 21 49 9 26 16 20 51 52 16 46 48 14 47 44 
37 44 
AQUIIII!!44 5 4 AQUIIII!!22 52 21 16 37 6 18 3 50 51 8 40 41 22 14 20 17 26 49 45 19 9 48 29 0 47 32 46 46 

AQUIIII!!32 41 45 29 3 6 9 21 4 8 17 5 14 22 46 44 
AQUIIII!!48 47 14 46 37 22 51 49 21 44 27 20 26 52 16 17 
AQUIIII!!44 4 6 32 41 29 3 17 5 9 22 21 45 8 14 15 
AQUIIII!!41 21 9 14 44 8 5 47 6 22 17 29 32 4 48 46 
AQUIIII!!49 46 26 20 19 50 16 37 24 51 22 47 18 52 48 44 
AQUIIII!!49 24 44 26 52 20 18 17 16 37 22 48 51 47 21 46 
AQUIIII!!44 5 41 48 9 46 52 27 8 29 22 6 21 17 14 47 
AQUIIII!!17 20 46 37 52 21 14 26 AQUIIII!!48 17 49 22 9 16 14 47 9 29 27 47 44 3 
8 4 44 41 21 32 22 6 5 46 
AQUIIII!!44 16 26 52 51 50 18 20 49 24 37 47 19 22 AQUIIII!!48 24 49 46 20 
52 22 18 46 47 21 51 16 48 19 37 26 44 
AQUIIII!!46 19 20 37 47 50 22 26 52 18 16 49 0 51 48 40 
AQUIIII!!8 21 29 22 44 32 14 47 4 41 48 9 6 5 17 46 
AQUIIII!!46 20 50 19 47 52 37 26 49 48 51 44 16 24 18 22 
AQUIIII!!AQUIIII!!22 46 41 17 32 22 29 4 9 29 AQUIIII!!17 9 21 8 6 27 41 3 37 47 15 48 32 21 16 44 45 44 5 22 5 3 9 14 8 26 4 14 47 6 21 52 44 
14 
20 17 49 46 
AQUIIII!!47 37 46 20 26 48 17 22 49 16 14 21 27 52 51 44 
AQUIIII!!21 48 44 29 9 AQUIIII!!4 48 32 46 AQUIIII!!14 26 46 49 44 5 21 48 8 16 51 22 18 17 20 16 17 47 22 37 41 37 18 52 6 49 24 21 22 19 51 20 46 47 44 52 
47 26 24 

AQUIIII!!20 48 27 52 21 14 AQUIIII!!26 44 17 51 22 16 37 37 44 8 19 47 18 21 16 47 9 46 20 49 
48 26 24 22 AQUIIII!!52 44 46 6 
46 AQUIIII!!41 48 47 18 17 20 29 22 21 51 9 49 27 47 14 46 8 37 22 AQUIIII!!21 52 16 37 5 14 24 48 26 52 
20 17 22 26 21 44 51 
17 48 47 16 27 52 46 49 44 
AQUIIII!!44 27 6 22 21 5 41 17 52 47 9 29 14 46 8 48 
AQUIIII!!21 44 AQUIIII!!46 46 8 6 29 9 32 27 5 29 9 48 41 52 8 21 47 17 6 48 41 47 14 22 4 17 44 14 22 5 

AQUIIII!!47 46 44 26 21 27 14 49 20 37 48 17 16 22 51 52 
AQUIIII!!47 46 44 26 21 27 14 49 20 37 48 17 16 22 51 52 
AQUIIII!!44 9 48 29 41 17 21 47 5 32 46 22 14 4 6 8 
AQUIIII!!17 29 22 6 27 21 14 48 8 47 41 9 44 52 16 46 
AQUIIII!!45 5 6 22 AQUIIII!!17 14 29 8 17 4 6 32 44 14 9 9 46 4 21 29 41 3 8 44 41 
AQUIIII!!5 48 17 45 27 32 9 37 22 16 3 26 22 21 8 46 44 20 
14 52 21 47 46 
AQUIIII!!37 49 18 20 24 51 17 26 16 22 48 52 44 47 21 46 
AQUIIII!!46 9 52 22 26 21 20 27 17 14 47 49 37 16 44 48 
AQUIIII!!3 AQUIIII!!21 16 41 51 5 37 32 52 17 21 8 49 4 18 9 20 6 24 29 26 14 44 22 22 47 17 44 48 46 47 
46 
AQUIIII!!0 50 47 52 26 18 37 49 16 48 20 40 51 19 22 46 
AQUIIII!!37 16 9 26 17 21 48 22 47 20 27 AQUIIII!!52 44 14 18 8 46 50 44 46 
51 37 48 52 16 22 19 20 26 49 47 24 
AQUIIII!!48 18 44 20 37 24 49 16 47 21 19 22 26 52 51 46 
AQUIIII!!4 21 9 5 17 6 8 47 46 32 29 14 41 22 3 44 
AQUIIII!!47 46 8 22 21 17 48 41 32 9 29 4 5 14 6 44 
AQUIIII!!22 29 8 14 9 32 21 47 5 46 48 41 4 17 6 44 
AQUIIII!!46 44 47 14 41 27 17 22 5 6 52 21 9 8 48 29 
AQUIIII!!46 6 48 47 4 5 29 22 9 32 21 17 41 44 14 8 
AQUIIII!!46 44 47 14 41 27 17 22 5 6 52 21 9 8 AQUIIII!!48 52 29 24 
49 37 48 26 20 17 16 51 18 44 21 22 46 47 
AQUIIII!!14 16 17 51 27 46 20 26 49 37 47 22 52 48 21 44 
AQUIIII!!17 8 41 21 22 5 46 14 29 32 47 4 9 3 6 44 
AQUIIII!!47 29 46 44 41 22 52 17 6 27 14 9 5 48 21 8 
AQUIIII!!47 19 37 24 20 52 22 49 18 16 26 AQUIIII!!51 47 46 46 50 44 48 24 44 
26 37 22 AQUIIII!!18 17 49 47 21 4 16 14 20 5 51 32 52 41 48 3 19 8 
22 29 6 21 9 46 44 
AQUIIII!!AQUIIII!!37 5 16 8 47 17 20 14 51 9 46 46 48 21 24 48 49 47 26 4 18 52 29 32 19 22 50 22 41 6 44 
44 
AQUIIII!!46 44 47 52 41 21 17 29 9 5 AQUIIII!!8 22 16 6 52 27 48 48 49 14 19 
46 22 AQUIIII!!37 37 18 17 26 48 47 27 20 26 24 22 51 14 50 20 44 
9 46 49 16 21 47 52 44 
AQUIIII!!46 AQUIIII!!44 47 16 52 52 41 48 21 49 17 19 29 46 9 22 5 37 8 18 22 26 6 47 27 20 48 24 14 51 
50 44 
AQUIIII!!46 20 24 37 50 22 19 44 51 26 49 18 47 48 16 52 
AQUIIII!!17 46 27 22 9 52 47 48 21 49 20 26 16 37 14 44 
AQUIIII!!22 26 52 14 20 51 16 49 21 47 17 27 37 46 48 44 
AQUIIII!!51 47 19 46 20 49 26 37 52 22 48 24 21 18 16 44 
AQUIIII!!29 17 21 47 14 8 22 32 4 9 44 6 41 5 48 46 
AQUIIII!!29 17 22 3 41 21 5 47 4 9 14 32 8 44 6 46 
Number of Cuts in the second phase:3425
Number of repeat: 2960 
Violation: 1194.000000
Violation: 243.000000
Violation: 435.000000
Violation: 586.000000
Violation: 593.000000
Violation: 177.000000
Violation: 167.000000
Violation: 601.000000
Violation: 1093.000000
Violation: 1194.000000
Violation: 626.000000
Violation: 551.000000
Violation: 536.000000
Violation: 420.000000
Violation: 432.000000
Violation: 194.000000
Violation: 150.000000
Violation: 515.000000
Violation: 396.000000
Violation: 1102.000000
Violation: 1202.000000
Violation: 305.000000
Violation: 202.000000
Violation: 396.000000
Violation: 727.000000
Violation: 347.000000
Violation: 412.000000
Violation: 1304.000000
Violation: 826.000000
Violation: 1292.000000
Violation: 293.000000
Violation: 110.000000
Violation: 1110.000000
Violation: 740.000000
Violation: 80.000000
Violation: 102.000000
Violation: 839.000000
Violation: 855.000000
Violation: 347.000000
Violation: 486.000000
Violation: 220.000000
Violation: 870.000000
Violation: 90.000000
Violation: 93.000000
Violation: 246.000000
Violation: 577.000000
Violation: 210.000000
Violation: 322.000000
Violation: 7.000000
Violation: 725.000000
Violation: 1152.000000
Violation: 1292.000000
Violation: 776.000000
Violation: 531.000000
Violation: 265.000000
Violation: 564.000000
Violation: 962.000000
Violation: 142.000000
Violation: 284.000000
Violation: 8.000000
Violation: 2290.000000
Violation: 591.000000
Violation: 653.000000
Violation: 1478.000000
Violation: 999.000000
Violation: 504.000000
Violation: 219.000000
Violation: 1588.000000
Violation: 546.000000
Violation: 588.000000
Violation: 629.000000
Violation: 735.000000
Violation: 934.000000
Violation: 1126.000000
Violation: 292.000000
Violation: 1094.000000
Violation: 952.000000
Violation: 1074.000000
Violation: 551.000000
Violation: 451.000000
Violation: 997.000000
Violation: 471.000000
Violation: 614.000000
Violation: 1199.000000
Violation: 614.000000
Violation: 330.000000
Violation: 599.000000
Violation: 381.000000
Violation: 905.000000
Violation: 1302.000000
Violation: 600.000000
Violation: 1102.000000
Violation: 178.000000
Violation: 22.000000
Violation: 330.000000
Violation: 174.000000
Violation: 803.000000
Violation: 384.000000
Violation: 747.000000
Violation: 1202.000000
Violation: 295.000000
Violation: 221.000000
Violation: 436.000000
Violation: 728.000000
Violation: 16.000000
Violation: 177.000000
Violation: 1042.000000
Violation: 700.000000
Violation: 601.000000
Violation: 380.000000
Violation: 441.000000
Violation: 1099.000000
Violation: 498.000000
Violation: 905.000000
Violation: 586.000000
Violation: 345.000000
Violation: 95.000000
Violation: 218.000000
Violation: 736.000000
Violation: 194.000000
Violation: 683.000000
Violation: 202.000000
Violation: 162.000000
Violation: 749.000000
Violation: 35.000000
Violation: 997.000000
Violation: 4.000000
Violation: 617.000000
Violation: 700.000000
Violation: 33.000000
Violation: 522.000000
Violation: 345.000000
Violation: 115.000000
Violation: 215.000000
Violation: 182.000000
Violation: 198.000000
Violation: 1372.000000
Violation: 626.000000
Violation: 333.000000
Violation: 1152.000000
Violation: 186.000000
Violation: 132.000000
Violation: 167.000000
Violation: 544.000000
Violation: 991.000000
Violation: 1288.000000
Violation: 1127.000000
Violation: 182.000000
Violation: 187.000000
Violation: 444.000000
Violation: 537.000000
Violation: 16.000000
Violation: 361.000000
Violation: 554.000000
Violation: 405.000000
Violation: 1302.000000
Violation: 8.000000
Violation: 374.000000
Violation: 601.000000
Violation: 205.000000
Violation: 404.000000
Violation: 573.000000
Violation: 172.000000
Violation: 740.000000
Violation: 102.000000
Violation: 166.000000
Violation: 74.000000
Violation: 573.000000
Violation: 278.000000
Violation: 353.000000
Violation: 479.000000
Violation: 134.000000
Violation: 323.000000
Violation: 202.000000
Violation: 925.000000
Violation: 1108.000000
Violation: 1466.000000
Violation: 312.000000
Violation: 609.000000
Violation: 517.000000
Violation: 387.000000
Violation: 1222.000000
Violation: 320.000000
Violation: 215.000000
Violation: 512.000000
Violation: 374.000000
Violation: 469.000000
Violation: 437.000000
Violation: 235.000000
Violation: 141.000000
Violation: 690.000000
Violation: 73.000000
Violation: 378.000000
Violation: 87.000000
Violation: 352.000000
Violation: 292.000000
Violation: 74.000000
Violation: 336.000000
Violation: 75.000000
Violation: 485.000000
Violation: 594.000000
Violation: 354.000000
Violation: 515.000000
Violation: 440.000000
Violation: 561.000000
Violation: 585.000000
Violation: 349.000000
Violation: 304.000000
Violation: 185.000000
Violation: 787.000000
Violation: 796.000000
Violation: 1587.000000
Violation: 775.000000
Violation: 755.000000
Violation: 649.000000
Violation: 157.000000
Violation: 621.000000
Violation: 8.000000
Violation: 396.000000
Violation: 732.000000
Violation: 539.000000
Violation: 565.000000
Violation: 373.000000
Violation: 905.000000
Violation: 469.000000
Violation: 557.000000
Violation: 387.000000
Violation: 1386.000000
Violation: 185.000000
Violation: 503.000000
Violation: 1304.000000
Violation: 404.000000
Violation: 913.000000
Violation: 45.000000
Violation: 194.000000
Violation: 943.000000
Violation: 582.000000
Violation: 1297.000000
Violation: 989.000000
Violation: 550.000000
Violation: 98.000000
Violation: 244.000000
Violation: 811.000000
Violation: 292.000000
Violation: 93.000000
Violation: 110.000000
Violation: 210.000000
Violation: 432.000000
Violation: 191.000000
Violation: 345.000000
Violation: 16.000000
Violation: 800.000000
Violation: 680.000000
Violation: 182.000000
Violation: 559.000000
Violation: 866.000000
Violation: 104.000000
Violation: 151.000000
Violation: 677.000000
Violation: 205.000000
Violation: 1312.000000
Violation: 732.000000
Violation: 400.000000
Violation: 426.000000
Violation: 522.000000
Violation: 469.000000
Violation: 234.000000
Violation: 593.000000
Violation: 107.000000
Violation: 83.000000
Violation: 514.000000
Violation: 636.000000
Violation: 229.000000
Violation: 704.000000
Violation: 422.000000
Violation: 739.000000
Violation: 606.000000
Violation: 638.000000
Violation: 1264.000000
Violation: 266.000000
Violation: 404.000000
Violation: 551.000000
Violation: 7.000000
Violation: 843.000000
Violation: 1312.000000
Violation: 294.000000
Violation: 621.000000
Violation: 1202.000000
Violation: 292.000000
Violation: 796.000000
Violation: 514.000000
Violation: 200.000000
Violation: 235.000000
Violation: 6.000000
Violation: 108.000000
Violation: 388.000000
Violation: 191.000000
Violation: 304.000000
Violation: 1008.000000
Violation: 190.000000
Violation: 726.000000
Violation: 212.000000
Violation: 996.000000
Violation: 713.000000
Violation: 463.000000
Violation: 589.000000
Violation: 87.000000
Violation: 288.000000
Violation: 489.000000
Violation: 693.000000
Violation: 990.000000
Violation: 183.000000
Violation: 346.000000
Violation: 26.000000
Violation: 127.000000
Violation: 384.000000
Violation: 395.000000
Violation: 629.000000
Violation: 957.000000
Violation: 381.000000
Violation: 447.000000
Violation: 432.000000
Violation: 292.000000
Violation: 1246.000000
Violation: 304.000000
Violation: 604.000000
Violation: 927.000000
Violation: 1358.000000
Violation: 337.000000
Violation: 94.000000
Violation: 968.000000
Violation: 1294.000000
Violation: 11.000000
Violation: 990.000000
Violation: 1408.000000
Violation: 8.000000
Violation: 353.000000
Violation: 403.000000
Violation: 707.000000
Violation: 980.000000
Violation: 701.000000
Violation: 395.000000
Violation: 90.000000
Violation: 456.000000
Violation: 581.000000
Violation: 573.000000
Violation: 478.000000
Violation: 304.000000
Violation: 84.000000
Violation: 807.000000
Violation: 35.000000
Violation: 1186.000000
Violation: 900.000000
Violation: 310.000000
Violation: 712.000000
Violation: 796.000000
Violation: 415.000000
Violation: 290.000000
Violation: 606.000000
Violation: 845.000000
Violation: 1312.000000
Violation: 489.000000
Violation: 202.000000
Violation: 1167.000000
Violation: 630.000000
Violation: 642.000000
Violation: 771.000000
Violation: 172.000000
Violation: 590.000000
Violation: 253.000000
Violation: 305.000000
Violation: 452.000000
Violation: 412.000000
Violation: 558.000000
Violation: 358.000000
Violation: 5.000000
Violation: 473.000000
Violation: 317.000000
Violation: 524.000000
Violation: 30.000000
Violation: 483.000000
Violation: 199.000000
Violation: 298.000000
Violation: 83.000000
Violation: 174.000000
Violation: 948.000000
Violation: 423.000000
Violation: 102.000000
Violation: 378.000000
Violation: 505.000000
Violation: 152.000000
Violation: 926.000000
Violation: 66.000000
Violation: 771.000000
Violation: 86.000000
Violation: 613.000000
Violation: 621.000000
Violation: 654.000000
Violation: 210.000000
Violation: 648.000000
Violation: 52.000000
Violation: 187.000000
Violation: 921.000000
Violation: 396.000000
Violation: 1288.000000
Violation: 621.000000
Violation: 457.000000
Violation: 209.000000
Violation: 1490.000000
Violation: 487.000000
Violation: 630.000000
Violation: 576.000000
Violation: 325.000000
Violation: 13.000000
Violation: 606.000000
Violation: 750.000000
Violation: 228.000000
Violation: 282.000000
Violation: 1136.000000
Violation: 322.000000
Violation: 1421.000000
Violation: 602.000000
Violation: 265.000000
Violation: 842.000000
Violation: 69.000000
Violation: 91.000000
Violation: 213.000000
Violation: 24.000000
Violation: 1014.000000
Violation: 93.000000
Violation: 688.000000
Violation: 517.000000
Violation: 811.000000
Violation: 1086.000000
Violation: 90.000000
Violation: 910.000000
Violation: 98.000000
Violation: 439.000000
Violation: 182.000000
Violation: 294.000000
Violation: 846.000000
Violation: 486.000000
Violation: 559.000000
Violation: 226.000000
Violation: 420.000000
Violation: 995.000000
Violation: 666.000000
Violation: 553.000000
Violation: 704.000000
Violation: 864.000000
Violation: 1191.000000
Violation: 50.000000
Violation: 347.000000
Violation: 1111.000000
Violation: 1484.000000
Violation: 938.000000
Violation: 164.000000
Violation: 102.000000
Violation: 651.000000
Violation: 533.000000
Violation: 20.000000
Violation: 1330.000000
Violation: 603.000000
Violation: 429.000000
Violation: 345.000000
2400 16
AQUIIII!!46 8 3 5 9 22 6 AQUIIII!!29 44 17 6 4 17 41 29 45 41 44 9 21 5 14 4 32 22 
47 8 3 21 46 14 AQUIIII!!32 44 
22 17 47 21 6 16 8 41 29 48 52 9 14 46 27 
AQUIIII!!51 16 46 24 50 18 49 19 44 26 52 22 20 37 48 47 
AQUIIII!!5 29 9 41 22 6 47 32 14 48 17 21 8 4 46 44 
AQUIIII!!22 8 5 45 4 29 14 3 6 41 9 32 17 44 21 46 
AQUIIII!!44 14 52 9 27 48 17 21 26 22 AQUIIII!!37 44 AQUIIII!!20 41 14 16 29 9 47 32 44 8 3 32 46 8 29 
4 5 6 6 9 17 22 22 14 21 21 8 45 45 5 41 17 3 46 4 
46 
AQUIIII!!51 52 20 22 47 0 18 50 19 26 40 16 AQUIIII!!37 48 24 49 18 46 46 
26 52 37 16 22 47 20 19 48 51 49 50 44 
AQUIIII!!44 52 9 21 AQUIIII!!22 44 16 52 6 37 46 24 14 51 29 19 27 47 47 16 17 26 8 20 41 48 48 AQUIIII!!21 
AQUIIII!!44 49 44 37 22 9 51 46 48 22 18 14 46 
49 17 AQUIIII!!20 22 44 46 17 51 18 4 37 48 5 AQUIIII!!49 24 8 26 46 52 21 AQUIIII!!47 48 20 29 44 16 47 47 6 29 26 9 17 32 4 21 27 22 41 9 
17 47 18 41 29 
24 14 41 21 46 14 16 17 22 52 22 44 48 8 8 46 48 52 
21 6 32 AQUIIII!!16 47 44 21 6 49 
5 37 
46 26 20 52 14 22 17 27 51 16 48 47 21 
AQUIIII!!46 47 14 21 6 8 29 27 5 9 52 41 22 17 48 44 
AQUIIII!!16 18 48 AQUIIII!!52 19 21 26 48 22 44 20 32 47 22 44 4 37 29 17 24 41 51 8 21 6 49 5 46 
14 47 9 46 
AQUIIII!!48 47 16 14 46 26 8 22 52 27 37 9 21 20 17 44 
AQUIIII!!46 50 52 19 AQUIIII!!49 9 24 44 26 48 16 47 29 37 41 22 8 20 17 51 21 44 5 48 32 18 6 
14 22 4 46 47 
AQUIIII!!8 15 29 4 45 21 3 32 41 5 14 22 17 6 9 44 
AQUIIII!!AQUIIII!!22 9 41 17 9 48 32 29 5 6 44 5 17 8 29 4 14 14 21 21 6 32 48 47 AQUIIII!!47 22 44 4 41 49 8 44 22 46 46 AQUIIII!!48 

26 8 46 47 20 21 52 AQUIIII!!41 16 5 48 14 41 52 47 29 9 37 44 22 17 8 9 5 4 27 44 6 21 17 
9 14 45 6 14 29 3 27 32 46 21 
17 22 46 
AQUIIII!!44 8 9 22 AQUIIII!!21 46 14 29 26 14 17 22 27 9 47 3 20 41 48 44 52 45 16 46 5 4 37 
8 17 32 21 6 
AQUIIII!!44 52 46 20 22 49 26 17 37 47 9 27 16 48 14 21 
AQUIIII!!46 37 AQUIIII!!20 44 48 19 22 48 24 26 26 18 52 52 19 51 47 20 51 49 AQUIIII!!21 24 44 18 47 47 44 16 21 37 49 16 22 16 22 
46 52 21 
46 26 17 8 37 27 48 9 20 14 
AQUIIII!!44 47 21 16 22 52 46 26 17 8 37 27 48 9 20 14 
AQUIIII!!46 51 47 18 24 19 52 37 44 21 16 49 48 20 22 26 
AQUIIII!!4 29 21 45 17 8 15 9 14 6 41 3 32 22 5 44 
AQUIIII!!8 29 6 17 9 41 4 5 15 3 14 32 AQUIIII!!22 46 21 17 45 24 44 44 16 
47 52 26 22 37 51 48 21 20 49 18 
AQUIIII!!44 51 37 49 26 20 47 17 22 18 24 21 16 52 48 46 
AQUIIII!!51 20 44 49 26 27 14 47 52 22 16 21 37 46 48 17 
AQUIIII!!9 46 48 4 32 14 8 47 6 22 29 17 41 21 5 44 
AQUIIII!!8 46 22 14 21 44 41 45 32 6 17 9 3 5 29 4 
AQUIIII!!27 17 20 46 52 22 37 51 21 47 26 48 49 44 16 14 
AQUIIII!!46 22 21 48 16 19 26 51 24 52 44 AQUIIII!!47 14 37 6 20 17 49 41 18 48 
22 4 21 46 8 9 47 32 5 29 44 
AQUIIII!!20 47 18 17 46 26 52 AQUIIII!!16 44 51 5 48 3 49 8 21 21 24 15 22 22 37 32 44 45 
41 4 14 9 29 6 17 
AQUIIII!!AQUIIII!!44 47 47 44 41 18 16 37 14 20 8 46 17 22 29 17 26 9 24 48 21 6 52 46 48 22 AQUIIII!!16 52 46 51 27 21 49 21 9 

6 29 4 17 22 8 47 5 32 41 48 14 44 
AQUIIII!!46 17 44 22 14 48 AQUIIII!!47 44 49 47 37 37 26 9 20 48 21 22 16 27 52 26 51 AQUIIII!!8 27 46 14 
20 52 27 20 8 16 22 46 52 17 14 21 37 
21 9 17 AQUIIII!!44 AQUIIII!!46 16 46 5 26 47 44 48 37 17 47 19 3 
26 32 51 22 52 14 44 6 18 45 20 4 24 9 16 21 22 8 48 41 49 29 21 

AQUIIII!!44 AQUIIII!!47 46 41 50 16 19 14 52 8 24 17 49 29 18 9 37 48 47 6 16 46 48 22 22 52 51 27 20 21 44 
26 
AQUIIII!!46 22 6 5 44 47 32 48 9 14 29 17 21 41 8 4 
AQUIIII!!44 47 37 9 48 22 27 26 8 14 52 20 16 46 17 21 
AQUIIII!!46 8 44 27 9 16 29 21 14 6 17 47 22 52 41 48 
AQUIIII!!44 29 4 14 8 17 5 41 46 45 22 21 6 3 32 9 
AQUIIII!!AQUIIII!!37 21 26 37 9 16 22 49 47 51 8 24 21 52 52 22 46 47 20 26 16 17 17 18 27 48 48 20 44 46 14 44 

AQUIIII!!21 37 16 49 51 24 52 22 47 26 17 18 48 20 46 44 
AQUIIII!!22 46 48 17 AQUIIII!!21 44 47 46 47 52 27 27 52 20 21 49 29 14 9 37 5 26 6 51 17 16 22 44 8 
41 14 48 
AQUIIII!!8 5 3 22 32 44 17 6 47 41 21 4 9 14 29 46 
AQUIIII!!44 20 8 16 27 47 48 17 9 46 52 21 26 37 14 22 
AQUIIII!!32 48 5 46 22 29 17 9 4 47 14 8 41 21 6 44 
AQUIIII!!17 47 21 46 6 41 AQUIIII!!14 8 48 27 14 52 47 16 22 22 9 44 16 21 29 52 48 29 44 6 
8 27 41 17 9 46 
AQUIIII!!37 26 21 27 8 44 17 9 47 22 14 48 20 16 52 46 
AQUIIII!!AQUIIII!!44 46 21 48 22 44 14 52 9 17 4 16 32 47 5 26 17 24 46 21 29 20 47 22 41 18 6 49 3 37 8 51 

AQUIIII!!44 46 AQUIIII!!9 47 14 9 48 52 17 26 22 20 21 16 16 22 48 47 46 17 52 21 8 37 29 8 27 27 AQUIIII!!
41 46 6 44 14 17 44 27 22 
48 52 47 8 41 AQUIIII!!9 46 6 29 20 14 47 16 22 21 18 
37 48 51 52 26 40 49 16 0 50 19 
AQUIIII!!AQUIIII!!44 46 46 9 14 14 8 48 22 52 9 26 4 20 47 16 21 22 44 47 32 17 48 21 6 37 AQUIIII!!29 8 46 41 27 44 5 
17 17 27 
22 48 52 47 8 41 9 6 29 14 16 21 
AQUIIII!!6 8 21 22 17 52 16 48 41 14 29 9 27 47 44 46 
AQUIIII!!48 51 18 52 49 20 17 16 44 37 22 24 26 21 47 46 
AQUIIII!!52 14 48 17 51 26 21 47 27 37 20 22 49 44 46 16 
AQUIIII!!16 26 20 47 21 48 AQUIIII!!52 8 51 32 18 41 44 22 6 49 44 37 14 24 3 19 4 46 29 
21 5 22 17 47 9 AQUIIII!!46 6 
46 48 32 22 41 21 47 8 4 14 5 9 17 29 44 
AQUIIII!!49 46 22 48 16 24 19 26 18 20 52 51 47 21 37 44 
AQUIIII!!46 21 9 6 29 4 17 22 8 47 5 32 41 48 14 44 
AQUIIII!!46 18 22 20 49 21 19 51 44 52 24 26 37 16 47 48 
AQUIIII!!17 4 8 29 5 41 14 22 47 21 6 44 9 3 32 46 
AQUIIII!!49 22 46 18 47 20 51 24 19 26 16 AQUIIII!!19 37 AQUIIII!!50 21 51 44 52 11 9 48 0 21 44 34 
5 7 32 49 22 31 41 40 14 20 46 1 6 18 29 32 47 2 13 3 
4 17 8 
AQUIIII!!46 47 8 14 41 6 27 21 48 52 44 29 17 16 22 9 
AQUIIII!!44 26 52 8 17 47 48 9 37 27 46 21 20 22 16 14 
AQUIIII!!22 52 14 9 29 48 47 44 6 8 16 27 21 17 41 46 
AQUIIII!!22 14 5 29 41 4 21 48 32 6 44 17 9 8 46 AQUIIII!!47 
46 47 37 27 21 52 22 51 44 20 17 16 14 26 49 48 
AQUIIII!!22 14 5 29 41 4 21 48 32 6 44 17 9 8 46 47 
AQUIIII!!26 22 51 49 20 24 46 37 16 48 52 18 47 44 19 50 
AQUIIII!!14 27 48 41 16 8 9 52 47 6 21 22 29 44 17 46 
AQUIIII!!14 52 20 17 21 27 48 46 47 37 16 26 51 22 49 44 
AQUIIII!!29 21 8 22 17 52 6 5 9 27 48 47 41 14 46 44 
AQUIIII!!44 41 5 8 32 3 45 21 22 29 4 14 17 9 15 6 
AQUIIII!!14 47 4 21 17 32 8 5 22 41 9 29 6 48 44 46 
AQUIIII!!14 47 4 21 17 32 8 5 22 41 9 29 6 48 44 46 
AQUIIII!!22 20 26 49 16 52 19 51 37 18 48 24 46 47 44 21 
AQUIIII!!48 37 46 51 24 22 47 16 17 49 26 18 20 21 52 44 
AQUIIII!!21 9 5 4 41 46 17 8 6 14 22 32 48 29 47 44 
AQUIIII!!32 44 3 AQUIIII!!41 46 22 6 29 29 47 14 48 17 4 9 8 6 47 9 17 8 16 5 21 14 44 21 52 46 22 
41 27 
AQUIIII!!46 41 8 9 6 44 4 32 22 5 47 17 29 48 14 21 
AQUIIII!!26 17 47 16 37 21 8 52 22 14 48 46 20 27 9 44 
AQUIIII!!44 22 AQUIIII!!41 44 6 AQUIIII!!47 8 20 46 5 26 49 21 48 22 3 22 20 47 46 26 46 51 18 4 49 16 32 37 37 29 52 17 21 14 21 16 9 48 24 17 24 19 
52 18 51 47 
44 
AQUIIII!!44 47 24 26 21 46 16 49 48 51 17 22 20 37 52 18 
AQUIIII!!44 47 41 46 9 5 4 8 22 17 3 29 14 6 21 32 
AQUIIII!!AQUIIII!!46 44 48 47 27 24 26 26 52 21 47 46 21 16 17 49 14 48 8 51 9 17 22 22 16 20 37 37 44 52 18 20 

AQUIIII!!44 22 46 17 20 9 14 21 49 37 27 52 48 16 26 47 
AQUIIII!!44 22 37 9 27 14 16 52 47 20 48 17 21 26 46 8 
AQUIIII!!27 51 44 37 21 22 14 26 47 20 52 17 48 46 49 16 
AQUIIII!!5 21 46 17 8 27 14 47 52 48 41 9 29 6 22 44 
AQUIIII!!44 41 17 8 3 29 32 14 9 4 22 46 21 5 6 45 
AQUIIII!!47 44 46 48 52 8 22 14 20 37 21 17 26 9 27 16 
AQUIIII!!47 44 46 48 52 8 22 14 20 37 21 17 26 9 27 16 
AQUIIII!!46 37 50 47 48 24 19 16 51 49 44 26 52 20 18 22 
AQUIIII!!29 14 6 9 4 44 5 47 48 17 22 41 21 32 8 46 
AQUIIII!!29 14 6 9 4 44 5 47 48 17 22 41 21 32 8 46 
AQUIIII!!47 44 46 AQUIIII!!48 21 52 52 8 22 22 47 14 44 20 17 37 27 21 17 16 48 26 49 9 51 27 46 16 
26 14 20 37 
AQUIIII!!20 27 26 37 17 44 14 52 21 22 16 47 51 46 49 48 
AQUIIII!!16 22 20 47 21 26 49 14 52 48 17 37 46 9 27 44 
AQUIIII!!44 45 8 6 9 15 3 41 17 32 4 5 29 22 21 14 
AQUIIII!!6 14 32 41 29 3 4 9 21 5 22 17 47 8 46 44 
AQUIIII!!26 49 48 52 24 47 16 51 18 21 20 44 17 37 22 46 
AQUIIII!!6 14 32 41 29 3 4 9 21 5 22 17 47 8 46 44 
AQUIIII!!46 52 6 44 17 14 27 8 47 5 41 21 9 22 48 29 
AQUIIII!!22 51 16 49 52 44 20 21 37 18 48 24 47 19 26 46 
AQUIIII!!46 45 22 9 41 44 3 29 8 14 4 32 21 6 5 17 
AQUIIII!!46 44 48 26 18 24 16 51 19 47 49 20 50 22 52 37 
AQUIIII!!44 47 41 46 9 5 4 8 22 17 3 29 14 6 21 32 
AQUIIII!!22 17 16 20 26 8 27 52 37 14 47 21 46 9 48 44 
AQUIIII!!46 47 8 14 41 6 27 21 48 52 44 29 17 16 22 9 
AQUIIII!!44 46 47 27 52 21 29 9 5 6 17 22 8 41 14 48 
AQUIIII!!46 47 20 16 52 14 26 9 22 37 8 27 17 48 44 21 
AQUIIII!!46 21 27 16 52 47 20 22 44 48 37 17 26 49 9 14 
AQUIIII!!51 48 49 37 47 52 18 AQUIIII!!21 8 20 41 46 4 44 3 22 21 16 17 24 29 17 14 26 47 
32 6 9 22 5 46 44 
AQUIIII!!8 41 4 AQUIIII!!3 20 21 48 17 29 40 14 52 47 22 32 49 6 18 9 0 22 47 5 51 46 37 44 16 
50 19 26 46 
AQUIIII!!48 37 16 27 22 14 26 17 46 52 47 49 51 20 21 44 
AQUIIII!!9 17 21 47 22 14 29 48 46 4 32 41 8 6 5 44 
AQUIIII!!16 26 17 47 9 37 14 22 48 49 52 46 21 27 20 44 
AQUIIII!!44 47 46 49 22 20 26 18 16 37 17 21 48 24 52 51 
AQUIIII!!44 47 46 49 22 20 26 18 16 37 17 21 48 24 52 51 
AQUIIII!!29 21 5 32 8 4 9 17 41 44 47 6 22 48 14 46 
Number of Cuts in the second phase:965
Number of repeat: 872 
Violation: 1588.000000
Violation: 893.000000
Violation: 103.000000
Violation: 283.000000
Violation: 851.000000
Violation: 477.000000
Violation: 803.000000
Violation: 319.000000
Violation: 374.000000
Violation: 1064.000000
Violation: 836.000000
Violation: 291.000000
Violation: 193.000000
Violation: 195.000000
Violation: 623.000000
Violation: 362.000000
Violation: 304.000000
Violation: 77.000000
Violation: 1191.000000
Violation: 569.000000
Violation: 229.000000
Violation: 263.000000
Violation: 293.000000
Violation: 286.000000
Violation: 239.000000
Violation: 875.000000
Violation: 661.000000
Violation: 388.000000
Violation: 423.000000
Violation: 983.000000
Violation: 389.000000
Violation: 1522.000000
Violation: 471.000000
Violation: 302.000000
Violation: 489.000000
Violation: 751.000000
Violation: 1120.000000
Violation: 473.000000
Violation: 43.000000
Violation: 444.000000
Violation: 175.000000
Violation: 381.000000
Violation: 621.000000
Violation: 337.000000
Violation: 455.000000
Violation: 701.000000
Violation: 946.000000
Violation: 1581.000000
Violation: 486.000000
Violation: 471.000000
Violation: 951.000000
Violation: 676.000000
Violation: 251.000000
Violation: 83.000000
Violation: 575.000000
Violation: 277.000000
Violation: 890.000000
Violation: 386.000000
Violation: 1289.000000
Violation: 337.000000
Violation: 192.000000
Violation: 437.000000
Violation: 234.000000
Violation: 512.000000
Violation: 850.000000
Violation: 903.000000
Violation: 978.000000
Violation: 984.000000
Violation: 1338.000000
Violation: 1048.000000
Violation: 123.000000
Violation: 76.000000
Violation: 943.000000
Violation: 32.000000
Violation: 24.000000
Violation: 590.000000
Violation: 7.000000
Violation: 222.000000
Violation: 210.000000
Violation: 1370.000000
Violation: 371.000000
Violation: 531.000000
Violation: 931.000000
Violation: 123.000000
Violation: 623.000000
Violation: 1251.000000
Violation: 492.000000
Violation: 779.000000
Violation: 164.000000
Violation: 190.000000
Violation: 724.000000
Violation: 13.000000
Violation: 354.000000
took 3.733851
Optimize a model with 925 rows, 906 columns and 13398 nonzeros
Coefficient statistics:
  Matrix range     [1e+00, 4e+01]
  Objective range  [0e+00, 0e+00]
  Bounds range     [1e+00, 4e+01]
  RHS range        [1e+00, 1e+02]
Presolve removed 419 rows and 108 columns
Presolve time: 0.00s
Presolved: 506 rows, 798 columns, 10314 nonzeros

Iteration    Objective       Primal Inf.    Dual Inf.      Time
       0    0.0000000e+00   4.508044e+01   0.000000e+00      0s
     117    0.0000000e+00   0.000000e+00   0.000000e+00      0s

Solved in 117 iterations and 0.01 seconds
Optimal objective  0.000000000e+00
