j3017_4.mm_s5.txt
Academic license - for non-commercial use only
Read LP format model from file lp/j3017_4.mm.lp
Reading time = 0.00 seconds
: 351 rows, 906 columns, 9053 nonzeros
OKGPU
nThreads: 1024 , nBlocks: 12 
Number cuts generated in the phase 1: 12
Number of repeat: 4 
violation 500.000000
violation 428.000000
violation 750.000000
violation 375.000000
violation 425.000000
violation 425.000000
violation 425.000000
violation 820.000000
8592 16
AQUIIII!!49 46 10 13 48 22 3 34 37 1 2 47 23 AQUIIII!!33 49 0 25 2 
22 1 AQUIIII!!33 49 48 46 AQUIIII!!46 45 23 45 48 37 22 0 44 24 25 18 34 13 37 10 24 47 34 16 16 47 23 45 34 19 
18 19 20 15 17 20 33 17 
AQUIIII!!33 49 22 46 46 1 20 37 37 AQUIIII!!43 33 49 23 2 13 
48 10 45 25 10 1 22 2 47 0 34 6 AQUIIII!!25 33 23 49 AQUIIII!!3 1 0 4 
49 33 34 23 2 31 46 47 37 0 AQUIIII!!22 34 0 49 37 5 1 22 
13 33 13 48 AQUIIII!!3 3 45 49 2 2 20 25 10 23 10 47 37 22 10 48 37 22 4 1 
0 3 37 48 48 34 34 25 25 4 0 46 10 33 5 23 1 33 
22 25 
2 47 23 13 34 
AQUIIII!!48 49 19 18 17 24 23 34 20 46 45 47 16 22 33 37 
AQUIIII!!22 0 23 33 34 1 20 37 48 25 19 AQUIIII!!10 47 49 33 46 46 47 48 45 37 
13 34 25 2 45 23 22 10 1 0 49 
AQUIIII!!10 AQUIIII!!0 46 37 37 22 0 5 AQUIIII!!22 37 4 AQUIIII!!48 2 34 13 23 10 2 3 47 3 20 6 25 0 1 13 22 37 5 45 2 AQUIIII!!1 33 33 25 34 33 33 2 13 48 25 47 1 10 22 25 34 31 22 4 34 25 10 1 0 2 49 23 47 49 1 
23 10 23 
34 48 20 49 AQUIIII!!48 33 
37 3 41 45 46 4 32 49 
0 16 49 21 
43 14 39 34 AQUIIII!!AQUIIII!!49 33 47 2 0 42 0 48 33 13 12 34 47 22 11 45 23 37 22 15 25 48 46 27 19 10 23 45 9 20 37 10 AQUIIII!!18 46 44 
25 25 
1 33 47 34 37 49 
45 2 0 22 1 33 23 AQUIIII!!10 49 37 34 25 34 48 0 20 33 10 46 47 19 49 AQUIIII!!23 
49 45 0 46 33 48 25 22 2 20 22 18 3 
1 48 23 4 13 10 34 47 37 
AQUIIII!!44 45 17 33 15 19 18 23 20 16 42 43 32 24 34 22 
AQUIIII!!19 23 16 37 17 33 24 20 18 45 34 22 46 48 47 49 
AQUIIII!!22 0 33 AQUIIII!!10 19 45 23 25 16 34 37 23 17 33 19 24 47 20 46 18 18 45 37 34 22 49 46 48 48 AQUIIII!!20 47 33 
49 43 
27 11 41 14 12 16 34 39 15 32 21 42 9 44 
AQUIIII!!18 37 20 33 10 AQUIIII!!22 49 45 33 34 34 47 46 37 2 AQUIIII!!48 1 24 3 25 47 33 10 13 23 10 3 17 1 4 0 49 4 22 19 2 23 
48 13 
25 34 23 5 22 AQUIIII!!48 24 0 47 37 46 49 20 
16 33 23 22 48 34 17 19 45 18 37 49 
AQUIIII!!49 25 1 2 33 22 3 6 10 13 34 5 4 37 0 31 
AQUIIII!!34 2 10 1 37 4 23 13 25 3 33 22 48 0 47 AQUIIII!!49 23 
37 0 13 10 33 47 25 45 48 46 AQUIIII!!1 10 34 37 2 13 22 0 AQUIIII!!49 23 33 
22 46 34 34 5 2 3 25 1 13 2 37 4 1 33 48 45 25 10 49 0 
22 23 48 47 49 
AQUIIII!!49 25 47 45 22 33 37 0 23 2 13 46 34 1 48 10 
AQUIIII!!0 22 34 23 48 2 13 5 10 37 4 25 1 3 33 49 
AQUIIII!!47 1 45 22 0 19 33 10 37 48 46 25 23 34 20 49 
AQUIIII!!15 AQUIIII!!49 39 37 11 19 22 42 23 12 33 25 16 46 45 32 47 34 0 20 33 18 34 27 10 48 21 
14 43 41 9 44 
AQUIIII!!15 39 11 42 12 16 32 34 33 27 21 14 43 41 9 44 
AQUIIII!!49 19 45 47 34 46 24 37 33 23 16 17 18 48 20 22 
AQUIIII!!33 34 47 48 1 37 25 19 23 0 45 10 20 22 46 49 
AQUIIII!!19 33 1 20 37 25 22 47 AQUIIII!!48 49 45 10 37 34 13 0 2 23 34 46 47 10 0 49 46 
3 1 25 22 23 48 33 
AQUIIII!!17 22 37 33 46 20 34 45 48 23 24 16 18 47 19 49 
AQUIIII!!49 2 13 10 6 22 0 33 1 3 25 4 31 34 5 37 
AQUIIII!!10 0 23 47 37 34 22 19 45 46 20 48 25 33 1 49 AQUIIII!!
34 1 2 22 13 25 45 48 37 10 23 33 0 49 47 46 
AQUIIII!!49 AQUIIII!!33 23 0 45 2 48 1 10 37 25 47 47 18 17 46 13 19 37 22 34 16 45 46 22 24 23 34 48 20 
33 49 
AQUIIII!!47 22 20 19 48 34 18 37 45 23 46 0 25 33 10 49 
AQUIIII!!48 23 25 46 33 0 37 22 2 47 45 20 10 AQUIIII!!34 47 1 16 AQUIIII!!49 45 20 
18 19 46 45 20 49 19 AQUIIII!!25 37 46 23 33 23 33 23 48 2 24 18 34 34 0 0 17 34 45 22 1 10 15 10 37 44 47 AQUIIII!!47 45 37 
33 18 48 22 37 46 
19 25 20 22 46 13 48 49 16 
24 23 22 17 33 34 47 49 
AQUIIII!!10 22 46 47 48 0 25 2 34 1 13 33 3 23 37 49 
AQUIIII!!23 19 33 45 47 22 34 18 20 37 48 46 24 10 17 49 
AQUIIII!!48 45 49 46 19 16 20 47 37 18 24 33 23 34 17 22 
AQUIIII!!20 33 10 37 22 0 34 25 19 47 18 23 49 46 48 45 
AQUIIII!!49 22 4 33 23 2 34 5 13 3 37 25 AQUIIII!!1 46 48 22 34 10 18 0 48 24 
17 45 33 16 19 23 47 20 37 49 
AQUIIII!!46 47 23 45 2 0 34 25 20 1 33 48 10 37 22 49 
AQUIIII!!49 13 48 25 1 22 10 2 0 5 3 37 23 33 4 34 
AQUIIII!!49 2 46 37 47 48 20 34 45 23 25 0 10 33 22 1 
AQUIIII!!49 37 5 3 10 34 23 48 25 13 2 22 4 33 0 1 
AQUIIII!!49 2 47 34 1 33 3 10 4 22 37 23 48 25 13 0 
AQUIIII!!49 33 2 1 13 46 47 23 25 48 0 22 45 10 37 34 
AQUIIII!!23 22 37 47 19 20 46 10 25 34 48 18 45 33 0 49 
AQUIIII!!23 17 16 24 20 33 AQUIIII!!15 49 34 33 19 37 10 18 25 22 4 47 48 46 47 45 23 44 0 
37 22 13 1 34 2 3 
AQUIIII!!20 46 18 37 47 23 33 45 19 24 10 48 34 22 17 49 
AQUIIII!!49 0 33 34 23 13 1 25 2 3 22 5 4 37 10 48 
AQUIIII!!34 33 45 1 0 19 23 48 25 22 37 47 46 10 49 20 
AQUIIII!!AQUIIII!!20 10 AQUIIII!!47 2 37 13 34 33 4 47 3 46 AQUIIII!!48 33 2 49 2 13 34 5 23 1 1 6 48 10 34 37 3 25 0 22 31 0 25 23 22 22 25 37 23 4 47 3 45 13 0 22 25 48 49 34 49 46 
33 
1 2 10 33 1 10 37 0 49 

AQUIIII!!46 15 45 24 33 44 18 20 23 43 34 37 22 16 19 17 
AQUIIII!!4 34 2 33 5 13 37 0 31 22 1 6 AQUIIII!!25 17 10 10 3 37 49 49 
23 18 33 20 24 22 AQUIIII!!34 46 19 34 45 33 48 45 47 22 46 37 
10 23 2 47 1 25 13 0 48 49 
AQUIIII!!2 46 48 33 23 47 0 10 22 37 1 45 20 34 25 49 
AQUIIII!!49 13 10 22 2 0 6 37 31 5 33 25 3 1 4 34 
AQUIIII!!24 43 17 23 22 15 AQUIIII!!20 1 33 0 19 48 44 37 18 22 37 25 34 10 46 34 16 33 45 47 
46 45 23 20 19 49 
AQUIIII!!49 AQUIIII!!48 20 23 33 46 48 34 1 0 AQUIIII!!37 48 46 45 13 19 47 3 45 33 33 22 22 25 10 1 1 25 2 23 2 4 37 10 13 34 34 0 37 10 49 23 
25 0 47 22 
47 49 
AQUIIII!!49 22 47 34 48 33 2 25 AQUIIII!!13 48 4 47 17 3 18 23 19 0 45 37 22 10 1 AQUIIII!!46 10 0 37 
47 34 22 33 24 10 20 23 23 48 49 
1 13 34 46 2 33 25 37 3 49 
AQUIIII!!49 33 25 47 3 22 48 46 13 2 37 10 23 34 1 0 
AQUIIII!!9 44 11 15 12 14 41 32 27 33 16 21 42 43 34 39 
AQUIIII!!33 37 13 48 4 5 1 23 3 10 22 34 0 2 25 49 
AQUIIII!!49 18 0 48 37 25 19 45 10 23 47 34 33 22 20 46 
AQUIIII!!49 37 AQUIIII!!4 49 22 23 10 5 33 23 0 34 19 0 22 25 47 48 48 13 33 18 45 1 3 20 2 25 
37 10 34 46 AQUIIII!!
49 48 24 10 17 20 47 45 46 18 22 23 33 19 34 37 AQUIIII!!
15 19 42 18 33 16 AQUIIII!!23 31 22 6 34 10 17 33 32 22 24 5 43 37 20 2 45 0 44 4 
34 25 1 3 13 49 
AQUIIII!!37 33 AQUIIII!!22 48 34 47 23 49 18 46 0 33 25 37 19 17 10 23 20 19 47 34 20 49 16 46 24 48 22 45 18 
45 
AQUIIII!!48 47 49 46 33 37 17 23 19 34 20 16 24 22 18 45 
AQUIIII!!49 22 25 33 20 46 34 23 37 45 47 0 2 10 1 48 
AQUIIII!!3 33 5 13 22 0 6 31 34 4 37 25 2 10 1 49 
AQUIIII!!44 45 16 15 42 32 19 20 17 18 43 24 33 34 23 22 
AQUIIII!!49 19 45 47 34 46 24 37 33 23 16 17 18 48 20 22 
AQUIIII!!49 20 45 19 10 33 46 18 23 48 0 47 25 22 37 34 
AQUIIII!!49 23 34 3 48 10 2 47 46 AQUIIII!!25 0 46 1 34 33 20 37 37 22 22 13 
23 47 25 2 10 0 33 48 45 1 49 
AQUIIII!!49 1 33 47 23 13 10 22 3 48 25 37 2 0 4 34 
AQUIIII!!48 34 22 20 18 19 33 45 24 17 37 AQUIIII!!16 18 23 17 46 19 47 47 49 22 
33 37 34 23 24 16 48 45 46 20 49 
AQUIIII!!49 1 5 22 10 2 13 0 34 23 33 4 37 3 48 25 
AQUIIII!!49 1 20 0 23 22 34 37 48 45 10 33 25 19 46 47 
AQUIIII!!34 48 33 1 0 10 25 37 47 23 2 3 46 13 22 49 
AQUIIII!!25 20 10 23 0 37 45 34 48 33 47 22 19 1 46 49 
AQUIIII!!31 AQUIIII!!22 4 6 10 1 2 4 13 3 1 13 33 5 0 3 25 6 31 0 22 37 33 34 5 25 2 49 37 
34 10 49 
AQUIIII!!49 46 48 22 17 23 47 18 10 33 34 45 20 37 19 24 
AQUIIII!!49 23 47 46 19 20 45 37 22 1 0 34 33 25 48 10 
AQUIIII!!49 17 46 48 AQUIIII!!20 49 45 48 24 2 19 33 23 4 5 34 1 16 13 22 10 33 3 47 37 22 18 25 37 23 
0 34 
AQUIIII!!49 47 48 46 22 45 37 34 0 2 25 23 10 1 13 33 
AQUIIII!!49 47 48 46 22 45 37 34 0 2 25 23 10 1 13 33 
AQUIIII!!49 47 48 46 22 45 37 34 0 2 25 23 10 1 13 33 
AQUIIII!!31 2 AQUIIII!!0 1 13 34 3 48 22 2 10 23 5 47 6 45 25 46 1 37 34 13 33 22 37 25 4 33 49 10 
0 49 
AQUIIII!!23 20 10 0 33 37 46 47 34 18 25 48 19 45 22 49 
AQUIIII!!49 46 25 34 37 45 23 22 47 AQUIIII!!10 12 7 20 39 0 14 48 AQUIIII!!32 1 49 11 45 33 27 10 19 26 47 19 
8 37 42 48 21 33 41 22 46 43 0 40 20 44 25 9 34 1 
23 
AQUIIII!!10 47 37 46 18 22 25 20 34 23 19 48 33 AQUIIII!!45 49 0 18 49 17 
33 48 20 24 19 45 22 34 47 23 46 16 37 
AQUIIII!!16 24 18 34 23 33 19 45 20 22 47 48 46 37 49 17 
AQUIIII!!49 23 37 25 33 0 3 4 22 34 1 2 47 10 48 13 AQUIIII!!
49 0 AQUIIII!!13 46 33 17 23 20 3 33 48 22 4 37 34 16 22 AQUIIII!!18 25 49 19 37 37 45 22 23 1 23 48 10 25 24 20 34 2 34 AQUIIII!!47 18 47 46 49 46 45 

19 25 10 48 33 47 45 34 47 18 0 20 48 10 
23 22 19 37 0 33 49 
AQUIIII!!41 14 43 21 8 39 15 11 26 42 27 12 32 40 44 9 
AQUIIII!!34 33 43 32 16 27 39 12 11 41 AQUIIII!!42 47 14 46 15 33 0 21 1 44 48 9 45 
22 34 37 20 25 10 2 23 49 
AQUIIII!!44 45 33 17 20 24 16 18 22 46 37 43 19 34 23 15 
AQUIIII!!48 47 AQUIIII!!46 1 18 0 16 4 45 25 37 22 24 47 17 2 20 37 22 34 15 33 23 13 33 23 19 3 34 10 
48 49 
AQUIIII!!49 37 13 3 48 33 0 46 10 2 23 25 22 1 47 34 
AQUIIII!!47 20 45 46 10 49 48 23 1 37 19 22 34 25 0 33 
AQUIIII!!49 48 33 34 22 37 23 0 2 45 46 20 1 10 25 47 
AQUIIII!!1 47 34 37 22 2 23 AQUIIII!!10 49 AQUIIII!!33 45 19 0 22 18 25 15 25 24 48 34 20 20 47 16 45 46 0 17 46 10 34 49 2 43 
22 33 37 23 23 46 33 45 13 44 37 
1 48 
AQUIIII!!49 25 0 45 47 33 19 48 22 46 37 10 20 1 23 34 
AQUIIII!!33 34 17 18 23 48 24 22 37 20 46 19 45 16 49 47 
AQUIIII!!1 13 22 3 25 37 10 5 33 2 6 0 AQUIIII!!37 34 0 4 22 13 31 2 49 45 
48 47 34 10 25 46 23 33 1 49 
AQUIIII!!48 AQUIIII!!23 22 33 17 10 18 22 16 37 37 0 33 25 34 45 24 46 23 2 20 47 15 20 46 34 19 1 43 49 44 
45 
AQUIIII!!49 13 23 4 10 25 0 2 34 33 1 37 22 47 3 48 AQUIIII!!
22 33 4 37 10 5 23 2 0 48 1 34 3 13 25 49 
AQUIIII!!49 19 22 33 10 18 46 20 17 34 47 37 45 24 23 48 AQUIIII!!19 
44 20 16 24 46 34 45 22 15 18 33 47 37 17 23 
AQUIIII!!13 23 2 33 0 25 3 10 49 34 37 1 22 47 48 46 
AQUIIII!!49 19 48 10 37 23 45 34 20 25 47 1 33 46 0 22 
AQUIIII!!20 22 0 48 45 23 34 1 37 19 33 46 47 10 25 49 
AQUIIII!!49 19 22 33 10 18 46 20 17 34 47 37 45 24 23 48 
AQUIIII!!17 24 22 48 37 23 47 46 10 19 20 33 34 18 45 49 
AQUIIII!!AQUIIII!!5 23 25 37 13 0 23 10 2 4 25 48 3 37 22 22 34 33 48 3 33 0 4 34 47 1 1 2 13 49 10 
49 
AQUIIII!!22 16 37 20 46 45 33 24 34 18 48 17 19 47 23 49 AQUIIII!!
37 47 1 48 13 10 22 25 34 45 0 2 23 33 46 49 
AQUIIII!!0 10 46 23 AQUIIII!!34 48 48 49 2 46 1 23 13 20 18 37 47 33 25 25 34 45 33 22 10 47 37 22 49 45 
0 19 
AQUIIII!!19 48 AQUIIII!!45 47 34 47 22 18 46 18 20 17 24 17 23 33 49 19 45 37 34 48 16 24 49 
33 23 22 10 37 46 20 
AQUIIII!!33 34 17 18 23 48 24 22 37 20 46 19 45 16 49 47 
AQUIIII!!23 24 22 34 20 46 18 37 16 17 19 47 48 33 45 49 
AQUIIII!!49 47 37 48 10 19 45 0 1 20 34 25 22 33 46 23 
AQUIIII!!22 33 47 37 1 23 45 46 2 34 10 48 13 0 25 49 
AQUIIII!!44 45 37 15 34 17 23 20 22 24 19 46 AQUIIII!!18 20 47 19 33 33 16 1 
25 46 48 34 45 47 37 22 0 23 10 49 
AQUIIII!!49 48 13 AQUIIII!!0 49 34 33 33 45 2 37 5 16 22 18 3 19 4 48 37 20 1 24 23 46 10 17 25 22 
23 47 34 
AQUIIII!!34 5 37 13 23 2 25 1 0 10 48 22 3 33 4 49 
AQUIIII!!49 48 46 45 22 37 33 19 18 25 47 0 34 20 23 10 
AQUIIII!!2 34 46 13 0 23 47 48 10 1 22 3 37 33 25 49 
AQUIIII!!2 47 25 46 0 48 3 23 22 13 10 34 37 1 33 49 
AQUIIII!!49 25 10 48 47 34 1 46 0 19 20 22 37 23 33 45 
AQUIIII!!46 37 20 0 22 23 25 33 45 34 48 10 19 47 1 49 
AQUIIII!!23 4 2 13 25 3 34 48 10 37 0 33 22 5 1 49 
Number of Cuts in the second phase:4080
Number of repeat: 3688 
Violation: 642.000000
Violation: 990.000000
Violation: 285.000000
Violation: 428.000000
Violation: 284.000000
Violation: 1106.000000
Violation: 570.000000
Violation: 926.000000
Violation: 125.000000
Violation: 928.000000
Violation: 710.000000
Violation: 625.000000
Violation: 285.000000
Violation: 984.000000
Violation: 285.000000
Violation: 375.000000
Violation: 570.000000
Violation: 375.000000
Violation: 750.000000
Violation: 674.000000
Violation: 284.000000
Violation: 515.000000
Violation: 125.000000
Violation: 106.000000
Violation: 464.000000
Violation: 375.000000
Violation: 500.000000
Violation: 570.000000
Violation: 125.000000
Violation: 284.000000
Violation: 140.000000
Violation: 710.000000
Violation: 500.000000
Violation: 375.000000
Violation: 375.000000
Violation: 710.000000
Violation: 214.000000
Violation: 313.000000
Violation: 568.000000
Violation: 500.000000
Violation: 672.000000
Violation: 125.000000
Violation: 745.000000
Violation: 375.000000
Violation: 1375.000000
Violation: 700.000000
Violation: 140.000000
Violation: 140.000000
Violation: 420.000000
Violation: 140.000000
Violation: 246.000000
Violation: 120.000000
Violation: 750.000000
Violation: 280.000000
Violation: 140.000000
Violation: 568.000000
Violation: 140.000000
Violation: 1166.000000
Violation: 225.000000
Violation: 420.000000
Violation: 1166.000000
Violation: 354.000000
Violation: 178.000000
Violation: 140.000000
Violation: 34.000000
Violation: 500.000000
Violation: 742.000000
Violation: 140.000000
Violation: 125.000000
Violation: 635.000000
Violation: 570.000000
Violation: 352.000000
Violation: 1125.000000
Violation: 140.000000
Violation: 750.000000
Violation: 570.000000
Violation: 375.000000
Violation: 659.000000
Violation: 125.000000
Violation: 749.000000
Violation: 515.000000
Violation: 620.000000
Violation: 772.000000
Violation: 712.000000
Violation: 125.000000
Violation: 497.000000
Violation: 818.000000
Violation: 140.000000
Violation: 636.000000
Violation: 564.000000
Violation: 710.000000
Violation: 425.000000
Violation: 749.000000
Violation: 140.000000
Violation: 106.000000
Violation: 705.000000
Violation: 481.000000
Violation: 34.000000
Violation: 708.000000
Violation: 231.000000
Violation: 1420.000000
Violation: 285.000000
Violation: 250.000000
Violation: 642.000000
Violation: 106.000000
Violation: 455.000000
Violation: 386.000000
Violation: 140.000000
Violation: 856.000000
Violation: 492.000000
Violation: 250.000000
Violation: 285.000000
Violation: 85.000000
Violation: 140.000000
Violation: 365.000000
Violation: 125.000000
Violation: 1000.000000
Violation: 381.000000
Violation: 24.000000
Violation: 425.000000
Violation: 710.000000
Violation: 178.000000
Violation: 21.000000
Violation: 280.000000
Violation: 280.000000
Violation: 935.000000
Violation: 386.000000
Violation: 731.000000
Violation: 497.000000
Violation: 711.000000
Violation: 284.000000
Violation: 75.000000
Violation: 425.000000
Violation: 462.000000
Violation: 175.000000
Violation: 246.000000
Violation: 1125.000000
Violation: 375.000000
Violation: 140.000000
Violation: 96.000000
Violation: 212.000000
Violation: 710.000000
Violation: 526.000000
Violation: 637.000000
Violation: 225.000000
Violation: 820.000000
Violation: 356.000000
Violation: 375.000000
Violation: 16.000000
Violation: 68.000000
Violation: 500.000000
Violation: 565.000000
Violation: 140.000000
Violation: 420.000000
Violation: 750.000000
Violation: 125.000000
Violation: 499.000000
Violation: 38.000000
Violation: 691.000000
Violation: 375.000000
Violation: 875.000000
Violation: 420.000000
Violation: 178.000000
Violation: 164.000000
Violation: 425.000000
Violation: 375.000000
Violation: 875.000000
Violation: 710.000000
Violation: 659.000000
Violation: 246.000000
Violation: 35.000000
Violation: 1106.000000
Violation: 940.000000
Violation: 777.000000
Violation: 565.000000
Violation: 178.000000
Violation: 350.000000
Violation: 700.000000
Violation: 140.000000
Violation: 285.000000
Violation: 464.000000
Violation: 240.000000
Violation: 158.000000
Violation: 425.000000
Violation: 280.000000
Violation: 774.000000
Violation: 458.000000
Violation: 564.000000
Violation: 640.000000
Violation: 76.000000
Violation: 380.000000
Violation: 250.000000
Violation: 335.000000
Violation: 375.000000
Violation: 560.000000
Violation: 500.000000
Violation: 140.000000
Violation: 267.000000
Violation: 1133.000000
Violation: 676.000000
Violation: 523.000000
Violation: 708.000000
Violation: 749.000000
Violation: 30.000000
Violation: 570.000000
Violation: 500.000000
Violation: 515.000000
Violation: 565.000000
Violation: 280.000000
Violation: 212.000000
Violation: 497.000000
Violation: 666.000000
Violation: 638.000000
Violation: 625.000000
Violation: 525.000000
Violation: 140.000000
Violation: 30.000000
Violation: 1352.000000
Violation: 52.000000
Violation: 565.000000
Violation: 1102.000000
Violation: 497.000000
Violation: 1526.000000
Violation: 705.000000
Violation: 560.000000
Violation: 782.000000
Violation: 515.000000
Violation: 250.000000
Violation: 1276.000000
Violation: 642.000000
Violation: 625.000000
Violation: 1000.000000
Violation: 80.000000
Violation: 1352.000000
Violation: 922.000000
Violation: 280.000000
Violation: 1130.000000
Violation: 420.000000
Violation: 178.000000
Violation: 625.000000
Violation: 705.000000
Violation: 319.000000
Violation: 425.000000
Violation: 515.000000
Violation: 425.000000
Violation: 225.000000
Violation: 283.000000
Violation: 420.000000
Violation: 745.000000
Violation: 710.000000
Violation: 405.000000
Violation: 551.000000
Violation: 620.000000
Violation: 564.000000
Violation: 515.000000
Violation: 280.000000
Violation: 414.000000
Violation: 655.000000
Violation: 1030.000000
Violation: 140.000000
Violation: 386.000000
Violation: 280.000000
Violation: 1250.000000
Violation: 766.000000
Violation: 140.000000
Violation: 943.000000
Violation: 742.000000
Violation: 375.000000
Violation: 420.000000
Violation: 135.000000
Violation: 743.000000
Violation: 420.000000
Violation: 329.000000
Violation: 727.000000
Violation: 34.000000
Violation: 565.000000
Violation: 370.000000
Violation: 1347.000000
Violation: 1386.000000
Violation: 806.000000
Violation: 1032.000000
Violation: 500.000000
Violation: 545.000000
Violation: 750.000000
Violation: 390.000000
Violation: 375.000000
Violation: 1102.000000
Violation: 799.000000
Violation: 375.000000
Violation: 777.000000
Violation: 1315.000000
Violation: 625.000000
Violation: 515.000000
Violation: 602.000000
Violation: 375.000000
Violation: 280.000000
Violation: 85.000000
Violation: 956.000000
Violation: 840.000000
Violation: 1166.000000
Violation: 818.000000
Violation: 75.000000
Violation: 560.000000
Violation: 106.000000
Violation: 152.000000
Violation: 375.000000
Violation: 420.000000
Violation: 375.000000
Violation: 642.000000
Violation: 85.000000
Violation: 212.000000
Violation: 69.000000
Violation: 515.000000
Violation: 570.000000
Violation: 705.000000
Violation: 315.000000
Violation: 560.000000
Violation: 195.000000
Violation: 916.000000
Violation: 318.000000
Violation: 1104.000000
Violation: 742.000000
Violation: 503.000000
Violation: 425.000000
Violation: 1025.000000
Violation: 100.000000
Violation: 375.000000
Violation: 806.000000
Violation: 1772.000000
Violation: 242.000000
Violation: 375.000000
Violation: 703.000000
Violation: 742.000000
Violation: 283.000000
Violation: 34.000000
Violation: 49.000000
Violation: 68.000000
Violation: 920.000000
Violation: 246.000000
Violation: 1015.000000
Violation: 499.000000
Violation: 325.000000
Violation: 782.000000
Violation: 1125.000000
Violation: 1152.000000
Violation: 318.000000
Violation: 945.000000
Violation: 352.000000
Violation: 386.000000
Violation: 705.000000
Violation: 700.000000
Violation: 500.000000
Violation: 833.000000
Violation: 992.000000
Violation: 315.000000
Violation: 140.000000
Violation: 597.000000
Violation: 140.000000
Violation: 68.000000
Violation: 658.000000
Violation: 100.000000
Violation: 370.000000
Violation: 831.000000
Violation: 102.000000
Violation: 479.000000
Violation: 75.000000
Violation: 164.000000
Violation: 476.000000
Violation: 705.000000
Violation: 748.000000
Violation: 1352.000000
Violation: 68.000000
Violation: 520.000000
Violation: 104.000000
Violation: 375.000000
Violation: 140.000000
Violation: 386.000000
Violation: 318.000000
Violation: 159.000000
Violation: 340.000000
Violation: 425.000000
Violation: 280.000000
Violation: 685.000000
Violation: 1282.000000
Violation: 375.000000
Violation: 510.000000
Violation: 352.000000
Violation: 140.000000
Violation: 283.000000
Violation: 215.000000
Violation: 981.000000
Violation: 1021.000000
2400 16
AQUIIII!!44 9 27 41 14 26 43 42 15 11 40 8 39 12 32 21 
AQUIIII!!46 49 48 33 47 10 20 25 19 1 23 22 34 37 45 0 
AQUIIII!!23 18 37 22 47 16 46 33 17 24 19 48 34 45 49 20 
AQUIIII!!49 4 47 34 48 13 23 25 0 1 2 37 10 22 3 33 
AQUIIII!!32 11 26 40 14 12 15 27 43 41 42 39 8 21 9 44 
AQUIIII!!49 22 1 0 45 33 20 46 37 2 10 47 23 25 34 48 
AQUIIII!!49 48 46 10 0 45 34 37 25 1 33 19 20 23 22 47 
AQUIIII!!1 33 45 13 23 10 37 48 25 34 22 2 47 0 46 49 
AQUIIII!!22 10 2 3 4 37 23 34 1 0 13 33 25 5 48 49 
AQUIIII!!46 45 15 18 19 34 24 37 33 23 22 17 AQUIIII!!47 45 16 18 20 48 44 33 
46 24 16 20 47 22 23 49 34 17 19 37 
AQUIIII!!19 45 37 23 48 16 24 47 18 20 17 33 46 22 34 49 
AQUIIII!!10 2 34 48 37 33 46 22 47 20 45 0 25 1 23 49 
AQUIIII!!19 18 10 AQUIIII!!22 10 48 48 0 20 34 22 46 33 25 18 33 47 23 34 37 19 45 46 47 17 20 45 49 37 
23 24 49 
AQUIIII!!0 37 33 25 1 13 4 3 2 23 34 48 AQUIIII!!10 33 22 23 5 47 49 46 
0 37 25 48 10 45 20 2 22 1 34 49 
AQUIIII!!49 37 10 6 25 5 22 3 34 1 33 31 2 4 13 0 
AQUIIII!!49 22 3 48 34 10 13 37 5 23 33 0 2 1 25 4 
AQUIIII!!49 AQUIIII!!37 49 48 48 1 23 22 10 33 17 10 34 47 45 22 2 18 25 46 47 19 0 33 46 24 23 45 13 20 
37 34 
AQUIIII!!49 6 5 0 22 33 31 1 25 4 2 34 10 3 37 13 
AQUIIII!!12 41 40 9 21 42 32 26 7 39 11 27 14 8 44 43 
AQUIIII!!0 13 22 25 23 47 1 37 2 48 46 34 10 3 33 49 
AQUIIII!!18 46 15 45 48 34 20 37 24 33 16 23 47 19 17 22 
AQUIIII!!49 1 37 23 34 45 13 2 25 48 47 33 46 0 22 10 
AQUIIII!!37 22 33 34 18 46 48 24 17 20 47 19 16 23 45 AQUIIII!!49 5 
4 33 2 6 1 25 31 22 13 37 0 3 10 34 49 
AQUIIII!!19 1 23 37 22 33 34 10 25 0 20 48 45 49 47 46 
AQUIIII!!23 24 16 46 33 47 AQUIIII!!34 22 49 0 19 47 20 3 37 37 15 46 18 48 17 22 45 10 44 1 
34 13 23 33 2 25 
AQUIIII!!49 25 45 34 47 33 46 23 48 10 0 1 13 22 2 37 
AQUIIII!!49 23 1 10 33 46 20 37 47 45 48 34 19 25 22 0 
AQUIIII!!48 19 49 47 18 17 20 24 23 45 10 37 33 34 22 46 
AQUIIII!!49 1 0 13 48 47 10 25 22 3 46 34 33 2 37 23 
AQUIIII!!46 33 23 37 1 AQUIIII!!2 49 45 22 25 37 48 48 0 46 34 25 13 45 22 33 47 23 10 0 1 49 2 
13 10 47 34 
AQUIIII!!46 33 24 20 48 18 19 47 45 34 17 37 16 22 23 49 
AQUIIII!!49 4 48 47 25 37 3 33 0 1 10 2 22 34 13 23 
AQUIIII!!44 45 15 34 33 20 16 47 46 19 37 24 23 18 22 17 
AQUIIII!!19 18 34 47 25 37 0 23 10 20 46 33 48 22 45 49 
AQUIIII!!45 37 33 47 20 23 34 10 22 18 48 17 24 49 46 19 
AQUIIII!!10 0 1 3 46 33 13 25 2 22 48 34 23 47 37 49 
AQUIIII!!19 22 34 16 23 24 46 20 18 45 17 33 37 47 48 49 
AQUIIII!!49 1 13 3 4 22 37 25 34 23 2 10 0 33 48 47 
AQUIIII!!49 34 48 18 20 47 23 37 17 22 16 45 46 33 24 19 
AQUIIII!!9 44 15 12 27 21 14 26 32 41 40 42 11 8 39 43 
AQUIIII!!25 37 33 10 47 23 49 34 22 20 46 0 19 18 48 45 
AQUIIII!!23 34 10 22 25 20 0 37 46 45 19 1 47 48 33 49 
AQUIIII!!44 17 46 45 20 24 37 18 15 16 43 22 19 34 23 33 
AQUIIII!!34 2 33 48 13 37 46 47 10 25 0 3 1 23 22 49 
Number of Cuts in the second phase:1124
Number of repeat: 1057 
Violation: 280.000000
Violation: 140.000000
Violation: 564.000000
Violation: 418.000000
Violation: 625.000000
Violation: 43.000000
Violation: 1030.000000
Violation: 391.000000
Violation: 420.000000
Violation: 425.000000
Violation: 770.000000
Violation: 231.000000
Violation: 708.000000
Violation: 85.000000
Violation: 375.000000
Violation: 415.000000
Violation: 140.000000
Violation: 102.000000
Violation: 110.000000
Violation: 284.000000
Violation: 140.000000
Violation: 550.000000
Violation: 325.000000
Violation: 700.000000
Violation: 700.000000
Violation: 246.000000
Violation: 526.000000
Violation: 500.000000
Violation: 175.000000
Violation: 559.000000
Violation: 748.000000
Violation: 246.000000
Violation: 418.000000
Violation: 420.000000
Violation: 233.000000
Violation: 456.000000
Violation: 457.000000
Violation: 497.000000
Violation: 386.000000
Violation: 370.000000
Violation: 214.000000
Violation: 1120.000000
Violation: 742.000000
Violation: 1126.000000
Violation: 1310.000000
Violation: 140.000000
Violation: 280.000000
Violation: 488.000000
Violation: 386.000000
Violation: 106.000000
Violation: 375.000000
Violation: 1087.000000
Violation: 1055.000000
Violation: 347.000000
Violation: 475.000000
Violation: 280.000000
Violation: 560.000000
Violation: 225.000000
Violation: 589.000000
Violation: 928.000000
Violation: 352.000000
Violation: 589.000000
Violation: 297.000000
Violation: 570.000000
Violation: 11.000000
Violation: 390.000000
Violation: 1030.000000
took 3.416331
Optimize a model with 823 rows, 906 columns and 11462 nonzeros
Coefficient statistics:
  Matrix range     [1e+00, 4e+01]
  Objective range  [0e+00, 0e+00]
  Bounds range     [1e+00, 4e+01]
  RHS range        [1e+00, 1e+02]
Presolve removed 291 rows and 107 columns
Presolve time: 0.01s
Presolved: 532 rows, 799 columns, 10039 nonzeros

Iteration    Objective       Primal Inf.    Dual Inf.      Time
       0    0.0000000e+00   4.607505e+01   0.000000e+00      0s
     103    0.0000000e+00   0.000000e+00   0.000000e+00      0s

Solved in 103 iterations and 0.01 seconds
Optimal objective  0.000000000e+00
