A-4.txt_s3.txt
Academic license - for non-commercial use only
Read LP format model from file lp/A-4.txt.lp
Reading time = 0.05 seconds
: 961 rows, 10797 columns, 131727 nonzeros
OKGPU
nThreads: 1024 , nBlocks: 12 
Number cuts generated in the phase 1: 13
Number of repeat: 0 
violation 43.000000
violation 30.000000
violation 10.000000
violation 13.000000
violation 13.000000
violation 198.000000
violation 56.000000
violation 306.000000
violation 785.000000
violation 576.000000
violation 27.000000
violation 714.000000
violation 774.000000
4992 16
AQUIIII!!151 18 104 68 5 13 87 94 143 21 92 145 150 19 AQUIIII!!7 151 93 7 
143 13 92 154 104 5 18 19 94 AQUIIII!!150 151 87 104 68 68 21 21 93 5 
153 149 152 7 13 87 92 154 150 94 93 
AQUIIII!!151 13 5 150 83 149 93 154 152 68 117 100 29 21 153 95 
AQUIIII!!151 19 21 92 145 5 7 93 68 94 143 18 150 13 87 104 
AQUIIII!!152 151 13 154 92 93 104 87 7 5 150 21 68 153 94 18 
AQUIIII!!154 29 152 100 26 27 28 93 150 153 13 95 83 149 117 68 
AQUIIII!!18 7 5 93 13 154 94 152 87 92 104 21 153 150 68 151 
AQUIIII!!92 150 93 145 68 104 18 87 21 94 143 13 5 19 7 151 
AQUIIII!!68 18 150 5 93 87 13 94 92 19 21 154 7 104 143 151 
AQUIIII!!151 104 93 7 87 92 68 153 154 18 150 19 21 94 5 13 
AQUIIII!!5 153 83 95 100 154 152 29 93 13 68 117 149 21 150 151 
AQUIIII!!151 150 94 5 93 13 21 19 92 7 104 153 18 87 154 68 
AQUIIII!!151 5 148 92 94 150 18 87 19 93 7 104 143 68 21 145 
AQUIIII!!151 149 95 93 5 153 152 150 154 21 100 29 13 83 68 117 
AQUIIII!!83 150 13 149 95 68 29 117 153 152 100 5 93 154 21 151 
AQUIIII!!13 83 153 149 68 117 154 95 29 21 150 28 93 100 151 152 
AQUIIII!!5 104 154 7 68 150 93 92 149 13 21 152 153 87 94 151 
AQUIIII!!13 5 154 19 93 21 143 150 68 18 94 104 92 7 87 151 
AQUIIII!!29 152 154 151 13 83 93 68 28 149 95 150 100 27 153 117 
AQUIIII!!151 68 145 7 150 148 143 94 5 104 92 87 93 18 21 19 
AQUIIII!!150 94 18 145 87 93 5 19 143 7 68 21 104 92 13 151 
AQUIIII!!151 5 21 68 93 117 153 83 95 29 150 154 152 13 149 100 
AQUIIII!!29 154 149 151 83 13 AQUIIII!!150 68 150 154 28 7 95 87 100 92 152 143 153 19 93 5 27 104 21 117 94 
93 18 68 13 151 
AQUIIII!!151 148 5 104 6 19 93 145 92 94 18 21 87 7 68 AQUIIII!!143 150 
153 94 13 68 104 5 7 154 21 92 87 93 152 149 151 
AQUIIII!!152 92 149 13 154 104 153 68 87 150 94 5 93 21 7 151 
AQUIIII!!87 143 13 104 68 150 145 19 93 21 7 18 94 92 5 151 
AQUIIII!!21 94 5 93 92 149 87 154 153 104 150 13 68 7 151 152 
AQUIIII!!151 145 68 18 104 5 143 92 150 21 7 94 93 148 87 19 
AQUIIII!!151 94 7 13 21 87 68 152 154 104 92 18 93 150 5 153 
AQUIIII!!151 100 13 68 117 93 21 152 154 83 149 5 29 95 150 153 
AQUIIII!!152 149 27 117 100 150 153 13 93 83 28 95 68 151 154 29 
AQUIIII!!68 28 83 152 93 150 149 27 117 95 13 100 29 153 151 154 
AQUIIII!!143 150 21 94 68 154 104 19 13 92 5 18 87 93 7 151 
AQUIIII!!151 13 29 95 93 154 149 83 153 68 152 117 5 100 21 150 
AQUIIII!!7 150 68 92 94 104 93 18 87 19 5 153 13 21 151 154 
AQUIIII!!7 150 68 92 94 104 93 18 87 19 5 153 13 21 151 154 
AQUIIII!!153 92 94 18 150 7 93 19 87 5 21 154 68 104 13 151 
AQUIIII!!151 150 92 68 13 93 5 143 94 154 19 18 104 21 7 87 
AQUIIII!!151 104 154 5 94 7 150 152 93 21 153 13 92 18 68 87 
AQUIIII!!29 154 150 27 13 152 149 28 153 83 95 117 68 93 100 26 
AQUIIII!!93 145 21 92 19 13 87 18 104 5 94 150 7 68 143 151 
AQUIIII!!21 151 154 92 150 153 13 87 68 7 93 19 18 104 5 94 
AQUIIII!!151 100 29 117 154 83 150 149 21 93 153 152 13 68 28 95 
AQUIIII!!6 143 21 104 93 19 18 87 5 94 68 148 92 145 7 151 
AQUIIII!!151 154 149 21 83 153 29 95 117 100 68 93 28 152 13 150 
AQUIIII!!151 21 18 143 150 93 87 145 104 68 7 92 94 19 5 13 
AQUIIII!!152 154 151 7 94 104 92 18 13 21 93 68 87 5 153 150 
AQUIIII!!154 152 29 153 149 117 83 93 151 95 28 100 68 13 150 27 
AQUIIII!!151 92 145 7 150 143 148 5 94 93 19 87 68 18 104 21 
AQUIIII!!151 92 68 93 5 150 153 152 13 104 AQUIIII!!154 21 151 87 154 21 92 7 150 94 153 18 13 87 
68 7 93 19 18 104 5 94 
AQUIIII!!151 87 94 92 21 5 7 143 104 93 68 18 145 19 13 150 
AQUIIII!!155 30 74 114 36 75 42 32 34 119 33 14 1 35 118 82 
AQUIIII!!17 152 28 149 100 27 83 117 153 93 25 74 26 95 154 29 
AQUIIII!!151 19 68 21 154 92 153 93 7 87 104 18 5 150 13 94 
AQUIIII!!151 95 153 68 21 154 117 149 29 93 100 83 28 150 152 13 
AQUIIII!!21 100 83 154 149 150 29 153 68 93 117 13 28 152 95 151 
AQUIIII!!150 18 92 68 94 19 87 104 143 148 21 93 7 5 145 151 
AQUIIII!!93 149 150 28 154 13 29 117 83 100 95 27 153 152 68 151 
AQUIIII!!94 18 7 21 150 92 153 87 5 154 19 13 68 93 104 151 
AQUIIII!!151 27 150 83 29 28 152 149 93 154 153 95 13 68 100 117 
AQUIIII!!151 145 18 94 92 104 5 6 19 148 68 87 93 143 7 21 
AQUIIII!!151 149 5 150 68 154 13 29 153 152 117 93 100 21 95 83 
AQUIIII!!21 151 150 94 7 152 153 87 154 104 68 5 93 92 149 13 
AQUIIII!!21 151 28 83 29 154 95 149 13 152 68 117 153 93 100 150 
AQUIIII!!148 7 93 87 18 68 92 5 94 19 6 145 21 143 104 151 
AQUIIII!!151 145 150 19 104 143 92 94 18 5 87 68 7 21 13 93 
AQUIIII!!151 93 95 13 149 29 68 100 117 150 28 27 152 83 153 154 
AQUIIII!!94 21 68 92 18 143 5 87 93 13 145 AQUIIII!!104 154 150 7 104 150 13 19 5 151 68 
149 7 87 94 152 92 153 93 151 21 
AQUIIII!!150 83 153 152 21 100 154 117 149 13 68 29 28 93 95 151 
AQUIIII!!151 18 21 7 93 104 19 92 94 5 68 87 150 143 145 148 
AQUIIII!!93 18 13 87 154 19 153 92 104 21 94 68 7 5 150 151 
AQUIIII!!7 87 143 68 93 5 92 19 21 150 18 13 154 104 94 151 
AQUIIII!!151 104 153 92 13 5 150 93 68 87 154 149 94 21 7 152 
AQUIIII!!151 93 94 7 21 149 153 152 5 104 150 13 68 92 154 87 
AQUIIII!!94 19 87 92 93 18 104 150 5 7 68 13 143 154 151 21 
AQUIIII!!149 21 153 117 29 93 28 68 154 152 AQUIIII!!100 151 83 154 13 95 100 150 93 95 83 151 153 
68 150 152 13 149 28 27 29 117 
AQUIIII!!151 18 21 5 7 68 19 94 93 87 104 150 13 153 92 154 
AQUIIII!!68 93 13 149 150 28 154 100 29 95 153 152 27 83 117 151 
AQUIIII!!27 153 93 28 154 152 117 83 150 100 95 149 29 68 13 151 
AQUIIII!!150 153 93 104 13 68 18 152 87 5 21 154 7 94 92 151 
AQUIIII!!151 152 5 21 68 153 94 92 18 7 93 150 13 104 154 87 
AQUIIII!!151 94 93 21 153 68 152 18 87 92 150 13 104 7 154 5 
AQUIIII!!21 154 151 95 100 153 29 5 13 117 68 83 149 150 93 152 
AQUIIII!!30 155 42 1 118 74 22 34 36 75 119 82 32 35 33 114 
AQUIIII!!151 68 92 94 150 145 87 148 21 143 104 18 7 93 19 5 
AQUIIII!!68 104 5 143 94 93 145 18 19 148 7 92 6 87 21 151 
AQUIIII!!21 94 154 18 152 153 7 92 150 68 93 104 87 5 13 151 
Number of Cuts in the second phase:1166
Number of repeat: 1061 
Violation: 1190.000000
Violation: 560.000000
Violation: 77.000000
Violation: 374.000000
Violation: 384.000000
Violation: 119.000000
Violation: 404.000000
Violation: 680.000000
Violation: 451.000000
Violation: 595.000000
Violation: 428.000000
Violation: 1088.000000
Violation: 192.000000
Violation: 642.000000
Violation: 146.000000
Violation: 1054.000000
Violation: 856.000000
Violation: 145.000000
Violation: 47.000000
Violation: 214.000000
Violation: 132.000000
Violation: 204.000000
Violation: 346.000000
Violation: 380.000000
Violation: 787.000000
Violation: 111.000000
Violation: 171.000000
Violation: 960.000000
Violation: 4.000000
Violation: 1015.000000
Violation: 716.000000
Violation: 357.000000
Violation: 791.000000
Violation: 334.000000
Violation: 340.000000
Violation: 330.000000
Violation: 212.000000
Violation: 34.000000
Violation: 825.000000
Violation: 382.000000
Violation: 1564.000000
Violation: 157.000000
Violation: 190.000000
Violation: 219.000000
Violation: 420.000000
Violation: 532.000000
Violation: 616.000000
Violation: 1574.000000
Violation: 131.000000
Violation: 37.000000
Violation: 181.000000
Violation: 284.000000
Violation: 641.000000
Violation: 317.000000
Violation: 157.000000
Violation: 52.000000
Violation: 373.000000
Violation: 1119.000000
Violation: 971.000000
Violation: 758.000000
Violation: 681.000000
Violation: 396.000000
Violation: 179.000000
Violation: 570.000000
Violation: 42.000000
Violation: 1399.000000
Violation: 155.000000
Violation: 421.000000
Violation: 1134.000000
Violation: 149.000000
Violation: 215.000000
Violation: 904.000000
Violation: 574.000000
Violation: 564.000000
Violation: 1165.000000
Violation: 69.000000
Violation: 171.000000
Violation: 514.000000
Violation: 126.000000
Violation: 226.000000
Violation: 52.000000
Violation: 80.000000
Violation: 53.000000
Violation: 1120.000000
Violation: 919.000000
Violation: 1035.000000
Violation: 1.000000
Violation: 821.000000
Violation: 586.000000
Violation: 428.000000
Violation: 622.000000
Violation: 902.000000
Violation: 1948.000000
Violation: 110.000000
Violation: 629.000000
Violation: 768.000000
Violation: 1209.000000
Violation: 546.000000
Violation: 46.000000
Violation: 309.000000
Violation: 34.000000
Violation: 386.000000
Violation: 350.000000
Violation: 44.000000
Violation: 188.000000
took 9.676516
Optimize a model with 1140 rows, 10797 columns and 132897 nonzeros
Coefficient statistics:
  Matrix range     [1e-05, 9e+01]
  Objective range  [0e+00, 0e+00]
  Bounds range     [1e+00, 2e+09]
  RHS range        [1e+00, 6e+01]
Warning: Model contains large bounds
         Consider reformulating model or setting NumericFocus parameter
         to avoid numerical issues.

Concurrent LP optimizer: dual simplex and barrier
Showing barrier log only...

Presolve removed 164 rows and 420 columns
Presolve time: 0.04s
Presolved: 976 rows, 10377 columns, 125353 nonzeros

Ordering time: 0.00s

Barrier statistics:
 AA' NZ     : 5.283e+04
 Factor NZ  : 8.871e+04 (roughly 5 MBytes of memory)
 Factor Ops : 9.366e+06 (less than 1 second per iteration)
 Threads    : 3

                  Objective                Residual
Iter       Primal          Dual         Primal    Dual     Compl     Time
   0   0.00000000e+00 -2.68716626e+07  8.27e+09 0.00e+00  1.42e+06     0s
   1   0.00000000e+00 -5.61553834e+06  2.68e+09 6.95e-03  4.55e+05     0s
   2   0.00000000e+00 -2.07514741e+05  1.09e+08 2.22e-16  1.88e+04     0s
   3   0.00000000e+00 -1.41407684e+03  3.23e+04 1.25e-16  5.62e+00     0s
   4   0.00000000e+00 -1.13762199e+03  2.59e+04 2.27e-06  4.31e+00     0s
   5   0.00000000e+00 -1.22812940e+03  7.81e+03 4.22e-05  1.60e+00     0s
   6   0.00000000e+00 -7.74869889e+02  6.18e+03 7.49e-06  1.09e+00     0s
   7   0.00000000e+00 -5.30876202e+02  1.50e+03 3.14e-09  2.71e-01     0s
   8   0.00000000e+00 -5.10556786e+02  8.23e+02 2.89e-09  1.58e-01     0s
   9   0.00000000e+00 -2.75545490e+02  6.42e+02 8.05e-10  1.11e-01     0s
  10   0.00000000e+00 -1.36140734e+02  2.69e+02 3.71e-11  4.53e-02     0s
  11   0.00000000e+00 -1.02960502e+02  6.79e+01 2.27e-11  1.44e-02     0s
  12   0.00000000e+00 -3.76209474e+01  2.10e+01 5.42e-12  4.54e-03     0s

Barrier performed 12 iterations in 0.11 seconds
Barrier solve interrupted - model solved by another algorithm


Solved with dual simplex
Solved in 561 iterations and 0.11 seconds
Optimal objective  0.000000000e+00
