A-4.txt_s3.txt
Academic license - for non-commercial use only
Read LP format model from file lp/A-4.txt.lp
Reading time = 0.04 seconds
: 961 rows, 10797 columns, 131727 nonzeros
OKGPU
nThreads: 1024 , nBlocks: 12 
Number cuts generated in the phase 1: 13
Number of repeat: 0 
violation 43.000000
violation 30.000000
violation 10.000000
violation 13.000000
violation 13.000000
violation 198.000000
violation 56.000000
violation 306.000000
violation 785.000000
violation 576.000000
violation 27.000000
violation 714.000000
violation 774.000000
8592 16
AQUIIII!!151 100 153 93 149 27 AQUIIII!!152 151 68 149 13 27 28 117 95 100 29 68 154 152 153 150 154 83 28 117 13 
29 95 83 150 93 
AQUIIII!!151 28 100 95 149 68 117 154 150 29 13 152 21 83 93 153 AQUIIII!!
151 28 AQUIIII!!13 151 149 21 150 104 68 29 93 94 153 7 95 5 27 117 154 152 150 152 100 87 83 93 153 154 13 92 
149 68 
AQUIIII!!151 83 100 149 153 154 21 13 29 28 117 93 95 152 150 68 
AQUIIII!!29 117 100 28 83 95 153 150 93 27 149 154 68 152 13 151 
AQUIIII!!149 154 83 21 68 28 95 93 117 152 150 100 13 29 153 151 
AQUIIII!!151 150 153 92 21 18 94 87 154 5 93 104 152 13 68 AQUIIII!!7 151 
6 92 19 93 68 18 87 143 148 5 21 145 94 104 7 
AQUIIII!!94 19 93 104 150 18 92 143 AQUIIII!!87 148 21 104 68 18 13 68 5 145 143 7 92 151 21 
94 145 AQUIIII!!5 7 7 143 19 5 87 87 6 92 93 18 151 6 
68 93 21 19 148 104 94 145 151 
AQUIIII!!151 AQUIIII!!153 154 93 151 19 21 68 152 7 100 92 29 154 83 13 87 93 5 149 150 150 104 13 68 117 18 28 21 95 94 153 

AQUIIII!!87 7 150 18 68 94 143 104 19 21 92 5 154 13 93 151 
AQUIIII!!151 68 19 87 143 7 21 145 18 5 148 150 104 94 93 92 
AQUIIII!!151 28 95 117 27 150 100 13 83 153 149 68 154 29 93 152 
AQUIIII!!151 18 94 143 145 6 104 21 5 87 7 68 93 148 92 19 
AQUIIII!!151 18 7 5 93 68 94 21 148 92 87 150 143 145 104 19 
AQUIIII!!7 150 18 145 143 92 94 13 5 87 104 93 19 21 68 151 
AQUIIII!!153 21 87 13 104 152 149 92 68 7 5 93 150 94 151 154 
AQUIIII!!151 92 5 153 18 104 19 94 154 93 7 87 13 68 21 150 
AQUIIII!!151 93 153 68 5 92 13 104 154 18 150 94 7 21 152 87 
AQUIIII!!151 94 92 93 7 150 87 104 5 21 19 145 13 68 18 143 
AQUIIII!!151 150 148 92 7 21 104 87 94 5 68 145 93 18 143 19 
AQUIIII!!151 13 5 92 7 153 94 93 104 18 21 154 19 150 68 87 
AQUIIII!!151 6 21 68 92 148 7 143 5 19 104 87 18 145 93 94 
AQUIIII!!151 148 93 143 145 21 19 94 68 18 7 87 6 92 104 5 
AQUIIII!!151 5 145 148 94 87 68 92 104 143 21 93 AQUIIII!!150 17 7 25 95 19 149 18 152 
26 27 83 74 28 93 153 117 100 154 29 
AQUIIII!!68 18 7 104 143 93 5 21 87 92 94 19 150 13 154 151 
AQUIIII!!30 155 34 119 82 114 32 1 42 74 75 118 36 33 22 35 
AQUIIII!!93 154 104 152 18 150 92 7 5 21 87 68 94 153 13 151 
AQUIIII!!154 151 150 29 153 117 28 68 152 13 83 27 100 95 149 93 
AQUIIII!!151 145 150 148 18 21 94 AQUIIII!!93 151 7 19 143 19 104 21 5 143 87 148 5 93 87 92 92 18 68 104 
68 145 7 150 94 
AQUIIII!!82 2 42 74 75 33 118 35 34 119 36 32 114 22 30 155 
AQUIIII!!151 83 150 68 153 13 149 93 95 21 154 117 152 29 28 100 
AQUIIII!!21 150 68 5 13 92 154 94 7 87 93 149 104 152 153 151 
AQUIIII!!151 6 68 87 104 7 148 18 93 21 145 143 5 94 92 19 
AQUIIII!!104 152 94 7 93 21 AQUIIII!!154 151 87 21 92 152 149 83 150 13 5 153 93 153 150 13 68 117 151 5 29 
68 149 100 154 95 
AQUIIII!!151 5 68 92 104 154 94 13 150 93 7 87 153 21 18 19 
AQUIIII!!151 94 5 150 13 104 87 68 92 143 21 18 93 7 145 19 
AQUIIII!!152 26 154 27 153 29 117 149 13 68 28 93 83 100 25 95 
AQUIIII!!21 68 151 93 95 28 152 149 100 83 153 117 13 150 154 29 
AQUIIII!!29 150 21 68 117 13 152 28 83 149 100 154 93 95 153 151 
AQUIIII!!154 151 21 152 100 29 83 13 93 149 150 68 117 28 95 153 
AQUIIII!!29 154 150 28 153 13 149 83 151 27 95 93 68 100 117 152 
AQUIIII!!151 21 68 29 152 149 83 5 117 153 95 13 154 93 100 150 
AQUIIII!!151 13 117 21 100 83 29 68 154 152 95 153 149 150 93 5 
AQUIIII!!151 68 7 19 13 154 93 5 18 92 104 150 94 21 87 153 
AQUIIII!!93 18 19 150 94 7 92 145 104 148 21 5 87 143 68 151 
AQUIIII!!151 143 18 150 93 94 87 13 7 21 5 154 92 68 104 19 
AQUIIII!!151 153 83 149 152 100 154 95 117 93 68 29 13 21 5 150 
AQUIIII!!94 7 21 143 19 5 68 92 6 145 93 148 104 87 18 151 
AQUIIII!!68 117 152 100 26 13 150 149 27 93 28 153 83 95 154 29 
AQUIIII!!151 92 154 93 150 104 5 87 13 7 18 152 21 68 153 94 
AQUIIII!!13 21 68 5 93 92 94 104 87 18 19 150 7 145 143 151 
AQUIIII!!18 13 19 104 7 150 68 94 145 93 87 5 143 92 151 21 
AQUIIII!!7 5 153 94 18 87 93 13 154 68 21 92 104 19 150 151 
AQUIIII!!151 5 153 13 21 87 150 92 18 152 68 154 7 93 94 104 
AQUIIII!!154 19 5 18 94 150 93 104 87 21 7 153 92 13 68 151 
AQUIIII!!151 68 93 21 148 143 145 104 18 5 6 87 7 19 94 92 
AQUIIII!!5 154 104 21 93 153 13 7 87 94 152 149 150 68 92 151 
AQUIIII!!150 104 21 94 145 68 18 92 93 7 148 143 87 5 19 151 
AQUIIII!!154 152 21 150 100 149 83 117 95 29 28 93 68 13 153 151 
AQUIIII!!154 29 21 153 93 68 100 150 117 152 149 13 28 95 83 151 
AQUIIII!!104 18 145 87 7 19 93 150 21 94 5 143 148 92 68 151 
AQUIIII!!151 152 104 154 5 153 68 87 13 18 7 92 150 93 21 94 
AQUIIII!!151 152 104 154 5 153 68 87 13 18 7 92 150 93 21 94 
AQUIIII!!151 21 18 68 104 13 93 92 154 7 19 94 5 87 153 150 
AQUIIII!!87 93 154 13 94 92 143 19 7 18 104 68 5 150 151 21 
AQUIIII!!29 21 149 68 153 152 154 100 13 93 150 83 117 28 95 151 
AQUIIII!!151 5 21 93 13 150 92 7 18 104 87 19 94 68 145 143 
AQUIIII!!151 7 13 153 94 104 68 93 87 154 21 150 149 5 92 152 
AQUIIII!!154 151 143 21 92 5 94 19 7 93 68 18 87 13 150 104 
AQUIIII!!27 93 117 100 154 150 152 29 149 68 95 28 153 83 13 151 
AQUIIII!!5 145 18 150 87 68 92 143 94 7 19 104 93 21 13 151 
AQUIIII!!151 100 154 68 13 149 93 95 150 152 21 83 29 117 28 153 
AQUIIII!!149 5 AQUIIII!!92 94 21 154 145 68 92 150 5 104 7 93 152 150 13 104 153 87 94 21 7 93 19 151 
68 143 18 13 87 151 
AQUIIII!!151 5 150 92 13 87 104 68 94 154 7 19 18 21 153 93 
AQUIIII!!151 95 117 83 150 154 93 68 100 21 149 153 28 152 29 13 
AQUIIII!!151 150 18 68 104 94 19 93 5 7 21 13 92 153 87 154 
AQUIIII!!83 117 27 95 153 13 28 29 93 150 68 149 100 151 152 154 
AQUIIII!!149 152 95 100 150 13 68 83 93 AQUIIII!!117 151 19 27 68 29 7 154 5 104 153 21 28 145 151 87 143 
13 92 93 150 18 94 
AQUIIII!!151 7 148 18 104 94 145 19 5 21 143 68 93 87 150 92 
AQUIIII!!149 13 104 150 68 154 5 93 94 87 153 21 7 92 151 152 
AQUIIII!!68 5 21 152 95 153 150 117 13 29 100 154 83 149 93 151 
AQUIIII!!29 154 13 68 83 151 152 95 117 150 100 149 93 153 28 21 
AQUIIII!!151 150 68 19 92 21 94 5 13 93 18 143 154 104 87 7 
AQUIIII!!19 93 68 7 94 5 87 21 154 18 13 150 104 92 143 151 
AQUIIII!!29 152 154 83 27 93 26 17 28 149 100 117 153 74 95 25 
AQUIIII!!151 21 18 68 104 13 93 92 154 7 19 94 5 87 153 150 
AQUIIII!!150 153 154 13 68 95 149 21 93 152 5 29 100 117 83 151 
AQUIIII!!154 27 95 117 83 150 152 28 149 93 29 68 13 153 100 151 
AQUIIII!!21 94 18 143 93 7 13 87 19 104 68 5 92 145 150 151 
AQUIIII!!151 143 145 148 87 18 94 21 93 7 19 92 68 104 5 150 
AQUIIII!!18 94 150 92 87 153 68 5 104 93 13 7 154 21 19 151 
AQUIIII!!68 21 150 154 95 153 28 117 100 149 152 93 29 83 13 151 
AQUIIII!!32 82 75 42 22 2 114 119 35 33 34 118 36 74 155 30 
AQUIIII!!13 18 154 93 143 94 19 68 150 87 5 7 104 21 92 151 
AQUIIII!!87 93 68 5 7 21 19 92 145 13 94 143 18 150 104 151 
AQUIIII!!154 151 93 29 153 149 150 28 21 100 95 117 83 13 152 68 
AQUIIII!!18 19 7 104 154 87 94 5 21 92 68 150 153 13 93 AQUIIII!!151 68 
94 104 87 152 7 13 153 93 5 154 92 21 150 18 151 
AQUIIII!!92 7 104 13 154 150 68 5 19 94 153 21 18 87 93 151 
AQUIIII!!87 5 68 150 143 93 21 7 92 94 19 18 104 13 145 151 
AQUIIII!!5 21 94 13 87 19 18 93 150 92 68 104 7 143 154 151 
AQUIIII!!36 119 35 75 32 34 1 118 33 74 22 82 42 114 30 155 
AQUIIII!!36 82 75 42 33 2 119 35 34 114 22 32 118 74 155 30 
AQUIIII!!151 150 92 93 87 18 94 13 143 21 5 145 19 68 7 104 
AQUIIII!!151 29 93 152 149 117 95 13 28 21 100 154 153 150 83 68 
AQUIIII!!151 21 93 149 117 28 68 83 95 154 152 29 150 153 13 100 
AQUIIII!!151 7 93 87 143 5 21 94 19 150 92 68 104 148 145 18 
Number of Cuts in the second phase:2001
Number of repeat: 1865 
Violation: 226.000000
Violation: 214.000000
Violation: 642.000000
Violation: 451.000000
Violation: 785.000000
Violation: 192.000000
Violation: 119.000000
Violation: 374.000000
Violation: 428.000000
Violation: 595.000000
Violation: 384.000000
Violation: 80.000000
Violation: 560.000000
Violation: 76.000000
Violation: 145.000000
Violation: 524.000000
Violation: 1190.000000
Violation: 77.000000
Violation: 346.000000
Violation: 787.000000
Violation: 680.000000
Violation: 1334.000000
Violation: 856.000000
Violation: 187.000000
Violation: 1165.000000
Violation: 46.000000
Violation: 34.000000
Violation: 629.000000
Violation: 758.000000
Violation: 919.000000
Violation: 518.000000
Violation: 1088.000000
Violation: 420.000000
Violation: 1564.000000
Violation: 570.000000
Violation: 190.000000
Violation: 1948.000000
Violation: 269.000000
Violation: 768.000000
Violation: 396.000000
Violation: 417.000000
Violation: 149.000000
Violation: 132.000000
Violation: 309.000000
Violation: 75.000000
Violation: 640.000000
Violation: 111.000000
Violation: 4.000000
Violation: 340.000000
Violation: 334.000000
Violation: 449.000000
Violation: 30.000000
Violation: 386.000000
Violation: 1.000000
Violation: 250.000000
Violation: 380.000000
Violation: 181.000000
Violation: 283.000000
Violation: 62.000000
Violation: 902.000000
Violation: 167.000000
Violation: 791.000000
Violation: 960.000000
Violation: 1548.000000
Violation: 353.000000
Violation: 848.000000
Violation: 434.000000
Violation: 440.000000
Violation: 37.000000
Violation: 948.000000
Violation: 157.000000
Violation: 477.000000
Violation: 1574.000000
Violation: 90.000000
Violation: 50.000000
Violation: 906.000000
Violation: 350.000000
Violation: 1152.000000
Violation: 141.000000
Violation: 283.000000
Violation: 1428.000000
Violation: 32.000000
Violation: 825.000000
Violation: 161.000000
Violation: 806.000000
Violation: 171.000000
Violation: 6.000000
Violation: 1355.000000
Violation: 288.000000
Violation: 821.000000
Violation: 296.000000
Violation: 574.000000
Violation: 227.000000
Violation: 188.000000
Violation: 1120.000000
Violation: 85.000000
Violation: 8.000000
Violation: 548.000000
Violation: 115.000000
Violation: 532.000000
Violation: 528.000000
Violation: 357.000000
Violation: 1007.000000
Violation: 747.000000
Violation: 106.000000
Violation: 79.000000
Violation: 585.000000
Violation: 35.000000
Violation: 18.000000
Violation: 622.000000
Violation: 748.000000
Violation: 433.000000
Violation: 641.000000
Violation: 71.000000
Violation: 595.000000
Violation: 630.000000
Violation: 345.000000
Violation: 382.000000
Violation: 151.000000
Violation: 341.000000
Violation: 988.000000
Violation: 458.000000
Violation: 171.000000
Violation: 109.000000
Violation: 711.000000
Violation: 793.000000
Violation: 219.000000
Violation: 1202.000000
Violation: 541.000000
Violation: 424.000000
Violation: 756.000000
Violation: 1209.000000
Violation: 255.000000
Violation: 317.000000
Violation: 309.000000
Violation: 256.000000
2400 16
AQUIIII!!13 150 18 7 21 68 19 154 153 94 87 5 93 104 92 151 
AQUIIII!!151 13 92 7 104 21 94 154 19 68 93 87 5 153 18 150 
AQUIIII!!154 13 93 94 104 5 19 21 150 68 143 92 87 7 18 151 
AQUIIII!!151 93 152 92 7 153 104 149 87 13 94 150 68 5 154 21 
AQUIIII!!21 19 145 7 150 104 5 18 143 92 87 94 148 93 68 151 
AQUIIII!!95 93 150 152 21 83 153 13 149 154 117 5 68 29 100 151 
AQUIIII!!151 148 19 143 92 104 93 145 21 5 7 150 68 87 94 18 
AQUIIII!!151 68 92 5 150 87 153 93 149 104 21 94 152 13 7 154 
AQUIIII!!151 94 68 92 104 143 13 7 21 5 150 93 18 145 19 87 
AQUIIII!!104 93 87 18 13 94 5 143 145 150 7 68 92 19 21 151 
AQUIIII!!104 93 87 18 13 94 5 143 145 150 7 68 92 19 21 151 
AQUIIII!!13 93 21 117 149 5 29 150 100 95 154 152 83 153 68 151 
AQUIIII!!149 68 28 29 100 83 117 93 21 95 150 152 154 13 153 151 
AQUIIII!!151 100 83 154 29 13 153 117 149 152 5 93 95 68 150 21 
AQUIIII!!148 5 150 94 143 93 145 87 21 68 19 18 7 92 104 151 
AQUIIII!!154 7 152 153 94 87 104 92 5 13 93 18 150 21 68 151 
AQUIIII!!151 150 94 104 5 143 145 7 92 13 93 87 18 21 68 19 
AQUIIII!!93 87 143 92 6 68 148 18 5 7 145 94 104 21 19 151 
AQUIIII!!21 151 5 93 154 19 7 94 87 18 104 153 68 13 150 92 
AQUIIII!!152 68 28 154 149 153 83 100 117 95 21 29 13 150 93 151 
AQUIIII!!93 92 154 152 18 21 68 94 13 153 150 7 5 104 87 151 
AQUIIII!!151 AQUIIII!!92 93 151 94 21 13 68 143 13 150 21 152 7 93 87 5 7 5 87 94 19 154 154 18 153 150 18 104 92 
104 68 
AQUIIII!!13 68 152 100 150 153 154 149 21 83 117 29 95 28 93 151 
AQUIIII!!151 19 87 7 104 92 68 18 145 148 21 94 6 93 5 143 
AQUIIII!!92 5 68 152 13 104 93 94 154 150 87 153 21 7 149 151 
AQUIIII!!148 68 19 145 7 5 6 143 92 94 93 18 21 87 104 151 
AQUIIII!!18 21 7 150 93 143 92 87 13 94 154 104 5 19 68 151 
Number of Cuts in the second phase:551
Number of repeat: 538 
Violation: 816.000000
Violation: 78.000000
Violation: 54.000000
Violation: 547.000000
Violation: 44.000000
Violation: 718.000000
Violation: 39.000000
Violation: 739.000000
Violation: 770.000000
Violation: 163.000000
Violation: 388.000000
Violation: 133.000000
Violation: 1119.000000
took 13.626834
Optimize a model with 1184 rows, 10797 columns and 133283 nonzeros
Coefficient statistics:
  Matrix range     [1e-05, 9e+01]
  Objective range  [0e+00, 0e+00]
  Bounds range     [1e+00, 2e+09]
  RHS range        [1e+00, 6e+01]
Warning: Model contains large bounds
         Consider reformulating model or setting NumericFocus parameter
         to avoid numerical issues.

Concurrent LP optimizer: dual simplex and barrier
Showing barrier log only...

Presolve removed 168 rows and 420 columns
Presolve time: 0.04s
Presolved: 1016 rows, 10377 columns, 125719 nonzeros

Ordering time: 0.00s

Barrier statistics:
 AA' NZ     : 5.885e+04
 Factor NZ  : 9.796e+04 (roughly 5 MBytes of memory)
 Factor Ops : 1.095e+07 (less than 1 second per iteration)
 Threads    : 3

                  Objective                Residual
Iter       Primal          Dual         Primal    Dual     Compl     Time
   0   0.00000000e+00 -2.68716626e+07  8.27e+09 0.00e+00  1.42e+06     0s
   1   0.00000000e+00 -6.19146689e+06  3.08e+09 8.26e-03  5.22e+05     0s
   2   0.00000000e+00 -2.58759148e+05  3.89e+08 1.11e-16  6.71e+04     0s
   3   0.00000000e+00 -1.45722053e+03  3.18e+04 1.39e-16  5.55e+00     0s
   4   0.00000000e+00 -1.11980100e+03  2.41e+04 2.69e-06  4.01e+00     0s
   5   0.00000000e+00 -1.38815069e+03  1.43e+04 8.33e-05  3.10e+00     0s
   6   0.00000000e+00 -9.59458306e+02  8.14e+03 2.42e-05  1.53e+00     0s
   7   0.00000000e+00 -8.42870311e+02  3.72e+03 1.62e-07  7.90e-01     0s
   8   0.00000000e+00 -5.34433734e+02  1.59e+03 4.84e-10  3.27e-01     0s
   9   0.00000000e+00 -4.26796729e+02  7.30e+02 2.07e-10  1.54e-01     0s
  10   0.00000000e+00 -2.86279925e+02  3.08e+02 7.99e-11  6.68e-02     0s
  11   0.00000000e+00 -1.70618384e+02  8.86e+01 2.79e-11  2.24e-02     0s
  12   0.00000000e+00 -5.87270488e+01  2.64e+01 7.23e-12  6.66e-03     0s
  13   0.00000000e+00 -2.61569204e+01  9.03e+00 2.42e-12  2.43e-03     0s

Barrier performed 13 iterations in 0.11 seconds
Barrier solve interrupted - model solved by another algorithm


Solved with dual simplex
Solved in 622 iterations and 0.11 seconds
Optimal objective  0.000000000e+00
