j3017_4.mm_s0.txt
Academic license - for non-commercial use only
Read LP format model from file lp/j3017_4.mm.lp
Reading time = 0.00 seconds
: 351 rows, 906 columns, 9053 nonzeros
OKGPU
nThreads: 1024 , nBlocks: 12 
Number cuts generated in the phase 1: 13
Number of repeat: 0 
violation 714.000000
violation 695.000000
violation 185.000000
violation 585.000000
violation 236.000000
violation 674.000000
violation 674.000000
violation 782.000000
violation 423.000000
violation 27.000000
violation 198.000000
violation 402.000000
violation 750.000000
8592 16

36 38 41 59 6 25 34 

AQUIIII!!54 16 AQUIIII!!43 54 49 6 4 49 33 7 5 36 10 26 23 34 26 3 17 31 51 51 AQUIIII!!37 29 54 9 23 17 36 51 8 AQUIIII!!48 8 48 54 
3 18 49 34 17 26 48 
17 6 43 49 10 29 48 31 16 7 7 18 6 26 23 23 51 36 3 
33 36 31 
AQUIIII!!8 52 53 34 23 20 57 22 36 50 58 44 7 AQUIIII!!18 19 54 49 41 
26 17 43 10 48 16 7 6 23 51 3 33 36 31 
AQUIIII!!7 22 53 52 41 36 34 8 19 50 18 20 44 23 57 58 
AQUIIII!!26 10 7 23 31 6 3 17 49 16 43 36 33 51 54 48 
AQUIIII!!54 37 36 33 20 3 23 19 29 49 8 34 6 7 18 51 
AQUIIII!!36 33 48 10 31 17 16 9 51 49 43 23 26 5 3 54 
AQUIIII!!4 5 26 36 33 51 37 9 43 10 23 17 49 16 48 54 
AQUIIII!!6 19 51 34 7 33 49 36 29 48 18 8 23 31 3 54 
AQUIIII!!54 7 16 6 51 8 23 48 49 17 31 36 43 3 26 34 
AQUIIII!!54 9 51 43 49 3 17 33 10 36 23 48 16 5 31 26 
AQUIIII!!54 36 44 6 8 18 52 7 22 19 20 41 50 3 34 23 
AQUIIII!!1 48 37 AQUIIII!!33 49 10 54 2 29 43 20 23 33 5 3 17 37 27 7 26 34 16 23 9 19 4 51 59 8 
36 18 6 
AQUIIII!!31 3 17 7 33 23 AQUIIII!!43 54 26 8 10 29 36 51 6 6 49 23 16 31 51 33 48 7 54 48 
49 36 3 34 18 19 
AQUIIII!!34 22 8 18 52 7 23 6 50 36 20 44 41 19 3 54 AQUIIII!!
3 49 17 36 51 43 9 23 6 16 10 33 31 48 26 54 
AQUIIII!!8 51 26 3 23 43 36 31 48 34 17 49 6 16 7 54 
AQUIIII!!54 51 7 48 31 36 17 23 8 49 29 34 6 26 3 18 
AQUIIII!!54 23 17 43 10 36 33 48 6 16 AQUIIII!!49 9 23 26 51 31 3 17 31 
3 33 AQUIIII!!10 54 49 51 7 16 48 31 43 36 AQUIIII!!36 17 51 23 6 54 8 6 48 49 33 29 26 23 34 43 54 16 6 36 26 9 10 3 49 51 18 31 

9 26 17 AQUIIII!!48 3 10 AQUIIII!!AQUIIII!!
17 23 9 8 31 23 36 17 43 23 3 7 51 33 29 10 3 34 49 36 31 16 3 43 6 18 36 17 6 6 48 48 48 49 26 16 26 54 51 33 9 54 51 31 

49 26 54 
AQUIIII!!20 36 19 33 3 AQUIIII!!54 8 3 51 49 48 6 16 AQUIIII!!37 51 17 54 34 51 10 7 26 49 48 43 7 31 33 36 29 6 17 7 18 23 31 AQUIIII!!8 23 23 8 49 36 54 29 
48 34 
33 6 26 34 3 23 18 
49 7 3 19 51 31 36 18 6 AQUIIII!!29 54 54 31 
3 10 36 48 43 26 51 49 9 17 16 23 33 6 
AQUIIII!!49 AQUIIII!!51 54 3 4 16 48 26 9 43 10 54 51 26 23 23 49 9 17 33 31 37 10 36 33 5 48 36 17 43 
6 16 
AQUIIII!!54 26 48 23 3 9 16 33 31 51 43 10 17 49 36 5 
AQUIIII!!8 54 34 41 19 6 50 18 23 22 36 20 51 7 3 44 
AQUIIII!!18 23 3 20 19 6 8 50 36 7 34 44 22 41 51 54 
AQUIIII!!18 7 37 51 8 23 19 33 36 29 49 20 34 6 3 54 
AQUIIII!!54 6 51 29 19 23 31 49 36 34 7 8 48 3 18 33 
AQUIIII!!59 21 56 14 15 47 37 13 33 55 27 38 25 1 34 12 
AQUIIII!!36 33 16 49 48 9 31 AQUIIII!!6 54 3 9 AQUIIII!!51 43 16 50 23 23 20 36 17 43 22 10 3 19 10 26 5 36 51 49 34 17 54 26 18 31 
AQUIIII!!44 AQUIIII!!48 33 23 41 31 
36 23 10 43 58 33 51 52 26 9 57 5 16 7 36 26 8 9 37 53 16 4 
48 49 51 33 17 10 43 48 23 AQUIIII!!5 3 17 34 54 49 49 
54 29 
48 6 51 23 8 18 3 19 7 31 AQUIIII!!36 50 44 33 8 54 6 
AQUIIII!!3 43 34 16 51 19 26 20 36 23 31 18 17 41 48 36 10 22 AQUIIII!!49 7 54 54 7 3 
3 18 23 33 20 23 7 51 41 6 AQUIIII!!34 54 54 
49 44 6 50 36 51 AQUIIII!!3 19 54 18 8 23 8 22 48 51 6 8 19 36 17 33 43 
34 7 31 29 49 34 20 23 51 26 37 6 
36 7 16 3 AQUIIII!!10 
33 36 49 9 43 16 23 26 6 51 17 31 3 54 48 
AQUIIII!!8 31 49 3 36 7 51 34 48 23 17 26 6 16 AQUIIII!!43 54 54 49 
6 36 3 AQUIIII!!18 23 8 48 51 33 19 31 33 16 34 7 7 3 29 49 20 17 23 36 37 43 26 
10 51 6 54 
AQUIIII!!54 9 26 33 49 43 48 51 10 36 5 23 37 16 17 4 
AQUIIII!!20 36 19 41 6 18 3 23 22 50 7 44 34 8 54 52 
AQUIIII!!17 37 10 9 26 5 51 AQUIIII!!33 20 49 36 16 19 43 41 48 6 23 18 36 3 4 23 54 22 
50 7 44 34 8 54 52 
AQUIIII!!54 26 37 49 4 23 16 43 9 48 5 10 36 17 33 51 
AQUIIII!!36 6 31 48 26 49 16 17 10 43 3 23 33 54 51 9 
AQUIIII!!36 6 31 48 26 49 16 17 AQUIIII!!10 49 43 7 3 8 48 23 31 33 23 54 17 AQUIIII!!51 36 8 9 20 51 
50 43 44 6 41 3 23 26 36 16 6 AQUIIII!!34 51 23 34 54 3 36 
22 18 7 34 19 31 18 48 54 8 
AQUIIII!!49 48 33 16 51 31 7 23 AQUIIII!!29 34 AQUIIII!!26 54 54 3 36 16 18 19 49 48 8 8 6 17 51 3 49 54 3 33 7 
6 51 AQUIIII!!20 17 9 31 7 19 36 51 43 31 41 17 54 43 
26 23 3 AQUIIII!!3 23 34 48 34 26 52 29 49 10 50 49 36 5 44 18 6 7 36 
8 51 22 36 6 10 23 
43 6 17 48 54 7 
AQUIIII!!16 AQUIIII!!54 54 23 5 48 26 48 17 33 16 36 4 18 31 AQUIIII!!31 37 3 23 6 23 54 36 26 26 49 
18 3 34 34 17 31 51 9 48 49 10 8 29 43 49 7 36 33 8 51 33 23 7 51 
29 
3 19 6 AQUIIII!!54 54 
19 29 20 36 23 3 37 34 49 51 6 33 8 7 18 
AQUIIII!!54 48 17 36 18 31 6 26 3 34 51 49 29 7 8 23 
AQUIIII!!54 49 34 8 23 26 6 17 31 AQUIIII!!43 21 59 16 37 48 34 7 14 55 51 25 3 47 36 13 12 
15 33 38 27 56 1 
AQUIIII!!52 53 7 34 23 22 8 57 6 18 50 20 41 44 19 36 
AQUIIII!!AQUIIII!!54 49 49 7 34 48 8 3 23 36 26 10 6 54 17 17 31 43 43 23 16 51 48 31 7 6 51 16 3 26 36 33 

AQUIIII!!54 20 29 23 7 3 19 49 6 34 51 33 8 18 36 37 AQUIIII!!
54 6 31 34 7 29 36 48 51 3 23 8 17 26 49 18 
AQUIIII!!54 31 36 43 16 23 33 49 51 3 7 10 48 6 26 17 
AQUIIII!!51 54 6 33 23 43 16 36 10 49 AQUIIII!!31 51 9 48 26 49 17 18 48 36 3 23 
3 7 AQUIIII!!8 31 33 16 34 36 29 9 19 6 31 10 54 17 6 33 
54 26 43 51 23 49 48 AQUIIII!!3 18 
50 23 34 19 52 44 36 8 20 22 6 7 3 41 54 
AQUIIII!!6 33 7 36 20 23 18 34 37 51 49 3 29 8 19 54 
AQUIIII!!54 48 7 AQUIIII!!6 51 54 8 23 36 31 6 17 34 3 3 36 7 49 16 49 43 43 26 
34 16 48 17 8 31 AQUIIII!!AQUIIII!!23 54 26 17 36 51 26 26 
31 34 43 6 8 51 51 34 7 7 23 48 49 48 8 17 36 6 16 16 49 3 3 31 23 
43 54 
AQUIIII!!54 33 6 31 36 10 51 3 23 16 49 26 17 43 48 7 
AQUIIII!!54 29 48 8 49 3 36 7 6 23 51 31 34 18 19 33 
AQUIIII!!36 51 3 29 7 23 19 49 34 18 33 48 31 54 6 8 
AQUIIII!!38 25 37 56 15 27 34 1 47 13 55 2 33 14 21 59 
AQUIIII!!49 33 3 51 23 16 43 AQUIIII!!10 54 26 19 9 34 48 36 AQUIIII!!31 23 51 33 36 54 6 8 23 7 17 34 48 54 36 18 41 
49 19 51 7 3 18 44 6 31 20 6 29 
50 8 22 3 
AQUIIII!!8 49 48 7 AQUIIII!!6 18 22 29 23 36 58 17 44 AQUIIII!!26 36 26 23 34 48 3 17 50 31 37 52 34 5 57 54 9 8 51 49 20 
43 18 36 41 23 19 4 53 16 7 33 
10 51 54 
AQUIIII!!26 16 48 33 43 17 23 36 5 51 4 49 37 9 10 54 
AQUIIII!!26 AQUIIII!!3 34 23 31 48 8 22 10 7 43 18 17 36 49 44 6 3 23 50 36 19 16 41 33 6 51 20 54 52 7 54 

AQUIIII!!54 10 23 43 51 49 5 26 3 31 33 48 17 36 9 16 
AQUIIII!!54 18 7 8 20 52 50 6 22 34 23 3 44 19 41 36 
AQUIIII!!54 17 49 36 18 8 31 6 48 34 26 7 29 51 23 3 
AQUIIII!!54 34 3 22 41 50 20 36 18 6 7 23 51 44 19 8 
AQUIIII!!51 3 20 29 19 34 33 7 8 18 37 6 49 36 23 54 
AQUIIII!!14 33 45 56 13 55 38 25 12 11 AQUIIII!!37 34 22 21 53 15 18 47 0 6 
50 34 19 36 8 41 20 57 44 23 52 7 
AQUIIII!!36 51 8 3 34 17 31 23 48 7 49 6 29 26 18 54 
AQUIIII!!54 51 36 18 19 34 49 20 6 23 3 7 29 8 33 37 
AQUIIII!!54 16 3 43 33 17 36 26 23 10 51 7 6 49 48 31 
AQUIIII!!3 26 6 16 49 23 36 7 33 51 43 10 17 31 54 48 
AQUIIII!!8 AQUIIII!!43 17 31 6 6 7 7 33 26 31 16 23 34 16 51 49 54 43 17 26 36 51 23 48 48 3 3 36 49 10 
54 AQUIIII!!
54 5 36 9 43 49 33 23 48 51 3 26 16 17 31 10 
AQUIIII!!20 41 44 50 34 38 58 22 36 19 57 11 52 18 53 8 
AQUIIII!!54 18 19 22 44 6 7 23 34 8 36 20 52 50 AQUIIII!!41 54 3 8 
31 3 48 36 43 7 23 49 51 26 17 16 34 6 
AQUIIII!!52 7 23 44 50 8 58 18 19 53 20 36 41 34 22 57 
AQUIIII!!41 44 3 7 20 51 34 23 18 50 36 6 19 22 8 54 
AQUIIII!!54 44 51 22 41 23 3 6 18 50 20 36 34 19 7 8 
AQUIIII!!54 51 49 36 7 23 8 48 17 26 16 3 31 43 34 6 
AQUIIII!!54 19 33 29 18 3 31 8 36 6 23 7 49 34 51 48 
AQUIIII!!52 54 22 41 36 50 19 44 8 7 23 18 20 34 3 6 
AQUIIII!!3 26 49 51 9 23 31 AQUIIII!!16 7 33 23 43 6 10 31 48 36 36 43 51 5 17 17 3 54 48 
AQUIIII!!16 51 34 37 26 16 8 36 54 10 49 AQUIIII!!17 
34 5 41 43 19 23 53 57 33 22 49 58 26 23 4 7 18 9 20 48 AQUIIII!!44 54 7 36 
23 50 6 8 52 31 
36 43 51 17 3 48 AQUIIII!!16 54 41 34 26 18 8 8 34 54 3 49 51 
7 50 6 23 36 19 44 20 22 
AQUIIII!!7 23 43 17 49 34 31 48 8 26 36 6 16 3 51 54 
AQUIIII!!36 43 49 4 48 10 26 9 33 23 5 17 16 37 54 51 
AQUIIII!!59 21 13 37 56 25 1 27 2 34 15 55 47 38 33 14 
AQUIIII!!34 7 31 51 18 6 23 AQUIIII!!54 31 29 10 33 26 36 49 3 33 19 9 8 48 6 49 16 
48 17 3 23 43 36 54 51 
AQUIIII!!6 3 52 18 34 50 36 22 19 8 23 41 20 44 7 54 
AQUIIII!!54 43 51 5 3 9 23 31 26 48 16 17 10 33 49 AQUIIII!!36 54 
3 33 48 26 49 AQUIIII!!43 48 6 23 31 9 26 36 51 17 17 16 16 23 5 9 43 51 31 10 49 
10 33 36 3 54 
AQUIIII!!41 3 22 18 51 36 20 AQUIIII!!50 48 23 44 33 34 26 6 49 19 23 7 8 43 54 16 
17 5 37 4 10 36 54 51 9 
AQUIIII!!3 18 34 AQUIIII!!19 6 50 34 7 36 41 23 49 20 8 22 3 36 17 52 7 16 23 43 44 26 48 54 31 6 54 8 51 

AQUIIII!!52 8 7 18 23 34 22 3 20 36 53 AQUIIII!!41 9 44 10 6 23 19 50 17 
3 31 48 6 49 26 16 36 33 51 43 54 
AQUIIII!!7 44 20 22 19 41 6 8 3 18 36 23 34 50 52 54 
AQUIIII!!8 44 51 36 50 6 18 20 7 22 19 41 23 3 34 54 
AQUIIII!!51 26 33 23 31 17 10 48 36 16 5 3 49 9 43 54 
AQUIIII!!49 16 26 23 36 31 AQUIIII!!10 22 6 34 43 44 48 18 17 50 51 20 3 6 33 41 54 23 9 3 
36 52 7 19 8 54 
AQUIIII!!54 AQUIIII!!23 54 31 9 16 26 3 33 48 49 49 43 26 48 33 51 9 10 36 36 43 5 5 23 51 37 10 16 17 17 
4 
AQUIIII!!33 6 7 49 3 31 26 23 51 36 43 10 48 16 17 54 
AQUIIII!!7 52 50 44 53 6 34 18 19 57 AQUIIII!!41 49 8 54 22 34 20 48 23 33 36 8 
29 18 23 51 6 7 36 3 19 31 
AQUIIII!!51 3 29 AQUIIII!!8 49 23 54 49 34 18 6 51 18 7 19 19 31 23 33 36 31 7 6 48 33 54 3 
36 29 48 34 8 
AQUIIII!!49 34 6 48 19 36 AQUIIII!!3 26 7 33 23 31 49 29 36 18 51 AQUIIII!!23 34 8 49 8 54 43 54 51 31 6 51 34 48 
7 26 8 43 7 17 36 17 6 23 16 31 16 48 3 3 54 

AQUIIII!!36 7 41 44 22 52 3 18 23 34 6 50 20 8 19 54 AQUIIII!!
1 38 25 47 12 15 13 AQUIIII!!56 54 37 3 55 8 27 34 34 33 18 14 48 21 31 59 26 
17 29 23 51 36 6 7 49 
AQUIIII!!51 54 26 23 43 17 10 9 3 31 5 33 48 36 16 49 
AQUIIII!!54 7 49 34 17 6 29 8 3 48 31 23 18 26 51 36 
AQUIIII!!18 44 7 36 3 6 50 20 19 34 41 51 AQUIIII!!23 54 8 18 22 AQUIIII!!54 23 54 
36 17 50 6 20 9 7 31 19 26 6 49 41 43 3 3 22 23 51 16 34 44 48 AQUIIII!!36 8 
9 51 33 54 10 16 
10 26 5 36 23 48 49 37 17 4 43 51 33 
AQUIIII!!54 51 3 7 6 20 19 33 18 8 36 23 29 AQUIIII!!49 34 51 37 7 
AQUIIII!!23 48 26 26 33 37 31 49 36 9 10 17 3 4 17 10 6 48 43 43 33 5 16 16 49 51 54 36 
23 54 
AQUIIII!!54 51 3 7 6 20 19 33 18 8 36 23 29 49 34 37 
AQUIIII!!3 51 6 49 16 43 10 26 AQUIIII!!23 48 54 AQUIIII!!36 48 31 9 3 17 36 33 26 54 23 49 9 33 
49 43 34 51 31 36 17 8 16 10 6 23 29 3 5 33 
18 20 7 37 19 51 54 
AQUIIII!!43 17 16 51 10 23 31 9 6 26 48 33 3 36 54 49 
AQUIIII!!48 54 36 23 31 26 49 8 6 51 34 18 7 3 17 29 
AQUIIII!!6 33 51 26 23 48 36 10 49 3 16 43 31 17 9 54 
AQUIIII!!36 3 6 7 23 49 18 51 37 8 33 29 19 34 20 54 
AQUIIII!!6 33 51 26 23 48 36 10 49 3 16 43 31 17 9 54 
AQUIIII!!0 47 45 34 33 11 25 13 58 21 15 14 57 37 12 38 
AQUIIII!!54 41 23 3 7 18 AQUIIII!!20 54 22 3 8 36 6 44 34 18 50 23 36 19 44 20 19 52 52 22 
50 6 8 34 41 7 
AQUIIII!!52 20 41 8 19 44 7 50 22 AQUIIII!!20 18 18 3 19 7 36 23 6 6 36 34 49 29 23 34 33 54 51 
8 37 3 54 
AQUIIII!!44 8 36 22 20 51 18 34 41 50 19 3 6 7 23 54 
AQUIIII!!54 19 36 29 8 34 18 3 49 23 6 37 51 33 20 7 
AQUIIII!!7 6 54 20 8 34 23 19 36 3 49 18 33 37 29 51 
AQUIIII!!19 18 33 48 8 3 34 36 29 49 23 31 7 54 51 6 
AQUIIII!!6 34 19 8 23 7 48 36 29 51 18 31 3 33 49 54 
AQUIIII!!17 9 10 31 48 23 26 36 51 33 5 16 3 49 43 54 
AQUIIII!!3 51 19 18 36 7 23 29 8 6 34 49 48 31 33 54 
AQUIIII!!54 49 8 51 17 7 26 48 23 36 6 29 3 18 31 34 
AQUIIII!!54 49 8 51 17 7 26 48 23 36 6 29 3 18 31 34 
AQUIIII!!54 8 52 20 23 41 44 6 36 19 7 18 22 34 50 3 
AQUIIII!!22 19 3 7 34 23 44 20 8 6 18 36 50 52 41 54 
AQUIIII!!54 48 33 49 8 AQUIIII!!29 3 6 10 3 23 7 43 31 48 18 26 51 9 19 31 16 34 33 36 AQUIIII!!36 23 6 51 
49 34 17 16 5 31 54 17 
26 8 51 43 7 3 23 36 49 48 54 
AQUIIII!!3 48 6 16 51 17 54 10 7 33 23 26 49 31 43 36 
AQUIIII!!6 54 3 34 26 16 7 8 49 23 36 51 48 17 31 43 
AQUIIII!!54 6 49 20 3 8 18 33 51 37 36 23 19 29 7 34 
AQUIIII!!8 53 52 23 18 20 57 6 7 22 36 34 41 44 19 50 
AQUIIII!!54 9 51 16 23 36 43 3 10 5 49 17 26 31 48 33 
AQUIIII!!54 7 34 41 18 20 8 44 23 19 22 51 3 50 36 6 
AQUIIII!!6 7 16 26 36 51 AQUIIII!!10 3 23 9 17 48 3 49 31 33 43 10 49 36 48 51 33 17 54 
23 6 26 43 16 31 54 
AQUIIII!!41 50 6 20 23 34 19 44 8 7 36 18 52 22 3 54 
AQUIIII!!19 20 22 58 44 53 18 50 11 38 57 41 34 36 52 8 
AQUIIII!!51 54 6 33 23 43 16 36 10 49 31 9 26 17 48 3 
AQUIIII!!9 33 43 49 5 2 AQUIIII!!23 54 10 48 27 17 37 6 17 16 26 23 51 16 26 4 43 1 36 48 7 8 
34 31 3 49 
AQUIIII!!54 51 16 26 48 36 23 33 17 6 49 10 3 31 43 9 
AQUIIII!!48 54 19 23 31 29 8 3 34 6 7 51 36 33 18 49 
AQUIIII!!54 51 16 26 48 36 23 33 17 6 49 10 3 31 43 9 
AQUIIII!!16 9 48 49 36 23 33 26 43 3 10 6 17 31 51 54 
AQUIIII!!51 10 3 43 36 23 17 16 33 9 5 49 31 26 48 54 
AQUIIII!!21 59 4 27 15 33 2 37 47 55 56 14 38 34 25 1 
AQUIIII!!10 17 16 31 48 3 23 7 51 36 26 6 33 43 49 54 
Number of Cuts in the second phase:4129
Number of repeat: 3688 
Violation: 315.000000
Violation: 293.000000
Violation: 293.000000
Violation: 388.000000
Violation: 570.000000
Violation: 500.000000
Violation: 278.000000
Violation: 428.000000
Violation: 531.000000
Violation: 269.000000
Violation: 103.000000
Violation: 1.000000
Violation: 428.000000
Violation: 1269.000000
Violation: 608.000000
Violation: 269.000000
Violation: 491.000000
Violation: 989.000000
Violation: 296.000000
Violation: 1176.000000
Violation: 390.000000
Violation: 176.000000
Violation: 608.000000
Violation: 92.000000
Violation: 293.000000
Violation: 92.000000
Violation: 282.000000
Violation: 527.000000
Violation: 585.000000
Violation: 185.000000
Violation: 93.000000
Violation: 606.000000
Violation: 245.000000
Violation: 592.000000
Violation: 641.000000
Violation: 293.000000
Violation: 124.000000
Violation: 383.000000
Violation: 674.000000
Violation: 399.000000
Violation: 570.000000
Violation: 184.000000
Violation: 184.000000
Violation: 1.000000
Violation: 269.000000
Violation: 582.000000
Violation: 196.000000
Violation: 432.000000
Violation: 468.000000
Violation: 1176.000000
Violation: 154.000000
Violation: 391.000000
Violation: 5.000000
Violation: 312.000000
Violation: 127.000000
Violation: 65.000000
Violation: 641.000000
Violation: 348.000000
Violation: 348.000000
Violation: 610.000000
Violation: 478.000000
Violation: 575.000000
Violation: 196.000000
Violation: 355.000000
Violation: 176.000000
Violation: 686.000000
Violation: 76.000000
Violation: 210.000000
Violation: 384.000000
Violation: 315.000000
Violation: 307.000000
Violation: 674.000000
Violation: 1146.000000
Violation: 866.000000
Violation: 260.000000
Violation: 1001.000000
Violation: 104.000000
Violation: 399.000000
Violation: 500.000000
Violation: 491.000000
Violation: 686.000000
Violation: 384.000000
Violation: 571.000000
Violation: 1575.000000
Violation: 419.000000
Violation: 305.000000
Violation: 1022.000000
Violation: 406.000000
Violation: 216.000000
Violation: 172.000000
Violation: 680.000000
Violation: 402.000000
Violation: 934.000000
Violation: 265.000000
Violation: 142.000000
Violation: 271.000000
Violation: 195.000000
Violation: 686.000000
Violation: 92.000000
Violation: 104.000000
Violation: 13.000000
Violation: 541.000000
Violation: 794.000000
Violation: 91.000000
Violation: 1076.000000
Violation: 142.000000
Violation: 393.000000
Violation: 586.000000
Violation: 145.000000
Violation: 186.000000
Violation: 866.000000
Violation: 284.000000
Violation: 571.000000
Violation: 252.000000
Violation: 94.000000
Violation: 250.000000
Violation: 388.000000
Violation: 399.000000
Violation: 674.000000
Violation: 132.000000
Violation: 93.000000
Violation: 312.000000
Violation: 1296.000000
Violation: 107.000000
Violation: 122.000000
Violation: 220.000000
Violation: 308.000000
Violation: 1187.000000
Violation: 573.000000
Violation: 480.000000
Violation: 178.000000
Violation: 584.000000
Violation: 989.000000
Violation: 1250.000000
Violation: 890.000000
Violation: 570.000000
Violation: 249.000000
Violation: 668.000000
Violation: 1268.000000
Violation: 1146.000000
Violation: 419.000000
Violation: 823.000000
Violation: 682.000000
Violation: 1284.000000
Violation: 193.000000
Violation: 471.000000
Violation: 816.000000
Violation: 584.000000
Violation: 783.000000
Violation: 1505.000000
Violation: 328.000000
Violation: 359.000000
Violation: 315.000000
Violation: 586.000000
Violation: 733.000000
Violation: 298.000000
Violation: 509.000000
Violation: 315.000000
Violation: 752.000000
Violation: 874.000000
Violation: 278.000000
Violation: 1170.000000
Violation: 860.000000
Violation: 249.000000
Violation: 674.000000
Violation: 554.000000
Violation: 1000.000000
Violation: 820.000000
Violation: 103.000000
Violation: 608.000000
Violation: 447.000000
Violation: 218.000000
Violation: 548.000000
Violation: 783.000000
Violation: 672.000000
Violation: 305.000000
Violation: 291.000000
Violation: 543.000000
Violation: 271.000000
Violation: 676.000000
Violation: 407.000000
Violation: 570.000000
Violation: 199.000000
Violation: 608.000000
Violation: 733.000000
Violation: 312.000000
Violation: 570.000000
Violation: 998.000000
Violation: 610.000000
Violation: 492.000000
Violation: 194.000000
Violation: 432.000000
Violation: 574.000000
Violation: 348.000000
Violation: 198.000000
Violation: 390.000000
Violation: 605.000000
Violation: 136.000000
Violation: 296.000000
Violation: 785.000000
Violation: 860.000000
Violation: 571.000000
Violation: 673.000000
Violation: 139.000000
Violation: 1.000000
Violation: 283.000000
Violation: 276.000000
Violation: 854.000000
Violation: 1262.000000
Violation: 297.000000
Violation: 260.000000
Violation: 1000.000000
Violation: 116.000000
Violation: 234.000000
Violation: 369.000000
Violation: 206.000000
Violation: 250.000000
Violation: 22.000000
Violation: 606.000000
Violation: 103.000000
Violation: 768.000000
Violation: 188.000000
Violation: 989.000000
Violation: 385.000000
Violation: 638.000000
Violation: 267.000000
Violation: 392.000000
Violation: 345.000000
Violation: 1268.000000
Violation: 472.000000
Violation: 967.000000
Violation: 764.000000
Violation: 1064.000000
Violation: 630.000000
Violation: 692.000000
Violation: 358.000000
Violation: 301.000000
Violation: 225.000000
Violation: 577.000000
Violation: 71.000000
Violation: 212.000000
Violation: 696.000000
Violation: 212.000000
Violation: 573.000000
Violation: 820.000000
Violation: 236.000000
Violation: 395.000000
Violation: 93.000000
Violation: 382.000000
Violation: 773.000000
Violation: 571.000000
Violation: 667.000000
Violation: 1091.000000
Violation: 989.000000
Violation: 22.000000
Violation: 370.000000
Violation: 692.000000
Violation: 696.000000
Violation: 250.000000
Violation: 684.000000
Violation: 750.000000
Violation: 278.000000
Violation: 550.000000
Violation: 276.000000
Violation: 1169.000000
Violation: 472.000000
Violation: 525.000000
Violation: 804.000000
Violation: 386.000000
Violation: 146.000000
Violation: 248.000000
Violation: 701.000000
Violation: 674.000000
Violation: 1370.000000
Violation: 1268.000000
Violation: 655.000000
Violation: 422.000000
Violation: 124.000000
Violation: 416.000000
Violation: 92.000000
Violation: 702.000000
Violation: 168.000000
Violation: 1372.000000
Violation: 862.000000
Violation: 816.000000
Violation: 281.000000
Violation: 195.000000
Violation: 395.000000
Violation: 130.000000
Violation: 752.000000
Violation: 312.000000
Violation: 480.000000
Violation: 491.000000
Violation: 1370.000000
Violation: 550.000000
Violation: 1158.000000
Violation: 348.000000
Violation: 361.000000
Violation: 954.000000
Violation: 185.000000
Violation: 452.000000
Violation: 280.000000
Violation: 220.000000
Violation: 459.000000
Violation: 698.000000
Violation: 848.000000
Violation: 674.000000
Violation: 121.000000
Violation: 63.000000
Violation: 1667.000000
Violation: 1302.000000
Violation: 298.000000
Violation: 964.000000
Violation: 569.000000
Violation: 1282.000000
Violation: 982.000000
Violation: 369.000000
Violation: 360.000000
Violation: 562.000000
Violation: 1022.000000
Violation: 642.000000
Violation: 967.000000
Violation: 638.000000
Violation: 862.000000
Violation: 32.000000
Violation: 112.000000
Violation: 83.000000
Violation: 97.000000
Violation: 1011.000000
Violation: 958.000000
Violation: 904.000000
Violation: 678.000000
Violation: 294.000000
Violation: 145.000000
Violation: 105.000000
Violation: 1094.000000
Violation: 199.000000
Violation: 1160.000000
Violation: 124.000000
Violation: 820.000000
Violation: 224.000000
Violation: 249.000000
Violation: 86.000000
Violation: 424.000000
Violation: 1064.000000
Violation: 313.000000
Violation: 574.000000
Violation: 103.000000
Violation: 688.000000
Violation: 1262.000000
Violation: 389.000000
Violation: 509.000000
Violation: 568.000000
Violation: 1290.000000
Violation: 440.000000
Violation: 251.000000
Violation: 1282.000000
Violation: 696.000000
Violation: 348.000000
Violation: 604.000000
Violation: 1022.000000
Violation: 260.000000
Violation: 268.000000
Violation: 934.000000
Violation: 386.000000
Violation: 531.000000
Violation: 449.000000
Violation: 1136.000000
Violation: 388.000000
Violation: 454.000000
Violation: 255.000000
Violation: 663.000000
Violation: 470.000000
Violation: 820.000000
Violation: 550.000000
Violation: 37.000000
Violation: 946.000000
Violation: 66.000000
Violation: 197.000000
Violation: 554.000000
Violation: 361.000000
Violation: 1022.000000
Violation: 608.000000
Violation: 528.000000
Violation: 774.000000
Violation: 592.000000
Violation: 176.000000
Violation: 185.000000
Violation: 1505.000000
Violation: 340.000000
Violation: 104.000000
Violation: 89.000000
Violation: 158.000000
Violation: 1086.000000
Violation: 465.000000
Violation: 821.000000
Violation: 315.000000
Violation: 268.000000
Violation: 571.000000
Violation: 327.000000
Violation: 596.000000
Violation: 748.000000
Violation: 686.000000
Violation: 348.000000
Violation: 563.000000
Violation: 198.000000
Violation: 956.000000
Violation: 567.000000
Violation: 459.000000
Violation: 888.000000
Violation: 594.000000
Violation: 541.000000
Violation: 32.000000
Violation: 271.000000
Violation: 733.000000
Violation: 482.000000
Violation: 445.000000
Violation: 103.000000
Violation: 657.000000
Violation: 312.000000
Violation: 696.000000
Violation: 355.000000
Violation: 103.000000
Violation: 489.000000
Violation: 654.000000
Violation: 98.000000
Violation: 573.000000
Violation: 1020.000000
Violation: 316.000000
Violation: 198.000000
Violation: 538.000000
Violation: 753.000000
Violation: 296.000000
Violation: 641.000000
Violation: 83.000000
Violation: 237.000000
Violation: 185.000000
Violation: 695.000000
Violation: 1158.000000
Violation: 233.000000
Violation: 122.000000
2400 16
AQUIIII!!54 51 48 26 9 16 3 23 43 36 33 49 17 31 6 10 
AQUIIII!!54 8 20 33 19 23 34 18 29 3 6 37 51 49 36 7 
AQUIIII!!0 47 13 45 AQUIIII!!38 52 11 8 33 36 58 53 21 58 55 57 15 11 37 18 14 34 34 41 12 20 25 38 
50 19 22 44 
AQUIIII!!49 54 23 17 48 37 9 4 33 43 36 51 5 26 16 10 
AQUIIII!!17 16 36 43 6 9 AQUIIII!!23 50 19 33 41 10 7 31 3 51 22 26 8 3 6 48 23 54 34 49 20 
18 51 36 44 AQUIIII!!54 34 
8 41 23 3 22 7 51 18 36 20 19 6 50 44 54 
AQUIIII!!17 48 26 51 16 36 43 3 33 6 49 10 31 23 9 54 
AQUIIII!!6 8 54 7 18 19 49 36 34 29 3 20 51 23 33 37 
AQUIIII!!54 8 AQUIIII!!23 31 22 36 36 23 41 51 6 49 52 34 50 44 26 20 17 18 3 34 6 19 43 3 7 7 48 
16 8 AQUIIII!!54 7 
33 51 8 6 18 34 3 23 19 31 49 36 29 48 54 
AQUIIII!!17 33 49 51 43 23 36 10 5 48 16 9 26 37 4 54 
AQUIIII!!7 54 49 8 6 43 51 17 48 34 23 31 26 16 3 36 
AQUIIII!!23 37 48 16 49 43 9 33 17 36 5 4 10 26 54 51 
AQUIIII!!54 4 49 16 17 10 33 43 51 26 37 23 36 48 5 9 
AQUIIII!!31 10 9 49 17 51 5 23 43 26 54 16 33 36 48 3 AQUIIII!!
49 43 23 6 9 36 31 26 16 51 17 10 33 3 48 54 
AQUIIII!!54 10 31 3 48 7 36 49 43 17 6 23 16 33 26 51 
AQUIIII!!17 23 36 3 26 51 33 43 AQUIIII!!31 3 7 23 16 29 48 31 10 49 49 6 8 54 19 
33 6 7 34 48 36 51 18 54 
AQUIIII!!34 8 6 AQUIIII!!20 49 23 23 3 33 36 34 7 19 50 36 51 3 19 AQUIIII!!20 41 23 29 22 26 7 44 17 18 18 48 6 54 16 51 10 
37 51 8 9 54 
3 43 36 33 31 49 6 54 
AQUIIII!!AQUIIII!!54 49 43 23 26 33 9 34 AQUIIII!!3 19 54 17 36 23 36 3 AQUIIII!!17 16 20 36 23 10 29 26 26 23 7 5 17 48 18 10 48 49 6 16 16 51 31 51 10 5 48 37 51 33 9 8 31 9 49 54 
3 43 
43 3 36 51 33 33 31 
49 6 54 
AQUIIII!!16 43 26 23 3 49 7 48 10 33 31 51 17 36 54 6 
AQUIIII!!5 9 49 36 51 43 48 16 23 10 26 17 3 31 33 54 
AQUIIII!!50 41 6 19 22 8 36 51 18 23 34 7 44 3 20 54 
AQUIIII!!9 54 3 16 31 49 10 48 26 17 33 51 6 36 43 23 
AQUIIII!!3 20 50 18 19 22 7 34 36 44 23 41 8 52 6 53 
AQUIIII!!51 18 6 41 7 3 22 44 34 36 50 8 19 23 20 54 
AQUIIII!!54 49 31 36 18 3 23 6 29 7 48 33 8 51 34 19 
AQUIIII!!53 52 20 7 44 18 34 23 8 57 22 6 36 19 41 50 
AQUIIII!!54 51 9 31 16 10 26 33 23 17 48 3 5 49 36 43 
AQUIIII!!9 23 31 48 51 49 26 10 16 5 36 33 17 3 43 54 
AQUIIII!!54 7 34 36 18 6 3 41 22 44 52 23 20 8 19 50 
AQUIIII!!53 52 20 50 57 7 23 18 58 34 41 22 44 8 36 19 
AQUIIII!!48 54 43 4 36 23 37 49 10 33 9 5 26 17 51 16 
AQUIIII!!54 8 26 48 43 31 3 34 6 36 51 49 7 17 16 23 
AQUIIII!!54 10 5 43 23 31 33 36 9 16 3 26 51 49 17 48 
AQUIIII!!9 10 36 26 37 49 43 33 51 48 5 4 23 16 17 54 
AQUIIII!!51 8 3 7 36 19 34 37 33 23 6 49 29 20 18 54 
AQUIIII!!53 8 50 22 57 38 19 52 34 41 20 36 11 44 18 58 
AQUIIII!!53 8 50 22 57 38 19 52 34 41 20 36 11 44 18 58 
AQUIIII!!17 48 33 23 49 26 9 16 4 5 10 43 36 37 51 54 
AQUIIII!!52 8 7 3 22 41 20 18 44 50 36 54 19 6 34 23 
AQUIIII!!54 51 9 31 16 10 26 33 23 17 48 3 5 49 36 43 
AQUIIII!!8 18 36 50 19 34 22 44 7 41 3 23 6 53 20 52 
AQUIIII!!3 37 18 8 51 19 36 20 23 49 34 7 29 33 6 54 
AQUIIII!!54 36 48 34 31 26 6 3 51 7 8 17 29 18 23 49 
AQUIIII!!49 8 48 54 6 23 31 29 36 33 51 19 34 3 7 18 
AQUIIII!!26 43 49 17 7 10 23 51 3 16 31 6 48 33 36 54 
AQUIIII!!49 8 48 54 6 23 31 29 36 33 51 19 34 3 7 18 
AQUIIII!!3 7 36 19 34 23 22 18 20 44 50 51 41 8 54 AQUIIII!!6 18 
23 49 6 7 19 37 34 36 51 8 20 33 29 3 54 
AQUIIII!!31 49 48 19 8 18 36 51 23 3 7 29 33 34 6 54 
AQUIIII!!43 48 16 7 6 49 3 33 26 17 31 23 51 36 10 54 
AQUIIII!!54 23 6 20 44 50 36 7 41 18 22 3 52 19 8 34 
AQUIIII!!54 16 26 51 36 31 33 9 43 48 23 3 10 6 17 49 
AQUIIII!!8 53 41 7 50 58 52 23 20 18 57 19 44 36 22 34 
AQUIIII!!7 6 19 52 18 44 41 34 8 3 20 50 36 22 23 54 
AQUIIII!!48 43 16 49 3 17 23 9 10 36 6 33 26 51 31 54 
AQUIIII!!33 23 5 16 37 27 4 10 2 43 17 26 9 1 48 49 
AQUIIII!!23 44 8 50 57 53 36 20 34 58 19 41 22 18 7 52 
AQUIIII!!16 43 6 3 33 26 51 36 23 31 48 17 9 10 54 49 
AQUIIII!!54 51 17 48 37 26 5 49 36 4 43 16 23 9 33 10 
Number of Cuts in the second phase:1179
Number of repeat: 1114 
Violation: 553.000000
Violation: 437.000000
Violation: 194.000000
Violation: 466.000000
Violation: 459.000000
Violation: 388.000000
Violation: 464.000000
Violation: 1381.000000
Violation: 967.000000
Violation: 1144.000000
Violation: 676.000000
Violation: 662.000000
Violation: 449.000000
Violation: 778.000000
Violation: 46.000000
Violation: 780.000000
Violation: 686.000000
Violation: 1213.000000
Violation: 958.000000
Violation: 399.000000
Violation: 466.000000
Violation: 1237.000000
Violation: 176.000000
Violation: 359.000000
Violation: 696.000000
Violation: 622.000000
Violation: 498.000000
Violation: 219.000000
Violation: 934.000000
Violation: 932.000000
Violation: 535.000000
Violation: 492.000000
Violation: 146.000000
Violation: 138.000000
Violation: 782.000000
Violation: 656.000000
Violation: 595.000000
Violation: 400.000000
Violation: 620.000000
Violation: 991.000000
Violation: 329.000000
Violation: 16.000000
Violation: 798.000000
Violation: 459.000000
Violation: 798.000000
Violation: 570.000000
Violation: 984.000000
Violation: 552.000000
Violation: 1001.000000
Violation: 83.000000
Violation: 684.000000
Violation: 386.000000
Violation: 84.000000
Violation: 668.000000
Violation: 189.000000
Violation: 503.000000
Violation: 954.000000
Violation: 268.000000
Violation: 689.000000
Violation: 321.000000
Violation: 672.000000
Violation: 581.000000
Violation: 218.000000
Violation: 568.000000
Violation: 577.000000
took 4.145038
Optimize a model with 876 rows, 906 columns and 12011 nonzeros
Coefficient statistics:
  Matrix range     [1e+00, 4e+01]
  Objective range  [0e+00, 0e+00]
  Bounds range     [1e+00, 4e+01]
  RHS range        [1e+00, 1e+02]
Presolve removed 600 rows and 115 columns
Presolve time: 0.00s
Presolved: 276 rows, 791 columns, 8534 nonzeros

Iteration    Objective       Primal Inf.    Dual Inf.      Time
       0    0.0000000e+00   4.716969e+01   0.000000e+00      0s
     161    0.0000000e+00   0.000000e+00   0.000000e+00      0s

Solved in 161 iterations and 0.01 seconds
Optimal objective  0.000000000e+00
