j3017_4.mm_s1.txt
Academic license - for non-commercial use only
Read LP format model from file lp/j3017_4.mm.lp
Reading time = 0.00 seconds
: 351 rows, 906 columns, 9053 nonzeros
OKGPU
nThreads: 1024 , nBlocks: 12 
Number cuts generated in the phase 1: 9
Number of repeat: 0 
violation 587.000000
violation 545.000000
violation 545.000000
violation 578.000000
violation 286.000000
violation 428.000000
violation 284.000000
violation 284.000000
violation 800.000000
8592 16
AQUIIII!!55 2 37 29 24 1 17 0 15 51 7 AQUIIII!!21 55 27 27 12 1 16 17 9 16 
49 24 0 12 51 50 2 15 29 37 21 
AQUIIII!!55 40 18 AQUIIII!!27 55 52 24 50 14 0 47 49 13 16 9 23 34 21 51 10 1 11 17 2 37 7 15 20 29 12 29 AQUIIII!!48 
55 
15 21 12 7 17 37 16 2 27 24 9 1 51 0 29 
AQUIIII!!AQUIIII!!9 7 17 20 40 17 20 14 7 10 13 11 34 21 21 34 27 18 14 27 2 2 18 13 11 40 10 29 29 9 55 55 

AQUIIII!!22 37 AQUIIII!!52 47 9 54 7 29 10 53 11 52 8 13 23 14 3 34 40 6 27 5 18 19 29 4 20 2 50 55 48 AQUIIII!!
49 29 
17 51 0 16 23 37 AQUIIII!!1 51 21 29 AQUIIII!!15 37 16 48 16 24 12 49 15 24 24 1 49 12 21 55 2 0 50 50 51 AQUIIII!!
15 17 40 17 10 48 0 13 49 27 27 12 21 17 29 1 16 23 55 21 37 
11 50 9 55 12 
15 29 7 34 2 55 
AQUIIII!!29 0 16 27 24 17 15 9 AQUIIII!!2 21 7 7 1 13 51 21 17 12 14 37 9 55 AQUIIII!!10 
17 11 18 2 21 40 16 50 29 34 27 2 12 27 15 29 0 55 24 
1 51 37 7 16 55 
AQUIIII!!55 51 21 12 37 0 50 29 17 23 1 49 16 15 AQUIIII!!24 55 48 21 
17 16 34 10 11 27 12 9 0 7 29 40 2 15 
AQUIIII!!55 12 21 2 29 37 17 0 50 51 49 15 24 16 27 1 
AQUIIII!!55 2 13 7 34 14 18 21 40 11 9 27 20 10 29 47 
AQUIIII!!6 50 8 31 5 51 24 4 19 0 43 37 48 1 3 49 
AQUIIII!!16 55 7 2 34 15 12 27 21 1 17 10 0 9 40 24 
AQUIIII!!19 24 1 4 23 29 54 8 3 37 5 49 48 51 6 50 
AQUIIII!!11 2 14 27 21 17 40 20 10 18 9 13 7 29 34 55 
AQUIIII!!9 13 40 34 21 15 29 7 11 AQUIIII!!16 7 2 37 27 15 AQUIIII!!17 1 21 10 27 11 14 12 2 55 29 9 
17 29 21 7 2 40 50 34 24 27 16 16 51 14 0 18 55 13 
10 17 55 
AQUIIII!!2 11 7 27 47 21 14 34 29 13 9 10 40 AQUIIII!!18 14 20 13 55 7 
20 2 11 40 9 18 21 47 34 29 10 27 55 
AQUIIII!!55 2 7 10 21 16 13 34 14 18 17 40 11 29 27 9 
AQUIIII!!55 20 21 9 27 11 2 18 40 47 13 AQUIIII!!34 55 10 14 21 29 13 7 17 
40 29 2 10 20 34 18 11 27 9 14 7 
AQUIIII!!49 1 21 12 16 51 27 0 15 37 29 24 50 2 17 55 
AQUIIII!!21 27 16 AQUIIII!!34 55 10 15 15 9 9 2 24 1 0 40 40 7 7 34 12 17 1 24 2 12 17 16 55 10 
0 21 27 
AQUIIII!!40 21 9 34 29 27 7 17 16 10 2 13 18 14 55 11 
AQUIIII!!34 16 2 40 AQUIIII!!9 40 0 2 15 14 27 9 10 10 17 7 11 18 7 34 12 29 21 27 29 47 55 20 
52 11 13 55 
AQUIIII!!14 17 40 2 21 AQUIIII!!11 2 9 AQUIIII!!37 29 55 15 34 10 10 0 34 2 9 27 7 7 AQUIIII!!21 12 13 40 29 50 16 17 13 16 15 27 40 47 12 27 16 13 52 17 55 21 14 15 
29 11 7 51 
9 1 10 24 34 55 29 49 2 
27 20 18 11 55 
AQUIIII!!12 23 16 29 37 49 AQUIIII!!17 18 0 29 21 10 1 11 51 53 48 52 50 27 15 40 24 13 55 34 
9 7 14 20 2 47 
AQUIIII!!55 16 15 0 49 21 29 51 24 48 1 AQUIIII!!50 55 23 17 37 17 9 24 12 29 
AQUIIII!!1 55 0 11 12 17 15 34 51 40 7 15 37 7 2 29 21 21 27 9 16 16 
27 2 12 13 10 
AQUIIII!!17 7 40 16 12 1 24 21 27 10 2 9 15 0 34 55 
AQUIIII!!27 9 20 7 14 34 2 18 29 11 40 10 21 13 17 55 
AQUIIII!!21 9 14 27 18 13 34 40 20 2 47 10 29 7 11 55 
AQUIIII!!27 34 11 7 14 29 2 20 18 10 17 13 40 9 21 55 
AQUIIII!!51 43 50 24 6 8 37 1 31 0 5 19 49 48 4 3 
AQUIIII!!34 9 27 15 10 17 11 12 29 7 21 13 16 2 40 55 
AQUIIII!!0 9 21 17 27 7 24 34 AQUIIII!!16 29 1 10 40 20 15 34 10 47 2 21 18 12 14 55 9 
13 40 11 AQUIIII!!7 55 27 2 14 55 21 
27 17 7 10 40 9 AQUIIII!!2 7 34 11 21 29 29 20 40 18 10 2 11 13 13 27 18 
14 34 17 AQUIIII!!16 17 9 14 55 27 
7 11 10 29 13 40 34 18 21 2 9 20 55 
AQUIIII!!55 13 2 29 9 18 34 40 11 16 17 27 21 10 7 14 
AQUIIII!!51 55 16 0 15 27 2 7 50 24 29 37 12 17 1 21 
AQUIIII!!29 37 24 17 21 51 15 0 23 1 50 49 48 12 55 16 
AQUIIII!!21 34 29 20 27 14 2 11 13 18 9 40 7 10 47 55 
AQUIIII!!21 34 29 20 27 14 2 11 13 18 9 40 7 10 47 55 
AQUIIII!!29 27 34 14 18 2 11 17 40 9 7 10 13 21 16 55 
AQUIIII!!55 40 27 15 34 AQUIIII!!12 27 34 7 2 17 21 21 11 15 10 10 2 16 0 40 9 9 7 24 0 16 17 12 1 29 
55 
AQUIIII!!55 15 27 34 29 40 14 11 21 17 7 10 13 2 16 9 
AQUIIII!!24 15 21 1 0 40 34 17 10 16 12 9 7 27 2 55 
AQUIIII!!55 16 21 14 7 13 29 40 18 34 17 2 10 27 9 11 
AQUIIII!!55 48 37 21 AQUIIII!!29 1 12 7 50 12 10 23 34 24 21 15 29 51 2 AQUIIII!!16 17 55 49 16 17 0 27 0 17 9 21 
40 24 11 49 15 50 13 16 55 1 
37 51 15 29 27 2 12 
AQUIIII!!55 40 14 34 29 27 2 9 17 18 20 21 11 7 13 10 
AQUIIII!!10 16 7 9 12 27 0 15 29 21 34 2 40 11 17 AQUIIII!!55 0 
49 1 5 51 8 24 50 4 37 43 19 6 31 3 48 
AQUIIII!!23 53 6 29 22 5 3 8 37 20 52 19 54 47 48 4 
AQUIIII!!55 15 7 13 10 40 9 11 27 2 29 16 34 17 14 21 
AQUIIII!!55 27 40 16 10 11 2 7 14 29 13 34 17 21 15 9 
AQUIIII!!55 10 34 2 21 9 29 16 27 14 7 17 40 18 13 11 
AQUIIII!!55 21 27 11 15 29 7 17 2 40 34 12 9 16 0 10 
AQUIIII!!16 7 50 0 2 12 24 29 17 15 37 21 27 51 1 55 
AQUIIII!!21 15 34 27 12 29 7 40 17 13 10 9 16 2 55 11 
AQUIIII!!51 55 AQUIIII!!24 55 27 40 21 18 7 2 34 0 1 27 14 9 10 37 9 17 20 16 2 7 29 15 11 12 47 29 13 
21 
AQUIIII!!13 21 29 10 14 34 16 27 11 17 9 7 40 18 2 55 
AQUIIII!!55 15 7 0 17 1 16 27 24 29 37 2 12 21 9 51 
AQUIIII!!55 2 24 27 37 16 51 29 7 21 9 0 12 15 1 17 
AQUIIII!!37 51 24 21 17 0 1 48 15 29 49 23 50 12 16 55 
AQUIIII!!40 15 34 29 12 17 7 11 10 9 16 2 21 27 0 55 
AQUIIII!!16 2 1 15 0 27 37 29 21 9 24 51 12 17 7 55 
AQUIIII!!1 24 15 37 21 17 0 2 12 27 16 7 51 9 29 55 
AQUIIII!!55 47 14 AQUIIII!!10 2 29 40 7 20 11 16 34 15 27 34 9 40 21 7 0 18 27 13 17 AQUIIII!!12 11 9 15 29 10 16 55 2 
24 21 29 
9 37 17 12 2 0 21 1 27 7 55 51 
AQUIIII!!55 34 7 2 9 11 40 14 18 16 29 27 17 21 10 13 
AQUIIII!!55 11 10 29 20 34 14 2 52 7 13 18 27 40 47 9 
AQUIIII!!17 27 12 16 2 9 34 40 0 10 11 29 21 15 7 55 
AQUIIII!!16 55 37 50 27 15 2 12 21 1 24 0 49 29 51 17 
AQUIIII!!55 20 40 9 11 13 21 29 18 34 47 27 2 14 7 10 
AQUIIII!!0 24 51 2 49 AQUIIII!!50 7 29 20 12 52 16 2 15 47 27 34 1 AQUIIII!!10 37 2 40 17 27 18 21 12 55 13 37 29 
50 11 17 27 15 9 0 14 24 55 1 
29 51 21 16 55 49 
AQUIIII!!18 40 34 16 9 29 14 7 10 2 13 11 AQUIIII!!17 14 21 18 27 29 40 55 20 
27 7 9 AQUIIII!!2 55 47 21 34 7 10 16 21 17 13 13 55 27 11 12 
15 11 34 29 10 40 AQUIIII!!9 29 2 12 
7 34 10 27 11 AQUIIII!!2 55 17 29 15 11 16 27 13 2 21 40 40 47 9 10 55 7 
14 34 9 21 13 20 18 
AQUIIII!!55 16 21 40 7 17 29 27 10 14 18 34 9 11 2 13 
AQUIIII!!55 17 0 29 50 37 27 12 2 21 1 7 24 15 16 51 
AQUIIII!!55 34 2 7 0 1 40 12 27 16 9 17 10 21 15 24 
AQUIIII!!55 16 17 7 12 15 21 11 2 10 40 29 34 0 27 9 
AQUIIII!!34 11 18 20 21 29 13 9 40 7 17 27 10 14 2 55 
AQUIIII!!55 29 34 2 17 14 27 11 7 16 18 10 21 40 9 13 
AQUIIII!!21 24 50 0 17 1 27 2 51 16 12 37 AQUIIII!!15 55 7 51 29 0 55 
1 7 29 21 12 2 17 27 15 37 24 9 16 
AQUIIII!!10 11 18 13 21 20 2 47 7 9 27 14 34 29 40 55 
AQUIIII!!55 15 12 7 16 29 11 21 17 9 10 0 40 34 2 27 
AQUIIII!!29 10 34 13 2 7 21 9 11 20 14 40 47 27 18 55 
AQUIIII!!11 14 13 47 52 9 18 29 40 27 2 34 10 7 20 55 
AQUIIII!!55 34 24 1 AQUIIII!!17 55 7 40 2 14 40 15 29 16 9 0 7 12 16 10 27 11 21 2 9 10 
13 27 18 21 17 34 
AQUIIII!!24 29 51 1 50 12 21 37 27 17 16 49 15 2 0 55 
AQUIIII!!55 10 16 29 17 12 27 13 40 11 2 34 9 15 7 21 
AQUIIII!!55 13 2 15 16 29 21 7 11 17 40 10 34 12 27 9 
AQUIIII!!23 1 16 17 48 24 29 0 12 37 50 49 51 21 15 55 
AQUIIII!!2 47 29 52 14 7 53 13 18 9 40 34 11 20 27 10 
AQUIIII!!29 12 51 48 17 1 23 24 37 50 21 49 15 0 16 55 
AQUIIII!!37 24 16 51 29 50 27 15 12 21 2 7 1 0 17 55 
AQUIIII!!0 12 24 37 21 1 29 27 17 2 15 51 16 7 50 55 
AQUIIII!!2 29 11 52 9 34 40 7 18 27 20 14 10 13 47 55 
AQUIIII!!55 12 48 0 51 23 29 50 21 1 24 15 49 16 37 17 
AQUIIII!!55 16 14 15 13 9 21 34 10 7 2 29 17 27 11 40 
AQUIIII!!15 10 11 34 16 7 27 9 40 2 29 AQUIIII!!12 55 0 14 21 2 17 10 55 22 
21 11 7 13 16 18 17 29 27 28 9 
AQUIIII!!55 27 7 29 AQUIIII!!18 6 13 50 20 19 34 29 11 48 10 3 9 1 40 49 2 5 47 8 21 24 14 4 
54 37 51 23 
AQUIIII!!29 9 11 10 2 47 27 14 13 20 21 40 34 18 7 55 
AQUIIII!!47 55 10 29 34 14 11 13 40 52 20 27 9 18 7 2 
AQUIIII!!55 18 27 40 34 10 14 29 13 20 9 21 11 2 7 47 
AQUIIII!!55 34 27 21 2 7 9 40 1 24 10 16 12 17 0 15 
AQUIIII!!48 55 16 50 29 12 15 37 49 0 24 23 17 1 51 21 
AQUIIII!!40 13 27 7 16 17 11 21 29 14 2 9 10 18 34 55 
AQUIIII!!55 29 9 15 34 21 10 27 17 16 13 11 7 12 2 40 
AQUIIII!!48 53 49 54 19 47 37 8 5 29 3 52 23 6 22 4 
AQUIIII!!55 10 21 29 34 2 18 27 14 9 7 40 11 20 13 17 
AQUIIII!!55 15 17 51 1 12 0 37 16 21 2 27 AQUIIII!!29 24 49 7 24 50 51 
12 21 50 0 15 37 23 29 1 16 17 48 55 
AQUIIII!!55 17 40 34 7 15 27 2 29 13 9 10 21 16 11 14 
AQUIIII!!8 37 54 22 47 53 23 4 19 6 29 3 5 48 52 49 
AQUIIII!!55 16 51 29 12 27 15 1 21 50 37 0 24 17 49 2 
AQUIIII!!55 16 51 15 1 0 29 21 24 17 27 37 12 2 7 9 
AQUIIII!!12 2 17 10 7 29 34 21 0 11 15 16 27 9 40 55 
AQUIIII!!7 10 9 11 15 21 AQUIIII!!40 21 9 27 34 17 27 0 0 12 16 15 12 2 34 40 29 2 AQUIIII!!16 29 10 7 55 11 9 7 
17 15 55 21 
17 2 16 27 11 40 10 14 29 34 55 13 
AQUIIII!!55 50 15 49 27 24 21 17 1 16 51 37 29 2 0 12 
AQUIIII!!55 9 17 11 27 2 16 15 14 7 29 34 10 13 40 21 
AQUIIII!!55 16 10 7 9 40 34 27 15 29 17 2 12 11 21 13 
AQUIIII!!55 40 27 15 13 29 9 2 11 16 10 34 AQUIIII!!21 55 7 40 14 52 17 20 
14 29 13 18 9 47 2 10 11 27 34 7 
AQUIIII!!55 50 37 23 29 21 0 1 17 15 48 51 16 12 49 24 
AQUIIII!!55 29 13 10 40 47 2 14 52 9 20 18 7 27 11 34 
AQUIIII!!55 29 0 23 16 1 17 21 37 12 15 51 50 24 49 48 
AQUIIII!!55 13 11 21 16 10 34 9 2 18 7 17 40 27 14 29 
AQUIIII!!11 27 21 10 13 29 20 14 7 40 17 AQUIIII!!55 2 2 9 13 18 20 9 34 47 55 27 
11 AQUIIII!!21 48 10 49 18 21 51 7 34 15 12 29 14 29 1 40 
0 23 37 50 16 24 17 AQUIIII!!55 55 
15 2 27 29 16 34 21 11 40 7 10 17 9 13 12 
AQUIIII!!2 47 13 40 29 14 10 34 7 20 9 55 52 11 27 18 
AQUIIII!!52 8 3 37 6 22 29 20 23 19 5 54 53 47 48 4 
AQUIIII!!AQUIIII!!55 11 2 2 7 10 10 12 27 27 7 15 9 21 13 34 34 29 21 17 17 9 40 14 16 29 11 18 13 40 
16 55 
AQUIIII!!27 9 10 13 29 14 11 40 7 17 2 15 34 16 21 55 
AQUIIII!!47 2 18 7 40 20 21 34 11 14 13 55 10 29 27 9 
AQUIIII!!55 21 9 15 7 16 11 17 10 40 13 34 2 29 14 27 
AQUIIII!!21 12 1 0 2 27 17 7 16 37 51 29 24 15 50 55 
AQUIIII!!20 27 13 29 11 14 9 2 40 52 10 47 34 18 7 55 
AQUIIII!!55 15 27 10 17 34 2 40 0 21 11 29 7 9 12 16 
AQUIIII!!1 24 21 17 0 16 29 27 7 15 2 50 12 37 55 51 
AQUIIII!!21 17 29 34 13 11 9 14 16 7 15 40 2 10 27 55 
Number of Cuts in the second phase:4229
Number of repeat: 3846 
Violation: 600.000000
Violation: 771.000000
Violation: 171.000000
Violation: 846.000000
Violation: 327.000000
Violation: 753.000000
Violation: 200.000000
Violation: 1084.000000
Violation: 184.000000
Violation: 328.000000
Violation: 149.000000
Violation: 102.000000
Violation: 763.000000
Violation: 403.000000
Violation: 257.000000
Violation: 171.000000
Violation: 869.000000
Violation: 1156.000000
Violation: 226.000000
Violation: 489.000000
Violation: 428.000000
Violation: 228.000000
Violation: 438.000000
Violation: 339.000000
Violation: 342.000000
Violation: 408.000000
Violation: 513.000000
Violation: 514.000000
Violation: 226.000000
Violation: 626.000000
Violation: 327.000000
Violation: 200.000000
Violation: 1200.000000
Violation: 511.000000
Violation: 179.000000
Violation: 995.000000
Violation: 513.000000
Violation: 424.000000
Violation: 611.000000
Violation: 218.000000
Violation: 587.000000
Violation: 350.000000
Violation: 400.000000
Violation: 342.000000
Violation: 113.000000
Violation: 763.000000
Violation: 82.000000
Violation: 342.000000
Violation: 400.000000
Violation: 432.000000
Violation: 600.000000
Violation: 654.000000
Violation: 175.000000
Violation: 589.000000
Violation: 257.000000
Violation: 98.000000
Violation: 164.000000
Violation: 538.000000
Violation: 1298.000000
Violation: 284.000000
Violation: 632.000000
Violation: 787.000000
Violation: 400.000000
Violation: 685.000000
Violation: 309.000000
Violation: 171.000000
Violation: 1000.000000
Violation: 101.000000
Violation: 199.000000
Violation: 454.000000
Violation: 199.000000
Violation: 617.000000
Violation: 771.000000
Violation: 886.000000
Violation: 109.000000
Violation: 513.000000
Violation: 98.000000
Violation: 689.000000
Violation: 284.000000
Violation: 425.000000
Violation: 218.000000
Violation: 254.000000
Violation: 484.000000
Violation: 511.000000
Violation: 1145.000000
Violation: 55.000000
Violation: 624.000000
Violation: 981.000000
Violation: 971.000000
Violation: 462.000000
Violation: 109.000000
Violation: 436.000000
Violation: 262.000000
Violation: 54.000000
Violation: 171.000000
Violation: 171.000000
Violation: 284.000000
Violation: 476.000000
Violation: 654.000000
Violation: 225.000000
Violation: 436.000000
Violation: 455.000000
Violation: 428.000000
Violation: 427.000000
Violation: 684.000000
Violation: 262.000000
Violation: 973.000000
Violation: 336.000000
Violation: 730.000000
Violation: 210.000000
Violation: 872.000000
Violation: 541.000000
Violation: 631.000000
Violation: 420.000000
Violation: 678.000000
Violation: 742.000000
Violation: 109.000000
Violation: 527.000000
Violation: 28.000000
Violation: 412.000000
Violation: 1200.000000
Violation: 284.000000
Violation: 569.000000
Violation: 1130.000000
Violation: 401.000000
Violation: 1046.000000
Violation: 713.000000
Violation: 327.000000
Violation: 220.000000
Violation: 247.000000
Violation: 171.000000
Violation: 775.000000
Violation: 662.000000
Violation: 359.000000
Violation: 1200.000000
Violation: 446.000000
Violation: 498.000000
Violation: 1174.000000
Violation: 55.000000
Violation: 368.000000
Violation: 681.000000
Violation: 339.000000
Violation: 288.000000
Violation: 498.000000
Violation: 617.000000
Violation: 514.000000
Violation: 806.000000
Violation: 626.000000
Violation: 575.000000
Violation: 349.000000
Violation: 771.000000
Violation: 199.000000
Violation: 282.000000
Violation: 275.000000
Violation: 521.000000
Violation: 572.000000
Violation: 113.000000
Violation: 451.000000
Violation: 397.000000
Violation: 463.000000
Violation: 294.000000
Violation: 428.000000
Violation: 200.000000
Violation: 342.000000
Violation: 677.000000
Violation: 763.000000
Violation: 828.000000
Violation: 563.000000
Violation: 498.000000
Violation: 787.000000
Violation: 199.000000
Violation: 218.000000
Violation: 1005.000000
Violation: 348.000000
Violation: 289.000000
Violation: 685.000000
Violation: 226.000000
Violation: 649.000000
Violation: 284.000000
Violation: 798.000000
Violation: 208.000000
Violation: 370.000000
Violation: 113.000000
Violation: 1051.000000
Violation: 598.000000
Violation: 397.000000
Violation: 364.000000
Violation: 359.000000
Violation: 655.000000
Violation: 428.000000
Violation: 1364.000000
Violation: 393.000000
Violation: 678.000000
Violation: 671.000000
Violation: 730.000000
Violation: 770.000000
Violation: 737.000000
Violation: 226.000000
Violation: 284.000000
Violation: 292.000000
Violation: 394.000000
Violation: 600.000000
Violation: 321.000000
Violation: 141.000000
Violation: 1000.000000
Violation: 677.000000
Violation: 470.000000
Violation: 339.000000
Violation: 510.000000
Violation: 424.000000
Violation: 568.000000
Violation: 568.000000
Violation: 514.000000
Violation: 399.000000
Violation: 185.000000
Violation: 711.000000
Violation: 342.000000
Violation: 353.000000
Violation: 681.000000
Violation: 542.000000
Violation: 623.000000
Violation: 509.000000
Violation: 446.000000
Violation: 912.000000
Violation: 599.000000
Violation: 310.000000
Violation: 394.000000
Violation: 57.000000
Violation: 812.000000
Violation: 142.000000
Violation: 226.000000
Violation: 195.000000
Violation: 339.000000
Violation: 740.000000
Violation: 548.000000
Violation: 456.000000
Violation: 82.000000
Violation: 226.000000
Violation: 472.000000
Violation: 370.000000
Violation: 145.000000
Violation: 603.000000
Violation: 510.000000
Violation: 857.000000
Violation: 938.000000
Violation: 200.000000
Violation: 53.000000
Violation: 228.000000
Violation: 869.000000
Violation: 377.000000
Violation: 766.000000
Violation: 576.000000
Violation: 428.000000
Violation: 882.000000
Violation: 542.000000
Violation: 850.000000
Violation: 528.000000
Violation: 971.000000
Violation: 414.000000
Violation: 811.000000
Violation: 541.000000
Violation: 620.000000
Violation: 493.000000
Violation: 413.000000
Violation: 262.000000
Violation: 178.000000
Violation: 109.000000
Violation: 331.000000
Violation: 510.000000
Violation: 968.000000
Violation: 485.000000
Violation: 1165.000000
Violation: 510.000000
Violation: 318.000000
Violation: 888.000000
Violation: 660.000000
Violation: 403.000000
Violation: 912.000000
Violation: 480.000000
Violation: 199.000000
Violation: 46.000000
Violation: 572.000000
Violation: 210.000000
Violation: 1028.000000
Violation: 513.000000
Violation: 222.000000
Violation: 542.000000
Violation: 623.000000
Violation: 790.000000
Violation: 225.000000
Violation: 226.000000
Violation: 428.000000
Violation: 462.000000
Violation: 1084.000000
Violation: 280.000000
Violation: 276.000000
Violation: 171.000000
Violation: 284.000000
Violation: 292.000000
Violation: 775.000000
Violation: 43.000000
Violation: 371.000000
Violation: 635.000000
Violation: 55.000000
Violation: 599.000000
Violation: 569.000000
Violation: 407.000000
Violation: 971.000000
Violation: 1196.000000
Violation: 724.000000
Violation: 246.000000
Violation: 426.000000
Violation: 616.000000
Violation: 1090.000000
Violation: 166.000000
Violation: 283.000000
Violation: 740.000000
Violation: 585.000000
Violation: 291.000000
Violation: 1082.000000
Violation: 426.000000
Violation: 370.000000
Violation: 384.000000
Violation: 200.000000
Violation: 956.000000
Violation: 908.000000
Violation: 635.000000
Violation: 113.000000
Violation: 529.000000
Violation: 662.000000
Violation: 436.000000
Violation: 291.000000
Violation: 342.000000
Violation: 542.000000
Violation: 370.000000
Violation: 455.000000
Violation: 512.000000
Violation: 14.000000
Violation: 645.000000
Violation: 542.000000
Violation: 257.000000
Violation: 398.000000
Violation: 85.000000
Violation: 825.000000
Violation: 479.000000
Violation: 611.000000
Violation: 330.000000
Violation: 370.000000
Violation: 1298.000000
Violation: 576.000000
Violation: 542.000000
Violation: 339.000000
Violation: 176.000000
Violation: 768.000000
Violation: 620.000000
Violation: 443.000000
Violation: 55.000000
Violation: 939.000000
Violation: 724.000000
Violation: 799.000000
Violation: 569.000000
Violation: 455.000000
Violation: 930.000000
Violation: 341.000000
Violation: 339.000000
Violation: 564.000000
Violation: 341.000000
Violation: 559.000000
Violation: 148.000000
Violation: 359.000000
Violation: 168.000000
Violation: 102.000000
Violation: 504.000000
Violation: 485.000000
Violation: 716.000000
Violation: 455.000000
Violation: 884.000000
Violation: 542.000000
Violation: 113.000000
Violation: 763.000000
Violation: 397.000000
Violation: 503.000000
Violation: 542.000000
408 16
AQUIIII!!34 2 10 21 29 7 27 40 17 9 16 11 14 13 18 55 
AQUIIII!!37 29 1 9 15 27 0 24 51 21 7 12 17 16 2 55 
AQUIIII!!53 8 50 29 5 49 54 37 6 22 19 52 23 4 48 3 
AQUIIII!!10 27 40 13 9 17 2 21 18 14 20 7 34 11 29 55 
AQUIIII!!21 51 7 27 37 29 16 2 12 0 24 1 15 17 50 55 
AQUIIII!!2 34 20 11 18 13 27 40 47 29 9 52 7 10 14 55 
AQUIIII!!55 13 40 27 18 2 47 9 29 52 34 10 20 7 14 11 
AQUIIII!!13 16 12 15 7 2 10 9 27 21 29 17 40 34 11 55 
AQUIIII!!27 11 2 29 21 10 13 16 40 9 17 7 34 15 12 55 
Number of Cuts in the second phase:208
Number of repeat: 196 
Violation: 739.000000
Violation: 218.000000
Violation: 769.000000
Violation: 405.000000
Violation: 284.000000
Violation: 458.000000
Violation: 748.000000
Violation: 620.000000
Violation: 71.000000
Violation: 162.000000
Violation: 140.000000
Violation: 841.000000
took 4.067873
Optimize a model with 762 rows, 906 columns and 11127 nonzeros
Coefficient statistics:
  Matrix range     [1e+00, 4e+01]
  Objective range  [0e+00, 0e+00]
  Bounds range     [1e+00, 4e+01]
  RHS range        [1e+00, 1e+02]
Presolve removed 380 rows and 108 columns
Presolve time: 0.00s
Presolved: 382 rows, 798 columns, 9231 nonzeros

Iteration    Objective       Primal Inf.    Dual Inf.      Time
       0    0.0000000e+00   4.570005e+01   0.000000e+00      0s
     139    0.0000000e+00   0.000000e+00   0.000000e+00      0s

Solved in 139 iterations and 0.01 seconds
Optimal objective  0.000000000e+00
