j3017_4.mm_s8.txt
Academic license - for non-commercial use only
Read LP format model from file lp/j3017_4.mm.lp
Reading time = 0.01 seconds
: 351 rows, 906 columns, 9053 nonzeros
OKGPU
nThreads: 1024 , nBlocks: 12 
Number cuts generated in the phase 1: 14
Number of repeat: 4 
violation 271.000000
violation 689.000000
violation 542.000000
violation 726.000000
violation 592.000000
violation 413.000000
violation 250.000000
violation 250.000000
violation 400.000000
violation 650.000000
8592 16
AQUIIII!!61 60 22 58 30 53 32 19 18 55 51 21 59 41 36 20 
AQUIIII!!61 56 AQUIIII!!9 4 30 54 5 47 59 52 6 35 24 14 35 0 23 32 28 15 22 37 8 58 13 60 12 1 11 
16 30 41 
AQUIIII!!53 55 4 51 30 58 32 20 22 36 16 19 17 18 41 21 
AQUIIII!!18 61 55 19 41 59 32 22 30 21 53 20 AQUIIII!!36 21 51 55 61 60 58 53 36 
24 22 20 59 23 58 1 60 5 30 28 
AQUIIII!!32 51 19 36 22 21 20 1 41 61 59 55 53 30 60 58 
AQUIIII!!19 16 30 32 20 41 18 17 21 22 51 58 36 55 53 4 
AQUIIII!!19 16 30 32 20 41 18 17 21 22 51 58 36 55 53 4 
AQUIIII!!23 6 36 30 58 1 5 56 59 22 60 24 61 55 28 53 
AQUIIII!!23 58 55 36 53 21 1 24 59 60 28 5 20 30 22 61 
AQUIIII!!57 24 9 28 31 10 22 6 23 1 56 5 8 42 2 61 
AQUIIII!!AQUIIII!!17 56 18 AQUIIII!!24 22 6 9 19 58 60 30 AQUIIII!!6 36 51 6 59 30 36 59 53 8 1 5 20 36 1 22 16 56 32 60 35 28 41 28 22 55 21 5 0 58 8 55 4 30 1 60 54 23 59 23 53 
5 24 28 56 22 30 23 58 61 24 AQUIIII!!61 
4 61 54 32 

37 35 52 17 13 16 0 41 14 30 15 AQUIIII!!12 61 47 53 
1 55 21 23 59 60 5 24 30 36 28 58 22 20 
AQUIIII!!61 28 58 60 1 6 5 30 21 59 22 53 23 24 36 55 
AQUIIII!!61 5 8 9 57 42 24 23 10 56 1 6 22 31 60 28 
AQUIIII!!4 54 37 14 35 12 16 30 41 47 13 15 AQUIIII!!32 61 52 53 17 59 60 0 55 
30 1 5 58 24 6 36 21 23 28 22 
AQUIIII!!55 61 60 8 23 56 1 59 6 28 22 36 24 30 58 5 
AQUIIII!!18 36 58 32 30 59 41 22 51 21 60 55 20 53 61 19 
AQUIIII!!36 61 5 30 AQUIIII!!22 60 59 59 6 5 60 61 24 6 8 30 28 23 58 58 36 56 23 55 24 1 1 
56 55 22 53 28 
AQUIIII!!9 10 5 22 31 8 28 56 6 57 42 24 23 1 60 61 
AQUIIII!!55 36 20 51 19 30 32 21 22 1 58 60 41 53 59 AQUIIII!!61 30 
5 23 28 1 59 22 58 21 24 36 20 61 60 55 53 
AQUIIII!!30 5 23 28 1 59 22 58 21 24 36 20 61 60 55 53 
AQUIIII!!28 31 2 42 1 9 23 10 57 22 6 5 24 56 8 61 
AQUIIII!!24 28 60 21 20 1 58 22 30 53 AQUIIII!!5 59 59 22 55 28 23 6 36 21 61 58 
5 60 30 36 53 24 23 1 55 61 
AQUIIII!!55 30 19 21 1 59 58 53 51 36 32 AQUIIII!!41 22 23 60 55 20 59 22 24 61 36 
28 30 53 60 1 56 58 5 6 61 
AQUIIII!!61 10 60 24 23 22 8 59 5 25 56 35 28 6 9 1 
AQUIIII!!55 53 20 60 61 58 19 22 AQUIIII!!36 4 30 AQUIIII!!55 51 41 61 53 59 32 59 21 17 5 1 58 55 32 22 
53 41 36 18 23 51 24 16 22 30 21 21 1 36 28 20 58 19 30 
60 6 
AQUIIII!!1 AQUIIII!!55 61 21 60 61 55 19 22 36 24 22 20 60 1 53 30 32 53 20 59 51 5 41 21 30 58 58 59 28 
23 36 
AQUIIII!!6 56 8 30 36 24 59 1 60 58 28 5 22 AQUIIII!!23 59 55 61 36 
51 32 21 60 20 58 53 55 19 30 18 41 22 61 
AQUIIII!!56 5 30 59 36 28 6 23 8 55 22 24 1 60 58 AQUIIII!!60 61 
41 55 61 20 21 58 32 59 1 53 19 30 36 51 22 
AQUIIII!!4 54 53 36 18 21 0 17 22 41 16 32 20 51 19 30 
AQUIIII!!22 AQUIIII!!1 28 59 23 36 6 30 53 59 AQUIIII!!5 9 55 23 24 60 24 60 61 60 56 51 58 35 59 8 58 55 28 21 21 5 36 1 58 20 6 30 18 22 61 53 61 
32 
19 30 41 22 
AQUIIII!!AQUIIII!!28 1 55 22 23 23 24 5 59 20 21 59 5 24 58 60 36 30 55 58 53 61 20 60 21 28 36 22 1 30 53 61 

AQUIIII!!1 55 5 58 23 28 22 36 56 6 30 53 61 59 60 24 
AQUIIII!!61 1 9 57 42 23 8 10 60 22 5 24 28 6 31 56 
AQUIIII!!61 1 22 60 6 30 59 58 5 23 36 56 55 28 8 24 
AQUIIII!!22 55 30 53 36 19 58 59 18 32 21 51 20 60 41 61 
AQUIIII!!18 17 51 52 41 0 AQUIIII!!19 55 32 56 16 30 22 6 15 30 14 24 36 23 35 8 4 28 54 36 
1 60 5 58 59 61 
AQUIIII!!61 21 36 60 58 5 22 28 6 24 23 1 53 59 55 30 
AQUIIII!!61 24 55 22 28 59 36 58 53 23 30 1 6 60 21 5 
AQUIIII!!4 54 53 36 18 21 0 17 22 41 16 32 20 51 19 30 
AQUIIII!!30 51 32 21 41 20 22 58 17 36 55 19 16 18 59 AQUIIII!!53 30 0 
32 52 47 15 14 13 37 41 35 12 16 17 4 54 
AQUIIII!!19 51 16 20 36 30 21 55 22 32 41 18 58 17 4 53 
AQUIIII!!60 AQUIIII!!1 36 6 22 56 41 22 25 58 8 60 10 30 59 53 23 20 28 19 5 18 24 9 32 51 35 59 61 21 
55 61 
AQUIIII!!1 53 55 59 6 61 23 AQUIIII!!21 36 24 22 36 61 22 5 55 59 60 58 58 24 28 6 30 5 
60 28 23 30 56 1 53 
AQUIIII!!10 6 28 42 31 9 1 5 AQUIIII!!24 24 23 55 57 36 22 61 56 56 60 30 8 61 60 22 
59 5 58 6 23 28 1 53 
AQUIIII!!61 24 55 28 60 59 5 58 36 22 23 21 53 20 30 1 
AQUIIII!!1 6 8 28 23 9 22 5 57 24 31 2 56 42 10 61 AQUIIII!!
60 1 59 24 9 5 8 AQUIIII!!35 61 23 59 28 36 6 21 58 5 20 22 30 56 1 30 55 61 28 
23 24 58 AQUIIII!!53 61 22 36 60 
41 21 19 30 53 59 51 32 22 55 1 58 60 20 
AQUIIII!!60 36 61 59 58 22 21 30 5 20 23 24 55 28 AQUIIII!!53 42 1 1 
10 8 56 22 31 57 28 6 24 2 9 5 23 61 AQUIIII!!
61 36 8 58 30 1 23 24 6 60 22 56 55 59 28 5 
AQUIIII!!58 28 53 36 55 23 5 1 60 59 24 22 30 20 21 AQUIIII!!61 61 
59 10 6 9 25 8 1 22 5 60 35 23 28 56 24 
AQUIIII!!30 22 19 51 58 21 36 53 20 32 60 41 18 61 59 55 
AQUIIII!!61 19 30 59 36 41 AQUIIII!!32 23 53 42 51 22 18 6 22 60 21 1 55 5 60 28 58 56 20 31 
10 24 57 9 8 61 
AQUIIII!!21 30 5 55 23 28 53 59 1 AQUIIII!!22 61 58 56 6 60 8 24 59 60 10 36 9 61 6 
35 23 24 28 1 25 5 22 
AQUIIII!!61 60 5 36 53 58 59 22 20 55 24 23 21 30 1 28 
AQUIIII!!61 24 36 28 30 58 20 23 60 1 5 21 53 55 AQUIIII!!22 61 59 
25 8 24 22 10 28 60 23 6 56 5 59 35 9 1 
AQUIIII!!55 20 53 0 51 30 21 18 17 16 19 36 4 22 41 32 
AQUIIII!!53 59 20 61 55 58 60 23 30 24 28 21 1 36 22 5 
AQUIIII!!61 57 6 28 5 24 42 22 9 2 56 23 8 10 31 1 
AQUIIII!!61 53 19 1 36 20 30 22 32 55 58 41 60 51 21 59 
AQUIIII!!59 AQUIIII!!53 22 30 58 22 56 58 AQUIIII!!51 6 60 21 5 6 18 22 55 32 24 8 20 30 41 5 60 19 36 59 36 24 23 60 28 8 61 23 55 28 
59 1 1 9 30 56 58 61 35 
61 
AQUIIII!!53 41 30 60 20 21 59 19 51 32 22 58 55 1 36 61 
AQUIIII!!28 59 53 60 55 AQUIIII!!22 35 58 58 59 21 22 6 28 24 5 1 23 AQUIIII!!36 61 8 30 9 1 23 6 5 1 56 61 60 28 
56 25 24 23 30 9 6 61 59 
5 22 24 8 10 60 35 
AQUIIII!!61 6 59 1 35 30 60 56 23 9 22 5 58 24 8 28 
AQUIIII!!61 22 51 55 30 20 41 18 36 58 60 53 19 21 59 32 
AQUIIII!!23 58 59 1 6 30 AQUIIII!!53 5 61 36 1 28 22 24 23 21 60 60 55 59 22 21 61 53 AQUIIII!!
58 61 6 21 24 53 60 28 30 36 36 55 23 28 5 1 30 55 24 
6 59 22 58 5 
AQUIIII!!58 21 30 51 20 19 59 1 32 53 22 55 36 41 60 61 
AQUIIII!!61 23 9 5 31 10 57 28 8 22 56 6 24 2 42 1 
AQUIIII!!53 55 4 51 30 58 32 20 22 36 16 19 17 18 41 21 
AQUIIII!!1 9 22 23 10 28 35 56 5 59 6 24 25 8 60 61 
AQUIIII!!61 6 1 9 28 AQUIIII!!5 22 61 24 60 10 6 42 31 55 56 58 8 1 57 30 2 23 23 
56 59 28 24 53 5 22 36 
AQUIIII!!61 23 60 22 36 55 56 30 8 28 59 5 58 6 1 24 
AQUIIII!!60 18 19 21 55 53 61 20 41 32 58 51 59 22 AQUIIII!!55 30 53 36 17 
59 32 58 41 20 21 51 16 22 30 36 19 18 
AQUIIII!!15 16 0 32 13 18 14 46 17 30 37 52 41 35 54 4 
AQUIIII!!22 32 18 19 36 30 17 41 21 51 58 53 16 55 59 20 
AQUIIII!!30 60 36 5 55 22 20 58 1 21 28 24 23 53 59 61 
AQUIIII!!55 1 22 36 28 58 30 53 23 21 6 5 60 59 24 61 
AQUIIII!!53 22 51 36 61 19 41 21 59 20 58 32 60 30 55 1 
AQUIIII!!18 36 58 32 30 59 41 22 51 21 60 55 20 53 61 19 
AQUIIII!!18 AQUIIII!!36 58 61 32 60 30 55 59 22 41 24 22 20 51 21 1 60 30 55 53 20 59 53 5 61 19 21 
58 28 23 36 
AQUIIII!!61 28 2 10 24 23 56 9 42 31 8 6 57 5 1 22 
AQUIIII!!1 53 61 24 58 36 20 21 60 5 23 55 30 22 28 59 
AQUIIII!!24 56 55 22 23 5 AQUIIII!!8 9 59 1 58 56 36 31 60 60 28 22 6 42 1 28 30 57 61 24 
23 5 8 6 10 AQUIIII!!61 6 9 
10 42 24 31 28 1 57 23 8 2 5 56 22 61 
AQUIIII!!4 54 46 14 18 15 32 41 35 16 0 52 30 37 17 13 
AQUIIII!!61 22 19 32 59 20 55 53 30 51 AQUIIII!!21 53 36 1 60 58 41 21 1 22 58 28 
61 30 59 36 23 60 55 20 5 24 
AQUIIII!!24 55 8 36 58 56 22 28 30 1 6 5 60 23 59 61 
AQUIIII!!6 22 1 24 9 5 60 57 23 8 42 31 28 56 10 61 
AQUIIII!!6 1 22 36 55 60 59 23 53 56 24 58 28 30 5 61 
AQUIIII!!5 53 58 24 20 36 60 23 1 22 55 28 59 21 30 61 
AQUIIII!!19 30 21 53 51 32 0 18 17 20 22 16 41 36 55 4 
AQUIIII!!61 55 21 32 19 58 60 1 30 41 36 53 20 51 22 59 
AQUIIII!!53 55 21 17 32 36 0 51 4 20 41 16 19 18 22 30 
AQUIIII!!20 41 21 22 59 32 58 53 30 60 51 36 19 55 61 18 
AQUIIII!!61 6 30 24 1 28 23 55 36 5 8 58 56 22 60 59 
AQUIIII!!61 30 28 60 AQUIIII!!1 61 59 56 36 1 23 60 8 28 6 24 22 23 56 6 24 8 55 35 58 10 5 22 
25 9 5 59 
AQUIIII!!1 53 60 58 36 55 61 41 22 59 30 32 19 51 21 20 
AQUIIII!!53 4 22 55 20 30 36 51 0 21 18 19 41 32 16 17 
AQUIIII!!61 60 18 21 55 36 41 19 59 51 53 20 58 30 22 32 
AQUIIII!!60 59 55 53 19 22 61 36 58 18 51 41 21 30 32 20 
AQUIIII!!23 22 10 56 28 5 24 AQUIIII!!6 22 57 8 24 36 1 42 1 31 30 2 58 9 5 61 21 
55 60 23 20 53 59 28 61 
AQUIIII!!17 21 32 36 22 18 58 41 51 30 20 59 53 60 19 55 
AQUIIII!!55 28 1 60 58 53 21 23 5 36 59 30 6 24 22 61 
AQUIIII!!28 AQUIIII!!56 22 28 8 58 24 56 5 23 53 36 60 55 5 60 23 9 6 58 30 59 59 24 35 1 61 1 
30 22 6 61 
AQUIIII!!22 1 9 6 23 56 35 25 5 60 28 10 8 24 59 61 
AQUIIII!!61 28 59 6 23 60 56 35 10 22 5 1 24 25 8 9 
AQUIIII!!4 55 53 32 17 58 22 41 18 51 16 30 21 36 20 19 
AQUIIII!!58 36 20 21 22 51 59 32 41 30 19 55 60 61 1 53 
AQUIIII!!5 21 28 61 22 23 58 59 20 60 53 24 36 30 1 55 
AQUIIII!!61 58 6 59 23 60 28 36 22 55 1 30 8 24 56 5 
AQUIIII!!8 6 56 9 24 25 59 22 1 35 10 5 23 28 60 61 
AQUIIII!!AQUIIII!!61 53 55 1 1 5 8 30 36 24 AQUIIII!!28 55 60 56 1 6 58 32 56 60 51 59 20 58 30 30 36 24 61 22 23 36 55 22 53 6 58 23 5 60 28 
19 59 41 61 22 
21 59 
AQUIIII!!19 61 60 59 41 55 30 22 53 20 58 32 51 21 18 36 
AQUIIII!!1 23 36 55 22 30 AQUIIII!!24 9 60 23 20 28 56 58 6 21 35 53 8 59 24 5 28 61 59 
22 5 58 1 60 30 61 
AQUIIII!!61 60 8 6 59 22 30 35 56 9 24 28 5 1 58 23 
AQUIIII!!61 6 8 23 1 36 56 30 28 60 22 55 59 24 58 5 
AQUIIII!!4 55 16 18 51 32 20 53 41 21 19 17 58 30 36 22 
AQUIIII!!54 4 35 0 15 18 20 36 16 32 41 AQUIIII!!17 19 51 52 61 19 55 30 32 
59 20 22 41 36 1 60 53 58 30 51 21 
AQUIIII!!61 53 59 60 55 30 1 5 58 24 6 36 21 23 28 22 
AQUIIII!!61 32 30 20 36 60 53 18 55 21 58 51 19 41 59 22 
AQUIIII!!18 36 58 32 30 59 41 22 51 21 60 55 20 53 61 19 
AQUIIII!!61 22 20 19 18 41 21 59 36 60 58 30 32 53 51 55 
AQUIIII!!61 28 53 23 58 30 6 36 60 21 24 55 59 1 5 22 
AQUIIII!!24 60 6 1 22 36 30 59 5 28 55 53 58 23 21 61 
AQUIIII!!55 53 59 17 32 51 16 19 18 30 20 41 21 58 36 22 
AQUIIII!!61 28 30 5 23 9 35 59 6 22 8 56 24 1 58 60 
AQUIIII!!61 AQUIIII!!60 56 6 5 30 25 58 23 28 24 23 9 61 59 56 1 24 8 59 22 22 35 28 5 6 36 10 60 
55 1 53 
AQUIIII!!6 30 58 28 23 61 56 24 59 22 5 36 60 55 1 53 
AQUIIII!!58 36 20 21 22 51 59 32 41 30 19 55 AQUIIII!!60 61 60 1 53 53 28 
56 23 59 6 24 58 22 55 5 30 1 36 61 
AQUIIII!!61 20 53 32 51 58 36 1 21 59 55 30 60 22 41 19 
AQUIIII!!60 56 22 59 53 55 5 1 28 36 30 58 24 6 23 61 
AQUIIII!!23 58 28 AQUIIII!!5 20 6 1 61 21 22 58 59 51 30 32 21 36 60 55 24 19 36 30 22 1 53 55 60 53 59 
41 61 
AQUIIII!!8 6 56 5 30 9 24 23 22 59 35 1 28 60 58 61 
AQUIIII!!28 58 22 60 30 36 24 1 55 5 23 59 21 61 20 53 
AQUIIII!!53 61 60 19 20 1 22 51 58 36 32 59 41 30 21 55 
Number of Cuts in the second phase:4310
Number of repeat: 3728 
Violation: 300.000000
Violation: 363.000000
Violation: 306.000000
Violation: 459.000000
Violation: 270.000000
Violation: 550.000000
Violation: 452.000000
Violation: 271.000000
Violation: 534.000000
Violation: 271.000000
Violation: 244.000000
Violation: 933.000000
Violation: 605.000000
Violation: 122.000000
Violation: 1174.000000
Violation: 200.000000
Violation: 17.000000
Violation: 418.000000
Violation: 363.000000
Violation: 550.000000
Violation: 1100.000000
Violation: 567.000000
Violation: 193.000000
Violation: 600.000000
Violation: 304.000000
Violation: 905.000000
Violation: 848.000000
Violation: 485.000000
Violation: 542.000000
Violation: 100.000000
Violation: 378.000000
Violation: 84.000000
Violation: 900.000000
Violation: 326.000000
Violation: 634.000000
Violation: 418.000000
Violation: 815.000000
Violation: 250.000000
Violation: 271.000000
Violation: 255.000000
Violation: 550.000000
Violation: 100.000000
Violation: 550.000000
Violation: 250.000000
Violation: 805.000000
Violation: 162.000000
Violation: 1284.000000
Violation: 525.000000
Violation: 517.000000
Violation: 100.000000
Violation: 271.000000
Violation: 200.000000
Violation: 633.000000
Violation: 734.000000
Violation: 200.000000
Violation: 506.000000
Violation: 544.000000
Violation: 905.000000
Violation: 439.000000
Violation: 250.000000
Violation: 452.000000
Violation: 750.000000
Violation: 500.000000
Violation: 334.000000
Violation: 263.000000
Violation: 785.000000
Violation: 19.000000
Violation: 100.000000
Violation: 100.000000
Violation: 133.000000
Violation: 71.000000
Violation: 63.000000
Violation: 461.000000
Violation: 1271.000000
Violation: 309.000000
Violation: 1133.000000
Violation: 813.000000
Violation: 700.000000
Violation: 883.000000
Violation: 455.000000
Violation: 1119.000000
Violation: 505.000000
Violation: 400.000000
Violation: 905.000000
Violation: 717.000000
Violation: 1055.000000
Violation: 100.000000
Violation: 550.000000
Violation: 928.000000
Violation: 452.000000
Violation: 1400.000000
Violation: 89.000000
Violation: 363.000000
Violation: 363.000000
Violation: 650.000000
Violation: 234.000000
Violation: 300.000000
Violation: 100.000000
Violation: 200.000000
Violation: 100.000000
Violation: 650.000000
Violation: 285.000000
Violation: 356.000000
Violation: 350.000000
Violation: 98.000000
Violation: 941.000000
Violation: 150.000000
Violation: 400.000000
Violation: 300.000000
Violation: 905.000000
Violation: 426.000000
Violation: 1086.000000
Violation: 511.000000
Violation: 850.000000
Violation: 309.000000
Violation: 92.000000
Violation: 355.000000
Violation: 483.000000
Violation: 783.000000
Violation: 559.000000
Violation: 200.000000
Violation: 734.000000
Violation: 463.000000
Violation: 1005.000000
Violation: 585.000000
Violation: 350.000000
Violation: 150.000000
Violation: 634.000000
Violation: 92.000000
Violation: 550.000000
Violation: 814.000000
Violation: 612.000000
Violation: 451.000000
Violation: 909.000000
Violation: 700.000000
Violation: 700.000000
Violation: 99.000000
Violation: 170.000000
Violation: 233.000000
Violation: 834.000000
Violation: 213.000000
Violation: 663.000000
Violation: 372.000000
Violation: 400.000000
Violation: 100.000000
Violation: 863.000000
Violation: 505.000000
Violation: 457.000000
Violation: 921.000000
Violation: 634.000000
Violation: 639.000000
Violation: 363.000000
Violation: 84.000000
Violation: 321.000000
Violation: 723.000000
Violation: 584.000000
Violation: 500.000000
Violation: 413.000000
Violation: 550.000000
Violation: 850.000000
Violation: 812.000000
Violation: 633.000000
Violation: 918.000000
Violation: 449.000000
Violation: 350.000000
Violation: 984.000000
Violation: 657.000000
Violation: 300.000000
Violation: 378.000000
Violation: 1003.000000
Violation: 1000.000000
Violation: 826.000000
Violation: 863.000000
Violation: 114.000000
Violation: 612.000000
Violation: 719.000000
Violation: 211.000000
Violation: 78.000000
Violation: 908.000000
Violation: 363.000000
Violation: 1063.000000
Violation: 183.000000
Violation: 300.000000
Violation: 84.000000
Violation: 28.000000
Violation: 784.000000
Violation: 211.000000
Violation: 200.000000
Violation: 666.000000
Violation: 714.000000
Violation: 834.000000
Violation: 726.000000
Violation: 254.000000
Violation: 200.000000
Violation: 400.000000
Violation: 371.000000
Violation: 749.000000
Violation: 984.000000
Violation: 484.000000
Violation: 148.000000
Violation: 723.000000
Violation: 133.000000
Violation: 86.000000
Violation: 305.000000
Violation: 650.000000
Violation: 541.000000
Violation: 805.000000
Violation: 271.000000
Violation: 1119.000000
Violation: 500.000000
Violation: 21.000000
Violation: 200.000000
Violation: 371.000000
Violation: 452.000000
Violation: 963.000000
Violation: 269.000000
Violation: 271.000000
Violation: 584.000000
Violation: 371.000000
Violation: 813.000000
Violation: 265.000000
Violation: 283.000000
Violation: 305.000000
Violation: 848.000000
Violation: 178.000000
Violation: 634.000000
Violation: 612.000000
Violation: 7.000000
Violation: 113.000000
Violation: 271.000000
Violation: 542.000000
Violation: 550.000000
Violation: 249.000000
Violation: 733.000000
Violation: 1205.000000
Violation: 756.000000
Violation: 200.000000
Violation: 550.000000
Violation: 734.000000
Violation: 400.000000
Violation: 530.000000
Violation: 463.000000
Violation: 1363.000000
Violation: 144.000000
Violation: 378.000000
Violation: 812.000000
Violation: 336.000000
Violation: 884.000000
Violation: 884.000000
Violation: 1308.000000
Violation: 473.000000
Violation: 792.000000
Violation: 100.000000
Violation: 400.000000
Violation: 405.000000
Violation: 203.000000
Violation: 378.000000
Violation: 199.000000
Violation: 796.000000
Violation: 741.000000
Violation: 299.000000
Violation: 44.000000
Violation: 1175.000000
Violation: 719.000000
Violation: 250.000000
Violation: 400.000000
Violation: 909.000000
Violation: 214.000000
Violation: 140.000000
Violation: 128.000000
Violation: 20.000000
Violation: 84.000000
Violation: 500.000000
Violation: 100.000000
Violation: 500.000000
Violation: 107.000000
Violation: 250.000000
Violation: 605.000000
Violation: 21.000000
Violation: 527.000000
Violation: 734.000000
Violation: 437.000000
Violation: 400.000000
Violation: 70.000000
Violation: 684.000000
Violation: 494.000000
Violation: 1430.000000
Violation: 99.000000
Violation: 300.000000
Violation: 521.000000
Violation: 250.000000
Violation: 263.000000
Violation: 34.000000
Violation: 451.000000
Violation: 533.000000
Violation: 886.000000
Violation: 371.000000
Violation: 719.000000
Violation: 371.000000
Violation: 271.000000
Violation: 683.000000
Violation: 699.000000
Violation: 904.000000
Violation: 650.000000
Violation: 1005.000000
Violation: 863.000000
Violation: 10.000000
Violation: 333.000000
Violation: 450.000000
Violation: 723.000000
Violation: 633.000000
Violation: 336.000000
Violation: 100.000000
Violation: 350.000000
Violation: 613.000000
Violation: 691.000000
Violation: 505.000000
Violation: 871.000000
Violation: 600.000000
Violation: 626.000000
Violation: 1100.000000
Violation: 94.000000
Violation: 359.000000
Violation: 363.000000
Violation: 785.000000
Violation: 505.000000
Violation: 111.000000
Violation: 463.000000
Violation: 733.000000
Violation: 383.000000
Violation: 1901.000000
Violation: 948.000000
Violation: 1605.000000
Violation: 734.000000
Violation: 1066.000000
Violation: 283.000000
Violation: 903.000000
Violation: 71.000000
Violation: 734.000000
Violation: 1203.000000
Violation: 271.000000
Violation: 533.000000
Violation: 684.000000
Violation: 430.000000
Violation: 50.000000
Violation: 405.000000
Violation: 9.000000
Violation: 133.000000
Violation: 484.000000
Violation: 249.000000
Violation: 71.000000
Violation: 363.000000
Violation: 1234.000000
Violation: 378.000000
Violation: 89.000000
Violation: 1354.000000
Violation: 600.000000
Violation: 771.000000
Violation: 119.000000
Violation: 884.000000
Violation: 678.000000
Violation: 741.000000
Violation: 559.000000
Violation: 100.000000
Violation: 304.000000
Violation: 200.000000
Violation: 400.000000
Violation: 300.000000
Violation: 250.000000
Violation: 60.000000
Violation: 463.000000
Violation: 713.000000
Violation: 463.000000
Violation: 996.000000
Violation: 705.000000
Violation: 30.000000
Violation: 133.000000
Violation: 637.000000
Violation: 1538.000000
Violation: 1134.000000
Violation: 4.000000
Violation: 583.000000
Violation: 685.000000
Violation: 634.000000
Violation: 102.000000
Violation: 207.000000
Violation: 571.000000
Violation: 970.000000
Violation: 159.000000
Violation: 407.000000
Violation: 669.000000
Violation: 200.000000
Violation: 834.000000
Violation: 21.000000
Violation: 219.000000
Violation: 300.000000
Violation: 354.000000
Violation: 500.000000
Violation: 750.000000
Violation: 325.000000
Violation: 500.000000
Violation: 384.000000
Violation: 71.000000
Violation: 262.000000
Violation: 463.000000
Violation: 50.000000
Violation: 821.000000
Violation: 407.000000
Violation: 44.000000
Violation: 559.000000
Violation: 85.000000
Violation: 21.000000
Violation: 459.000000
Violation: 1548.000000
Violation: 613.000000
Violation: 259.000000
Violation: 984.000000
Violation: 1000.000000
Violation: 1005.000000
Violation: 371.000000
Violation: 1034.000000
Violation: 521.000000
Violation: 634.000000
Violation: 605.000000
Violation: 250.000000
Violation: 809.000000
Violation: 371.000000
Violation: 785.000000
Violation: 950.000000
Violation: 500.000000
Violation: 178.000000
Violation: 195.000000
Violation: 633.000000
Violation: 7.000000
Violation: 400.000000
Violation: 655.000000
Violation: 1405.000000
Violation: 1205.000000
Violation: 344.000000
Violation: 270.000000
Violation: 820.000000
Violation: 362.000000
Violation: 450.000000
Violation: 233.000000
Violation: 291.000000
Violation: 600.000000
Violation: 34.000000
Violation: 200.000000
Violation: 512.000000
Violation: 1178.000000
Violation: 599.000000
Violation: 34.000000
Violation: 306.000000
Violation: 500.000000
Violation: 200.000000
Violation: 716.000000
Violation: 336.000000
Violation: 941.000000
Violation: 327.000000
Violation: 94.000000
Violation: 19.000000
Violation: 270.000000
Violation: 530.000000
Violation: 450.000000
Violation: 321.000000
Violation: 113.000000
Violation: 313.000000
Violation: 113.000000
Violation: 711.000000
Violation: 113.000000
Violation: 109.000000
Violation: 1233.000000
Violation: 774.000000
Violation: 213.000000
Violation: 883.000000
Violation: 505.000000
Violation: 884.000000
Violation: 778.000000
Violation: 650.000000
Violation: 1113.000000
Violation: 771.000000
Violation: 113.000000
Violation: 705.000000
Violation: 50.000000
Violation: 421.000000
Violation: 199.000000
Violation: 657.000000
Violation: 909.000000
Violation: 500.000000
Violation: 642.000000
Violation: 971.000000
Violation: 722.000000
Violation: 371.000000
Violation: 750.000000
Violation: 533.000000
Violation: 250.000000
Violation: 113.000000
Violation: 1359.000000
Violation: 848.000000
Violation: 426.000000
Violation: 969.000000
Violation: 513.000000
Violation: 997.000000
Violation: 262.000000
Violation: 541.000000
Violation: 634.000000
Violation: 372.000000
Violation: 184.000000
Violation: 159.000000
Violation: 9.000000
Violation: 891.000000
Violation: 634.000000
Violation: 337.000000
Violation: 1000.000000
Violation: 231.000000
Violation: 300.000000
Violation: 792.000000
Violation: 634.000000
Violation: 719.000000
Violation: 83.000000
Violation: 733.000000
Violation: 1805.000000
Violation: 142.000000
Violation: 521.000000
Violation: 171.000000
Violation: 21.000000
Violation: 270.000000
Violation: 83.000000
Violation: 436.000000
Violation: 1067.000000
Violation: 250.000000
Violation: 175.000000
Violation: 1105.000000
Violation: 263.000000
Violation: 8.000000
Violation: 141.000000
Violation: 263.000000
Violation: 500.000000
Violation: 205.000000
Violation: 146.000000
Violation: 1034.000000
Violation: 483.000000
Violation: 689.000000
Violation: 133.000000
Violation: 34.000000
Violation: 850.000000
Violation: 200.000000
Violation: 558.000000
Violation: 263.000000
Violation: 350.000000
Violation: 1105.000000
Violation: 1071.000000
Violation: 1105.000000
Violation: 400.000000
Violation: 607.000000
Violation: 541.000000
Violation: 360.000000
Violation: 663.000000
Violation: 205.000000
Violation: 49.000000
Violation: 861.000000
Violation: 384.000000
Violation: 905.000000
Violation: 100.000000
Violation: 1148.000000
Violation: 85.000000
Violation: 750.000000
Violation: 207.000000
Violation: 34.000000
Violation: 419.000000
Violation: 334.000000
Violation: 321.000000
Violation: 717.000000
Violation: 711.000000
Violation: 20.000000
Violation: 552.000000
Violation: 250.000000
Violation: 600.000000
Violation: 558.000000
Violation: 333.000000
Violation: 494.000000
Violation: 405.000000
408 16
AQUIIII!!55 58 53 18 17 41 36 60 20 51 19 30 22 32 59 21 
AQUIIII!!60 6 36 23 53 5 58 28 22 24 61 30 56 59 55 1 
AQUIIII!!61 28 59 23 58 22 5 6 55 36 21 30 60 1 24 53 
AQUIIII!!22 36 5 21 60 55 28 6 24 58 59 61 30 23 53 1 
AQUIIII!!32 22 1 30 20 60 41 55 53 59 19 21 58 51 36 61 
AQUIIII!!36 23 24 56 60 22 5 59 30 58 28 6 53 1 61 55 
AQUIIII!!30 58 60 32 21 1 41 19 36 20 59 22 51 53 55 61 
AQUIIII!!61 58 59 60 22 30 28 20 21 5 24 1 53 36 55 23 
AQUIIII!!32 58 59 55 22 19 36 53 18 60 21 30 41 20 51 61 
AQUIIII!!35 60 5 9 59 28 22 56 8 58 6 23 24 30 1 61 
AQUIIII!!61 35 23 1 25 56 22 5 24 9 10 6 8 60 28 59 
Number of Cuts in the second phase:196
Number of repeat: 169 
Violation: 513.000000
Violation: 784.000000
Violation: 1159.000000
Violation: 812.000000
Violation: 422.000000
Violation: 484.000000
Violation: 83.000000
Violation: 270.000000
Violation: 378.000000
Violation: 363.000000
Violation: 285.000000
Violation: 578.000000
Violation: 400.000000
Violation: 1134.000000
Violation: 960.000000
Violation: 815.000000
Violation: 284.000000
Violation: 1219.000000
Violation: 400.000000
Violation: 534.000000
Violation: 21.000000
Violation: 485.000000
Violation: 683.000000
Violation: 919.000000
Violation: 700.000000
Violation: 650.000000
Violation: 162.000000
took 4.072656
Optimize a model with 984 rows, 906 columns and 12718 nonzeros
Coefficient statistics:
  Matrix range     [1e+00, 4e+01]
  Objective range  [0e+00, 0e+00]
  Bounds range     [1e+00, 4e+01]
  RHS range        [1e+00, 1e+02]
Presolve removed 655 rows and 109 columns
Presolve time: 0.00s
Presolved: 329 rows, 797 columns, 8901 nonzeros

Iteration    Objective       Primal Inf.    Dual Inf.      Time
       0    0.0000000e+00   4.476255e+01   0.000000e+00      0s
     116    0.0000000e+00   0.000000e+00   0.000000e+00      0s

Solved in 116 iterations and 0.01 seconds
Optimal objective  0.000000000e+00
