j3017_4.mm_s0.txt
Academic license - for non-commercial use only
Read LP format model from file lp/j3017_4.mm.lp
Reading time = 0.01 seconds
: 351 rows, 906 columns, 9053 nonzeros
OKGPU
nThreads: 1024 , nBlocks: 12 
Number cuts generated in the phase 1: 13
Number of repeat: 0 
violation 714.000000
violation 695.000000
violation 185.000000
violation 585.000000
violation 236.000000
violation 674.000000
violation 674.000000
violation 782.000000
violation 423.000000
violation 27.000000
violation 198.000000
violation 402.000000
violation 750.000000
4992 16
AQUIIII!!54 18 AQUIIII!!51 54 6 48 16 23 17 10 48 43 3 9 5 19 17 31 7 23 49 34 16 AQUIIII!!7 36 54 8 6 20 3 49 36 26 36 51 51 6 

8 33 49 23 34 50 48 19 7 3 18 
AQUIIII!!54 3 AQUIIII!!26 54 AQUIIII!!10 6 36 54 7 9 7 36 49 7 26 48 43 10 43 23 43 9 10 49 16 17 51 49 9 6 48 36 17 51 16 8 5 51 16 23 26 23 17 
5 3 3 
48 6 
AQUIIII!!54 51 9 16 2 5 10 49 48 4 37 33 17 1 23 26 
AQUIIII!!53 7 52 18 57 20 19 50 36 44 6 11 8 34 22 58 
AQUIIII!!9 54 48 49 23 51 36 3 10 43 17 26 8 6 7 16 
AQUIIII!!52 44 54 51 8 53 23 20 6 50 3 18 36 7 34 19 
AQUIIII!!19 0 53 11 36 20 44 38 18 8 58 AQUIIII!!AQUIIII!!34 10 AQUIIII!!8 50 26 8 20 57 18 31 50 7 57 6 33 52 6 51 49 
36 23 3 AQUIIII!!36 49 7 17 50 16 51 20 53 7 18 36 44 23 36 51 20 17 52 19 6 AQUIIII!!48 23 52 49 10 18 34 34 8 17 3 6 33 7 49 54 19 7 3 51 54 8 54 34 3 


3 16 48 23 19 6 18 31 23 48 54 36 
26 7 8 18 54 
AQUIIII!!AQUIIII!!54 50 8 23 3 18 49 23 20 34 34 51 19 48 18 51 19 33 36 20 7 AQUIIII!!36 6 54 6 3 20 8 33 49 
51 17 33 49 7 7 50 AQUIIII!!3 54 54 8 48 17 23 23 
34 49 18 7 6 8 19 3 48 6 36 48 
AQUIIII!!26 16 17 51 49 36 18 6 10 7 31 36 
19 3 18 16 51 31 48 AQUIIII!!34 4 23 10 54 49 8 17 
9 5 26 33 23 48 16 2 51 37 1 54 
AQUIIII!!54 33 36 51 8 6 7 23 3 52 50 49 19 20 34 18 
AQUIIII!!8 53 54 3 6 AQUIIII!!18 48 50 54 7 6 20 10 AQUIIII!!57 7 44 54 51 52 51 49 20 23 23 19 3 16 34 7 43 52 36 17 
50 5 36 9 34 3 AQUIIII!!44 26 59 8 36 21 19 
56 53 33 6 37 18 55 23 34 
15 13 1 11 14 38 0 12 47 
AQUIIII!!54 51 36 10 4 17 16 9 3 23 6 48 AQUIIII!!49 54 5 8 26 17 43 10 
23 3 26 7 49 18 6 51 16 48 36 31 
AQUIIII!!21 59 13 58 15 47 0 33 12 38 55 34 14 11 56 37 
AQUIIII!!54 48 7 49 9 36 10 17 AQUIIII!!43 54 6 23 51 26 36 16 10 51 4 5 17 3 
16 9 3 23 6 48 49 5 26 43 
AQUIIII!!51 54 9 48 2 33 1 5 10 37 23 4 17 26 49 16 
AQUIIII!!18 11 AQUIIII!!7 3 44 6 22 52 34 57 36 7 19 20 6 44 50 8 57 50 58 34 8 18 20 36 53 19 52 23 
53 54 
AQUIIII!!37 47 11 14 15 34 55 0 AQUIIII!!12 16 33 AQUIIII!!3 56 38 4 38 34 26 1 58 51 13 59 17 21 13 33 59 21 10 
37 49 14 23 33 5 9 12 56 2 11 43 55 54 48 15 
47 0 
AQUIIII!!6 8 33 34 48 19 17 7 36 3 49 18 51 20 23 54 
AQUIIII!!54 36 18 3 19 23 AQUIIII!!20 54 8 8 7 6 36 16 34 19 51 7 49 23 52 34 50 18 33 3 
51 48 6 31 49 17 
AQUIIII!!53 54 50 19 8 3 18 20 36 52 7 23 6 34 57 44 
AQUIIII!!23 51 16 33 4 9 5 17 3 10 49 43 2 26 48 54 
AQUIIII!!7 16 49 26 10 6 43 36 9 48 17 23 8 AQUIIII!!51 6 3 49 54 7 
51 50 18 33 34 52 20 23 8 3 19 36 54 
AQUIIII!!48 36 AQUIIII!!7 48 23 43 49 4 17 17 3 5 16 10 26 49 10 6 8 36 31 3 51 26 18 23 6 9 54 16 
54 51 
AQUIIII!!54 16 23 48 2 49 5 4 51 9 17 33 37 10 26 1 
AQUIIII!!8 53 52 18 50 20 33 57 58 11 0 12 36 34 19 38 
AQUIIII!!6 43 3 36 23 26 16 51 10 17 9 48 7 8 49 54 
AQUIIII!!2 49 3 17 9 48 23 5 10 16 4 43 51 26 33 54 
AQUIIII!!31 49 36 19 54 17 34 6 7 16 18 8 23 51 3 48 
AQUIIII!!17 23 51 31 8 16 48 18 36 19 7 6 34 3 AQUIIII!!54 6 49 36 
33 3 8 AQUIIII!!52 52 23 20 18 51 50 49 51 7 34 50 49 3 20 23 7 34 19 33 54 6 
8 18 36 19 54 
AQUIIII!!17 23 51 31 8 16 48 18 36 19 7 AQUIIII!!6 6 34 50 3 36 54 49 8 34 
7 57 44 52 18 53 23 19 20 3 54 AQUIIII!!
54 8 19 36 6 34 7 48 51 33 23 AQUIIII!!20 54 17 49 49 17 18 7 3 3 
48 16 51 10 18 8 26 23 6 31 36 
AQUIIII!!54 10 6 AQUIIII!!49 53 26 8 3 0 9 18 43 11 17 44 4 50 51 34 16 38 5 52 36 36 23 57 48 19 
20 7 58 
AQUIIII!!53 20 58 19 0 44 7 18 8 57 36 52 38 11 34 50 
AQUIIII!!57 36 18 34 19 50 8 6 23 44 20 54 7 3 52 53 
AQUIIII!!57 36 18 34 19 50 8 6 23 44 20 54 7 3 52 53 
AQUIIII!!36 49 16 23 17 31 10 7 6 51 26 48 8 18 3 54 
AQUIIII!!48 17 34 51 20 49 7 18 36 23 6 19 33 3 8 54 
AQUIIII!!54 6 18 19 16 34 51 17 23 8 7 3 48 36 49 31 
AQUIIII!!53 23 7 18 3 50 19 34 57 20 6 44 36 8 54 52 
AQUIIII!!53 23 7 18 3 AQUIIII!!50 54 19 53 34 51 57 8 20 6 44 44 23 36 3 8 7 54 6 52 20 
50 19 18 36 52 34 AQUIIII!!
26 17 5 36 3 4 10 16 9 6 43 51 48 49 23 54 
AQUIIII!!54 10 49 51 16 31 18 26 8 17 3 7 6 23 48 36 
AQUIIII!!53 8 20 58 7 18 23 6 34 44 52 57 36 3 50 AQUIIII!!AQUIIII!!19 54 48 
51 8 9 49 37 7 16 18 48 54 33 3 2 26 4 51 17 36 49 23 5 6 23 17 26 10 1 16 10 31 

AQUIIII!!8 23 19 6 52 44 36 50 20 18 3 51 34 7 54 53 
AQUIIII!!8 23 19 6 52 44 36 50 20 18 3 51 34 7 AQUIIII!!54 49 53 48 
23 16 9 6 51 3 5 43 10 36 4 17 26 54 
AQUIIII!!AQUIIII!!50 23 18 6 7 51 17 3 33 6 18 20 36 34 33 54 20 19 23 36 52 8 51 8 49 49 48 19 3 
7 34 54 
AQUIIII!!54 31 16 17 10 18 49 8 36 51 48 7 26 23 6 AQUIIII!!3 23 
6 7 17 33 18 20 34 54 19 36 8 51 49 48 3 
AQUIIII!!18 7 52 34 36 19 3 8 50 57 20 44 23 6 54 53 
AQUIIII!!54 48 7 49 9 36 10 17 AQUIIII!!43 52 6 23 20 26 58 16 0 51 34 5 7 3 
19 50 44 38 18 8 11 36 57 53 
AQUIIII!!54 48 7 49 9 36 10 17 43 6 23 26 16 51 5 3 
AQUIIII!!7 52 53 6 54 44 8 34 50 20 3 36 18 23 19 57 
AQUIIII!!18 11 0 36 44 20 AQUIIII!!19 10 26 38 43 50 4 34 5 58 33 7 2 16 57 23 8 48 52 49 17 53 3 
9 51 54 
AQUIIII!!18 11 0 36 44 20 AQUIIII!!19 18 38 8 50 23 34 6 58 16 7 7 57 54 8 17 52 34 53 36 AQUIIII!!
31 10 19 26 43 51 4 3 5 49 33 48 2 16 
23 48 49 17 3 9 51 54 
AQUIIII!!23 20 8 6 7 52 34 49 36 51 19 33 3 18 50 54 
AQUIIII!!54 18 48 49 19 AQUIIII!!8 23 51 26 7 36 3 5 34 10 6 49 36 7 23 43 17 17 33 3 20 51 
9 6 48 16 54 
AQUIIII!!54 3 20 53 50 19 34 36 51 8 7 18 23 44 6 52 
AQUIIII!!8 53 20 6 18 23 36 34 57 3 50 7 44 54 52 19 
AQUIIII!!49 48 54 8 23 31 6 3 19 16 51 34 17 7 18 36 
AQUIIII!!51 49 2 4 33 16 26 17 10 23 37 48 5 9 1 54 
AQUIIII!!14 15 55 58 47 38 56 34 13 33 37 11 12 0 21 AQUIIII!!59 48 
3 6 18 51 20 33 34 36 19 AQUIIII!!8 AQUIIII!!7 49 54 8 17 33 AQUIIII!!23 19 3 53 7 48 57 54 11 19 34 
18 34 53 18 22 23 36 8 36 0 20 50 18 49 19 8 50 6 51 11 6 20 38 7 34 50 44 57 
20 58 58 36 52 44 
52 7 
AQUIIII!!26 48 36 17 18 AQUIIII!!16 31 51 10 10 23 8 51 49 17 23 49 3 18 7 8 31 7 6 36 54 3 
6 16 48 26 54 
AQUIIII!!26 48 36 17 18 16 51 10 8 49 23 3 7 31 6 54 
AQUIIII!!54 3 23 AQUIIII!!3 7 49 34 48 6 AQUIIII!!26 18 54 10 51 43 19 33 16 36 9 50 44 36 8 8 51 49 57 23 36 50 7 19 17 20 6 48 7 54 20 3 8 
23 
52 34 6 53 18 
AQUIIII!!16 18 49 17 6 7 36 23 31 26 8 10 54 48 3 51 
AQUIIII!!53 34 19 11 44 20 18 38 50 57 36 58 0 52 7 8 
AQUIIII!!50 52 36 20 8 7 6 44 18 23 19 53 57 3 34 54 
AQUIIII!!50 18 36 7 19 57 23 20 53 6 52 3 34 44 8 54 
AQUIIII!!54 49 23 9 37 1 2 33 48 10 17 4 26 51 5 16 
AQUIIII!!54 17 48 31 7 16 18 3 36 23 8 6 19 49 51 34 
AQUIIII!!54 7 18 49 34 3 6 48 51 19 36 23 17 8 16 31 
AQUIIII!!7 53 52 22 18 20 19 58 57 6 44 34 8 11 50 36 
AQUIIII!!8 53 52 18 50 AQUIIII!!20 33 3 57 51 58 8 11 6 0 12 50 36 19 34 34 19 7 38 
20 52 36 49 33 18 23 54 
AQUIIII!!7 3 53 36 57 44 18 23 34 52 6 50 19 8 20 54 
AQUIIII!!6 48 51 54 49 5 43 7 16 9 23 17 10 36 26 3 
AQUIIII!!6 48 51 5 4 49 17 36 9 3 10 16 23 26 43 54 
AQUIIII!!6 50 19 34 44 53 8 3 52 18 36 7 20 23 51 54 
AQUIIII!!54 48 18 7 3 36 8 49 19 20 50 33 6 51 34 23 
AQUIIII!!54 20 36 44 18 57 7 50 8 19 3 6 53 23 52 34 
AQUIIII!!49 54 18 26 16 3 10 51 48 17 23 8 7 31 36 6 
AQUIIII!!36 43 26 10 6 3 5 23 17 4 16 9 49 48 54 51 
AQUIIII!!54 26 49 4 51 23 5 6 10 17 16 3 48 43 9 36 
AQUIIII!!52 54 20 19 18 7 50 6 34 33 36 8 3 51 23 49 
AQUIIII!!34 50 44 19 7 20 57 18 36 AQUIIII!!6 53 23 7 8 18 53 3 36 52 19 54 57 
8 23 54 34 3 44 52 20 50 6 
AQUIIII!!23 58 18 34 44 20 57 3 36 19 50 52 6 8 7 53 
AQUIIII!!54 53 51 8 44 23 3 7 6 20 50 19 18 36 52 34 
AQUIIII!!48 36 9 49 26 43 3 23 16 17 7 10 6 54 51 8 
AQUIIII!!34 50 44 19 7 20 57 18 36 6 23 8 53 3 52 54 
AQUIIII!!7 20 6 23 3 34 19 52 44 8 36 57 18 50 54 53 
AQUIIII!!7 52 53 6 54 44 8 34 50 20 3 36 18 23 19 57 
AQUIIII!!49 51 54 6 7 36 19 18 34 23 8 50 33 3 48 20 
AQUIIII!!9 54 48 49 23 51 36 3 10 43 17 26 8 6 7 16 
AQUIIII!!59 21 55 1 4 38 34 33 2 12 15 37 47 56 14 13 
AQUIIII!!54 48 43 51 49 3 26 23 36 16 5 10 9 7 17 6 
AQUIIII!!54 9 23 26 48 16 51 49 3 6 17 4 10 5 43 36 
AQUIIII!!54 49 8 9 3 51 36 16 48 10 17 43 26 7 6 23 
AQUIIII!!AQUIIII!!33 23 16 7 10 49 5 20 23 3 43 51 2 48 26 50 9 33 4 19 AQUIIII!!48 8 54 51 36 37 17 6 23 49 18 51 34 48 3 54 26 54 
16 
33 10 4 17 49 2 9 5 1 
AQUIIII!!16 10 48 17 49 23 36 31 26 51 8 3 18 7 6 54 
AQUIIII!!54 48 18 7 3 36 8 49 19 20 50 33 6 51 34 23 
AQUIIII!!7 51 53 44 8 50 6 54 3 34 52 20 23 18 19 36 
AQUIIII!!9 54 48 5 1 17 2 26 23 16 37 10 4 51 49 33 
AQUIIII!!5 36 6 3 AQUIIII!!48 44 10 20 16 6 26 7 17 53 4 23 43 50 9 52 49 19 23 36 54 8 51 3 
34 18 51 54 
AQUIIII!!7 51 26 31 16 36 23 6 17 49 3 48 10 18 8 54 
AQUIIII!!9 17 51 49 23 16 48 7 6 36 10 26 3 8 43 54 
AQUIIII!!8 52 44 AQUIIII!!18 54 22 6 11 3 19 8 36 19 7 18 50 49 20 50 58 48 34 51 6 36 53 23 57 7 
34 33 20 
AQUIIII!!48 51 43 4 10 36 16 49 3 26 5 23 6 17 9 54 
AQUIIII!!18 52 36 3 57 44 34 53 50 8 23 6 7 20 19 54 
AQUIIII!!9 51 17 26 36 3 49 8 48 16 10 23 43 6 54 7 
AQUIIII!!16 48 5 33 26 17 23 3 10 4 9 49 51 2 43 54 
AQUIIII!!16 51 33 23 48 2 17 4 37 5 9 26 49 10 1 54 
AQUIIII!!54 26 10 6 48 17 36 AQUIIII!!49 48 8 54 51 36 3 49 16 16 9 43 7 17 43 51 23 3 
9 7 10 23 5 26 6 
AQUIIII!!21 59 15 55 34 12 37 13 14 2 33 0 AQUIIII!!1 23 47 56 31 38 36 
51 16 26 10 17 3 18 48 7 49 8 6 AQUIIII!!54 
54 6 44 23 3 18 34 51 52 7 19 53 8 50 36 20 
AQUIIII!!8 53 52 18 50 20 33 57 58 11 0 12 36 34 19 AQUIIII!!38 54 
51 19 50 8 33 6 49 34 23 20 52 3 18 36 7 
AQUIIII!!20 34 36 19 49 3 51 7 48 8 23 18 50 33 6 54 
AQUIIII!!43 51 3 49 23 26 10 48 36 5 16 6 17 7 9 54 
AQUIIII!!43 51 3 49 23 26 10 48 36 5 16 6 17 7 9 54 
AQUIIII!!51 54 26 23 16 3 10 48 8 31 36 7 6 49 18 17 
AQUIIII!!47 0 14 12 37 11 33 56 34 55 AQUIIII!!15 6 1 20 38 34 13 18 21 53 59 23 
52 36 19 44 3 7 51 8 50 54 
AQUIIII!!5 43 51 10 6 3 16 4 9 36 49 17 48 23 26 54 
AQUIIII!!8 49 36 7 18 48 23 51 16 19 3 31 34 17 6 54 
AQUIIII!!5 3 36 9 AQUIIII!!26 16 8 17 49 36 51 48 7 43 18 48 7 23 6 51 10 49 16 23 19 54 3 
31 34 17 6 54 
AQUIIII!!8 52 3 20 6 AQUIIII!!54 54 49 36 36 48 19 51 50 51 8 3 18 34 23 7 16 49 23 33 7 
17 26 9 6 AQUIIII!!43 4 10 5 
16 49 48 51 26 17 2 43 10 23 3 9 33 AQUIIII!!54 48 
54 16 3 17 49 23 43 5 26 10 33 4 2 9 51 
AQUIIII!!54 26 7 16 3 49 17 23 36 6 9 43 51 10 48 8 
AQUIIII!!54 18 44 AQUIIII!!23 20 26 34 8 8 6 52 36 51 51 7 16 9 19 7 50 49 3 43 23 10 AQUIIII!!6 17 34 53 54 3 48 36 18 3 
23 
53 8 50 7 44 19 6 20 36 52 51 54 
AQUIIII!!8 18 6 17 51 19 49 7 33 23 20 3 36 34 48 54 
AQUIIII!!18 6 8 36 7 3 50 23 49 34 19 48 20 33 51 54 
AQUIIII!!54 51 9 37 16 48 33 2 4 17 49 5 23 26 1 10 
AQUIIII!!8 53 44 50 23 19 6 18 3 20 36 51 34 7 52 54 
AQUIIII!!48 17 33 2 26 23 9 49 3 AQUIIII!!10 23 51 16 51 43 43 5 4 36 5 54 16 6 
17 10 AQUIIII!!9 8 26 53 48 44 4 50 3 23 54 49 19 
6 18 3 20 36 51 34 7 52 54 
AQUIIII!!26 43 9 23 10 36 17 51 3 5 6 4 16 49 54 48 
AQUIIII!!48 3 49 33 36 34 19 8 51 23 20 54 50 18 6 7 
AQUIIII!!34 38 55 33 1 4 12 37 56 13 2 14 15 47 21 59 
AQUIIII!!16 7 8 36 51 17 49 31 19 6 48 34 18 3 23 54 
AQUIIII!!26 4 10 16 33 51 9 17 43 2 49 23 5 3 48 54 
AQUIIII!!43 36 4 23 16 48 5 26 51 49 9 17 10 3 6 54 
AQUIIII!!43 36 4 23 16 48 5 26 51 49 9 17 10 3 6 54 
Number of Cuts in the second phase:2534
Number of repeat: 2109 
Violation: 480.000000
Violation: 399.000000
Violation: 500.000000
Violation: 76.000000
Violation: 1282.000000
Violation: 780.000000
Violation: 573.000000
Violation: 269.000000
Violation: 103.000000
Violation: 92.000000
Violation: 293.000000
Violation: 293.000000
Violation: 278.000000
Violation: 390.000000
Violation: 608.000000
Violation: 220.000000
Violation: 570.000000
Violation: 1.000000
Violation: 570.000000
Violation: 293.000000
Violation: 500.000000
Violation: 196.000000
Violation: 585.000000
Violation: 92.000000
Violation: 93.000000
Violation: 428.000000
Violation: 141.000000
Violation: 1505.000000
Violation: 267.000000
Violation: 250.000000
Violation: 586.000000
Violation: 1176.000000
Violation: 491.000000
Violation: 826.000000
Violation: 305.000000
Violation: 567.000000
Violation: 1760.000000
Violation: 168.000000
Violation: 45.000000
Violation: 984.000000
Violation: 92.000000
Violation: 194.000000
Violation: 571.000000
Violation: 768.000000
Violation: 298.000000
Violation: 296.000000
Violation: 428.000000
Violation: 658.000000
Violation: 212.000000
Violation: 66.000000
Violation: 284.000000
Violation: 305.000000
Violation: 93.000000
Violation: 296.000000
Violation: 185.000000
Violation: 184.000000
Violation: 388.000000
Violation: 689.000000
Violation: 752.000000
Violation: 216.000000
Violation: 592.000000
Violation: 674.000000
Violation: 641.000000
Violation: 132.000000
Violation: 839.000000
Violation: 1064.000000
Violation: 606.000000
Violation: 989.000000
Violation: 698.000000
Violation: 145.000000
Violation: 561.000000
Violation: 1575.000000
Violation: 584.000000
Violation: 1176.000000
Violation: 1170.000000
Violation: 348.000000
Violation: 13.000000
Violation: 366.000000
Violation: 934.000000
Violation: 388.000000
Violation: 363.000000
Violation: 641.000000
Violation: 641.000000
Violation: 449.000000
Violation: 989.000000
Violation: 842.000000
Violation: 702.000000
Violation: 701.000000
Violation: 124.000000
Violation: 998.000000
Violation: 249.000000
Violation: 389.000000
Violation: 517.000000
Violation: 399.000000
Violation: 468.000000
Violation: 1213.000000
Violation: 124.000000
Violation: 304.000000
Violation: 275.000000
Violation: 686.000000
Violation: 412.000000
Violation: 103.000000
Violation: 293.000000
Violation: 1517.000000
Violation: 104.000000
Violation: 608.000000
Violation: 372.000000
Violation: 692.000000
Violation: 477.000000
Violation: 679.000000
Violation: 820.000000
Violation: 199.000000
Violation: 103.000000
Violation: 303.000000
Violation: 1663.000000
Violation: 505.000000
Violation: 312.000000
Violation: 678.000000
Violation: 348.000000
Violation: 1250.000000
Violation: 121.000000
Violation: 360.000000
Violation: 1011.000000
Violation: 104.000000
Violation: 5.000000
Violation: 250.000000
Violation: 1649.000000
Violation: 492.000000
Violation: 176.000000
Violation: 248.000000
Violation: 1370.000000
Violation: 1001.000000
Violation: 94.000000
Violation: 978.000000
Violation: 679.000000
Violation: 142.000000
Violation: 154.000000
Violation: 304.000000
Violation: 1373.000000
Violation: 667.000000
Violation: 370.000000
Violation: 673.000000
Violation: 543.000000
Violation: 358.000000
Violation: 296.000000
Violation: 733.000000
Violation: 94.000000
Violation: 158.000000
Violation: 674.000000
Violation: 680.000000
Violation: 65.000000
Violation: 315.000000
Violation: 1315.000000
Violation: 340.000000
Violation: 120.000000
Violation: 279.000000
Violation: 388.000000
Violation: 785.000000
Violation: 696.000000
Violation: 563.000000
Violation: 206.000000
Violation: 83.000000
Violation: 571.000000
Violation: 570.000000
Violation: 956.000000
Violation: 1268.000000
Violation: 296.000000
Violation: 268.000000
Violation: 778.000000
Violation: 196.000000
Violation: 674.000000
Violation: 823.000000
Violation: 638.000000
Violation: 348.000000
Violation: 355.000000
Violation: 669.000000
Violation: 329.000000
Violation: 234.000000
Violation: 1316.000000
Violation: 399.000000
Violation: 886.000000
Violation: 1000.000000
Violation: 573.000000
Violation: 952.000000
Violation: 449.000000
Violation: 154.000000
Violation: 437.000000
Violation: 696.000000
Violation: 212.000000
Violation: 958.000000
Violation: 54.000000
Violation: 142.000000
Violation: 1268.000000
Violation: 402.000000
Violation: 764.000000
Violation: 782.000000
Violation: 1076.000000
Violation: 146.000000
Violation: 384.000000
Violation: 248.000000
Violation: 1668.000000
Violation: 625.000000
Violation: 573.000000
Violation: 528.000000
Violation: 424.000000
Violation: 94.000000
Violation: 630.000000
Violation: 1269.000000
Violation: 195.000000
Violation: 97.000000
Violation: 575.000000
Violation: 563.000000
Violation: 1013.000000
Violation: 550.000000
Violation: 1505.000000
Violation: 248.000000
Violation: 1268.000000
Violation: 28.000000
Violation: 176.000000
Violation: 315.000000
Violation: 605.000000
Violation: 1370.000000
Violation: 934.000000
Violation: 88.000000
Violation: 409.000000
Violation: 532.000000
Violation: 543.000000
Violation: 934.000000
Violation: 193.000000
Violation: 827.000000
Violation: 405.000000
Violation: 419.000000
Violation: 733.000000
Violation: 201.000000
Violation: 752.000000
Violation: 200.000000
Violation: 22.000000
Violation: 315.000000
Violation: 219.000000
Violation: 459.000000
Violation: 548.000000
Violation: 899.000000
Violation: 210.000000
Violation: 674.000000
Violation: 225.000000
Violation: 778.000000
Violation: 440.000000
Violation: 1393.000000
Violation: 610.000000
Violation: 696.000000
Violation: 173.000000
Violation: 1022.000000
Violation: 543.000000
Violation: 132.000000
Violation: 586.000000
Violation: 348.000000
Violation: 1505.000000
Violation: 260.000000
Violation: 804.000000
Violation: 1820.000000
Violation: 1505.000000
Violation: 750.000000
Violation: 407.000000
Violation: 296.000000
Violation: 448.000000
Violation: 888.000000
Violation: 686.000000
Violation: 672.000000
Violation: 258.000000
Violation: 492.000000
Violation: 636.000000
Violation: 750.000000
Violation: 252.000000
Violation: 785.000000
Violation: 326.000000
Violation: 571.000000
Violation: 696.000000
Violation: 1472.000000
Violation: 788.000000
Violation: 470.000000
Violation: 863.000000
Violation: 297.000000
Violation: 541.000000
Violation: 143.000000
Violation: 213.000000
Violation: 185.000000
Violation: 900.000000
Violation: 1169.000000
Violation: 584.000000
Violation: 989.000000
Violation: 488.000000
Violation: 209.000000
Violation: 821.000000
Violation: 127.000000
Violation: 674.000000
Violation: 277.000000
Violation: 437.000000
Violation: 563.000000
Violation: 394.000000
Violation: 86.000000
Violation: 498.000000
Violation: 673.000000
Violation: 806.000000
Violation: 406.000000
Violation: 888.000000
Violation: 361.000000
Violation: 103.000000
Violation: 482.000000
Violation: 157.000000
Violation: 80.000000
Violation: 764.000000
Violation: 91.000000
Violation: 911.000000
Violation: 1097.000000
Violation: 594.000000
Violation: 1370.000000
Violation: 491.000000
Violation: 762.000000
Violation: 480.000000
Violation: 321.000000
Violation: 820.000000
Violation: 315.000000
Violation: 694.000000
Violation: 472.000000
Violation: 437.000000
Violation: 646.000000
Violation: 782.000000
Violation: 194.000000
Violation: 220.000000
Violation: 1146.000000
Violation: 177.000000
Violation: 1077.000000
Violation: 686.000000
Violation: 1078.000000
Violation: 638.000000
Violation: 390.000000
Violation: 1097.000000
Violation: 509.000000
Violation: 184.000000
Violation: 92.000000
Violation: 154.000000
Violation: 570.000000
Violation: 489.000000
Violation: 249.000000
Violation: 382.000000
Violation: 236.000000
Violation: 365.000000
Violation: 890.000000
Violation: 657.000000
Violation: 1076.000000
Violation: 832.000000
Violation: 1022.000000
Violation: 227.000000
Violation: 978.000000
Violation: 524.000000
Violation: 562.000000
Violation: 820.000000
Violation: 610.000000
Violation: 218.000000
Violation: 22.000000
Violation: 60.000000
Violation: 83.000000
Violation: 696.000000
Violation: 220.000000
Violation: 1282.000000
Violation: 653.000000
Violation: 571.000000
Violation: 1505.000000
Violation: 674.000000
Violation: 612.000000
Violation: 1466.000000
Violation: 138.000000
Violation: 684.000000
Violation: 64.000000
Violation: 198.000000
Violation: 372.000000
Violation: 1146.000000
Violation: 737.000000
Violation: 820.000000
Violation: 541.000000
Violation: 1252.000000
Violation: 695.000000
Violation: 384.000000
Violation: 221.000000
Violation: 495.000000
Violation: 124.000000
Violation: 594.000000
Violation: 271.000000
Violation: 320.000000
Violation: 303.000000
Violation: 774.000000
Violation: 642.000000
Violation: 573.000000
Violation: 846.000000
Violation: 668.000000
Violation: 839.000000
Violation: 503.000000
Violation: 349.000000
Violation: 1290.000000
Violation: 1284.000000
Violation: 798.000000
Violation: 278.000000
Violation: 80.000000
Violation: 860.000000
Violation: 480.000000
Violation: 121.000000
Violation: 675.000000
Violation: 1262.000000
Violation: 488.000000
Violation: 1480.000000
Violation: 298.000000
Violation: 774.000000
Violation: 1202.000000
Violation: 394.000000
Violation: 856.000000
Violation: 1649.000000
Violation: 1022.000000
Violation: 538.000000
Violation: 608.000000
Violation: 158.000000
Violation: 295.000000
Violation: 382.000000
Violation: 239.000000
Violation: 842.000000
Violation: 754.000000
took 2.598851
Optimize a model with 795 rows, 906 columns and 11482 nonzeros
Coefficient statistics:
  Matrix range     [1e+00, 4e+01]
  Objective range  [0e+00, 0e+00]
  Bounds range     [1e+00, 4e+01]
  RHS range        [1e+00, 1e+02]
Presolve removed 520 rows and 115 columns
Presolve time: 0.00s
Presolved: 275 rows, 791 columns, 8546 nonzeros

Iteration    Objective       Primal Inf.    Dual Inf.      Time
       0    0.0000000e+00   4.716969e+01   0.000000e+00      0s
     151    0.0000000e+00   0.000000e+00   0.000000e+00      0s

Solved in 151 iterations and 0.01 seconds
Optimal objective  0.000000000e+00
