j1201_1.sm_s1.txt
Academic license - for non-commercial use only
Read LP format model from file lp/j1201_1.sm.lp
Reading time = 0.03 seconds
: 1196 rows, 5432 columns, 62759 nonzeros
OKGPU
nThreads: 1024 , nBlocks: 12 
Number cuts generated in the phase 1: 33
Number of repeat: 7 
violation 334.000000
violation 145.000000
violation 234.000000
violation 288.000000
violation 207.000000
violation 63.000000
violation 293.000000
violation 390.000000
violation 467.000000
violation 142.000000
violation 168.000000
violation 458.000000
violation 370.000000
violation 757.000000
violation 859.000000
violation 859.000000
violation 857.000000
violation 637.000000
violation 637.000000
violation 557.000000
violation 164.000000
violation 21.000000
violation 523.000000
violation 445.000000
violation 495.000000
violation 37.000000
4992 16
AQUIIII!!27 111 85 24 36 86 110 112 25 75 68 108 90 66 26 32 
AQUIIII!!26 111 85 112 32 66 27 86 AQUIIII!!68 26 36 111 90 110 108 116 68 75 23 110 85 25 24 108 36 
86 75 66 90 27 25 32 
AQUIIII!!113 115 30 85 33 38 80 81 39 58 31 114 40 49 88 41 
AQUIIII!!25 27 111 112 75 108 116 66 86 32 90 85 110 36 68 26 
AQUIIII!!111 112 86 27 25 68 75 90 36 66 116 32 110 108 85 26 
AQUIIII!!21 68 27 24 85 75 86 36 26 66 25 90 32 108 23 110 
AQUIIII!!108 116 81 32 86 110 36 117 85 27 76 26 47 66 111 112 
AQUIIII!!49 85 117 30 116 29 58 28 66 119 81 0 88 118 111 112 
AQUIIII!!33 49 41 85 34 80 88 115 39 81 58 40 38 114 31 113 
AQUIIII!!49 38 40 85 81 41 58 80 114 39 88 33 31 29 113 30 
AQUIIII!!111 112 116 47 66 108 36 32 81 85 110 119 117 86 76 118 
AQUIIII!!111 112 118 47 119 110 116 76 32 86 66 36 85 108 117 81 
AQUIIII!!108 112 25 24 36 85 111 27 90 26 75 110 32 68 66 86 
AQUIIII!!111 112 116 47 66 108 36 32 81 85 110 119 117 86 76 118 
AQUIIII!!113 28 81 33 31 49 58 88 38 80 85 39 40 30 41 29 
AQUIIII!!114 115 113 39 41 80 40 42 88 57 58 81 34 38 49 35 
AQUIIII!!66 32 27 116 108 81 86 76 117 85 47 36 112 110 111 26 
AQUIIII!!111 85 25 26 AQUIIII!!36 66 24 32 68 27 32 116 108 108 90 81 66 86 27 76 75 117 86 23 85 110 47 
36 112 110 111 26 
AQUIIII!!66 32 27 116 108 81 86 76 117 85 47 36 112 110 111 26 
AQUIIII!!76 110 108 81 85 86 66 32 116 118 36 47 119 117 111 112 
AQUIIII!!110 118 49 86 108 66 58 116 0 119 117 28 85 81 111 112 
AQUIIII!!111 24 110 68 23 85 75 66 25 32 36 27 108 26 86 90 
AQUIIII!!112 111 85 118 116 29 110 119 49 81 0 117 86 66 28 58 
AQUIIII!!112 111 66 26 116 75 68 110 86 27 36 32 90 85 AQUIIII!!25 110 108 112 
111 47 32 36 26 117 81 85 76 108 86 66 27 116 
AQUIIII!!25 27 111 112 75 108 116 66 86 32 90 85 110 36 68 26 
AQUIIII!!86 116 90 25 26 68 110 32 36 85 75 108 66 111 27 112 
AQUIIII!!28 29 111 112 66 88 49 0 58 81 118 119 85 30 117 116 
AQUIIII!!86 27 24 111 112 26 110 85 68 36 32 25 66 90 75 108 
AQUIIII!!112 111 49 86 81 0 66 117 85 119 118 58 110 116 108 28 
AQUIIII!!116 117 118 49 0 108 58 110 36 85 119 86 81 111 66 112 
AQUIIII!!112 111 0 85 119 49 108 116 81 118 117 66 28 58 86 110 
AQUIIII!!112 86 26 85 75 66 24 32 36 68 90 25 108 110 27 111 
AQUIIII!!112 86 26 85 75 66 24 32 36 68 90 25 108 110 27 111 
AQUIIII!!28 29 111 112 AQUIIII!!66 110 88 112 49 32 0 27 58 111 81 26 118 85 119 116 85 108 30 90 117 75 116 86 
66 25 36 68 
AQUIIII!!66 117 85 36 111 118 47 76 86 108 81 119 110 112 116 32 
AQUIIII!!118 111 112 81 108 0 85 36 66 119 110 117 58 86 49 116 
AQUIIII!!49 110 86 117 111 116 66 0 28 85 119 81 58 118 29 112 
AQUIIII!!112 111 110 0 49 118 66 117 28 81 119 29 86 116 85 58 
AQUIIII!!76 47 118 117 116 86 66 32 85 36 119 81 110 108 111 112 
AQUIIII!!39 88 38 85 40 33 80 58 41 35 34 81 115 113 49 114 
AQUIIII!!76 47 118 117 116 86 66 32 85 36 119 81 110 108 111 112 
AQUIIII!!28 29 111 112 66 88 49 0 58 81 118 119 85 30 117 116 
AQUIIII!!24 111 27 86 32 66 26 112 108 36 110 75 90 68 25 85 
AQUIIII!!116 117 85 49 0 81 118 86 66 112 119 58 110 29 111 28 
AQUIIII!!AQUIIII!!1 36 90 57 25 42 66 80 27 88 85 6 86 108 5 75 34 68 49 112 43 116 26 58 110 35 32 81 111 114 
113 115 
AQUIIII!!1 57 42 80 88 6 5 34 49 43 58 35 81 114 113 115 
AQUIIII!!66 85 26 108 27 68 110 75 32 25 90 36 112 111 86 116 
AQUIIII!!86 27 24 111 112 26 110 85 68 36 32 25 66 90 75 108 
AQUIIII!!108 111 26 32 85 25 66 24 110 68 27 90 36 23 86 75 
AQUIIII!!112 111 49 0 116 66 119 81 110 58 29 86 28 85 AQUIIII!!118 116 117 26 
112 86 108 32 110 27 36 81 85 47 66 76 111 117 
AQUIIII!!31 113 115 114 85 33 39 38 88 41 49 80 40 58 81 34 
AQUIIII!!112 25 86 26 110 68 32 85 75 108 90 111 27 36 66 116 
AQUIIII!!110 112 111 49 81 66 117 85 58 86 118 119 108 36 0 116 
AQUIIII!!32 25 68 86 110 85 66 27 108 36 90 75 116 112 111 26 
AQUIIII!!32 25 68 86 110 85 66 27 108 36 90 75 116 112 111 26 
AQUIIII!!32 25 68 86 110 85 66 27 108 36 90 75 116 112 111 26 
AQUIIII!!75 68 90 27 66 32 110 25 108 116 86 36 26 85 111 112 
AQUIIII!!33 80 40 31 38 88 85 58 39 29 81 41 49 113 114 30 
AQUIIII!!23 110 75 66 85 25 86 27 32 68 90 108 24 26 21 36 
AQUIIII!!36 119 32 108 117 116 81 47 76 85 66 86 111 112 118 110 
AQUIIII!!26 111 85 112 32 66 27 86 68 36 90 116 75 110 25 108 
AQUIIII!!111 24 110 68 23 85 75 66 25 32 36 27 108 26 86 90 
AQUIIII!!23 68 86 90 110 25 27 108 66 36 85 32 75 111 24 26 
AQUIIII!!27 112 118 66 76 111 116 110 108 47 85 36 86 81 32 117 
AQUIIII!!112 111 110 0 49 118 66 117 28 81 119 29 86 116 85 58 
AQUIIII!!25 111 110 86 32 112 68 116 75 85 26 90 108 36 27 66 
AQUIIII!!114 115 113 39 41 80 40 42 88 57 58 81 34 38 49 35 
AQUIIII!!31 113 115 114 85 33 39 38 88 41 49 80 40 58 81 34 
AQUIIII!!110 112 32 27 111 26 85 116 108 90 75 86 66 25 36 68 
AQUIIII!!110 117 27 116 26 86 81 47 76 108 36 85 32 111 112 66 
AQUIIII!!30 116 117 118 28 0 29 81 85 119 88 112 49 111 66 58 
AQUIIII!!86 75 68 24 26 90 36 111 32 27 85 66 25 112 108 110 
AQUIIII!!85 76 116 66 81 117 47 27 111 36 108 32 86 26 110 112 
AQUIIII!!85 76 116 66 81 117 47 27 111 36 108 32 86 26 110 112 
AQUIIII!!27 112 118 66 76 111 116 110 108 47 85 36 86 81 32 117 
AQUIIII!!110 23 108 75 36 26 90 85 86 27 68 111 66 24 32 25 
AQUIIII!!112 118 66 117 108 81 58 110 49 85 86 0 119 111 28 116 
AQUIIII!!AQUIIII!!25 85 111 66 0 68 36 24 81 85 49 26 116 110 36 86 32 119 90 117 108 86 118 27 58 108 111 75 112 
110 66 23 
AQUIIII!!49 112 66 28 116 118 58 119 117 81 110 86 0 85 111 29 
AQUIIII!!110 112 32 27 111 26 85 116 108 90 75 86 66 25 36 68 
AQUIIII!!42 88 35 81 39 41 58 34 38 57 49 40 80 114 115 113 
AQUIIII!!42 88 35 81 39 41 58 34 38 57 49 40 80 114 115 113 
AQUIIII!!108 26 66 85 36 75 25 86 32 68 90 110 24 112 27 111 
AQUIIII!!108 26 66 85 36 75 25 86 32 68 90 110 24 112 27 111 
AQUIIII!!108 26 66 85 36 75 25 86 32 68 90 110 24 112 27 111 
AQUIIII!!108 26 66 85 36 75 25 86 32 68 90 110 24 112 27 111 
AQUIIII!!27 24 25 111 85 36 110 108 86 112 90 75 26 32 68 66 
AQUIIII!!27 108 111 110 85 86 117 66 81 32 116 76 26 112 47 36 
AQUIIII!!110 81 116 66 119 86 117 29 28 0 58 85 118 49 111 112 
Number of Cuts in the second phase:2371
Number of repeat: 1990 
Violation: 224.000000
Violation: 217.000000
Violation: 239.000000
Violation: 207.000000
Violation: 325.000000
Violation: 632.000000
Violation: 629.000000
Violation: 226.000000
Violation: 187.000000
Violation: 485.000000
Violation: 279.000000
Violation: 358.000000
Violation: 714.000000
Violation: 249.000000
Violation: 389.000000
Violation: 143.000000
Violation: 176.000000
Violation: 188.000000
Violation: 187.000000
Violation: 906.000000
Violation: 279.000000
Violation: 222.000000
Violation: 381.000000
Violation: 335.000000
Violation: 890.000000
Violation: 116.000000
Violation: 329.000000
Violation: 83.000000
Violation: 876.000000
Violation: 640.000000
Violation: 390.000000
Violation: 84.000000
Violation: 16.000000
Violation: 747.000000
Violation: 517.000000
Violation: 747.000000
Violation: 525.000000
Violation: 88.000000
Violation: 356.000000
Violation: 329.000000
Violation: 88.000000
Violation: 45.000000
Violation: 517.000000
Violation: 390.000000
Violation: 328.000000
Violation: 245.000000
Violation: 658.000000
Violation: 227.000000
Violation: 575.000000
Violation: 514.000000
Violation: 86.000000
Violation: 471.000000
Violation: 544.000000
Violation: 600.000000
Violation: 656.000000
Violation: 718.000000
Violation: 507.000000
Violation: 718.000000
Violation: 295.000000
Violation: 1096.000000
Violation: 370.000000
Violation: 929.000000
Violation: 415.000000
Violation: 395.000000
Violation: 44.000000
Violation: 557.000000
Violation: 716.000000
Violation: 1170.000000
Violation: 193.000000
Violation: 708.000000
Violation: 759.000000
Violation: 46.000000
Violation: 399.000000
Violation: 343.000000
Violation: 637.000000
Violation: 1036.000000
Violation: 134.000000
Violation: 421.000000
Violation: 702.000000
Violation: 26.000000
Violation: 613.000000
Violation: 254.000000
Violation: 353.000000
Violation: 650.000000
Violation: 656.000000
Violation: 10.000000
Violation: 575.000000
Violation: 378.000000
Violation: 905.000000
Violation: 177.000000
Violation: 637.000000
Violation: 1172.000000
Violation: 103.000000
Violation: 432.000000
Violation: 627.000000
Violation: 702.000000
Violation: 26.000000
Violation: 238.000000
Violation: 1047.000000
Violation: 271.000000
Violation: 910.000000
Violation: 1466.000000
Violation: 299.000000
Violation: 198.000000
Violation: 40.000000
Violation: 166.000000
Violation: 743.000000
Violation: 907.000000
Violation: 135.000000
Violation: 114.000000
Violation: 900.000000
Violation: 893.000000
Violation: 424.000000
Violation: 25.000000
Violation: 442.000000
Violation: 188.000000
Violation: 742.000000
Violation: 766.000000
Violation: 318.000000
Violation: 1086.000000
Violation: 1041.000000
Violation: 177.000000
Violation: 553.000000
Violation: 461.000000
Violation: 1355.000000
Violation: 919.000000
Violation: 726.000000
Violation: 475.000000
Violation: 632.000000
Violation: 150.000000
Violation: 270.000000
Violation: 51.000000
Violation: 519.000000
Violation: 8.000000
Violation: 114.000000
Violation: 233.000000
Violation: 278.000000
Violation: 145.000000
Violation: 277.000000
Violation: 72.000000
Violation: 1420.000000
Violation: 100.000000
Violation: 374.000000
Violation: 505.000000
Violation: 161.000000
Violation: 656.000000
Violation: 488.000000
Violation: 52.000000
Violation: 75.000000
Violation: 1022.000000
Violation: 351.000000
Violation: 1136.000000
Violation: 550.000000
Violation: 303.000000
Violation: 61.000000
Violation: 745.000000
Violation: 358.000000
Violation: 365.000000
Violation: 71.000000
Violation: 182.000000
Violation: 92.000000
Violation: 246.000000
Violation: 368.000000
Violation: 108.000000
Violation: 515.000000
Violation: 561.000000
Violation: 34.000000
Violation: 353.000000
Violation: 577.000000
Violation: 864.000000
Violation: 515.000000
Violation: 1295.000000
Violation: 1100.000000
Violation: 559.000000
Violation: 217.000000
Violation: 849.000000
Violation: 519.000000
Violation: 1344.000000
Violation: 1046.000000
Violation: 742.000000
Violation: 333.000000
Violation: 278.000000
Violation: 263.000000
Violation: 297.000000
Violation: 764.000000
Violation: 513.000000
Violation: 426.000000
Violation: 770.000000
Violation: 1764.000000
Violation: 154.000000
Violation: 459.000000
Violation: 1231.000000
Violation: 621.000000
Violation: 801.000000
Violation: 779.000000
Violation: 351.000000
Violation: 397.000000
Violation: 643.000000
Violation: 627.000000
Violation: 98.000000
Violation: 240.000000
Violation: 382.000000
Violation: 27.000000
Violation: 334.000000
Violation: 270.000000
Violation: 110.000000
Violation: 637.000000
Violation: 17.000000
Violation: 486.000000
Violation: 814.000000
Violation: 289.000000
Violation: 24.000000
Violation: 930.000000
Violation: 964.000000
Violation: 627.000000
Violation: 194.000000
Violation: 827.000000
Violation: 419.000000
Violation: 1379.000000
Violation: 1184.000000
Violation: 1436.000000
Violation: 495.000000
Violation: 1015.000000
Violation: 1515.000000
Violation: 328.000000
Violation: 592.000000
Violation: 764.000000
Violation: 405.000000
Violation: 657.000000
Violation: 1244.000000
Violation: 5.000000
Violation: 258.000000
Violation: 1279.000000
Violation: 344.000000
Violation: 20.000000
Violation: 877.000000
Violation: 777.000000
Violation: 657.000000
Violation: 270.000000
Violation: 260.000000
Violation: 380.000000
Violation: 1488.000000
Violation: 213.000000
Violation: 122.000000
Violation: 1495.000000
Violation: 20.000000
Violation: 813.000000
Violation: 529.000000
Violation: 244.000000
Violation: 51.000000
Violation: 316.000000
Violation: 458.000000
Violation: 4.000000
Violation: 83.000000
Violation: 32.000000
Violation: 234.000000
Violation: 981.000000
Violation: 445.000000
Violation: 241.000000
Violation: 121.000000
Violation: 221.000000
Violation: 87.000000
Violation: 235.000000
Violation: 270.000000
Violation: 40.000000
Violation: 1098.000000
Violation: 125.000000
Violation: 577.000000
Violation: 1138.000000
Violation: 453.000000
Violation: 209.000000
Violation: 129.000000
Violation: 350.000000
Violation: 657.000000
Violation: 315.000000
Violation: 213.000000
Violation: 973.000000
Violation: 1480.000000
Violation: 780.000000
Violation: 210.000000
Violation: 355.000000
Violation: 583.000000
Violation: 256.000000
Violation: 170.000000
Violation: 868.000000
Violation: 574.000000
Violation: 611.000000
Violation: 1026.000000
Violation: 527.000000
Violation: 22.000000
Violation: 572.000000
Violation: 441.000000
Violation: 951.000000
Violation: 702.000000
Violation: 15.000000
Violation: 617.000000
Violation: 383.000000
Violation: 1126.000000
Violation: 334.000000
Violation: 672.000000
Violation: 101.000000
Violation: 1100.000000
Violation: 561.000000
Violation: 399.000000
Violation: 512.000000
Violation: 432.000000
Violation: 458.000000
Violation: 25.000000
Violation: 1364.000000
Violation: 332.000000
Violation: 187.000000
Violation: 894.000000
Violation: 239.000000
Violation: 215.000000
Violation: 476.000000
Violation: 999.000000
Violation: 1466.000000
Violation: 967.000000
Violation: 1577.000000
Violation: 500.000000
Violation: 52.000000
Violation: 682.000000
Violation: 824.000000
Violation: 1187.000000
Violation: 762.000000
Violation: 289.000000
Violation: 258.000000
Violation: 1117.000000
Violation: 690.000000
Violation: 152.000000
Violation: 412.000000
Violation: 990.000000
Violation: 313.000000
Violation: 328.000000
Violation: 352.000000
Violation: 278.000000
Violation: 38.000000
Violation: 692.000000
Violation: 21.000000
Violation: 1492.000000
Violation: 1055.000000
Violation: 219.000000
Violation: 71.000000
Violation: 303.000000
Violation: 384.000000
Violation: 414.000000
Violation: 307.000000
Violation: 178.000000
Violation: 176.000000
Violation: 387.000000
Violation: 584.000000
Violation: 42.000000
Violation: 685.000000
Violation: 910.000000
Violation: 1826.000000
Violation: 321.000000
Violation: 832.000000
Violation: 640.000000
Violation: 387.000000
Violation: 1374.000000
Violation: 1528.000000
Violation: 159.000000
Violation: 826.000000
Violation: 129.000000
Violation: 234.000000
Violation: 19.000000
Violation: 658.000000
Violation: 722.000000
Violation: 46.000000
Violation: 392.000000
Violation: 466.000000
Violation: 534.000000
Violation: 965.000000
Violation: 843.000000
Violation: 880.000000
Violation: 546.000000
Violation: 79.000000
Violation: 17.000000
Violation: 592.000000
Violation: 1039.000000
Violation: 187.000000
took 5.433948

Warning: excessive time spent in model updates.
Consider calling update less frequently.

Optimize a model with 1614 rows, 5432 columns and 65713 nonzeros
Coefficient statistics:
  Matrix range     [1e+00, 1e+02]
  Objective range  [0e+00, 0e+00]
  Bounds range     [1e+00, 1e+02]
  RHS range        [1e+00, 5e+01]

Concurrent LP optimizer: dual simplex and barrier
Showing barrier log only...

Presolve removed 411 rows and 256 columns
Presolve time: 0.02s
Presolved: 1203 rows, 5176 columns, 55059 nonzeros

Ordering time: 0.00s

Barrier statistics:
 Dense cols : 29
 AA' NZ     : 3.915e+04
 Factor NZ  : 1.269e+05 (roughly 4 MBytes of memory)
 Factor Ops : 2.313e+07 (less than 1 second per iteration)
 Threads    : 3

                  Objective                Residual
Iter       Primal          Dual         Primal    Dual     Compl     Time
   0   0.00000000e+00 -5.86781250e+01  2.48e+03 0.00e+00  8.58e-01     0s
   1   0.00000000e+00 -1.39727780e+02  6.35e+02 1.20e-02  2.26e-01     0s
   2   0.00000000e+00 -1.17754620e+02  1.40e+02 1.94e-16  5.11e-02     0s
   3   0.00000000e+00 -5.46254728e+01  1.81e+01 8.67e-17  9.05e-03     0s
   4   0.00000000e+00 -2.39161723e+01  4.11e+00 6.94e-17  2.68e-03     0s
   5   0.00000000e+00 -5.03465688e+00  1.76e-01 5.81e-17  4.55e-04     0s
   6   0.00000000e+00 -8.82766856e-02  5.03e-12 2.65e-17  7.80e-06     0s
   7   0.00000000e+00 -8.82766856e-05  1.09e-11 5.22e-19  7.80e-09     0s
   8   0.00000000e+00 -8.82766856e-08  2.85e-12 5.66e-22  7.80e-12     0s
   9   0.00000000e+00 -8.94325056e-14  7.78e-13 6.78e-23  7.90e-18     0s

Barrier solved model in 9 iterations and 0.06 seconds
Optimal objective 0.00000000e+00

Crossover log...

    5009 PPushes remaining with PInf 0.0000000e+00                 0s

Solved with dual simplex
Solved in 996 iterations and 0.11 seconds
Optimal objective  0.000000000e+00
