j3017_4.mm_s3.txt
Academic license - for non-commercial use only
Read LP format model from file lp/j3017_4.mm.lp
Reading time = 0.01 seconds
: 351 rows, 906 columns, 9053 nonzeros
OKGPU
nThreads: 1024 , nBlocks: 12 
Number cuts generated in the phase 1: 8
Number of repeat: 2 
violation 750.000000
violation 500.000000
violation 404.000000
violation 71.000000
violation 380.000000
violation 800.000000
3000 16
AQUIIII!!48 16 20 21 29 7 37 9 10 45 13 11 14 23 27 15 
AQUIIII!!48 46 19 20 10 22 32 25 17 12 28 44 23 43 18 7 
AQUIIII!!25 19 22 18 23 7 32 17 46 44 10 11 43 27 20 48 
AQUIIII!!44 10 9 27 25 20 32 11 43 AQUIIII!!13 32 46 20 7 AQUIIII!!25 22 21 22 23 14 18 48 11 23 AQUIIII!!16 10 19 25 
23 13 11 16 7 AQUIIII!!13 AQUIIII!!29 27 12 AQUIIII!!10 46 7 43 17 10 32 27 13 44 10 21 22 37 10 11 44 9 43 9 10 13 23 7 45 46 27 44 19 23 20 48 15 20 20 19 
37 20 19 43 46 16 45 22 AQUIIII!!18 20 11 48 32 43 7 44 
27 25 11 27 46 7 27 9 18 28 29 43 48 7 25 13 44 
23 22 15 46 25 32 7 23 32 48 13 14 48 
20 48 
18 
19 10 AQUIIII!!22 7 23 39 11 9 48 25 
46 45 27 21 14 23 10 13 16 20 11 48 
AQUIIII!!48 23 20 45 16 14 9 7 11 46 21 13 25 10 27 39 
AQUIIII!!23 10 46 9 22 7 27 44 13 32 11 20 43 25 48 16 
AQUIIII!!46 23 20 32 22 25 10 28 44 18 7 17 19 AQUIIII!!43 9 12 23 48 
13 25 7 22 AQUIIII!!43 44 27 22 46 20 16 27 20 11 11 23 10 10 AQUIIII!!32 AQUIIII!!43 17 44 7 25 43 48 9 AQUIIII!!12 6 
16 23 7 32 AQUIIII!!25 32 28 19 23 16 13 17 8 27 45 AQUIIII!!25 44 28 44 10 46 44 46 23 25 7 48 22 8 18 10 11 
32 19 22 46 45 46 20 46 39 46 12 22 20 12 9 25 43 21 20 32 43 23 14 44 11 7 32 9 25 AQUIIII!!13 27 23 18 48 13 16 13 17 48 AQUIIII!!
20 20 48 
28 19 7 44 
19 22 21 45 20 12 48 46 18 46 
21 8 20 9 48 8 23 
32 10 23 7 17 25 28 11 6 32 44 27 18 16 25 48 43 
48 
AQUIIII!!18 11 32 44 22 10 27 7 13 19 43 20 25 23 AQUIIII!!48 20 46 7 
23 21 45 32 9 10 13 27 11 AQUIIII!!44 19 16 12 25 18 46 46 48 AQUIIII!!23 
11 44 44 28 23 22 10 8 22 7 18 25 13 20 27 43 20 17 32 32 25 AQUIIII!!48 7 32 
19 11 43 7 46 19 48 46 
22 20 25 10 43 AQUIIII!!23 48 18 19 27 9 44 10 17 13 48 46 
44 23 25 7 11 27 20 32 43 22 
AQUIIII!!48 10 7 27 14 21 9 AQUIIII!!23 48 25 25 13 46 16 22 20 44 46 32 AQUIIII!!45 20 39 48 18 11 17 11 
18 19 19 17 20 10 32 7 44 23 28 43 8 27 12 
25 22 7 43 46 23 
AQUIIII!!48 43 13 10 32 44 7 9 46 16 11 20 27 22 23 25 
AQUIIII!!10 45 23 13 46 16 25 11 27 39 20 7 14 9 21 48 
AQUIIII!!9 46 13 11 22 7 10 20 43 16 23 32 25 44 27 48 
AQUIIII!!20 43 16 10 9 46 7 44 13 27 32 25 22 11 23 48 
AQUIIII!!46 48 44 43 25 32 20 7 11 22 18 10 19 13 23 27 
AQUIIII!!23 16 13 14 27 11 10 29 9 45 20 7 15 21 37 48 
AQUIIII!!48 13 27 20 10 14 29 45 37 7 23 21 15 11 16 9 
AQUIIII!!48 13 21 27 9 16 20 23 45 46 14 10 7 11 25 39 
AQUIIII!!27 32 19 46 25 10 23 22 20 11 18 7 43 13 44 48 
AQUIIII!!22 19 13 7 10 32 43 25 20 44 11 9 AQUIIII!!AQUIIII!!23 45 48 27 14 21 48 27 16 46 10 29 
9 15 21 27 15 13 16 23 7 11 23 20 11 10 29 45 20 7 13 37 37 9 14 48 

AQUIIII!!16 48 15 13 11 14 7 23 20 27 37 21 9 10 29 45 
AQUIIII!!18 32 43 20 19 22 44 25 6 12 28 8 23 17 46 48 
AQUIIII!!46 27 10 7 13 23 9 20 21 25 39 45 11 14 16 48 
AQUIIII!!48 46 14 25 21 45 27 16 20 11 9 13 7 39 23 10 
AQUIIII!!48 17 22 32 23 43 8 19 44 28 46 18 7 20 12 25 
AQUIIII!!27 13 37 20 9 14 21 15 16 29 10 23 7 45 11 48 
AQUIIII!!48 27 13 25 7 44 9 23 43 22 46 20 16 11 10 32 
AQUIIII!!48 37 9 27 14 45 23 11 10 20 29 13 21 16 15 7 
AQUIIII!!48 8 7 46 17 43 12 19 32 23 22 18 28 20 44 25 
AQUIIII!!16 15 21 13 20 9 29 10 27 45 23 11 14 7 37 48 
AQUIIII!!48 27 25 9 11 13 45 16 32 7 46 23 21 44 10 20 
AQUIIII!!20 14 23 45 27 13 10 7 16 25 9 21 11 39 48 46 
AQUIIII!!16 48 13 9 15 37 14 29 21 45 20 11 7 23 27 10 
AQUIIII!!48 7 44 46 25 19 10 23 13 11 27 32 22 43 9 20 
AQUIIII!!46 48 10 17 7 20 43 23 25 19 44 18 32 12 28 22 
AQUIIII!!7 11 44 16 25 43 10 27 22 13 9 46 32 20 23 48 
AQUIIII!!48 43 25 23 11 18 46 10 20 27 17 44 7 32 19 22 
AQUIIII!!48 32 10 13 7 23 20 43 25 9 16 22 46 11 44 27 
AQUIIII!!48 13 11 32 7 46 9 10 22 27 44 25 23 43 16 20 
AQUIIII!!48 46 32 17 12 19 22 10 7 43 20 23 18 25 44 28 
AQUIIII!!48 20 19 28 23 17 22 12 6 18 25 43 44 8 46 32 
AQUIIII!!48 19 43 46 7 13 10 22 23 27 25 18 11 32 20 44 
AQUIIII!!48 32 44 19 10 43 46 27 11 22 13 7 25 23 9 20 
AQUIIII!!16 48 46 45 25 9 20 32 21 44 11 23 10 27 7 13 
Number of Cuts in the second phase:1655
Number of repeat: 1556 
Violation: 400.000000
Violation: 500.000000
Violation: 600.000000
Violation: 200.000000
Violation: 229.000000
Violation: 687.000000
Violation: 500.000000
Violation: 458.000000
Violation: 1200.000000
Violation: 200.000000
Violation: 229.000000
Violation: 200.000000
Violation: 500.000000
Violation: 500.000000
Violation: 531.000000
Violation: 295.000000
Violation: 224.000000
Violation: 1000.000000
Violation: 500.000000
Violation: 224.000000
Violation: 519.000000
Violation: 71.000000
Violation: 109.000000
Violation: 200.000000
Violation: 337.000000
Violation: 600.000000
Violation: 400.000000
Violation: 573.000000
Violation: 250.000000
Violation: 151.000000
Violation: 500.000000
Violation: 1000.000000
Violation: 600.000000
Violation: 531.000000
Violation: 600.000000
Violation: 479.000000
Violation: 522.000000
Violation: 498.000000
Violation: 599.000000
Violation: 500.000000
Violation: 1000.000000
Violation: 410.000000
Violation: 600.000000
Violation: 200.000000
Violation: 513.000000
Violation: 218.000000
Violation: 500.000000
Violation: 109.000000
Violation: 599.000000
Violation: 200.000000
Violation: 500.000000
Violation: 500.000000
Violation: 500.000000
Violation: 529.000000
Violation: 458.000000
Violation: 418.000000
Violation: 250.000000
Violation: 250.000000
Violation: 200.000000
Violation: 200.000000
Violation: 151.000000
Violation: 500.000000
Violation: 151.000000
Violation: 332.000000
Violation: 400.000000
Violation: 599.000000
Violation: 71.000000
Violation: 128.000000
Violation: 250.000000
Violation: 287.000000
Violation: 200.000000
Violation: 1198.000000
Violation: 600.000000
Violation: 675.000000
Violation: 1000.000000
Violation: 259.000000
Violation: 71.000000
Violation: 205.000000
Violation: 109.000000
Violation: 500.000000
Violation: 500.000000
Violation: 250.000000
Violation: 109.000000
Violation: 400.000000
Violation: 500.000000
Violation: 500.000000
Violation: 150.000000
Violation: 709.000000
Violation: 300.000000
Violation: 50.000000
Violation: 500.000000
Violation: 500.000000
Violation: 302.000000
Violation: 200.000000
Violation: 500.000000
Violation: 800.000000
Violation: 100.000000
Violation: 180.000000
Violation: 302.000000
took 2.164281
Optimize a model with 463 rows, 906 columns and 9477 nonzeros
Coefficient statistics:
  Matrix range     [1e+00, 4e+01]
  Objective range  [0e+00, 0e+00]
  Bounds range     [1e+00, 4e+01]
  RHS range        [1e+00, 1e+02]
Presolve removed 233 rows and 109 columns
Presolve time: 0.00s
Presolved: 230 rows, 797 columns, 8413 nonzeros

Iteration    Objective       Primal Inf.    Dual Inf.      Time
       0    0.0000000e+00   4.408044e+01   0.000000e+00      0s
     128    0.0000000e+00   0.000000e+00   0.000000e+00      0s

Solved in 128 iterations and 0.01 seconds
Optimal objective  0.000000000e+00
