j3017_4.mm_s7.txt
Academic license - for non-commercial use only
Read LP format model from file lp/j3017_4.mm.lp
Reading time = 0.00 seconds
: 351 rows, 906 columns, 9053 nonzeros
OKGPU
nThreads: 1024 , nBlocks: 12 
Number cuts generated in the phase 1: 10
Number of repeat: 1 
violation 661.000000
violation 8.000000
violation 795.000000
violation 210.000000
violation 483.000000
violation 435.000000
violation 581.000000
violation 645.000000
violation 8.000000
6996 16
44 14 21 9 24 21 44 29 51 17 4 9 22 26 8 47 48 AQUIIII!!26 29 8 20 5 46 48 14 22 29 47 37 52 32 27 
21 20 4 46 27 
19 6 14 18 48 37 46 47 16 
49 21 47 41 46 14 
17 22 9 8 52 44 
AQUIIII!!44 32 6 5 21 29 47 4 AQUIIII!!44 14 46 47 17 3 21 22 37 17 49 9 14 8 46 AQUIIII!!41 27 46 26 
4 48 6 22 5 52 9 51 29 20 41 16 8 
22 32 14 47 17 AQUIIII!!3 32 21 21 44 8 
5 45 14 AQUIIII!!4 46 3 44 22 22 29 17 17 8 41 9 27 26 46 6 37 44 47 
AQUIIII!!21 AQUIIII!!21 48 26 18 20 22 51 14 51 16 9 47 26 16 49 22 52 52 20 
48 49 16 46 52 27 37 21 24 14 AQUIIII!!17 17 51 47 20 48 20 46 AQUIIII!!44 46 37 52 
44 19 16 18 
47 21 48 47 22 49 37 16 20 48 14 37 26 52 44 22 21 AQUIIII!!17 24 47 44 27 46 9 26 6 8 
22 46 8 
41 29 9 44 17 14 3 21 5 4 32 
AQUIIII!!44 17 47 24 18 37 46 49 20 51 22 48 16 52 21 26 
AQUIIII!!21 5 48 44 6 8 52 27 22 17 41 14 29 9 46 47 
AQUIIII!!AQUIIII!!46 17 26 6 24 32 47 41 44 5 20 21 52 16 48 37 22 51 8 21 44 19 29 AQUIIII!!18 14 51 49 47 47 22 4 46 48 9 AQUIIII!!49 
46 37 16 
21 20 22 21 14 27 20 44 17 37 46 22 48 17 27 52 47 14 49 48 16 26 26 
51 52 44 AQUIIII!!
49 22 51 20 52 27 37 16 21 47 46 14 17 48 26 44 
AQUIIII!!46 6 9 8 14 17 29 4 3 21 22 32 5 41 45 44 
AQUIIII!!20 52 47 51 19 22 18 46 24 44 16 50 37 49 48 26 
AQUIIII!!48 27 41 21 8 AQUIIII!!44 50 5 46 52 22 6 18 17 48 49 22 16 14 19 47 51 9 20 29 24 46 47 
26 52 37 44 AQUIIII!!
22 5 46 AQUIIII!!41 21 6 22 32 6 AQUIIII!!3 AQUIIII!!20 4 9 32 37 29 21 6 22 9 4 47 14 17 14 52 9 47 8 14 21 8 29 17 17 5 49 17 AQUIIII!!5 14 51 47 46 41 21 41 44 17 16 22 48 
14 48 44 46 27 AQUIIII!!26 4 46 32 47 46 29 22 44 48 8 24 27 19 22 45 
44 44 3 
16 26 46 47 52 20 
37 37 18 20 51 9 50 48 21 16 26 49 52 AQUIIII!!49 
6 44 
47 48 22 32 29 5 41 46 8 21 9 14 4 17 44 
AQUIIII!!46 9 32 21 6 17 3 44 4 14 8 22 47 AQUIIII!!5 44 41 9 29 
5 29 AQUIIII!!14 44 22 20 41 49 46 48 48 37 17 51 27 22 52 46 21 16 47 52 6 47 8 19 
24 18 50 26 
AQUIIII!!AQUIIII!!44 44 8 46 AQUIIII!!47 41 51 21 9 52 AQUIIII!!6 52 44 17 26 14 9 22 37 21 27 29 5 14 50 48 27 22 17 47 17 46 52 24 47 41 9 16 20 8 27 52 29 21 16 48 6 47 49 AQUIIII!!29 48 41 46 46 
22 8 22 
46 21 19 5 8 48 6 22 18 14 44 44 
47 
16 27 48 41 52 14 17 6 9 AQUIIII!!29 46 
4 17 3 21 8 14 44 29 6 47 41 22 9 AQUIIII!!32 44 5 AQUIIII!!19 
44 26 4 18 46 21 37 5 48 41 20 8 AQUIIII!!22 29 46 32 49 48 17 16 52 3 52 21 47 26 16 44 6 22 47 20 14 21 24 47 9 46 
37 51 51 
17 22 49 14 27 
AQUIIII!!44 26 20 37 49 AQUIIII!!22 44 24 46 51 46 41 21 9 17 52 18 48 14 52 21 47 5 16 
27 17 47 8 29 6 48 22 
AQUIIII!!44 37 52 26 51 46 AQUIIII!!21 AQUIIII!!27 48 44 48 47 46 52 AQUIIII!!22 51 29 44 20 37 44 27 20 20 16 14 52 47 41 16 8 21 17 49 26 21 48 17 19 22 46 
22 47 14 24 9 22 52 14 17 49 6 37 48 8 18 46 27 
16 47 
9 21 16 26 
AQUIIII!!44 21 27 17 47 22 16 37 49 52 9 26 14 46 20 48 
AQUIIII!!44 20 21 52 17 49 16 37 22 47 51 46 26 48 27 14 
AQUIIII!!44 27 9 17 AQUIIII!!20 47 48 21 19 37 24 14 51 46 26 48 47 18 52 26 22 16 20 8 44 
22 37 AQUIIII!!50 5 44 49 22 52 4 48 16 8 46 9 
14 6 21 29 17 41 47 32 46 
AQUIIII!!46 14 48 26 16 37 47 27 52 44 20 22 49 51 17 21 
AQUIIII!!22 49 47 52 9 48 20 17 21 26 14 46 16 37 27 44 
AQUIIII!!44 50 22 16 52 19 26 51 37 20 46 47 AQUIIII!!48 46 24 18 47 49 52 
51 26 17 16 14 48 44 22 27 37 49 20 21 
AQUIIII!!46 47 41 17 8 5 29 21 9 3 14 44 4 6 32 22 
AQUIIII!!46 47 29 14 8 21 9 22 41 52 6 17 44 16 48 27 
AQUIIII!!24 44 19 20 47 37 22 16 49 48 26 52 18 51 46 50 
AQUIIII!!37 49 21 20 16 47 44 48 24 22 17 52 18 26 51 46 
AQUIIII!!46 29 8 44 17 22 6 27 52 5 48 21 47 14 9 41 
AQUIIII!!44 46 51 37 20 47 21 26 19 22 24 52 49 48 18 16 
AQUIIII!!44 17 52 21 46 47 27 16 14 9 26 20 22 48 37 8 
AQUIIII!!46 47 4 17 5 29 6 44 41 32 8 21 22 9 3 14 
AQUIIII!!49 50 51 48 20 16 46 AQUIIII!!22 47 52 44 0 22 40 48 26 50 51 47 19 19 49 37 20 18 37 
46 18 16 52 24 26 
AQUIIII!!17 4 6 22 41 3 AQUIIII!!5 46 14 52 9 48 32 37 29 9 21 20 46 26 45 47 8 17 44 16 
22 8 14 21 AQUIIII!!27 46 44 47 
4 17 5 AQUIIII!!29 44 6 52 44 41 47 32 19 8 20 21 22 22 37 9 18 48 3 51 14 24 
26 49 50 AQUIIII!!16 46 46 20 
49 52 26 27 48 22 47 17 16 44 21 9 14 37 AQUIIII!!
46 47 52 18 26 37 22 49 51 21 20 44 16 19 48 24 
AQUIIII!!46 44 52 14 48 17 37 16 22 27 47 8 20 9 21 26 AQUIIII!!
46 16 47 17 51 52 22 24 44 49 18 26 AQUIIII!!21 46 20 47 48 52 37 18 
26 37 22 49 51 21 20 AQUIIII!!44 48 16 8 19 46 48 16 24 17 
52 22 AQUIIII!!21 44 47 45 9 17 27 5 29 8 6 22 41 21 14 29 3 44 32 
41 9 46 4 6 14 
AQUIIII!!44 9 29 4 41 5 46 45 21 32 22 3 6 8 17 14 
AQUIIII!!44 21 52 22 9 14 41 27 5 48 17 6 AQUIIII!!29 46 47 48 46 44 8 20 
9 27 22 37 14 17 49 26 21 16 52 47 
AQUIIII!!41 22 21 6 9 27 17 29 47 AQUIIII!!48 44 8 32 16 22 52 9 46 8 14 6 44 17 
14 4 5 AQUIIII!!3 46 45 6 41 44 46 8 21 3 29 14 
9 29 4 21 32 5 47 41 22 17 
AQUIIII!!20 22 37 48 44 49 51 17 16 24 21 18 52 47 26 46 
AQUIIII!!20 49 27 16 AQUIIII!!44 AQUIIII!!44 9 44 27 17 9 22 21 16 37 52 48 48 48 52 49 14 27 26 14 14 37 16 22 37 51 47 20 52 46 AQUIIII!!47 
17 21 46 20 17 52 49 22 47 46 48 46 26 27 21 22 47 26 
21 
9 14 29 8 AQUIIII!!41 5 17 41 5 44 32 17 4 6 44 
8 22 29 14 3 45 9 21 6 46 
AQUIIII!!44 46 9 6 5 17 21 4 22 41 32 8 47 3 29 14 
AQUIIII!!46 44 37 51 47 24 49 21 48 20 52 26 19 18 16 22 
AQUIIII!!21 46 20 AQUIIII!!14 44 8 46 48 9 6 52 5 37 17 9 21 16 4 26 22 22 AQUIIII!!41 47 46 32 17 22 8 27 9 47 44 20 3 
37 29 21 14 
16 14 52 27 26 44 17 AQUIIII!!47 8 46 44 48 
37 51 47 24 49 21 AQUIIII!!48 49 20 18 52 44 26 37 19 19 18 51 16 26 22 46 
21 52 22 47 48 20 16 24 
AQUIIII!!AQUIIII!!44 44 37 50 27 22 8 49 21 51 48 16 47 48 17 20 16 24 22 47 20 37 9 19 52 18 14 52 46 26 26 46 

AQUIIII!!46 37 48 20 17 21 49 22 16 9 27 47 52 14 44 26 
AQUIIII!!44 49 16 52 19 48 20 37 22 47 50 24 51 18 26 46 
AQUIIII!!44 49 52 27 22 26 17 46 21 14 AQUIIII!!47 44 20 5 48 17 37 22 16 48 9 6 
47 14 46 8 29 9 32 41 4 21 
AQUIIII!!44 8 52 47 14 29 27 17 46 48 16 22 6 21 9 41 
AQUIIII!!21 37 22 18 24 48 51 49 46 26 19 20 52 16 44 47 
AQUIIII!!44 4 21 17 45 41 14 29 9 6 8 3 46 32 5 22 
AQUIIII!!44 AQUIIII!!20 44 22 5 47 8 6 37 22 17 14 26 15 14 21 4 21 45 51 41 27 29 48 32 9 46 3 49 17 52 
16 
AQUIIII!!46 48 44 32 41 29 6 9 8 47 4 22 14 21 17 5 
AQUIIII!!5 14 4 45 3 29 22 41 46 6 8 9 21 32 17 44 
AQUIIII!!51 20 46 44 52 22 21 26 37 27 47 14 48 17 16 49 
AQUIIII!!44 14 52 9 17 21 26 47 48 16 46 27 8 22 37 20 
AQUIIII!!44 17 46 24 22 26 48 18 51 52 20 47 37 21 16 49 
AQUIIII!!44 29 17 47 32 22 4 41 6 14 8 46 5 3 9 21 
AQUIIII!!47 46 48 16 24 20 37 22 18 26 52 51 19 44 49 21 
AQUIIII!!46 4 AQUIIII!!3 44 41 47 44 8 47 48 22 22 29 6 8 14 4 6 17 5 46 32 AQUIIII!!41 46 14 32 14 17 9 9 21 21 29 9 5 21 
29 8 
4 41 6 32 44 22 5 17 3 45 
AQUIIII!!44 41 AQUIIII!!52 46 16 27 9 16 48 49 22 20 46 21 29 14 47 26 6 47 8 14 9 17 52 21 37 27 48 
44 17 22 
AQUIIII!!9 52 26 27 48 17 49 22 16 20 46 14 37 21 AQUIIII!!52 44 47 47 5 
21 46 9 29 8 27 48 22 6 AQUIIII!!41 44 17 47 14 44 8 
48 22 6 14 4 17 AQUIIII!!46 52 41 47 32 44 9 20 26 21 16 5 22 AQUIIII!!29 49 44 
50 4 24 41 19 37 46 48 29 51 17 18 8 46 32 AQUIIII!!
6 46 9 24 17 47 44 14 51 21 26 5 20 22 52 3 47 
49 22 21 37 16 48 18 
AQUIIII!!8 46 44 9 52 27 16 41 48 6 47 17 29 21 14 22 
AQUIIII!!47 44 22 4 17 6 14 32 9 48 8 29 41 5 46 21 
AQUIIII!!46 40 37 48 19 52 16 22 51 0 26 47 49 18 20 50 
AQUIIII!!20 46 37 22 52 48 14 16 9 27 26 17 49 21 44 47 
AQUIIII!!44 52 24 21 22 20 49 AQUIIII!!18 48 46 16 52 51 19 49 47 51 37 18 46 26 47 
20 AQUIIII!!AQUIIII!!AQUIIII!!22 46 46 44 24 8 37 AQUIIII!!17 5 48 19 5 46 9 21 48 8 17 26 14 37 52 46 14 20 4 22 16 21 22 41 27 14 44 8 44 48 32 AQUIIII!!50 16 44 9 26 44 26 49 27 21 47 29 9 46 
22 5 6 17 48 17 21 14 9 37 17 27 29 47 
45 21 48 52 AQUIIII!!22 47 6 48 47 41 6 14 27 14 41 51 3 20 22 46 

9 49 52 8 47 AQUIIII!!16 29 26 52 27 44 44 
21 50 
20 17 52 22 48 37 52 47 44 49 16 
18 37 20 16 22 46 51 19 26 24 
AQUIIII!!44 14 4 5 15 6 21 9 29 8 45 AQUIIII!!32 3 44 17 52 22 41 37 
17 16 AQUIIII!!47 44 26 48 22 20 46 21 37 9 21 46 22 26 49 16 20 27 48 51 49 14 52 27 17 
47 14 
AQUIIII!!14 44 48 16 22 27 17 52 21 41 47 29 46 8 9 6 
AQUIIII!!44 8 6 9 46 14 32 4 5 22 3 17 41 45 21 29 
AQUIIII!!46 8 21 16 22 52 14 27 48 29 41 17 44 6 9 47 
AQUIIII!!44 52 21 37 20 48 47 19 51 18 26 16 24 46 22 49 
AQUIIII!!47 22 51 27 14 44 48 37 26 17 52 21 20 16 49 46 
AQUIIII!!46 21 AQUIIII!!46 51 9 52 22 49 21 3 48 47 22 41 14 19 17 24 8 47 4 6 37 29 18 5 32 20 44 16 
26 44 
AQUIIII!!46 20 52 16 48 9 37 14 AQUIIII!!49 5 47 17 29 44 3 32 22 26 46 17 27 9 21 
8 4 14 41 22 21 47 6 AQUIIII!!44 46 
44 16 37 21 17 20 49 26 48 22 51 14 47 52 27 
AQUIIII!!48 47 6 29 8 AQUIIII!!22 16 44 45 9 32 17 41 41 22 46 5 27 52 14 21 29 21 14 44 9 
4 8 6 46 3 17 
AQUIIII!!46 47 21 29 41 14 44 48 8 27 22 9 52 6 17 16 
AQUIIII!!46 44 20 16 17 26 22 52 47 48 49 AQUIIII!!21 44 24 9 18 48 37 21 51 46 22 
17 14 52 16 27 47 37 20 26 8 
AQUIIII!!46 44 49 18 48 22 AQUIIII!!52 46 50 44 19 20 47 16 26 17 24 26 51 22 16 52 37 47 20 48 
49 21 24 18 37 51 
AQUIIII!!49 51 48 16 24 21 22 52 19 20 47 26 46 18 37 44 
AQUIIII!!46 44 49 18 48 22 52 50 19 47 26 24 51 16 37 20 
AQUIIII!!44 46 41 17 14 21 6 47 8 16 29 22 9 48 27 52 
AQUIIII!!44 16 26 27 52 17 47 48 20 49 14 9 21 46 37 22 
AQUIIII!!44 52 24 51 46 49 19 37 21 47 22 16 26 48 18 20 
AQUIIII!!46 20 26 18 22 47 16 50 37 0 51 49 52 40 AQUIIII!!48 46 19 
47 29 32 41 22 8 3 6 44 21 17 5 14 4 9 
AQUIIII!!44 14 17 AQUIIII!!20 47 16 26 46 51 46 AQUIIII!!48 37 46 44 8 47 50 21 20 48 29 22 16 19 32 AQUIIII!!52 52 26 9 41 20 47 22 18 22 49 27 49 26 
8 24 37 44 3 24 52 18 6 51 
19 44 50 21 37 16 17 22 5 48 47 14 46 4 
9 
AQUIIII!!44 46 22 6 47 21 5 27 9 52 AQUIIII!!29 46 17 49 41 21 AQUIIII!!48 22 47 8 44 16 14 26 AQUIIII!!20 22 
46 49 48 22 24 47 48 47 17 37 50 46 51 37 AQUIIII!!16 20 26 52 44 52 50 14 18 16 18 44 22 51 48 19 51 18 19 20 0 52 51 
37 27 26 19 
49 46 26 47 40 24 
52 48 21 16 49 20 37 
AQUIIII!!44 AQUIIII!!8 44 46 6 46 52 32 29 4 17 21 21 9 17 27 9 41 48 6 47 29 16 41 14 22 22 
5 14 3 8 47 AQUIIII!!
44 46 22 6 47 21 5 27 9 52 29 17 41 48 8 14 
AQUIIII!!44 47 18 26 52 49 19 20 21 22 24 51 16 46 37 48 AQUIIII!!
44 29 22 4 41 AQUIIII!!5 44 9 46 15 32 14 4 6 21 8 17 21 3 9 32 6 45 29 17 41 
22 5 14 3 8 47 
AQUIIII!!44 17 47 22 14 48 46 51 52 16 26 49 37 27 21 20 
AQUIIII!!49 14 46 47 44 22 16 48 52 37 26 27 9 21 20 17 
AQUIIII!!49 14 46 47 44 22 16 48 52 37 26 27 9 21 20 17 
AQUIIII!!49 14 46 47 44 22 16 48 52 37 26 27 9 21 20 17 
AQUIIII!!46 8 9 47 48 22 20 21 14 37 27 16 17 44 52 26 
AQUIIII!!44 49 20 9 21 37 16 14 27 52 46 22 17 47 26 48 
AQUIIII!!46 26 16 50 40 51 22 37 49 52 19 47 48 20 18 0 
AQUIIII!!47 46 48 44 17 14 49 52 20 AQUIIII!!21 46 26 52 48 22 37 9 9 16 20 37 26 27 47 
17 16 22 8 14 21 27 44 
AQUIIII!!52 46 51 26 20 47 22 50 49 48 37 18 AQUIIII!!16 51 19 49 24 50 44 40 
1 2 AQUIIII!!33 41 7 29 11 8 32 6 10 22 21 13 48 34 17 19 5 18 27 0 52 
47 14 9 46 44 
AQUIIII!!41 29 8 6 22 21 48 17 5 27 52 47 14 9 46 44 
AQUIIII!!44 8 5 47 AQUIIII!!21 44 41 6 17 3 48 5 22 29 6 4 47 46 22 14 4 32 8 29 41 9 9 
17 32 46 21 14 
AQUIIII!!46 17 29 9 52 21 14 47 27 6 44 41 22 48 5 8 
AQUIIII!!44 37 22 27 52 14 17 47 46 9 48 20 21 8 26 16 
AQUIIII!!44 49 52 22 26 16 51 14 46 20 17 48 47 21 37 27 
AQUIIII!!44 19 20 22 52 49 21 47 24 16 46 37 18 51 48 26 
AQUIIII!!46 47 9 22 8 4 44 32 5 14 21 6 29 3 17 41 
AQUIIII!!46 47 AQUIIII!!9 46 22 21 8 51 4 37 44 14 32 16 5 14 52 21 22 6 20 29 47 3 27 17 17 41 49 
26 48 44 
AQUIIII!!44 47 8 46 5 14 4 29 32 21 48 6 17 41 9 22 
AQUIIII!!46 48 8 26 16 22 21 14 37 9 17 20 44 52 47 27 
AQUIIII!!46 21 26 47 51 49 48 19 24 44 22 20 16 37 52 18 
AQUIIII!!47 44 41 21 32 5 48 46 29 8 17 14 6 4 9 22 
AQUIIII!!44 49 20 26 14 17 47 21 9 48 22 46 16 37 27 52 
AQUIIII!!46 17 26 49 21 22 20 14 52 44 9 16 27 37 47 48 
AQUIIII!!49 50 51 48 20 16 46 22 52 0 40 26 47 19 37 18 
AQUIIII!!46 21 44 32 9 5 47 6 22 17 14 8 4 29 3 41 
AQUIIII!!46 8 21 29 32 44 17 22 45 14 3 5 9 4 41 6 
AQUIIII!!44 16 46 18 21 47 37 49 51 48 20 52 17 AQUIIII!!24 47 26 46 22 8 
21 29 44 6 48 17 4 14 41 32 22 9 5 
AQUIIII!!46 21 44 32 9 5 47 6 22 17 14 8 4 29 3 41 
AQUIIII!!44 47 46 21 27 48 17 49 16 51 37 26 14 22 52 20 
AQUIIII!!44 20 49 51 46 26 14 37 47 16 27 52 48 22 17 21 
AQUIIII!!46 26 19 48 18 47 20 22 50 16 0 37 51 52 49 40 
AQUIIII!!46 44 27 16 9 20 37 47 17 52 26 21 22 48 14 8 
AQUIIII!!46 44 27 16 9 20 37 47 17 52 26 21 22 48 14 8 
AQUIIII!!44 21 18 24 46 48 51 47 26 19 16 52 49 20 22 37 
AQUIIII!!44 20 49 51 46 26 14 37 47 16 27 52 48 22 17 21 
AQUIIII!!44 47 46 48 52 20 26 37 22 18 AQUIIII!!24 44 16 46 50 47 49 4 19 9 51 48 
17 21 22 5 14 41 8 32 29 6 
AQUIIII!!44 47 6 46 17 52 14 8 9 41 29 27 22 5 48 21 
AQUIIII!!44 6 5 17 4 45 3 9 14 32 29 8 15 41 22 21 
Number of Cuts in the second phase:4217
Number of repeat: 3734 
Violation: 586.000000
Violation: 629.000000
Violation: 593.000000
Violation: 807.000000
Violation: 740.000000
Violation: 435.000000
Violation: 210.000000
Violation: 551.000000
Violation: 177.000000
Violation: 110.000000
Violation: 243.000000
Violation: 486.000000
Violation: 1102.000000
Violation: 551.000000
Violation: 404.000000
Violation: 601.000000
Violation: 1194.000000
Violation: 420.000000
Violation: 1304.000000
Violation: 202.000000
Violation: 1110.000000
Violation: 293.000000
Violation: 943.000000
Violation: 870.000000
Violation: 698.000000
Violation: 1312.000000
Violation: 305.000000
Violation: 202.000000
Violation: 202.000000
Violation: 855.000000
Violation: 677.000000
Violation: 761.000000
Violation: 194.000000
Violation: 142.000000
Violation: 577.000000
Violation: 265.000000
Violation: 728.000000
Violation: 753.000000
Violation: 192.000000
Violation: 626.000000
Violation: 174.000000
Violation: 1614.000000
Violation: 1362.000000
Violation: 220.000000
Violation: 322.000000
Violation: 447.000000
Violation: 265.000000
Violation: 1127.000000
Violation: 653.000000
Violation: 585.000000
Violation: 552.000000
Violation: 696.000000
Violation: 70.000000
Violation: 565.000000
Violation: 700.000000
Violation: 262.000000
Violation: 212.000000
Violation: 330.000000
Violation: 404.000000
Violation: 16.000000
Violation: 601.000000
Violation: 499.000000
Violation: 387.000000
Violation: 1332.000000
Violation: 218.000000
Violation: 698.000000
Violation: 210.000000
Violation: 235.000000
Violation: 581.000000
Violation: 735.000000
Violation: 458.000000
Violation: 86.000000
Violation: 90.000000
Violation: 716.000000
Violation: 60.000000
Violation: 852.000000
Violation: 461.000000
Violation: 152.000000
Violation: 346.000000
Violation: 345.000000
Violation: 1152.000000
Violation: 381.000000
Violation: 167.000000
Violation: 208.000000
Violation: 426.000000
Violation: 573.000000
Violation: 142.000000
Violation: 991.000000
Violation: 693.000000
Violation: 541.000000
Violation: 87.000000
Violation: 265.000000
Violation: 330.000000
Violation: 269.000000
Violation: 429.000000
Violation: 378.000000
Violation: 456.000000
Violation: 115.000000
Violation: 13.000000
Violation: 8.000000
Violation: 1059.000000
Violation: 952.000000
Violation: 396.000000
Violation: 582.000000
Violation: 356.000000
Violation: 102.000000
Violation: 983.000000
Violation: 210.000000
Violation: 535.000000
Violation: 337.000000
Violation: 1202.000000
Violation: 483.000000
Violation: 432.000000
Violation: 124.000000
Violation: 380.000000
Violation: 601.000000
Violation: 544.000000
Violation: 143.000000
Violation: 194.000000
Violation: 826.000000
Violation: 313.000000
Violation: 323.000000
Violation: 839.000000
Violation: 1202.000000
Violation: 1530.000000
Violation: 949.000000
Violation: 8.000000
Violation: 304.000000
Violation: 30.000000
Violation: 396.000000
Violation: 625.000000
Violation: 200.000000
Violation: 177.000000
Violation: 104.000000
Violation: 1074.000000
Violation: 212.000000
Violation: 183.000000
Violation: 789.000000
Violation: 830.000000
Violation: 142.000000
Violation: 632.000000
Violation: 205.000000
Violation: 399.000000
Violation: 420.000000
Violation: 1002.000000
Violation: 387.000000
Violation: 589.000000
Violation: 537.000000
Violation: 206.000000
Violation: 621.000000
Violation: 88.000000
Violation: 208.000000
Violation: 517.000000
Violation: 982.000000
Violation: 536.000000
Violation: 577.000000
Violation: 210.000000
Violation: 604.000000
Violation: 310.000000
Violation: 1898.000000
Violation: 811.000000
Violation: 599.000000
Violation: 565.000000
Violation: 747.000000
Violation: 515.000000
Violation: 346.000000
Violation: 172.000000
Violation: 636.000000
Violation: 352.000000
Violation: 182.000000
Violation: 173.000000
Violation: 7.000000
Violation: 264.000000
Violation: 304.000000
Violation: 1503.000000
Violation: 182.000000
Violation: 724.000000
Violation: 1292.000000
Violation: 379.000000
Violation: 609.000000
Violation: 775.000000
Violation: 801.000000
Violation: 333.000000
Violation: 294.000000
Violation: 283.000000
Violation: 345.000000
Violation: 531.000000
Violation: 469.000000
Violation: 637.000000
Violation: 278.000000
Violation: 674.000000
Violation: 183.000000
Violation: 559.000000
Violation: 610.000000
Violation: 818.000000
Violation: 305.000000
Violation: 87.000000
Violation: 362.000000
Violation: 438.000000
Violation: 228.000000
Violation: 284.000000
Violation: 106.000000
Violation: 504.000000
Violation: 678.000000
Violation: 465.000000
Violation: 117.000000
Violation: 624.000000
Violation: 599.000000
Violation: 796.000000
Violation: 1073.000000
Violation: 609.000000
Violation: 989.000000
Violation: 335.000000
Violation: 453.000000
Violation: 589.000000
Violation: 748.000000
Violation: 1086.000000
Violation: 394.000000
Violation: 515.000000
Violation: 498.000000
Violation: 1007.000000
Violation: 31.000000
Violation: 326.000000
Violation: 373.000000
Violation: 134.000000
Violation: 13.000000
Violation: 179.000000
Violation: 1358.000000
Violation: 247.000000
Violation: 771.000000
Violation: 600.000000
Violation: 192.000000
Violation: 54.000000
Violation: 736.000000
Violation: 1152.000000
Violation: 211.000000
Violation: 533.000000
Violation: 393.000000
Violation: 496.000000
Violation: 423.000000
Violation: 768.000000
Violation: 190.000000
Violation: 495.000000
Violation: 1436.000000
Violation: 597.000000
Violation: 326.000000
Violation: 569.000000
Violation: 568.000000
Violation: 576.000000
Violation: 6.000000
Violation: 743.000000
Violation: 588.000000
Violation: 577.000000
Violation: 586.000000
Violation: 392.000000
Violation: 152.000000
Violation: 1049.000000
Violation: 1486.000000
Violation: 90.000000
Violation: 730.000000
Violation: 102.000000
Violation: 601.000000
Violation: 312.000000
Violation: 182.000000
Violation: 1105.000000
Violation: 512.000000
Violation: 573.000000
Violation: 397.000000
Violation: 353.000000
Violation: 962.000000
Violation: 75.000000
Violation: 485.000000
Violation: 16.000000
Violation: 420.000000
Violation: 205.000000
Violation: 1422.000000
Violation: 471.000000
Violation: 676.000000
Violation: 116.000000
Violation: 736.000000
Violation: 394.000000
Violation: 409.000000
Violation: 733.000000
Violation: 173.000000
Violation: 949.000000
Violation: 358.000000
Violation: 1412.000000
Violation: 687.000000
Violation: 326.000000
Violation: 99.000000
Violation: 515.000000
Violation: 300.000000
Violation: 803.000000
Violation: 1421.000000
Violation: 551.000000
Violation: 531.000000
Violation: 352.000000
Violation: 604.000000
Violation: 1478.000000
Violation: 429.000000
Violation: 1102.000000
Violation: 819.000000
Violation: 992.000000
Violation: 1194.000000
Violation: 580.000000
Violation: 905.000000
Violation: 1392.000000
Violation: 843.000000
Violation: 235.000000
Violation: 284.000000
Violation: 152.000000
Violation: 431.000000
Violation: 504.000000
Violation: 347.000000
Violation: 470.000000
Violation: 734.000000
Violation: 449.000000
Violation: 1362.000000
Violation: 222.000000
Violation: 565.000000
Violation: 282.000000
Violation: 1622.000000
Violation: 190.000000
Violation: 751.000000
Violation: 905.000000
Violation: 289.000000
Violation: 948.000000
Violation: 796.000000
Violation: 1186.000000
Violation: 386.000000
Violation: 999.000000
Violation: 648.000000
Violation: 997.000000
Violation: 429.000000
Violation: 1137.000000
Violation: 110.000000
Violation: 712.000000
Violation: 319.000000
Violation: 675.000000
Violation: 589.000000
Violation: 1585.000000
Violation: 18.000000
Violation: 260.000000
Violation: 132.000000
Violation: 223.000000
Violation: 8.000000
Violation: 393.000000
Violation: 61.000000
Violation: 158.000000
Violation: 1178.000000
Violation: 357.000000
Violation: 1222.000000
Violation: 408.000000
Violation: 276.000000
Violation: 551.000000
Violation: 713.000000
Violation: 249.000000
Violation: 990.000000
Violation: 920.000000
Violation: 345.000000
Violation: 558.000000
Violation: 1394.000000
Violation: 1024.000000
Violation: 1374.000000
Violation: 298.000000
Violation: 235.000000
Violation: 789.000000
Violation: 182.000000
Violation: 739.000000
Violation: 425.000000
Violation: 288.000000
Violation: 1244.000000
Violation: 734.000000
Violation: 609.000000
Violation: 587.000000
Violation: 614.000000
Violation: 550.000000
Violation: 865.000000
Violation: 160.000000
Violation: 1126.000000
Violation: 35.000000
Violation: 194.000000
Violation: 242.000000
Violation: 281.000000
Violation: 621.000000
Violation: 1906.000000
Violation: 947.000000
Violation: 242.000000
Violation: 779.000000
Violation: 865.000000
Violation: 49.000000
Violation: 284.000000
Violation: 24.000000
Violation: 66.000000
Violation: 541.000000
Violation: 184.000000
Violation: 104.000000
Violation: 423.000000
Violation: 384.000000
Violation: 87.000000
Violation: 443.000000
Violation: 420.000000
Violation: 612.000000
Violation: 457.000000
Violation: 625.000000
Violation: 708.000000
Violation: 200.000000
Violation: 138.000000
Violation: 345.000000
Violation: 695.000000
Violation: 1099.000000
Violation: 98.000000
Violation: 304.000000
Violation: 345.000000
Violation: 182.000000
Violation: 798.000000
Violation: 478.000000
Violation: 585.000000
Violation: 446.000000
Violation: 1313.000000
Violation: 2008.000000
Violation: 276.000000
Violation: 409.000000
Violation: 175.000000
Violation: 1155.000000
Violation: 166.000000
Violation: 845.000000
Violation: 982.000000
Violation: 22.000000
Violation: 71.000000
Violation: 85.000000
Violation: 881.000000
Violation: 911.000000
Violation: 582.000000
Violation: 828.000000
Violation: 298.000000
Violation: 557.000000
Violation: 463.000000
Violation: 925.000000
Violation: 736.000000
Violation: 234.000000
Violation: 512.000000
Violation: 251.000000
Violation: 420.000000
Violation: 1724.000000
Violation: 144.000000
Violation: 594.000000
Violation: 22.000000
Violation: 333.000000
Violation: 721.000000
Violation: 152.000000
Violation: 314.000000
Violation: 407.000000
Violation: 660.000000
Violation: 93.000000
Violation: 235.000000
Violation: 152.000000
Violation: 648.000000
Violation: 942.000000
Violation: 1613.000000
Violation: 212.000000
Violation: 236.000000
Violation: 752.000000
Violation: 995.000000
Violation: 313.000000
Violation: 1304.000000
Violation: 626.000000
Violation: 844.000000
Violation: 260.000000
Violation: 744.000000
Violation: 701.000000
Violation: 729.000000
Violation: 716.000000
Violation: 498.000000
Violation: 99.000000
Violation: 775.000000
Violation: 54.000000
Violation: 1386.000000
Violation: 195.000000
Violation: 290.000000
Violation: 273.000000
Violation: 190.000000
Violation: 1422.000000
took 2.508621
Optimize a model with 850 rows, 906 columns and 13033 nonzeros
Coefficient statistics:
  Matrix range     [1e+00, 4e+01]
  Objective range  [0e+00, 0e+00]
  Bounds range     [1e+00, 4e+01]
  RHS range        [1e+00, 1e+02]
Presolve removed 386 rows and 108 columns
Presolve time: 0.00s
Presolved: 464 rows, 798 columns, 10064 nonzeros

Iteration    Objective       Primal Inf.    Dual Inf.      Time
       0    0.0000000e+00   4.508044e+01   0.000000e+00      0s
     121    0.0000000e+00   0.000000e+00   0.000000e+00      0s

Solved in 121 iterations and 0.01 seconds
Optimal objective  0.000000000e+00
