j3017_4.mm_s3.txt
Academic license - for non-commercial use only
Read LP format model from file lp/j3017_4.mm.lp
Reading time = 0.01 seconds
: 351 rows, 906 columns, 9053 nonzeros
OKGPU
nThreads: 1024 , nBlocks: 12 
Number cuts generated in the phase 1: 8
Number of repeat: 2 
violation 750.000000
violation 500.000000
violation 404.000000
violation 71.000000
violation 380.000000
violation 800.000000
6996 16
AQUIIII!!48 23 13 39 21 46 45 9 14 11 7 16 20 AQUIIII!!25 48 10 25 27 32 
19 20 28 43 AQUIIII!!18 12 48 AQUIIII!!10 27 44 48 23 10 23 AQUIIII!!46 32 17 22 20 11 48 22 7 44 11 27 46 20 44 
19 27 25 44 43 43 23 22 43 22 46 46 16 13 23 10 20 25 7 9 11 25 32 10 7 13 
7 9 19 
32 13 9 
AQUIIII!!18 43 11 20 AQUIIII!!10 10 AQUIIII!!23 25 14 25 45 7 19 9 27 27 20 22 45 21 7 46 37 17 7 11 32 23 21 46 39 9 44 14 48 13 27 
10 11 AQUIIII!!16 20 22 13 23 43 48 25 
29 46 48 7 16 17 15 8 
12 32 19 20 44 28 23 18 48 
AQUIIII!!28 AQUIIII!!44 43 43 20 22 8 32 17 23 19 8 32 17 46 19 AQUIIII!!25 6 11 28 AQUIIII!!25 44 9 20 20 22 20 AQUIIII!!22 AQUIIII!!12 12 21 16 18 19 27 16 46 23 23 16 44 18 13 AQUIIII!!6 46 11 13 48 27 48 44 13 10 
23 37 
23 39 22 45 21 7 7 32 11 29 10 27 44 7 9 27 45 9 32 15 20 25 10 25 11 9 32 13 13 14 16 9 25 23 7 11 7 46 48 46 14 
20 48 20 10 10 43 45 27 23 48 21 
43 
46 48 25 
48 
AQUIIII!!12 44 8 AQUIIII!!32 16 18 21 43 25 20 32 23 27 25 44 19 20 17 45 28 13 46 9 22 10 6 7 48 23 
11 46 48 
AQUIIII!!AQUIIII!!25 18 AQUIIII!!43 23 10 11 43 46 32 25 25 44 9 46 27 20 11 22 27 27 11 10 43 22 7 10 22 9 AQUIIII!!23 32 46 7 27 19 19 19 23 20 13 20 22 13 44 13 11 44 32 23 7 13 48 48 
48 9 AQUIIII!!
AQUIIII!!
32 39 13 27 10 22 21 7 11 23 25 18 20 43 27 25 46 20 10 AQUIIII!!44 19 7 7 20 25 22 13 16 46 25 46 48 10 AQUIIII!!20 AQUIIII!!32 16 
48 19 48 14 44 22 17 46 9 43 18 23 43 23 45 6 46 10 11 7 23 43 32 48 48 27 27 
20 
16 11 28 AQUIIII!!10 44 43 48 32 32 23 20 18 9 25 43 44 20 17 46 48 25 46 13 
11 10 12 13 9 44 7 7 8 23 22 19 
22 
AQUIIII!!25 48 32 32 19 9 11 13 44 23 27 22 
25 43 16 7 44 27 46 20 11 10 
AQUIIII!!48 15 16 14 20 7 27 29 13 37 11 10 21 45 9 23 
AQUIIII!!11 7 16 27 43 25 20 13 32 10 23 9 22 44 46 48 
AQUIIII!!28 20 44 23 18 17 22 AQUIIII!!25 10 8 27 12 20 45 19 11 7 23 32 44 43 7 48 21 46 13 
46 25 16 9 32 48 
AQUIIII!!25 21 10 11 16 AQUIIII!!23 9 AQUIIII!!32 11 27 7 11 7 27 20 43 13 46 10 45 39 32 9 AQUIIII!!25 19 44 11 13 9 20 14 27 13 48 7 16 22 46 16 AQUIIII!!45 25 45 
17 7 14 25 10 20 10 9 27 23 39 21 44 23 13 23 48 21 25 48 46 23 22 

10 18 27 11 20 43 46 32 48 19 
44 20 AQUIIII!!7 AQUIIII!!22 46 AQUIIII!!7 11 11 48 27 
13 44 29 25 13 37 21 10 20 10 23 13 23 18 16 20 39 20 9 27 43 21 45 45 32 7 14 7 14 15 AQUIIII!!19 16 AQUIIII!!23 46 28 46 9 19 11 23 25 48 10 18 43 
27 48 32 18 
48 28 46 
17 8 8 22 25 44 7 25 12 6 32 20 20 17 19 23 44 46 22 43 48 12 
48 
AQUIIII!!AQUIIII!!48 8 46 7 23 22 10 20 43 32 20 23 19 44 44 12 18 18 22 17 11 25 27 19 32 43 7 28 13 46 25 48 

AQUIIII!!46 48 43 9 25 13 10 11 20 27 32 19 44 22 7 23 
AQUIIII!!23 44 18 17 28 AQUIIII!!32 23 10 9 46 21 22 11 12 27 20 16 43 20 25 25 7 45 19 13 48 44 
46 7 10 32 48 
AQUIIII!!32 25 46 22 7 23 44 13 43 11 20 18 27 10 19 48 
AQUIIII!!10 27 23 9 7 39 AQUIIII!!20 25 45 19 14 11 21 22 25 44 46 AQUIIII!!18 11 23 46 13 32 20 AQUIIII!!16 46 21 48 48 27 32 
14 10 25 16 13 45 29 21 7 23 7 43 11 23 20 27 45 48 7 37 
44 11 13 10 10 9 9 16 27 13 15 48 20 

AQUIIII!!18 43 6 AQUIIII!!8 48 23 45 9 19 46 28 7 20 22 10 17 16 13 20 39 32 14 44 11 23 12 25 25 27 21 46 
48 
AQUIIII!!18 12 44 17 AQUIIII!!10 10 19 AQUIIII!!22 20 18 28 28 25 11 25 7 17 7 19 23 32 44 43 23 32 20 22 12 46 AQUIIII!!46 19 27 23 43 44 23 14 7 48 32 13 8 
25 22 39 46 17 7 18 43 25 20 20 48 48 10 

11 9 21 27 AQUIIII!!45 19 48 46 16 AQUIIII!!12 46 48 32 
28 17 32 8 23 AQUIIII!!7 20 48 43 46 18 25 32 17 20 28 19 18 44 22 13 AQUIIII!!25 22 48 46 43 22 23 25 44 18 22 11 25 12 43 6 43 20 44 
10 18 27 20 7 27 8 AQUIIII!!19 7 AQUIIII!!48 23 11 13 48 10 44 
45 9 
17 46 23 46 7 19 9 13 32 37 11 23 44 15 
20 7 27 20 25 45 16 16 29 10 21 23 21 27 32 14 
11 10 48 
AQUIIII!!48 23 32 12 25 43 28 19 6 20 17 8 44 22 18 46 
AQUIIII!!19 25 11 22 10 23 46 20 9 27 32 43 13 44 7 48 
AQUIIII!!48 20 9 14 37 7 16 15 21 23 27 45 11 13 10 29 
AQUIIII!!48 17 44 32 46 23 20 7 11 19 10 25 18 27 43 22 
AQUIIII!!8 25 28 17 7 19 22 23 32 44 18 20 12 48 43 46 
AQUIIII!!48 43 20 46 7 32 13 23 19 27 25 18 11 10 44 22 
AQUIIII!!44 AQUIIII!!32 25 20 46 45 8 27 23 46 28 25 12 23 44 9 43 11 19 10 22 7 17 21 16 6 13 32 48 20 
18 48 
AQUIIII!!8 20 12 22 32 46 23 AQUIIII!!6 48 28 32 19 7 25 17 18 23 43 20 17 12 44 18 48 10 
19 28 44 43 46 25 22 
AQUIIII!!46 48 45 25 20 7 44 10 23 11 21 27 32 16 13 9 
AQUIIII!!23 19 25 20 22 12 28 44 32 6 18 8 17 46 43 48 
AQUIIII!!43 44 46 7 32 20 22 25 9 AQUIIII!!23 23 16 19 44 11 43 13 7 27 20 10 8 48 46 
12 32 25 28 17 22 18 48 
AQUIIII!!29 27 11 45 37 7 14 16 10 21 23 20 13 15 9 48 
AQUIIII!!21 45 15 14 20 27 13 16 37 11 10 23 7 9 29 48 
AQUIIII!!48 16 22 25 32 43 9 46 11 13 27 20 10 44 23 7 
AQUIIII!!19 9 13 44 11 27 32 10 7 20 22 25 23 48 43 46 
AQUIIII!!13 20 7 27 43 46 44 11 19 25 10 23 32 18 22 48 
AQUIIII!!48 7 25 AQUIIII!!44 46 11 18 16 25 32 13 17 23 43 27 8 22 20 28 7 20 44 19 32 23 46 12 9 
22 43 10 48 
AQUIIII!!21 20 25 7 9 32 44 13 46 10 45 16 27 23 11 48 
AQUIIII!!48 16 9 13 10 AQUIIII!!20 48 11 37 29 16 45 27 27 21 15 29 37 7 21 9 14 10 23 15 7 13 
14 23 11 20 45 
AQUIIII!!46 48 45 21 20 23 9 44 11 16 27 13 25 32 10 7 
AQUIIII!!48 16 22 25 32 43 9 46 11 13 27 20 10 44 23 7 
AQUIIII!!27 10 16 9 13 25 32 22 11 46 23 43 20 44 7 48 
AQUIIII!!44 8 19 28 17 18 20 23 43 22 46 12 6 25 32 48 
AQUIIII!!48 23 13 43 22 27 32 11 10 25 7 46 44 18 19 20 
AQUIIII!!48 7 37 11 27 AQUIIII!!16 48 10 20 13 14 23 11 21 29 9 45 29 9 15 45 23 14 16 21 13 
10 20 AQUIIII!!48 7 22 37 25 27 19 15 8 
28 43 12 17 23 32 46 18 6 20 44 
AQUIIII!!48 23 20 18 25 6 43 28 19 17 32 12 22 8 44 46 
AQUIIII!!9 44 11 46 21 10 27 25 45 13 23 7 20 AQUIIII!!32 16 48 48 17 
12 7 20 18 19 32 43 28 23 25 44 22 46 8 
AQUIIII!!43 10 18 19 32 7 11 17 44 22 25 46 23 27 20 48 
AQUIIII!!32 43 25 44 8 18 12 28 19 6 46 23 17 22 20 48 
AQUIIII!!21 32 11 27 45 23 7 16 44 25 20 10 9 46 13 48 
AQUIIII!!20 7 22 23 10 32 25 16 43 27 44 9 13 46 11 48 
AQUIIII!!48 10 7 22 20 43 46 11 18 25 32 27 23 19 44 13 
AQUIIII!!48 46 8 17 44 18 43 23 28 25 32 7 19 12 20 22 
AQUIIII!!46 48 44 9 20 21 32 16 25 7 27 23 10 13 45 11 
AQUIIII!!48 7 32 20 46 13 11 27 10 AQUIIII!!25 45 23 10 19 11 18 27 44 7 43 13 22 20 
39 25 16 21 46 14 23 9 48 
AQUIIII!!28 44 22 19 AQUIIII!!17 48 12 11 23 25 18 19 20 20 25 18 6 8 22 46 10 43 17 32 23 48 44 
32 7 46 43 27 
AQUIIII!!19 27 20 32 43 13 46 23 18 44 7 22 11 10 25 48 
AQUIIII!!6 20 46 17 25 43 18 22 19 28 12 23 44 8 32 48 
AQUIIII!!46 48 19 11 25 32 44 43 17 10 18 22 23 20 7 27 
AQUIIII!!46 48 22 32 10 25 23 28 19 20 12 43 44 7 17 18 
AQUIIII!!43 44 48 13 27 10 16 9 32 46 20 23 22 11 25 7 
AQUIIII!!48 13 44 22 20 32 27 9 19 11 10 23 25 7 46 43 
AQUIIII!!48 46 7 43 20 18 44 13 22 10 32 25 23 27 11 19 
AQUIIII!!48 46 10 20 23 16 7 39 45 13 11 21 27 9 25 14 
AQUIIII!!48 7 44 9 19 25 46 22 AQUIIII!!32 48 43 13 10 21 20 16 27 25 13 27 11 10 23 46 
32 45 23 9 20 7 44 11 
AQUIIII!!48 22 20 10 17 23 32 7 43 46 19 28 25 12 44 18 
AQUIIII!!48 44 46 32 21 27 9 11 25 23 10 13 45 16 7 20 
AQUIIII!!48 32 25 23 10 19 17 7 20 18 46 22 44 27 43 11 
AQUIIII!!46 48 17 22 10 23 28 44 7 12 20 19 43 18 25 32 
AQUIIII!!48 46 23 32 20 43 44 10 13 22 27 7 11 25 19 18 
AQUIIII!!48 10 22 16 32 9 23 27 20 13 25 43 44 11 7 46 
AQUIIII!!48 11 9 23 25 45 32 10 21 13 46 16 20 7 27 44 
AQUIIII!!48 20 27 23 11 9 45 7 21 32 25 16 13 44 46 10 
AQUIIII!!20 9 11 23 15 10 16 14 45 7 29 21 27 AQUIIII!!37 48 13 16 48 13 
11 15 37 14 45 21 10 20 27 7 9 29 23 
AQUIIII!!48 20 9 10 27 25 11 7 43 32 13 16 22 46 44 23 
AQUIIII!!48 11 21 25 13 20 10 46 45 27 16 32 23 44 7 9 
AQUIIII!!AQUIIII!!44 46 48 48 43 22 27 9 25 32 7 20 23 45 46 10 13 13 10 11 7 21 11 16 20 25 23 27 44 
16 9 32 
AQUIIII!!48 20 14 10 29 16 15 11 45 21 13 27 7 23 9 37 
AQUIIII!!48 7 21 32 10 16 20 AQUIIII!!44 48 11 27 45 20 23 7 25 9 46 27 44 13 10 46 25 
32 13 18 22 23 11 43 19 
AQUIIII!!22 7 8 20 12 23 44 28 25 17 32 46 19 43 18 48 
AQUIIII!!9 25 21 13 46 10 11 7 45 20 44 27 16 23 32 48 
AQUIIII!!48 25 9 44 16 7 20 13 23 43 46 22 11 27 32 10 
AQUIIII!!48 32 7 46 22 12 23 19 44 28 17 43 18 20 25 8 
AQUIIII!!48 12 28 43 7 17 44 32 20 23 18 46 8 22 19 25 
AQUIIII!!48 8 17 28 AQUIIII!!20 48 22 20 6 10 44 46 16 44 9 23 11 25 25 19 46 43 21 12 23 32 27 18 32 
7 45 13 
Number of Cuts in the second phase:3852
Number of repeat: 3701 
Violation: 458.000000
Violation: 600.000000
Violation: 519.000000
Violation: 200.000000
Violation: 71.000000
Violation: 250.000000
Violation: 1000.000000
Violation: 500.000000
Violation: 500.000000
Violation: 600.000000
Violation: 229.000000
Violation: 1200.000000
Violation: 224.000000
Violation: 229.000000
Violation: 200.000000
Violation: 151.000000
Violation: 500.000000
Violation: 109.000000
Violation: 100.000000
Violation: 323.000000
Violation: 151.000000
Violation: 250.000000
Violation: 200.000000
Violation: 295.000000
Violation: 500.000000
Violation: 500.000000
Violation: 1000.000000
Violation: 687.000000
Violation: 200.000000
Violation: 250.000000
Violation: 180.000000
Violation: 1000.000000
Violation: 600.000000
Violation: 600.000000
Violation: 83.000000
Violation: 218.000000
Violation: 302.000000
Violation: 529.000000
Violation: 600.000000
Violation: 250.000000
Violation: 500.000000
Violation: 200.000000
Violation: 500.000000
Violation: 109.000000
Violation: 200.000000
Violation: 400.000000
Violation: 198.000000
Violation: 200.000000
Violation: 500.000000
Violation: 200.000000
Violation: 216.000000
Violation: 400.000000
Violation: 108.000000
Violation: 500.000000
Violation: 500.000000
Violation: 500.000000
Violation: 83.000000
Violation: 200.000000
Violation: 500.000000
Violation: 1000.000000
Violation: 522.000000
Violation: 599.000000
Violation: 513.000000
Violation: 1000.000000
Violation: 422.000000
Violation: 302.000000
Violation: 200.000000
Violation: 522.000000
Violation: 500.000000
Violation: 200.000000
Violation: 1200.000000
Violation: 224.000000
Violation: 228.000000
Violation: 600.000000
Violation: 418.000000
Violation: 200.000000
Violation: 228.000000
Violation: 400.000000
Violation: 600.000000
Violation: 206.000000
Violation: 573.000000
Violation: 200.000000
Violation: 200.000000
Violation: 500.000000
Violation: 400.000000
Violation: 222.000000
Violation: 531.000000
Violation: 150.000000
Violation: 412.000000
Violation: 200.000000
Violation: 119.000000
Violation: 400.000000
Violation: 500.000000
Violation: 586.000000
Violation: 500.000000
Violation: 302.000000
Violation: 1000.000000
Violation: 250.000000
Violation: 531.000000
Violation: 71.000000
Violation: 800.000000
Violation: 100.000000
Violation: 458.000000
Violation: 200.000000
Violation: 458.000000
Violation: 600.000000
Violation: 259.000000
Violation: 205.000000
Violation: 1042.000000
Violation: 500.000000
Violation: 71.000000
Violation: 249.000000
Violation: 489.000000
Violation: 628.000000
Violation: 489.000000
Violation: 200.000000
Violation: 511.000000
Violation: 49.000000
Violation: 73.000000
Violation: 200.000000
Violation: 400.000000
Violation: 500.000000
Violation: 1198.000000
Violation: 109.000000
Violation: 216.000000
Violation: 1200.000000
Violation: 200.000000
Violation: 600.000000
Violation: 500.000000
Violation: 784.000000
Violation: 289.000000
Violation: 206.000000
Violation: 700.000000
Violation: 500.000000
Violation: 198.000000
Violation: 500.000000
Violation: 489.000000
Violation: 302.000000
Violation: 600.000000
Violation: 487.000000
Violation: 1000.000000
Violation: 59.000000
Violation: 400.000000
Violation: 600.000000
Violation: 456.000000
Violation: 250.000000
Violation: 151.000000
Violation: 1198.000000
Violation: 100.000000
Violation: 709.000000
Violation: 709.000000
took 2.574492
Optimize a model with 515 rows, 906 columns and 9725 nonzeros
Coefficient statistics:
  Matrix range     [1e+00, 4e+01]
  Objective range  [0e+00, 0e+00]
  Bounds range     [1e+00, 4e+01]
  RHS range        [1e+00, 1e+02]
Presolve removed 278 rows and 109 columns
Presolve time: 0.00s
Presolved: 237 rows, 797 columns, 8447 nonzeros

Iteration    Objective       Primal Inf.    Dual Inf.      Time
       0    0.0000000e+00   4.408044e+01   0.000000e+00      0s
     130    0.0000000e+00   0.000000e+00   0.000000e+00      0s

Solved in 130 iterations and 0.01 seconds
Optimal objective  0.000000000e+00
