j1201_1.sm_s1.txt
Academic license - for non-commercial use only
Read LP format model from file lp/j1201_1.sm.lp
Reading time = 0.02 seconds
: 1196 rows, 5432 columns, 62759 nonzeros
OKGPU
nThreads: 1024 , nBlocks: 12 
Number cuts generated in the phase 1: 33
Number of repeat: 7 
violation 334.000000
violation 145.000000
violation 234.000000
violation 288.000000
violation 207.000000
violation 63.000000
violation 293.000000
violation 390.000000
violation 467.000000
violation 142.000000
violation 168.000000
violation 458.000000
violation 370.000000
violation 757.000000
violation 859.000000
violation 859.000000
violation 857.000000
violation 637.000000
violation 637.000000
violation 557.000000
violation 164.000000
violation 21.000000
violation 523.000000
violation 445.000000
violation 495.000000
violation 37.000000
8592 8
AQUIIII!!41 AQUIIII!!AQUIIII!!41 111 81 81 112 35 113 85 113 35 86 115 114 85 117 115 114 108 34 34 110 
85 116 AQUIIII!!

41 81 113 115 114 35 34 85 
AQUIIII!!41 85 34 113 AQUIIII!!114 81 81 42 115 34 35 58 
AQUIIII!!114 81 115 113 85 35 114 
41 34 AQUIIII!!35 AQUIIII!!117 41 113 85 81 115 115 111 AQUIIII!!
114 112 34 81 108 113 85 116 35 114 110 85 AQUIIII!!
35 86 AQUIIII!!85 41 
AQUIIII!!81 86 34 86 35 117 113 117 112 34 AQUIIII!!115 111 116 114 117 
111 110 85 41 110 85 110 113 108 116 85 115 108 
108 112 
86 112 116 
111 
AQUIIII!!111 116 112 AQUIIII!!112 75 AQUIIII!!86 111 85 110 116 86 81 36 108 75 35 
108 114 36 110 113 
41 AQUIIII!!34 112 115 AQUIIII!!118 
117 111 AQUIIII!!86 85 111 118 116 112 AQUIIII!!117 110 36 118 AQUIIII!!85 112 86 108 36 116 110 116 86 75 
117 110 111 85 86 75 86 110 111 111 

116 112 116 108 
110 112 
AQUIIII!!113 115 114 41 40 85 34 81 AQUIIII!!
86 108 117 112 85 111 110 116 
AQUIIII!!AQUIIII!!32 117 111 118 110 86 112 119 85 108 AQUIIII!!116 75 86 112 36 75 111 86 36 

108 32 AQUIIII!!AQUIIII!!111 81 116 112 40 112 41 110 75 34 
114 111 113 AQUIIII!!AQUIIII!!36 85 85 35 118 115 108 
41 85 110 34 86 86 114 113 117 
115 110 81 
112 116 111 
AQUIIII!!118 85 110 86 AQUIIII!!117 112 112 111 111 116 
110 116 75 AQUIIII!!108 AQUIIII!!86 36 81 117 115 86 110 
114 116 113 AQUIIII!!118 40 118 85 41 112 AQUIIII!!110 39 AQUIIII!!86 117 85 85 117 39 86 111 
112 85 110 
111 40 116 118 
81 111 114 112 AQUIIII!!113 116 108 41 85 117 115 
110 AQUIIII!!
85 AQUIIII!!117 112 AQUIIII!!116 118 111 58 85 86 AQUIIII!!116 35 111 119 86 110 42 85 112 
108 34 116 86 86 81 112 110 115 117 111 117 113 
111 118 114 112 
AQUIIII!!
85 116 116 
112 118 111 117 85 86 119 
AQUIIII!!AQUIIII!!86 41 75 85 36 39 108 40 32 113 111 81 112 115 110 114 

AQUIIII!!34 41 81 AQUIIII!!AQUIIII!!85 86 110 35 110 36 114 116 75 113 36 86 115 108 32 
75 27 111 111 AQUIIII!!112 108 110 

32 108 75 36 112 86 111 AQUIIII!!
86 AQUIIII!!36 34 116 81 108 41 110 85 112 40 75 113 111 115 
114 
AQUIIII!!34 81 41 85 40 113 AQUIIII!!115 110 114 36 
75 86 32 27 111 108 
AQUIIII!!58 35 42 AQUIIII!!34 AQUIIII!!86 81 81 115 75 35 113 36 85 114 108 
41 32 34 111 113 112 114 110 115 

AQUIIII!!32 110 36 108 86 75 111 27 
AQUIIII!!119 118 116 86 85 117 112 111 
AQUIIII!!116 112 111 36 75 AQUIIII!!110 58 42 86 115 AQUIIII!!108 35 86 
34 117 114 108 113 116 81 112 
111 85 110 
AQUIIII!!85 AQUIIII!!41 85 81 113 81 114 40 115 34 114 35 
39 113 41 115 
AQUIIII!!111 118 112 86 110 117 116 85 
AQUIIII!!AQUIIII!!117 86 85 117 111 108 116 108 112 116 111 112 85 AQUIIII!!110 86 58 
110 34 
42 35 114 81 115 113 
AQUIIII!!114 85 115 113 AQUIIII!!34 39 81 AQUIIII!!40 41 41 110 40 81 111 
115 112 113 108 114 85 86 
36 AQUIIII!!75 34 116 81 
AQUIIII!!35 85 41 81 85 114 AQUIIII!!115 113 86 113 41 85 114 34 117 
119 115 112 AQUIIII!!35 AQUIIII!!39 118 
119 85 116 81 117 111 40 118 
113 85 115 112 41 116 114 
111 86 
AQUIIII!!85 41 39 AQUIIII!!40 AQUIIII!!112 81 118 AQUIIII!!110 114 85 34 115 111 35 86 85 113 36 117 41 
32 110 115 86 113 AQUIIII!!112 81 AQUIIII!!108 118 116 114 
75 110 111 40 
39 117 
AQUIIII!!85 85 108 116 81 110 86 41 36 111 115 86 112 114 116 
113 111 
112 AQUIIII!!75 113 
AQUIIII!!114 85 115 35 34 35 41 85 114 81 81 34 115 41 113 

AQUIIII!!111 112 110 116 AQUIIII!!75 116 36 112 86 118 108 AQUIIII!!111 86 
117 85 119 118 AQUIIII!!85 117 41 86 112 113 AQUIIII!!
116 114 40 111 115 39 110 34 85 
81 81 85 41 40 115 
114 113 
AQUIIII!!85 81 35 34 114 AQUIIII!!41 86 113 85 115 118 
117 AQUIIII!!112 81 116 35 111 41 85 110 34 
114 115 113 
AQUIIII!!108 110 36 86 116 111 112 75 
AQUIIII!!40 AQUIIII!!45 35 41 41 34 81 115 34 44 113 114 85 113 114 
115 
AQUIIII!!111 AQUIIII!!112 116 36 112 108 111 75 110 32 108 110 86 86 36 
75 
AQUIIII!!41 81 40 39 114 115 113 85 
AQUIIII!!116 112 111 110 AQUIIII!!108 85 86 41 36 113 75 34 
115 81 35 114 
AQUIIII!!AQUIIII!!118 86 85 117 117 85 116 111 112 119 108 111 112 
110 116 86 
AQUIIII!!36 75 108 86 111 110 112 116 
AQUIIII!!112 111 110 32 86 36 75 108 
AQUIIII!!85 117 112 108 110 111 86 116 
AQUIIII!!36 75 108 86 AQUIIII!!111 112 110 116 112 111 116 110 
85 108 86 117 
AQUIIII!!85 41 35 114 115 AQUIIII!!AQUIIII!!AQUIIII!!34 58 40 116 81 42 108 34 113 35 41 110 81 
112 81 113 85 113 85 111 115 114 86 114 AQUIIII!!115 117 AQUIIII!!34 

110 112 
86 AQUIIII!!111 75 110 111 36 116 112 108 75 AQUIIII!!116 111 108 86 117 112 36 108 86 116 86 36 85 

116 118 112 119 AQUIIII!!AQUIIII!!111 
58 108 110 35 112 75 34 111 
42 AQUIIII!!36 115 114 110 85 115 32 114 81 113 86 113 41 75 34 

40 81 
AQUIIII!!35 81 34 41 113 114 115 85 
AQUIIII!!110 86 75 36 108 AQUIIII!!111 AQUIIII!!111 112 116 112 116 108 110 36 
116 75 75 86 36 112 86 111 108 AQUIIII!!110 

34 81 85 AQUIIII!!40 41 114 85 113 115 41 81 115 34 
114 35 113 AQUIIII!!
110 86 75 36 108 111 112 116 
AQUIIII!!40 34 41 81 115 114 85 AQUIIII!!113 AQUIIII!!42 
32 58 75 81 86 35 36 114 108 34 110 113 111 115 27 

AQUIIII!!41 40 85 AQUIIII!!81 113 39 35 114 115 115 81 AQUIIII!!113 114 114 
34 41 41 113 85 115 
34 81 85 40 
AQUIIII!!86 85 117 110 112 108 111 116 
AQUIIII!!40 AQUIIII!!86 85 85 34 117 81 110 AQUIIII!!112 114 86 108 41 111 32 116 115 108 
113 110 
36 75 111 AQUIIII!!112 116 
111 108 86 112 110 117 85 
AQUIIII!!115 113 34 114 41 35 81 85 
AQUIIII!!86 110 118 117 111 112 116 85 
AQUIIII!!111 116 112 118 86 85 110 117 
AQUIIII!!119 116 112 111 85 86 117 118 
AQUIIII!!118 112 116 111 117 119 86 85 
AQUIIII!!AQUIIII!!85 21 115 19 114 23 20 113 25 40 86 81 24 41 53 39 

AQUIIII!!110 116 75 36 86 108 111 112 
AQUIIII!!35 34 41 85 115 113 81 114 
AQUIIII!!108 75 86 110 36 116 AQUIIII!!112 116 111 108 
85 112 111 86 110 117 AQUIIII!!
111 116 110 112 86 117 108 85 
AQUIIII!!86 110 108 36 116 111 75 112 
AQUIIII!!116 85 112 111 108 117 86 110 
AQUIIII!!118 117 86 111 112 85 110 116 
AQUIIII!!118 86 117 85 112 116 119 111 
AQUIIII!!108 112 110 111 116 86 AQUIIII!!75 39 36 81 
85 AQUIIII!!40 40 41 39 115 81 114 85 113 113 
115 AQUIIII!!114 86 AQUIIII!!41 110 114 
108 81 36 113 116 115 40 111 85 75 41 112 39 

AQUIIII!!110 85 116 117 86 111 AQUIIII!!112 39 108 81 
85 40 41 115 114 113 
AQUIIII!!41 85 81 113 35 AQUIIII!!34 41 114 115 115 113 114 
81 85 40 39 
AQUIIII!!108 117 110 111 45 112 AQUIIII!!44 113 116 45 
115 114 34 41 35 44 
AQUIIII!!86 32 75 36 108 111 112 110 AQUIIII!!
40 41 81 34 113 85 115 114 
AQUIIII!!112 111 119 117 118 116 85 86 
AQUIIII!!81 115 34 AQUIIII!!113 115 114 114 34 35 113 81 58 35 42 85 41 

AQUIIII!!85 115 113 114 39 40 41 81 
AQUIIII!!86 36 116 111 AQUIIII!!110 41 108 81 75 112 114 
35 113 115 34 85 
AQUIIII!!108 116 110 111 112 117 85 86 
AQUIIII!!35 115 34 114 113 85 81 41 
AQUIIII!!117 116 110 118 85 111 86 112 
AQUIIII!!117 44 116 111 45 118 112 110 
AQUIIII!!40 81 85 39 41 114 115 113 
AQUIIII!!40 81 85 39 41 114 115 113 
AQUIIII!!110 116 111 112 75 86 108 36 
AQUIIII!!86 118 117 112 111 85 116 110 
AQUIIII!!117 108 86 111 85 110 112 116 
AQUIIII!!85 116 112 111 117 86 118 119 
AQUIIII!!81 115 35 34 114 113 AQUIIII!!58 112 42 111 
110 36 75 108 32 86 
AQUIIII!!112 111 85 110 86 117 118 116 
AQUIIII!!41 85 AQUIIII!!114 75 34 86 113 36 35 110 112 81 32 115 111 
108 
AQUIIII!!112 111 110 36 75 108 32 86 
AQUIIII!!115 113 114 39 81 85 41 40 
AQUIIII!!42 35 34 AQUIIII!!81 AQUIIII!!42 58 110 35 116 114 108 81 115 36 34 113 75 113 86 
112 115 111 114 
58 
AQUIIII!!114 113 115 39 41 81 85 40 
AQUIIII!!116 108 110 75 86 36 112 111 
AQUIIII!!36 108 75 86 111 112 110 116 
AQUIIII!!110 112 111 108 86 36 32 AQUIIII!!75 58 
81 42 35 113 34 114 115 
AQUIIII!!115 114 113 81 35 58 42 34 
AQUIIII!!116 85 112 111 117 110 86 118 
AQUIIII!!86 116 112 108 110 111 117 85 
AQUIIII!!85 117 119 86 AQUIIII!!113 112 81 114 111 115 118 42 35 116 58 
34 
AQUIIII!!112 110 116 111 86 36 75 108 
AQUIIII!!110 86 116 111 112 75 108 36 AQUIIII!!
112 118 111 117 85 86 119 AQUIIII!!116 111 
112 110 108 86 32 36 75 
AQUIIII!!111 112 110 108 86 32 36 75 
AQUIIII!!112 118 111 85 86 116 117 110 
AQUIIII!!116 86 117 110 85 108 111 112 AQUIIII!!
115 113 114 81 85 35 34 41 
AQUIIII!!116 85 86 117 110 111 108 AQUIIII!!112 58 
42 114 113 115 35 34 81 AQUIIII!!108 
86 110 32 36 75 111 112 AQUIIII!!
111 112 75 110 108 36 86 32 
AQUIIII!!111 112 86 117 85 110 116 108 
AQUIIII!!53 24 AQUIIII!!81 86 41 20 114 19 115 25 35 85 21 113 23 34 

AQUIIII!!112 AQUIIII!!85 111 111 112 116 119 86 116 108 85 110 117 86 
118 117 
AQUIIII!!AQUIIII!!112 111 111 112 36 116 86 85 116 117 110 75 86 108 118 119 

AQUIIII!!58 42 34 35 115 81 113 114 
AQUIIII!!58 42 34 35 115 81 113 AQUIIII!!114 21 
24 19 20 23 25 86 53 
AQUIIII!!116 112 111 110 108 86 36 75 
AQUIIII!!111 112 86 85 117 110 116 108 
AQUIIII!!116 111 112 119 86 118 117 85 
AQUIIII!!113 35 115 58 114 34 42 81 
AQUIIII!!112 85 116 111 118 117 86 110 
AQUIIII!!111 116 112 85 86 110 117 108 
AQUIIII!!110 108 116 86 112 111 117 85 
AQUIIII!!114 81 115 113 40 39 41 85 
AQUIIII!!111 112 116 117 86 85 118 119 
AQUIIII!!111 112 75 108 86 116 36 110 
AQUIIII!!112 111 110 108 117 86 85 116 
AQUIIII!!110 116 108 AQUIIII!!111 111 112 112 117 116 86 117 85 86 
85 118 119 
AQUIIII!!112 111 110 108 117 86 85 116 
AQUIIII!!111 112 116 85 117 86 118 119 
AQUIIII!!111 112 116 85 117 86 118 119 
AQUIIII!!113 AQUIIII!!115 85 85 114 114 34 35 35 41 113 81 34 115 
41 81 
AQUIIII!!108 116 110 85 117 111 112 86 
AQUIIII!!112 111 108 110 32 86 75 36 
AQUIIII!!86 112 111 118 117 119 85 116 
AQUIIII!!110 111 112 117 86 108 85 116 
AQUIIII!!81 34 40 41 114 115 113 85 
AQUIIII!!AQUIIII!!86 111 118 112 117 86 110 116 108 112 116 110 36 85 75 111 

AQUIIII!!111 110 32 112 36 108 86 75 
AQUIIII!!116 118 110 86 85 117 112 111 
AQUIIII!!108 112 111 75 116 110 86 36 
AQUIIII!!85 116 111 112 117 86 118 119 
AQUIIII!!41 34 113 35 114 115 85 81 
AQUIIII!!115 81 113 114 41 85 35 34 
AQUIIII!!108 110 112 AQUIIII!!111 35 86 116 113 117 58 85 
115 114 34 81 42 
AQUIIII!!112 111 108 110 32 86 75 36 
AQUIIII!!112 111 108 110 32 86 75 36 
AQUIIII!!75 116 111 112 86 110 36 108 
AQUIIII!!111 112 118 86 119 116 117 85 
AQUIIII!!34 115 113 85 35 114 81 41 
AQUIIII!!85 111 112 86 118 116 117 110 
AQUIIII!!114 113 115 39 41 81 85 40 
AQUIIII!!113 114 115 35 85 81 34 41 
AQUIIII!!34 41 115 35 114 113 85 81 
AQUIIII!!116 111 112 119 86 118 117 85 
AQUIIII!!113 115 81 114 35 34 41 85 
AQUIIII!!113 35 34 58 114 115 42 81 
AQUIIII!!34 85 114 115 35 113 81 41 
Number of Cuts in the second phase:6773
Number of repeat: 6320 
Violation: 650.000000
Violation: 226.000000
Violation: 1167.000000
Violation: 177.000000
Violation: 718.000000
Violation: 714.000000
Violation: 658.000000
Violation: 353.000000
Violation: 44.000000
Violation: 187.000000
Violation: 390.000000
Violation: 462.000000
Violation: 432.000000
Violation: 252.000000
Violation: 279.000000
Violation: 486.000000
Violation: 876.000000
Violation: 135.000000
Violation: 370.000000
Violation: 84.000000
Violation: 702.000000
Violation: 435.000000
Violation: 316.000000
Violation: 517.000000
Violation: 321.000000
Violation: 575.000000
Violation: 389.000000
Violation: 328.000000
Violation: 26.000000
Violation: 325.000000
Violation: 145.000000
Violation: 485.000000
Violation: 329.000000
Violation: 557.000000
Violation: 221.000000
Violation: 154.000000
Violation: 849.000000
Violation: 747.000000
Violation: 708.000000
Violation: 329.000000
Violation: 714.000000
Violation: 824.000000
Violation: 26.000000
Violation: 738.000000
Violation: 965.000000
Violation: 672.000000
Violation: 22.000000
Violation: 780.000000
Violation: 637.000000
Violation: 72.000000
Violation: 279.000000
Violation: 916.000000
Violation: 611.000000
Violation: 122.000000
Violation: 632.000000
Violation: 517.000000
Violation: 629.000000
Violation: 696.000000
Violation: 632.000000
Violation: 399.000000
Violation: 985.000000
Violation: 295.000000
Violation: 44.000000
Violation: 471.000000
Violation: 459.000000
Violation: 344.000000
Violation: 611.000000
Violation: 83.000000
Violation: 227.000000
Violation: 814.000000
Violation: 797.000000
Violation: 110.000000
Violation: 358.000000
Violation: 88.000000
Violation: 1283.000000
Violation: 519.000000
Violation: 240.000000
Violation: 574.000000
Violation: 353.000000
Violation: 245.000000
Violation: 512.000000
Violation: 328.000000
Violation: 45.000000
Violation: 861.000000
Violation: 46.000000
Violation: 239.000000
Violation: 600.000000
Violation: 500.000000
Violation: 1273.000000
Violation: 1103.000000
Violation: 656.000000
Violation: 381.000000
Violation: 555.000000
Violation: 909.000000
Violation: 718.000000
Violation: 671.000000
Violation: 726.000000
Violation: 232.000000
Violation: 177.000000
Violation: 627.000000
Violation: 955.000000
Violation: 277.000000
Violation: 176.000000
Violation: 1024.000000
Violation: 34.000000
Violation: 101.000000
Violation: 514.000000
Violation: 94.000000
Violation: 145.000000
Violation: 145.000000
Violation: 771.000000
Violation: 51.000000
Violation: 716.000000
Violation: 122.000000
Violation: 644.000000
Violation: 32.000000
Violation: 1355.000000
Violation: 466.000000
Violation: 544.000000
Violation: 656.000000
Violation: 238.000000
Violation: 83.000000
Violation: 964.000000
Violation: 230.000000
Violation: 707.000000
Violation: 789.000000
Violation: 628.000000
Violation: 358.000000
Violation: 646.000000
Violation: 637.000000
Violation: 213.000000
Violation: 657.000000
Violation: 249.000000
Violation: 17.000000
Violation: 525.000000
Violation: 657.000000
Violation: 1098.000000
Violation: 51.000000
Violation: 1026.000000
Violation: 798.000000
Violation: 566.000000
Violation: 318.000000
Violation: 256.000000
Violation: 378.000000
Violation: 129.000000
Violation: 336.000000
Violation: 374.000000
Violation: 424.000000
Violation: 1344.000000
Violation: 229.000000
Violation: 861.000000
Violation: 985.000000
Violation: 583.000000
Violation: 534.000000
Violation: 52.000000
Violation: 656.000000
Violation: 592.000000
Violation: 395.000000
Violation: 8.000000
Violation: 643.000000
Violation: 35.000000
Violation: 646.000000
Violation: 874.000000
Violation: 33.000000
Violation: 426.000000
Violation: 116.000000
Violation: 337.000000
Violation: 1170.000000
Violation: 632.000000
Violation: 893.000000
Violation: 161.000000
Violation: 556.000000
Violation: 747.000000
Violation: 656.000000
Violation: 253.000000
Violation: 430.000000
Violation: 890.000000
Violation: 204.000000
Violation: 738.000000
Violation: 249.000000
Violation: 770.000000
Violation: 166.000000
Violation: 31.000000
Violation: 160.000000
Violation: 355.000000
Violation: 915.000000
Violation: 421.000000
Violation: 171.000000
Violation: 188.000000
Violation: 371.000000
Violation: 299.000000
Violation: 518.000000
Violation: 71.000000
Violation: 644.000000
Violation: 378.000000
Violation: 595.000000
Violation: 1017.000000
Violation: 353.000000
Violation: 96.000000
Violation: 1088.000000
Violation: 270.000000
Violation: 326.000000
Violation: 582.000000
Violation: 938.000000
Violation: 188.000000
Violation: 263.000000
Violation: 777.000000
Violation: 32.000000
Violation: 637.000000
Violation: 702.000000
Violation: 393.000000
Violation: 383.000000
Violation: 702.000000
Violation: 824.000000
Violation: 219.000000
Violation: 141.000000
Violation: 158.000000
Violation: 392.000000
Violation: 829.000000
Violation: 698.000000
Violation: 49.000000
Violation: 258.000000
Violation: 157.000000
Violation: 142.000000
Violation: 114.000000
Violation: 24.000000
Violation: 1488.000000
Violation: 595.000000
Violation: 829.000000
Violation: 39.000000
Violation: 16.000000
Violation: 178.000000
Violation: 828.000000
Violation: 4.000000
Violation: 328.000000
Violation: 1158.000000
Violation: 210.000000
Violation: 982.000000
Violation: 1770.000000
Violation: 520.000000
Violation: 627.000000
Violation: 970.000000
Violation: 356.000000
Violation: 374.000000
Violation: 165.000000
Violation: 521.000000
Violation: 256.000000
Violation: 77.000000
Violation: 75.000000
Violation: 272.000000
Violation: 706.000000
Violation: 656.000000
Violation: 34.000000
Violation: 567.000000
Violation: 422.000000
Violation: 316.000000
Violation: 1034.000000
Violation: 946.000000
Violation: 255.000000
Violation: 262.000000
Violation: 207.000000
Violation: 1011.000000
Violation: 851.000000
Violation: 258.000000
Violation: 250.000000
Violation: 230.000000
Violation: 1094.000000
Violation: 409.000000
Violation: 433.000000
Violation: 1000.000000
Violation: 436.000000
Violation: 484.000000
Violation: 760.000000
Violation: 370.000000
Violation: 577.000000
Violation: 134.000000
Violation: 257.000000
Violation: 143.000000
Violation: 387.000000
Violation: 21.000000
Violation: 1038.000000
Violation: 257.000000
Violation: 630.000000
Violation: 187.000000
Violation: 590.000000
Violation: 174.000000
Violation: 592.000000
Violation: 500.000000
Violation: 689.000000
Violation: 501.000000
Violation: 896.000000
Violation: 436.000000
Violation: 397.000000
Violation: 246.000000
Violation: 187.000000
Violation: 56.000000
Violation: 800.000000
Violation: 223.000000
Violation: 674.000000
Violation: 763.000000
Violation: 96.000000
Violation: 769.000000
Violation: 66.000000
Violation: 160.000000
Violation: 68.000000
Violation: 425.000000
Violation: 260.000000
Violation: 124.000000
Violation: 512.000000
Violation: 768.000000
Violation: 81.000000
Violation: 981.000000
Violation: 643.000000
Violation: 356.000000
Violation: 232.000000
Violation: 406.000000
Violation: 1436.000000
Violation: 484.000000
Violation: 702.000000
Violation: 447.000000
Violation: 36.000000
Violation: 639.000000
Violation: 124.000000
Violation: 413.000000
Violation: 380.000000
Violation: 722.000000
Violation: 611.000000
Violation: 258.000000
Violation: 630.000000
Violation: 87.000000
Violation: 126.000000
Violation: 813.000000
Violation: 645.000000
Violation: 309.000000
Violation: 320.000000
Violation: 71.000000
Violation: 384.000000
Violation: 380.000000
Violation: 330.000000
Violation: 705.000000
Violation: 248.000000
Violation: 1034.000000
Violation: 74.000000
Violation: 826.000000
Violation: 436.000000
Violation: 190.000000
Violation: 69.000000
Violation: 987.000000
Violation: 107.000000
Violation: 15.000000
Violation: 262.000000
Violation: 762.000000
Violation: 1042.000000
Violation: 343.000000
Violation: 685.000000
Violation: 270.000000
Violation: 695.000000
Violation: 164.000000
Violation: 519.000000
Violation: 53.000000
Violation: 652.000000
Violation: 387.000000
Violation: 759.000000
Violation: 578.000000
Violation: 518.000000
Violation: 459.000000
Violation: 103.000000
Violation: 176.000000
Violation: 490.000000
Violation: 720.000000
Violation: 664.000000
Violation: 139.000000
Violation: 182.000000
Violation: 353.000000
Violation: 525.000000
Violation: 328.000000
Violation: 20.000000
Violation: 875.000000
Violation: 815.000000
Violation: 488.000000
Violation: 37.000000
Violation: 274.000000
Violation: 98.000000
Violation: 1002.000000
Violation: 269.000000
Violation: 86.000000
Violation: 280.000000
Violation: 13.000000
Violation: 864.000000
Violation: 149.000000
Violation: 475.000000
Violation: 528.000000
Violation: 380.000000
Violation: 2.000000
Violation: 298.000000
Violation: 405.000000
Violation: 858.000000
Violation: 61.000000
Violation: 276.000000
Violation: 339.000000
Violation: 478.000000
Violation: 36.000000
Violation: 828.000000
Violation: 517.000000
Violation: 82.000000
Violation: 246.000000
Violation: 434.000000
Violation: 590.000000
Violation: 158.000000
Violation: 166.000000
Violation: 233.000000
Violation: 513.000000
Violation: 4.000000
Violation: 210.000000
Violation: 524.000000
Violation: 399.000000
Violation: 815.000000
Violation: 20.000000
Violation: 116.000000
Violation: 135.000000
Violation: 685.000000
Violation: 104.000000
Violation: 234.000000
Violation: 617.000000
Violation: 779.000000
Violation: 601.000000
Violation: 176.000000
Violation: 827.000000
Violation: 288.000000
Violation: 756.000000
Violation: 316.000000
Violation: 395.000000
Violation: 476.000000
Violation: 218.000000
Violation: 461.000000
Violation: 880.000000
Violation: 80.000000
Violation: 445.000000
Violation: 11.000000
Violation: 311.000000
Violation: 697.000000
Violation: 148.000000
Violation: 71.000000
Violation: 324.000000
Violation: 242.000000
Violation: 132.000000
Violation: 471.000000
Violation: 460.000000
Violation: 444.000000
Violation: 656.000000
Violation: 175.000000
Violation: 973.000000
Violation: 128.000000
2400 8
AQUIIII!!42 58 81 115 114 34 113 35 
AQUIIII!!112 111 75 36 110 108 32 86 
AQUIIII!!36 75 108 116 110 111 112 86 
AQUIIII!!85 86 117 116 111 112 118 110 
AQUIIII!!75 86 36 110 112 111 108 32 
AQUIIII!!114 113 AQUIIII!!115 36 58 AQUIIII!!75 35 75 108 34 86 116 42 110 108 81 111 36 
112 112 86 111 
110 32 
AQUIIII!!85 118 117 111 112 110 86 116 
AQUIIII!!111 110 112 116 85 117 86 118 
AQUIIII!!114 81 AQUIIII!!115 118 113 85 34 117 41 86 85 111 35 112 
116 119 
AQUIIII!!85 110 117 116 118 86 111 112 
AQUIIII!!85 110 108 117 112 111 86 116 
AQUIIII!!34 81 58 35 42 115 114 113 
AQUIIII!!85 81 40 41 34 114 113 115 
AQUIIII!!85 81 40 41 34 AQUIIII!!116 114 117 113 115 86 108 
110 85 112 111 
AQUIIII!!116 85 110 117 118 86 111 112 
AQUIIII!!20 19 21 23 24 25 86 53 
AQUIIII!!117 86 85 110 112 116 111 108 
AQUIIII!!117 86 85 110 112 116 111 108 
AQUIIII!!86 116 111 112 117 119 118 85 AQUIIII!!108 
110 116 86 117 111 85 112 
AQUIIII!!116 110 112 111 108 75 36 86 
AQUIIII!!75 AQUIIII!!111 AQUIIII!!41 116 36 39 110 86 85 112 75 81 108 108 40 86 114 32 36 115 111 
113 110 
112 
AQUIIII!!75 36 108 112 86 116 111 110 
AQUIIII!!75 36 108 112 86 116 111 110 
AQUIIII!!36 75 110 111 116 112 86 108 
AQUIIII!!85 41 81 113 114 35 115 34 
AQUIIII!!112 86 111 36 75 108 32 110 
AQUIIII!!42 81 34 114 113 115 58 35 
AQUIIII!!85 35 34 41 81 115 114 113 
AQUIIII!!85 116 110 86 118 117 111 112 
AQUIIII!!117 85 110 108 111 116 112 86 
AQUIIII!!116 117 85 108 86 112 110 111 
AQUIIII!!108 36 75 116 111 110 112 86 
AQUIIII!!112 85 116 110 111 108 AQUIIII!!86 117 117 85 
86 108 110 116 111 112 
AQUIIII!!117 85 86 108 110 116 111 112 
AQUIIII!!114 113 115 58 35 34 42 81 
AQUIIII!!117 85 86 108 110 116 111 112 AQUIIII!!
35 42 34 58 115 81 114 113 
AQUIIII!!117 85 86 108 110 116 111 112 
AQUIIII!!113 85 34 115 35 114 41 81 
AQUIIII!!81 34 115 113 35 114 AQUIIII!!85 36 41 86 
75 111 116 110 108 112 
AQUIIII!!81 41 85 35 113 34 115 114 
AQUIIII!!112 86 111 110 118 116 117 85 
AQUIIII!!111 108 112 110 75 36 32 86 
AQUIIII!!35 41 81 34 113 114 115 85 
AQUIIII!!81 42 115 34 114 35 58 113 
AQUIIII!!86 117 85 118 116 111 110 112 
AQUIIII!!112 111 86 75 108 116 36 110 
AQUIIII!!112 111 118 86 116 110 85 117 
AQUIIII!!86 117 85 118 116 111 110 112 
AQUIIII!!111 110 112 116 85 117 86 118 
AQUIIII!!42 81 114 58 115 113 34 35 
AQUIIII!!85 41 81 114 34 115 113 35 
AQUIIII!!86 108 110 85 117 116 111 112 
AQUIIII!!86 108 110 85 117 116 111 112 
AQUIIII!!116 75 112 110 108 111 36 86 
AQUIIII!!110 116 111 85 112 108 117 86 
AQUIIII!!110 118 117 86 111 112 85 116 
AQUIIII!!111 85 112 110 108 116 117 86 
AQUIIII!!36 108 75 86 116 112 110 111 
AQUIIII!!36 108 75 86 116 112 110 111 
AQUIIII!!113 114 81 115 34 40 41 85 
AQUIIII!!116 86 85 118 110 117 112 111 
AQUIIII!!41 34 114 35 115 113 81 85 
AQUIIII!!112 111 117 116 85 119 86 118 
AQUIIII!!108 112 116 111 86 110 85 117 
AQUIIII!!75 112 111 110 108 116 36 86 
AQUIIII!!114 34 115 113 41 35 81 85 
AQUIIII!!113 115 114 40 85 81 39 41 
Number of Cuts in the second phase:1891
Number of repeat: 1859 
Violation: 513.000000
Violation: 581.000000
Violation: 529.000000
Violation: 249.000000
Violation: 716.000000
Violation: 559.000000
Violation: 17.000000
Violation: 482.000000
Violation: 194.000000
Violation: 972.000000
Violation: 72.000000
Violation: 193.000000
Violation: 436.000000
Violation: 678.000000
Violation: 354.000000
Violation: 94.000000
Violation: 253.000000
Violation: 335.000000
Violation: 432.000000
Violation: 481.000000
Violation: 38.000000
Violation: 700.000000
Violation: 283.000000
Violation: 343.000000
Violation: 168.000000
Violation: 229.000000
Violation: 123.000000
Violation: 494.000000
Violation: 237.000000
Violation: 213.000000
Violation: 320.000000
Violation: 55.000000
took 5.423158

Warning: excessive time spent in model updates.
Consider calling update less frequently.

Optimize a model with 1718 rows, 5432 columns and 67404 nonzeros
Coefficient statistics:
  Matrix range     [1e+00, 1e+02]
  Objective range  [0e+00, 0e+00]
  Bounds range     [1e+00, 1e+02]
  RHS range        [1e+00, 4e+01]

Concurrent LP optimizer: dual simplex and barrier
Showing barrier log only...

Presolve removed 407 rows and 256 columns
Presolve time: 0.02s
Presolved: 1311 rows, 5176 columns, 56736 nonzeros

Ordering time: 0.00s

Barrier statistics:
 Dense cols : 45
 AA' NZ     : 3.890e+04
 Factor NZ  : 1.145e+05 (roughly 4 MBytes of memory)
 Factor Ops : 1.773e+07 (less than 1 second per iteration)
 Threads    : 3

                  Objective                Residual
Iter       Primal          Dual         Primal    Dual     Compl     Time
   0   0.00000000e+00 -5.86781250e+01  2.35e+03 0.00e+00  8.26e-01     0s
   1   0.00000000e+00 -1.40249232e+02  6.46e+02 1.14e-02  2.29e-01     0s
   2   0.00000000e+00 -1.24324972e+02  1.49e+02 8.43e-04  5.57e-02     0s
   3   0.00000000e+00 -5.78888152e+01  1.60e+01 5.45e-05  8.88e-03     0s
   4   0.00000000e+00 -2.40241862e+01  4.54e+00 3.87e-06  2.75e-03     0s
   5   0.00000000e+00 -1.03128952e+01  2.01e-01 9.54e-18  9.29e-04     0s
   6   0.00000000e+00 -1.29701353e-01  4.25e-12 3.47e-18  1.14e-05     0s
   7   0.00000000e+00 -1.31310596e-07  7.61e-12 2.71e-20  1.16e-11     0s
   8   0.00000000e+00 -1.31778653e-10  4.55e-13 6.79e-19  1.16e-14     0s

Barrier solved model in 8 iterations and 0.06 seconds
Optimal objective 0.00000000e+00

Crossover log...

       0 DPushes remaining with DInf 0.0000000e+00                 0s

    4956 PPushes remaining with PInf 0.0000000e+00                 0s
       0 PPushes remaining with PInf 0.0000000e+00                 0s

  Push phase complete: Pinf 0.0000000e+00, Dinf 0.0000000e+00      0s

Iteration    Objective       Primal Inf.    Dual Inf.      Time
    5014    0.0000000e+00   0.000000e+00   0.000000e+00      0s
    5014    0.0000000e+00   0.000000e+00   0.000000e+00      0s

Solved with barrier
Solved in 5014 iterations and 0.12 seconds
Optimal objective  0.000000000e+00
