j3017_4.mm_s1.txt
Academic license - for non-commercial use only
Read LP format model from file lp/j3017_4.mm.lp
Reading time = 0.01 seconds
: 351 rows, 906 columns, 9053 nonzeros
OKGPU
nThreads: 1024 , nBlocks: 12 
Number cuts generated in the phase 1: 9
Number of repeat: 0 
violation 587.000000
violation 545.000000
violation 545.000000
violation 578.000000
violation 286.000000
violation 428.000000
violation 284.000000
violation 284.000000
violation 800.000000
6996 16
AQUIIII!!55 27 40 34 29 13 15 14 2 16 11 17 21 10 7 9 AQUIIII!!
55 34 13 27 29 16 7 2 9 18 40 17 14 10 11 21 
AQUIIII!!10 34 29 9 18 20 21 7 40 AQUIIII!!27 12 14 15 47 21 2 24 13 0 11 9 55 17 
27 2 7 10 40 1 34 55 16 
AQUIIII!!29 51 15 48 16 50 24 12 AQUIIII!!17 55 0 34 0 1 15 9 37 12 21 24 AQUIIII!!2 23 27 55 55 40 7 20 7 49 11 16 
17 47 1 34 52 21 10 29 
18 2 27 9 40 13 10 14 
AQUIIII!!55 15 24 12 49 51 AQUIIII!!55 16 18 17 13 37 17 7 21 11 29 34 2 21 27 0 16 1 14 50 2 
40 29 10 9 27 
AQUIIII!!55 40 27 34 18 17 20 2 14 9 13 7 11 10 21 29 
AQUIIII!!12 21 17 0 37 1 51 24 15 23 49 50 29 48 16 55 
AQUIIII!!12 37 1 24 51 0 2 17 15 7 21 27 9 29 55 16 
AQUIIII!!24 15 49 51 37 27 29 50 12 17 16 2 0 1 21 55 
AQUIIII!!29 21 16 27 17 2 15 40 9 11 7 12 10 34 13 55 
AQUIIII!!9 14 2 40 27 7 17 13 21 29 20 34 11 18 AQUIIII!!10 55 55 11 
29 13 9 10 47 34 20 21 14 18 40 7 2 27 
AQUIIII!!55 11 20 21 29 14 40 18 13 7 2 10 AQUIIII!!27 47 5 9 19 34 
3 22 54 53 49 23 6 8 29 37 4 48 52 50 
AQUIIII!!21 13 AQUIIII!!40 40 9 10 11 2 AQUIIII!!29 21 16 14 9 2 12 27 51 7 34 24 17 47 15 0 18 50 29 20 7 34 7 12 27 2 29 16 10 1 11 37 55 15 27 
55 0 
17 AQUIIII!!21 40 55 AQUIIII!!14 
13 34 52 27 20 29 40 7 14 11 9 2 18 2 52 29 13 10 10 20 11 18 7 47 47 9 27 55 34 
55 
AQUIIII!!55 17 50 12 15 49 0 29 37 23 51 1 24 21 16 48 
AQUIIII!!55 40 27 10 7 13 AQUIIII!!9 55 15 11 29 23 14 0 50 47 21 24 34 49 37 18 2 48 29 20 17 
1 12 51 21 16 
AQUIIII!!AQUIIII!!55 10 40 18 7 9 27 17 34 34 9 10 14 2 12 40 11 21 27 2 29 20 15 7 21 16 13 13 11 
29 47 55 
AQUIIII!!17 10 27 0 2 12 15 21 34 1 9 24 40 7 16 55 
AQUIIII!!55 52 10 14 13 27 2 9 34 11 18 7 40 29 20 47 
AQUIIII!!24 16 21 37 1 51 2 9 29 17 0 27 12 7 15 55 
AQUIIII!!55 37 17 24 16 1 51 15 12 21 2 29 49 50 0 27 
AQUIIII!!55 37 17 12 16 29 2 51 9 24 7 0 1 21 15 27 
AQUIIII!!4 49 47 22 37 29 19 3 5 48 52 6 8 53 54 23 
AQUIIII!!55 9 34 1 16 15 10 0 24 40 7 17 27 2 12 21 
AQUIIII!!16 55 9 12 29 17 27 11 34 40 15 7 21 0 10 2 
AQUIIII!!15 9 2 40 34 16 27 7 21 29 11 14 17 10 55 13 
AQUIIII!!37 AQUIIII!!17 55 51 7 27 AQUIIII!!18 7 55 16 12 21 0 27 9 16 17 40 15 13 13 29 21 27 21 1 34 29 24 18 29 2 17 11 9 16 2 55 14 10 
11 9 34 14 7 10 40 2 

AQUIIII!!27 17 11 AQUIIII!!40 0 2 2 9 9 21 11 10 17 29 15 14 27 13 7 34 34 15 40 7 10 16 16 29 55 12 
21 55 
AQUIIII!!21 37 0 15 12 29 27 50 16 51 7 1 24 17 2 55 
AQUIIII!!55 9 17 10 34 12 27 7 15 40 21 2 11 0 29 16 
AQUIIII!!15 34 21 16 17 27 10 9 24 2 7 1 40 0 12 55 
AQUIIII!!14 55 20 13 11 18 27 40 52 AQUIIII!!7 18 34 40 9 20 34 2 7 29 13 47 55 10 9 
29 10 14 11 52 27 47 AQUIIII!!2 55 
11 27 29 14 34 17 10 15 16 2 AQUIIII!!9 55 7 7 11 13 10 21 16 40 13 
34 29 15 9 21 2 40 14 17 27 
AQUIIII!!55 7 0 27 2 40 15 1 10 12 21 9 24 34 17 16 
AQUIIII!!14 9 7 10 2 20 40 18 27 13 34 21 11 29 17 AQUIIII!!55 13 
55 7 29 14 20 21 10 40 17 11 27 2 34 18 9 
AQUIIII!!1 0 29 49 50 12 51 17 27 24 2 37 15 21 16 55 
AQUIIII!!55 15 27 9 7 AQUIIII!!55 29 16 40 51 10 23 13 17 11 29 16 0 21 37 34 48 2 1 17 21 14 15 
49 24 12 50 
AQUIIII!!16 29 21 37 12 15 1 0 51 7 24 9 27 17 2 55 
AQUIIII!!0 12 29 16 2 15 24 49 17 51 27 21 1 50 37 AQUIIII!!55 17 
27 24 9 15 2 21 40 1 34 16 0 7 12 10 55 
AQUIIII!!55 12 29 37 1 24 16 50 27 51 17 15 21 2 7 0 
AQUIIII!!55 0 23 48 24 15 1 17 49 50 29 51 12 21 37 16 
AQUIIII!!10 15 12 27 11 17 40 34 29 2 16 21 7 9 55 13 
AQUIIII!!55 27 34 15 24 16 1 9 40 7 17 10 2 0 12 21 
AQUIIII!!17 10 34 40 12 15 16 27 7 21 29 9 11 2 55 13 
AQUIIII!!2 15 24 27 9 AQUIIII!!40 55 0 10 10 40 7 13 12 18 1 29 21 47 34 34 16 17 20 55 7 
9 11 14 21 2 27 
AQUIIII!!55 7 16 2 15 17 29 27 21 13 10 9 40 34 11 12 
AQUIIII!!14 29 2 18 9 AQUIIII!!47 55 27 10 7 20 13 40 40 52 34 52 47 20 34 11 11 10 27 55 2 
7 13 14 29 9 18 
AQUIIII!!20 34 14 AQUIIII!!11 20 7 21 47 34 29 11 13 40 40 47 18 18 21 2 9 13 2 27 27 29 10 14 55 7 
10 9 55 
AQUIIII!!55 27 0 24 12 2 10 7 16 15 9 40 1 34 17 21 
AQUIIII!!20 18 7 9 10 14 29 2 11 17 40 27 21 34 13 55 
AQUIIII!!20 18 7 9 10 14 29 2 11 17 40 27 21 34 13 55 
AQUIIII!!29 21 50 51 23 1 16 37 48 12 0 24 15 17 49 55 
AQUIIII!!14 13 21 2 34 9 27 11 17 40 7 10 20 29 18 55 
AQUIIII!!15 2 0 21 51 1 37 55 16 29 24 12 17 49 50 27 
AQUIIII!!24 2 17 0 34 12 10 7 27 40 15 21 16 9 1 55 AQUIIII!!
23 37 21 48 12 24 1 29 16 17 49 50 15 51 0 55 
AQUIIII!!27 18 11 34 10 47 7 14 52 9 29 2 13 40 20 55 
AQUIIII!!11 2 20 14 27 52 34 40 AQUIIII!!18 55 47 10 0 13 17 9 1 29 49 7 24 55 15 
37 48 16 29 12 23 21 51 50 
AQUIIII!!14 27 21 29 10 13 15 40 17 2 7 34 9 11 16 55 
AQUIIII!!47 2 11 52 55 7 18 13 34 27 40 10 20 29 9 14 
AQUIIII!!55 27 29 21 7 24 17 1 12 51 15 2 16 50 0 37 
AQUIIII!!37 21 27 29 51 2 15 1 16 50 24 17 12 7 0 55 
AQUIIII!!48 24 37 15 17 12 AQUIIII!!16 12 51 21 0 16 50 2 29 17 49 50 23 51 1 27 21 0 55 15 
49 1 29 37 24 55 
AQUIIII!!40 0 9 16 1 24 7 2 15 34 10 21 17 12 27 55 
AQUIIII!!24 15 17 50 2 16 37 49 0 21 12 27 1 51 29 55 
AQUIIII!!7 40 21 18 11 9 10 17 20 34 14 27 2 29 13 55 
AQUIIII!!21 13 55 10 34 9 29 11 27 7 18 20 40 14 2 47 
AQUIIII!!55 7 27 10 9 17 40 34 15 1 0 16 24 21 12 2 
AQUIIII!!2 17 12 AQUIIII!!27 55 0 7 21 29 1 34 16 10 7 11 37 0 9 27 15 29 24 2 51 12 15 9 55 16 
40 21 17 
AQUIIII!!7 13 14 18 21 10 2 47 9 20 34 27 11 40 29 55 
AQUIIII!!55 11 34 7 17 13 20 10 14 2 27 40 9 29 21 18 
AQUIIII!!55 17 2 21 40 16 10 0 7 12 9 34 1 15 24 27 
AQUIIII!!54 13 53 52 14 40 22 11 18 20 47 3 29 4 10 34 
AQUIIII!!51 37 15 24 12 0 16 17 1 7 9 29 2 21 27 55 
AQUIIII!!47 14 34 9 29 40 21 18 7 2 20 13 10 27 55 11 
AQUIIII!!2 17 15 0 16 29 27 51 12 37 1 9 24 7 21 55 
AQUIIII!!55 27 40 13 15 16 12 21 7 2 29 34 9 17 10 11 
AQUIIII!!50 6 23 3 5 48 54 29 24 51 1 8 4 37 49 19 
AQUIIII!!55 40 14 18 13 10 17 27 20 11 7 29 9 34 21 2 
AQUIIII!!55 16 7 15 17 40 34 27 14 2 11 13 10 21 29 9 
AQUIIII!!55 11 40 18 10 34 52 9 47 29 27 20 2 14 13 7 
AQUIIII!!55 27 40 29 9 15 10 17 34 7 13 16 AQUIIII!!14 55 21 16 2 9 11 27 
11 2 7 34 14 40 13 21 17 29 18 10 
AQUIIII!!16 55 37 15 29 51 12 0 50 1 21 24 49 2 27 17 
AQUIIII!!55 0 17 16 51 15 2 29 27 37 1 50 49 21 24 12 
AQUIIII!!55 11 40 18 10 34 52 9 47 29 27 20 2 14 13 7 
AQUIIII!!23 12 51 24 29 48 49 21 0 16 15 50 17 1 37 55 
AQUIIII!!10 40 34 52 9 2 AQUIIII!!11 20 55 15 13 0 29 18 2 16 7 27 9 1 14 37 55 47 24 
27 51 12 21 17 29 7 
AQUIIII!!55 34 9 7 17 10 40 29 2 21 16 AQUIIII!!55 11 50 27 49 13 1 12 14 24 15 29 
21 37 51 27 17 2 0 15 16 
AQUIIII!!0 17 37 29 50 24 15 27 7 21 16 51 1 12 2 55 
AQUIIII!!55 50 49 1 12 24 29 21 37 51 27 17 2 0 15 16 
AQUIIII!!51 2 50 27 16 37 1 12 0 29 21 17 15 24 49 55 
AQUIIII!!17 AQUIIII!!9 7 51 20 27 27 2 21 21 34 29 0 18 50 29 1 16 10 37 2 24 11 15 17 14 AQUIIII!!AQUIIII!!12 14 13 55 55 40 
7 47 21 34 40 20 11 55 2 17 29 
27 13 13 9 28 29 22 18 10 14 20 9 7 10 2 7 55 
52 11 18 27 
AQUIIII!!11 55 13 20 29 7 10 40 14 17 9 2 18 27 21 34 
AQUIIII!!34 14 17 9 11 AQUIIII!!7 16 27 12 16 29 13 13 10 17 21 9 40 15 29 21 18 10 2 34 55 27 
2 7 11 40 55 
AQUIIII!!11 55 2 40 10 27 9 12 16 17 21 0 7 15 29 34 AQUIIII!!
55 9 17 1 24 12 40 16 15 27 21 2 7 0 10 34 
AQUIIII!!55 51 16 17 27 1 24 0 7 15 37 29 50 12 2 21 
AQUIIII!!27 37 1 51 7 16 2 0 29 9 24 21 12 17 15 55 
AQUIIII!!14 34 27 11 20 18 9 40 7 13 29 10 55 21 2 47 
AQUIIII!!12 0 34 40 17 24 7 27 1 21 15 10 9 2 55 16 
AQUIIII!!55 11 9 17 10 29 12 2 7 16 21 34 27 15 40 13 
AQUIIII!!47 18 20 34 11 27 40 29 10 52 13 7 14 2 9 55 
AQUIIII!!55 37 29 2 12 51 7 17 0 24 50 1 27 16 21 15 
AQUIIII!!2 55 47 27 10 20 29 11 9 13 14 52 40 18 7 34 
AQUIIII!!34 20 40 11 29 55 27 18 52 7 14 10 9 13 47 2 
AQUIIII!!55 2 12 9 7 11 34 29 40 16 21 15 0 17 27 10 
AQUIIII!!55 17 50 51 29 23 15 24 1 12 37 0 16 48 21 49 
AQUIIII!!0 37 21 51 49 1 27 16 15 2 17 29 50 12 24 55 
AQUIIII!!29 2 27 24 50 15 21 16 17 12 0 49 37 1 51 55 
AQUIIII!!55 37 15 1 23 24 16 12 51 29 17 48 0 49 21 50 
AQUIIII!!16 13 2 7 15 29 21 11 34 27 17 12 40 10 9 55 
AQUIIII!!1 29 16 2 15 27 24 37 51 21 0 12 7 17 50 55 
AQUIIII!!13 11 2 21 10 18 27 16 9 7 40 34 29 14 17 55 
Number of Cuts in the second phase:3446
Number of repeat: 3130 
Violation: 400.000000
Violation: 771.000000
Violation: 200.000000
Violation: 1298.000000
Violation: 327.000000
Violation: 600.000000
Violation: 313.000000
Violation: 1200.000000
Violation: 102.000000
Violation: 438.000000
Violation: 513.000000
Violation: 263.000000
Violation: 342.000000
Violation: 179.000000
Violation: 85.000000
Violation: 184.000000
Violation: 514.000000
Violation: 397.000000
Violation: 428.000000
Violation: 109.000000
Violation: 400.000000
Violation: 261.000000
Violation: 1200.000000
Violation: 600.000000
Violation: 341.000000
Violation: 171.000000
Violation: 171.000000
Violation: 257.000000
Violation: 1000.000000
Violation: 1000.000000
Violation: 313.000000
Violation: 1107.000000
Violation: 763.000000
Violation: 171.000000
Violation: 342.000000
Violation: 327.000000
Violation: 171.000000
Violation: 617.000000
Violation: 200.000000
Violation: 53.000000
Violation: 229.000000
Violation: 175.000000
Violation: 513.000000
Violation: 846.000000
Violation: 403.000000
Violation: 84.000000
Violation: 654.000000
Violation: 218.000000
Violation: 228.000000
Violation: 620.000000
Violation: 370.000000
Violation: 730.000000
Violation: 342.000000
Violation: 587.000000
Violation: 317.000000
Violation: 218.000000
Violation: 226.000000
Violation: 626.000000
Violation: 1174.000000
Violation: 109.000000
Violation: 339.000000
Violation: 408.000000
Violation: 328.000000
Violation: 310.000000
Violation: 82.000000
Violation: 654.000000
Violation: 284.000000
Violation: 511.000000
Violation: 257.000000
Violation: 753.000000
Violation: 685.000000
Violation: 200.000000
Violation: 226.000000
Violation: 142.000000
Violation: 284.000000
Violation: 626.000000
Violation: 835.000000
Violation: 218.000000
Violation: 226.000000
Violation: 520.000000
Violation: 254.000000
Violation: 266.000000
Violation: 339.000000
Violation: 113.000000
Violation: 113.000000
Violation: 572.000000
Violation: 171.000000
Violation: 510.000000
Violation: 455.000000
Violation: 113.000000
Violation: 350.000000
Violation: 435.000000
Violation: 492.000000
Violation: 669.000000
Violation: 200.000000
Violation: 763.000000
Violation: 388.000000
Violation: 432.000000
Violation: 996.000000
Violation: 527.000000
Violation: 284.000000
Violation: 463.000000
Violation: 654.000000
Violation: 869.000000
Violation: 149.000000
Violation: 971.000000
Violation: 1028.000000
Violation: 359.000000
Violation: 407.000000
Violation: 257.000000
Violation: 168.000000
Violation: 155.000000
Violation: 452.000000
Violation: 762.000000
Violation: 446.000000
Violation: 1046.000000
Violation: 663.000000
Violation: 394.000000
Violation: 787.000000
Violation: 872.000000
Violation: 730.000000
Violation: 626.000000
Violation: 175.000000
Violation: 342.000000
Violation: 498.000000
Violation: 262.000000
Violation: 798.000000
Violation: 541.000000
Violation: 398.000000
Violation: 368.000000
Violation: 370.000000
Violation: 393.000000
Violation: 412.000000
Violation: 350.000000
Violation: 226.000000
Violation: 218.000000
Violation: 623.000000
Violation: 603.000000
Violation: 498.000000
Violation: 342.000000
Violation: 872.000000
Violation: 677.000000
Violation: 199.000000
Violation: 1084.000000
Violation: 689.000000
Violation: 284.000000
Violation: 171.000000
Violation: 541.000000
Violation: 327.000000
Violation: 342.000000
Violation: 511.000000
Violation: 1033.000000
Violation: 113.000000
Violation: 632.000000
Violation: 806.000000
Violation: 512.000000
Violation: 542.000000
Violation: 751.000000
Violation: 599.000000
Violation: 631.000000
Violation: 292.000000
Violation: 480.000000
Violation: 713.000000
Violation: 342.000000
Violation: 470.000000
Violation: 105.000000
Violation: 170.000000
Violation: 359.000000
Violation: 654.000000
Violation: 200.000000
Violation: 485.000000
Violation: 577.000000
Violation: 164.000000
Violation: 288.000000
Violation: 564.000000
Violation: 684.000000
Violation: 349.000000
Violation: 563.000000
Violation: 483.000000
Violation: 935.000000
Violation: 726.000000
Violation: 262.000000
Violation: 455.000000
Violation: 348.000000
Violation: 446.000000
Violation: 400.000000
Violation: 543.000000
Violation: 370.000000
Violation: 113.000000
Violation: 55.000000
Violation: 748.000000
Violation: 611.000000
Violation: 455.000000
Violation: 210.000000
Violation: 397.000000
Violation: 340.000000
Violation: 1364.000000
Violation: 456.000000
Violation: 284.000000
Violation: 611.000000
Violation: 510.000000
Violation: 363.000000
Violation: 763.000000
Violation: 506.000000
Violation: 740.000000
Violation: 220.000000
Violation: 339.000000
Violation: 528.000000
Violation: 414.000000
Violation: 98.000000
Violation: 309.000000
Violation: 148.000000
Violation: 510.000000
Violation: 185.000000
Violation: 589.000000
Violation: 98.000000
Violation: 742.000000
Violation: 690.000000
Violation: 624.000000
Violation: 485.000000
Violation: 294.000000
Violation: 800.000000
Violation: 234.000000
Violation: 428.000000
Violation: 617.000000
Violation: 436.000000
Violation: 620.000000
Violation: 514.000000
Violation: 292.000000
Violation: 872.000000
Violation: 542.000000
Violation: 426.000000
Violation: 724.000000
Violation: 685.000000
Violation: 476.000000
Violation: 397.000000
Violation: 428.000000
Violation: 576.000000
Violation: 273.000000
Violation: 425.000000
Violation: 397.000000
Violation: 770.000000
Violation: 339.000000
Violation: 1200.000000
Violation: 339.000000
Violation: 510.000000
Violation: 542.000000
Violation: 246.000000
Violation: 873.000000
Violation: 281.000000
Violation: 420.000000
Violation: 339.000000
Violation: 771.000000
Violation: 199.000000
Violation: 275.000000
Violation: 981.000000
Violation: 112.000000
Violation: 319.000000
Violation: 288.000000
Violation: 587.000000
Violation: 226.000000
Violation: 961.000000
Violation: 455.000000
Violation: 370.000000
Violation: 226.000000
Violation: 606.000000
Violation: 1084.000000
Violation: 398.000000
Violation: 454.000000
Violation: 513.000000
Violation: 28.000000
Violation: 428.000000
Violation: 200.000000
Violation: 864.000000
Violation: 247.000000
Violation: 606.000000
Violation: 400.000000
Violation: 806.000000
Violation: 234.000000
Violation: 507.000000
Violation: 662.000000
Violation: 364.000000
Violation: 5.000000
Violation: 226.000000
Violation: 32.000000
Violation: 542.000000
Violation: 971.000000
Violation: 568.000000
Violation: 973.000000
Violation: 370.000000
Violation: 1156.000000
Violation: 425.000000
Violation: 255.000000
Violation: 145.000000
Violation: 623.000000
Violation: 574.000000
Violation: 615.000000
Violation: 1374.000000
Violation: 724.000000
Violation: 590.000000
Violation: 594.000000
Violation: 763.000000
Violation: 310.000000
Violation: 589.000000
Violation: 392.000000
Violation: 340.000000
Violation: 427.000000
Violation: 36.000000
Violation: 1036.000000
Violation: 1090.000000
Violation: 228.000000
Violation: 739.000000
Violation: 682.000000
Violation: 255.000000
Violation: 912.000000
Violation: 424.000000
took 2.921422
Optimize a model with 683 rows, 906 columns and 10665 nonzeros
Coefficient statistics:
  Matrix range     [1e+00, 4e+01]
  Objective range  [0e+00, 0e+00]
  Bounds range     [1e+00, 4e+01]
  RHS range        [1e+00, 1e+02]
Presolve removed 329 rows and 108 columns
Presolve time: 0.00s
Presolved: 354 rows, 798 columns, 9089 nonzeros

Iteration    Objective       Primal Inf.    Dual Inf.      Time
       0    0.0000000e+00   4.570005e+01   0.000000e+00      0s
     138    0.0000000e+00   0.000000e+00   0.000000e+00      0s

Solved in 138 iterations and 0.01 seconds
Optimal objective  0.000000000e+00
