j3017_4.mm_s5.txt
Academic license - for non-commercial use only
Read LP format model from file lp/j3017_4.mm.lp
Reading time = 0.01 seconds
: 351 rows, 906 columns, 9053 nonzeros
OKGPU
nThreads: 1024 , nBlocks: 12 
Number cuts generated in the phase 1: 12
Number of repeat: 4 
violation 500.000000
violation 428.000000
violation 750.000000
violation 375.000000
violation 425.000000
violation 425.000000
violation 425.000000
violation 820.000000
4992 16
AQUIIII!!AQUIIII!!49 49 3 20 1 34 47 2 22 10 0 46 46 0 20 23 10 33 13 19 25 18 34 48 2 47 45 45 33 1 48 22 

AQUIIII!!49 47 48 10 6 0 2 5 33 22 34 4 13 3 1 25 
AQUIIII!!46 45 15 18 42 23 33 21 17 19 32 44 43 34 20 16 
AQUIIII!!46 34 23 43 33 42 18 15 16 AQUIIII!!45 47 32 48 17 16 47 49 44 34 19 24 20 33 
17 23 18 15 19 20 46 45 44 
AQUIIII!!48 47 34 46 13 10 1 37 19 2 0 45 22 33 20 49 
AQUIIII!!AQUIIII!!49 48 23 34 47 46 34 17 46 45 20 13 22 10 18 1 19 37 10 33 19 0 2 16 0 47 45 48 22 
AQUIIII!!33 20 20 49 49 45 13 
25 3 47 48 10 33 22 1 2 34 0 46 
AQUIIII!!44 45 18 42 47 16 43 32 33 23 20 17 19 15 46 34 
AQUIIII!!49 0 22 45 46 18 20 23 34 48 33 19 10 17 47 1 
AQUIIII!!46 20 47 44 49 23 16 15 48 33 18 45 24 17 34 19 
AQUIIII!!AQUIIII!!48 5 33 1 47 6 46 31 23 24 34 8 45 10 20 2 15 0 44 13 34 3 16 33 17 7 19 22 18 4 49 49 

AQUIIII!!49 3 10 34 1 46 25 47 0 2 48 22 20 13 33 45 
AQUIIII!!44 20 19 33 15 46 16 45 24 18 43 AQUIIII!!48 23 33 47 37 17 47 34 
48 46 2 10 22 13 19 34 20 0 1 45 49 
AQUIIII!!49 16 46 15 19 10 24 20 47 23 34 33 48 17 18 45 
AQUIIII!!49 46 13 5 47 48 4 34 25 33 22 2 0 3 1 10 
AQUIIII!!49 46 22 2 3 34 33 10 0 48 45 25 20 47 13 1 
AQUIIII!!10 24 AQUIIII!!20 47 6 25 33 AQUIIII!!5 15 4 3 3 46 46 33 48 48 45 18 4 10 34 0 1 17 1 13 23 13 48 45 2 25 16 22 33 19 10 2 49 47 34 
34 47 0 49 
22 49 
AQUIIII!!46 19 23 45 20 47 10 18 33 0 34 22 17 1 AQUIIII!!AQUIIII!!48 13 33 25 49 AQUIIII!!45 48 
49 1 48 48 10 16 37 33 15 3 0 34 34 22 46 4 10 47 46 2 23 3 22 24 47 1 10 34 6 18 5 7 20 2 33 19 49 4 17 
5 49 13 
0 
AQUIIII!!49 47 46 19 37 34 48 2 33 AQUIIII!!13 22 49 47 1 0 1 45 34 AQUIIII!!20 10 49 AQUIIII!!10 22 10 49 
45 1 34 20 22 13 37 3 33 19 45 47 33 2 25 13 48 1 46 0 2 48 46 AQUIIII!!0 0 47 49 3 2 33 0 22 
13 2 4 25 22 48 34 45 10 25 4 46 
34 45 48 AQUIIII!!
47 34 10 18 1 10 46 4 1 3 0 33 20 13 22 
17 23 45 46 33 48 49 19 47 
AQUIIII!!49 1 22 34 0 6 3 4 13 5 33 2 48 7 37 10 AQUIIII!!
45 AQUIIII!!44 45 17 16 44 20 33 23 34 15 15 23 34 19 46 18 43 14 16 21 47 32 42 20 43 42 32 18 33 
17 19 
AQUIIII!!45 44 17 19 20 48 16 24 34 33 15 47 18 23 46 49 
AQUIIII!!46 49 47 48 45 20 AQUIIII!!22 1 18 34 33 19 22 17 10 0 18 34 10 33 1 48 23 47 
45 23 46 2 0 19 20 49 
AQUIIII!!34 3 5 2 6 4 7 22 48 0 10 37 33 1 13 49 
AQUIIII!!46 49 47 48 45 20 22 18 33 19 17 0 34 10 AQUIIII!!1 25 23 
2 34 10 13 33 5 46 1 0 48 47 3 22 4 49 
AQUIIII!!49 19 10 13 37 1 48 2 45 0 22 47 46 34 20 33 AQUIIII!!
49 13 6 1 34 7 37 3 22 48 2 4 10 5 33 0 
AQUIIII!!49 45 47 0 46 17 33 48 19 34 23 20 18 16 22 10 
AQUIIII!!18 23 48 16 20 17 34 33 24 49 47 15 44 19 45 46 
AQUIIII!!5 22 3 AQUIIII!!7 45 2 17 0 16 33 15 13 33 4 18 6 32 10 23 34 20 31 19 1 42 8 34 49 47 
44 43 46 
AQUIIII!!17 45 46 33 0 1 23 47 22 18 34 19 48 10 20 49 
AQUIIII!!17 45 46 33 0 1 AQUIIII!!23 49 47 34 22 18 1 34 18 19 19 48 10 10 48 20 22 49 33 
46 47 23 0 20 45 17 
AQUIIII!!49 3 34 2 22 6 48 13 0 4 47 25 1 10 5 33 
AQUIIII!!20 48 16 23 49 47 46 18 17 45 44 19 AQUIIII!!15 25 24 34 34 33 13 AQUIIII!!
47 34 10 13 22 10 48 46 2 2 1 22 33 33 46 1 4 45 0 47 3 4 45 0 49 25 
48 3 49 
AQUIIII!!49 34 23 1 19 47 48 20 17 10 22 46 33 0 45 18 
AQUIIII!!23 16 17 45 22 34 0 33 18 10 46 20 48 AQUIIII!!47 42 19 34 49 16 
15 18 33 17 23 43 32 47 45 44 19 46 20 
AQUIIII!!11 9 41 39 12 21 42 15 27 14 7 6 32 44 8 43 
AQUIIII!!1 22 5 10 3 33 4 13 0 34 7 8 31 2 6 49 
AQUIIII!!23 16 AQUIIII!!17 47 45 48 22 10 34 22 0 33 0 18 2 10 46 46 4 20 3 48 1 47 33 19 25 49 34 
5 13 49 
AQUIIII!!48 2 10 1 0 22 34 46 20 18 47 19 45 23 33 49 
AQUIIII!!49 4 33 2 13 46 0 48 25 34 45 22 3 47 10 1 
AQUIIII!!49 13 5 AQUIIII!!4 17 34 46 33 44 6 2 48 1 18 8 49 7 22 34 0 20 3 47 31 15 10 
33 24 16 45 19 AQUIIII!!23 45 
18 15 46 17 49 48 19 33 47 20 23 34 16 10 24 
AQUIIII!!46 49 20 15 44 48 AQUIIII!!45 23 34 20 33 18 16 24 19 33 18 34 23 45 17 46 47 17 24 15 
16 47 44 19 49 48 
AQUIIII!!46 45 AQUIIII!!17 17 47 18 46 23 44 48 48 34 18 20 16 49 19 34 0 20 33 47 49 22 15 10 33 
24 16 45 19 23 
AQUIIII!!48 46 15 44 16 18 17 23 45 49 19 24 34 20 47 33 
AQUIIII!!0 7 13 1 2 31 3 8 AQUIIII!!6 46 4 34 5 0 33 45 10 22 22 23 34 18 49 47 
33 48 19 16 10 17 49 20 
AQUIIII!!49 6 4 10 25 3 33 48 34 13 22 5 0 2 47 1 
AQUIIII!!AQUIIII!!8 47 32 22 14 10 1 15 0 16 39 19 12 34 11 20 21 45 43 18 27 33 2 41 23 7 46 42 48 9 49 44 

AQUIIII!!19 49 44 34 47 18 45 24 48 20 23 17 46 16 15 33 
AQUIIII!!19 49 34 AQUIIII!!18 49 10 24 45 18 22 44 20 20 45 33 47 17 AQUIIII!!15 1 49 46 48 10 19 46 5 33 AQUIIII!!23 3 23 49 47 1 48 10 0 2 17 17 
25 16 45 48 34 0 33 
23 47 1 4 48 22 19 0 22 13 33 34 47 46 20 
18 34 46 
AQUIIII!!33 6 1 5 31 13 AQUIIII!!8 24 0 44 34 48 7 18 2 47 3 15 4 16 10 46 22 33 49 17 
23 34 45 20 49 AQUIIII!!19 2 
45 22 46 33 18 0 20 48 23 AQUIIII!!1 25 47 3 19 22 46 34 10 10 4 49 1 
0 2 48 13 34 45 33 47 49 
AQUIIII!!22 13 25 45 20 48 34 33 1 2 3 0 10 49 46 47 
AQUIIII!!0 2 10 AQUIIII!!46 0 1 33 25 3 22 47 45 10 20 25 13 1 33 5 48 13 34 22 3 2 47 6 34 49 48 
4 49 
AQUIIII!!49 48 5 10 3 25 13 46 2 0 1 4 34 47 33 22 
AQUIIII!!49 48 1 2 25 22 5 33 47 34 46 0 AQUIIII!!4 33 3 34 10 37 13 13 
19 0 45 1 2 48 20 22 47 46 10 49 
AQUIIII!!34 16 33 24 17 19 45 46 47 44 15 18 23 48 49 20 
AQUIIII!!34 24 17 19 46 20 44 33 16 49 23 18 47 48 45 15 
AQUIIII!!49 1 23 19 18 0 17 47 10 48 45 33 22 46 20 34 
AQUIIII!!49 25 33 10 AQUIIII!!0 4 34 4 10 2 13 22 33 48 3 5 0 34 47 13 1 3 2 1 46 46 22 47 48 
45 25 49 
AQUIIII!!20 49 48 33 13 46 45 47 10 37 19 0 2 1 34 22 
AQUIIII!!49 48 22 16 46 20 23 0 17 19 18 34 45 47 33 10 
AQUIIII!!19 49 10 48 33 34 47 22 2 1 18 0 20 46 23 45 
AQUIIII!!46 48 49 18 17 19 0 16 47 34 45 23 33 20 10 22 
AQUIIII!!46 48 49 18 17 19 0 16 47 34 45 23 33 20 10 22 
AQUIIII!!23 17 20 44 24 33 15 34 18 46 45 16 48 47 49 19 
AQUIIII!!33 17 23 46 18 24 34 20 49 47 48 44 15 19 45 16 
AQUIIII!!48 10 22 37 13 33 2 19 45 1 47 0 34 20 46 49 
AQUIIII!!1 3 33 2 10 5 6 25 4 0 13 22 34 47 48 49 
AQUIIII!!22 33 48 37 AQUIIII!!16 34 22 0 23 46 33 20 19 1 17 10 48 47 34 10 45 0 13 46 2 47 19 18 49 20 
45 49 
AQUIIII!!10 22 46 33 34 4 5 13 47 0 25 2 1 48 3 49 
AQUIIII!!0 45 46 13 19 37 47 22 1 33 10 48 2 20 34 49 
AQUIIII!!20 16 17 23 18 10 15 33 24 45 AQUIIII!!19 49 46 13 34 0 48 7 47 22 49 33 
2 4 37 34 6 48 3 10 5 1 
AQUIIII!!49 45 46 19 18 47 23 1 22 34 48 0 20 17 10 33 
AQUIIII!!10 22 3 13 1 2 47 34 AQUIIII!!0 49 48 33 25 46 4 AQUIIII!!13 33 16 19 34 5 48 44 6 47 48 49 1 47 
45 33 22 19 0 45 34 18 10 23 2 46 20 20 37 15 
17 24 49 
AQUIIII!!0 45 33 19 13 AQUIIII!!37 15 10 32 22 39 1 17 20 14 2 18 46 11 47 21 48 27 34 12 49 42 
41 16 9 44 AQUIIII!!43 22 
0 48 13 34 1 10 5 47 46 2 3 33 4 25 49 
AQUIIII!!49 23 10 18 0 47 48 33 46 1 45 34 19 2 22 20 
AQUIIII!!49 47 46 19 37 34 48 2 33 13 22 1 0 45 20 10 
AQUIIII!!48 47 49 1 13 0 34 5 2 46 4 22 10 33 3 25 
AQUIIII!!46 49 47 48 45 20 22 18 33 19 17 0 34 10 1 23 
AQUIIII!!15 48 18 16 24 33 17 45 44 20 34 19 47 23 46 49 
AQUIIII!!45 46 47 24 34 17 16 33 23 15 20 48 18 19 44 49 AQUIIII!!
49 46 10 34 19 48 22 23 20 45 18 0 2 47 1 33 
AQUIIII!!49 13 10 33 47 22 2 45 19 0 48 34 46 1 37 20 
AQUIIII!!20 47 AQUIIII!!16 45 17 46 22 47 19 24 33 34 48 17 45 16 10 33 18 23 34 15 23 20 46 48 0 49 18 
19 44 49 
AQUIIII!!37 22 45 2 46 48 13 33 47 0 34 1 19 10 20 49 
AQUIIII!!37 22 45 2 46 48 13 33 47 0 34 1 19 10 20 49 
AQUIIII!!4 48 3 22 10 5 33 6 1 2 13 34 7 0 37 49 
AQUIIII!!49 45 10 22 1 47 46 0 20 2 48 37 13 19 33 34 
AQUIIII!!20 18 15 17 46 10 49 48 47 33 AQUIIII!!34 49 23 17 24 48 16 1 45 10 19 0 
18 45 46 22 23 33 19 47 34 20 
AQUIIII!!47 49 45 48 33 24 34 19 46 16 17 20 15 18 10 23 
AQUIIII!!1 46 0 47 4 34 13 48 10 25 2 22 3 5 33 49 
AQUIIII!!25 34 48 1 46 3 2 45 33 13 22 47 0 10 49 20 
AQUIIII!!34 47 15 AQUIIII!!24 47 33 48 19 49 45 46 20 44 18 33 48 23 16 34 23 24 46 10 17 17 20 49 18 
16 15 45 AQUIIII!!19 24 
AQUIIII!!19 49 46 34 16 33 34 22 20 20 43 45 33 18 17 47 47 17 23 10 15 19 45 48 48 0 18 44 16 
46 23 
AQUIIII!!19 48 22 34 10 0 2 47 20 45 13 33 1 37 46 49 AQUIIII!!
47 48 49 46 44 33 23 34 24 17 20 18 16 15 45 19 
AQUIIII!!10 33 2 0 46 34 22 25 1 3 45 20 13 48 47 49 
AQUIIII!!49 34 1 33 2 45 AQUIIII!!46 6 37 3 47 1 0 34 48 22 10 19 33 13 25 22 0 20 5 
4 13 2 48 47 10 49 
AQUIIII!!49 19 23 20 17 46 0 10 47 34 45 33 22 16 18 48 
AQUIIII!!23 20 18 24 33 34 45 46 17 15 16 47 44 19 49 48 
AQUIIII!!17 46 20 24 15 18 47 48 49 44 AQUIIII!!45 20 16 19 23 24 19 23 34 45 33 43 
33 18 34 48 17 16 15 44 46 47 
AQUIIII!!22 47 0 19 18 23 33 10 1 48 17 46 34 45 49 20 
AQUIIII!!49 34 10 3 25 45 46 0 1 22 13 2 33 48 4 47 
AQUIIII!!24 47 46 16 23 33 20 45 17 15 18 10 34 48 19 49 
AQUIIII!!47 49 18 46 17 20 19 48 34 10 33 22 1 45 0 23 
AQUIIII!!AQUIIII!!49 20 33 23 18 44 20 16 47 17 33 48 16 24 34 46 18 45 19 19 17 15 49 34 24 46 15 45 47 23 48 10 

AQUIIII!!33 48 47 45 46 22 19 10 18 34 23 0 1 17 20 49 
AQUIIII!!33 48 47 45 46 22 AQUIIII!!19 49 10 13 18 33 34 23 1 AQUIIII!!0 5 48 1 4 33 17 31 1 20 34 22 49 6 47 
3 46 2 18 22 20 8 34 0 17 10 45 19 7 23 
10 0 49 
AQUIIII!!49 20 13 19 33 46 48 2 22 AQUIIII!!37 49 34 23 0 22 45 10 47 48 10 0 1 47 
33 46 1 18 20 34 2 45 19 
AQUIIII!!49 20 33 17 0 23 48 AQUIIII!!22 19 1 18 17 47 46 46 10 10 45 22 34 47 1 33 
34 48 23 18 45 20 0 AQUIIII!!19 16 49 47 
46 45 18 10 19 48 34 17 20 33 22 23 0 49 
AQUIIII!!1 17 46 10 22 47 33 34 48 23 18 45 20 0 19 49 
AQUIIII!!24 34 15 10 20 23 33 16 48 49 19 45 46 47 17 18 
AQUIIII!!13 AQUIIII!!33 33 48 34 0 24 4 16 5 20 10 23 3 46 25 15 22 44 46 45 1 48 34 49 2 47 47 19 49 18 
17 
AQUIIII!!45 48 34 3 2 1 47 33 22 13 4 46 25 0 10 49 
AQUIIII!!2 33 46 45 19 22 34 37 20 47 0 10 48 AQUIIII!!1 4 13 49 2 34 
0 1 10 5 22 13 3 48 33 46 25 47 49 
AQUIIII!!34 22 10 47 2 48 5 25 33 1 13 46 3 0 4 49 
AQUIIII!!1 22 6 33 2 0 3 25 4 47 5 13 48 34 10 49 AQUIIII!!
49 22 47 17 19 45 33 0 34 16 48 10 20 46 23 18 
AQUIIII!!49 7 4 5 33 34 22 6 10 0 1 3 31 8 2 13 
AQUIIII!!2 13 0 10 22 45 3 33 1 48 47 46 25 20 34 49 
AQUIIII!!49 4 48 34 33 47 13 10 5 2 0 6 1 3 25 22 
AQUIIII!!49 10 0 2 25 45 22 33 3 20 46 13 1 47 48 34 
AQUIIII!!49 48 33 45 46 22 23 1 2 20 10 19 18 0 34 47 
AQUIIII!!0 4 33 22 47 13 46 2 10 34 3 1 45 25 48 49 
AQUIIII!!0 22 18 34 45 23 17 19 1 47 48 46 10 33 20 49 
AQUIIII!!49 13 4 7 0 33 1 5 34 10 31 8 2 22 3 6 
AQUIIII!!45 46 49 19 17 34 16 47 10 20 24 15 23 33 18 48 
AQUIIII!!48 33 0 1 20 45 34 37 10 19 2 13 22 47 46 49 
AQUIIII!!49 47 15 44 19 16 17 46 24 48 45 18 34 33 20 23 
AQUIIII!!44 7 43 11 41 8 39 14 12 21 9 32 15 27 42 6 
AQUIIII!!48 18 47 49 24 17 15 20 16 45 23 46 19 34 10 33 
AQUIIII!!0 45 22 16 17 10 48 18 46 33 34 AQUIIII!!20 17 19 20 23 10 47 23 49 46 
1 18 47 48 33 0 34 19 45 22 49 
AQUIIII!!2 0 3 22 5 1 33 48 4 10 13 47 6 34 25 49 
AQUIIII!!45 18 15 46 17 49 48 19 33 47 20 23 34 AQUIIII!!16 15 10 47 24 44 
43 18 46 24 16 23 20 19 34 17 48 33 45 
AQUIIII!!22 33 34 45 2 0 1 10 47 13 46 48 4 25 3 49 
AQUIIII!!22 48 45 33 46 20 17 23 47 10 16 34 18 0 19 49 
AQUIIII!!22 48 45 33 46 20 17 23 47 10 16 34 18 0 19 49 
AQUIIII!!46 48 49 20 45 10 22 13 2 34 0 25 47 3 1 33 
AQUIIII!!32 17 33 18 23 21 15 43 34 19 45 42 44 16 46 20 
AQUIIII!!47 23 20 46 18 48 19 45 1 10 34 17 33 0 22 49 
AQUIIII!!49 6 4 7 22 3 1 2 34 5 33 AQUIIII!!0 49 37 45 10 0 48 33 13 20 
46 23 17 18 48 47 34 19 22 10 1 
AQUIIII!!37 0 10 45 22 20 33 13 1 47 48 34 19 46 2 49 
Number of Cuts in the second phase:2546
Number of repeat: 2169 
Violation: 1106.000000
Violation: 375.000000
Violation: 285.000000
Violation: 625.000000
Violation: 750.000000
Violation: 285.000000
Violation: 125.000000
Violation: 565.000000
Violation: 375.000000
Violation: 568.000000
Violation: 642.000000
Violation: 500.000000
Violation: 297.000000
Violation: 799.000000
Violation: 570.000000
Violation: 928.000000
Violation: 405.000000
Violation: 375.000000
Violation: 464.000000
Violation: 106.000000
Violation: 712.000000
Violation: 1102.000000
Violation: 284.000000
Violation: 125.000000
Violation: 285.000000
Violation: 280.000000
Violation: 428.000000
Violation: 284.000000
Violation: 140.000000
Violation: 620.000000
Violation: 570.000000
Violation: 926.000000
Violation: 375.000000
Violation: 625.000000
Violation: 246.000000
Violation: 140.000000
Violation: 140.000000
Violation: 945.000000
Violation: 1340.000000
Violation: 570.000000
Violation: 772.000000
Violation: 250.000000
Violation: 424.000000
Violation: 140.000000
Violation: 1000.000000
Violation: 565.000000
Violation: 427.000000
Violation: 1096.000000
Violation: 178.000000
Violation: 100.000000
Violation: 420.000000
Violation: 812.000000
Violation: 140.000000
Violation: 1102.000000
Violation: 318.000000
Violation: 140.000000
Violation: 782.000000
Violation: 1231.000000
Violation: 712.000000
Violation: 125.000000
Violation: 1230.000000
Violation: 640.000000
Violation: 284.000000
Violation: 1125.000000
Violation: 140.000000
Violation: 347.000000
Violation: 782.000000
Violation: 231.000000
Violation: 375.000000
Violation: 140.000000
Violation: 659.000000
Violation: 500.000000
Violation: 565.000000
Violation: 710.000000
Violation: 375.000000
Violation: 421.000000
Violation: 782.000000
Violation: 1190.000000
Violation: 425.000000
Violation: 106.000000
Violation: 375.000000
Violation: 625.000000
Violation: 710.000000
Violation: 346.000000
Violation: 140.000000
Violation: 85.000000
Violation: 125.000000
Violation: 700.000000
Violation: 392.000000
Violation: 106.000000
Violation: 418.000000
Violation: 560.000000
Violation: 572.000000
Violation: 1677.000000
Violation: 1104.000000
Violation: 856.000000
Violation: 375.000000
Violation: 607.000000
Violation: 545.000000
Violation: 415.000000
Violation: 515.000000
Violation: 1212.000000
Violation: 141.000000
Violation: 140.000000
Violation: 1276.000000
Violation: 667.000000
Violation: 655.000000
Violation: 637.000000
Violation: 33.000000
Violation: 565.000000
Violation: 464.000000
Violation: 998.000000
Violation: 75.000000
Violation: 280.000000
Violation: 62.000000
Violation: 420.000000
Violation: 280.000000
Violation: 914.000000
Violation: 140.000000
Violation: 1025.000000
Violation: 275.000000
Violation: 515.000000
Violation: 1386.000000
Violation: 946.000000
Violation: 425.000000
Violation: 425.000000
Violation: 386.000000
Violation: 315.000000
Violation: 140.000000
Violation: 818.000000
Violation: 497.000000
Violation: 1405.000000
Violation: 1471.000000
Violation: 86.000000
Violation: 1106.000000
Violation: 710.000000
Violation: 447.000000
Violation: 475.000000
Violation: 427.000000
Violation: 943.000000
Violation: 1125.000000
Violation: 140.000000
Violation: 424.000000
Violation: 111.000000
Violation: 1352.000000
Violation: 360.000000
Violation: 510.000000
Violation: 80.000000
Violation: 625.000000
Violation: 69.000000
Violation: 539.000000
Violation: 280.000000
Violation: 420.000000
Violation: 285.000000
Violation: 125.000000
Violation: 497.000000
Violation: 285.000000
Violation: 965.000000
Violation: 125.000000
Violation: 327.000000
Violation: 375.000000
Violation: 230.000000
Violation: 386.000000
Violation: 531.000000
Violation: 200.000000
Violation: 846.000000
Violation: 27.000000
Violation: 1000.000000
Violation: 498.000000
Violation: 68.000000
Violation: 456.000000
Violation: 749.000000
Violation: 795.000000
Violation: 283.000000
Violation: 1352.000000
Violation: 806.000000
Violation: 750.000000
Violation: 422.000000
Violation: 672.000000
Violation: 655.000000
Violation: 140.000000
Violation: 704.000000
Violation: 659.000000
Violation: 620.000000
Violation: 315.000000
Violation: 178.000000
Violation: 246.000000
Violation: 875.000000
Violation: 915.000000
Violation: 297.000000
Violation: 140.000000
Violation: 710.000000
Violation: 1021.000000
Violation: 352.000000
Violation: 135.000000
Violation: 922.000000
Violation: 922.000000
Violation: 570.000000
Violation: 425.000000
Violation: 575.000000
Violation: 672.000000
Violation: 34.000000
Violation: 685.000000
Violation: 375.000000
Violation: 23.000000
Violation: 420.000000
Violation: 832.000000
Violation: 101.000000
Violation: 1430.000000
Violation: 178.000000
Violation: 515.000000
Violation: 915.000000
Violation: 420.000000
Violation: 147.000000
Violation: 515.000000
Violation: 280.000000
Violation: 280.000000
Violation: 625.000000
Violation: 1015.000000
Violation: 140.000000
Violation: 749.000000
Violation: 419.000000
Violation: 1025.000000
Violation: 826.000000
Violation: 751.000000
Violation: 1011.000000
Violation: 106.000000
Violation: 935.000000
Violation: 742.000000
Violation: 106.000000
Violation: 820.000000
Violation: 1301.000000
Violation: 784.000000
Violation: 456.000000
Violation: 731.000000
Violation: 67.000000
Violation: 386.000000
Violation: 837.000000
Violation: 125.000000
Violation: 285.000000
Violation: 375.000000
Violation: 385.000000
Violation: 1112.000000
Violation: 280.000000
Violation: 1070.000000
Violation: 420.000000
Violation: 280.000000
Violation: 112.000000
Violation: 325.000000
Violation: 528.000000
Violation: 375.000000
Violation: 1055.000000
Violation: 655.000000
Violation: 301.000000
Violation: 370.000000
Violation: 497.000000
Violation: 492.000000
Violation: 940.000000
Violation: 351.000000
Violation: 140.000000
Violation: 1075.000000
Violation: 1218.000000
Violation: 318.000000
Violation: 1011.000000
Violation: 632.000000
Violation: 935.000000
Violation: 761.000000
Violation: 602.000000
Violation: 106.000000
Violation: 568.000000
Violation: 1104.000000
Violation: 505.000000
Violation: 745.000000
Violation: 710.000000
Violation: 1207.000000
Violation: 1677.000000
Violation: 630.000000
Violation: 284.000000
Violation: 246.000000
Violation: 1112.000000
Violation: 275.000000
Violation: 405.000000
Violation: 636.000000
Violation: 705.000000
Violation: 1386.000000
Violation: 286.000000
Violation: 425.000000
Violation: 425.000000
Violation: 1087.000000
Violation: 666.000000
Violation: 147.000000
Violation: 658.000000
Violation: 862.000000
Violation: 352.000000
Violation: 319.000000
Violation: 112.000000
Violation: 700.000000
Violation: 875.000000
Violation: 246.000000
Violation: 375.000000
Violation: 973.000000
Violation: 950.000000
Violation: 420.000000
Violation: 790.000000
Violation: 282.000000
Violation: 1207.000000
Violation: 857.000000
Violation: 375.000000
Violation: 140.000000
Violation: 770.000000
Violation: 415.000000
Violation: 1085.000000
Violation: 638.000000
Violation: 1777.000000
Violation: 1062.000000
Violation: 125.000000
Violation: 1345.000000
Violation: 450.000000
Violation: 776.000000
Violation: 317.000000
Violation: 551.000000
Violation: 481.000000
Violation: 319.000000
Violation: 497.000000
Violation: 780.000000
Violation: 500.000000
Violation: 515.000000
Violation: 570.000000
Violation: 671.000000
Violation: 365.000000
Violation: 159.000000
Violation: 140.000000
Violation: 1215.000000
Violation: 775.000000
Violation: 500.000000
Violation: 1250.000000
Violation: 140.000000
Violation: 1117.000000
Violation: 280.000000
Violation: 246.000000
Violation: 636.000000
Violation: 135.000000
Violation: 440.000000
Violation: 777.000000
Violation: 375.000000
Violation: 705.000000
Violation: 1030.000000
Violation: 820.000000
Violation: 280.000000
Violation: 745.000000
Violation: 212.000000
Violation: 500.000000
Violation: 1582.000000
Violation: 140.000000
Violation: 745.000000
Violation: 286.000000
Violation: 140.000000
Violation: 565.000000
Violation: 492.000000
Violation: 499.000000
Violation: 765.000000
Violation: 1340.000000
Violation: 545.000000
Violation: 53.000000
Violation: 280.000000
Violation: 901.000000
Violation: 1027.000000
Violation: 280.000000
Violation: 642.000000
Violation: 386.000000
Violation: 250.000000
Violation: 69.000000
Violation: 318.000000
Violation: 390.000000
Violation: 351.000000
Violation: 125.000000
Violation: 570.000000
took 2.160227
Optimize a model with 741 rows, 906 columns and 11139 nonzeros
Coefficient statistics:
  Matrix range     [1e+00, 5e+01]
  Objective range  [0e+00, 0e+00]
  Bounds range     [1e+00, 4e+01]
  RHS range        [1e+00, 1e+02]
Presolve removed 249 rows and 107 columns
Presolve time: 0.00s
Presolved: 492 rows, 799 columns, 9892 nonzeros

Iteration    Objective       Primal Inf.    Dual Inf.      Time
       0    0.0000000e+00   4.620005e+01   0.000000e+00      0s
     115    0.0000000e+00   0.000000e+00   0.000000e+00      0s

Solved in 115 iterations and 0.01 seconds
Optimal objective  0.000000000e+00
