j3017_4.mm_s1.txt
Academic license - for non-commercial use only
Read LP format model from file lp/j3017_4.mm.lp
Reading time = 0.01 seconds
: 351 rows, 906 columns, 9053 nonzeros
OKGPU
nThreads: 1024 , nBlocks: 12 
Number cuts generated in the phase 1: 9
Number of repeat: 0 
violation 587.000000
violation 545.000000
violation 545.000000
violation 578.000000
violation 286.000000
violation 428.000000
violation 284.000000
violation 284.000000
violation 800.000000
8592 16
AQUIIII!!55 27 13 10 34 2 29 7 AQUIIII!!17 55 18 AQUIIII!!7 20 55 12 14 27 15 11 21 11 9 12 2 21 27 2 40 29 50 
34 37 10 15 17 29 9 49 13 24 21 1 16 0 40 AQUIIII!!16 
55 51 14 17 16 
2 AQUIIII!!29 55 11 7 34 18 17 47 34 7 10 20 21 9 14 21 2 13 27 18 13 27 11 40 9 
40 29 10 
AQUIIII!!55 23 15 0 48 24 37 16 49 50 21 12 1 17 51 29 
AQUIIII!!7 34 17 27 15 16 29 10 12 AQUIIII!!9 12 2 17 11 29 21 0 40 1 55 24 13 23 
21 37 51 49 50 16 AQUIIII!!48 16 15 12 55 27 
1 24 AQUIIII!!50 51 15 21 37 48 49 0 29 17 51 AQUIIII!!2 1 2 37 51 12 29 16 49 15 50 0 55 12 
23 7 AQUIIII!!21 24 17 24 15 34 17 37 11 50 17 13 16 21 27 55 29 21 
1 40 0 14 27 10 55 16 
2 7 9 18 29 55 AQUIIII!!
16 12 50 24 15 29 1 37 49 48 AQUIIII!!AQUIIII!!23 15 55 AQUIIII!!0 AQUIIII!!12 2 17 2 27 27 27 21 21 29 16 13 51 7 51 AQUIIII!!29 55 21 0 15 47 24 
18 21 29 12 9 20 37 34 7 29 7 40 2 9 16 15 37 7 24 AQUIIII!!14 17 12 0 AQUIIII!!11 1 40 51 34 15 10 24 
17 29 0 29 17 16 7 12 27 21 0 27 7 37 7 2 27 21 55 1 50 34 2 9 24 50 27 21 16 10 37 
15 51 15 50 40 1 29 12 55 17 55 51 55 17 
AQUIIII!!11 
1 9 17 
12 10 37 16 13 1 2 AQUIIII!!16 0 21 9 2 12 2 17 11 AQUIIII!!AQUIIII!!51 55 34 0 29 16 AQUIIII!!23 AQUIIII!!
10 52 55 12 9 50 52 12 7 50 
11 24 47 29 29 24 10 21 2 49 40 15 47 16 34 2 47 29 14 11 15 17 27 1 AQUIIII!!14 2 49 1 11 37 10 20 40 29 0 40 49 17 27 18 48 15 AQUIIII!!18 14 48 2 29 27 55 17 10 7 27 23 20 2 21 
13 21 0 9 15 21 55 50 16 AQUIIII!!17 13 
11 51 13 21 24 21 20 29 24 51 7 16 16 18 7 55 0 34 AQUIIII!!48 37 55 13 
50 AQUIIII!!27 21 
37 34 55 AQUIIII!!16 24 17 55 51 14 23 27 23 40 AQUIIII!!29 
AQUIIII!!9 55 0 
24 29 12 12 15 37 16 21 15 29 1 34 7 49 0 27 40 40 29 29 27 21 16 29 55 9 10 1 51 12 37 0 
51 51 50 13 2 16 9 7 49 50 51 AQUIIII!!17 9 48 12 17 16 27 55 21 12 37 0 AQUIIII!!2 37 7 55 1 50 13 1 21 21 55 37 2 17 24 51 11 
24 12 15 15 16 34 1 24 15 55 17 55 12 17 
55 
11 9 9 21 

7 27 2 7 1 14 10 15 16 34 12 29 AQUIIII!!2 2 7 17 10 14 27 18 55 40 7 15 29 
15 0 18 55 0 17 13 

2 7 21 27 16 24 10 21 9 16 40 AQUIIII!!1 17 55 AQUIIII!!
29 34 34 55 9 27 11 27 24 7 55 40 9 
1 13 12 34 AQUIIII!!15 14 2 AQUIIII!!55 7 11 47 55 18 16 21 24 9 29 10 2 34 47 17 7 1 2 20 27 15 20 18 0 10 34 52 2 14 27 10 29 AQUIIII!!21 17 40 40 55 

9 27 15 13 40 11 29 16 
16 7 12 10 48 12 49 21 23 0 24 
21 50 1 51 17 37 0 
AQUIIII!!47 34 52 40 13 20 9 14 27 29 18 7 11 10 2 55 
AQUIIII!!13 20 27 34 2 29 18 11 21 47 14 AQUIIII!!9 17 10 24 7 27 40 37 55 2 
51 1 16 9 7 21 15 AQUIIII!!12 27 0 0 29 16 55 7 
2 50 AQUIIII!!1 37 24 24 17 51 51 15 21 17 9 21 12 29 15 16 1 0 12 37 55 2 
27 7 29 55 
AQUIIII!!11 17 27 AQUIIII!!13 55 40 17 0 7 40 9 AQUIIII!!12 29 10 51 9 18 2 21 16 27 1 24 10 15 7 34 2 29 34 21 37 15 14 16 21 1 2 24 
55 12 
0 17 55 16 50 27 49 
AQUIIII!!7 34 20 27 9 52 10 47 2 13 40 14 29 11 18 55 
AQUIIII!!49 15 24 51 50 37 0 1 27 21 16 2 12 17 29 55 AQUIIII!!
27 21 17 12 16 24 2 51 0 50 15 37 1 29 49 55 
AQUIIII!!40 7 18 52 29 14 47 AQUIIII!!11 29 9 7 AQUIIII!!27 AQUIIII!!52 9 34 10 18 52 2 9 11 29 10 2 52 34 20 40 29 2 AQUIIII!!13 34 7 20 40 55 13 10 
14 29 18 14 18 11 47 2 9 11 20 AQUIIII!!20 7 10 14 AQUIIII!!16 40 14 0 0 11 27 10 47 29 1 27 13 21 21 12 9 55 27 47 49 2 34 17 29 7 34 
2 21 13 16 40 40 16 7 37 27 15 55 9 24 34 48 27 55 
15 15 
10 17 23 12 17 13 55 50 11 51 55 
55 

AQUIIII!!AQUIIII!!15 21 55 12 0 0 16 40 2 17 27 9 51 16 34 21 AQUIIII!!2 17 48 10 24 21 9 37 16 29 27 7 37 7 11 23 29 55 12 24 
50 1 29 15 12 
15 49 0 51 1 17 55 
AQUIIII!!55 17 51 0 24 50 21 27 2 15 1 49 12 16 29 37 
AQUIIII!!22 5 52 3 29 6 37 8 19 23 4 49 53 48 54 50 
AQUIIII!!10 21 AQUIIII!!11 27 14 1 18 2 13 12 7 29 40 0 17 16 20 37 29 27 24 34 21 51 9 2 15 49 55 17 
50 55 
AQUIIII!!15 27 21 29 12 34 16 40 10 2 9 11 17 0 7 AQUIIII!!55 47 
2 11 7 27 20 55 13 40 34 14 29 9 18 10 AQUIIII!!52 55 
13 27 15 12 21 7 34 40 16 2 10 29 17 11 9 
AQUIIII!!11 7 20 10 13 9 2 34 29 14 40 47 18 27 21 55 
AQUIIII!!12 40 10 15 17 27 11 9 0 16 7 21 29 2 34 55 AQUIIII!!
9 14 40 29 10 11 27 16 21 7 17 18 2 34 13 55 
AQUIIII!!29 15 1 48 AQUIIII!!37 55 0 7 16 29 12 21 49 51 17 37 51 AQUIIII!!12 24 1 55 21 24 9 23 17 7 15 50 16 55 16 2 
27 13 2 12 0 27 9 21 
29 10 15 40 34 11 17 
AQUIIII!!34 9 10 12 0 11 16 40 7 29 21 17 27 2 15 55 
AQUIIII!!51 55 24 17 21 9 29 37 2 1 27 7 12 0 16 AQUIIII!!15 51 
55 27 29 24 1 37 16 12 2 17 15 21 9 0 7 
AQUIIII!!9 14 16 2 13 29 21 34 18 11 10 7 17 27 40 55 
AQUIIII!!18 2 27 13 7 21 34 17 10 14 9 20 29 11 40 55 
AQUIIII!!55 49 12 17 21 24 50 48 0 23 15 51 1 16 37 29 
AQUIIII!!55 49 12 17 21 24 50 48 0 23 15 51 1 16 37 29 
AQUIIII!!2 55 47 21 9 34 7 AQUIIII!!20 18 9 10 15 14 11 29 40 7 27 2 13 34 11 
21 29 17 27 10 40 12 16 13 55 
AQUIIII!!55 AQUIIII!!AQUIIII!!55 9 13 12 17 24 37 14 16 29 2 0 50 7 12 18 40 27 27 10 51 27 2 40 34 15 29 1 1 17 10 7 2 16 9 15 21 21 7 24 
0 17 
20 34 21 55 11 
AQUIIII!!7 11 14 20 27 18 10 40 47 34 13 9 2 29 AQUIIII!!52 55 55 47 52 
2 27 40 AQUIIII!!34 AQUIIII!!20 9 16 10 AQUIIII!!29 9 48 10 16 14 37 40 13 50 40 29 9 15 27 7 21 11 18 2 24 21 11 11 17 
27 51 7 34 29 18 2 49 13 10 1 17 14 23 18 34 16 14 12 13 29 0 21 7 55 17 55 

55 
AQUIIII!!55 50 29 21 16 49 51 37 17 15 0 2 24 1 27 12 
AQUIIII!!55 50 29 21 16 49 51 37 17 15 0 2 24 1 27 12 
AQUIIII!!13 7 11 9 14 40 29 18 34 21 27 10 20 2 47 55 
AQUIIII!!55 2 50 21 24 AQUIIII!!37 14 27 55 0 13 7 17 34 1 16 29 21 51 11 15 40 12 7 16 17 
10 AQUIIII!!29 29 18 27 2 40 27 2 20 9 21 
13 9 11 14 18 10 AQUIIII!!17 9 7 11 34 40 55 13 
2 7 27 21 16 15 34 29 14 10 17 55 
AQUIIII!!55 37 1 29 7 50 17 24 15 16 2 12 21 0 27 51 
AQUIIII!!3 47 48 8 53 37 22 4 54 29 23 6 5 19 52 20 
AQUIIII!!47 27 34 2 52 18 14 29 7 9 40 13 10 20 11 55 
AQUIIII!!47 27 34 2 52 18 14 29 7 9 40 13 10 20 11 55 
AQUIIII!!55 24 2 16 51 17 12 0 15 50 21 27 1 29 7 37 
AQUIIII!!1 12 16 7 37 24 17 27 50 0 2 15 51 29 21 55 
AQUIIII!!55 40 21 29 17 14 20 18 2 27 7 10 AQUIIII!!13 21 34 37 11 24 9 
12 49 0 17 48 51 29 16 15 23 1 50 55 
AQUIIII!!22 19 3 8 5 6 4 47 37 54 53 23 29 52 48 49 
AQUIIII!!12 27 40 10 29 16 34 21 15 2 9 11 7 0 17 55 
AQUIIII!!29 27 14 34 20 7 11 40 18 47 21 10 2 AQUIIII!!13 55 9 55 51 
12 17 29 23 49 1 50 24 48 15 21 37 0 AQUIIII!!16 34 2 
9 40 7 12 11 10 15 29 27 21 0 16 17 AQUIIII!!55 55 
10 17 1 24 12 15 2 27 34 21 16 40 0 AQUIIII!!7 55 10 9 7 
1 2 21 34 24 AQUIIII!!27 18 40 17 14 12 9 9 27 15 13 16 20 0 
47 40 29 10 52 2 7 11 34 55 
AQUIIII!!55 40 29 20 17 14 9 2 13 34 27 21 11 7 10 18 
AQUIIII!!55 16 15 0 37 21 7 27 17 1 9 2 29 12 24 51 
AQUIIII!!23 51 21 29 50 15 12 37 17 1 16 24 0 48 55 49 
AQUIIII!!55 17 27 34 0 15 40 29 10 2 7 16 11 12 9 21 
AQUIIII!!55 16 21 2 27 51 0 17 1 29 15 AQUIIII!!50 14 24 55 12 49 21 37 40 
11 34 2 13 29 10 7 15 17 16 9 27 
AQUIIII!!55 24 2 12 21 34 1 15 7 9 17 16 40 10 27 0 
AQUIIII!!AQUIIII!!55 51 7 55 15 21 12 17 0 37 15 50 11 1 2 24 16 29 29 16 48 17 13 21 40 23 49 9 
14 10 27 34 
AQUIIII!!55 29 21 9 2 34 10 17 14 15 7 40 13 27 16 11 
AQUIIII!!55 27 20 7 14 9 29 11 17 2 40 10 13 21 18 34 
AQUIIII!!12 9 34 21 2 29 27 11 40 17 10 15 13 16 7 55 
AQUIIII!!55 11 52 27 40 7 13 9 18 20 10 14 34 29 2 47 
AQUIIII!!55 7 11 10 34 18 2 40 27 14 47 20 13 29 9 52 
AQUIIII!!55 12 40 7 17 21 9 10 16 0 11 34 2 15 27 29 
AQUIIII!!55 24 21 1 29 50 17 37 51 12 27 2 0 7 16 15 
AQUIIII!!34 40 21 10 2 18 47 27 7 9 14 13 29 11 20 55 
AQUIIII!!55 17 40 18 7 14 10 21 20 11 34 9 2 27 13 29 
AQUIIII!!55 AQUIIII!!27 55 0 29 15 14 2 13 AQUIIII!!16 40 55 40 10 27 21 17 2 11 34 7 20 34 10 11 14 7 27 9 2 9 17 18 29 40 21 11 29 9 7 12 18 34 21 20 13 10 

17 
AQUIIII!!55 13 18 47 20 7 10 29 11 34 21 2 9 27 14 40 
AQUIIII!!11 29 27 18 34 40 7 16 21 2 9 17 10 14 13 55 
AQUIIII!!55 11 40 7 17 14 34 2 9 AQUIIII!!21 55 16 21 29 34 27 7 13 10 17 10 29 15 9 
14 16 27 13 2 11 40 15 
AQUIIII!!55 34 10 9 12 27 2 1 21 7 16 40 24 15 0 17 
AQUIIII!!55 37 27 50 21 17 24 7 16 2 1 0 12 51 15 29 
AQUIIII!!55 16 12 34 1 17 24 15 2 9 10 0 40 21 27 7 
AQUIIII!!55 27 14 7 40 34 47 10 21 29 11 2 18 20 9 13 
AQUIIII!!55 40 11 2 34 17 9 14 7 10 21 18 13 27 29 16 
AQUIIII!!55 1 7 12 0 15 2 17 29 51 9 21 16 27 24 37 
AQUIIII!!55 13 34 2 14 21 11 20 27 40 18 47 9 29 10 7 
AQUIIII!!55 7 27 2 9 29 17 40 0 21 15 34 16 11 10 12 
AQUIIII!!55 0 24 7 51 16 37 12 29 21 17 27 1 15 2 9 
AQUIIII!!55 16 9 21 17 15 13 29 2 10 11 14 27 34 40 7 
AQUIIII!!55 13 7 18 9 27 20 52 34 47 40 29 2 10 14 11 
AQUIIII!!55 51 23 37 50 29 15 49 12 0 17 21 16 48 24 1 
AQUIIII!!55 17 21 37 49 51 50 24 15 1 0 16 48 29 23 12 
AQUIIII!!55 29 40 11 12 21 7 9 13 2 15 34 10 16 27 17 
AQUIIII!!55 50 16 37 51 24 21 1 2 27 29 12 17 0 7 15 
AQUIIII!!2 15 16 40 14 17 10 13 21 11 29 34 27 9 7 55 
AQUIIII!!2 47 40 52 34 20 27 14 10 13 7 29 55 18 9 11 
AQUIIII!!55 51 49 0 2 24 50 17 37 12 1 16 29 27 21 15 
AQUIIII!!55 7 34 15 17 1 10 40 16 9 0 2 27 21 12 24 
AQUIIII!!AQUIIII!!55 55 51 49 49 0 16 2 17 24 50 12 17 15 37 1 12 1 23 16 51 29 48 27 21 37 15 0 
50 29 21 24 
AQUIIII!!55 49 16 17 12 15 1 23 51 48 37 0 50 29 21 24 
AQUIIII!!55 17 1 23 21 48 49 51 0 29 50 16 15 24 12 37 
AQUIIII!!55 AQUIIII!!12 55 17 15 50 13 15 17 24 16 16 2 49 29 37 7 1 21 51 10 48 34 21 27 14 29 40 0 11 23 9 

AQUIIII!!55 11 15 17 16 10 7 40 12 2 27 0 29 9 34 21 
AQUIIII!!55 9 16 AQUIIII!!34 55 15 17 21 11 40 21 12 13 7 14 29 29 17 9 13 34 27 10 11 16 2 40 10 27 
2 7 15 
AQUIIII!!55 18 27 17 13 14 40 11 10 29 21 2 34 9 7 20 
AQUIIII!!55 17 12 21 1 50 2 29 24 16 27 37 49 51 15 0 
AQUIIII!!55 15 24 16 49 23 1 0 51 29 48 50 37 12 17 21 
AQUIIII!!55 21 2 51 1 9 7 29 17 15 16 12 37 27 0 24 
AQUIIII!!55 34 21 15 9 10 13 29 11 27 17 12 7 40 16 2 
Number of Cuts in the second phase:6479
Number of repeat: 6063 
Violation: 350.000000
Violation: 218.000000
Violation: 342.000000
Violation: 228.000000
Violation: 600.000000
Violation: 1200.000000
Violation: 171.000000
Violation: 342.000000
Violation: 327.000000
Violation: 102.000000
Violation: 1145.000000
Violation: 179.000000
Violation: 766.000000
Violation: 112.000000
Violation: 327.000000
Violation: 514.000000
Violation: 200.000000
Violation: 438.000000
Violation: 403.000000
Violation: 654.000000
Violation: 513.000000
Violation: 175.000000
Violation: 513.000000
Violation: 171.000000
Violation: 257.000000
Violation: 113.000000
Violation: 135.000000
Violation: 218.000000
Violation: 342.000000
Violation: 257.000000
Violation: 748.000000
Violation: 771.000000
Violation: 476.000000
Violation: 368.000000
Violation: 171.000000
Violation: 171.000000
Violation: 327.000000
Violation: 397.000000
Violation: 425.000000
Violation: 884.000000
Violation: 408.000000
Violation: 284.000000
Violation: 388.000000
Violation: 463.000000
Violation: 542.000000
Violation: 32.000000
Violation: 284.000000
Violation: 365.000000
Violation: 1625.000000
Violation: 82.000000
Violation: 455.000000
Violation: 1364.000000
Violation: 257.000000
Violation: 109.000000
Violation: 981.000000
Violation: 432.000000
Violation: 155.000000
Violation: 149.000000
Violation: 184.000000
Violation: 164.000000
Violation: 763.000000
Violation: 432.000000
Violation: 171.000000
Violation: 600.000000
Violation: 626.000000
Violation: 512.000000
Violation: 599.000000
Violation: 113.000000
Violation: 348.000000
Violation: 264.000000
Violation: 341.000000
Violation: 222.000000
Violation: 689.000000
Violation: 446.000000
Violation: 341.000000
Violation: 109.000000
Violation: 1028.000000
Violation: 939.000000
Violation: 262.000000
Violation: 371.000000
Violation: 771.000000
Violation: 798.000000
Violation: 428.000000
Violation: 501.000000
Violation: 514.000000
Violation: 113.000000
Violation: 872.000000
Violation: 218.000000
Violation: 262.000000
Violation: 171.000000
Violation: 470.000000
Violation: 787.000000
Violation: 342.000000
Violation: 168.000000
Violation: 569.000000
Violation: 581.000000
Violation: 342.000000
Violation: 331.000000
Violation: 206.000000
Violation: 569.000000
Violation: 476.000000
Violation: 1000.000000
Violation: 200.000000
Violation: 681.000000
Violation: 222.000000
Violation: 377.000000
Violation: 200.000000
Violation: 1000.000000
Violation: 512.000000
Violation: 140.000000
Violation: 310.000000
Violation: 763.000000
Violation: 1374.000000
Violation: 362.000000
Violation: 611.000000
Violation: 319.000000
Violation: 762.000000
Violation: 599.000000
Violation: 377.000000
Violation: 752.000000
Violation: 246.000000
Violation: 872.000000
Violation: 291.000000
Violation: 226.000000
Violation: 292.000000
Violation: 98.000000
Violation: 748.000000
Violation: 393.000000
Violation: 428.000000
Violation: 541.000000
Violation: 663.000000
Violation: 423.000000
Violation: 564.000000
Violation: 484.000000
Violation: 253.000000
Violation: 514.000000
Violation: 753.000000
Violation: 520.000000
Violation: 798.000000
Violation: 1174.000000
Violation: 397.000000
Violation: 775.000000
Violation: 483.000000
Violation: 470.000000
Violation: 497.000000
Violation: 376.000000
Violation: 166.000000
Violation: 173.000000
Violation: 1084.000000
Violation: 98.000000
Violation: 370.000000
Violation: 114.000000
Violation: 456.000000
Violation: 342.000000
Violation: 632.000000
Violation: 3.000000
Violation: 43.000000
Violation: 576.000000
Violation: 294.000000
Violation: 542.000000
Violation: 635.000000
Violation: 428.000000
Violation: 226.000000
Violation: 683.000000
Violation: 292.000000
Violation: 397.000000
Violation: 218.000000
Violation: 282.000000
Violation: 397.000000
Violation: 365.000000
Violation: 1298.000000
Violation: 973.000000
Violation: 546.000000
Violation: 513.000000
Violation: 311.000000
Violation: 385.000000
Violation: 394.000000
Violation: 291.000000
Violation: 660.000000
Violation: 446.000000
Violation: 248.000000
Violation: 176.000000
Violation: 222.000000
Violation: 400.000000
Violation: 285.000000
Violation: 228.000000
Violation: 339.000000
Violation: 569.000000
Violation: 869.000000
Violation: 516.000000
Violation: 199.000000
Violation: 288.000000
Violation: 483.000000
Violation: 748.000000
Violation: 113.000000
Violation: 175.000000
Violation: 220.000000
Violation: 462.000000
Violation: 114.000000
Violation: 414.000000
Violation: 105.000000
Violation: 397.000000
Violation: 226.000000
Violation: 475.000000
Violation: 112.000000
Violation: 592.000000
Violation: 254.000000
Violation: 498.000000
Violation: 179.000000
Violation: 504.000000
Violation: 548.000000
Violation: 542.000000
Violation: 261.000000
Violation: 1196.000000
Violation: 124.000000
Violation: 443.000000
Violation: 399.000000
Violation: 355.000000
Violation: 455.000000
Violation: 945.000000
Violation: 428.000000
Violation: 428.000000
Violation: 300.000000
Violation: 599.000000
Violation: 635.000000
Violation: 398.000000
Violation: 806.000000
Violation: 654.000000
Violation: 102.000000
Violation: 200.000000
Violation: 4.000000
Violation: 600.000000
Violation: 222.000000
Violation: 681.000000
Violation: 318.000000
Violation: 226.000000
Violation: 407.000000
Violation: 589.000000
Violation: 288.000000
Violation: 85.000000
Violation: 1215.000000
Violation: 397.000000
Violation: 162.000000
Violation: 36.000000
Violation: 262.000000
Violation: 572.000000
Violation: 300.000000
Violation: 345.000000
Violation: 711.000000
Violation: 681.000000
Violation: 654.000000
Violation: 392.000000
Violation: 568.000000
Violation: 363.000000
Violation: 857.000000
Violation: 671.000000
Violation: 374.000000
Violation: 210.000000
Violation: 234.000000
Violation: 498.000000
Violation: 456.000000
Violation: 27.000000
Violation: 370.000000
Violation: 589.000000
Violation: 318.000000
Violation: 569.000000
Violation: 961.000000
Violation: 426.000000
Violation: 574.000000
Violation: 427.000000
Violation: 170.000000
Violation: 740.000000
Violation: 284.000000
Violation: 861.000000
Violation: 428.000000
Violation: 226.000000
Violation: 397.000000
Violation: 458.000000
Violation: 869.000000
Violation: 548.000000
Violation: 400.000000
Violation: 712.000000
Violation: 370.000000
Violation: 113.000000
Violation: 199.000000
Violation: 541.000000
Violation: 199.000000
Violation: 1298.000000
Violation: 763.000000
Violation: 226.000000
Violation: 340.000000
Violation: 281.000000
Violation: 199.000000
Violation: 511.000000
Violation: 611.000000
Violation: 400.000000
Violation: 1130.000000
Violation: 736.000000
Violation: 748.000000
Violation: 308.000000
Violation: 740.000000
Violation: 398.000000
Violation: 284.000000
Violation: 98.000000
Violation: 861.000000
Violation: 990.000000
Violation: 662.000000
Violation: 472.000000
Violation: 98.000000
Violation: 427.000000
Violation: 313.000000
Violation: 199.000000
Violation: 366.000000
Violation: 332.000000
Violation: 428.000000
Violation: 611.000000
Violation: 399.000000
Violation: 626.000000
Violation: 513.000000
Violation: 53.000000
Violation: 14.000000
Violation: 183.000000
Violation: 501.000000
Violation: 568.000000
Violation: 456.000000
Violation: 677.000000
Violation: 476.000000
Violation: 284.000000
Violation: 424.000000
Violation: 959.000000
Violation: 292.000000
Violation: 231.000000
Violation: 404.000000
Violation: 14.000000
Violation: 968.000000
Violation: 226.000000
Violation: 255.000000
Violation: 568.000000
Violation: 773.000000
Violation: 617.000000
Violation: 231.000000
Violation: 116.000000
Violation: 432.000000
Violation: 349.000000
Violation: 799.000000
Violation: 185.000000
Violation: 1036.000000
Violation: 1243.000000
Violation: 828.000000
Violation: 233.000000
Violation: 568.000000
Violation: 282.000000
Violation: 406.000000
Violation: 199.000000
Violation: 712.000000
Violation: 331.000000
Violation: 225.000000
Violation: 596.000000
Violation: 249.000000
Violation: 560.000000
Violation: 289.000000
Violation: 350.000000
Violation: 226.000000
Violation: 276.000000
Violation: 684.000000
Violation: 210.000000
Violation: 178.000000
Violation: 775.000000
Violation: 872.000000
Violation: 1084.000000
Violation: 342.000000
Violation: 514.000000
Violation: 330.000000
Violation: 393.000000
Violation: 269.000000
Violation: 85.000000
Violation: 142.000000
Violation: 200.000000
Violation: 616.000000
Violation: 15.000000
Violation: 297.000000
Violation: 255.000000
Violation: 428.000000
Violation: 935.000000
Violation: 912.000000
Violation: 600.000000
Violation: 405.000000
Violation: 769.000000
Violation: 358.000000
Violation: 349.000000
Violation: 234.000000
Violation: 228.000000
Violation: 669.000000
Violation: 341.000000
Violation: 339.000000
Violation: 548.000000
Violation: 417.000000
Violation: 269.000000
Violation: 748.000000
Violation: 480.000000
Violation: 571.000000
Violation: 472.000000
Violation: 939.000000
Violation: 510.000000
Violation: 563.000000
Violation: 206.000000
Violation: 561.000000
Violation: 433.000000
Violation: 79.000000
Violation: 327.000000
Violation: 331.000000
Violation: 852.000000
Violation: 394.000000
Violation: 585.000000
Violation: 542.000000
Violation: 529.000000
408 16
AQUIIII!!15 29 27 21 10 16 13 17 9 14 7 11 34 2 40 55 
AQUIIII!!51 1 50 16 15 48 37 49 24 29 AQUIIII!!17 23 12 7 12 21 0 51 21 1 55 24 
0 37 9 27 15 17 29 2 16 55 
AQUIIII!!7 AQUIIII!!0 17 2 34 0 17 16 16 12 12 29 27 7 24 27 1 2 21 37 9 51 10 1 40 21 15 15 55 9 
24 55 
AQUIIII!!7 29 9 10 27 2 12 17 11 15 34 40 13 16 21 55 
AQUIIII!!15 10 17 24 2 1 9 0 34 27 40 7 16 12 21 55 
AQUIIII!!55 34 2 27 7 12 16 15 17 11 29 21 0 10 40 9 
AQUIIII!!55 0 50 51 37 12 23 17 21 15 49 29 16 24 1 48 
AQUIIII!!55 49 51 21 1 37 0 23 50 15 29 24 17 48 16 12 
AQUIIII!!55 49 51 21 1 37 0 23 50 15 29 24 17 48 16 12 
Number of Cuts in the second phase:304
Number of repeat: 293 
Violation: 289.000000
Violation: 363.000000
Violation: 508.000000
Violation: 512.000000
Violation: 498.000000
Violation: 298.000000
Violation: 604.000000
Violation: 884.000000
Violation: 318.000000
Violation: 685.000000
Violation: 284.000000
took 4.332187
Optimize a model with 794 rows, 906 columns and 11517 nonzeros
Coefficient statistics:
  Matrix range     [1e+00, 4e+01]
  Objective range  [0e+00, 0e+00]
  Bounds range     [1e+00, 4e+01]
  RHS range        [1e+00, 1e+02]
Presolve removed 384 rows and 108 columns
Presolve time: 0.00s
Presolved: 410 rows, 798 columns, 9460 nonzeros

Iteration    Objective       Primal Inf.    Dual Inf.      Time
       0    0.0000000e+00   4.570005e+01   0.000000e+00      0s
     137    0.0000000e+00   0.000000e+00   0.000000e+00      0s

Solved in 137 iterations and 0.01 seconds
Optimal objective  0.000000000e+00
