j3017_4.mm_s5.txt
Academic license - for non-commercial use only
Read LP format model from file lp/j3017_4.mm.lp
Reading time = 0.00 seconds
: 351 rows, 906 columns, 9053 nonzeros
OKGPU
nThreads: 1024 , nBlocks: 12 
Number cuts generated in the phase 1: 12
Number of repeat: 4 
violation 500.000000
violation 428.000000
violation 750.000000
violation 375.000000
violation 425.000000
violation 425.000000
violation 425.000000
violation 820.000000
8592 16
AQUIIII!!49 13 AQUIIII!!33 49 46 22 45 13 48 33 2 10 37 2 22 45 47 46 34 AQUIIII!!37 25 49 25 1 37 34 10 1 23 33 23 0 23 47 
1 0 48 48 10 
2 34 22 25 13 47 3 46 0 
AQUIIII!!18 37 23 33 25 45 34 0 46 22 20 48 10 47 19 49 
AQUIIII!!10 19 17 37 22 18 24 45 AQUIIII!!33 17 34 20 48 46 AQUIIII!!33 37 49 19 48 23 37 46 45 20 18 22 23 47 24 17 46 18 22 10 
34 23 20 34 AQUIIII!!24 49 19 47 10 48 48 33 46 
23 47 37 19 1 49 10 45 22 
47 34 33 0 25 49 AQUIIII!!20 20 45 33 
37 17 24 AQUIIII!!45 34 22 18 16 15 48 20 19 24 23 17 18 37 34 47 23 46 33 49 43 
22 19 46 AQUIIII!!16 37 44 25 45 AQUIIII!!33 
10 2 31 AQUIIII!!4 46 25 1 20 5 22 0 10 34 22 22 13 AQUIIII!!10 3 25 3 23 3 1 13 0 48 34 37 34 10 23 33 33 2 47 2 13 23 6 49 2 34 5 45 0 22 49 37 48 1 
4 
25 1 49 49 33 
37 AQUIIII!!0 47 37 48 AQUIIII!!1 AQUIIII!!46 33 2 10 
25 3 46 10 47 0 46 1 19 AQUIIII!!47 37 20 46 0 34 23 45 1 10 48 34 48 22 33 22 0 34 0 33 25 23 34 AQUIIII!!23 13 AQUIIII!!23 22 37 48 48 25 2 33 25 46 33 1 10 3 47 47 22 0 2 23 13 49 45 13 22 37 37 10 48 49 25 45 23 49 

AQUIIII!!34 49 34 
49 47 
23 45 18 48 47 37 33 34 1 17 19 47 37 20 16 22 1 25 48 0 19 13 AQUIIII!!20 22 45 10 20 46 33 24 2 33 49 46 
46 
AQUIIII!!18 49 37 22 
46 19 AQUIIII!!23 47 1 10 22 17 34 34 24 33 24 34 AQUIIII!!20 47 22 10 0 AQUIIII!!46 13 44 17 45 37 34 37 20 34 23 48 48 25 16 18 10 19 46 15 46 47 48 AQUIIII!!1 45 1 25 34 2 33 AQUIIII!!37 22 46 3 45 0 4 1 45 
47 33 49 37 4 48 
3 0 37 23 33 33 13 25 47 22 19 23 10 23 25 23 13 49 49 47 2 25 
37 22 
0 22 2 48 48 20 23 10 5 33 0 1 2 34 45 49 49 
10 
49 
AQUIIII!!AQUIIII!!20 3 19 33 33 6 25 5 0 22 47 2 22 10 AQUIIII!!37 1 13 48 49 31 46 10 0 23 22 1 34 23 25 45 33 34 46 37 4 37 20 49 49 
10 
34 AQUIIII!!45 49 22 25 48 48 3 47 33 19 2 1 13 0 25 
0 1 23 34 37 5 10 4 
AQUIIII!!49 33 2 13 37 1 25 3 34 22 23 0 47 48 46 10 
AQUIIII!!47 48 49 46 33 0 34 22 23 2 10 20 25 37 1 45 
AQUIIII!!0 46 19 23 20 33 34 25 1 47 45 10 37 48 22 49 
AQUIIII!!49 20 47 45 48 46 33 37 34 0 23 25 2 1 22 10 
AQUIIII!!45 16 17 18 49 20 47 46 48 19 23 22 24 33 34 37 
AQUIIII!!24 47 22 20 18 23 49 48 AQUIIII!!34 33 20 AQUIIII!!17 33 23 19 37 34 37 37 19 45 33 23 46 22 16 18 
45 22 18 34 24 24 10 46 47 45 19 48 46 15 48 47 49 20 17 17 16 

AQUIIII!!18 16 37 17 19 23 15 20 34 33 46 22 43 24 45 44 
AQUIIII!!22 16 19 33 15 23 37 34 46 20 18 24 47 45 17 44 
AQUIIII!!AQUIIII!!25 AQUIIII!!22 31 37 18 37 45 34 22 23 47 2 17 4 46 18 34 33 19 13 AQUIIII!!20 17 AQUIIII!!1 AQUIIII!!0 48 5 22 48 0 34 33 33 37 24 34 AQUIIII!!6 0 47 1 23 10 20 20 34 23 25 3 25 22 16 25 18 10 0 46 24 19 19 33 49 47 23 46 
37 45 10 0 33 49 23 47 16 
37 48 34 AQUIIII!!37 49 10 1 10 46 19 34 45 20 18 46 45 22 45 33 37 20 48 20 48 48 20 
22 45 19 34 22 2 25 49 15 49 33 19 

48 23 37 24 AQUIIII!!46 33 4 47 47 23 10 46 37 22 49 22 16 49 
13 47 18 AQUIIII!!
0 17 47 25 23 47 37 33 20 34 45 3 48 
48 33 1 2 15 AQUIIII!!49 24 AQUIIII!!
0 18 45 34 23 23 AQUIIII!!34 20 33 17 46 25 22 25 48 19 19 37 AQUIIII!!2 1 45 10 37 47 19 34 16 37 22 10 25 46 47 48 1 20 1 
33 0 45 3 37 34 23 48 48 22 0 22 10 5 46 33 2 20 49 13 23 
25 34 47 1 46 22 0 49 4 10 
49 23 
45 33 AQUIIII!!49 49 
13 10 0 5 6 2 34 25 AQUIIII!!4 49 1 10 0 31 48 22 34 37 45 33 23 3 46 
25 22 33 1 20 47 2 37 
AQUIIII!!49 46 47 34 2 0 22 3 23 13 37 48 1 25 10 33 
AQUIIII!!16 23 34 20 22 19 44 46 37 24 15 33 18 47 45 17 
AQUIIII!!37 10 48 0 20 33 2 1 34 46 22 23 47 25 45 49 
AQUIIII!!34 42 20 15 17 19 23 43 18 32 16 33 22 24 45 44 
AQUIIII!!23 33 34 10 25 46 2 1 37 48 22 0 47 13 3 49 
AQUIIII!!24 15 16 43 23 AQUIIII!!33 0 22 23 20 34 17 4 37 13 19 10 34 22 44 33 46 2 18 25 45 37 
3 48 1 47 49 
AQUIIII!!16 22 48 18 49 34 19 37 46 45 17 47 20 23 24 AQUIIII!!33 48 
22 3 5 13 2 33 0 AQUIIII!!1 24 25 23 37 37 19 4 10 33 34 46 49 22 
23 44 34 16 18 20 15 45 17 47 
AQUIIII!!2 23 1 37 25 0 34 33 22 13 10 47 3 49 46 48 AQUIIII!!
22 25 0 5 34 1 6 AQUIIII!!31 AQUIIII!!17 10 37 33 33 23 32 4 17 15 46 2 16 22 3 18 24 37 22 34 24 13 16 19 49 20 20 
19 23 47 42 18 43 45 34 33 44 48 AQUIIII!!45 49 10 

2 23 4 47 AQUIIII!!13 13 33 AQUIIII!!22 25 37 34 48 47 46 34 1 3 3 33 47 0 13 25 1 0 37 37 10 22 48 3 49 10 2 
23 34 33 25 2 46 1 48 0 23 49 22 
49 
AQUIIII!!33 34 24 46 23 19 37 20 10 17 49 18 48 45 47 22 
AQUIIII!!47 48 19 22 18 37 24 46 17 34 23 45 20 10 33 49 
AQUIIII!!49 22 2 37 48 13 46 10 25 1 47 0 23 33 34 45 
AQUIIII!!45 46 15 17 43 34 19 20 18 44 23 16 22 24 33 37 
AQUIIII!!49 19 33 37 34 45 23 22 10 24 46 48 20 47 17 18 
AQUIIII!!1 33 37 0 AQUIIII!!25 48 13 45 2 34 10 19 22 37 45 33 47 20 34 18 23 46 46 23 48 22 49 AQUIIII!!24 
33 17 18 16 47 0 49 47 
23 19 48 46 25 34 10 37 22 45 49 20 
AQUIIII!!49 48 25 AQUIIII!!10 37 1 22 5 47 2 20 34 34 13 33 0 19 37 16 45 23 48 3 23 4 18 22 46 33 24 
17 AQUIIII!!49 23 
2 AQUIIII!!22 1 48 3 23 34 22 10 33 25 5 48 1 46 13 4 37 0 0 33 45 37 49 25 
20 10 34 2 AQUIIII!!47 48 49 45 
34 19 37 33 20 18 46 23 22 AQUIIII!!24 48 17 23 16 0 47 10 49 22 
45 46 13 33 2 47 1 34 25 37 AQUIIII!!49 45 
22 2 46 0 47 33 48 37 13 23 10 1 34 25 49 
AQUIIII!!48 47 49 19 23 25 22 46 20 34 18 45 37 10 0 33 
AQUIIII!!33 19 48 25 23 37 47 10 22 46 0 34 1 20 49 45 
AQUIIII!!AQUIIII!!20 45 17 15 34 47 37 22 48 24 47 34 46 16 23 33 10 23 24 37 19 46 18 18 33 17 22 20 45 44 49 19 

AQUIIII!!48 37 2 1 4 0 13 47 33 23 34 25 3 10 22 49 
AQUIIII!!49 6 4 13 0 1 3 25 22 37 2 5 33 34 31 10 
AQUIIII!!45 48 34 24 23 33 19 18 47 49 46 17 16 20 22 37 
AQUIIII!!49 10 46 2 23 1 48 33 47 0 22 34 20 37 45 AQUIIII!!25 49 
37 17 16 22 46 34 48 33 18 24 45 20 47 23 19 
AQUIIII!!45 20 23 19 AQUIIII!!34 16 46 46 33 47 10 37 0 18 25 48 1 49 22 22 48 34 49 19 37 17 47 45 
33 20 24 23 
AQUIIII!!24 46 45 17 47 18 20 48 37 33 22 16 19 23 34 49 
AQUIIII!!4 3 22 2 25 10 48 13 47 1 34 AQUIIII!!4 33 34 0 37 10 23 23 37 25 22 49 33 
13 AQUIIII!!0 49 1 23 47 3 46 2 48 48 22 49 47 
33 34 25 1 10 20 0 45 37 2 AQUIIII!!
49 47 3 34 25 0 23 2 33 48 10 1 4 22 13 37 
AQUIIII!!1 48 37 22 47 2 34 45 10 23 46 0 33 13 25 49 
AQUIIII!!16 49 37 17 47 20 46 33 18 45 48 24 23 22 34 19 
AQUIIII!!49 20 33 22 34 25 23 19 0 48 10 1 46 37 47 45 
AQUIIII!!49 10 22 23 0 34 2 33 37 13 1 48 25 3 4 47 
AQUIIII!!47 24 23 17 19 22 33 20 34 37 15 45 46 48 18 16 
AQUIIII!!37 45 22 18 48 24 17 20 10 23 19 47 34 46 33 49 
AQUIIII!!49 22 37 AQUIIII!!23 49 3 47 23 10 48 34 37 33 22 13 0 33 48 10 2 46 46 45 0 1 34 47 25 1 20 25 19 

AQUIIII!!49 1 10 34 4 23 25 13 AQUIIII!!22 49 2 48 48 23 5 20 0 46 24 33 19 3 37 16 
34 37 22 17 47 45 18 33 
AQUIIII!!46 18 47 22 33 37 45 34 24 23 17 16 19 20 48 49 
AQUIIII!!0 23 2 5 10 34 3 1 4 25 22 33 13 48 37 49 
AQUIIII!!47 46 AQUIIII!!49 49 23 25 13 22 0 37 3 47 48 0 22 13 1 33 45 34 10 2 33 1 34 48 2 46 25 23 
10 37 
AQUIIII!!45 15 46 24 43 33 22 17 19 16 18 37 20 44 34 23 
AQUIIII!!49 24 48 18 17 47 19 33 23 22 16 46 37 20 34 45 
AQUIIII!!10 0 22 33 5 4 48 37 3 1 34 25 23 AQUIIII!!3 2 AQUIIII!!37 13 49 4 49 45 10 5 
47 2 48 25 23 22 33 13 1 46 31 34 34 37 0 22 33 24 6 17 49 10 
19 18 20 
AQUIIII!!49 45 20 37 47 22 23 33 25 48 46 0 18 34 19 10 
AQUIIII!!48 18 45 47 33 20 37 46 10 49 23 19 24 17 22 34 
AQUIIII!!45 46 48 47 24 49 20 10 34 18 19 17 37 23 22 33 
AQUIIII!!AQUIIII!!49 49 48 31 10 33 18 5 23 34 47 37 0 3 22 2 33 10 45 6 20 4 46 1 25 0 19 25 AQUIIII!!13 34 49 23 37 22 
20 
10 47 0 46 45 25 33 1 2 37 48 22 34 
AQUIIII!!46 45 16 24 37 23 44 15 34 18 19 20 17 47 22 33 
AQUIIII!!17 46 19 45 49 34 33 20 16 23 47 22 18 24 48 37 
AQUIIII!!49 1 33 4 48 23 37 0 47 25 13 22 3 10 34 2 
AQUIIII!!20 17 34 37 22 46 24 19 33 47 15 23 16 45 48 18 
AQUIIII!!48 49 47 45 37 17 18 22 16 23 33 34 46 24 19 20 
AQUIIII!!46 49 48 45 19 34 18 17 23 22 33 37 10 20 47 24 
AQUIIII!!47 23 0 1 10 20 19 25 34 45 33 46 37 22 48 49 
AQUIIII!!49 6 0 1 13 4 31 10 AQUIIII!!8 5 43 2 44 3 27 37 42 25 15 33 14 22 34 11 40 
12 39 26 41 21 9 32 
AQUIIII!!49 37 45 20 34 17 24 19 46 33 16 47 23 18 48 22 
AQUIIII!!49 18 17 33 23 16 37 24 19 48 22 34 46 45 20 47 
AQUIIII!!20 49 45 47 23 10 22 46 17 AQUIIII!!24 49 37 34 34 19 25 33 1 48 4 18 
3 0 37 48 5 13 10 22 33 2 23 
AQUIIII!!46 23 18 33 34 24 16 22 37 17 47 45 15 19 20 44 
AQUIIII!!49 0 34 10 1 22 25 46 45 33 2 48 23 AQUIIII!!47 49 37 19 13 47 
37 18 48 22 34 46 45 10 33 24 23 17 20 
AQUIIII!!49 37 22 33 18 47 23 48 25 0 20 19 34 45 46 AQUIIII!!49 10 18 
48 17 34 33 19 20 23 24 46 22 45 16 47 37 
AQUIIII!!47 46 49 23 13 0 37 48 22 1 45 10 33 34 2 25 
AQUIIII!!49 0 22 10 20 48 45 46 37 19 33 AQUIIII!!23 49 47 45 25 23 33 34 0 18 48 25 
20 34 10 37 22 46 2 AQUIIII!!1 47 49 
37 20 48 0 23 10 45 1 22 46 25 2 47 33 34 
AQUIIII!!44 45 18 37 20 24 17 43 46 34 23 19 33 15 16 22 
AQUIIII!!49 13 45 23 48 2 1 33 47 22 10 25 46 0 37 34 
AQUIIII!!47 49 46 23 3 13 33 1 0 48 25 10 34 22 37 2 
AQUIIII!!48 45 18 33 47 34 37 46 0 23 19 10 22 49 20 25 
AQUIIII!!49 34 45 18 20 33 37 47 17 23 22 24 48 46 10 19 
AQUIIII!!49 48 18 34 17 33 37 20 10 47 24 22 46 23 45 19 
AQUIIII!!9 43 44 42 14 41 33 34 39 11 21 12 16 15 32 27 
AQUIIII!!48 20 47 49 23 16 46 45 24 34 22 18 33 17 19 AQUIIII!!37 49 
23 22 25 10 37 45 46 47 33 2 0 34 1 48 20 
AQUIIII!!44 45 15 43 17 AQUIIII!!16 49 46 25 19 47 37 46 10 23 13 24 22 33 37 18 0 34 34 2 22 45 20 33 
1 23 48 
AQUIIII!!49 2 33 10 47 13 3 25 48 34 0 22 1 46 37 23 
AQUIIII!!49 34 23 46 48 45 10 37 18 22 0 25 47 19 33 20 
AQUIIII!!49 0 25 2 33 34 47 22 1 10 37 23 48 20 45 46 
AQUIIII!!AQUIIII!!49 47 10 49 45 48 22 19 25 18 46 17 37 16 0 45 20 46 23 37 34 34 22 48 18 33 24 33 23 47 20 19 

AQUIIII!!49 33 48 25 0 37 45 1 20 23 22 47 46 10 34 2 
AQUIIII!!47 48 49 17 24 33 45 37 10 18 23 19 46 20 22 34 
AQUIIII!!47 49 48 19 18 17 16 45 46 37 34 22 33 24 23 20 
AQUIIII!!49 20 0 10 33 45 22 19 23 47 48 46 25 18 37 34 
AQUIIII!!49 1 5 37 2 33 0 22 34 13 23 3 4 25 48 10 
Number of Cuts in the second phase:6093
Number of repeat: 5694 
Violation: 428.000000
Violation: 642.000000
Violation: 375.000000
Violation: 750.000000
Violation: 285.000000
Violation: 708.000000
Violation: 1022.000000
Violation: 140.000000
Violation: 500.000000
Violation: 749.000000
Violation: 570.000000
Violation: 570.000000
Violation: 375.000000
Violation: 500.000000
Violation: 464.000000
Violation: 125.000000
Violation: 375.000000
Violation: 285.000000
Violation: 178.000000
Violation: 284.000000
Violation: 140.000000
Violation: 570.000000
Violation: 710.000000
Violation: 246.000000
Violation: 710.000000
Violation: 852.000000
Violation: 1106.000000
Violation: 212.000000
Violation: 285.000000
Violation: 140.000000
Violation: 1102.000000
Violation: 998.000000
Violation: 284.000000
Violation: 565.000000
Violation: 710.000000
Violation: 375.000000
Violation: 246.000000
Violation: 375.000000
Violation: 928.000000
Violation: 945.000000
Violation: 250.000000
Violation: 178.000000
Violation: 710.000000
Violation: 1212.000000
Violation: 642.000000
Violation: 1386.000000
Violation: 284.000000
Violation: 570.000000
Violation: 106.000000
Violation: 280.000000
Violation: 352.000000
Violation: 922.000000
Violation: 140.000000
Violation: 140.000000
Violation: 140.000000
Violation: 745.000000
Violation: 140.000000
Violation: 140.000000
Violation: 749.000000
Violation: 497.000000
Violation: 425.000000
Violation: 749.000000
Violation: 375.000000
Violation: 880.000000
Violation: 1405.000000
Violation: 106.000000
Violation: 555.000000
Violation: 710.000000
Violation: 33.000000
Violation: 375.000000
Violation: 375.000000
Violation: 284.000000
Violation: 375.000000
Violation: 375.000000
Violation: 750.000000
Violation: 386.000000
Violation: 832.000000
Violation: 231.000000
Violation: 140.000000
Violation: 708.000000
Violation: 246.000000
Violation: 782.000000
Violation: 246.000000
Violation: 140.000000
Violation: 140.000000
Violation: 140.000000
Violation: 492.000000
Violation: 1087.000000
Violation: 1310.000000
Violation: 708.000000
Violation: 166.000000
Violation: 356.000000
Violation: 178.000000
Violation: 708.000000
Violation: 710.000000
Violation: 602.000000
Violation: 856.000000
Violation: 125.000000
Violation: 140.000000
Violation: 782.000000
Violation: 140.000000
Violation: 418.000000
Violation: 837.000000
Violation: 736.000000
Violation: 125.000000
Violation: 620.000000
Violation: 79.000000
Violation: 840.000000
Violation: 419.000000
Violation: 420.000000
Violation: 420.000000
Violation: 86.000000
Violation: 777.000000
Violation: 710.000000
Violation: 526.000000
Violation: 565.000000
Violation: 625.000000
Violation: 195.000000
Violation: 374.000000
Violation: 405.000000
Violation: 375.000000
Violation: 420.000000
Violation: 173.000000
Violation: 625.000000
Violation: 526.000000
Violation: 745.000000
Violation: 424.000000
Violation: 280.000000
Violation: 346.000000
Violation: 500.000000
Violation: 708.000000
Violation: 333.000000
Violation: 140.000000
Violation: 284.000000
Violation: 280.000000
Violation: 922.000000
Violation: 922.000000
Violation: 515.000000
Violation: 750.000000
Violation: 515.000000
Violation: 625.000000
Violation: 659.000000
Violation: 564.000000
Violation: 33.000000
Violation: 922.000000
Violation: 370.000000
Violation: 487.000000
Violation: 140.000000
Violation: 793.000000
Violation: 750.000000
Violation: 1352.000000
Violation: 386.000000
Violation: 1315.000000
Violation: 453.000000
Violation: 811.000000
Violation: 220.000000
Violation: 375.000000
Violation: 587.000000
Violation: 352.000000
Violation: 125.000000
Violation: 425.000000
Violation: 1250.000000
Violation: 745.000000
Violation: 659.000000
Violation: 375.000000
Violation: 34.000000
Violation: 284.000000
Violation: 375.000000
Violation: 246.000000
Violation: 175.000000
Violation: 283.000000
Violation: 625.000000
Violation: 370.000000
Violation: 175.000000
Violation: 1386.000000
Violation: 1030.000000
Violation: 745.000000
Violation: 420.000000
Violation: 665.000000
Violation: 386.000000
Violation: 1079.000000
Violation: 625.000000
Violation: 1030.000000
Violation: 456.000000
Violation: 570.000000
Violation: 589.000000
Violation: 425.000000
Violation: 515.000000
Violation: 195.000000
Violation: 1102.000000
Violation: 655.000000
Violation: 280.000000
Violation: 561.000000
Violation: 830.000000
Violation: 565.000000
Violation: 246.000000
Violation: 460.000000
Violation: 385.000000
Violation: 352.000000
Violation: 487.000000
Violation: 795.000000
Violation: 250.000000
Violation: 772.000000
Violation: 68.000000
Violation: 456.000000
Violation: 140.000000
Violation: 560.000000
Violation: 125.000000
Violation: 500.000000
Violation: 515.000000
Violation: 352.000000
Violation: 602.000000
Violation: 374.000000
Violation: 283.000000
Violation: 625.000000
Violation: 280.000000
Violation: 772.000000
Violation: 106.000000
Violation: 280.000000
Violation: 140.000000
Violation: 1125.000000
Violation: 515.000000
Violation: 140.000000
Violation: 703.000000
Violation: 922.000000
Violation: 280.000000
Violation: 497.000000
Violation: 481.000000
Violation: 424.000000
Violation: 497.000000
Violation: 142.000000
Violation: 516.000000
Violation: 570.000000
Violation: 570.000000
Violation: 214.000000
Violation: 370.000000
Violation: 462.000000
Violation: 721.000000
Violation: 370.000000
Violation: 207.000000
Violation: 102.000000
Violation: 419.000000
Violation: 867.000000
Violation: 492.000000
Violation: 335.000000
Violation: 492.000000
Violation: 1352.000000
Violation: 457.000000
Violation: 845.000000
Violation: 799.000000
Violation: 140.000000
Violation: 375.000000
Violation: 1000.000000
Violation: 138.000000
Violation: 85.000000
Violation: 1231.000000
Violation: 777.000000
Violation: 911.000000
Violation: 276.000000
Violation: 497.000000
Violation: 425.000000
Violation: 250.000000
Violation: 782.000000
Violation: 284.000000
Violation: 249.000000
Violation: 1015.000000
Violation: 246.000000
Violation: 812.000000
Violation: 750.000000
Violation: 140.000000
Violation: 106.000000
Violation: 845.000000
Violation: 1352.000000
Violation: 390.000000
Violation: 140.000000
Violation: 655.000000
Violation: 375.000000
Violation: 280.000000
Violation: 89.000000
Violation: 386.000000
Violation: 425.000000
Violation: 275.000000
Violation: 636.000000
Violation: 1027.000000
Violation: 705.000000
Violation: 505.000000
Violation: 1030.000000
Violation: 225.000000
Violation: 455.000000
Violation: 280.000000
Violation: 352.000000
Violation: 545.000000
Violation: 1352.000000
Violation: 140.000000
Violation: 368.000000
Violation: 370.000000
Violation: 636.000000
Violation: 240.000000
Violation: 374.000000
Violation: 390.000000
Violation: 1352.000000
Violation: 375.000000
Violation: 375.000000
Violation: 742.000000
Violation: 373.000000
Violation: 1777.000000
Violation: 267.000000
Violation: 140.000000
Violation: 742.000000
Violation: 280.000000
Violation: 26.000000
Violation: 83.000000
Violation: 458.000000
Violation: 1405.000000
Violation: 375.000000
Violation: 1420.000000
Violation: 848.000000
Violation: 166.000000
Violation: 710.000000
Violation: 62.000000
Violation: 582.000000
Violation: 195.000000
Violation: 95.000000
Violation: 214.000000
Violation: 352.000000
Violation: 270.000000
Violation: 175.000000
Violation: 777.000000
Violation: 843.000000
Violation: 546.000000
Violation: 265.000000
Violation: 280.000000
Violation: 703.000000
Violation: 176.000000
Violation: 424.000000
Violation: 336.000000
Violation: 178.000000
Violation: 1052.000000
Violation: 140.000000
Violation: 500.000000
Violation: 832.000000
Violation: 620.000000
Violation: 511.000000
Violation: 727.000000
Violation: 742.000000
Violation: 497.000000
Violation: 352.000000
Violation: 386.000000
Violation: 88.000000
Violation: 1022.000000
Violation: 500.000000
Violation: 620.000000
Violation: 230.000000
Violation: 492.000000
Violation: 1305.000000
Violation: 140.000000
Violation: 1021.000000
Violation: 296.000000
Violation: 280.000000
Violation: 926.000000
Violation: 1523.000000
Violation: 550.000000
Violation: 499.000000
Violation: 424.000000
Violation: 1120.000000
Violation: 1207.000000
Violation: 492.000000
Violation: 499.000000
Violation: 601.000000
Violation: 140.000000
Violation: 124.000000
Violation: 296.000000
Violation: 88.000000
Violation: 981.000000
Violation: 17.000000
Violation: 690.000000
Violation: 640.000000
Violation: 777.000000
Violation: 335.000000
Violation: 265.000000
Violation: 280.000000
Violation: 457.000000
Violation: 526.000000
Violation: 455.000000
Violation: 106.000000
Violation: 336.000000
Violation: 550.000000
Violation: 87.000000
Violation: 246.000000
Violation: 500.000000
Violation: 419.000000
Violation: 95.000000
Violation: 374.000000
Violation: 777.000000
Violation: 140.000000
Violation: 875.000000
Violation: 425.000000
Violation: 710.000000
Violation: 546.000000
2400 16
AQUIIII!!49 6 10 4 2 0 31 25 22 34 5 37 33 13 3 1 
AQUIIII!!45 44 24 17 19 15 33 16 32 18 20 43 34 22 23 42 
AQUIIII!!0 37 20 25 45 22 46 23 34 19 10 1 33 49 47 AQUIIII!!48 47 
34 18 19 22 16 33 15 24 23 37 20 44 46 17 45 
AQUIIII!!48 25 37 23 2 33 13 10 22 46 AQUIIII!!3 18 47 46 34 47 0 33 1 37 49 17 
34 24 20 48 22 23 19 10 45 49 
AQUIIII!!48 2 AQUIIII!!AQUIIII!!23 48 37 3 10 16 37 0 20 13 2 37 22 23 47 34 46 17 33 33 23 0 22 25 34 25 1 22 34 10 33 1 4 18 47 AQUIIII!!5 48 45 49 34 45 24 
24 13 46 AQUIIII!!47 49 19 24 37 
49 46 48 
23 19 18 46 AQUIIII!!17 16 24 33 18 34 48 20 33 45 17 47 19 22 20 34 23 22 37 33 AQUIIII!!18 47 45 25 22 19 49 0 20 48 
33 16 17 1 49 45 3 
46 48 37 34 16 22 23 10 4 49 23 
2 5 37 13 49 
AQUIIII!!7 44 43 42 8 26 12 27 11 14 21 9 32 41 40 39 
AQUIIII!!34 20 48 47 46 49 33 25 22 0 10 45 23 1 2 37 
AQUIIII!!22 48 24 37 23 16 34 19 33 45 49 46 18 20 47 17 
AQUIIII!!10 24 34 48 22 20 49 33 37 23 19 17 47 18 45 46 
AQUIIII!!10 23 46 33 47 0 1 19 45 34 48 37 25 20 22 49 
AQUIIII!!17 AQUIIII!!19 32 37 42 46 19 24 43 18 33 10 22 20 18 45 15 33 16 22 23 48 17 AQUIIII!!47 24 18 34 34 22 20 23 33 44 49 47 45 
45 
48 23 24 16 17 34 46 37 20 19 49 
AQUIIII!!47 25 45 22 23 46 48 2 0 34 33 37 13 10 1 49 
AQUIIII!!0 25 2 10 13 48 33 34 37 23 22 1 45 49 46 47 
AQUIIII!!0 25 2 10 13 48 33 34 37 23 22 1 45 49 46 47 
AQUIIII!!46 49 47 23 18 34 16 48 37 19 22 20 17 33 45 24 
AQUIIII!!16 37 23 20 24 17 AQUIIII!!33 34 46 23 22 45 34 0 18 2 47 33 48 10 45 22 49 46 19 37 
25 1 13 48 49 47 
AQUIIII!!33 2 48 13 23 3 10 22 47 34 1 25 0 4 37 49 
AQUIIII!!1 22 31 3 4 25 13 33 37 10 34 0 2 6 5 49 
AQUIIII!!49 47 0 25 34 10 20 23 18 37 48 22 19 33 46 45 
AQUIIII!!49 23 16 19 AQUIIII!!33 45 37 0 46 13 20 23 48 46 47 33 34 47 45 2 24 1 18 10 22 17 37 
34 25 48 22 49 
AQUIIII!!25 18 AQUIIII!!47 49 19 16 34 23 20 33 22 18 46 48 19 33 24 23 22 10 37 46 45 45 34 0 20 37 48 49 47 
17 
AQUIIII!!10 22 1 0 3 25 37 13 5 4 2 31 34 33 6 49 
AQUIIII!!4 33 25 48 10 47 34 13 23 2 22 37 1 0 3 49 
AQUIIII!!26 11 21 39 7 14 40 41 32 8 42 12 27 9 43 44 
AQUIIII!!33 48 23 47 10 22 0 2 3 37 13 34 25 4 1 49 
AQUIIII!!49 25 10 33 22 5 31 0 34 1 6 4 2 13 37 3 
AQUIIII!!49 19 33 45 22 37 10 48 47 24 46 18 34 23 20 17 
AQUIIII!!49 20 46 47 18 16 24 23 48 19 37 34 33 17 45 22 
AQUIIII!!49 18 33 47 19 23 16 22 17 34 37 45 24 48 46 20 
AQUIIII!!49 1 2 22 45 25 37 23 33 48 34 47 46 20 0 10 
AQUIIII!!49 23 33 46 18 37 19 20 47 22 17 45 34 10 24 48 
AQUIIII!!45 44 18 17 34 32 43 22 23 20 33 19 24 42 15 16 
AQUIIII!!49 19 1 23 46 45 47 33 0 10 37 22 48 25 34 20 
AQUIIII!!49 37 13 45 10 34 46 2 0 47 48 23 22 1 33 25 
AQUIIII!!44 45 20 19 22 16 17 43 42 34 18 23 15 33 32 24 
AQUIIII!!49 37 0 47 48 3 1 13 2 25 34 23 46 33 10 22 
AQUIIII!!49 46 1 22 13 2 25 0 37 47 45 34 10 48 33 23 
AQUIIII!!45 46 16 15 34 33 18 20 24 17 19 43 23 44 22 37 
AQUIIII!!49 48 2 33 34 25 3 1 10 22 37 23 0 13 5 4 
Number of Cuts in the second phase:1676
Number of repeat: 1623 
Violation: 280.000000
Violation: 212.000000
Violation: 140.000000
Violation: 280.000000
Violation: 208.000000
Violation: 285.000000
Violation: 207.000000
Violation: 742.000000
Violation: 847.000000
Violation: 250.000000
Violation: 140.000000
Violation: 231.000000
Violation: 1025.000000
Violation: 375.000000
Violation: 745.000000
Violation: 1487.000000
Violation: 935.000000
Violation: 275.000000
Violation: 212.000000
Violation: 280.000000
Violation: 318.000000
Violation: 175.000000
Violation: 385.000000
Violation: 375.000000
Violation: 225.000000
Violation: 655.000000
Violation: 138.000000
Violation: 375.000000
Violation: 27.000000
Violation: 475.000000
Violation: 333.000000
Violation: 310.000000
Violation: 602.000000
Violation: 50.000000
Violation: 564.000000
Violation: 140.000000
Violation: 68.000000
Violation: 460.000000
Violation: 642.000000
Violation: 462.000000
Violation: 220.000000
Violation: 1120.000000
Violation: 420.000000
Violation: 44.000000
Violation: 500.000000
Violation: 246.000000
Violation: 596.000000
Violation: 34.000000
Violation: 799.000000
Violation: 31.000000
Violation: 420.000000
Violation: 85.000000
Violation: 576.000000
took 3.458352
Optimize a model with 816 rows, 906 columns and 11674 nonzeros
Coefficient statistics:
  Matrix range     [1e+00, 4e+01]
  Objective range  [0e+00, 0e+00]
  Bounds range     [1e+00, 4e+01]
  RHS range        [1e+00, 1e+02]
Presolve removed 288 rows and 107 columns
Presolve time: 0.00s
Presolved: 528 rows, 799 columns, 10126 nonzeros

Iteration    Objective       Primal Inf.    Dual Inf.      Time
       0    0.0000000e+00   4.607505e+01   0.000000e+00      0s
     103    0.0000000e+00   0.000000e+00   0.000000e+00      0s

Solved in 103 iterations and 0.01 seconds
Optimal objective  0.000000000e+00
