A-4.txt_s3.txt
Academic license - for non-commercial use only
Read LP format model from file lp/A-4.txt.lp
Reading time = 0.06 seconds
: 961 rows, 10797 columns, 131727 nonzeros
OKGPU
nThreads: 1024 , nBlocks: 12 
Number cuts generated in the phase 1: 13
Number of repeat: 0 
violation 43.000000
violation 30.000000
violation 10.000000
violation 13.000000
violation 13.000000
violation 198.000000
violation 56.000000
violation 306.000000
violation 785.000000
violation 576.000000
violation 27.000000
violation 714.000000
violation 774.000000
6996 16
AQUIIII!!151 26 13 100 27 153 152 149 28 95 83 93 154 25 150 29 
AQUIIII!!151 68 5 13 150 18 94 152 7 AQUIIII!!153 151 93 13 87 25 153 154 93 21 83 29 149 149 27 
154 152 26 150 29 95 28 100 
AQUIIII!!151 93 154 152 5 AQUIIII!!153 151 28 143 149 13 29 150 94 27 18 100 95 93 13 87 21 150 83 19 
7 5 68 153 154 152 21 AQUIIII!!151 
27 93 150 100 28 153 149 152 5 29 95 154 83 13 21 
AQUIIII!!151 145 143 153 150 13 5 93 94 68 18 21 87 154 19 7 
AQUIIII!!29 154 151 83 153 21 149 150 152 93 95 13 5 28 100 27 
AQUIIII!!143 5 7 18 8 6 148 19 145 20 21 87 93 94 68 151 
AQUIIII!!149 150 AQUIIII!!5 151 7 29 87 153 68 19 152 94 149 93 93 21 154 100 21 13 152 150 153 83 18 151 27 
95 28 13 154 5 
AQUIIII!!AQUIIII!!152 152 154 27 28 153 94 93 153 150 93 95 150 149 149 100 5 13 7 25 13 26 29 29 68 154 21 28 87 83 151 151 

AQUIIII!!19 21 150 154 18 5 68 153 149 13 152 7 94 87 93 151 
AQUIIII!!151 95 93 26 150 29 21 152 27 13 83 28 149 154 100 153 
AQUIIII!!29 154 151 83 153 21 149 150 152 93 95 13 5 28 100 27 
AQUIIII!!151 68 154 29 94 152 13 153 149 93 7 87 5 150 21 18 
AQUIIII!!94 154 18 13 150 143 19 148 93 145 87 5 68 7 21 151 
AQUIIII!!149 17 153 152 25 13 28 93 26 83 4 100 27 95 154 29 
AQUIIII!!94 154 18 13 150 143 19 148 93 145 87 5 68 7 21 151 
AQUIIII!!151 153 154 83 95 26 13 25 152 29 28 149 150 100 93 27 
AQUIIII!!151 5 21 145 7 68 19 87 93 150 13 18 6 94 148 143 
AQUIIII!!151 148 19 93 143 18 150 21 6 94 145 68 87 7 8 5 
AQUIIII!!93 21 100 28 153 5 154 29 152 83 13 149 27 95 150 151 
AQUIIII!!151 21 18 13 145 7 5 19 148 150 68 93 87 143 94 154 
AQUIIII!!152 93 87 68 149 7 94 18 21 150 13 154 153 5 29 151 
AQUIIII!!151 6 13 87 94 145 93 148 143 150 5 68 21 19 18 7 
AQUIIII!!21 152 149 13 150 27 5 95 83 29 153 28 93 154 100 151 
AQUIIII!!151 154 153 149 27 150 95 29 26 93 83 100 28 13 152 25 
AQUIIII!!151 154 153 149 27 150 AQUIIII!!95 21 29 5 26 94 93 143 83 154 100 19 28 145 13 87 93 152 18 25 7 
150 13 153 68 151 
AQUIIII!!151 21 18 13 145 7 5 19 148 150 68 93 87 143 94 154 
AQUIIII!!153 149 7 5 94 13 68 18 21 150 87 93 154 152 29 151 
AQUIIII!!151 154 152 13 28 26 153 95 149 100 83 25 27 150 93 29 
AQUIIII!!151 154 152 AQUIIII!!13 151 28 13 26 5 153 152 95 154 149 18 100 83 149 25 150 AQUIIII!!21 27 151 150 7 93 93 87 152 29 29 
5 93 153 68 28 94 100 153 13 
149 27 150 154 29 83 95 21 
AQUIIII!!151 95 83 93 25 13 26 154 100 152 153 149 27 29 150 28 
AQUIIII!!151 154 152 29 153 100 13 27 95 93 5 28 150 149 21 83 
AQUIIII!!151 154 152 13 28 26 153 95 149 100 83 25 27 150 93 29 
AQUIIII!!151 154 152 29 153 100 13 27 95 93 5 28 150 149 21 83 
AQUIIII!!151 154 152 29 153 100 13 27 95 93 5 28 150 149 21 83 
AQUIIII!!150 93 68 154 5 153 143 19 94 18 87 145 21 13 7 151 
AQUIIII!!19 149 87 153 5 18 21 154 13 150 7 94 68 93 152 151 
AQUIIII!!153 87 18 94 150 149 19 7 93 21 13 5 68 152 151 154 
AQUIIII!!26 13 149 150 153 25 29 100 28 95 27 93 154 152 83 151 
AQUIIII!!151 154 68 145 143 19 7 5 18 21 148 87 150 94 13 93 
AQUIIII!!152 151 94 7 68 149 154 5 93 18 87 13 150 153 21 19 
AQUIIII!!151 8 7 20 93 5 68 19 145 143 21 148 87 94 6 18 
AQUIIII!!151 149 93 29 5 150 7 152 153 87 18 154 68 13 21 94 
AQUIIII!!21 18 5 19 152 94 154 13 93 149 7 153 68 150 87 151 
AQUIIII!!93 150 94 5 13 68 149 153 154 18 19 7 87 21 152 151 
AQUIIII!!151 5 143 87 94 18 7 93 68 150 154 145 21 148 19 13 
AQUIIII!!19 8 18 5 68 94 145 148 143 87 21 7 20 93 6 151 
AQUIIII!!5 150 13 93 18 152 153 149 94 68 21 7 87 19 151 154 
AQUIIII!!154 18 19 150 143 5 68 7 13 93 145 153 94 87 21 151 
AQUIIII!!154 18 19 150 143 5 68 7 13 93 145 153 94 87 21 151 
AQUIIII!!8 68 6 148 21 19 7 150 145 87 93 94 18 143 5 151 
AQUIIII!!151 93 87 154 7 18 152 149 21 5 150 13 94 68 19 153 
AQUIIII!!154 29 87 152 7 13 151 21 149 94 18 68 150 93 153 5 
AQUIIII!!151 153 28 149 29 21 93 5 AQUIIII!!100 151 95 13 13 94 149 150 29 27 154 18 152 21 83 5 
68 93 152 150 154 153 7 87 
AQUIIII!!151 87 150 154 13 18 94 68 145 5 21 7 19 93 143 148 
AQUIIII!!151 13 153 21 145 68 94 154 150 19 5 143 93 87 7 18 
AQUIIII!!151 93 28 13 5 154 152 94 21 150 68 29 7 87 153 149 
AQUIIII!!149 93 13 7 150 87 154 29 152 5 153 94 68 18 21 151 
AQUIIII!!150 28 153 13 29 83 149 21 100 95 27 93 5 154 152 151 
AQUIIII!!18 6 145 5 68 87 143 94 8 93 148 150 21 19 7 151 
AQUIIII!!7 153 93 21 94 5 154 87 68 150 18 13 149 29 152 151 
AQUIIII!!152 93 7 150 29 153 5 87 68 154 149 94 13 28 21 151 
AQUIIII!!152 93 7 150 29 153 5 87 68 154 149 94 13 28 21 151 
AQUIIII!!151 18 94 13 150 21 68 7 143 5 154 87 93 19 145 153 
AQUIIII!!151 145 20 21 6 7 19 143 5 18 8 87 148 94 93 68 
AQUIIII!!100 25 149 150 95 13 153 93 28 26 27 29 83 154 152 151 
AQUIIII!!151 148 5 93 7 87 13 150 143 145 68 94 21 19 18 154 
AQUIIII!!93 21 150 151 152 149 68 13 7 153 5 94 18 87 29 154 
AQUIIII!!29 154 153 26 13 25 93 100 17 152 27 95 4 149 28 83 
AQUIIII!!151 87 5 20 148 AQUIIII!!68 151 6 153 145 94 19 19 94 150 8 143 154 21 152 93 18 21 7 18 5 
149 68 93 13 7 87 
AQUIIII!!21 68 7 149 93 150 28 154 94 152 153 13 5 29 87 151 
AQUIIII!!151 149 29 5 21 150 87 94 152 68 18 153 7 13 154 93 
AQUIIII!!151 93 143 145 87 94 5 19 68 21 8 6 7 18 148 150 
AQUIIII!!19 21 154 93 150 153 143 13 7 5 18 94 87 68 151 152 
AQUIIII!!21 93 7 5 68 19 154 150 149 87 13 94 18 153 151 152 
AQUIIII!!151 95 153 154 100 83 149 28 93 150 13 29 21 5 152 27 
AQUIIII!!20 93 7 18 68 148 21 19 143 5 87 8 145 94 6 151 AQUIIII!!
29 154 153 26 13 25 93 100 17 152 27 95 4 149 28 83 
AQUIIII!!151 95 26 25 154 29 150 28 83 27 153 93 149 13 100 152 
AQUIIII!!18 93 21 68 143 19 153 7 94 87 13 150 5 152 154 151 
AQUIIII!!150 87 28 21 94 149 7 93 68 152 153 5 13 29 154 151 
AQUIIII!!151 21 93 152 94 7 153 87 18 13 154 5 68 19 150 143 
AQUIIII!!153 150 143 68 19 87 7 93 13 18 21 5 152 94 151 154 
AQUIIII!!151 68 145 143 21 87 150 5 13 7 19 148 93 94 18 6 
AQUIIII!!19 13 93 6 150 68 145 143 21 5 7 148 94 87 18 151 
AQUIIII!!5 153 87 28 93 154 13 149 7 150 21 29 94 68 152 151 
AQUIIII!!151 87 21 93 94 7 68 19 18 148 145 143 6 150 5 8 
AQUIIII!!5 149 13 93 28 94 68 150 29 21 153 7 87 151 152 154 
AQUIIII!!150 13 149 28 100 29 154 27 153 93 21 152 83 95 5 151 
AQUIIII!!151 21 93 152 94 7 153 87 18 13 154 5 68 19 150 143 
AQUIIII!!153 152 68 13 21 94 7 93 29 5 87 150 28 154 149 151 
AQUIIII!!25 149 100 26 150 93 152 28 83 154 27 29 13 153 95 151 
AQUIIII!!151 68 145 20 94 148 87 8 21 19 18 6 143 5 93 7 
AQUIIII!!5 20 21 18 143 94 19 145 6 87 8 68 93 148 7 151 
AQUIIII!!26 152 95 150 149 21 100 29 151 13 93 83 28 154 153 27 
AQUIIII!!152 29 150 13 25 100 26 27 154 28 93 149 95 83 153 151 
AQUIIII!!83 27 100 28 152 26 17 4 25 93 13 149 153 95 29 154 
AQUIIII!!151 154 68 145 143 19 7 5 18 21 148 87 150 94 13 93 
AQUIIII!!94 93 13 150 145 68 19 5 18 148 7 87 154 143 21 151 
AQUIIII!!151 18 19 13 5 93 94 149 21 152 7 87 154 68 153 150 
AQUIIII!!151 6 21 7 19 68 93 18 5 87 94 145 148 150 143 8 
AQUIIII!!21 154 151 5 143 13 153 19 93 94 145 150 68 18 87 7 
AQUIIII!!100 83 150 28 154 95 26 13 21 29 27 149 152 93 153 151 
AQUIIII!!151 150 19 18 6 145 143 87 21 13 94 7 93 5 148 68 
AQUIIII!!151 83 5 95 21 27 13 152 149 29 93 153 28 100 150 154 
AQUIIII!!155 30 114 34 35 14 118 33 15 119 16 42 36 82 1 32 
AQUIIII!!151 68 87 148 143 19 5 21 145 18 93 154 150 7 94 13 
AQUIIII!!151 93 21 7 150 94 18 87 145 19 13 68 148 143 5 154 
AQUIIII!!94 154 13 87 143 21 145 68 19 150 148 93 7 18 5 151 
AQUIIII!!151 18 7 21 68 93 149 153 13 87 19 154 152 94 150 5 
AQUIIII!!68 7 143 18 154 19 13 94 152 21 87 5 153 150 93 151 
AQUIIII!!150 153 87 7 5 152 93 18 19 94 21 13 AQUIIII!!154 68 149 7 68 93 151 21 
18 6 13 150 94 87 5 19 145 143 148 151 
AQUIIII!!7 93 18 143 150 94 87 154 5 19 13 68 21 153 151 152 
AQUIIII!!150 68 143 7 19 148 93 6 94 AQUIIII!!18 152 154 5 151 145 153 13 13 83 21 149 27 87 150 5 151 29 95 
28 21 93 100 
AQUIIII!!151 152 7 154 150 13 149 87 94 153 21 29 5 68 18 93 
AQUIIII!!29 154 151 152 93 149 87 68 21 7 13 153 94 5 150 28 
AQUIIII!!29 154 151 152 93 149 87 68 21 7 13 153 94 5 150 28 
AQUIIII!!152 154 151 94 93 149 21 87 28 7 5 68 29 150 153 13 
AQUIIII!!151 68 94 18 8 6 21 143 148 93 5 87 19 7 20 145 
AQUIIII!!5 153 13 93 68 149 21 7 152 87 150 28 29 154 94 151 
AQUIIII!!151 94 13 152 150 5 153 154 68 87 19 149 21 7 93 18 
AQUIIII!!19 13 150 87 68 21 143 94 5 152 93 153 18 7 154 151 
AQUIIII!!148 13 145 68 21 7 18 93 94 19 5 150 143 6 87 151 
AQUIIII!!83 27 21 150 13 29 154 152 149 95 28 93 26 153 100 151 
Number of Cuts in the second phase:1797
Number of repeat: 1644 
Violation: 680.000000
Violation: 856.000000
Violation: 384.000000
Violation: 374.000000
Violation: 119.000000
Violation: 642.000000
Violation: 595.000000
Violation: 560.000000
Violation: 214.000000
Violation: 192.000000
Violation: 1190.000000
Violation: 791.000000
Violation: 350.000000
Violation: 451.000000
Violation: 100.000000
Violation: 758.000000
Violation: 380.000000
Violation: 132.000000
Violation: 16.000000
Violation: 145.000000
Violation: 46.000000
Violation: 167.000000
Violation: 76.000000
Violation: 1948.000000
Violation: 532.000000
Violation: 346.000000
Violation: 340.000000
Violation: 190.000000
Violation: 428.000000
Violation: 77.000000
Violation: 363.000000
Violation: 564.000000
Violation: 188.000000
Violation: 34.000000
Violation: 368.000000
Violation: 570.000000
Violation: 4.000000
Violation: 256.000000
Violation: 548.000000
Violation: 111.000000
Violation: 44.000000
Violation: 309.000000
Violation: 149.000000
Violation: 171.000000
Violation: 1574.000000
Violation: 574.000000
Violation: 950.000000
Violation: 785.000000
Violation: 919.000000
Violation: 760.000000
Violation: 1088.000000
Violation: 591.000000
Violation: 127.000000
Violation: 536.000000
Violation: 107.000000
Violation: 345.000000
Violation: 1564.000000
Violation: 929.000000
Violation: 420.000000
Violation: 791.000000
Violation: 330.000000
Violation: 787.000000
Violation: 126.000000
Violation: 191.000000
Violation: 1046.000000
Violation: 163.000000
Violation: 960.000000
Violation: 91.000000
Violation: 629.000000
Violation: 1165.000000
Violation: 1152.000000
Violation: 902.000000
Violation: 34.000000
Violation: 334.000000
Violation: 15.000000
Violation: 622.000000
Violation: 350.000000
Violation: 181.000000
Violation: 1399.000000
Violation: 514.000000
Violation: 641.000000
Violation: 98.000000
Violation: 747.000000
Violation: 541.000000
Violation: 288.000000
Violation: 100.000000
Violation: 539.000000
Violation: 821.000000
Violation: 215.000000
Violation: 115.000000
Violation: 226.000000
Violation: 724.000000
Violation: 133.000000
Violation: 2.000000
Violation: 518.000000
Violation: 825.000000
Violation: 365.000000
Violation: 365.000000
Violation: 417.000000
Violation: 37.000000
Violation: 219.000000
Violation: 244.000000
Violation: 187.000000
Violation: 424.000000
Violation: 658.000000
Violation: 309.000000
Violation: 414.000000
Violation: 435.000000
Violation: 485.000000
Violation: 223.000000
Violation: 324.000000
Violation: 309.000000
Violation: 634.000000
Violation: 69.000000
Violation: 1355.000000
Violation: 157.000000
Violation: 217.000000
Violation: 768.000000
Violation: 67.000000
Violation: 263.000000
Violation: 528.000000
Violation: 902.000000
Violation: 18.000000
Violation: 551.000000
Violation: 317.000000
Violation: 259.000000
Violation: 760.000000
Violation: 23.000000
Violation: 1120.000000
Violation: 236.000000
Violation: 151.000000
Violation: 548.000000
Violation: 19.000000
Violation: 134.000000
Violation: 692.000000
Violation: 226.000000
Violation: 770.000000
Violation: 433.000000
Violation: 204.000000
Violation: 364.000000
Violation: 748.000000
Violation: 141.000000
Violation: 198.000000
Violation: 250.000000
Violation: 187.000000
Violation: 387.000000
Violation: 1428.000000
Violation: 421.000000
Violation: 566.000000
Violation: 798.000000
Violation: 1035.000000
Violation: 944.000000
Violation: 171.000000
took 10.577637
Optimize a model with 1188 rows, 10797 columns and 133447 nonzeros
Coefficient statistics:
  Matrix range     [1e-05, 9e+01]
  Objective range  [0e+00, 0e+00]
  Bounds range     [1e+00, 2e+09]
  RHS range        [1e+00, 6e+01]
Warning: Model contains large bounds
         Consider reformulating model or setting NumericFocus parameter
         to avoid numerical issues.

Concurrent LP optimizer: dual simplex and barrier
Showing barrier log only...

Presolve removed 169 rows and 420 columns
Presolve time: 0.04s
Presolved: 1019 rows, 10377 columns, 125883 nonzeros

Ordering time: 0.00s

Barrier statistics:
 AA' NZ     : 6.077e+04
 Factor NZ  : 1.009e+05 (roughly 5 MBytes of memory)
 Factor Ops : 1.170e+07 (less than 1 second per iteration)
 Threads    : 3

                  Objective                Residual
Iter       Primal          Dual         Primal    Dual     Compl     Time
   0   0.00000000e+00 -2.68716627e+07  8.27e+09 0.00e+00  1.42e+06     0s
   1   0.00000000e+00 -4.68373843e+06  2.81e+09 8.45e-03  4.85e+05     0s
   2   0.00000000e+00 -2.41877505e+05  4.34e+08 2.08e-16  7.56e+04     0s
   3   0.00000000e+00 -1.45483391e+03  3.45e+04 2.22e-16  6.09e+00     0s
   4   0.00000000e+00 -1.17921774e+03  2.54e+04 3.19e-06  4.40e+00     0s
   5   0.00000000e+00 -1.49708179e+03  9.30e+03 9.74e-05  2.29e+00     0s
   6   0.00000000e+00 -8.90454331e+02  7.01e+03 1.72e-05  1.36e+00     0s
   7   0.00000000e+00 -6.59473021e+02  1.25e+03 2.05e-09  2.63e-01     0s
   8   0.00000000e+00 -4.53414681e+02  8.58e+02 7.19e-10  1.73e-01     0s
   9   0.00000000e+00 -3.17174080e+02  3.86e+02 3.51e-10  8.09e-02     0s
  10   0.00000000e+00 -1.57143911e+02  1.15e+02 1.07e-10  2.59e-02     0s
  11   0.00000000e+00 -9.27606916e+01  3.90e+01 5.07e-11  1.04e-02     0s
  12   0.00000000e+00 -3.78991552e+01  1.51e+01 1.53e-11  3.94e-03     0s
  13   0.00000000e+00 -3.24373703e+01  6.45e+00 1.27e-11  2.40e-03     0s
  14   0.00000000e+00 -1.78226348e+01  3.72e+00 6.20e-12  1.29e-03     0s

Barrier performed 14 iterations in 0.12 seconds
Barrier solve interrupted - model solved by another algorithm


Solved with dual simplex
Solved in 676 iterations and 0.12 seconds
Optimal objective  0.000000000e+00
