j3017_4.mm_s7.txt
Academic license - for non-commercial use only
Read LP format model from file lp/j3017_4.mm.lp
Reading time = 0.01 seconds
: 351 rows, 906 columns, 9053 nonzeros
OKGPU
nThreads: 1024 , nBlocks: 12 
Number cuts generated in the phase 1: 10
Number of repeat: 1 
violation 661.000000
violation 8.000000
violation 795.000000
violation 210.000000
violation 483.000000
violation 435.000000
violation 581.000000
violation 645.000000
violation 8.000000
3000 16
AQUIIII!!44 AQUIIII!!48 44 37 9 17 14 16 8 26 AQUIIII!!AQUIIII!!48 20 44 46 47 14 17 22 21 46 8 44 22 52 21 20 6 47 32 51 17 27 4 AQUIIII!!52 46 AQUIIII!!AQUIIII!!22 6 46 14 5 49 44 46 22 26 17 27 51 20 5 14 37 52 37 21 3 51 9 22 AQUIIII!!29 16 
29 16 49 17 41 46 47 44 9 
47 37 32 27 8 15 48 24 21 48 47 41 27 21 50 48 27 45 16 26 47 22 14 5 9 49 52 8 21 
37 
46 44 48 21 52 19 4 17 9 48 14 22 17 26 6 14 20 52 16 41 
20 22 47 AQUIIII!!26 18 29 46 AQUIIII!!44 

47 44 8 14 AQUIIII!!17 
29 18 46 44 47 48 22 46 14 24 17 26 5 20 21 16 41 20 21 27 17 48 48 16 22 9 22 51 21 37 37 52 52 49 6 49 52 8 51 26 
27 
47 44 
AQUIIII!!22 48 5 6 32 44 4 9 AQUIIII!!41 52 47 24 17 48 29 AQUIIII!!37 21 17 26 14 51 3 46 47 9 8 16 6 
21 41 20 46 49 21 17 8 18 32 44 29 22 14 46 5 
22 45 4 44 
AQUIIII!!8 AQUIIII!!48 AQUIIII!!37 22 29 48 AQUIIII!!16 17 16 17 46 21 52 3 9 48 49 9 21 32 14 AQUIIII!!6 41 47 21 22 41 27 4 21 44 46 29 44 48 47 21 41 52 27 20 8 14 17 37 26 5 32 6 14 17 8 29 47 16 27 9 14 14 17 22 22 5 44 51 6 22 51 
46 45 46 46 49 4 

52 44 26 
47 20 44 
AQUIIII!!44 AQUIIII!!16 46 46 44 AQUIIII!!26 47 44 24 18 22 41 37 47 49 49 29 20 21 17 21 24 18 8 AQUIIII!!52 52 3 44 16 48 6 5 22 21 9 32 51 47 17 4 26 51 4 14 19 37 46 8 48 
14 22 20 5 3 
21 32 41 22 47 
46 AQUIIII!!29 44 6 41 9 6 17 15 
32 29 5 21 4 45 8 3 AQUIIII!!14 44 9 14 17 9 22 8 
17 45 4 22 AQUIIII!!32 44 29 AQUIIII!!48 6 44 20 21 22 26 46 9 52 5 14 46 41 21 51 3 26 24 
46 16 52 47 48 49 27 22 37 49 50 17 18 47 19 37 
AQUIIII!!16 46 20 3 
8 14 5 32 6 44 41 21 17 29 45 22 9 4 
AQUIIII!!46 44 47 18 37 AQUIIII!!49 44 21 17 24 21 52 14 16 48 22 16 51 52 26 46 19 9 48 47 20 27 
37 20 22 8 26 
AQUIIII!!48 46 47 49 51 44 16 17 20 37 22 26 21 52 27 14 
AQUIIII!!48 46 47 49 51 44 16 17 20 37 22 26 21 52 27 14 
AQUIIII!!16 47 26 49 21 20 52 17 48 51 14 22 44 37 27 46 
AQUIIII!!46 22 44 3 5 41 47 4 32 17 6 29 21 8 9 14 
AQUIIII!!48 AQUIIII!!49 46 22 22 21 47 18 37 37 24 24 16 26 18 47 19 16 20 46 52 19 21 52 26 51 44 44 49 20 
51 48 
AQUIIII!!21 18 22 51 52 24 37 AQUIIII!!48 47 16 48 46 17 20 41 47 14 49 16 26 27 19 9 44 21 
29 44 52 6 22 46 AQUIIII!!8 22 
6 47 27 17 8 52 5 29 14 9 41 46 48 21 44 
AQUIIII!!AQUIIII!!AQUIIII!!44 41 46 44 48 8 52 6 32 41 8 44 21 46 9 6 21 21 47 14 41 22 27 29 17 17 AQUIIII!!17 14 29 46 47 5 5 9 5 22 48 32 9 3 46 45 52 14 29 6 22 47 8 29 
4 9 22 6 27 4 

41 AQUIIII!!5 44 8 6 21 29 14 14 3 21 17 41 44 8 
46 22 16 17 47 48 27 52 9 
AQUIIII!!46 AQUIIII!!47 46 14 47 48 48 27 27 26 16 22 9 9 37 16 21 20 17 22 17 8 14 52 21 20 44 26 52 44 37 8 

AQUIIII!!26 16 17 49 37 52 48 18 47 22 24 46 21 44 51 20 
AQUIIII!!27 17 26 22 16 46 48 37 21 52 47 20 14 9 AQUIIII!!49 27 44 37 
52 16 48 49 14 9 17 20 47 44 26 21 22 46 
AQUIIII!!3 4 44 17 41 6 5 22 AQUIIII!!14 29 29 17 21 47 8 9 AQUIIII!!32 16 9 44 21 45 16 46 46 8 14 
20 27 21 8 37 48 17 52 48 22 47 41 9 6 14 44 22 
26 52 27 46 
AQUIIII!!14 46 41 AQUIIII!!47 44 9 17 22 46 21 37 AQUIIII!!47 17 44 9 8 46 16 29 27 8 6 9 48 4 48 26 22 32 20 14 48 27 20 5 21 16 44 22 21 
14 AQUIIII!!47 52 44 26 
16 8 19 52 26 17 48 37 46 
51 49 50 37 47 52 24 22 18 20 
AQUIIII!!44 47 27 22 20 21 48 17 16 26 51 49 37 52 46 14 AQUIIII!!
44 46 27 9 48 22 14 20 16 21 47 26 8 52 17 37 
AQUIIII!!44 47 48 37 50 51 18 49 24 22 46 26 19 16 52 20 
AQUIIII!!46 52 26 47 37 49 22 18 48 19 20 0 51 16 50 40 
AQUIIII!!44 21 29 9 6 AQUIIII!!14 46 47 41 8 17 17 21 5 9 4 45 3 44 46 32 22 6 41 3 32 14 
22 29 4 8 5 
AQUIIII!!47 44 26 52 20 46 27 51 49 14 37 17 22 21 48 16 
AQUIIII!!46 47 14 29 44 22 17 5 41 27 48 9 21 52 6 8 
AQUIIII!!16 8 29 22 27 48 6 21 9 41 52 46 17 14 47 44 
AQUIIII!!21 AQUIIII!!22 46 32 3 44 9 8 8 29 44 14 9 21 5 5 6 41 41 3 AQUIIII!!45 17 32 4 3 4 17 9 6 22 44 46 8 29 45 21 14 
17 32 41 
45 6 4 22 29 14 5 46 
AQUIIII!!44 46 17 AQUIIII!!37 47 27 22 47 26 52 37 26 21 50 14 16 49 52 9 46 16 18 48 24 20 48 22 20 AQUIIII!!
51 27 49 9 19 14 44 16 
48 21 8 47 46 41 6 17 52 29 22 44 
AQUIIII!!46 47 9 AQUIIII!!6 46 16 37 27 49 17 20 44 27 41 47 21 14 29 9 22 21 48 52 8 48 14 26 52 22 
44 16 17 
AQUIIII!!44 46 AQUIIII!!21 44 18 16 24 49 51 47 47 21 16 17 52 27 20 22 22 20 17 46 49 AQUIIII!!48 37 44 52 48 46 26 9 17 
37 37 14 27 AQUIIII!!26 47 46 
52 48 26 44 51 21 19 14 22 49 37 9 47 16 52 48 20 20 18 22 24 
16 50 26 49 
AQUIIII!!47 46 52 37 14 44 9 27 22 49 16 48 20 17 21 26 
AQUIIII!!44 46 21 18 24 51 47 16 52 20 22 17 49 37 48 26 
AQUIIII!!52 49 47 AQUIIII!!46 22 20 46 21 17 51 6 24 29 17 9 18 4 22 41 16 8 26 14 37 21 48 3 44 32 
45 5 44 
AQUIIII!!21 19 52 AQUIIII!!37 52 24 AQUIIII!!21 20 18 17 44 26 14 48 17 51 26 49 20 16 16 37 22 52 27 49 20 47 51 47 48 18 24 AQUIIII!!16 47 44 49 17 46 51 22 20 
21 26 44 48 46 49 37 44 26 22 
22 46 14 
9 21 52 27 48 16 AQUIIII!!37 52 47 21 46 17 
14 51 20 37 AQUIIII!!27 9 5 47 21 48 6 16 45 49 29 22 14 26 32 46 AQUIIII!!3 44 27 22 
37 41 15 9 4 46 17 20 8 47 44 21 
49 52 48 26 17 16 14 22 44 
AQUIIII!!44 22 24 46 47 49 52 20 48 51 37 19 50 18 16 26 
AQUIIII!!47 26 49 37 22 24 18 51 19 48 16 52 46 50 20 44 
AQUIIII!!44 14 9 17 52 48 20 8 AQUIIII!!26 46 46 20 16 48 37 22 24 22 18 21 47 47 26 27 37 
51 44 21 52 16 17 49 
AQUIIII!!16 50 46 44 49 52 37 19 18 24 20 22 26 51 47 48 
AQUIIII!!47 6 9 8 44 21 5 29 14 17 32 4 22 3 41 46 
AQUIIII!!27 26 52 21 22 44 48 47 51 20 17 37 16 46 14 49 
AQUIIII!!52 37 24 16 17 47 49 20 AQUIIII!!21 AQUIIII!!22 51 8 46 48 3 18 26 21 48 18 5 16 46 9 37 22 47 20 44 32 21 
24 46 49 14 52 41 26 4 51 6 47 22 19 17 44 29 
44 
AQUIIII!!17 52 29 AQUIIII!!48 6 27 17 9 41 14 4 22 29 46 22 21 5 14 16 8 41 21 47 32 6 44 8 47 44 9 
48 46 
AQUIIII!!44 5 22 3 46 AQUIIII!!8 48 47 47 41 44 17 21 26 14 16 4 21 32 27 29 9 6 52 9 37 
22 8 17 14 20 46 
AQUIIII!!44 22 16 14 48 21 46 47 AQUIIII!!27 46 8 37 26 50 37 20 17 16 20 18 9 49 52 0 
48 26 19 40 52 51 22 47 
AQUIIII!!44 21 29 32 8 17 6 9 5 48 41 22 4 14 46 47 
AQUIIII!!5 21 14 4 9 17 29 32 6 48 22 41 8 47 44 46 
AQUIIII!!5 21 14 4 9 17 29 32 6 48 22 41 8 AQUIIII!!47 44 44 19 46 46 
16 52 20 AQUIIII!!47 46 37 9 21 22 22 44 51 47 48 21 49 8 24 AQUIIII!!3 26 24 14 18 48 6 
52 5 22 17 17 29 21 32 47 41 37 4 20 
51 26 16 49 18 44 46 
AQUIIII!!41 29 8 22 46 6 27 9 14 48 52 16 AQUIIII!!21 47 17 17 44 44 37 
47 21 49 24 52 18 AQUIIII!!26 AQUIIII!!44 20 24 21 16 48 6 48 52 8 22 22 14 51 17 22 46 21 47 
47 9 37 41 20 48 51 46 29 26 17 16 27 49 5 18 52 44 
46 
AQUIIII!!4 44 21 47 9 6 46 17 14 5 8 48 41 22 32 29 
AQUIIII!!4 8 17 6 22 21 3 32 44 41 14 29 9 5 46 47 
AQUIIII!!52 47 24 51 16 26 21 20 17 49 18 37 22 48 46 44 
AQUIIII!!52 AQUIIII!!47 24 46 51 19 16 48 26 52 21 47 20 AQUIIII!!16 17 21 51 49 3 20 18 32 21 37 14 44 22 4 22 48 22 24 46 26 5 44 49 8 
18 9 37 47 
41 17 29 6 44 46 
AQUIIII!!44 21 32 22 41 6 14 5 4 46 8 9 47 29 17 3 
AQUIIII!!19 20 22 51 16 48 24 46 50 47 52 26 37 AQUIIII!!18 47 49 AQUIIII!!44 44 44 52 
14 22 26 27 52 16 16 41 46 8 21 9 47 29 17 48 37 6 46 20 21 51 14 17 48 22 
49 27 
AQUIIII!!49 48 52 9 26 47 37 27 17 21 22 14 20 46 AQUIIII!!16 46 44 17 
48 52 27 41 5 44 6 14 29 9 8 21 47 22 
AQUIIII!!46 47 9 6 16 27 17 44 41 21 29 22 48 8 14 52 
AQUIIII!!47 46 14 41 21 6 8 52 17 22 5 9 44 48 29 27 
AQUIIII!!51 20 16 47 18 49 50 46 26 52 48 22 37 19 40 0 
AQUIIII!!44 22 46 26 47 14 21 27 52 37 20 16 48 49 9 17 
AQUIIII!!5 14 41 32 9 29 17 6 44 22 4 45 3 21 8 46 
AQUIIII!!44 47 48 37 50 51 18 49 24 22 46 26 19 16 52 20 
AQUIIII!!46 27 37 48 16 26 17 21 9 22 20 52 47 8 44 14 
AQUIIII!!44 AQUIIII!!22 52 9 26 29 18 15 37 5 16 4 21 6 22 21 49 41 48 32 20 3 47 17 19 8 51 14 46 45 44 
24 
AQUIIII!!44 20 51 49 37 24 50 47 52 46 19 48 26 16 22 18 
AQUIIII!!26 51 49 50 48 19 37 46 20 18 52 44 16 47 24 22 
AQUIIII!!47 46 20 49 0 51 19 50 26 18 22 52 37 48 16 40 
AQUIIII!!22 18 16 19 44 52 20 47 37 51 24 26 48 49 50 46 
AQUIIII!!16 49 20 37 52 24 50 46 22 26 19 51 18 48 44 47 
AQUIIII!!52 6 17 29 AQUIIII!!44 20 27 47 48 52 8 51 9 18 47 44 22 16 5 AQUIIII!!50 21 22 26 14 18 37 41 22 16 46 19 19 
48 44 24 52 49 20 46 47 
37 51 24 26 48 49 50 46 
AQUIIII!!46 8 29 14 4 41 6 22 3 32 9 47 17 5 21 44 
AQUIIII!!46 22 8 14 32 9 4 5 44 29 48 41 47 21 17 6 
AQUIIII!!46 41 9 47 4 14 29 22 44 3 6 32 8 17 21 5 
AQUIIII!!47 9 52 22 6 41 29 48 17 8 27 44 14 21 5 46 AQUIIII!!
49 16 51 52 47 46 37 18 26 20 48 19 AQUIIII!!50 20 24 22 44 26 22 37 
16 49 27 14 21 51 52 47 48 17 44 46 
AQUIIII!!27 29 21 41 47 9 22 52 5 48 14 46 8 17 6 44 
AQUIIII!!45 46 4 8 17 3 41 9 32 14 6 5 22 44 21 29 
AQUIIII!!37 21 22 51 16 46 49 19 47 18 24 20 26 48 52 44 
AQUIIII!!3 46 5 21 29 14 9 45 6 17 4 41 22 32 8 44 
AQUIIII!!3 17 29 4 9 41 46 22 5 21 32 6 47 8 14 44 
AQUIIII!!47 46 52 17 44 22 21 18 16 24 51 20 48 49 26 37 
AQUIIII!!44 47 27 22 20 21 48 17 16 26 51 49 37 52 46 14 
AQUIIII!!48 14 21 47 44 46 29 8 52 22 41 27 6 9 16 17 
AQUIIII!!26 44 37 22 47 48 AQUIIII!!24 44 18 52 52 48 46 17 16 41 50 27 49 6 19 9 51 8 20 14 
47 21 46 22 16 29 
AQUIIII!!26 44 37 22 47 48 24 AQUIIII!!18 3 52 22 46 9 16 32 50 8 49 4 19 15 51 41 20 45 
17 6 21 5 14 29 44 
AQUIIII!!46 48 21 14 44 6 22 16 47 41 8 27 17 9 52 29 
AQUIIII!!44 14 27 22 52 9 37 48 20 17 26 46 21 16 49 47 AQUIIII!!
4 44 9 32 29 14 46 8 6 22 47 41 48 17 5 21 
AQUIIII!!46 47 22 48 52 37 24 44 19 18 21 20 49 51 26 16 
AQUIIII!!44 46 16 52 20 50 26 37 49 24 51 47 18 19 48 22 
AQUIIII!!46 47 22 48 52 37 24 44 19 18 21 20 49 51 26 16 
AQUIIII!!44 46 16 52 20 50 26 37 49 24 51 47 18 19 48 22 
AQUIIII!!19 22 46 16 18 20 26 37 48 52 24 47 50 44 49 51 
AQUIIII!!21 27 29 48 8 52 17 41 9 47 6 5 46 14 22 44 
AQUIIII!!48 44 47 37 21 51 17 20 14 26 16 22 52 49 27 46 
AQUIIII!!44 47 50 46 52 37 48 19 20 51 49 22 18 26 16 24 
AQUIIII!!46 48 AQUIIII!!21 8 14 45 44 22 6 41 22 46 16 6 47 5 41 14 8 17 27 4 17 32 9 3 52 21 29 
29 9 44 
AQUIIII!!44 26 47 46 49 16 51 22 52 21 48 37 24 18 17 20 
AQUIIII!!46 47 16 21 20 49 26 52 22 27 44 14 48 17 37 9 
AQUIIII!!20 17 8 14 27 46 22 26 21 9 47 52 16 37 48 44 
AQUIIII!!52 20 24 26 22 47 48 51 21 16 49 37 17 46 18 44 
AQUIIII!!44 47 37 24 26 49 22 17 16 52 20 48 21 46 18 51 
AQUIIII!!46 26 16 51 18 22 50 AQUIIII!!19 48 20 20 49 22 52 27 37 44 40 47 47 26 48 9 0 49 
17 37 52 16 21 14 46 
AQUIIII!!44 20 52 16 19 26 24 18 37 21 49 22 48 47 46 51 
AQUIIII!!46 21 14 45 6 4 5 29 22 3 17 9 41 32 44 8 
AQUIIII!!44 46 21 29 17 14 16 52 27 22 47 48 8 6 9 41 
AQUIIII!!9 4 47 8 48 17 46 29 41 6 32 21 14 5 22 44 
AQUIIII!!44 46 21 29 17 14 16 52 27 22 47 48 8 6 9 41 
AQUIIII!!47 37 22 16 18 19 44 52 48 49 50 20 51 24 26 46 
AQUIIII!!32 8 22 17 47 9 5 4 21 41 29 46 48 6 14 44 
AQUIIII!!46 14 22 49 48 20 52 44 16 26 51 17 47 27 37 21 
AQUIIII!!18 21 48 24 46 26 22 52 49 20 47 51 37 17 16 44 AQUIIII!!
22 17 14 8 47 5 4 3 AQUIIII!!44 44 41 47 21 37 29 24 9 26 32 49 6 22 46 17 
16 52 20 48 21 46 18 51 
AQUIIII!!44 52 21 9 22 41 29 8 47 48 46 6 17 16 14 27 
AQUIIII!!20 51 46 22 52 40 18 19 49 37 16 47 50 0 48 26 
AQUIIII!!51 26 49 18 17 48 21 37 44 47 16 22 24 52 20 46 
AQUIIII!!41 3 17 9 5 14 6 22 46 32 47 21 29 8 4 44 AQUIIII!!
44 49 48 26 20 21 16 18 22 46 47 37 52 51 24 19 
AQUIIII!!9 5 29 8 21 14 48 22 6 46 32 4 41 47 17 44 
AQUIIII!!44 24 20 48 22 18 50 49 16 37 19 46 26 52 47 51 
AQUIIII!!47 17 49 27 14 48 51 21 20 22 46 37 52 26 16 44 
AQUIIII!!17 29 47 4 32 8 22 21 9 5 6 14 41 3 46 44 
AQUIIII!!37 51 47 44 20 17 48 26 21 18 49 22 24 52 16 46 
AQUIIII!!22 6 5 21 29 46 41 52 48 14 47 9 17 8 27 44 
Number of Cuts in the second phase:1202
Number of repeat: 994 
Violation: 194.000000
Violation: 1202.000000
Violation: 7.000000
Violation: 747.000000
Violation: 593.000000
Violation: 1194.000000
Violation: 243.000000
Violation: 293.000000
Violation: 551.000000
Violation: 194.000000
Violation: 202.000000
Violation: 142.000000
Violation: 1202.000000
Violation: 177.000000
Violation: 396.000000
Violation: 110.000000
Violation: 403.000000
Violation: 396.000000
Violation: 8.000000
Violation: 653.000000
Violation: 333.000000
Violation: 1194.000000
Violation: 1102.000000
Violation: 102.000000
Violation: 609.000000
Violation: 486.000000
Violation: 740.000000
Violation: 172.000000
Violation: 870.000000
Violation: 102.000000
Violation: 1304.000000
Violation: 435.000000
Violation: 531.000000
Violation: 371.000000
Violation: 305.000000
Violation: 544.000000
Violation: 626.000000
Violation: 183.000000
Violation: 584.000000
Violation: 592.000000
Violation: 420.000000
Violation: 465.000000
Violation: 322.000000
Violation: 8.000000
Violation: 586.000000
Violation: 142.000000
Violation: 202.000000
Violation: 894.000000
Violation: 564.000000
Violation: 601.000000
Violation: 1056.000000
Violation: 565.000000
Violation: 983.000000
Violation: 182.000000
Violation: 728.000000
Violation: 304.000000
Violation: 989.000000
Violation: 371.000000
Violation: 382.000000
Violation: 952.000000
Violation: 101.000000
Violation: 842.000000
Violation: 220.000000
Violation: 551.000000
Violation: 102.000000
Violation: 404.000000
Violation: 517.000000
Violation: 502.000000
Violation: 209.000000
Violation: 80.000000
Violation: 87.000000
Violation: 740.000000
Violation: 629.000000
Violation: 138.000000
Violation: 515.000000
Violation: 601.000000
Violation: 432.000000
Violation: 8.000000
Violation: 330.000000
Violation: 380.000000
Violation: 1093.000000
Violation: 700.000000
Violation: 330.000000
Violation: 396.000000
Violation: 210.000000
Violation: 411.000000
Violation: 585.000000
Violation: 292.000000
Violation: 572.000000
Violation: 542.000000
Violation: 1102.000000
Violation: 166.000000
Violation: 431.000000
Violation: 319.000000
Violation: 1110.000000
Violation: 405.000000
Violation: 460.000000
Violation: 98.000000
Violation: 93.000000
Violation: 284.000000
Violation: 35.000000
Violation: 137.000000
Violation: 284.000000
Violation: 218.000000
Violation: 196.000000
Violation: 585.000000
Violation: 18.000000
Violation: 693.000000
Violation: 839.000000
Violation: 404.000000
Violation: 222.000000
Violation: 776.000000
Violation: 855.000000
Violation: 172.000000
Violation: 185.000000
Violation: 531.000000
Violation: 444.000000
Violation: 666.000000
Violation: 14.000000
Violation: 226.000000
Violation: 800.000000
Violation: 328.000000
Violation: 1522.000000
Violation: 1276.000000
Violation: 1422.000000
Violation: 779.000000
Violation: 359.000000
Violation: 601.000000
Violation: 319.000000
Violation: 1191.000000
Violation: 404.000000
Violation: 1712.000000
Violation: 1084.000000
Violation: 260.000000
Violation: 93.000000
Violation: 431.000000
Violation: 202.000000
Violation: 593.000000
Violation: 504.000000
Violation: 110.000000
Violation: 352.000000
Violation: 420.000000
Violation: 690.000000
Violation: 253.000000
Violation: 185.000000
Violation: 577.000000
Violation: 299.000000
Violation: 688.000000
Violation: 826.000000
Violation: 150.000000
Violation: 910.000000
Violation: 205.000000
Violation: 182.000000
Violation: 873.000000
Violation: 75.000000
Violation: 1366.000000
Violation: 295.000000
Violation: 515.000000
Violation: 943.000000
Violation: 1049.000000
Violation: 703.000000
Violation: 278.000000
Violation: 582.000000
Violation: 945.000000
Violation: 577.000000
Violation: 347.000000
Violation: 265.000000
Violation: 304.000000
Violation: 600.000000
Violation: 274.000000
Violation: 177.000000
Violation: 212.000000
Violation: 172.000000
Violation: 1202.000000
Violation: 1312.000000
Violation: 93.000000
Violation: 1102.000000
Violation: 90.000000
Violation: 1220.000000
Violation: 794.000000
Violation: 954.000000
Violation: 6.000000
Violation: 70.000000
Violation: 228.000000
Violation: 210.000000
Violation: 630.000000
Violation: 321.000000
Violation: 100.000000
Violation: 277.000000
Violation: 297.000000
Violation: 7.000000
Violation: 2126.000000
Violation: 167.000000
Violation: 1402.000000
Violation: 735.000000
Violation: 539.000000
Violation: 1052.000000
Violation: 193.000000
Violation: 621.000000
Violation: 371.000000
Violation: 458.000000
Violation: 190.000000
Violation: 200.000000
Violation: 265.000000
Violation: 647.000000
Violation: 995.000000
Violation: 478.000000
Violation: 1276.000000
took 2.143373
Optimize a model with 575 rows, 906 columns and 10429 nonzeros
Coefficient statistics:
  Matrix range     [1e+00, 4e+01]
  Objective range  [0e+00, 0e+00]
  Bounds range     [1e+00, 4e+01]
  RHS range        [1e+00, 1e+02]
Presolve removed 253 rows and 108 columns
Presolve time: 0.00s
Presolved: 322 rows, 798 columns, 9002 nonzeros

Iteration    Objective       Primal Inf.    Dual Inf.      Time
       0    0.0000000e+00   4.508044e+01   0.000000e+00      0s
     112    0.0000000e+00   0.000000e+00   0.000000e+00      0s

Solved in 112 iterations and 0.01 seconds
Optimal objective  0.000000000e+00
