j3017_4.mm_s4.txt
Academic license - for non-commercial use only
Read LP format model from file lp/j3017_4.mm.lp
Reading time = 0.00 seconds
: 351 rows, 906 columns, 9053 nonzeros
OKGPU
nThreads: 1024 , nBlocks: 12 
Number cuts generated in the phase 1: 11
Number of repeat: 4 
violation 750.000000
violation 400.000000
violation 420.000000
violation 249.000000
violation 84.000000
violation 139.000000
violation 800.000000
6996 16
AQUIIII!!53 19 22 47 51 AQUIIII!!15 53 27 22 24 50 14 31 13 18 17 11 15 20 16 21 52 48 10 9 27 
9 23 51 25 50 AQUIIII!!53 11 27 
31 4 48 51 47 21 28 19 3 AQUIIII!!AQUIIII!!38 53 53 20 9 15 8 19 9 2 47 18 17 20 
23 24 14 21 12 15 27 50 10 22 13 18 22 31 16 51 25 48 50 27 52 11 11 

AQUIIII!!21 53 18 3 9 27 29 24 20 51 AQUIIII!!4 53 8 17 48 50 31 27 19 10 47 25 
12 23 15 11 14 16 22 AQUIIII!!13 53 52 51 9 9 
11 20 18 4 48 22 21 27 47 31 19 24 8 
AQUIIII!!21 47 3 8 0 7 28 2 1 31 20 38 4 19 27 18 
AQUIIII!!2 53 19 4 51 31 20 21 27 38 28 48 8 18 47 3 
AQUIIII!!53 27 16 22 51 10 13 50 9 11 17 25 15 23 14 52 
AQUIIII!!48 11 14 13 23 10 51 AQUIIII!!47 11 22 21 31 22 16 48 9 31 27 15 50 20 15 19 53 24 9 
47 51 27 18 8 AQUIIII!!53 AQUIIII!!53 53 17 
16 9 11 19 10 24 51 29 31 21 14 8 13 47 22 31 27 27 9 51 23 48 48 18 50 20 15 4 
3 
AQUIIII!!53 9 23 AQUIIII!!50 51 14 53 17 9 25 13 52 50 27 27 11 21 10 47 AQUIIII!!23 13 53 22 12 25 11 16 12 15 15 22 14 22 13 48 
15 31 16 10 9 
AQUIIII!!52 53 14 11 51 31 50 18 10 27 11 50 23 17 21 15 
47 22 9 20 27 19 48 24 
AQUIIII!!17 53 14 11 23 22 9 52 50 16 27 10 51 13 15 25 
AQUIIII!!17 27 22 16 23 11 13 12 50 14 9 15 10 52 25 53 
AQUIIII!!53 31 50 51 20 24 22 27 48 11 10 21 AQUIIII!!47 53 15 14 19 9 9 22 
47 10 23 13 31 11 50 15 48 27 51 16 AQUIIII!!
53 10 11 51 50 AQUIIII!!14 53 22 22 16 23 9 16 27 10 17 48 48 9 31 27 13 AQUIIII!!50 23 AQUIIII!!14 18 15 47 14 
9 11 16 15 48 9 51 AQUIIII!!29 15 13 9 31 27 15 8 
13 24 27 51 19 31 23 31 11 48 24 48 27 51 31 47 50 19 20 22 51 3 10 50 47 53 11 17 22 4 
10 21 21 53 53 20 

AQUIIII!!53 51 50 9 48 47 21 27 22 14 31 23 10 15 11 13 
AQUIIII!!20 29 19 31 27 48 21 51 3 24 9 18 47 4 8 53 AQUIIII!!
22 11 48 51 13 23 15 47 9 10 14 50 27 31 21 53 
AQUIIII!!47 21 10 11 20 27 50 48 22 13 23 15 51 9 31 53 
AQUIIII!!53 4 18 51 28 2 27 48 21 19 38 3 31 8 47 20 
AQUIIII!!53 17 10 23 48 16 13 27 11 50 15 14 31 51 9 22 
AQUIIII!!53 27 21 11 20 48 31 9 22 15 50 18 19 47 24 51 
AQUIIII!!38 51 2 18 3 48 19 27 31 28 8 20 AQUIIII!!4 24 53 51 21 48 47 8 
19 31 18 21 4 29 20 9 27 3 53 47 
AQUIIII!!24 51 48 8 19 31 18 21 4 29 20 9 27 3 53 47 
AQUIIII!!31 11 50 27 51 24 18 22 47 9 19 21 15 48 53 20 
AQUIIII!!53 14 17 16 50 AQUIIII!!23 53 51 51 15 24 13 47 22 29 9 18 10 48 52 AQUIIII!!21 11 9 47 25 3 20 27 20 8 
21 31 53 4 24 27 4 19 18 3 27 
29 51 31 48 8 19 9 
AQUIIII!!53 47 51 24 11 19 31 21 50 10 15 20 9 48 27 22 
AQUIIII!!53 21 27 51 47 48 50 15 18 22 31 20 11 24 19 9 
AQUIIII!!53 50 22 16 23 48 51 10 27 14 11 15 47 13 9 31 
AQUIIII!!9 19 22 51 24 8 27 48 18 11 47 15 21 31 20 53 
AQUIIII!!19 18 38 53 AQUIIII!!51 53 4 48 21 21 47 31 2 19 4 11 18 28 51 27 22 24 20 8 9 8 AQUIIII!!48 31 9 27 20 47 31 
3 22 
51 11 16 10 15 48 47 23 27 14 50 13 53 
AQUIIII!!53 11 17 9 14 27 15 25 22 51 AQUIIII!!52 51 16 53 50 50 10 23 15 10 14 13 47 
16 31 22 23 27 13 48 11 9 
AQUIIII!!51 21 53 31 38 18 2 28 3 20 48 4 8 19 47 27 
AQUIIII!!11 19 51 9 48 47 AQUIIII!!15 10 18 31 27 51 16 21 23 20 13 50 11 22 50 24 47 31 27 53 9 
15 14 48 22 53 
AQUIIII!!53 15 13 47 48 14 11 22 10 31 23 51 27 9 50 16 
AQUIIII!!53 47 48 21 24 20 19 50 15 51 18 11 31 27 9 22 
AQUIIII!!53 50 24 47 18 48 19 20 11 22 21 9 27 31 15 51 
AQUIIII!!21 48 4 3 8 18 28 27 20 19 2 47 38 31 53 51 
AQUIIII!!14 27 22 13 50 10 15 48 31 23 51 47 11 21 9 53 
AQUIIII!!8 29 27 24 19 20 51 18 9 31 21 4 48 53 3 47 
AQUIIII!!27 20 51 8 19 9 31 3 48 24 18 4 47 21 29 AQUIIII!!53 53 
50 9 15 31 22 11 23 13 48 27 51 14 21 10 AQUIIII!!15 47 11 
19 47 20 51 24 48 50 21 27 18 22 9 31 53 
AQUIIII!!AQUIIII!!21 53 31 47 21 4 11 27 27 31 22 48 50 13 18 15 19 48 28 47 38 23 3 51 10 20 9 8 20 0 
2 1 
AQUIIII!!15 16 13 10 47 31 14 27 11 50 48 23 22 51 9 53 
AQUIIII!!53 8 18 28 47 38 2 20 48 3 27 31 4 AQUIIII!!19 53 51 23 21 9 
17 12 52 27 14 50 13 16 15 11 22 10 25 
AQUIIII!!27 22 15 52 16 9 13 11 14 25 12 17 50 23 10 53 
AQUIIII!!9 15 16 50 17 52 23 25 AQUIIII!!14 16 22 11 50 27 14 13 10 10 53 9 51 
31 22 13 23 48 47 27 15 11 51 53 
AQUIIII!!23 17 31 13 15 50 AQUIIII!!10 51 51 17 27 23 11 48 27 22 9 9 13 11 22 14 50 16 25 53 52 
16 14 AQUIIII!!10 12 15 13 53 
25 15 14 9 23 16 22 27 10 17 52 11 50 53 
AQUIIII!!31 27 20 23 AQUIIII!!47 53 13 23 51 22 50 50 13 10 11 48 47 15 31 9 22 21 15 11 10 53 21 
48 14 51 27 9 
AQUIIII!!51 53 27 11 47 22 24 9 18 20 50 15 19 48 21 31 
AQUIIII!!9 50 21 19 11 AQUIIII!!48 19 31 20 0 22 27 15 21 24 7 10 28 31 4 27 38 47 8 51 18 53 20 
3 2 47 1 
AQUIIII!!53 47 51 22 11 20 27 19 15 24 48 31 18 9 50 21 
AQUIIII!!10 9 48 21 27 51 13 31 23 22 15 20 50 47 11 53 
AQUIIII!!10 16 9 52 50 22 11 17 23 15 27 25 13 51 14 53 
AQUIIII!!53 10 31 13 27 47 23 48 15 50 21 9 11 22 51 14 
AQUIIII!!19 31 47 48 9 22 8 11 24 15 27 18 51 20 53 21 
AQUIIII!!24 22 11 31 15 21 18 20 47 48 27 9 51 19 8 53 
AQUIIII!!13 47 15 50 21 11 23 27 9 14 22 51 31 10 48 53 
AQUIIII!!53 20 21 18 15 51 11 47 8 22 24 9 48 19 31 27 
AQUIIII!!53 15 12 52 16 13 22 25 11 9 23 10 17 27 14 50 
AQUIIII!!50 20 11 15 27 22 51 10 9 31 23 47 48 13 21 53 
AQUIIII!!21 15 19 47 10 11 31 48 24 50 9 20 51 27 22 53 
AQUIIII!!11 17 25 9 14 13 10 15 23 50 52 16 12 27 22 53 
AQUIIII!!11 19 31 20 47 22 8 AQUIIII!!21 20 18 22 48 50 15 27 24 31 9 47 51 19 27 15 53 51 
9 11 48 24 18 21 53 
AQUIIII!!27 23 22 AQUIIII!!13 11 50 52 51 10 17 25 23 16 47 14 50 15 14 51 22 10 31 11 16 9 13 53 48 
27 15 9 53 
AQUIIII!!48 51 23 22 31 10 50 15 27 47 20 21 11 13 9 53 
AQUIIII!!24 31 19 20 22 18 4 47 11 9 51 27 21 48 8 53 
AQUIIII!!27 48 21 AQUIIII!!31 51 50 50 10 14 23 22 9 13 14 23 15 16 11 15 AQUIIII!!22 31 15 47 11 13 13 10 48 51 27 50 53 17 17 
9 9 48 53 31 
23 22 10 14 27 16 11 51 53 
AQUIIII!!53 16 14 13 23 52 50 AQUIIII!!27 53 22 27 10 18 25 8 11 28 48 17 20 51 3 9 21 15 19 
31 51 4 38 47 2 
AQUIIII!!11 27 47 14 9 48 10 16 15 22 31 51 50 13 23 53 
AQUIIII!!38 31 8 28 19 21 51 47 AQUIIII!!2 21 27 11 48 50 18 48 20 20 15 3 19 4 22 53 27 
9 24 47 10 31 51 53 
AQUIIII!!9 51 17 52 11 23 13 10 16 50 14 15 22 27 25 53 
AQUIIII!!29 19 47 4 48 9 8 21 27 18 3 24 20 31 53 51 
AQUIIII!!48 3 27 20 21 24 31 47 18 19 29 4 51 9 8 53 
AQUIIII!!9 20 8 4 11 51 47 31 27 48 24 19 22 18 53 21 
AQUIIII!!18 21 11 24 22 47 27 15 50 51 9 19 31 20 48 53 
AQUIIII!!53 16 51 50 AQUIIII!!11 23 9 27 24 15 14 27 9 20 48 31 11 10 19 13 22 21 47 48 
47 8 15 51 22 18 31 53 
AQUIIII!!53 9 22 20 11 24 19 18 27 21 31 47 4 8 48 51 
AQUIIII!!51 53 15 14 9 52 23 22 27 25 17 50 16 11 10 13 
AQUIIII!!21 20 53 29 24 18 3 8 31 9 4 48 51 47 27 19 
AQUIIII!!31 47 27 10 20 23 11 15 21 9 13 48 22 50 53 51 
AQUIIII!!53 8 31 47 21 51 18 11 24 19 22 27 9 15 48 20 
AQUIIII!!53 18 28 47 21 3 51 8 4 31 48 19 20 2 38 27 
AQUIIII!!14 13 27 16 12 9 52 11 25 17 50 15 10 22 23 53 
AQUIIII!!31 24 22 50 51 27 21 11 19 9 15 47 20 18 48 53 
AQUIIII!!53 2 21 18 48 28 27 3 8 51 19 38 31 47 4 20 
AQUIIII!!48 9 27 11 15 22 14 23 10 50 13 51 31 AQUIIII!!47 20 21 53 27 53 
2 31 28 18 3 21 48 51 4 19 38 47 8 
AQUIIII!!52 11 23 27 17 AQUIIII!!22 21 12 23 10 9 16 13 25 10 14 50 9 22 13 20 50 47 15 15 53 31 
11 27 48 51 53 
AQUIIII!!53 23 16 25 52 22 27 9 17 50 14 13 10 15 51 11 
AQUIIII!!53 13 15 17 23 9 31 27 11 22 50 14 10 48 16 51 
AQUIIII!!53 10 51 22 48 21 19 50 15 9 27 11 47 20 24 31 
AQUIIII!!17 13 10 25 14 51 23 15 16 22 27 11 9 50 52 53 
AQUIIII!!48 9 18 19 AQUIIII!!21 20 53 8 24 24 15 22 47 19 47 8 15 48 11 27 11 21 9 51 18 31 51 27 22 20 53 31 

AQUIIII!!51 50 19 9 22 20 24 31 15 47 11 27 48 18 21 53 
AQUIIII!!31 9 18 24 22 19 20 21 47 48 11 50 15 27 51 53 
AQUIIII!!53 9 48 18 47 15 11 31 22 50 51 20 24 27 19 21 
AQUIIII!!53 22 15 48 47 8 51 20 19 31 18 9 24 11 27 21 
AQUIIII!!20 18 0 28 27 19 1 21 38 2 48 31 3 8 4 47 
AQUIIII!!27 13 23 50 22 25 51 14 10 17 11 52 15 16 9 53 
AQUIIII!!53 15 27 48 17 50 51 11 31 10 22 9 16 13 14 23 
AQUIIII!!23 21 50 51 10 22 31 47 11 9 14 15 48 27 13 53 
AQUIIII!!47 51 53 11 22 21 9 20 24 15 19 31 18 48 8 27 
AQUIIII!!53 47 50 19 24 48 31 51 11 9 18 15 22 20 21 27 
AQUIIII!!28 38 18 4 47 31 21 51 48 19 8 27 20 3 2 53 
AQUIIII!!21 53 4 19 47 8 18 9 24 3 48 20 31 27 29 51 
AQUIIII!!47 27 23 10 22 50 9 48 15 13 31 11 51 20 21 53 
AQUIIII!!15 19 22 20 27 47 21 48 31 9 50 18 24 11 51 53 
AQUIIII!!18 48 29 19 24 31 51 9 8 21 20 47 3 27 4 53 
AQUIIII!!27 21 24 47 31 51 48 20 11 18 9 19 50 15 22 53 
AQUIIII!!15 23 50 27 9 16 14 17 13 12 22 52 25 10 11 53 
AQUIIII!!25 23 14 11 52 15 27 50 9 22 10 17 51 13 16 53 
AQUIIII!!8 20 51 47 9 19 27 48 21 3 24 29 4 18 31 53 
Number of Cuts in the second phase:3015
Number of repeat: 2829 
Violation: 500.000000
Violation: 1200.000000
Violation: 200.000000
Violation: 750.000000
Violation: 500.000000
Violation: 600.000000
Violation: 600.000000
Violation: 284.000000
Violation: 500.000000
Violation: 400.000000
Violation: 84.000000
Violation: 500.000000
Violation: 600.000000
Violation: 568.000000
Violation: 633.000000
Violation: 1000.000000
Violation: 245.000000
Violation: 168.000000
Violation: 250.000000
Violation: 284.000000
Violation: 385.000000
Violation: 1000.000000
Violation: 1000.000000
Violation: 136.000000
Violation: 450.000000
Violation: 83.000000
Violation: 200.000000
Violation: 200.000000
Violation: 250.000000
Violation: 100.000000
Violation: 1200.000000
Violation: 600.000000
Violation: 500.000000
Violation: 55.000000
Violation: 533.000000
Violation: 556.000000
Violation: 200.000000
Violation: 500.000000
Violation: 250.000000
Violation: 400.000000
Violation: 252.000000
Violation: 249.000000
Violation: 1200.000000
Violation: 110.000000
Violation: 1050.000000
Violation: 251.000000
Violation: 1200.000000
Violation: 372.000000
Violation: 700.000000
Violation: 200.000000
Violation: 100.000000
Violation: 194.000000
Violation: 600.000000
Violation: 333.000000
Violation: 200.000000
Violation: 1142.000000
Violation: 1250.000000
Violation: 500.000000
Violation: 165.000000
Violation: 350.000000
Violation: 500.000000
Violation: 800.000000
Violation: 55.000000
Violation: 1000.000000
Violation: 333.000000
Violation: 334.000000
Violation: 200.000000
Violation: 26.000000
Violation: 1200.000000
Violation: 200.000000
Violation: 168.000000
Violation: 1200.000000
Violation: 400.000000
Violation: 200.000000
Violation: 200.000000
Violation: 571.000000
Violation: 600.000000
Violation: 249.000000
Violation: 600.000000
Violation: 283.000000
Violation: 200.000000
Violation: 86.000000
Violation: 315.000000
Violation: 31.000000
Violation: 400.000000
Violation: 66.000000
Violation: 833.000000
Violation: 1600.000000
Violation: 600.000000
Violation: 500.000000
Violation: 84.000000
Violation: 1200.000000
Violation: 200.000000
Violation: 226.000000
Violation: 55.000000
Violation: 346.000000
Violation: 385.000000
Violation: 250.000000
Violation: 200.000000
Violation: 83.000000
Violation: 396.000000
Violation: 167.000000
Violation: 595.000000
Violation: 136.000000
Violation: 400.000000
Violation: 400.000000
Violation: 333.000000
Violation: 582.000000
Violation: 500.000000
Violation: 45.000000
Violation: 600.000000
Violation: 200.000000
Violation: 521.000000
Violation: 333.000000
Violation: 550.000000
Violation: 200.000000
Violation: 600.000000
Violation: 191.000000
Violation: 138.000000
Violation: 368.000000
Violation: 400.000000
Violation: 333.000000
Violation: 222.000000
Violation: 900.000000
Violation: 783.000000
Violation: 400.000000
Violation: 445.000000
Violation: 1000.000000
Violation: 211.000000
Violation: 333.000000
Violation: 250.000000
Violation: 684.000000
Violation: 1250.000000
Violation: 1000.000000
Violation: 400.000000
Violation: 1200.000000
Violation: 600.000000
Violation: 334.000000
Violation: 700.000000
Violation: 452.000000
Violation: 800.000000
Violation: 533.000000
Violation: 50.000000
Violation: 310.000000
Violation: 200.000000
Violation: 450.000000
Violation: 750.000000
Violation: 400.000000
Violation: 833.000000
Violation: 883.000000
Violation: 1200.000000
Violation: 34.000000
Violation: 165.000000
Violation: 800.000000
Violation: 83.000000
Violation: 83.000000
Violation: 600.000000
Violation: 1050.000000
Violation: 800.000000
Violation: 1000.000000
Violation: 221.000000
Violation: 381.000000
Violation: 400.000000
Violation: 750.000000
Violation: 92.000000
Violation: 400.000000
Violation: 537.000000
Violation: 600.000000
Violation: 200.000000
Violation: 683.000000
Violation: 484.000000
Violation: 533.000000
Violation: 447.000000
Violation: 1200.000000
Violation: 1000.000000
Violation: 333.000000
Violation: 850.000000
Violation: 223.000000
Violation: 333.000000
Violation: 564.000000
Violation: 833.000000
Violation: 200.000000
Violation: 500.000000
Violation: 583.000000
Violation: 583.000000
Violation: 139.000000
took 2.453235
Optimize a model with 554 rows, 906 columns and 9830 nonzeros
Coefficient statistics:
  Matrix range     [1e+00, 4e+01]
  Objective range  [0e+00, 0e+00]
  Bounds range     [1e+00, 4e+01]
  RHS range        [1e+00, 1e+02]
Presolve removed 300 rows and 107 columns
Presolve time: 0.00s
Presolved: 254 rows, 799 columns, 8520 nonzeros

Iteration    Objective       Primal Inf.    Dual Inf.      Time
       0    0.0000000e+00   4.395544e+01   0.000000e+00      0s
     133    0.0000000e+00   0.000000e+00   0.000000e+00      0s

Solved in 133 iterations and 0.01 seconds
Optimal objective  0.000000000e+00
