A-4.txt_s2.txt
Academic license - for non-commercial use only
Read LP format model from file lp/A-4.txt.lp
Reading time = 0.05 seconds
: 961 rows, 10797 columns, 131727 nonzeros
OKGPU
nThreads: 1024 , nBlocks: 12 
Number cuts generated in the phase 1: 12
Number of repeat: 1 
violation 263.000000
violation 199.000000
violation 174.000000
violation 174.000000
violation 104.000000
violation 45.000000
violation 336.000000
violation 308.000000
violation 773.000000
violation 50.000000
violation 559.000000
8592 16
AQUIIII!!142 135 21 89 19 6 7 5 134 88 20 18 AQUIIII!!29 142 139 AQUIIII!!137 86 142 86 64 136 
7 6 88 137 64 61 20 139 89 8 6 7 29 135 135 134 8 64 136 9 21 75 134 AQUIIII!!139 89 
142 AQUIIII!!10 64 29 142 
135 139 AQUIIII!!8 134 142 137 29 137 136 61 8 89 7 21 135 135 9 139 29 89 134 9 6 AQUIIII!!137 64 6 142 75 21 7 6 AQUIIII!!139 29 89 86 142 61 134 89 10 64 10 86 
136 20 61 136 136 114 7 75 6 139 29 20 89 7 88 9 
7 144 0 5 AQUIIII!!8 8 139 88 137 142 134 135 
64 1 75 18 136 75 6 
7 19 137 21 
89 10 64 135 6 9 61 29 8 134 139 
AQUIIII!!142 21 139 29 135 20 6 136 64 137 7 86 8 88 89 134 
AQUIIII!!135 142 6 29 20 136 64 139 21 7 88 19 18 134 86 89 
AQUIIII!!89 6 88 139 144 20 29 5 18 64 21 19 45 134 86 142 
AQUIIII!!29 7 139 86 18 64 134 20 136 6 135 88 89 19 142 21 
AQUIIII!!89 8 21 135 64 139 136 86 88 7 137 29 6 20 134 142 
AQUIIII!!29 136 135 134 9 21 6 61 75 137 89 139 64 7 AQUIIII!!8 137 142 88 
7 8 134 29 86 89 139 20 6 136 135 AQUIIII!!64 20 142 29 21 18 
64 21 89 6 144 86 134 139 88 19 7 5 142 
AQUIIII!!AQUIIII!!86 134 21 AQUIIII!!8 29 135 86 64 29 19 45 136 7 134 139 88 8 AQUIIII!!6 134 89 18 19 88 5 21 88 20 20 134 7 144 139 AQUIIII!!86 139 64 89 29 19 86 139 64 6 136 86 64 142 64 6 144 
21 20 142 18 20 135 21 19 29 
6 136 20 6 7 19 18 134 135 45 88 139 5 89 88 89 89 142 21 29 
142 142 

AQUIIII!!75 6 10 136 0 11 89 1 8 137 7 114 9 61 135 142 
AQUIIII!!AQUIIII!!29 19 AQUIIII!!8 142 21 29 20 7 139 75 21 6 6 134 8 139 135 21 86 7 64 89 61 19 20 136 64 9 88 134 137 86 64 139 29 89 136 
136 134 7 88 AQUIIII!!18 6 135 135 89 6 19 142 89 18 
86 142 AQUIIII!!88 
139 78 AQUIIII!!5 31 AQUIIII!!134 19 139 144 18 7 144 19 29 55 78 88 20 134 21 29 139 20 135 20 29 5 64 5 18 18 142 144 55 
45 88 AQUIIII!!19 21 134 88 8 21 31 139 7 96 5 142 45 64 20 
31 21 45 137 55 78 134 96 96 136 29 134 6 21 142 135 
142 89 
139 88 29 86 20 142 
AQUIIII!!AQUIIII!!20 135 5 10 55 AQUIIII!!8 19 135 9 139 9 45 29 29 21 137 137 88 75 61 134 89 7 29 136 64 144 6 136 18 8 64 96 139 78 134 AQUIIII!!6 139 31 7 AQUIIII!!89 7 114 142 10 134 61 61 
75 142 75 136 
142 9 7 21 75 10 
136 89 137 135 0 6 139 AQUIIII!!8 139 61 0 18 9 114 139 21 8 89 88 137 19 6 144 1 1 135 142 89 
86 142 64 
29 45 6 134 5 20 142 
AQUIIII!!64 89 137 136 29 7 6 139 21 20 135 134 88 86 8 142 
AQUIIII!!142 139 134 78 144 88 29 AQUIIII!!31 142 45 7 21 135 20 9 AQUIIII!!19 134 88 21 18 19 6 5 29 139 96 64 29 55 7 137 
6 89 134 AQUIIII!!61 86 136 142 89 8 29 18 64 8 20 75 137 5 
135 134 139 6 21 75 142 7 
135 64 AQUIIII!!139 142 61 89 9 135 9 11 136 21 8 
137 6 75 136 89 1 0 7 10 114 AQUIIII!!61 134 
61 136 29 AQUIIII!!139 88 8 136 10 29 75 20 6 18 137 86 135 89 139 7 6 9 21 89 134 64 142 64 
135 19 7 142 
AQUIIII!!7 6 135 142 136 134 18 64 19 21 29 86 139 89 88 20 
AQUIIII!!21 6 8 20 86 19 7 29 139 135 88 134 64 136 89 142 
AQUIIII!!55 29 144 88 45 18 20 31 134 78 5 96 19 139 21 142 
AQUIIII!!20 19 96 45 134 18 144 21 31 139 29 5 55 88 78 142 
AQUIIII!!142 136 139 89 86 19 29 88 6 135 18 21 20 134 7 64 
AQUIIII!!89 1 61 0 6 10 139 7 75 8 114 135 136 9 137 142 
AQUIIII!!88 139 136 21 64 8 7 20 89 137 6 134 29 86 135 142 
AQUIIII!!142 137 75 AQUIIII!!89 136 75 64 6 29 10 7 139 89 136 6 137 135 0 139 9 134 114 10 8 9 7 135 8 61 61 AQUIIII!!1 
139 142 89 
88 29 20 64 AQUIIII!!135 88 19 86 134 134 7 20 86 19 21 64 18 5 5 89 6 6 142 
21 144 AQUIIII!!29 134 18 88 7 29 139 86 142 7 
20 19 64 136 18 139 6 135 89 21 142 AQUIIII!!61 
136 21 6 64 75 7 9 137 AQUIIII!!134 11 135 136 139 8 75 89 114 29 6 142 89 
8 1 135 7 61 9 AQUIIII!!AQUIIII!!10 139 137 7 0 136 135 142 75 139 
AQUIIII!!6 134 7 64 64 136 AQUIIII!!8 6 89 144 139 134 21 5 75 8 10 64 19 29 89 9 134 88 7 10 139 86 135 137 20 20 29 61 88 8 89 29 6 134 137 89 137 61 136 64 9 135 142 21 6 142 
142 18 AQUIIII!!

86 7 29 86 7 89 142 134 
88 29 139 6 21 19 20 18 64 5 144 142 
AQUIIII!!AQUIIII!!64 86 21 89 139 135 88 20 29 29 64 6 AQUIIII!!7 87 6 86 45 7 19 6 136 135 18 134 139 19 5 29 88 64 18 134 20 88 137 142 5 8 21 139 89 
86 142 134 AQUIIII!!
21 9 144 20 139 142 89 
137 8 6 AQUIIII!!61 AQUIIII!!6 75 139 64 88 136 20 134 0 134 10 136 114 7 21 AQUIIII!!75 19 29 139 134 139 7 7 7 136 89 135 29 89 21 142 137 86 29 
135 21 135 134 6 18 19 61 136 20 9 64 135 8 86 6 142 89 
142 64 
18 88 AQUIIII!!142 
8 AQUIIII!!20 135 29 134 139 136 6 86 134 19 136 AQUIIII!!89 64 20 142 135 29 7 88 88 137 6 6 88 7 20 89 21 86 64 139 21 5 18 142 64 
29 142 139 
135 21 89 19 7 86 AQUIIII!!18 7 134 136 
89 AQUIIII!!139 8 75 64 9 9 135 10 7 137 61 29 139 8 134 134 64 61 10 135 75 6 89 142 
6 137 29 136 142 
AQUIIII!!136 139 21 7 88 29 134 64 86 19 6 135 8 89 20 142 
AQUIIII!!142 6 89 AQUIIII!!29 64 142 21 89 137 134 135 135 10 8 139 75 134 137 7 139 9 136 64 9 136 7 8 61 
29 61 75 6 
AQUIIII!!20 29 86 18 19 64 139 21 88 144 45 134 5 89 6 142 
AQUIIII!!144 142 139 21 29 86 45 6 88 134 20 19 18 5 89 64 
AQUIIII!!135 8 89 1 75 7 136 11 10 9 6 137 0 61 114 142 
AQUIIII!!64 10 136 9 29 75 61 89 7 6 135 8 139 134 137 142 
AQUIIII!!142 6 88 89 AQUIIII!!21 144 139 86 20 21 135 20 7 19 86 29 18 5 134 64 89 5 88 29 45 134 18 19 6 
64 139 142 
AQUIIII!!7 21 135 5 20 19 134 139 18 89 29 64 86 88 6 142 
AQUIIII!!6 61 7 135 1 10 136 0 9 75 11 114 89 137 8 142 
AQUIIII!!61 89 7 135 9 0 8 75 10 6 137 139 114 136 1 142 
AQUIIII!!89 6 9 61 135 75 10 AQUIIII!!137 6 7 61 134 7 0 135 8 1 114 10 136 136 139 0 142 9 
75 11 114 89 137 8 142 
AQUIIII!!142 137 136 114 7 61 AQUIIII!!75 142 11 18 10 86 7 8 21 135 64 89 5 20 1 29 9 134 6 88 89 0 19 
144 139 6 
AQUIIII!!20 5 139 19 144 45 96 55 88 29 134 78 31 18 21 142 
AQUIIII!!114 89 61 AQUIIII!!6 64 135 88 AQUIIII!!29 7 142 136 6 18 139 7 137 89 89 9 134 75 11 137 5 75 86 134 1 64 21 0 21 139 8 6 9 10 20 136 142 61 19 
142 29 8 144 AQUIIII!!135 
7 89 
19 88 135 64 8 134 7 29 86 20 6 139 21 136 142 
AQUIIII!!135 75 29 9 136 21 61 8 7 139 AQUIIII!!89 142 61 64 137 6 75 137 7 134 29 142 136 
9 21 134 6 89 135 64 139 8 
AQUIIII!!142 6 86 139 29 21 45 20 18 134 89 144 64 88 5 19 
AQUIIII!!137 89 0 139 9 135 136 7 61 6 8 114 134 10 75 142 
AQUIIII!!7 6 8 19 136 88 21 20 64 89 29 139 86 135 134 AQUIIII!!142 64 
134 137 89 20 139 7 21 8 29 135 86 6 88 136 142 
AQUIIII!!144 142 20 19 18 7 134 5 6 29 86 21 139 89 64 88 
AQUIIII!!1 136 139 0 89 AQUIIII!!114 45 9 18 75 134 7 88 8 64 6 86 61 137 89 10 139 20 135 142 5 
21 144 6 19 29 142 
AQUIIII!!64 139 21 6 86 144 20 29 89 19 AQUIIII!!20 18 64 134 5 134 45 88 88 86 142 7 
21 6 136 29 89 139 135 137 8 142 
AQUIIII!!139 136 7 6 134 64 8 86 88 21 20 135 29 89 19 142 
AQUIIII!!142 86 21 64 5 134 6 29 88 139 19 144 7 18 89 20 
AQUIIII!!AQUIIII!!135 75 20 61 64 134 136 88 7 86 134 7 64 21 9 6 89 136 21 29 29 89 139 139 8 135 6 137 137 8 142 142 

AQUIIII!!29 139 6 88 8 135 136 19 7 64 20 89 86 21 AQUIIII!!134 AQUIIII!!64 142 7 142 
134 0 139 114 18 29 9 21 10 5 134 20 89 88 AQUIIII!!89 8 142 86 136 9 19 7 135 6 10 144 61 142 8 7 
139 137 61 139 134 6 6 135 75 114 
75 0 89 137 136 
AQUIIII!!20 89 88 135 64 6 136 29 134 21 139 86 7 18 19 142 
AQUIIII!!89 136 114 0 1 135 137 10 7 11 61 75 9 8 6 142 
AQUIIII!!142 136 137 61 139 64 8 89 6 135 9 29 134 21 75 7 
AQUIIII!!29 64 134 18 139 20 86 19 88 5 21 89 7 6 135 142 
AQUIIII!!142 134 21 7 29 139 8 135 6 86 89 20 64 19 88 136 
AQUIIII!!142 6 137 0 75 11 61 8 136 10 7 114 1 89 135 9 
AQUIIII!!55 31 96 21 20 144 18 88 78 139 45 29 19 134 142 5 
AQUIIII!!18 29 6 139 21 88 64 86 135 19 89 134 7 20 136 142 
AQUIIII!!142 64 21 136 135 139 20 89 8 86 137 134 88 6 29 7 
AQUIIII!!75 61 0 AQUIIII!!137 0 10 75 114 1 8 61 89 10 1 114 6 8 137 135 135 7 6 136 89 9 11 139 136 142 9 
7 142 
AQUIIII!!142 6 75 137 61 114 10 139 136 9 89 7 1 0 135 8 
AQUIIII!!6 86 21 19 5 64 89 88 20 139 45 144 18 134 29 142 
AQUIIII!!19 6 18 7 134 86 64 135 5 88 21 89 139 20 29 142 
AQUIIII!!142 135 6 18 134 89 136 139 86 88 7 64 20 19 21 29 
AQUIIII!!19 144 5 139 64 AQUIIII!!89 142 18 96 29 7 18 21 5 6 88 21 134 AQUIIII!!19 86 31 88 75 144 135 20 29 45 89 20 55 7 142 139 78 136 
134 1 
6 10 9 0 114 61 139 142 8 137 
AQUIIII!!142 137 134 75 6 7 89 8 135 136 64 29 9 139 61 21 
AQUIIII!!142 61 8 9 10 75 7 135 11 6 137 0 114 136 1 89 
AQUIIII!!142 7 135 8 114 75 10 139 89 136 9 0 137 134 6 61 
AQUIIII!!134 144 86 5 139 88 89 20 64 AQUIIII!!29 7 86 18 21 6 139 19 6 21 134 142 
20 135 64 7 88 29 19 5 89 18 142 
AQUIIII!!6 139 20 29 134 64 7 21 135 89 86 88 136 8 19 142 
AQUIIII!!89 86 139 137 134 135 136 7 21 29 88 20 8 6 64 142 
AQUIIII!!142 AQUIIII!!6 21 8 18 137 61 19 75 139 89 86 7 139 6 114 144 0 134 135 88 9 5 136 1 29 10 20 
45 89 64 142 
AQUIIII!!135 142 6 0 61 AQUIIII!!142 9 86 88 11 139 89 AQUIIII!!5 75 5 19 7 134 29 20 114 142 6 8 45 18 1 135 18 134 137 20 89 136 144 21 10 88 7 64 29 

55 19 139 96 21 78 31 
AQUIIII!!142 AQUIIII!!10 142 135 137 18 1 6 134 89 19 7 9 135 136 20 75 114 6 61 89 8 0 5 11 
88 64 86 21 139 7 29 
AQUIIII!!142 89 7 144 64 5 6 86 29 88 139 134 19 18 20 21 
AQUIIII!!89 5 7 6 86 29 134 64 18 20 88 19 AQUIIII!!AQUIIII!!142 139 142 8 19 144 137 21 142 136 8 64 21 6 136 20 
135 89 88 7 29 10 135 7 89 86 134 6 139 
1 9 139 AQUIIII!!75 114 61 29 89 0 135 75 8 
64 7 6 21 136 61 134 137 9 139 142 
AQUIIII!!142 139 135 86 6 29 18 21 AQUIIII!!20 142 19 6 7 29 64 88 88 89 139 136 19 134 87 
135 136 7 86 20 64 18 134 21 
AQUIIII!!142 29 64 45 86 21 18 144 139 88 134 19 6 5 20 89 
AQUIIII!!134 86 19 135 29 136 64 88 20 6 18 7 139 21 89 142 
AQUIIII!!142 134 20 7 139 19 135 88 29 136 86 64 18 6 21 89 
AQUIIII!!142 114 61 6 0 8 136 10 7 9 1 137 89 75 135 11 
AQUIIII!!142 86 20 137 88 134 139 21 6 8 135 7 136 64 89 29 
AQUIIII!!139 136 AQUIIII!!7 89 142 10 114 0 7 137 6 10 75 135 9 89 1 61 8 136 135 61 1 114 9 142 139 
0 6 8 137 75 
AQUIIII!!136 137 9 7 142 6 75 1 114 10 8 135 11 0 89 61 
AQUIIII!!142 18 139 89 86 134 7 20 135 29 64 6 136 88 19 21 
AQUIIII!!142 134 61 89 135 139 10 75 7 9 136 0 114 137 8 6 
AQUIIII!!136 142 7 89 86 88 20 19 29 21 8 134 64 135 6 139 
AQUIIII!!142 19 89 88 139 20 86 18 29 6 21 134 64 136 135 7 
AQUIIII!!142 135 10 0 1 9 11 7 61 114 6 137 89 8 75 136 
AQUIIII!!142 8 135 86 20 136 89 64 134 29 88 139 21 19 7 6 
AQUIIII!!18 20 29 19 21 86 64 6 89 144 5 139 45 88 134 142 
AQUIIII!!61 6 10 75 114 9 89 11 135 0 7 136 1 137 8 142 
AQUIIII!!142 139 7 20 89 88 134 135 64 19 86 18 5 21 6 29 
AQUIIII!!142 137 64 139 61 89 75 10 8 134 136 29 9 7 6 135 
AQUIIII!!142 1 7 136 114 61 8 135 10 75 89 139 6 9 0 137 
AQUIIII!!142 88 21 134 19 6 8 89 20 139 86 136 29 7 135 64 
AQUIIII!!142 88 136 18 21 19 89 139 20 64 29 6 7 86 134 135 
AQUIIII!!142 139 89 1 AQUIIII!!137 142 114 136 136 89 0 75 9 8 8 7 135 29 61 10 7 137 6 139 75 6 10 134 
135 9 61 64 
AQUIIII!!7 29 135 88 8 136 86 21 20 89 134 19 64 6 139 142 
AQUIIII!!142 5 144 96 134 31 19 88 55 20 139 29 21 45 78 18 
AQUIIII!!142 139 20 21 18 89 135 5 6 88 7 19 64 29 134 86 
AQUIIII!!142 20 8 89 88 64 139 86 134 29 135 6 7 21 136 137 
AQUIIII!!142 134 137 61 64 136 29 139 8 75 89 21 135 6 7 9 
AQUIIII!!142 89 139 8 137 136 135 9 75 29 134 7 61 6 64 10 
AQUIIII!!142 7 114 139 0 89 137 6 75 1 135 10 8 9 136 61 
AQUIIII!!142 134 61 8 136 10 7 137 135 9 139 0 89 6 114 75 
AQUIIII!!142 5 18 45 29 89 6 20 19 144 21 139 88 64 134 86 
AQUIIII!!142 29 134 45 5 139 78 144 21 88 55 18 20 31 96 19 
AQUIIII!!142 137 61 9 6 29 8 139 75 134 136 21 89 64 7 135 
AQUIIII!!142 10 75 137 9 1 8 11 0 89 114 135 6 61 7 136 
AQUIIII!!142 89 135 134 139 8 86 20 6 64 88 21 136 137 29 7 
AQUIIII!!135 6 142 75 89 9 61 1 11 114 10 7 137 8 0 136 
AQUIIII!!142 1 11 7 10 135 137 8 0 114 75 89 61 136 6 9 
AQUIIII!!88 7 6 20 89 19 29 64 134 139 21 86 136 135 18 142 
AQUIIII!!142 75 9 134 61 114 0 8 137 10 139 89 135 136 7 6 
AQUIIII!!142 5 134 31 55 18 78 29 96 45 20 139 88 144 21 19 
AQUIIII!!142 21 29 64 135 7 86 8 136 19 6 20 134 89 139 88 
AQUIIII!!142 5 89 19 29 134 88 86 18 20 21 7 64 6 144 139 
AQUIIII!!142 61 7 75 9 11 1 6 0 114 8 135 10 89 137 136 
Number of Cuts in the second phase:2223
Number of repeat: 2084 
Violation: 107.000000
Violation: 305.000000
Violation: 182.000000
Violation: 591.000000
Violation: 1182.000000
Violation: 107.000000
Violation: 508.000000
Violation: 254.000000
Violation: 94.000000
Violation: 151.000000
Violation: 51.000000
Violation: 87.000000
Violation: 333.000000
Violation: 364.000000
Violation: 97.000000
Violation: 12.000000
Violation: 642.000000
Violation: 546.000000
Violation: 864.000000
Violation: 407.000000
Violation: 117.000000
Violation: 174.000000
Violation: 48.000000
Violation: 325.000000
Violation: 2.000000
Violation: 782.000000
Violation: 610.000000
Violation: 167.000000
Violation: 1052.000000
Violation: 3.000000
Violation: 1172.000000
Violation: 182.000000
Violation: 441.000000
Violation: 17.000000
Violation: 378.000000
Violation: 508.000000
Violation: 128.000000
Violation: 56.000000
Violation: 148.000000
Violation: 135.000000
Violation: 50.000000
Violation: 8.000000
Violation: 173.000000
Violation: 354.000000
Violation: 104.000000
Violation: 135.000000
Violation: 8.000000
Violation: 180.000000
Violation: 203.000000
Violation: 135.000000
Violation: 1487.000000
Violation: 581.000000
Violation: 827.000000
Violation: 289.000000
Violation: 335.000000
Violation: 390.000000
Violation: 395.000000
Violation: 16.000000
Violation: 38.000000
Violation: 87.000000
Violation: 236.000000
Violation: 220.000000
Violation: 158.000000
Violation: 325.000000
Violation: 1137.000000
Violation: 1033.000000
Violation: 157.000000
Violation: 455.000000
Violation: 538.000000
Violation: 195.000000
Violation: 30.000000
Violation: 726.000000
Violation: 85.000000
Violation: 180.000000
Violation: 170.000000
Violation: 126.000000
Violation: 136.000000
Violation: 168.000000
Violation: 744.000000
Violation: 976.000000
Violation: 11.000000
Violation: 192.000000
Violation: 335.000000
Violation: 143.000000
Violation: 392.000000
Violation: 31.000000
Violation: 461.000000
Violation: 633.000000
Violation: 229.000000
Violation: 9.000000
Violation: 135.000000
Violation: 477.000000
Violation: 297.000000
Violation: 813.000000
Violation: 110.000000
Violation: 125.000000
Violation: 30.000000
Violation: 750.000000
Violation: 734.000000
Violation: 420.000000
Violation: 165.000000
Violation: 955.000000
Violation: 31.000000
Violation: 90.000000
Violation: 1319.000000
Violation: 347.000000
Violation: 371.000000
Violation: 119.000000
Violation: 274.000000
Violation: 636.000000
Violation: 840.000000
Violation: 1168.000000
Violation: 279.000000
Violation: 559.000000
Violation: 22.000000
Violation: 198.000000
Violation: 1158.000000
Violation: 594.000000
Violation: 164.000000
Violation: 277.000000
Violation: 1188.000000
Violation: 164.000000
Violation: 265.000000
Violation: 728.000000
Violation: 563.000000
Violation: 1172.000000
Violation: 124.000000
Violation: 263.000000
Violation: 402.000000
Violation: 62.000000
Violation: 55.000000
Violation: 163.000000
Violation: 40.000000
Violation: 687.000000
Violation: 87.000000
Violation: 36.000000
Violation: 609.000000
Violation: 100.000000
Violation: 407.000000
2400 16
AQUIIII!!142 AQUIIII!!AQUIIII!!136 142 142 135 21 18 7 29 6 134 7 89 8 139 134 139 6 64 136 64 88 137 134 7 89 88 144 135 89 20 9 86 21 29 20 86 75 137 8 139 64 
29 61 19 21 5 6 

AQUIIII!!142 139 136 88 29 20 134 7 86 137 135 89 8 64 6 21 
AQUIIII!!88 139 18 21 45 5 144 134 86 19 29 20 64 6 89 142 
AQUIIII!!20 89 88 29 134 19 21 18 7 64 136 139 86 135 6 142 
AQUIIII!!20 89 88 29 134 19 21 18 7 64 136 139 86 135 6 142 
AQUIIII!!29 18 19 86 89 144 88 134 6 AQUIIII!!7 19 20 5 21 134 5 29 64 7 139 6 142 89 
86 18 135 88 20 AQUIIII!!21 139 AQUIIII!!139 8 88 64 136 20 142 75 21 
137 5 AQUIIII!!29 45 29 64 144 144 6 18 18 61 19 139 9 29 6 7 6 88 21 64 20 89 86 45 134 139 5 135 89 134 142 134 19 
142 21 
86 64 89 142 
AQUIIII!!10 114 136 137 61 75 6 8 7 9 0 89 139 1 135 142 
AQUIIII!!135 21 6 29 89 139 7 64 75 AQUIIII!!134 139 136 21 8 61 61 89 9 64 137 7 142 75 
136 134 29 135 8 6 9 137 142 
AQUIIII!!142 AQUIIII!!21 64 89 29 7 21 20 88 139 89 136 136 29 134 135 20 6 139 134 6 64 7 137 86 86 8 8 88 135 
137 142 
AQUIIII!!86 21 19 6 134 144 20 18 7 88 29 5 89 139 64 142 
AQUIIII!!88 31 20 134 5 19 96 144 45 139 29 78 55 18 21 142 
AQUIIII!!88 31 AQUIIII!!20 21 134 18 5 134 19 86 96 135 144 139 45 6 139 7 29 64 78 89 55 29 18 20 21 19 142 88 
5 142 
AQUIIII!!7 135 0 137 114 8 75 61 9 6 1 136 89 10 11 142 
AQUIIII!!134 86 89 21 88 19 139 135 8 20 6 29 136 7 64 142 
AQUIIII!!20 134 31 144 21 55 45 5 88 19 18 139 78 29 96 142 
AQUIIII!!142 75 114 137 10 7 9 136 0 135 89 11 8 6 61 1 
AQUIIII!!142 144 18 134 29 5 89 88 19 21 6 86 20 45 64 139 
AQUIIII!!142 136 135 88 29 20 86 64 89 7 134 139 21 8 137 6 
AQUIIII!!142 21 31 55 20 5 AQUIIII!!88 142 144 86 18 135 45 136 134 20 29 134 96 21 78 89 139 29 19 7 
6 139 8 19 64 88 
AQUIIII!!142 144 18 134 29 5 89 88 19 21 6 86 20 45 64 139 
AQUIIII!!139 135 8 89 6 75 114 136 9 7 0 61 AQUIIII!!10 29 1 5 137 19 142 20 
31 78 139 96 18 55 21 144 134 45 88 142 
AQUIIII!!142 8 7 1 75 136 9 61 0 89 10 135 6 114 139 137 
AQUIIII!!89 7 10 114 9 6 135 75 1 61 0 136 139 8 142 137 
AQUIIII!!61 10 8 136 7 75 9 64 6 134 135 137 89 139 29 142 
AQUIIII!!142 136 9 137 21 61 7 64 89 8 134 75 139 6 29 135 
AQUIIII!!19 96 31 78 21 20 18 29 144 55 139 45 88 5 134 142 
AQUIIII!!19 96 31 78 21 20 18 29 144 55 139 45 88 5 134 142 
AQUIIII!!0 136 134 7 139 135 75 6 10 89 61 8 137 9 114 142 
AQUIIII!!142 139 18 19 29 6 20 134 21 5 89 135 86 64 7 88 
AQUIIII!!20 134 19 18 7 88 139 6 21 64 89 29 86 5 135 142 
AQUIIII!!6 61 114 137 0 10 139 8 7 135 75 1 89 136 9 142 
AQUIIII!!136 64 88 8 21 6 86 139 135 134 20 19 7 29 89 142 
AQUIIII!!142 139 7 114 75 89 10 1 9 136 8 135 6 0 61 137 
AQUIIII!!142 9 8 139 135 61 136 134 29 7 137 89 64 21 75 6 
AQUIIII!!142 134 139 61 6 9 114 10 89 8 7 136 0 135 137 75 
AQUIIII!!29 7 135 88 19 18 64 6 20 5 89 139 86 134 142 21 
AQUIIII!!142 29 139 19 7 86 136 89 18 20 6 21 135 64 88 134 
AQUIIII!!142 6 86 64 20 134 21 89 18 5 7 29 139 19 144 88 
AQUIIII!!142 75 61 139 29 134 9 64 136 6 137 135 89 7 10 8 
AQUIIII!!142 134 19 20 88 29 89 64 5 6 21 139 45 86 18 144 
AQUIIII!!142 18 19 45 21 55 20 88 5 134 31 78 29 144 139 96 
AQUIIII!!142 0 10 135 75 8 137 9 136 6 11 7 89 61 114 1 
AQUIIII!!142 135 0 136 89 8 6 137 61 9 75 7 11 10 114 1 
Number of Cuts in the second phase:637
Number of repeat: 615 
Violation: 381.000000
Violation: 199.000000
Violation: 94.000000
Violation: 178.000000
Violation: 104.000000
Violation: 357.000000
Violation: 126.000000
Violation: 325.000000
Violation: 478.000000
Violation: 552.000000
Violation: 637.000000
Violation: 158.000000
Violation: 73.000000
Violation: 80.000000
Violation: 85.000000
Violation: 416.000000
Violation: 552.000000
Violation: 422.000000
Violation: 271.000000
Violation: 199.000000
Violation: 253.000000
Violation: 126.000000
took 12.815906
Optimize a model with 1181 rows, 10797 columns and 133960 nonzeros
Coefficient statistics:
  Matrix range     [1e-05, 9e+01]
  Objective range  [0e+00, 0e+00]
  Bounds range     [1e+00, 2e+09]
  RHS range        [1e+00, 6e+01]
Warning: Model contains large bounds
         Consider reformulating model or setting NumericFocus parameter
         to avoid numerical issues.

Concurrent LP optimizer: dual simplex and barrier
Showing barrier log only...

Presolve removed 154 rows and 420 columns
Presolve time: 0.04s
Presolved: 1027 rows, 10377 columns, 126442 nonzeros

Ordering time: 0.00s

Barrier statistics:
 Dense cols : 28
 AA' NZ     : 4.686e+04
 Factor NZ  : 8.361e+04 (roughly 5 MBytes of memory)
 Factor Ops : 8.811e+06 (less than 1 second per iteration)
 Threads    : 3

                  Objective                Residual
Iter       Primal          Dual         Primal    Dual     Compl     Time
   0   0.00000000e+00 -2.68716646e+07  7.25e+09 0.00e+00  1.25e+06     0s
   1   0.00000000e+00 -4.41824358e+06  3.08e+09 4.32e-03  5.30e+05     0s
   2   0.00000000e+00 -2.48413196e+05  6.79e+08 3.89e-16  1.20e+05     0s
   3   0.00000000e+00 -1.49755782e+03  2.95e+04 7.77e-16  5.27e+00     0s
   4   0.00000000e+00 -1.11023051e+03  2.33e+04 3.30e-06  3.91e+00     0s
   5   0.00000000e+00 -1.35556197e+03  6.32e+03 8.06e-05  1.45e+00     0s
   6   0.00000000e+00 -8.53492886e+02  4.69e+03 2.05e-05  8.84e-01     0s
   7   0.00000000e+00 -5.83108755e+02  1.87e+03 7.42e-07  3.62e-01     0s

Barrier performed 7 iterations in 0.11 seconds
Barrier solve interrupted - model solved by another algorithm


Solved with dual simplex
Solved in 564 iterations and 0.11 seconds
Optimal objective  0.000000000e+00
