j3017_4.mm_s7.txt
Academic license - for non-commercial use only
Read LP format model from file lp/j3017_4.mm.lp
Reading time = 0.00 seconds
: 351 rows, 906 columns, 9053 nonzeros
OKGPU
nThreads: 1024 , nBlocks: 12 
Number cuts generated in the phase 1: 10
Number of repeat: 1 
violation 661.000000
violation 8.000000
violation 795.000000
violation 210.000000
violation 483.000000
violation 435.000000
violation 581.000000
violation 645.000000
violation 8.000000
3000 16
AQUIIII!!44 5 33 21 29 6 41 14 8 47 AQUIIII!!17 AQUIIII!!46 32 44 21 9 33 41 46 29 52 23 32 22 22 5 16 
8 26 17 37 23 17 41 44 21 14 47 48 46 9 14 27 9 29 6 47 22 

AQUIIII!!47 46 44 6 AQUIIII!!5 47 29 46 32 27 41 21 8 37 AQUIIII!!14 16 46 9 22 44 21 48 21 52 17 22 49 22 41 24 23 9 26 33 17 17 
27 44 32 38 33 20 8 
29 47 6 48 14 
AQUIIII!!47 46 44 6 5 29 32 41 8 14 9 21 17 22 23 33 
AQUIIII!!8 6 47 29 41 44 27 21 48 AQUIIII!!33 14 17 23 32 41 14 22 22 33 9 47 46 17 
32 21 29 8 44 9 6 5 46 AQUIIII!!
3 34 8 32 4 9 41 17 5 AQUIIII!!6 16 14 9 29 48 22 47 21 41 44 27 33 29 
14 52 26 17 AQUIIII!!21 24 AQUIIII!!37 40 6 22 48 AQUIIII!!47 46 47 21 29 44 49 46 22 
20 5 26 26 41 44 37 9 41 51 32 14 18 22 27 52 AQUIIII!!14 52 34 8 23 37 22 27 AQUIIII!!8 8 16 52 47 17 44 9 AQUIIII!!9 37 33 46 29 48 14 41 21 
21 48 27 AQUIIII!!17 44 22 51 17 16 AQUIIII!!52 
26 24 47 9 29 17 41 46 46 48 48 21 48 49 
47 9 41 AQUIIII!!47 26 41 44 6 37 21 37 27 26 3 47 17 47 29 21 AQUIIII!!34 16 29 29 14 14 29 8 AQUIIII!!37 46 AQUIIII!!48 52 27 AQUIIII!!AQUIIII!!AQUIIII!!9 5 20 47 44 27 AQUIIII!!26 26 8 46 14 32 14 32 38 AQUIIII!!9 
20 8 17 17 14 22 41 44 33 22 8 46 52 52 27 21 47 16 46 9 9 52 41 5 4 14 41 26 37 37 8 
34 29 44 21 29 9 48 9 46 22 41 48 14 
29 33 31 33 AQUIIII!!16 14 49 46 26 9 31 4 14 22 6 21 52 17 16 48 44 9 14 21 8 22 14 46 14 21 38 
47 17 27 8 21 46 44 22 47 22 4 22 27 29 17 33 5 17 
41 22 33 52 24 46 21 21 32 41 AQUIIII!!8 27 AQUIIII!!33 9 51 22 44 17 4 47 6 47 26 46 17 29 21 21 
29 5 5 22 17 29 38 27 17 48 6 22 3 32 17 21 47 37 21 48 47 32 32 6 44 23 38 27 22 46 46 37 33 41 22 
6 52 22 44 44 41 44 44 41 44 46 
26 20 
9 

44 

16 24 8 
49 16 29 AQUIIII!!AQUIIII!!17 44 6 49 46 21 22 32 22 47 48 48 44 37 24 37 37 AQUIIII!!
46 38 24 27 8 16 26 26 14 AQUIIII!!27 27 52 52 20 48 52 AQUIIII!!21 21 44 46 26 9 38 49 
48 
29 14 51 27 20 21 17 26 16 38 22 41 22 22 51 26 37 47 17 24 41 27 37 20 52 48 47 21 37 47 46 47 46 48 26 14 37 20 44 44 9 17 16 

22 29 52 21 46 48 16 44 27 52 
49 AQUIIII!!44 24 6 
44 47 
29 46 5 41 9 32 22 14 23 8 17 AQUIIII!!33 46 21 32 44 6 
AQUIIII!!22 21 46 31 41 14 5 41 22 9 6 44 23 5 47 4 14 29 29 33 9 17 44 8 8 
33 32 21 17 
AQUIIII!!46 14 21 41 33 17 8 48 32 44 29 9 6 22 27 47 
AQUIIII!!44 49 16 21 24 38 48 17 26 37 47 46 52 27 22 20 
AQUIIII!!44 27 47 46 52 51 38 22 37 20 48 26 21 49 16 24 
AQUIIII!!AQUIIII!!47 51 37 AQUIIII!!24 27 24 21 26 AQUIIII!!20 52 16 21 9 38 17 47 27 47 52 17 26 8 21 22 22 26 27 41 47 44 26 46 37 22 44 9 44 29 37 29 48 27 52 22 20 37 48 48 16 38 17 AQUIIII!!14 49 49 41 48 44 46 16 52 52 

46 21 47 
14 20 46 49 AQUIIII!!48 26 47 
21 AQUIIII!!21 27 47 8 AQUIIII!!37 41 17 44 24 33 8 6 22 9 4 9 16 22 17 14 51 14 5 48 38 8 9 46 32 17 14 44 27 6 6 
41 AQUIIII!!33 27 33 51 31 21 22 46 32 29 AQUIIII!!AQUIIII!!29 26 21 48 14 46 44 34 22 32 29 51 46 37 29 44 52 32 
22 41 46 47 6 49 46 
27 AQUIIII!!22 AQUIIII!!AQUIIII!!52 
AQUIIII!!16 49 21 32 24 47 37 14 52 48 34 5 16 38 9 51 27 40 23 40 24 41 22 17 52 44 48 26 24 23 16 AQUIIII!!47 14 20 21 20 47 37 48 29 8 AQUIIII!!18 22 34 52 29 51 9 21 21 49 24 16 47 22 32 41 22 52 20 44 44 20 44 6 33 6 48 48 46 
49 26 21 44 46 47 33 26 26 18 44 
26 44 9 21 24 47 22 37 AQUIIII!!41 
AQUIIII!!27 37 20 AQUIIII!!18 33 44 47 37 51 20 49 AQUIIII!!40 48 5 29 24 8 22 48 38 46 41 21 8 22 38 16 17 46 
27 17 16 8 17 22 52 46 
14 52 51 37 46 40 47 
22 38 47 26 20 
49 48 46 14 48 34 17 AQUIIII!!48 16 44 22 19 16 AQUIIII!!20 
46 17 27 37 52 17 24 9 44 47 8 27 26 52 48 47 26 29 24 27 26 22 
AQUIIII!!49 37 9 14 17 26 22 24 20 48 44 22 52 26 48 21 47 21 41 47 51 18 52 46 14 27 27 18 46 29 26 
37 49 48 
9 44 46 51 20 22 
47 16 47 46 
21 AQUIIII!!46 21 46 47 24 8 38 37 40 37 37 27 16 41 44 26 52 44 
16 34 
17 37 52 49 21 44 41 
46 9 29 22 48 14 44 
AQUIIII!!44 47 38 24 AQUIIII!!27 21 46 37 37 48 20 14 44 17 47 24 26 16 16 14 22 AQUIIII!!27 52 46 38 20 41 22 46 6 21 
32 21 52 17 14 48 44 8 26 4 
33 17 AQUIIII!!31 46 9 44 5 21 29 22 AQUIIII!!22 41 44 
9 22 17 47 27 48 32 38 33 46 8 37 29 52 47 20 AQUIIII!!6 21 44 48 27 26 AQUIIII!!14 24 37 44 
26 48 46 17 51 37 16 18 20 49 24 47 
46 34 52 51 40 52 49 22 34 40 24 22 16 18 20 26 47 49 
16 48 
AQUIIII!!46 44 21 22 41 9 17 27 32 33 8 29 47 6 48 14 
AQUIIII!!44 9 16 41 AQUIIII!!17 44 21 8 27 47 37 48 52 22 48 6 46 14 26 17 22 27 14 9 29 29 47 33 
41 32 21 46 
AQUIIII!!41 29 48 8 32 9 17 14 22 27 44 AQUIIII!!21 48 33 14 6 AQUIIII!!52 47 AQUIIII!!44 27 46 9 21 38 
46 6 9 20 17 14 17 8 33 37 23 27 22 22 41 21 41 29 24 44 6 26 14 32 16 21 47 47 5 AQUIIII!!17 44 33 26 
48 47 22 8 AQUIIII!!32 9 22 52 29 27 46 27 46 14 
48 
44 44 AQUIIII!!29 17 33 26 16 4 22 14 14 9 29 41 5 47 52 8 37 16 34 41 48 32 21 37 6 46 21 
9 47 22 17 41 46 17 
21 3 29 44 
AQUIIII!!46 5 21 14 31 9 17 4 33 AQUIIII!!8 6 44 29 20 22 26 32 47 41 38 44 27 
17 52 21 48 24 46 37 16 22 14 
AQUIIII!!44 6 41 3 33 17 34 5 9 22 4 AQUIIII!!32 47 21 46 29 16 8 22 14 
48 26 19 52 49 34 18 51 20 24 40 37 
AQUIIII!!51 46 27 48 38 24 20 52 26 37 47 21 44 49 22 16 
AQUIIII!!46 5 41 14 21 29 6 8 44 22 4 17 33 31 9 32 
AQUIIII!!44 47 48 14 27 21 26 37 29 9 17 16 46 22 52 41 
AQUIIII!!49 46 26 40 51 47 37 16 20 34 18 48 24 44 52 22 
AQUIIII!!44 47 48 14 27 21 26 37 29 9 17 16 46 22 52 41 
AQUIIII!!AQUIIII!!18 17 48 6 20 46 40 32 47 22 51 27 44 41 34 9 26 14 16 48 37 47 52 21 24 8 22 29 49 33 46 44 

AQUIIII!!14 4 AQUIIII!!17 14 29 17 32 37 44 44 41 52 22 41 5 22 21 21 33 26 6 29 8 48 9 27 31 8 46 9 
46 47 
AQUIIII!!18 AQUIIII!!22 5 20 44 51 22 40 21 19 41 34 14 AQUIIII!!37 17 8 47 8 32 48 32 27 16 33 14 26 29 48 52 23 9 24 47 41 49 9 6 6 46 47 46 
22 
33 44 29 17 21 46 
AQUIIII!!22 41 29 52 16 47 9 AQUIIII!!27 48 17 52 AQUIIII!!46 22 21 48 16 27 26 20 16 37 26 48 21 51 46 14 27 17 44 49 47 
46 38 21 AQUIIII!!22 37 34 14 38 37 52 47 40 26 24 47 24 44 49 20 
46 37 22 44 52 
48 24 18 26 51 20 16 44 
AQUIIII!!44 14 9 29 41 17 21 6 48 46 8 47 32 27 22 33 
AQUIIII!!20 22 24 47 44 51 49 48 21 46 27 38 26 16 52 37 
AQUIIII!!22 29 41 31 8 4 32 5 44 17 21 6 14 33 9 46 
AQUIIII!!44 8 47 48 22 6 14 17 27 9 29 33 41 32 21 46 
AQUIIII!!24 38 37 48 20 22 49 16 52 44 27 47 26 17 21 46 
AQUIIII!!29 32 22 8 5 21 14 4 33 46 9 AQUIIII!!31 48 17 46 6 17 41 9 44 52 
27 AQUIIII!!47 24 8 49 41 26 22 26 20 29 51 AQUIIII!!14 48 22 21 22 38 AQUIIII!!37 37 20 32 44 52 24 47 
40 17 9 44 27 21 18 37 27 16 47 33 47 21 46 34 26 29 46 17 52 
8 16 6 44 22 49 14 48 48 46 AQUIIII!!41 
34 44 44 
22 51 48 AQUIIII!!40 21 52 17 49 26 8 47 5 24 33 18 6 16 32 37 22 AQUIIII!!20 41 9 46 29 
47 9 22 31 14 26 4 16 14 41 44 27 46 52 
29 17 37 44 AQUIIII!!21 21 48 14 46 AQUIIII!!16 
14 44 17 41 44 26 27 48 9 17 41 9 32 37 21 29 47 22 33 27 6 47 22 52 48 46 29 
8 AQUIIII!!46 44 
16 24 22 46 49 34 37 18 26 AQUIIII!!48 22 52 4 47 31 40 46 20 14 51 29 
9 6 17 33 21 AQUIIII!!5 46 32 17 41 22 8 52 44 26 
44 48 37 47 20 16 21 27 49 24 38 
AQUIIII!!46 22 20 37 44 24 16 48 26 49 34 51 18 40 52 47 
AQUIIII!!51 48 49 22 52 19 24 47 34 16 26 50 40 18 37 20 
AQUIIII!!52 47 16 38 21 27 37 51 48 24 26 22 20 49 46 44 
AQUIIII!!AQUIIII!!44 48 21 40 27 22 22 37 17 47 24 51 47 24 46 16 16 49 26 20 38 18 20 26 52 46 37 52 14 34 48 44 

AQUIIII!!46 52 26 37 17 21 AQUIIII!!44 44 47 29 24 9 38 22 20 48 27 27 14 33 16 21 22 6 48 47 
14 32 17 41 8 46 
AQUIIII!!44 22 17 29 8 41 27 48 37 14 47 52 46 26 21 9 
AQUIIII!!46 47 24 38 26 52 21 49 27 16 22 17 20 37 48 44 
AQUIIII!!16 49 21 47 48 26 38 22 44 51 52 27 37 20 24 46 
AQUIIII!!21 47 5 6 41 23 8 9 17 29 32 33 22 14 AQUIIII!!44 48 46 37 
40 52 49 20 46 22 26 47 16 34 24 18 51 44 
AQUIIII!!26 21 48 22 27 41 37 8 17 47 14 29 52 46 9 44 
AQUIIII!!46 49 51 47 37 48 20 52 21 44 26 22 27 16 38 24 
AQUIIII!!46 52 49 24 16 20 51 48 44 18 47 40 22 37 26 AQUIIII!!34 46 
9 44 47 6 5 8 21 29 33 32 22 17 23 41 14 
AQUIIII!!51 20 37 46 38 27 26 49 16 52 44 21 47 22 24 48 
AQUIIII!!46 37 44 26 49 21 51 27 20 52 16 38 47 22 48 24 
AQUIIII!!46 41 22 47 14 27 17 16 37 26 52 9 44 48 21 29 
AQUIIII!!44 22 49 38 20 21 46 48 17 27 37 52 AQUIIII!!24 46 26 9 16 14 47 29 
8 48 6 44 33 22 17 21 41 32 27 47 
AQUIIII!!46 37 44 26 49 21 51 27 20 52 16 38 47 22 48 24 
AQUIIII!!44 27 48 46 20 47 22 52 14 24 38 21 16 26 37 17 
AQUIIII!!46 22 47 5 41 33 6 44 32 21 29 23 8 17 14 9 
AQUIIII!!46 14 48 24 21 44 17 26 52 22 27 38 20 16 47 37 
AQUIIII!!44 46 37 20 47 34 51 52 22 40 24 18 26 49 16 48 
AQUIIII!!46 5 44 14 4 29 8 9 32 41 31 21 17 22 6 33 
AQUIIII!!46 52 8 21 26 48 22 47 14 44 27 37 9 41 29 17 
AQUIIII!!46 51 52 47 27 16 37 38 24 26 21 22 49 20 48 AQUIIII!!44 46 
52 44 21 27 49 AQUIIII!!22 4 48 14 26 33 24 21 37 46 AQUIIII!!47 9 20 38 32 48 16 6 26 20 8 51 22 
29 27 22 46 41 47 31 21 17 51 5 37 44 16 
52 38 49 44 24 
AQUIIII!!44 46 24 37 38 16 26 22 20 47 21 27 49 52 48 17 
AQUIIII!!44 46 24 37 38 16 26 22 20 47 21 27 49 52 48 17 
AQUIIII!!44 26 17 37 52 29 22 9 14 46 8 41 48 27 47 21 
AQUIIII!!44 6 8 14 33 29 21 17 4 31 46 5 9 32 41 22 
AQUIIII!!47 46 37 48 14 26 8 52 17 29 44 9 22 41 27 21 
AQUIIII!!44 16 37 52 46 20 21 17 27 48 47 49 38 22 24 26 
AQUIIII!!46 26 24 49 48 22 20 38 27 16 21 17 47 44 37 52 
AQUIIII!!46 52 41 16 21 9 37 17 29 22 14 44 27 48 26 47 
AQUIIII!!44 14 6 9 5 22 32 41 8 4 34 29 3 33 17 21 
AQUIIII!!44 27 AQUIIII!!20 20 16 51 17 44 26 47 48 16 37 48 49 52 46 49 52 46 22 22 21 34 26 24 18 47 38 40 24 
37 
AQUIIII!!20 51 44 47 16 48 52 49 46 22 34 26 18 40 24 37 
AQUIIII!!46 41 33 17 47 29 6 44 9 14 21 48 32 22 27 8 
AQUIIII!!49 52 46 26 16 22 40 47 24 51 37 18 20 48 34 44 
AQUIIII!!46 22 16 44 26 21 38 52 47 48 24 49 17 20 27 37 
AQUIIII!!46 19 16 51 49 40 26 37 22 52 48 47 24 34 18 20 
AQUIIII!!44 37 9 46 16 47 27 17 22 48 26 29 21 41 52 14 
AQUIIII!!46 19 16 51 49 40 26 37 22 52 48 47 24 34 18 20 
AQUIIII!!44 41 8 4 21 31 17 14 22 29 9 5 33 46 6 32 
AQUIIII!!47 46 9 52 29 37 22 17 48 41 44 26 8 27 14 21 
AQUIIII!!46 27 52 17 48 47 37 26 8 44 9 21 14 41 29 22 
AQUIIII!!46 38 47 27 22 20 16 49 17 21 48 37 24 26 52 44 
AQUIIII!!46 37 21 48 52 41 44 47 9 17 26 16 22 27 14 29 
AQUIIII!!46 14 16 37 41 26 48 47 27 52 9 29 17 21 22 44 
AQUIIII!!46 49 27 22 52 24 47 48 20 16 21 44 26 37 51 38 
AQUIIII!!44 20 14 47 16 24 38 26 27 48 17 21 46 52 37 22 
AQUIIII!!46 9 8 44 21 33 14 31 32 17 4 29 6 5 22 41 
AQUIIII!!46 21 44 16 52 48 17 41 26 37 14 27 22 47 29 9 
AQUIIII!!46 47 52 21 27 17 29 44 9 26 14 48 41 16 22 37 
AQUIIII!!44 27 17 24 48 46 52 22 20 21 37 16 38 26 47 14 
AQUIIII!!46 9 48 21 16 52 41 44 22 14 47 29 37 26 27 17 
AQUIIII!!46 47 24 38 26 52 21 49 27 16 22 17 20 37 48 44 
AQUIIII!!46 37 27 21 52 51 49 24 47 22 26 16 20 44 38 48 
AQUIIII!!44 34 33 29 41 14 3 32 6 17 9 21 4 8 22 5 
AQUIIII!!44 47 49 22 40 46 34 18 52 16 48 37 20 24 51 26 
Number of Cuts in the second phase:1691
Number of repeat: 1448 
Violation: 551.000000
Violation: 1194.000000
Violation: 90.000000
Violation: 593.000000
Violation: 243.000000
Violation: 527.000000
Violation: 293.000000
Violation: 265.000000
Violation: 601.000000
Violation: 210.000000
Violation: 506.000000
Violation: 486.000000
Violation: 952.000000
Violation: 202.000000
Violation: 65.000000
Violation: 498.000000
Violation: 49.000000
Violation: 870.000000
Violation: 586.000000
Violation: 435.000000
Violation: 447.000000
Violation: 1102.000000
Violation: 755.000000
Violation: 658.000000
Violation: 387.000000
Violation: 177.000000
Violation: 152.000000
Violation: 1304.000000
Violation: 652.000000
Violation: 212.000000
Violation: 691.000000
Violation: 142.000000
Violation: 1202.000000
Violation: 863.000000
Violation: 903.000000
Violation: 194.000000
Violation: 322.000000
Violation: 561.000000
Violation: 1102.000000
Violation: 775.000000
Violation: 420.000000
Violation: 305.000000
Violation: 330.000000
Violation: 1090.000000
Violation: 515.000000
Violation: 330.000000
Violation: 110.000000
Violation: 8.000000
Violation: 194.000000
Violation: 589.000000
Violation: 101.000000
Violation: 839.000000
Violation: 626.000000
Violation: 167.000000
Violation: 537.000000
Violation: 585.000000
Violation: 380.000000
Violation: 1303.000000
Violation: 202.000000
Violation: 674.000000
Violation: 324.000000
Violation: 220.000000
Violation: 26.000000
Violation: 629.000000
Violation: 577.000000
Violation: 1530.000000
Violation: 200.000000
Violation: 8.000000
Violation: 269.000000
Violation: 352.000000
Violation: 141.000000
Violation: 220.000000
Violation: 499.000000
Violation: 735.000000
Violation: 210.000000
Violation: 559.000000
Violation: 264.000000
Violation: 478.000000
Violation: 597.000000
Violation: 466.000000
Violation: 1478.000000
Violation: 333.000000
Violation: 220.000000
Violation: 740.000000
Violation: 624.000000
Violation: 358.000000
Violation: 531.000000
Violation: 228.000000
Violation: 346.000000
Violation: 174.000000
Violation: 98.000000
Violation: 677.000000
Violation: 98.000000
Violation: 335.000000
Violation: 290.000000
Violation: 351.000000
Violation: 13.000000
Violation: 734.000000
Violation: 688.000000
Violation: 305.000000
Violation: 743.000000
Violation: 277.000000
Violation: 102.000000
Violation: 308.000000
Violation: 718.000000
Violation: 445.000000
Violation: 492.000000
Violation: 597.000000
Violation: 989.000000
Violation: 803.000000
Violation: 393.000000
Violation: 134.000000
Violation: 289.000000
Violation: 290.000000
Violation: 1202.000000
Violation: 426.000000
Violation: 284.000000
Violation: 712.000000
Violation: 373.000000
Violation: 753.000000
Violation: 110.000000
Violation: 208.000000
Violation: 1152.000000
Violation: 1178.000000
Violation: 292.000000
Violation: 473.000000
Violation: 872.000000
Violation: 142.000000
Violation: 183.000000
Violation: 352.000000
Violation: 619.000000
Violation: 197.000000
Violation: 300.000000
Violation: 357.000000
Violation: 216.000000
Violation: 750.000000
Violation: 728.000000
Violation: 225.000000
Violation: 240.000000
Violation: 1353.000000
Violation: 132.000000
Violation: 589.000000
Violation: 504.000000
Violation: 471.000000
Violation: 736.000000
Violation: 846.000000
Violation: 626.000000
Violation: 999.000000
Violation: 156.000000
Violation: 218.000000
Violation: 421.000000
Violation: 13.000000
Violation: 166.000000
Violation: 504.000000
Violation: 321.000000
Violation: 792.000000
Violation: 465.000000
Violation: 115.000000
Violation: 905.000000
Violation: 601.000000
Violation: 521.000000
Violation: 35.000000
Violation: 43.000000
Violation: 423.000000
Violation: 532.000000
Violation: 551.000000
Violation: 855.000000
Violation: 706.000000
Violation: 443.000000
Violation: 85.000000
Violation: 341.000000
Violation: 536.000000
Violation: 404.000000
Violation: 396.000000
Violation: 517.000000
Violation: 688.000000
Violation: 100.000000
Violation: 178.000000
Violation: 512.000000
Violation: 292.000000
Violation: 294.000000
Violation: 1110.000000
Violation: 369.000000
Violation: 591.000000
Violation: 716.000000
Violation: 747.000000
Violation: 1582.000000
Violation: 621.000000
Violation: 209.000000
Violation: 87.000000
Violation: 354.000000
Violation: 1127.000000
Violation: 648.000000
Violation: 347.000000
Violation: 1312.000000
Violation: 1156.000000
Violation: 271.000000
Violation: 313.000000
Violation: 152.000000
Violation: 497.000000
Violation: 182.000000
Violation: 320.000000
Violation: 100.000000
Violation: 304.000000
Violation: 420.000000
Violation: 463.000000
Violation: 130.000000
Violation: 155.000000
Violation: 356.000000
Violation: 253.000000
Violation: 140.000000
Violation: 625.000000
Violation: 174.000000
Violation: 182.000000
Violation: 142.000000
Violation: 1022.000000
Violation: 862.000000
Violation: 152.000000
Violation: 420.000000
Violation: 541.000000
Violation: 109.000000
Violation: 362.000000
Violation: 394.000000
Violation: 202.000000
Violation: 414.000000
Violation: 304.000000
Violation: 748.000000
Violation: 617.000000
Violation: 962.000000
Violation: 319.000000
Violation: 498.000000
Violation: 465.000000
Violation: 548.000000
Violation: 628.000000
Violation: 125.000000
Violation: 926.000000
Violation: 423.000000
Violation: 302.000000
Violation: 1076.000000
Violation: 364.000000
Violation: 486.000000
Violation: 217.000000
Violation: 108.000000
took 2.078433
Optimize a model with 610 rows, 906 columns and 10853 nonzeros
Coefficient statistics:
  Matrix range     [1e+00, 4e+01]
  Objective range  [0e+00, 0e+00]
  Bounds range     [1e+00, 4e+01]
  RHS range        [1e+00, 1e+02]
Presolve removed 264 rows and 108 columns
Presolve time: 0.00s
Presolved: 346 rows, 798 columns, 9181 nonzeros

Iteration    Objective       Primal Inf.    Dual Inf.      Time
       0    0.0000000e+00   4.508044e+01   0.000000e+00      0s
     120    0.0000000e+00   0.000000e+00   0.000000e+00      0s

Solved in 120 iterations and 0.01 seconds
Optimal objective  0.000000000e+00
