j1201_1.sm_s1.txt
Academic license - for non-commercial use only
Read LP format model from file lp/j1201_1.sm.lp
Reading time = 0.02 seconds
: 1196 rows, 5432 columns, 62759 nonzeros
OKGPU
nThreads: 1024 , nBlocks: 12 
Number cuts generated in the phase 1: 33
Number of repeat: 7 
violation 334.000000
violation 145.000000
violation 234.000000
violation 288.000000
violation 207.000000
violation 63.000000
violation 293.000000
violation 390.000000
violation 467.000000
violation 142.000000
violation 168.000000
violation 458.000000
violation 370.000000
violation 757.000000
violation 859.000000
violation 859.000000
violation 857.000000
violation 637.000000
violation 637.000000
violation 557.000000
violation 164.000000
violation 21.000000
violation 523.000000
violation 445.000000
violation 495.000000
violation 37.000000
8592 16
111 114 24 40 108 41 25 85 68 75 38 32 31 85 39 86 30 23 21 49 27 AQUIIII!!115 36 114 29 110 
81 113 115 
29 31 85 58 39 41 30 81 33 49 34 40 38 
AQUIIII!!AQUIIII!!111 108 25 27 25 110 AQUIIII!!111 21 30 26 85 112 36 26 85 111 68 108 112 119 36 110 118 66 116 75 32 118 24 23 81 66 32 108 27 86 85 86 20 116 117 
0 110 117 47 
58 28 29 
AQUIIII!!111 116 31 112 29 30 81 0 118 85 117 119 28 58 33 66 
AQUIIII!!114 113 115 29 31 85 58 39 41 30 81 33 AQUIIII!!49 108 34 25 40 111 38 26 
36 85 112 118 116 32 66 27 86 117 110 47 
AQUIIII!!58 35 39 49 81 1 42 40 41 43 34 5 88 114 115 113 
AQUIIII!!28 58 29 119 38 112 66 AQUIIII!!33 26 85 24 81 32 117 112 31 86 0 21 118 68 30 75 116 23 
36 85 25 108 27 110 111 
AQUIIII!!58 35 39 49 81 1 42 40 41 43 34 5 88 114 115 113 
AQUIIII!!26 24 32 112 86 21 AQUIIII!!68 58 75 34 115 23 39 36 33 85 29 25 41 108 38 27 85 AQUIIII!!110 40 29 111 113 112 49 
66 81 118 31 110 114 111 116 30 AQUIIII!!36 
24 108 36 85 86 110 0 116 119 47 28 27 81 117 117 
25 108 66 85 111 86 32 26 112 
AQUIIII!!24 36 110 116 47 27 117 25 108 66 85 111 86 32 26 112 
AQUIIII!!111 112 36 AQUIIII!!32 112 85 26 111 24 24 108 25 25 68 68 75 32 85 26 86 21 23 21 110 27 36 23 110 86 
108 75 27 
AQUIIII!!112 111 32 108 24 110 85 27 86 26 116 23 36 75 68 25 
AQUIIII!!85 111 112 27 108 75 68 23 25 110 24 26 21 32 36 86 
AQUIIII!!111 28 112 66 119 118 86 110 117 81 36 85 29 116 0 108 
AQUIIII!!110 23 111 26 AQUIIII!!32 112 85 111 36 85 27 31 24 0 21 29 108 118 86 30 AQUIIII!!20 111 117 33 75 23 119 25 110 66 68 25 28 
24 116 68 58 32 81 85 
27 75 36 108 AQUIIII!!112 25 AQUIIII!!86 110 AQUIIII!!112 112 116 112 27 111 26 23 24 108 
85 110 68 68 85 25 75 21 36 117 86 24 85 24 26 47 21 32 32 27 36 27 36 86 108 66 26 111 
111 110 116 75 25 32 23 108 
86 26 
AQUIIII!!31 29 AQUIIII!!110 116 85 30 111 111 28 112 85 27 117 66 108 112 75 119 68 58 23 81 118 25 0 
110 24 26 21 32 36 86 
AQUIIII!!115 31 114 38 88 113 58 34 42 35 40 33 81 41 49 39 AQUIIII!!
112 27 108 68 85 21 24 26 32 36 86 111 110 75 25 23 
AQUIIII!!26 32 108 86 47 85 118 66 117 116 27 36 111 112 25 110 
AQUIIII!!26 32 108 86 47 85 118 66 117 116 27 36 111 112 25 AQUIIII!!110 
68 116 85 36 86 32 23 24 112 111 108 27 110 26 75 25 
AQUIIII!!26 32 108 86 47 85 118 66 117 116 27 36 111 112 25 110 
AQUIIII!!38 119 30 33 85 0 58 29 31 117 116 66 81 118 112 28 
AQUIIII!!21 36 75 110 86 23 27 25 68 32 108 85 112 24 111 26 
AQUIIII!!21 36 75 110 86 23 27 25 68 32 108 85 112 24 111 26 
AQUIIII!!21 36 75 110 86 23 27 25 68 32 108 85 112 24 111 26 
AQUIIII!!85 27 26 24 75 110 23 116 86 25 108 36 32 111 68 112 
AQUIIII!!21 27 86 20 36 85 108 75 110 68 26 23 25 32 24 111 
AQUIIII!!26 24 108 85 21 68 25 86 32 111 75 20 36 27 23 110 
AQUIIII!!29 111 66 28 117 118 85 58 119 0 30 31 112 81 33 116 
AQUIIII!!AQUIIII!!112 24 112 111 29 32 30 26 28 23 116 36 85 85 111 116 33 86 118 25 81 75 31 68 58 27 119 108 66 110 117 
0 
AQUIIII!!68 108 26 111 25 112 116 85 110 24 36 32 23 86 75 27 
AQUIIII!!110 23 85 24 21 32 86 25 108 111 75 36 27 26 68 112 
AQUIIII!!112 27 32 116 117 85 86 110 118 108 36 81 119 111 66 0 
AQUIIII!!58 41 31 29 49 39 40 81 115 38 85 33 30 28 113 114 
AQUIIII!!26 36 86 108 75 24 68 116 23 85 110 111 112 32 27 25 
AQUIIII!!111 110 112 75 26 85 23 68 108 32 36 86 27 24 25 116 
AQUIIII!!26 36 86 108 75 24 68 116 23 85 110 111 112 32 27 25 
AQUIIII!!68 116 23 26 AQUIIII!!85 119 75 117 36 29 110 85 81 24 66 86 30 25 116 27 118 0 32 28 111 31 108 58 112 110 112 
111 
AQUIIII!!36 68 26 85 24 108 25 27 75 111 32 21 86 23 112 AQUIIII!!110 24 112 
110 108 68 23 75 85 111 26 32 25 27 116 86 36 
AQUIIII!!119 117 29 85 81 66 30 116 118 0 28 31 58 110 112 111 AQUIIII!!
36 66 116 118 47 117 26 85 108 110 119 27 32 86 111 112 
AQUIIII!!58 119 81 110 108 29 118 66 116 28 30 85 117 0 111 112 
AQUIIII!!36 75 32 26 108 24 68 23 27 85 110 25 111 112 86 116 
AQUIIII!!111 116 31 112 29 AQUIIII!!30 81 86 0 118 26 85 117 117 85 119 28 119 58 110 33 66 32 
36 116 66 108 118 27 111 112 47 
AQUIIII!!111 29 108 112 116 86 117 118 119 110 66 0 85 81 36 28 
AQUIIII!!112 110 26 66 25 27 108 85 36 117 32 47 116 AQUIIII!!86 111 68 24 108 
75 110 32 85 21 27 20 23 36 25 86 24 26 111 
AQUIIII!!33 40 34 38 35 85 41 113 49 58 39 30 81 114 31 115 
AQUIIII!!81 119 118 0 33 39 58 66 29 38 85 31 117 28 30 116 
AQUIIII!!24 112 110 25 66 116 85 47 26 32 27 117 36 111 108 86 
AQUIIII!!0 118 28 119 86 81 110 117 AQUIIII!!36 115 66 85 113 114 29 43 108 38 116 111 35 112 33 34 
42 81 88 39 58 40 49 41 
AQUIIII!!0 AQUIIII!!118 31 28 30 119 86 114 81 33 81 110 115 117 36 113 66 85 85 38 29 34 108 29 116 49 111 58 112 41 
40 39 
AQUIIII!!85 112 36 66 47 110 118 108 116 117 26 86 119 32 27 111 
AQUIIII!!117 66 58 118 85 110 0 116 30 81 29 28 119 111 112 31 
AQUIIII!!117 66 58 118 85 110 0 116 30 81 29 28 119 111 112 31 
AQUIIII!!68 75 36 23 112 25 26 24 108 86 85 111 32 116 27 110 
AQUIIII!!112 111 32 118 117 110 119 85 27 36 116 0 108 66 86 81 
AQUIIII!!116 28 81 29 58 AQUIIII!!66 6 85 34 117 35 118 58 0 41 30 81 110 97 119 49 108 88 112 43 111 5 
42 1 114 115 113 
AQUIIII!!86 27 117 47 66 119 32 116 110 112 85 36 118 108 111 26 
AQUIIII!!86 27 117 47 66 119 32 116 110 112 85 36 118 108 111 26 
AQUIIII!!30 114 81 0 29 40 28 33 31 113 41 39 58 85 49 38 
AQUIIII!!30 115 49 35 58 40 33 39 81 113 38 85 31 114 41 34 
AQUIIII!!111 25 27 110 21 AQUIIII!!85 26 115 68 113 108 114 36 43 75 24 38 23 35 32 33 86 20 34 
42 81 88 39 58 40 49 41 
AQUIIII!!111 AQUIIII!!116 112 31 111 112 29 108 30 110 81 29 0 119 118 0 85 28 117 81 119 58 28 66 58 116 33 118 66 30 
85 117 
AQUIIII!!111 112 117 108 85 116 110 32 36 47 118 66 26 86 25 27 
AQUIIII!!30 49 85 58 81 35 38 39 34 115 114 31 41 33 113 40 
AQUIIII!!111 25 26 27 86 85 32 24 75 23 21 68 20 110 36 108 
AQUIIII!!112 24 110 25 111 26 32 27 36 85 108 66 116 47 86 117 
AQUIIII!!31 112 116 66 118 38 117 119 AQUIIII!!58 25 33 85 111 81 86 30 0 110 28 85 29 
32 24 108 20 68 36 27 21 26 23 75 
AQUIIII!!85 36 86 116 110 117 108 25 66 32 111 47 24 26 112 27 
AQUIIII!!85 36 86 116 110 117 108 25 66 32 111 47 24 26 112 27 
AQUIIII!!116 58 66 81 28 31 85 29 119 0 33 30 118 117 112 111 
AQUIIII!!25 110 112 111 23 85 68 75 36 86 24 21 32 27 108 26 
AQUIIII!!25 110 112 111 23 85 68 75 36 86 24 21 32 27 108 26 
AQUIIII!!85 66 31 116 117 118 112 29 81 58 30 119 110 0 28 111 
AQUIIII!!28 112 111 86 118 108 0 36 81 85 116 110 66 119 32 117 
AQUIIII!!26 119 86 117 110 47 66 36 118 85 27 112 111 116 108 32 
AQUIIII!!111 24 27 32 112 36 117 85 66 108 86 47 116 26 110 25 
AQUIIII!!47 116 86 27 118 36 32 117 108 25 85 112 26 110 111 66 
AQUIIII!!113 38 35 40 81 33 41 115 31 85 34 49 39 58 114 30 
AQUIIII!!108 24 23 25 26 85 86 111 75 36 68 110 21 32 112 27 
AQUIIII!!112 26 85 32 36 108 68 111 110 24 86 27 75 25 116 23 
AQUIIII!!110 116 32 112 28 66 117 118 85 111 81 36 86 0 119 108 
AQUIIII!!58 113 114 34 115 35 81 42 100 6 43 97 5 88 49 1 
AQUIIII!!112 111 26 85 25 117 36 47 118 86 27 108 66 32 116 110 
AQUIIII!!44 45 119 118 47 117 111 32 36 110 49 116 26 108 27 112 
AQUIIII!!111 116 31 112 29 30 AQUIIII!!81 112 0 111 118 85 26 117 85 119 28 25 58 117 33 36 66 
47 118 86 27 108 66 32 116 110 
AQUIIII!!44 45 119 118 47 117 111 32 AQUIIII!!36 111 110 116 31 49 112 116 29 26 30 81 108 0 27 118 85 112 117 
119 28 58 33 66 
AQUIIII!!112 26 111 24 108 25 68 75 32 85 86 23 21 27 36 110 
AQUIIII!!36 86 111 108 119 110 81 28 0 118 117 85 66 116 29 112 
AQUIIII!!112 111 108 110 29 119 0 28 81 58 66 116 118 30 85 117 
AQUIIII!!32 108 47 110 26 86 117 36 27 118 85 25 112 116 66 111 
AQUIIII!!75 36 24 68 32 27 85 116 26 108 23 25 110 111 86 112 
AQUIIII!!25 111 27 108 75 68 24 32 26 112 21 23 110 86 36 85 
AQUIIII!!66 85 0 29 111 117 118 58 81 119 30 112 28 31 116 110 
AQUIIII!!111 112 66 116 86 26 AQUIIII!!36 110 47 112 110 66 32 117 85 118 118 86 108 27 117 47 27 26 25 85 
108 32 116 36 25 111 
AQUIIII!!115 28 113 30 38 29 58 81 49 85 41 33 114 39 31 40 
AQUIIII!!86 116 32 66 118 117 85 47 36 112 108 110 27 26 25 111 
AQUIIII!!30 116 31 112 66 110 111 28 0 119 29 58 81 AQUIIII!!118 117 86 85 116 
32 66 118 117 85 47 36 112 108 110 27 26 25 111 
AQUIIII!!20 21 86 36 27 26 24 85 108 75 68 32 23 111 25 110 
AQUIIII!!38 30 81 33 34 40 58 49 85 29 114 115 31 AQUIIII!!41 20 113 21 86 39 36 
27 26 24 85 108 75 68 32 23 111 25 110 
AQUIIII!!47 86 66 117 32 26 36 110 25 24 116 108 111 85 112 27 
AQUIIII!!23 110 27 116 32 24 68 86 25 85 36 112 108 75 111 26 
AQUIIII!!29 113 40 114 33 85 31 58 41 39 81 30 115 28 38 49 
AQUIIII!!85 26 118 32 86 117 111 108 27 36 47 66 116 112 110 25 
AQUIIII!!85 26 118 32 86 117 111 108 27 36 47 66 116 112 110 25 
AQUIIII!!111 85 112 28 86 66 81 117 29 119 118 116 0 108 36 110 
AQUIIII!!85 110 86 20 68 36 26 27 108 21 23 32 75 25 24 111 
AQUIIII!!41 49 58 42 88 39 40 34 38 43 35 33 113 115 81 114 
AQUIIII!!26 24 36 27 25 32 117 85 116 86 66 111 112 110 47 108 
AQUIIII!!30 116 31 112 66 110 111 28 0 119 29 58 81 118 117 85 
AQUIIII!!112 24 110 25 111 26 32 27 36 85 108 66 116 47 86 117 
AQUIIII!!23 112 25 85 32 26 27 110 24 116 111 108 75 86 68 36 
AQUIIII!!23 110 21 20 32 25 27 36 68 111 85 108 24 75 86 26 
AQUIIII!!111 112 32 25 117 108 66 86 27 24 116 110 47 36 85 AQUIIII!!26 111 27 
36 85 116 32 66 26 25 24 86 112 108 47 110 117 
AQUIIII!!32 25 68 36 27 85 75 26 111 20 86 21 24 108 110 23 
AQUIIII!!81 38 39 40 34 AQUIIII!!33 86 49 25 41 31 32 75 35 68 88 108 42 58 36 26 115 23 114 27 113 
111 116 24 112 85 110 
AQUIIII!!86 25 32 75 68 108 36 26 23 27 111 116 24 112 85 110 
AQUIIII!!81 38 39 40 34 33 49 41 AQUIIII!!31 116 112 35 29 88 81 42 28 58 30 115 66 114 0 113 38 
117 118 31 119 58 85 33 
AQUIIII!!112 27 108 68 85 21 24 26 32 36 86 111 110 75 25 23 
AQUIIII!!111 28 66 85 36 29 108 116 86 110 118 119 0 117 112 81 
AQUIIII!!23 AQUIIII!!110 32 27 20 68 68 36 24 21 110 108 36 112 86 85 75 75 85 27 25 26 86 21 26 23 111 108 32 111 24 25 

AQUIIII!!111 26 25 68 27 24 32 86 108 85 75 23 110 112 36 116 
AQUIIII!!112 AQUIIII!!111 29 111 26 31 85 112 25 30 117 117 36 118 47 28 66 118 85 86 119 27 58 108 0 66 116 32 110 81 116 110 

AQUIIII!!86 AQUIIII!!26 28 21 112 23 111 25 86 36 32 118 20 108 0 85 68 36 27 81 75 85 110 116 108 110 24 66 111 119 
32 117 
AQUIIII!!86 26 21 23 25 36 32 20 85 68 27 75 110 108 24 111 
AQUIIII!!110 28 66 0 AQUIIII!!86 68 36 81 24 119 32 86 118 75 85 27 26 108 108 111 23 110 36 112 117 111 21 29 25 112 85 
116 
AQUIIII!!119 81 118 33 66 31 28 117 85 0 29 116 58 30 111 112 
AQUIIII!!119 81 118 33 66 31 28 117 85 0 29 116 58 30 111 112 
AQUIIII!!33 66 58 30 38 116 117 119 85 31 28 81 0 118 29 112 
AQUIIII!!116 58 112 30 111 117 31 29 85 66 110 81 119 118 0 28 
AQUIIII!!112 111 108 110 29 119 0 28 81 58 66 116 118 30 85 117 
AQUIIII!!116 31 30 110 28 117 111 29 66 85 112 119 81 118 58 0 
AQUIIII!!24 112 26 86 110 116 47 25 117 27 85 66 111 36 32 108 
AQUIIII!!20 75 21 24 23 85 86 32 68 36 108 25 27 111 26 110 
AQUIIII!!20 75 21 24 23 85 86 32 68 36 108 25 27 111 26 110 
AQUIIII!!117 112 111 27 86 108 118 66 85 110 47 32 36 26 116 119 
AQUIIII!!112 111 36 32 47 85 86 119 118 108 110 66 26 27 117 116 
AQUIIII!!38 34 39 58 40 33 49 41 81 88 35 115 42 113 31 114 
AQUIIII!!38 34 39 58 40 33 49 41 81 88 35 115 42 113 31 114 
AQUIIII!!113 85 81 40 33 41 35 58 34 31 115 39 38 49 30 114 
AQUIIII!!27 24 23 36 21 108 86 85 110 25 75 68 111 32 112 26 
AQUIIII!!29 58 111 117 81 0 110 85 108 116 118 119 30 66 112 28 
AQUIIII!!31 29 110 116 30 111 28 85 117 66 112 119 58 81 118 0 
AQUIIII!!28 112 111 86 118 108 0 36 81 85 116 110 66 119 32 117 
AQUIIII!!28 113 38 85 114 30 49 41 81 31 40 0 29 33 58 39 
AQUIIII!!110 66 108 86 116 32 47 25 36 27 85 26 112 111 24 117 
AQUIIII!!75 24 68 27 86 116 111 25 36 23 108 32 110 85 26 112 
AQUIIII!!111 25 26 27 86 85 32 24 75 23 21 68 20 110 36 108 
AQUIIII!!112 26 108 110 66 32 117 85 118 116 86 27 111 47 119 36 
AQUIIII!!114 31 38 35 30 58 115 81 41 39 40 34 113 85 49 33 
AQUIIII!!113 31 114 30 38 58 33 29 115 85 AQUIIII!!41 114 113 34 30 58 40 33 49 40 29 81 81 39 31 85 
41 38 28 0 39 49 
AQUIIII!!111 116 31 112 29 30 81 0 118 85 117 119 28 58 33 66 
AQUIIII!!112 116 85 111 66 81 31 119 118 0 117 58 33 28 29 30 
AQUIIII!!66 26 86 112 36 25 47 108 117 24 85 32 116 110 111 27 
AQUIIII!!112 25 110 36 24 32 68 21 27 111 26 75 108 23 86 85 
AQUIIII!!66 26 86 112 36 25 47 108 117 24 85 32 116 110 111 27 
AQUIIII!!66 26 86 112 36 25 47 108 117 24 85 32 116 110 111 27 
AQUIIII!!85 68 86 24 75 36 108 25 32 26 110 111 AQUIIII!!27 112 116 27 119 23 0 112 116 32 
66 81 85 86 36 108 111 118 110 117 
AQUIIII!!85 68 86 24 75 36 108 25 32 26 110 111 27 116 23 112 
AQUIIII!!108 75 26 116 111 86 25 85 24 68 32 27 112 36 110 23 
AQUIIII!!85 68 86 24 75 36 108 25 32 26 110 111 27 116 23 112 
AQUIIII!!23 24 27 85 36 68 75 110 32 86 108 26 21 20 111 25 
AQUIIII!!115 28 AQUIIII!!113 26 30 111 38 32 29 112 58 AQUIIII!!27 81 26 49 85 85 116 27 47 41 33 108 111 114 36 117 117 39 66 36 31 86 40 
86 110 25 47 24 116 
110 25 108 118 112 32 66 85 
AQUIIII!!113 30 28 33 41 49 29 38 40 31 81 58 85 39 0 114 
AQUIIII!!26 111 32 112 27 85 116 47 108 36 117 66 86 110 25 24 
AQUIIII!!26 24 112 47 108 117 32 86 85 111 27 116 36 25 66 110 
AQUIIII!!36 25 86 68 75 26 85 32 112 111 116 108 24 110 27 23 
AQUIIII!!23 110 27 116 32 24 68 86 25 85 36 112 108 75 111 26 
AQUIIII!!111 116 31 112 29 30 81 0 118 85 117 119 28 58 33 66 
AQUIIII!!24 27 23 85 32 86 108 75 AQUIIII!!25 113 110 21 31 36 114 112 68 30 26 38 111 
58 33 29 115 85 41 34 40 49 81 39 
AQUIIII!!85 25 108 111 27 75 68 23 86 36 21 110 112 24 26 32 
AQUIIII!!111 112 108 44 24 25 27 110 45 21 23 49 26 47 32 36 
AQUIIII!!27 32 36 24 86 116 75 108 25 85 23 68 110 111 112 26 
AQUIIII!!112 118 111 31 117 0 30 119 110 85 116 58 81 28 66 29 
AQUIIII!!111 29 116 81 117 36 110 108 86 0 112 66 85 28 118 119 
AQUIIII!!49 31 39 85 115 34 40 114 58 38 81 30 41 33 113 29 
AQUIIII!!108 30 119 110 118 0 58 28 116 85 81 66 29 117 112 111 
AQUIIII!!66 25 116 32 26 117 85 47 108 118 36 111 86 110 27 112 
AQUIIII!!108 111 116 112 47 36 66 118 110 119 86 117 32 27 26 85 
AQUIIII!!117 118 66 112 33 58 119 0 28 85 81 38 29 30 31 116 
AQUIIII!!38 115 85 41 49 30 35 33 81 39 113 34 40 58 31 114 
AQUIIII!!111 110 112 75 26 85 23 68 108 32 36 86 27 24 25 116 
AQUIIII!!110 112 116 32 108 36 27 68 24 26 111 86 23 25 85 75 
AQUIIII!!33 66 112 0 111 28 117 30 81 119 29 118 85 58 31 116 
Number of Cuts in the second phase:4265
Number of repeat: 3592 
Violation: 370.000000
Violation: 103.000000
Violation: 333.000000
Violation: 485.000000
Violation: 279.000000
Violation: 46.000000
Violation: 1172.000000
Violation: 629.000000
Violation: 329.000000
Violation: 505.000000
Violation: 1215.000000
Violation: 390.000000
Violation: 254.000000
Violation: 1254.000000
Violation: 88.000000
Violation: 650.000000
Violation: 336.000000
Violation: 507.000000
Violation: 389.000000
Violation: 929.000000
Violation: 34.000000
Violation: 1088.000000
Violation: 207.000000
Violation: 557.000000
Violation: 656.000000
Violation: 864.000000
Violation: 135.000000
Violation: 415.000000
Violation: 742.000000
Violation: 432.000000
Violation: 517.000000
Violation: 279.000000
Violation: 156.000000
Violation: 239.000000
Violation: 822.000000
Violation: 832.000000
Violation: 26.000000
Violation: 627.000000
Violation: 395.000000
Violation: 226.000000
Violation: 82.000000
Violation: 84.000000
Violation: 714.000000
Violation: 718.000000
Violation: 51.000000
Violation: 1374.000000
Violation: 187.000000
Violation: 575.000000
Violation: 279.000000
Violation: 1748.000000
Violation: 325.000000
Violation: 747.000000
Violation: 656.000000
Violation: 288.000000
Violation: 697.000000
Violation: 159.000000
Violation: 378.000000
Violation: 658.000000
Violation: 843.000000
Violation: 1770.000000
Violation: 234.000000
Violation: 512.000000
Violation: 476.000000
Violation: 187.000000
Violation: 718.000000
Violation: 517.000000
Violation: 318.000000
Violation: 358.000000
Violation: 892.000000
Violation: 1224.000000
Violation: 1187.000000
Violation: 353.000000
Violation: 249.000000
Violation: 72.000000
Violation: 814.000000
Violation: 356.000000
Violation: 716.000000
Violation: 1075.000000
Violation: 143.000000
Violation: 110.000000
Violation: 747.000000
Violation: 632.000000
Violation: 738.000000
Violation: 974.000000
Violation: 466.000000
Violation: 544.000000
Violation: 83.000000
Violation: 187.000000
Violation: 1295.000000
Violation: 83.000000
Violation: 658.000000
Violation: 176.000000
Violation: 353.000000
Violation: 627.000000
Violation: 314.000000
Violation: 199.000000
Violation: 287.000000
Violation: 188.000000
Violation: 329.000000
Violation: 893.000000
Violation: 240.000000
Violation: 213.000000
Violation: 656.000000
Violation: 1170.000000
Violation: 40.000000
Violation: 1184.000000
Violation: 51.000000
Violation: 445.000000
Violation: 358.000000
Violation: 637.000000
Violation: 384.000000
Violation: 787.000000
Violation: 16.000000
Violation: 949.000000
Violation: 461.000000
Violation: 681.000000
Violation: 628.000000
Violation: 488.000000
Violation: 381.000000
Violation: 876.000000
Violation: 1046.000000
Violation: 397.000000
Violation: 700.000000
Violation: 432.000000
Violation: 52.000000
Violation: 613.000000
Violation: 896.000000
Violation: 916.000000
Violation: 154.000000
Violation: 397.000000
Violation: 650.000000
Violation: 471.000000
Violation: 702.000000
Violation: 380.000000
Violation: 458.000000
Violation: 646.000000
Violation: 7.000000
Violation: 1269.000000
Violation: 26.000000
Violation: 116.000000
Violation: 295.000000
Violation: 515.000000
Violation: 274.000000
Violation: 1233.000000
Violation: 75.000000
Violation: 1238.000000
Violation: 1303.000000
Violation: 1017.000000
Violation: 252.000000
Violation: 637.000000
Violation: 600.000000
Violation: 328.000000
Violation: 281.000000
Violation: 514.000000
Violation: 182.000000
Violation: 277.000000
Violation: 657.000000
Violation: 982.000000
Violation: 436.000000
Violation: 114.000000
Violation: 328.000000
Violation: 309.000000
Violation: 1344.000000
Violation: 525.000000
Violation: 632.000000
Violation: 1264.000000
Violation: 313.000000
Violation: 563.000000
Violation: 217.000000
Violation: 762.000000
Violation: 313.000000
Violation: 399.000000
Violation: 25.000000
Violation: 480.000000
Violation: 1374.000000
Violation: 22.000000
Violation: 58.000000
Violation: 36.000000
Violation: 617.000000
Violation: 1108.000000
Violation: 434.000000
Violation: 795.000000
Violation: 617.000000
Violation: 16.000000
Violation: 238.000000
Violation: 314.000000
Violation: 753.000000
Violation: 155.000000
Violation: 356.000000
Violation: 221.000000
Violation: 534.000000
Violation: 316.000000
Violation: 530.000000
Violation: 74.000000
Violation: 378.000000
Violation: 118.000000
Violation: 324.000000
Violation: 393.000000
Violation: 627.000000
Violation: 967.000000
Violation: 916.000000
Violation: 230.000000
Violation: 708.000000
Violation: 492.000000
Violation: 122.000000
Violation: 20.000000
Violation: 46.000000
Violation: 1055.000000
Violation: 631.000000
Violation: 245.000000
Violation: 354.000000
Violation: 1540.000000
Violation: 964.000000
Violation: 1628.000000
Violation: 55.000000
Violation: 299.000000
Violation: 748.000000
Violation: 253.000000
Violation: 895.000000
Violation: 689.000000
Violation: 426.000000
Violation: 21.000000
Violation: 145.000000
Violation: 375.000000
Violation: 1436.000000
Violation: 315.000000
Violation: 45.000000
Violation: 40.000000
Violation: 8.000000
Violation: 515.000000
Violation: 697.000000
Violation: 77.000000
Violation: 752.000000
Violation: 142.000000
Violation: 780.000000
Violation: 348.000000
Violation: 163.000000
Violation: 258.000000
Violation: 47.000000
Violation: 177.000000
Violation: 335.000000
Violation: 434.000000
Violation: 129.000000
Violation: 459.000000
Violation: 128.000000
Violation: 643.000000
Violation: 222.000000
Violation: 271.000000
Violation: 71.000000
Violation: 274.000000
Violation: 885.000000
Violation: 1517.000000
Violation: 417.000000
Violation: 206.000000
Violation: 1126.000000
Violation: 1784.000000
Violation: 200.000000
Violation: 5.000000
Violation: 117.000000
Violation: 1021.000000
Violation: 606.000000
Violation: 843.000000
Violation: 764.000000
Violation: 1446.000000
Violation: 816.000000
Violation: 505.000000
Violation: 910.000000
Violation: 1239.000000
Violation: 643.000000
Violation: 574.000000
Violation: 467.000000
Violation: 432.000000
Violation: 690.000000
Violation: 512.000000
Violation: 584.000000
Violation: 905.000000
Violation: 764.000000
Violation: 531.000000
Violation: 71.000000
Violation: 1086.000000
Violation: 137.000000
Violation: 702.000000
Violation: 280.000000
Violation: 319.000000
Violation: 627.000000
Violation: 597.000000
Violation: 307.000000
Violation: 1202.000000
Violation: 333.000000
Violation: 217.000000
Violation: 1095.000000
Violation: 362.000000
Violation: 44.000000
Violation: 972.000000
Violation: 656.000000
Violation: 169.000000
Violation: 116.000000
Violation: 1269.000000
Violation: 424.000000
Violation: 764.000000
Violation: 714.000000
Violation: 408.000000
Violation: 196.000000
Violation: 656.000000
Violation: 637.000000
Violation: 1397.000000
Violation: 334.000000
Violation: 745.000000
Violation: 600.000000
Violation: 813.000000
Violation: 1279.000000
Violation: 1104.000000
Violation: 183.000000
Violation: 757.000000
Violation: 576.000000
Violation: 1346.000000
Violation: 529.000000
Violation: 657.000000
Violation: 1047.000000
Violation: 906.000000
Violation: 2.000000
Violation: 1515.000000
Violation: 1228.000000
Violation: 1906.000000
Violation: 443.000000
Violation: 1039.000000
Violation: 299.000000
Violation: 1690.000000
Violation: 393.000000
Violation: 729.000000
Violation: 864.000000
Violation: 890.000000
Violation: 161.000000
Violation: 367.000000
Violation: 283.000000
Violation: 194.000000
Violation: 278.000000
Violation: 203.000000
Violation: 441.000000
Violation: 372.000000
Violation: 364.000000
Violation: 636.000000
Violation: 540.000000
Violation: 263.000000
Violation: 572.000000
Violation: 305.000000
Violation: 135.000000
Violation: 1237.000000
Violation: 627.000000
Violation: 461.000000
Violation: 985.000000
Violation: 538.000000
Violation: 96.000000
Violation: 227.000000
Violation: 597.000000
Violation: 97.000000
Violation: 388.000000
Violation: 659.000000
Violation: 943.000000
Violation: 799.000000
Violation: 422.000000
Violation: 540.000000
Violation: 27.000000
Violation: 1025.000000
Violation: 128.000000
Violation: 1279.000000
Violation: 1231.000000
Violation: 421.000000
Violation: 370.000000
Violation: 1080.000000
Violation: 170.000000
Violation: 29.000000
Violation: 945.000000
Violation: 190.000000
Violation: 1133.000000
Violation: 234.000000
Violation: 187.000000
Violation: 1061.000000
Violation: 610.000000
Violation: 348.000000
Violation: 392.000000
Violation: 263.000000
Violation: 39.000000
Violation: 258.000000
Violation: 2154.000000
Violation: 1098.000000
Violation: 743.000000
Violation: 94.000000
Violation: 256.000000
Violation: 577.000000
Violation: 703.000000
Violation: 227.000000
Violation: 32.000000
Violation: 1196.000000
Violation: 929.000000
Violation: 852.000000
Violation: 738.000000
Violation: 269.000000
Violation: 845.000000
Violation: 328.000000
Violation: 684.000000
Violation: 81.000000
Violation: 1887.000000
Violation: 71.000000
Violation: 1355.000000
Violation: 722.000000
Violation: 850.000000
Violation: 307.000000
Violation: 682.000000
Violation: 100.000000
Violation: 484.000000
Violation: 373.000000
Violation: 372.000000
Violation: 947.000000
Violation: 180.000000
Violation: 374.000000
Violation: 441.000000
Violation: 152.000000
Violation: 467.000000
Violation: 1108.000000
Violation: 742.000000
Violation: 1184.000000
Violation: 486.000000
Violation: 176.000000
Violation: 368.000000
Violation: 1025.000000
Violation: 655.000000
Violation: 71.000000
Violation: 547.000000
Violation: 1713.000000
Violation: 287.000000
Violation: 120.000000
Violation: 315.000000
Violation: 831.000000
Violation: 1100.000000
Violation: 945.000000
Violation: 759.000000
Violation: 79.000000
Violation: 231.000000
Violation: 384.000000
Violation: 583.000000
Violation: 87.000000
Violation: 673.000000
Violation: 304.000000
Violation: 982.000000
Violation: 260.000000
Violation: 19.000000
Violation: 711.000000
Violation: 274.000000
Violation: 355.000000
Violation: 1136.000000
Violation: 337.000000
Violation: 282.000000
Violation: 951.000000
Violation: 160.000000
Violation: 955.000000
Violation: 1003.000000
Violation: 168.000000
Violation: 1045.000000
Violation: 869.000000
Violation: 1462.000000
Violation: 100.000000
Violation: 1436.000000
Violation: 464.000000
Violation: 147.000000
Violation: 233.000000
Violation: 475.000000
Violation: 822.000000
Violation: 328.000000
Violation: 1488.000000
Violation: 1602.000000
Violation: 804.000000
Violation: 443.000000
Violation: 79.000000
Violation: 14.000000
Violation: 1684.000000
Violation: 260.000000
Violation: 1161.000000
Violation: 234.000000
Violation: 1523.000000
Violation: 841.000000
Violation: 1209.000000
Violation: 1224.000000
Violation: 219.000000
Violation: 976.000000
Violation: 201.000000
Violation: 114.000000
Violation: 538.000000
Violation: 71.000000
Violation: 964.000000
Violation: 539.000000
Violation: 1364.000000
Violation: 272.000000
Violation: 996.000000
Violation: 660.000000
Violation: 1092.000000
Violation: 109.000000
Violation: 1190.000000
Violation: 513.000000
Violation: 167.000000
Violation: 852.000000
Violation: 279.000000
Violation: 785.000000
Violation: 273.000000
Violation: 973.000000
Violation: 768.000000
Violation: 514.000000
Violation: 559.000000
Violation: 131.000000
Violation: 109.000000
Violation: 1295.000000
Violation: 869.000000
Violation: 284.000000
Violation: 344.000000
Violation: 210.000000
Violation: 718.000000
Violation: 270.000000
Violation: 1326.000000
Violation: 563.000000
Violation: 278.000000
Violation: 98.000000
Violation: 446.000000
Violation: 963.000000
Violation: 718.000000
Violation: 150.000000
Violation: 224.000000
Violation: 43.000000
Violation: 801.000000
Violation: 75.000000
Violation: 367.000000
Violation: 11.000000
Violation: 764.000000
Violation: 308.000000
Violation: 357.000000
Violation: 16.000000
Violation: 198.000000
Violation: 72.000000
Violation: 697.000000
Violation: 361.000000
Violation: 229.000000
Violation: 121.000000
Violation: 249.000000
Violation: 58.000000
Violation: 70.000000
Violation: 176.000000
Violation: 640.000000
Violation: 624.000000
Violation: 141.000000
Violation: 627.000000
Violation: 973.000000
Violation: 544.000000
Violation: 124.000000
Violation: 1164.000000
Violation: 1861.000000
Violation: 833.000000
Violation: 50.000000
Violation: 308.000000
Violation: 294.000000
Violation: 387.000000
Violation: 1426.000000
Violation: 193.000000
Violation: 990.000000
Violation: 556.000000
Violation: 55.000000
Violation: 577.000000
Violation: 634.000000
Violation: 906.000000
Violation: 722.000000
Violation: 1289.000000
Violation: 486.000000
Violation: 351.000000
Violation: 781.000000
Violation: 68.000000
Violation: 891.000000
Violation: 150.000000
Violation: 556.000000
Violation: 331.000000
Violation: 753.000000
Violation: 879.000000
Violation: 830.000000
Violation: 335.000000
Violation: 502.000000
Violation: 929.000000
Violation: 946.000000
Violation: 100.000000
Violation: 343.000000
Violation: 22.000000
Violation: 1221.000000
Violation: 770.000000
Violation: 1649.000000
Violation: 270.000000
Violation: 531.000000
Violation: 271.000000
Violation: 644.000000
Violation: 165.000000
Violation: 17.000000
Violation: 399.000000
Violation: 2192.000000
Violation: 258.000000
Violation: 451.000000
Violation: 1156.000000
Violation: 2169.000000
Violation: 656.000000
Violation: 340.000000
Violation: 80.000000
Violation: 990.000000
Violation: 1061.000000
Violation: 302.000000
Violation: 214.000000
Violation: 764.000000
Violation: 420.000000
Violation: 571.000000
Violation: 659.000000
Violation: 640.000000
Violation: 1208.000000
Violation: 108.000000
Violation: 62.000000
Violation: 222.000000
Violation: 120.000000
Violation: 354.000000
Violation: 484.000000
Violation: 1751.000000
Violation: 605.000000
Violation: 937.000000
Violation: 138.000000
Violation: 374.000000
Violation: 1070.000000
Violation: 670.000000
Violation: 930.000000
Violation: 674.000000
Violation: 434.000000
Violation: 1258.000000
Violation: 132.000000
Violation: 738.000000
Violation: 618.000000
Violation: 298.000000
Violation: 1404.000000
Violation: 484.000000
Violation: 470.000000
Violation: 513.000000
Violation: 5.000000
Violation: 258.000000
Violation: 452.000000
Violation: 1302.000000
Violation: 358.000000
Violation: 122.000000
Violation: 646.000000
Violation: 47.000000
Violation: 561.000000
Violation: 313.000000
Violation: 958.000000
Violation: 808.000000
Violation: 17.000000
Violation: 166.000000
Violation: 28.000000
Violation: 215.000000
Violation: 74.000000
Violation: 176.000000
Violation: 747.000000
Violation: 193.000000
Violation: 520.000000
Violation: 789.000000
Violation: 906.000000
Violation: 617.000000
Violation: 499.000000
Violation: 18.000000
Violation: 388.000000
Violation: 907.000000
Violation: 1118.000000
Violation: 811.000000
Violation: 637.000000
Violation: 587.000000
Violation: 871.000000
2400 16
AQUIIII!!117 108 119 118 85 29 66 0 28 81 111 110 112 116 30 58 
AQUIIII!!27 36 108 47 110 116 86 32 119 118 85 66 117 111 112 26 
AQUIIII!!32 23 75 108 111 68 25 24 86 110 27 85 21 36 26 112 
AQUIIII!!31 115 114 29 30 41 49 81 33 85 58 38 39 28 40 113 
AQUIIII!!113 81 115 114 35 30 40 39 41 33 58 38 85 34 31 49 
AQUIIII!!115 114 88 113 38 34 42 40 58 43 35 41 1 49 81 39 
AQUIIII!!25 27 117 66 108 85 112 47 86 26 32 110 36 111 24 116 
AQUIIII!!119 32 85 66 118 111 110 116 117 36 108 0 81 86 112 27 
AQUIIII!!29 111 30 110 28 118 112 66 119 117 58 81 0 31 116 85 
AQUIIII!!26 112 27 66 85 47 117 36 110 25 32 86 116 111 108 24 
AQUIIII!!26 112 36 116 66 24 108 32 25 111 117 27 47 85 86 110 
AQUIIII!!23 25 68 110 111 112 24 116 86 75 36 85 32 27 26 108 
AQUIIII!!25 112 32 27 111 85 36 24 110 26 21 23 75 68 108 86 
AQUIIII!!116 29 33 117 0 81 119 58 85 31 66 118 30 111 28 112 
AQUIIII!!116 29 33 117 0 81 AQUIIII!!119 111 58 24 85 112 31 108 66 110 118 116 30 25 111 36 28 75 112 85 32 
86 68 26 23 AQUIIII!!27 25 
108 112 24 27 110 85 36 111 75 26 68 116 23 32 86 
AQUIIII!!116 29 33 117 0 81 119 58 85 31 66 118 30 111 28 112 
AQUIIII!!110 111 23 68 108 32 26 36 86 112 85 75 25 27 24 21 
AQUIIII!!21 86 26 108 24 75 68 85 36 32 112 111 25 110 27 23 
AQUIIII!!113 29 40 81 39 114 30 31 33 58 49 85 115 34 41 38 
AQUIIII!!108 112 25 68 32 111 21 86 75 110 23 24 26 36 85 27 
AQUIIII!!30 116 112 118 110 0 108 29 119 28 81 85 66 111 58 117 
AQUIIII!!49 113 115 114 43 42 88 35 5 58 1 34 81 41 39 40 
AQUIIII!!108 36 110 24 25 26 85 66 32 116 47 117 86 111 112 27 
AQUIIII!!36 27 21 24 112 23 108 26 32 110 68 85 86 75 111 25 
AQUIIII!!86 21 23 85 36 112 32 24 68 110 27 108 25 75 111 26 
AQUIIII!!28 29 116 112 110 30 118 119 66 117 111 58 85 81 0 108 
AQUIIII!!111 116 66 112 85 33 0 58 118 81 31 30 29 28 119 117 
AQUIIII!!110 111 23 68 108 32 26 36 86 112 85 75 25 27 24 21 
AQUIIII!!30 33 31 118 119 116 0 38 66 117 81 29 85 58 112 28 
AQUIIII!!113 29 40 81 39 114 30 31 33 58 49 85 115 34 41 38 
AQUIIII!!23 86 32 112 116 25 24 27 85 36 75 108 68 26 110 111 
AQUIIII!!0 28 112 81 85 29 118 119 33 30 58 111 117 66 116 31 
AQUIIII!!36 32 116 108 117 86 24 26 66 47 110 85 25 112 111 27 
AQUIIII!!36 32 116 108 117 86 24 26 66 47 110 85 25 112 111 27 
AQUIIII!!36 32 116 108 117 86 24 26 66 47 110 85 25 112 111 27 
AQUIIII!!36 32 116 108 117 86 24 26 66 47 110 85 25 112 111 27 
AQUIIII!!36 32 116 108 117 86 24 26 66 47 110 85 25 112 111 27 
AQUIIII!!25 112 32 27 111 85 36 24 110 26 21 23 75 68 108 86 
AQUIIII!!112 108 26 24 27 111 68 25 86 32 85 21 36 110 75 23 
AQUIIII!!112 108 26 24 27 111 68 25 86 32 85 21 36 110 75 23 
AQUIIII!!112 108 26 24 27 111 AQUIIII!!68 113 25 31 86 28 32 29 85 115 21 85 36 38 110 114 75 49 23 41 
81 33 40 39 30 58 
AQUIIII!!31 29 0 118 116 85 58 30 81 117 66 112 110 28 111 119 
AQUIIII!!0 29 66 118 117 31 58 112 119 38 81 85 33 28 116 30 
AQUIIII!!75 116 86 32 85 36 23 24 108 25 27 68 111 110 112 26 
AQUIIII!!75 116 86 32 85 36 23 24 108 25 27 68 111 110 112 26 
AQUIIII!!75 116 86 32 85 36 23 24 108 25 27 68 111 110 112 26 
AQUIIII!!112 111 23 108 24 36 27 68 116 75 85 86 26 32 110 25 
AQUIIII!!110 108 117 116 58 0 30 29 112 119 85 81 66 118 111 28 
AQUIIII!!111 112 119 66 27 86 110 0 118 32 81 85 36 108 117 116 
AQUIIII!!112 85 29 108 118 110 81 117 28 0 66 58 119 111 116 30 
AQUIIII!!23 25 68 110 111 112 24 116 86 75 36 85 32 27 26 108 
AQUIIII!!26 112 27 66 85 47 117 36 110 25 32 86 116 111 108 24 
AQUIIII!!112 26 27 108 119 86 85 118 110 32 117 47 36 111 116 66 
AQUIIII!!49 40 38 58 85 30 33 41 39 81 31 34 115 35 114 113 
AQUIIII!!116 31 0 66 38 30 119 112 58 85 33 117 28 29 118 81 
AQUIIII!!21 68 36 86 27 75 112 25 85 108 32 26 111 24 110 23 
AQUIIII!!21 68 36 86 27 75 112 25 85 108 32 26 111 24 110 23 
AQUIIII!!21 68 36 86 27 75 112 25 85 108 32 26 111 24 110 23 
AQUIIII!!21 68 36 86 27 75 112 25 85 108 32 26 111 24 110 23 
AQUIIII!!108 118 119 36 117 85 81 0 86 112 111 116 66 110 28 29 
AQUIIII!!26 111 110 20 24 86 85 108 75 23 68 25 27 32 36 21 
AQUIIII!!111 25 27 85 24 32 23 26 110 75 68 21 108 36 112 86 
AQUIIII!!66 47 36 86 116 85 117 111 24 110 108 112 25 26 32 27 
AQUIIII!!108 111 27 32 66 116 86 36 25 110 85 47 26 117 24 112 
AQUIIII!!111 25 27 85 24 32 23 26 110 75 68 21 108 36 112 86 
AQUIIII!!29 113 81 28 58 31 0 33 49 39 41 38 85 114 30 40 
AQUIIII!!23 25 68 110 111 112 24 116 86 75 36 85 32 27 26 108 
AQUIIII!!39 41 85 38 58 40 35 34 81 49 115 33 31 113 114 30 
AQUIIII!!39 41 85 38 58 40 35 34 81 49 115 33 31 113 114 30 
AQUIIII!!24 110 111 117 116 36 108 47 85 86 112 26 25 27 66 32 
AQUIIII!!31 115 114 29 30 41 49 81 33 85 58 38 39 28 40 113 
AQUIIII!!112 116 28 0 33 30 118 66 85 117 111 119 31 58 81 29 
AQUIIII!!116 81 36 118 117 0 28 29 110 108 119 85 66 86 112 111 
AQUIIII!!118 117 111 26 27 36 85 108 86 116 32 66 47 25 110 112 
AQUIIII!!29 113 81 28 58 31 0 33 49 39 41 38 85 114 30 40 
Number of Cuts in the second phase:1144
Number of repeat: 1017 
Violation: 600.000000
Violation: 432.000000
Violation: 266.000000
Violation: 779.000000
Violation: 321.000000
Violation: 1026.000000
Violation: 143.000000
Violation: 656.000000
Violation: 239.000000
Violation: 211.000000
Violation: 1258.000000
Violation: 1507.000000
Violation: 367.000000
Violation: 274.000000
Violation: 861.000000
Violation: 573.000000
Violation: 239.000000
Violation: 11.000000
Violation: 310.000000
Violation: 1134.000000
Violation: 234.000000
Violation: 133.000000
Violation: 630.000000
Violation: 278.000000
Violation: 1370.000000
Violation: 1231.000000
Violation: 397.000000
Violation: 126.000000
Violation: 617.000000
Violation: 531.000000
Violation: 1253.000000
Violation: 220.000000
Violation: 248.000000
Violation: 1154.000000
Violation: 25.000000
Violation: 1264.000000
Violation: 774.000000
Violation: 777.000000
Violation: 484.000000
Violation: 316.000000
Violation: 542.000000
Violation: 105.000000
Violation: 632.000000
Violation: 990.000000
Violation: 273.000000
Violation: 1300.000000
Violation: 975.000000
Violation: 146.000000
Violation: 826.000000
Violation: 685.000000
Violation: 293.000000
Violation: 218.000000
Violation: 838.000000
Violation: 636.000000
Violation: 441.000000
Violation: 22.000000
Violation: 1.000000
Violation: 641.000000
Violation: 755.000000
Violation: 453.000000
Violation: 517.000000
Violation: 229.000000
Violation: 383.000000
Violation: 468.000000
Violation: 1303.000000
Violation: 990.000000
Violation: 702.000000
Violation: 132.000000
Violation: 80.000000
Violation: 1358.000000
Violation: 373.000000
Violation: 140.000000
Violation: 151.000000
Violation: 328.000000
Violation: 1685.000000
Violation: 467.000000
Violation: 536.000000
Violation: 430.000000
Violation: 1061.000000
Violation: 460.000000
Violation: 718.000000
Violation: 350.000000
Violation: 518.000000
Violation: 1676.000000
Violation: 1621.000000
Violation: 1467.000000
Violation: 749.000000
Violation: 15.000000
Violation: 332.000000
Violation: 962.000000
Violation: 566.000000
Violation: 478.000000
Violation: 546.000000
Violation: 527.000000
Violation: 1014.000000
Violation: 221.000000
Violation: 350.000000
Violation: 1171.000000
Violation: 538.000000
Violation: 470.000000
Violation: 167.000000
Violation: 651.000000
Violation: 344.000000
Violation: 1358.000000
Violation: 363.000000
Violation: 576.000000
Violation: 866.000000
Violation: 189.000000
Violation: 645.000000
Violation: 1233.000000
Violation: 1580.000000
Violation: 1285.000000
Violation: 86.000000
Violation: 106.000000
Violation: 46.000000
Violation: 100.000000
Violation: 1546.000000
Violation: 246.000000
Violation: 1826.000000
Violation: 41.000000
Violation: 1010.000000
Violation: 5.000000
Violation: 1072.000000
Violation: 1005.000000
Violation: 577.000000
Violation: 1227.000000
Violation: 348.000000
took 9.037926

Warning: excessive time spent in model updates.
Consider calling update less frequently.

Optimize a model with 2033 rows, 5432 columns and 69704 nonzeros
Coefficient statistics:
  Matrix range     [1e+00, 1e+02]
  Objective range  [0e+00, 0e+00]
  Bounds range     [1e+00, 1e+02]
  RHS range        [1e+00, 9e+01]

Concurrent LP optimizer: dual simplex and barrier
Showing barrier log only...

Presolve removed 431 rows and 256 columns
Presolve time: 0.02s
Presolved: 1602 rows, 5176 columns, 58959 nonzeros

Ordering time: 0.00s

Barrier statistics:
 Dense cols : 52
 AA' NZ     : 3.870e+04
 Factor NZ  : 1.276e+05 (roughly 4 MBytes of memory)
 Factor Ops : 2.341e+07 (less than 1 second per iteration)
 Threads    : 3

                  Objective                Residual
Iter       Primal          Dual         Primal    Dual     Compl     Time
   0   0.00000000e+00 -5.86781250e+01  3.25e+03 0.00e+00  1.18e+00     0s
   1   0.00000000e+00 -1.47305071e+02  9.09e+02 1.45e-02  3.30e-01     0s
   2   0.00000000e+00 -1.52622744e+02  3.88e+02 1.13e-04  1.30e-01     0s
   3   0.00000000e+00 -9.57225166e+01  2.58e+01 6.94e-17  1.52e-02     0s
   4   0.00000000e+00 -3.98664343e+01  9.29e+00 2.26e-17  5.11e-03     0s
   5   0.00000000e+00 -1.84726817e+01  1.56e+00 1.04e-17  1.74e-03     0s
   6   0.00000000e+00 -1.43546900e+00  4.73e-13 3.47e-18  1.23e-04     0s
   7   0.00000000e+00 -1.43654903e-03  1.17e-12 8.63e-18  1.23e-07     0s
   8   0.00000000e+00 -1.43654903e-06  5.07e-12 8.68e-21  1.23e-10     0s
   9   0.00000000e+00 -1.44613140e-12  1.70e-12 8.58e-24  1.23e-16     0s

Barrier solved model in 9 iterations and 0.08 seconds
Optimal objective 0.00000000e+00

Crossover log...

    4997 PPushes remaining with PInf 0.0000000e+00                 0s
       0 PPushes remaining with PInf 0.0000000e+00                 0s

  Push phase complete: Pinf 0.0000000e+00, Dinf 0.0000000e+00      0s

Iteration    Objective       Primal Inf.    Dual Inf.      Time
    5000    0.0000000e+00   0.000000e+00   0.000000e+00      0s

Solved with dual simplex
Solved in 1141 iterations and 0.14 seconds
Optimal objective  0.000000000e+00
