j3017_4.mm_s2.txt
Academic license - for non-commercial use only
Read LP format model from file lp/j3017_4.mm.lp
Reading time = 0.00 seconds
: 351 rows, 906 columns, 9053 nonzeros
OKGPU
nThreads: 1024 , nBlocks: 12 
Number cuts generated in the phase 1: 6
Number of repeat: 1 
violation 490.000000
violation 749.000000
violation 702.000000
violation 738.000000
violation 428.000000
6996 16
AQUIIII!!53 7 10 3 18 17 2 6 44 20 27 23 22 4 21 19 
AQUIIII!!54 53 55 17 56 27 10 19 6 18 23 5 7 44 21 22 
AQUIIII!!AQUIIII!!55 53 53 54 54 55 10 22 5 17 22 9 56 21 44 10 56 23 44 23 8 19 18 8 18 17 27 AQUIIII!!27 9 6 21 19 54 
55 5 53 
22 27 7 56 18 21 10 23 5 44 17 19 
AQUIIII!!55 53 21 6 56 19 22 18 10 17 44 7 54 23 4 27 
AQUIIII!!8 23 15 AQUIIII!!21 26 40 55 33 33 26 16 9 15 0 9 56 21 5 0 54 5 16 56 52 23 53 8 55 40 
53 52 54 
AQUIIII!!5 15 9 8 26 56 33 1 23 52 16 0 55 53 40 54 
AQUIIII!!AQUIIII!!21 44 15 3 26 54 40 4 33 53 56 10 23 19 27 53 17 23 22 AQUIIII!!8 21 27 5 18 16 5 6 52 9 19 9 23 7 54 54 55 55 
56 
22 21 AQUIIII!!17 10 19 5 44 17 53 27 AQUIIII!!10 18 21 18 19 15 55 44 26 8 7 40 
22 33 56 56 23 19 54 53 21 23 6 53 8 55 5 
16 52 9 54 55 
AQUIIII!!10 5 17 27 18 19 44 7 22 56 23 54 21 6 53 55 
AQUIIII!!AQUIIII!!9 55 55 8 53 54 56 31 33 27 17 5 54 52 8 AQUIIII!!23 18 54 53 16 8 18 5 52 33 27 9 16 53 21 9 5 31 56 56 23 26 19 19 40 21 
21 
23 0 55 33 15 16 
AQUIIII!!5 53 54 55 8 9 40 21 26 23 52 AQUIIII!!15 52 33 9 16 53 56 54 0 33 
5 19 23 15 55 26 40 8 21 56 AQUIIII!!16 56 
8 53 9 54 55 22 21 10 44 5 19 17 23 18 27 
AQUIIII!!54 55 27 7 53 56 8 17 22 44 10 5 19 21 18 23 
AQUIIII!!56 19 5 31 23 16 52 27 21 8 18 53 55 33 54 9 AQUIIII!!
40 54 13 33 9 0 23 15 52 AQUIIII!!1 40 26 21 16 23 56 33 5 9 55 15 8 53 
19 56 26 5 8 16 52 55 54 
AQUIIII!!5 22 56 55 21 18 19 27 AQUIIII!!17 4 10 3 6 55 44 54 23 19 53 23 54 21 7 44 
27 17 22 18 AQUIIII!!6 5 10 44 7 23 53 19 
17 22 27 55 53 21 56 18 10 54 6 7 
AQUIIII!!9 54 15 26 33 23 19 8 16 55 40 52 AQUIIII!!8 56 21 40 53 5 55 53 26 
52 16 54 19 23 9 21 33 56 15 5 
AQUIIII!!54 53 21 56 5 7 10 27 8 18 55 19 44 22 17 23 
AQUIIII!!5 54 52 53 8 55 56 9 23 16 21 AQUIIII!!15 27 33 56 26 17 0 5 40 19 8 
53 16 21 33 23 31 18 55 54 9 
AQUIIII!!27 56 17 5 19 8 53 16 21 33 23 31 18 55 54 9 
AQUIIII!!21 27 23 54 44 17 5 10 9 18 22 19 56 8 53 55 
AQUIIII!!10 18 27 23 56 21 17 22 53 AQUIIII!!5 18 7 53 19 8 44 33 55 21 6 AQUIIII!!54 54 8 52 
53 19 55 27 1 33 56 5 5 52 23 54 16 31 23 16 40 15 9 0 55 26 
56 9 AQUIIII!!
10 18 27 23 56 21 17 22 53 5 7 19 AQUIIII!!44 18 55 53 6 8 54 33 
21 54 52 19 27 56 5 23 31 16 9 55 
AQUIIII!!33 21 56 15 5 16 9 8 26 AQUIIII!!19 23 23 16 40 27 54 5 52 33 53 19 55 18 
8 56 AQUIIII!!17 54 55 21 52 9 1 0 54 5 55 8 53 56 40 31 9 23 
16 15 33 13 26 
AQUIIII!!55 8 56 0 5 15 13 33 9 52 40 1 16 AQUIIII!!23 AQUIIII!!52 26 53 54 54 53 21 
55 23 15 56 16 33 33 26 18 21 40 27 19 17 9 16 8 8 19 23 5 31 
5 54 56 9 55 
AQUIIII!!55 8 53 5 31 21 23 9 17 33 18 56 16 27 54 19 
AQUIIII!!55 31 AQUIIII!!53 54 5 5 53 16 54 33 55 23 8 8 9 21 40 27 21 9 26 17 23 56 52 19 15 18 33 
16 56 0 
AQUIIII!!33 9 5 21 19 27 54 23 16 31 18 56 8 52 53 55 
AQUIIII!!33 9 5 21 19 27 54 23 16 31 18 AQUIIII!!56 9 8 55 52 22 8 53 10 55 18 
54 27 19 17 21 5 23 AQUIIII!!44 56 54 53 53 
55 23 19 18 6 21 56 22 7 44 17 27 5 10 
AQUIIII!!18 19 54 44 22 56 5 10 6 27 17 21 23 55 7 53 
AQUIIII!!23 1 26 33 13 5 15 16 0 56 52 8 40 55 54 9 
AQUIIII!!7 18 44 5 23 55 27 56 22 19 21 10 17 54 8 53 
AQUIIII!!33 8 40 0 15 5 23 16 26 21 54 53 52 56 55 9 
AQUIIII!!8 55 52 9 5 19 23 27 53 16 56 18 31 33 54 21 
AQUIIII!!54 8 53 16 56 1 5 55 23 AQUIIII!!0 AQUIIII!!15 56 23 55 9 54 21 26 55 53 40 53 31 52 15 33 18 9 
5 AQUIIII!!21 9 54 33 19 52 26 33 53 16 23 5 40 16 0 19 27 15 52 8 9 8 17 21 56 54 16 5 
56 
40 8 23 26 55 33 
AQUIIII!!53 52 9 54 56 15 26 16 23 33 21 5 55 40 0 8 
AQUIIII!!19 55 7 10 22 18 5 27 8 23 17 44 21 AQUIIII!!17 54 10 19 53 4 56 22 18 
44 3 21 23 54 53 55 7 6 27 
AQUIIII!!53 56 5 AQUIIII!!23 15 27 54 56 26 10 18 16 44 23 17 21 52 7 33 AQUIIII!!5 22 0 0 19 40 26 55 53 9 23 54 21 8 40 
8 1 55 9 
8 AQUIIII!!23 56 27 33 56 10 54 18 5 44 17 16 21 15 7 5 52 22 55 19 55 53 53 
54 8 
AQUIIII!!55 53 54 16 52 26 5 56 33 0 9 8 15 21 40 23 
AQUIIII!!55 53 7 6 17 18 21 23 10 22 56 19 5 27 54 44 
AQUIIII!!55 9 17 22 44 23 19 21 56 54 18 27 53 8 10 5 
AQUIIII!!19 9 27 52 53 33 18 31 23 16 5 21 54 56 8 55 
AQUIIII!!7 4 10 21 53 19 18 23 17 44 22 27 56 6 AQUIIII!!54 19 55 27 
8 17 44 56 21 18 10 9 23 5 22 55 54 53 
AQUIIII!!33 26 8 23 16 9 15 56 53 5 40 21 19 AQUIIII!!52 23 55 8 54 
53 56 21 10 44 22 17 18 5 27 55 19 9 54 
AQUIIII!!54 AQUIIII!!9 8 53 1 9 40 5 23 52 15 16 15 0 26 55 8 33 54 0 26 56 5 13 56 40 52 21 23 
55 16 33 
AQUIIII!!52 54 53 55 15 56 33 26 21 40 19 9 16 8 23 5 
AQUIIII!!54 9 55 1 8 52 23 33 15 53 5 0 40 56 26 16 
AQUIIII!!8 56 53 54 0 1 9 16 52 5 33 55 15 26 40 23 
AQUIIII!!55 9 21 56 8 53 AQUIIII!!54 9 16 8 33 54 31 53 52 26 19 56 5 16 23 1 18 40 27 23 
55 0 33 15 52 5 
AQUIIII!!56 8 22 18 19 27 55 44 54 23 21 17 10 5 53 9 
AQUIIII!!18 23 8 31 17 21 56 5 19 27 33 53 16 9 54 55 
AQUIIII!!18 10 17 53 19 6 27 44 56 22 5 21 23 55 7 54 
AQUIIII!!8 54 40 15 16 5 9 19 21 33 52 55 26 56 23 53 
AQUIIII!!9 55 18 17 27 8 53 21 23 56 5 16 54 33 31 19 
AQUIIII!!6 7 55 54 10 17 19 21 22 27 44 18 56 5 53 23 
AQUIIII!!23 27 21 10 18 44 5 17 56 7 6 22 19 53 54 55 
AQUIIII!!55 52 9 53 15 56 23 8 19 16 33 40 54 5 26 21 
AQUIIII!!55 54 9 27 16 33 5 18 19 17 56 53 23 21 8 31 
AQUIIII!!9 55 21 53 18 5 54 8 33 56 52 27 23 19 16 31 
AQUIIII!!16 0 40 23 15 1 54 56 52 9 5 26 33 55 8 53 
AQUIIII!!27 4 55 44 53 21 3 17 23 19 22 10 6 18 7 54 
AQUIIII!!53 55 52 26 0 15 23 21 54 8 16 5 9 33 56 40 
AQUIIII!!53 54 52 23 33 8 15 16 9 5 26 1 40 56 0 55 
AQUIIII!!53 54 56 7 19 10 5 22 44 17 55 18 8 21 27 23 
AQUIIII!!5 52 9 40 AQUIIII!!1 23 15 31 0 56 23 9 33 18 26 33 16 19 8 54 53 27 56 21 55 8 54 16 
52 53 55 5 
AQUIIII!!5 52 9 40 1 15 0 23 AQUIIII!!33 27 AQUIIII!!26 23 23 16 44 33 8 22 56 53 21 40 56 17 13 55 16 8 54 0 
18 15 10 8 56 54 5 26 19 52 7 1 5 53 9 55 55 54 

AQUIIII!!27 23 44 22 21 17 8 18 10 56 5 19 7 53 55 54 
AQUIIII!!27 23 44 22 21 17 8 18 10 56 5 19 7 53 55 54 
AQUIIII!!54 8 7 53 18 19 10 27 17 5 44 55 22 56 21 AQUIIII!!23 7 
54 6 55 22 19 5 17 53 10 27 18 56 23 21 44 
AQUIIII!!56 55 53 9 5 8 18 54 19 17 27 22 23 21 44 10 
AQUIIII!!5 53 54 52 21 19 33 26 15 23 55 16 56 8 40 9 
AQUIIII!!22 18 56 10 19 55 23 27 44 5 21 17 53 6 54 7 
AQUIIII!!5 23 AQUIIII!!27 22 18 18 33 56 52 10 53 19 31 55 23 19 27 16 44 56 5 55 54 21 21 17 53 8 6 9 
54 7 
AQUIIII!!16 40 5 21 15 8 26 0 9 56 23 53 33 55 52 54 
AQUIIII!!53 9 15 5 40 55 52 23 16 26 19 21 33 54 8 56 
AQUIIII!!44 3 4 22 27 17 10 53 19 18 6 23 54 55 7 21 
AQUIIII!!55 9 21 56 8 53 54 16 33 31 52 19 5 23 18 27 
AQUIIII!!8 55 23 33 16 21 15 52 40 5 56 0 26 9 54 53 
AQUIIII!!22 5 53 55 8 54 56 44 19 10 17 27 9 23 21 18 
AQUIIII!!55 9 AQUIIII!!23 8 4 31 17 54 18 23 33 18 19 44 5 21 20 16 10 53 56 3 27 2 52 
21 27 22 19 6 7 53 
AQUIIII!!55 54 52 8 15 0 40 16 53 5 56 23 26 9 33 1 
AQUIIII!!54 52 56 9 53 26 8 16 23 5 21 33 40 19 55 15 
AQUIIII!!44 5 55 54 53 6 19 22 27 10 56 7 21 18 17 23 
AQUIIII!!54 53 21 56 5 7 10 27 8 18 55 19 44 22 17 23 
AQUIIII!!18 44 54 27 22 23 19 5 53 17 8 10 56 21 55 9 
AQUIIII!!5 56 23 7 22 27 18 6 44 19 10 17 53 21 55 54 
AQUIIII!!8 54 17 22 23 27 44 56 19 21 53 5 9 55 18 10 
AQUIIII!!55 53 AQUIIII!!8 5 23 53 19 54 26 52 5 21 21 19 16 33 54 26 52 15 56 23 33 55 40 16 9 56 15 8 
40 9 
AQUIIII!!18 33 56 31 27 53 55 8 21 19 23 16 5 17 9 54 
AQUIIII!!56 16 40 15 8 0 1 13 23 26 33 9 54 5 55 52 
AQUIIII!!53 9 54 23 21 18 5 27 16 31 19 52 33 55 56 8 
AQUIIII!!33 26 19 8 56 52 55 16 5 23 15 40 21 54 53 9 
AQUIIII!!54 53 52 21 8 16 26 5 55 33 9 15 23 40 0 56 
AQUIIII!!52 55 54 16 21 9 31 5 23 53 33 18 19 27 56 8 
AQUIIII!!44 23 3 19 17 22 10 4 6 21 27 18 54 7 55 53 
AQUIIII!!44 23 3 19 17 22 10 4 6 21 27 18 54 7 55 53 
AQUIIII!!53 7 17 3 21 6 23 10 19 44 55 18 27 4 22 54 AQUIIII!!
8 54 44 17 23 27 18 55 19 9 22 53 10 56 5 21 
AQUIIII!!54 8 40 33 55 0 26 9 23 15 21 5 16 52 53 56 
AQUIIII!!40 1 33 52 26 23 55 56 16 0 15 8 5 9 AQUIIII!!54 53 53 52 9 
54 56 15 26 16 23 33 21 5 55 40 0 8 
AQUIIII!!40 1 33 52 26 23 55 56 16 0 15 8 5 9 54 53 
AQUIIII!!23 15 53 33 AQUIIII!!26 9 40 55 16 27 0 56 5 5 52 54 21 33 56 53 8 17 54 16 9 21 55 31 
8 19 18 23 
AQUIIII!!23 15 53 33 26 40 16 0 5 52 21 56 8 54 9 55 
AQUIIII!!23 15 53 33 26 40 16 0 5 52 AQUIIII!!21 18 19 56 10 8 44 54 22 9 7 55 17 
21 3 27 23 4 6 55 54 53 
AQUIIII!!18 19 10 44 22 7 17 21 3 27 23 4 6 55 54 53 
AQUIIII!!18 19 10 44 22 7 17 21 3 27 23 AQUIIII!!4 52 6 55 55 54 54 53 53 16 
18 27 56 AQUIIII!!33 53 31 55 52 19 23 26 0 8 15 9 23 21 21 5 54 
8 16 5 9 33 56 40 
AQUIIII!!40 26 54 9 19 33 52 21 23 56 5 15 16 8 53 55 
AQUIIII!!54 26 23 21 33 56 16 8 15 19 40 53 52 9 5 55 
AQUIIII!!54 26 23 21 33 56 16 8 15 19 40 53 52 9 5 55 
AQUIIII!!8 54 55 23 1 15 16 56 13 0 40 9 26 33 52 5 
AQUIIII!!55 53 7 6 17 18 21 23 10 22 56 19 5 27 54 44 
AQUIIII!!56 53 23 54 21 7 22 10 18 44 17 27 4 19 6 55 
AQUIIII!!54 53 23 8 55 9 33 27 17 16 56 18 21 31 5 19 
AQUIIII!!9 8 54 53 26 56 16 1 40 23 55 0 33 15 52 5 
AQUIIII!!17 27 56 9 5 23 18 31 21 53 16 33 19 8 55 54 
AQUIIII!!5 26 23 15 21 56 40 53 33 0 54 16 52 9 8 55 
AQUIIII!!55 8 54 31 27 5 52 23 53 18 33 16 9 56 19 21 
AQUIIII!!5 54 52 53 8 55 56 9 23 16 21 15 33 26 0 40 
AQUIIII!!52 5 26 33 23 9 21 40 16 0 15 55 53 8 56 54 
AQUIIII!!8 54 23 5 16 56 15 33 0 26 1 9 40 52 53 55 
AQUIIII!!53 8 23 54 52 16 15 26 5 33 9 40 56 55 21 19 
AQUIIII!!9 53 5 23 55 33 54 31 19 16 56 27 52 18 21 8 
Number of Cuts in the second phase:2377
Number of repeat: 2067 
Violation: 234.000000
Violation: 113.000000
Violation: 514.000000
Violation: 257.000000
Violation: 234.000000
Violation: 498.000000
Violation: 622.000000
Violation: 443.000000
Violation: 771.000000
Violation: 296.000000
Violation: 257.000000
Violation: 496.000000
Violation: 1106.000000
Violation: 498.000000
Violation: 621.000000
Violation: 404.000000
Violation: 342.000000
Violation: 179.000000
Violation: 998.000000
Violation: 311.000000
Violation: 296.000000
Violation: 1367.000000
Violation: 512.000000
Violation: 1137.000000
Violation: 1371.000000
Violation: 808.000000
Violation: 517.000000
Violation: 496.000000
Violation: 311.000000
Violation: 1247.000000
Violation: 1597.000000
Violation: 363.000000
Violation: 1042.000000
Violation: 625.000000
Violation: 1085.000000
Violation: 1484.000000
Violation: 247.000000
Violation: 594.000000
Violation: 934.000000
Violation: 108.000000
Violation: 113.000000
Violation: 870.000000
Violation: 347.000000
Violation: 1055.000000
Violation: 508.000000
Violation: 746.000000
Violation: 247.000000
Violation: 247.000000
Violation: 512.000000
Violation: 1000.000000
Violation: 1369.000000
Violation: 625.000000
Violation: 1222.000000
Violation: 972.000000
Violation: 1029.000000
Violation: 277.000000
Violation: 451.000000
Violation: 55.000000
Violation: 1008.000000
Violation: 669.000000
Violation: 476.000000
Violation: 106.000000
Violation: 257.000000
Violation: 745.000000
Violation: 770.000000
Violation: 247.000000
Violation: 127.000000
Violation: 944.000000
Violation: 396.000000
Violation: 171.000000
Violation: 611.000000
Violation: 804.000000
Violation: 512.000000
Violation: 443.000000
Violation: 635.000000
Violation: 1292.000000
Violation: 1234.000000
Violation: 1121.000000
Violation: 908.000000
Violation: 190.000000
Violation: 137.000000
Violation: 743.000000
Violation: 181.000000
Violation: 603.000000
Violation: 85.000000
Violation: 1484.000000
Violation: 71.000000
Violation: 859.000000
Violation: 496.000000
Violation: 625.000000
Violation: 921.000000
Violation: 292.000000
Violation: 106.000000
Violation: 748.000000
Violation: 1219.000000
Violation: 360.000000
Violation: 318.000000
Violation: 759.000000
Violation: 1060.000000
Violation: 139.000000
Violation: 771.000000
Violation: 537.000000
Violation: 85.000000
Violation: 746.000000
Violation: 531.000000
Violation: 677.000000
Violation: 1123.000000
Violation: 171.000000
Violation: 661.000000
Violation: 318.000000
Violation: 620.000000
Violation: 998.000000
Violation: 1173.000000
Violation: 972.000000
Violation: 1137.000000
Violation: 517.000000
Violation: 921.000000
Violation: 1371.000000
Violation: 433.000000
Violation: 113.000000
Violation: 371.000000
Violation: 609.000000
Violation: 311.000000
Violation: 691.000000
Violation: 617.000000
Violation: 283.000000
Violation: 471.000000
Violation: 1260.000000
Violation: 657.000000
Violation: 1433.000000
Violation: 85.000000
Violation: 245.000000
Violation: 353.000000
Violation: 996.000000
Violation: 530.000000
Violation: 393.000000
Violation: 804.000000
Violation: 1121.000000
Violation: 872.000000
Violation: 121.000000
Violation: 181.000000
Violation: 1137.000000
Violation: 707.000000
Violation: 826.000000
Violation: 1025.000000
Violation: 549.000000
Violation: 996.000000
Violation: 504.000000
Violation: 1226.000000
Violation: 179.000000
Violation: 198.000000
Violation: 253.000000
Violation: 1371.000000
Violation: 796.000000
Violation: 1384.000000
Violation: 1247.000000
Violation: 300.000000
Violation: 738.000000
Violation: 476.000000
Violation: 893.000000
Violation: 19.000000
Violation: 482.000000
Violation: 1371.000000
Violation: 767.000000
Violation: 23.000000
Violation: 283.000000
Violation: 121.000000
Violation: 317.000000
Violation: 1484.000000
Violation: 1234.000000
Violation: 599.000000
Violation: 498.000000
Violation: 434.000000
Violation: 179.000000
Violation: 560.000000
Violation: 1181.000000
Violation: 818.000000
Violation: 456.000000
Violation: 491.000000
Violation: 1255.000000
Violation: 1242.000000
Violation: 683.000000
Violation: 710.000000
Violation: 757.000000
Violation: 801.000000
Violation: 234.000000
Violation: 260.000000
Violation: 1117.000000
Violation: 1316.000000
Violation: 972.000000
Violation: 1135.000000
Violation: 983.000000
Violation: 936.000000
Violation: 179.000000
Violation: 731.000000
Violation: 685.000000
Violation: 543.000000
Violation: 49.000000
Violation: 599.000000
Violation: 687.000000
Violation: 743.000000
Violation: 1495.000000
Violation: 363.000000
Violation: 573.000000
Violation: 426.000000
Violation: 1052.000000
Violation: 1121.000000
Violation: 219.000000
Violation: 514.000000
Violation: 360.000000
Violation: 851.000000
Violation: 1001.000000
Violation: 509.000000
Violation: 106.000000
Violation: 1131.000000
Violation: 755.000000
Violation: 390.000000
Violation: 163.000000
Violation: 1230.000000
Violation: 979.000000
Violation: 261.000000
Violation: 1281.000000
Violation: 808.000000
Violation: 1889.000000
Violation: 60.000000
Violation: 438.000000
Violation: 738.000000
Violation: 633.000000
Violation: 1621.000000
Violation: 248.000000
Violation: 1294.000000
Violation: 1510.000000
Violation: 488.000000
Violation: 411.000000
Violation: 277.000000
Violation: 621.000000
Violation: 118.000000
Violation: 47.000000
Violation: 2135.000000
Violation: 137.000000
Violation: 980.000000
Violation: 277.000000
Violation: 425.000000
Violation: 599.000000
Violation: 309.000000
Violation: 808.000000
Violation: 611.000000
Violation: 925.000000
Violation: 1680.000000
Violation: 1917.000000
Violation: 260.000000
Violation: 988.000000
Violation: 201.000000
Violation: 1433.000000
Violation: 324.000000
Violation: 1109.000000
Violation: 121.000000
Violation: 1285.000000
Violation: 759.000000
Violation: 1006.000000
Violation: 198.000000
Violation: 389.000000
Violation: 316.000000
Violation: 256.000000
Violation: 1038.000000
Violation: 1856.000000
Violation: 118.000000
Violation: 746.000000
Violation: 859.000000
Violation: 611.000000
Violation: 479.000000
Violation: 153.000000
Violation: 983.000000
Violation: 496.000000
Violation: 1125.000000
Violation: 556.000000
Violation: 123.000000
Violation: 603.000000
Violation: 996.000000
Violation: 793.000000
Violation: 371.000000
Violation: 311.000000
Violation: 813.000000
Violation: 743.000000
Violation: 70.000000
Violation: 1391.000000
Violation: 1506.000000
Violation: 345.000000
Violation: 635.000000
Violation: 1366.000000
Violation: 632.000000
Violation: 1109.000000
Violation: 172.000000
Violation: 1382.000000
Violation: 1623.000000
Violation: 490.000000
Violation: 102.000000
Violation: 1224.000000
Violation: 440.000000
Violation: 710.000000
Violation: 743.000000
Violation: 1250.000000
Violation: 1381.000000
Violation: 967.000000
Violation: 484.000000
Violation: 627.000000
Violation: 1621.000000
Violation: 495.000000
Violation: 955.000000
Violation: 123.000000
took 2.632237
Optimize a model with 679 rows, 906 columns and 10807 nonzeros
Coefficient statistics:
  Matrix range     [1e+00, 4e+01]
  Objective range  [0e+00, 0e+00]
  Bounds range     [1e+00, 4e+01]
  RHS range        [1e+00, 1e+02]
Presolve removed 446 rows and 110 columns
Presolve time: 0.00s
Presolved: 233 rows, 796 columns, 8410 nonzeros

Iteration    Objective       Primal Inf.    Dual Inf.      Time
       0    0.0000000e+00   4.408044e+01   0.000000e+00      0s
     111    0.0000000e+00   0.000000e+00   0.000000e+00      0s

Solved in 111 iterations and 0.01 seconds
Optimal objective  0.000000000e+00
