A-4.txt_s2.txt
Academic license - for non-commercial use only
Read LP format model from file lp/A-4.txt.lp
Reading time = 0.05 seconds
: 961 rows, 10797 columns, 131727 nonzeros
OKGPU
nThreads: 1024 , nBlocks: 12 
Number cuts generated in the phase 1: 12
Number of repeat: 1 
violation 263.000000
violation 199.000000
violation 174.000000
violation 174.000000
violation 104.000000
violation 45.000000
violation 336.000000
violation 308.000000
violation 773.000000
violation 50.000000
violation 559.000000
6996 16
AQUIIII!!142 AQUIIII!!64 142 120 89 8 114 7 136 136 9 114 7 8 139 137 137 6 75 61 64 89 61 6 134 134 139 135 120 
9 75 135 
AQUIIII!!142 87 136 89 AQUIIII!!29 142 6 5 100 86 18 134 20 135 87 7 86 64 89 88 19 20 6 139 21 29 
134 64 21 100 88 139 
AQUIIII!!142 88 64 21 139 61 86 89 136 134 8 6 75 29 135 7 
AQUIIII!!6 139 64 7 29 89 100 20 134 87 18 19 86 21 88 142 
AQUIIII!!64 139 88 29 89 6 86 100 134 87 21 AQUIIII!!20 139 18 114 19 7 7 136 142 135 
9 120 89 6 64 61 75 134 137 8 142 
AQUIIII!!87 86 88 135 64 134 21 100 29 7 139 19 6 89 20 AQUIIII!!142 29 
134 5 139 86 87 6 89 88 18 19 21 100 20 64 142 
AQUIIII!!142 139 55 18 5 96 86 134 144 20 88 21 78 64 29 AQUIIII!!139 19 114 
7 136 135 9 120 89 6 64 61 75 134 137 8 142 
AQUIIII!!134 29 75 88 6 135 136 8 61 AQUIIII!!139 88 86 134 89 61 21 86 7 6 64 29 142 8 
64 135 7 75 136 139 137 89 142 
AQUIIII!!64 144 96 78 29 139 86 88 19 AQUIIII!!21 142 55 87 20 134 134 7 5 89 18 64 6 142 
29 139 21 88 19 AQUIIII!!20 136 100 6 135 8 86 
119 7 114 10 61 75 9 89 120 135 0 137 142 
AQUIIII!!6 75 7 120 135 AQUIIII!!136 6 9 134 119 75 8 136 137 7 0 8 61 114 29 88 10 89 21 142 64 
135 61 89 86 139 142 
AQUIIII!!134 AQUIIII!!135 88 75 AQUIIII!!29 139 139 20 8 7 89 21 6 61 19 89 6 7 135 64 134 AQUIIII!!AQUIIII!!88 29 135 135 88 7 21 89 61 136 29 29 6 86 100 20 136 139 137 135 6 136 86 88 114 86 86 142 100 137 87 87 
87 8 134 134 64 89 120 100 142 139 10 64 
64 6 142 7 7 
20 139 19 75 89 21 9 64 142 142 

AQUIIII!!6 AQUIIII!!7 18 142 100 136 87 61 64 134 135 139 21 75 88 120 19 8 89 89 137 10 139 9 20 114 AQUIIII!!64 6 142 
29 136 86 137 7 64 142 61 
7 89 120 9 6 8 114 135 10 75 139 
AQUIIII!!137 75 89 88 64 86 61 134 139 135 7 136 29 8 6 142 
AQUIIII!!142 61 136 7 6 88 75 86 139 135 8 AQUIIII!!29 142 87 64 21 18 134 5 89 134 29 
86 88 64 19 21 100 89 6 139 20 
AQUIIII!!142 64 135 21 100 20 89 136 87 6 134 139 7 86 88 AQUIIII!!29 139 
88 134 135 29 6 64 20 87 86 89 21 100 136 142 7 
AQUIIII!!139 134 86 135 19 88 87 21 6 100 7 29 64 20 89 142 
AQUIIII!!5 19 AQUIIII!!88 10 18 114 86 7 20 120 64 135 21 8 87 75 89 89 6 0 139 137 61 29 100 119 6 134 142 9 136 
142 
AQUIIII!!20 21 18 100 29 6 19 139 87 89 134 5 88 86 64 142 
AQUIIII!!75 6 134 86 137 61 139 136 135 29 8 64 89 88 7 142 
AQUIIII!!144 21 20 19 88 139 78 29 5 96 86 134 55 64 18 142 
AQUIIII!!142 AQUIIII!!75 89 7 6 139 10 21 61 9 89 120 19 114 86 7 137 64 136 88 135 100 64 6 8 139 20 
18 134 29 87 142 
AQUIIII!!29 87 18 20 139 89 100 21 86 7 88 64 134 19 6 142 
AQUIIII!!142 89 139 88 29 7 64 136 61 8 134 75 6 137 86 135 
AQUIIII!!137 0 75 89 8 9 6 7 135 136 119 10 61 114 120 142 
AQUIIII!!21 55 78 18 20 96 19 88 86 64 29 139 134 142 144 5 
AQUIIII!!139 136 120 135 137 114 64 89 9 6 10 7 61 75 8 142 
AQUIIII!!89 136 29 64 8 7 88 86 134 139 137 61 75 142 135 6 
AQUIIII!!142 19 29 20 88 AQUIIII!!87 88 21 78 139 55 AQUIIII!!6 96 86 142 139 89 61 88 29 64 86 100 144 6 134 64 7 21 20 135 64 86 
135 21 139 18 8 134 89 136 5 7 19 29 142 134 
75 
AQUIIII!!64 6 75 120 9 114 139 89 137 136 135 7 134 61 8 142 
AQUIIII!!134 139 86 88 64 100 20 19 18 7 29 87 6 89 21 142 
AQUIIII!!136 75 139 134 AQUIIII!!135 142 61 139 7 134 9 100 137 20 89 135 8 87 6 6 64 88 120 29 114 89 142 86 7 
19 64 21 
AQUIIII!!142 78 139 21 19 64 88 5 20 144 96 86 29 55 18 134 
AQUIIII!!142 29 89 19 139 18 88 86 100 134 64 20 6 21 5 87 
AQUIIII!!139 61 7 137 10 64 89 6 75 8 120 9 114 136 135 142 
AQUIIII!!55 64 144 18 19 88 5 134 29 21 78 86 139 20 96 142 
AQUIIII!!142 20 134 6 29 139 5 89 64 87 100 19 88 21 86 18 
AQUIIII!!64 86 139 135 100 88 134 136 29 7 89 6 21 87 20 142 
AQUIIII!!135 0 8 7 114 136 61 10 119 89 6 75 137 9 120 142 
AQUIIII!!75 139 89 61 64 114 6 8 120 135 134 136 142 9 7 137 
AQUIIII!!142 6 135 89 120 114 119 137 7 136 8 9 75 10 0 61 
AQUIIII!!142 87 100 29 64 139 134 6 20 21 5 18 89 19 86 88 
AQUIIII!!142 96 86 88 20 18 139 5 19 55 21 64 134 78 29 144 
AQUIIII!!9 139 75 114 89 137 136 64 61 6 120 7 135 8 10 142 
AQUIIII!!136 134 89 9 120 139 61 6 135 75 7 8 114 137 64 142 
AQUIIII!!100 87 29 5 88 19 86 21 134 20 64 6 18 89 139 142 
AQUIIII!!142 64 100 139 18 87 7 21 20 89 29 86 19 134 6 88 
AQUIIII!!89 7 75 137 139 8 136 135 134 61 88 64 29 AQUIIII!!86 137 6 139 142 89 
120 7 8 135 64 9 10 114 6 136 75 61 142 
AQUIIII!!86 6 87 7 89 136 100 21 20 64 135 88 134 29 139 142 
AQUIIII!!89 88 64 61 75 139 135 136 134 6 29 7 86 142 8 137 
AQUIIII!!6 88 135 29 8 86 21 75 61 136 64 89 139 134 7 142 
AQUIIII!!100 86 6 88 87 21 89 19 134 18 20 29 5 64 139 142 
AQUIIII!!142 AQUIIII!!61 86 142 134 134 8 87 88 88 136 139 7 86 6 89 89 100 137 6 135 139 29 64 19 29 135 75 7 
64 20 21 
AQUIIII!!20 6 87 64 88 100 21 86 18 134 19 7 139 29 89 142 
AQUIIII!!139 86 144 19 64 134 55 88 21 96 18 5 20 78 29 142 
AQUIIII!!61 7 114 75 136 10 9 8 135 137 89 6 120 0 119 142 
AQUIIII!!134 64 20 86 89 6 100 87 135 7 29 136 88 139 21 142 
AQUIIII!!139 64 8 7 10 61 120 137 89 75 9 135 6 136 114 142 
AQUIIII!!21 6 75 89 8 88 64 134 139 135 29 86 61 136 7 142 
AQUIIII!!75 139 9 8 136 61 114 137 120 6 64 7 10 135 89 142 
AQUIIII!!21 6 75 89 8 88 64 134 139 135 29 86 61 136 7 142 
AQUIIII!!142 96 86 18 20 5 78 29 19 55 139 64 144 21 88 134 
AQUIIII!!21 20 134 86 89 88 100 135 136 29 87 6 7 64 139 142 
AQUIIII!!142 134 88 75 137 64 29 7 136 86 139 135 89 61 6 8 
AQUIIII!!64 29 88 139 75 136 6 137 134 135 61 7 89 8 86 142 
AQUIIII!!142 64 136 139 86 20 134 88 135 29 100 7 89 21 87 6 
AQUIIII!!142 6 134 75 7 135 8 120 9 114 139 64 89 137 61 136 
AQUIIII!!142 6 21 100 134 20 86 135 136 64 88 89 139 87 7 29 
AQUIIII!!142 7 87 29 64 139 20 18 134 19 21 100 6 88 89 86 
AQUIIII!!137 61 64 8 10 6 120 139 75 7 89 135 136 114 9 142 
AQUIIII!!9 8 135 10 137 61 136 0 7 6 114 89 119 120 75 142 
AQUIIII!!7 119 136 61 135 137 120 9 75 89 6 8 10 114 0 142 
AQUIIII!!142 135 134 20 21 86 19 89 7 64 6 100 88 87 29 139 
AQUIIII!!142 134 7 21 29 86 100 135 20 87 89 139 64 19 6 88 
AQUIIII!!142 87 20 7 139 135 86 6 64 100 136 134 89 21 29 88 
AQUIIII!!136 75 61 0 120 119 89 8 6 9 135 137 10 7 114 142 
AQUIIII!!142 55 19 134 88 21 29 139 86 5 18 96 78 20 144 64 
AQUIIII!!142 64 87 135 19 6 20 7 139 134 86 21 89 29 100 88 
AQUIIII!!142 120 6 64 139 137 134 89 61 135 8 9 136 7 114 75 
AQUIIII!!142 136 9 75 6 8 89 114 10 7 139 61 137 135 64 120 
AQUIIII!!142 89 7 137 75 114 120 136 135 139 61 9 64 8 6 10 
AQUIIII!!139 61 135 21 29 75 6 8 64 88 136 7 89 134 86 142 
AQUIIII!!137 6 135 7 119 89 61 8 0 9 114 136 120 10 75 142 
AQUIIII!!142 19 18 21 96 86 20 29 144 5 134 88 AQUIIII!!142 78 135 64 114 55 6 139 136 
7 10 64 61 75 139 8 120 9 137 89 
AQUIIII!!142 19 20 29 89 21 139 87 6 64 86 18 134 7 88 100 
AQUIIII!!142 88 6 19 89 100 134 135 29 7 86 21 139 87 64 20 
AQUIIII!!142 134 120 6 137 114 9 139 64 8 7 75 136 89 61 135 
AQUIIII!!142 88 18 64 19 144 134 5 139 96 55 86 29 78 21 20 
AQUIIII!!142 100 19 20 88 21 89 87 7 86 6 134 29 18 139 64 
AQUIIII!!142 29 6 7 89 139 21 86 75 136 88 135 134 64 8 61 
AQUIIII!!142 6 19 20 139 7 21 134 88 87 86 89 64 29 100 18 
AQUIIII!!61 86 8 137 89 75 136 88 6 29 7 139 64 134 135 142 
AQUIIII!!142 136 86 88 75 61 7 8 135 21 29 89 64 6 134 139 
AQUIIII!!142 144 134 5 55 19 18 29 21 64 86 20 96 88 139 78 
AQUIIII!!142 144 134 5 55 19 18 29 21 64 86 20 96 88 139 78 
AQUIIII!!142 100 88 64 21 135 86 6 20 134 139 29 87 7 136 89 
AQUIIII!!142 87 21 134 64 139 89 7 19 88 100 20 135 6 29 86 
AQUIIII!!142 144 55 19 64 96 21 134 29 78 139 86 20 18 5 88 
AQUIIII!!142 144 55 19 64 96 21 134 29 78 139 86 20 18 5 88 
AQUIIII!!142 7 114 137 75 136 64 6 134 9 61 139 8 89 120 135 
AQUIIII!!142 6 137 64 139 61 8 114 7 120 9 89 10 136 75 135 
AQUIIII!!142 120 137 8 64 9 7 114 6 10 139 75 135 89 136 61 
AQUIIII!!142 20 87 89 135 134 29 64 139 19 88 6 7 100 21 86 
Number of Cuts in the second phase:1615
Number of repeat: 1528 
Violation: 1357.000000
Violation: 1182.000000
Violation: 591.000000
Violation: 51.000000
Violation: 305.000000
Violation: 289.000000
Violation: 107.000000
Violation: 87.000000
Violation: 94.000000
Violation: 1487.000000
Violation: 182.000000
Violation: 364.000000
Violation: 508.000000
Violation: 135.000000
Violation: 279.000000
Violation: 254.000000
Violation: 174.000000
Violation: 158.000000
Violation: 325.000000
Violation: 610.000000
Violation: 165.000000
Violation: 438.000000
Violation: 17.000000
Violation: 813.000000
Violation: 546.000000
Violation: 12.000000
Violation: 135.000000
Violation: 192.000000
Violation: 249.000000
Violation: 407.000000
Violation: 180.000000
Violation: 1188.000000
Violation: 8.000000
Violation: 3.000000
Violation: 15.000000
Violation: 180.000000
Violation: 178.000000
Violation: 976.000000
Violation: 151.000000
Violation: 136.000000
Violation: 508.000000
Violation: 864.000000
Violation: 642.000000
Violation: 203.000000
Violation: 172.000000
Violation: 1319.000000
Violation: 170.000000
Violation: 229.000000
Violation: 16.000000
Violation: 168.000000
Violation: 30.000000
Violation: 8.000000
Violation: 619.000000
Violation: 1172.000000
Violation: 90.000000
Violation: 744.000000
Violation: 1168.000000
Violation: 97.000000
Violation: 48.000000
Violation: 38.000000
Violation: 378.000000
Violation: 36.000000
Violation: 198.000000
Violation: 407.000000
Violation: 441.000000
Violation: 581.000000
Violation: 455.000000
Violation: 158.000000
Violation: 1172.000000
Violation: 591.000000
Violation: 438.000000
Violation: 263.000000
Violation: 175.000000
Violation: 167.000000
Violation: 594.000000
Violation: 3.000000
Violation: 33.000000
Violation: 94.000000
Violation: 123.000000
Violation: 165.000000
Violation: 25.000000
Violation: 420.000000
Violation: 295.000000
Violation: 155.000000
Violation: 487.000000
Violation: 734.000000
Violation: 776.000000
took 9.923879
Optimize a model with 1107 rows, 10797 columns and 132946 nonzeros
Coefficient statistics:
  Matrix range     [1e-05, 9e+01]
  Objective range  [0e+00, 0e+00]
  Bounds range     [1e+00, 2e+09]
  RHS range        [1e+00, 6e+01]
Warning: Model contains large bounds
         Consider reformulating model or setting NumericFocus parameter
         to avoid numerical issues.

Concurrent LP optimizer: dual simplex and barrier
Showing barrier log only...

Presolve removed 151 rows and 420 columns
Presolve time: 0.05s
Presolved: 956 rows, 10377 columns, 125450 nonzeros

Ordering time: 0.00s

Barrier statistics:
 AA' NZ     : 5.272e+04
 Factor NZ  : 9.286e+04 (roughly 5 MBytes of memory)
 Factor Ops : 1.113e+07 (less than 1 second per iteration)
 Threads    : 3

                  Objective                Residual
Iter       Primal          Dual         Primal    Dual     Compl     Time
   0   0.00000000e+00 -2.68716634e+07  7.25e+09 0.00e+00  1.25e+06     0s
   1   0.00000000e+00 -4.40419487e+06  2.57e+09 6.46e-03  4.43e+05     0s
   2   0.00000000e+00 -2.02668259e+05  4.88e+08 1.11e-16  8.50e+04     0s
   3   0.00000000e+00 -1.42727081e+03  3.15e+04 1.25e-16  5.56e+00     0s
   4   0.00000000e+00 -1.14389911e+03  2.35e+04 2.74e-06  3.99e+00     0s
   5   0.00000000e+00 -1.18004038e+03  1.13e+04 2.88e-05  2.20e+00     0s
   6   0.00000000e+00 -1.09334311e+03  9.44e+03 2.13e-05  1.77e+00     0s
   7   0.00000000e+00 -8.44732543e+02  3.23e+03 1.78e-15  6.28e-01     0s
   8   0.00000000e+00 -8.10113104e+02  2.15e+03 3.55e-15  4.29e-01     0s
   9   0.00000000e+00 -6.16080900e+02  1.07e+03 1.78e-15  2.16e-01     0s
  10   0.00000000e+00 -3.41835997e+02  3.63e+02 1.78e-15  7.55e-02     0s
  11   0.00000000e+00 -1.75401560e+02  1.16e+02 1.14e-15  2.62e-02     0s
  12   0.00000000e+00 -7.22216928e+01  3.24e+01 8.88e-16  8.07e-03     0s

Barrier performed 12 iterations in 0.12 seconds
Barrier solve interrupted - model solved by another algorithm


Solved with dual simplex
Solved in 611 iterations and 0.12 seconds
Optimal objective  0.000000000e+00
