j3017_4.mm_s0.txt
Academic license - for non-commercial use only
Read LP format model from file lp/j3017_4.mm.lp
Reading time = 0.01 seconds
: 351 rows, 906 columns, 9053 nonzeros
OKGPU
nThreads: 1024 , nBlocks: 12 
Number cuts generated in the phase 1: 13
Number of repeat: 0 
violation 714.000000
violation 695.000000
violation 185.000000
violation 585.000000
violation 236.000000
violation 674.000000
violation 674.000000
violation 782.000000
violation 423.000000
violation 27.000000
violation 198.000000
violation 402.000000
violation 750.000000
8592 16
34 23 22 51 51 20 49 17 50 3 26 
20 36 29 8 23 31 6 3 36 49 37 16 7 
19 
AQUIIII!!52 7 18 20 36 AQUIIII!!19 49 22 54 44 36 57 6 53 19 50 34 8 33 41 8 23 3 58 7 34 20 
29 18 51 23 37 
AQUIIII!!8 52 53 AQUIIII!!41 51 50 22 54 57 8 44 20 18 37 34 49 36 33 58 3 20 34 19 29 7 19 23 7 
23 18 6 36 
AQUIIII!!4 33 51 26 9 16 17 36 37 23 43 10 48 5 AQUIIII!!49 16 54 23 
8 6 3 51 AQUIIII!!49 36 26 50 36 18 34 52 7 34 31 8 17 6 43 7 48 41 54 19 
22 44 3 20 23 54 
AQUIIII!!AQUIIII!!54 23 49 50 5 51 34 16 19 37 44 23 10 36 4 7 17 18 36 48 8 43 26 58 33 57 9 
53 22 20 52 41 
AQUIIII!!54 17 6 18 49 7 26 48 31 36 23 34 3 AQUIIII!!29 51 51 8 49 
17 8 31 3 26 23 7 AQUIIII!!36 54 49 6 5 34 51 16 48 37 23 16 10 4 43 17 36 54 48 
43 26 33 9 
AQUIIII!!54 17 26 6 49 AQUIIII!!9 34 51 10 31 16 AQUIIII!!17 3 7 31 3 33 19 26 48 3 AQUIIII!!23 7 36 49 36 43 36 29 
22 AQUIIII!!49 23 11 8 29 8 18 23 51 33 20 36 8 37 19 18 6 36 57 3 23 34 34 34 20 18 58 52 18 38 48 50 51 41 54 22 6 AQUIIII!!50 
54 19 20 44 
41 18 52 7 33 53 20 49 8 44 29 
6 36 54 7 AQUIIII!!
54 3 10 23 31 48 19 23 6 8 33 16 6 3 43 37 49 51 26 51 34 36 7 54 17 

AQUIIII!!8 23 AQUIIII!!26 36 8 18 6 23 3 3 34 36 52 7 31 50 43 22 51 19 34 41 16 AQUIIII!!17 7 49 20 54 48 44 36 54 6 
29 54 
18 6 8 AQUIIII!!49 3 54 AQUIIII!!31 26 54 7 18 36 17 20 23 AQUIIII!!51 37 54 16 23 49 31 26 43 49 7 48 3 51 9 34 5 6 51 
10 23 33 17 AQUIIII!!36 43 17 54 51 26 23 6 34 3 31 3 33 48 48 49 19 36 3 48 8 16 49 29 31 33 17 
10 9 34 23 
43 
6 8 36 51 7 26 16 
AQUIIII!!7 52 19 57 44 36 23 53 22 18 41 58 34 20 50 8 
AQUIIII!!48 9 49 3 54 6 17 16 31 43 51 10 33 23 26 36 
AQUIIII!!7 43 36 49 31 33 6 23 10 17 3 26 16 51 48 54 
AQUIIII!!10 3 23 33 5 43 36 48 17 AQUIIII!!9 29 16 36 49 34 31 8 AQUIIII!!26 51 26 31 26 34 3 6 54 48 7 
18 17 6 31 7 16 17 36 23 43 49 54 51 51 54 49 
8 23 48 3 AQUIIII!!
36 50 44 6 7 19 41 20 3 8 18 22 51 34 23 54 
AQUIIII!!54 31 36 8 49 7 3 6 51 29 34 23 48 33 19 18 
AQUIIII!!49 17 51 43 10 33 16 31 36 9 6 26 23 48 3 54 
AQUIIII!!8 6 3 49 34 23 36 26 17 7 51 48 29 31 18 54 
AQUIIII!!54 31 34 26 43 23 16 17 8 49 36 7 48 51 3 6 
AQUIIII!!37 59 38 45 33 56 15 14 13 25 21 34 55 12 47 0 
AQUIIII!!54 26 17 36 18 51 3 6 7 29 23 34 49 AQUIIII!!48 54 31 48 8 
16 23 37 49 5 10 17 AQUIIII!!4 54 9 23 26 19 51 6 43 49 36 33 33 8 
34 31 51 36 18 29 7 48 3 
AQUIIII!!53 8 50 58 18 19 38 52 44 36 11 20 41 57 22 34 
AQUIIII!!54 48 16 23 37 49 5 10 17 4 9 26 51 43 36 33 
AQUIIII!!54 17 9 37 43 51 23 33 4 5 26 36 49 48 10 16 
AQUIIII!!49 54 9 33 51 16 48 23 17 4 26 10 37 43 36 5 
AQUIIII!!3 23 6 34 49 43 48 16 36 17 31 26 7 8 54 51 
AQUIIII!!17 31 48 26 43 7 36 51 16 23 49 6 3 10 33 54 
AQUIIII!!44 52 41 8 19 22 20 7 3 36 23 18 6 50 34 54 
AQUIIII!!34 18 57 41 23 19 50 AQUIIII!!44 47 20 0 59 22 37 6 14 36 45 34 53 56 7 12 13 8 38 21 52 25 
33 15 55 
AQUIIII!!53 8 44 38 AQUIIII!!36 17 50 19 43 41 36 58 11 16 52 22 49 20 33 34 18 6 57 10 
31 51 26 23 48 3 54 9 
AQUIIII!!43 10 5 17 16 33 36 AQUIIII!!9 34 23 23 31 26 3 AQUIIII!!48 49 31 7 48 34 36 26 18 6 33 51 29 7 54 31 29 
51 19 8 49 17 48 49 6 18 51 3 54 8 
23 3 36 54 
AQUIIII!!54 44 19 36 50 3 41 34 6 8 22 AQUIIII!!18 31 52 43 7 51 23 7 20 23 
10 48 36 26 17 6 49 16 33 3 54 
AQUIIII!!54 48 5 9 10 23 33 43 16 AQUIIII!!36 54 37 51 51 AQUIIII!!10 17 54 17 26 43 36 4 17 3 49 48 18 
31 31 5 51 9 29 49 23 36 6 26 26 16 49 23 7 33 48 AQUIIII!!
8 9 34 54 3 43 
10 51 26 49 5 23 48 16 36 4 37 33 17 
AQUIIII!!54 51 10 17 43 3 48 31 5 9 49 36 26 16 23 33 
AQUIIII!!41 3 22 6 20 51 34 50 18 7 8 23 36 44 19 54 
AQUIIII!!54 33 49 31 48 43 3 36 16 7 23 6 10 17 26 51 
AQUIIII!!3 48 49 18 8 34 36 29 7 19 6 31 33 23 51 54 AQUIIII!!
49 36 51 34 26 43 31 8 7 AQUIIII!!23 43 6 16 AQUIIII!!17 26 53 48 36 19 3 33 22 16 31 57 54 6 20 
7 50 48 58 23 8 49 34 51 23 17 44 10 36 3 18 54 41 
52 7 
AQUIIII!!37 51 AQUIIII!!36 23 26 9 20 17 5 7 49 18 48 43 41 23 16 3 33 19 4 10 36 54 8 
34 44 6 22 50 54 52 
AQUIIII!!7 26 51 48 3 49 36 6 31 18 29 34 23 8 17 54 
AQUIIII!!51 54 8 3 33 20 19 18 34 36 49 7 6 29 23 37 
AQUIIII!!49 54 3 18 51 29 34 7 36 48 19 31 6 23 8 33 
AQUIIII!!26 AQUIIII!!43 49 31 16 48 17 23 23 51 48 9 5 16 4 49 33 37 3 26 5 36 10 10 17 51 33 9 36 43 54 54 

AQUIIII!!54 33 49 23 10 17 31 6 7 36 3 AQUIIII!!16 51 51 54 26 23 43 49 48 26 
36 17 5 37 4 16 33 10 48 9 43 AQUIIII!!
54 6 3 23 10 31 48 49 33 16 9 51 26 17 43 36 
AQUIIII!!23 36 48 49 31 26 16 43 51 17 9 33 10 AQUIIII!!3 48 54 43 6 16 
3 9 31 26 23 5 36 49 33 51 10 17 54 
AQUIIII!!51 7 6 22 8 3 50 36 18 19 41 AQUIIII!!34 48 20 33 23 17 44 36 54 43 
23 6 26 AQUIIII!!10 49 48 10 31 17 7 36 3 4 16 9 54 37 51 49 
51 16 26 33 5 AQUIIII!!48 23 49 43 23 7 54 34 
18 29 36 17 51 8 3 AQUIIII!!31 54 6 37 26 34 54 
51 6 33 3 7 23 20 8 29 36 18 49 19 
AQUIIII!!54 48 26 36 43 23 51 49 17 16 33 3 5 31 9 10 AQUIIII!!
54 6 36 23 18 19 3 34 51 7 29 31 33 48 AQUIIII!!51 49 54 8 17 6 
10 49 16 48 43 3 31 26 33 23 36 9 
AQUIIII!!54 20 6 34 3 19 18 52 7 8 41 44 50 23 22 36 
AQUIIII!!41 36 44 20 19 3 22 18 34 50 23 7 AQUIIII!!53 3 52 49 54 6 29 8 8 
36 18 7 6 17 48 34 51 31 23 26 
AQUIIII!!3 18 33 49 7 23 51 29 8 34 20 37 36 6 19 AQUIIII!!54 7 
52 23 18 36 8 34 3 54 22 44 19 50 6 41 20 
AQUIIII!!54 10 43 51 49 4 16 9 26 17 48 37 33 23 36 5 
AQUIIII!!23 43 26 48 49 34 31 16 8 3 36 AQUIIII!!6 36 17 7 23 51 51 54 8 
6 31 49 18 34 33 7 19 3 48 29 54 
AQUIIII!!29 17 34 36 26 8 23 48 6 18 31 3 49 7 51 54 
AQUIIII!!7 50 36 23 18 41 34 8 22 44 20 3 6 AQUIIII!!52 8 19 48 54 23 
17 18 36 34 51 7 29 49 3 31 6 26 54 
AQUIIII!!54 49 51 17 26 43 31 9 3 23 5 33 48 36 16 10 AQUIIII!!
54 16 33 48 37 23 5 51 10 AQUIIII!!26 33 4 16 17 49 36 51 9 43 5 49 43 23 37 
10 4 9 36 17 26 48 54 
AQUIIII!!9 54 17 51 36 49 5 16 43 26 4 33 23 37 10 48 
AQUIIII!!51 54 31 9 36 10 26 33 23 16 49 5 43 3 17 48 
AQUIIII!!36 6 33 43 51 31 16 48 26 49 10 23 3 17 9 54 
AQUIIII!!8 20 34 44 50 23 18 6 22 57 19 53 36 41 52 7 
AQUIIII!!51 54 48 26 23 36 9 3 31 10 33 5 43 17 16 49 
AQUIIII!!54 29 36 23 3 26 48 8 51 49 AQUIIII!!17 48 31 54 7 23 49 34 18 6 33 6 36 
34 19 18 29 51 3 8 31 7 
AQUIIII!!54 29 18 31 51 17 3 23 8 26 48 36 34 7 6 49 
AQUIIII!!54 7 8 18 6 36 23 22 41 34 44 19 51 3 50 20 
AQUIIII!!43 AQUIIII!!54 31 51 23 9 31 43 33 36 6 36 49 3 48 33 3 9 26 26 10 23 16 48 49 17 5 
17 16 10 51 54 
AQUIIII!!54 49 18 36 26 3 6 23 51 17 31 8 48 7 34 AQUIIII!!29 7 AQUIIII!!8 
54 49 49 6 9 19 48 34 33 3 6 18 3 AQUIIII!!16 33 31 51 54 36 37 49 23 23 31 43 20 3 10 29 26 19 36 51 6 54 17 34 

AQUIIII!!8 17 23 23 29 49 7 43 36 33 26 33 18 3 16 51 48 48 6 
51 7 10 31 36 54 
AQUIIII!!54 49 9 48 33 6 3 16 31 36 AQUIIII!!23 53 43 52 10 3 26 41 51 22 17 8 
34 19 36 23 20 7 18 44 6 50 
AQUIIII!!54 4 AQUIIII!!26 19 10 7 48 6 50 17 34 9 20 33 22 43 18 53 5 36 37 41 23 44 51 57 23 36 52 16 8 49 AQUIIII!!

8 6 36 34 33 48 19 29 49 18 7 23 31 3 54 51 
AQUIIII!!31 17 36 6 8 26 18 3 48 23 49 34 7 29 51 AQUIIII!!54 
44 6 19 41 20 50 3 22 36 23 18 34 8 52 7 53 
AQUIIII!!20 33 51 23 29 19 3 7 49 34 18 37 6 8 36 54 
AQUIIII!!3 36 6 31 10 16 43 51 48 33 23 26 17 9 49 54 
AQUIIII!!54 48 26 17 31 9 3 23 6 49 43 51 33 10 16 36 
AQUIIII!!54 33 16 3 36 23 10 9 51 49 5 AQUIIII!!17 54 31 8 43 16 26 34 48 51 
26 48 6 31 7 17 49 23 36 3 43 
AQUIIII!!54 51 22 44 7 19 41 6 8 34 18 20 50 23 36 3 
AQUIIII!!54 41 8 20 50 36 7 22 44 23 19 34 3 6 18 52 
AQUIIII!!54 17 6 43 9 10 AQUIIII!!33 54 3 34 49 18 31 8 16 23 26 29 36 20 48 36 51 49 23 3 
33 19 51 37 7 6 
AQUIIII!!AQUIIII!!23 3 10 23 16 33 43 31 36 3 AQUIIII!!16 49 23 10 26 34 9 51 51 51 48 26 49 17 33 49 9 8 6 33 18 43 36 17 48 5 48 36 54 31 31 
54 29 
19 AQUIIII!!AQUIIII!!6 23 3 54 7 7 3 18 54 7 8 
20 6 36 6 23 34 34 22 29 19 31 49 36 17 52 51 3 18 41 26 44 8 50 48 
54 
AQUIIII!!17 16 48 9 26 36 31 10 5 3 23 51 33 49 43 54 AQUIIII!!
54 34 33 31 8 51 29 36 18 49 48 3 23 19 6 7 
AQUIIII!!54 49 51 17 26 43 31 9 3 23 5 33 48 36 16 10 
AQUIIII!!54 49 51 AQUIIII!!17 6 26 3 43 31 48 9 26 3 49 23 16 5 31 33 51 48 43 36 16 7 10 23 
8 36 34 17 54 AQUIIII!!
20 58 53 11 13 34 AQUIIII!!32 43 57 26 22 6 52 38 3 12 49 33 8 36 17 50 31 0 16 
34 51 48 23 36 7 54 
AQUIIII!!54 3 31 6 36 26 7 49 51 10 16 43 33 48 17 23 
AQUIIII!!54 48 6 36 18 33 23 8 31 34 3 49 7 51 19 29 
AQUIIII!!54 48 7 16 33 AQUIIII!!49 36 54 49 33 51 7 43 19 3 37 23 23 6 20 18 26 31 51 34 10 3 17 36 
29 6 8 
AQUIIII!!54 48 6 36 18 33 23 8 31 34 3 49 7 51 19 29 
AQUIIII!!54 AQUIIII!!48 52 7 7 16 8 33 18 36 41 49 19 51 20 43 23 3 34 23 22 6 53 26 50 31 44 10 58 17 36 
57 
AQUIIII!!3 17 23 49 6 36 48 AQUIIII!!31 54 10 19 26 18 16 51 43 37 33 8 AQUIIII!!51 36 44 54 6 23 9 29 8 
7 51 49 6 AQUIIII!!23 3 48 20 22 31 3 34 18 34 41 51 33 7 49 
36 33 18 50 34 19 29 AQUIIII!!20 36 3 54 23 17 
3 23 7 49 8 6 6 36 19 48 54 31 
10 26 16 43 33 51 54 9 
AQUIIII!!49 8 33 7 18 37 AQUIIII!!19 54 3 33 51 23 20 48 29 10 AQUIIII!!16 23 36 51 6 23 17 43 34 6 49 26 36 9 43 33 54 36 10 
26 3 31 49 16 7 17 31 51 AQUIIII!!
6 54 54 48 48 23 3 
33 49 18 31 8 19 51 7 6 29 AQUIIII!!3 54 34 48 36 43 
17 5 3 9 23 10 49 33 51 31 16 36 26 
AQUIIII!!54 48 23 33 49 18 31 8 19 51 7 6 29 3 34 36 
AQUIIII!!3 36 48 7 23 43 51 26 16 8 49 31 17 34 6 AQUIIII!!54 51 
54 26 17 43 6 48 10 9 31 23 16 49 33 3 36 
AQUIIII!!54 20 7 23 36 52 18 34 44 22 19 6 50 8 41 3 
AQUIIII!!54 8 31 29 51 7 3 17 49 26 AQUIIII!!36 0 18 47 6 12 48 15 23 55 34 
11 13 34 21 33 45 38 14 25 37 56 
AQUIIII!!49 54 5 36 17 16 9 37 10 48 33 23 4 51 43 26 
AQUIIII!!AQUIIII!!51 48 23 54 17 26 48 43 36 36 33 7 26 17 5 23 43 10 4 16 37 6 49 3 10 33 9 51 AQUIIII!!16 49 54 54 31 37 
26 
4 5 10 36 49 43 51 23 48 9 17 16 33 
AQUIIII!!54 8 AQUIIII!!36 49 34 41 8 6 3 18 3 36 50 23 44 26 20 52 29 7 18 22 AQUIIII!!19 31 48 23 6 
36 34 23 17 49 48 43 54 51 51 3 7 6 
9 16 10 17 31 26 33 54 
AQUIIII!!36 50 3 44 34 18 41 22 23 19 6 7 20 53 8 AQUIIII!!52 36 
33 49 18 7 3 6 8 31 51 19 29 23 34 48 54 
AQUIIII!!54 8 7 33 36 34 3 37 18 51 23 29 49 6 19 20 
AQUIIII!!54 22 23 50 6 18 52 36 8 34 AQUIIII!!7 23 41 18 49 3 19 44 3 20 7 19 34 
6 33 8 48 51 31 29 36 54 
AQUIIII!!3 48 49 18 8 34 36 29 AQUIIII!!7 54 19 8 6 23 31 51 33 7 23 29 51 36 54 18 
6 3 48 19 31 33 49 34 
AQUIIII!!54 43 AQUIIII!!49 48 36 43 9 36 10 33 17 51 33 26 23 5 51 4 26 23 48 49 3 9 6 37 31 10 16 17 
16 54 
AQUIIII!!54 17 AQUIIII!!34 7 49 53 18 23 31 52 7 36 8 6 29 23 20 44 3 48 19 6 18 51 50 36 3 26 41 
8 34 22 
AQUIIII!!36 53 19 57 41 22 18 34 11 8 50 44 38 20 58 52 
AQUIIII!!17 31 54 10 26 6 33 16 51 43 7 36 23 3 49 48 
AQUIIII!!54 36 18 29 26 31 7 51 49 3 48 23 34 6 17 8 
AQUIIII!!53 22 18 AQUIIII!!54 41 49 57 18 23 23 48 6 34 34 6 3 51 8 26 36 31 17 50 36 44 7 29 20 8 19 
7 52 
AQUIIII!!5 10 48 49 31 17 43 16 3 23 51 33 36 9 26 54 
AQUIIII!!54 44 8 36 6 23 34 52 22 20 3 50 41 7 18 19 
AQUIIII!!34 31 16 23 36 26 49 17 3 48 6 43 7 51 8 54 
AQUIIII!!34 31 16 23 36 26 49 17 3 48 6 43 7 51 8 54 
AQUIIII!!49 3 26 17 33 31 36 16 6 23 43 10 9 48 51 54 
AQUIIII!!20 51 7 8 3 36 18 33 37 29 49 34 6 23 19 54 
AQUIIII!!6 3 34 7 23 36 18 44 20 AQUIIII!!22 26 19 49 50 52 8 8 36 41 6 54 
48 17 23 43 31 7 AQUIIII!!8 51 54 34 16 51 17 34 49 29 3 7 18 54 36 
23 6 3 26 31 48 
AQUIIII!!54 41 6 52 20 22 3 34 23 7 36 44 AQUIIII!!19 18 54 8 31 50 49 
51 34 36 18 29 8 23 19 48 6 3 33 7 
AQUIIII!!48 54 7 6 16 36 10 3 33 26 23 43 51 31 17 49 
AQUIIII!!6 8 7 54 34 26 3 31 49 36 18 48 17 23 29 51 
AQUIIII!!4 23 17 10 5 36 37 43 48 49 16 33 9 51 26 54 
AQUIIII!!17 23 33 43 48 49 36 6 51 10 3 9 26 16 31 54 
AQUIIII!!52 7 50 34 57 19 23 22 53 20 36 8 44 58 41 18 
AQUIIII!!33 17 16 49 48 9 26 3 5 31 23 10 51 36 43 54 
AQUIIII!!54 43 26 51 48 49 5 10 36 33 37 23 4 17 9 16 
AQUIIII!!18 41 50 22 57 19 20 36 52 58 34 23 7 44 8 53 
AQUIIII!!AQUIIII!!9 17 36 10 49 17 3 10 31 9 16 23 43 51 48 49 33 3 43 26 51 36 6 5 16 48 54 31 
33 26 23 54 
AQUIIII!!54 36 17 33 43 26 31 9 51 3 16 6 48 10 49 23 
AQUIIII!!3 44 41 22 19 34 7 36 52 20 50 8 23 18 6 54 
AQUIIII!!7 53 52 6 20 34 19 41 36 44 18 50 3 8 23 22 
AQUIIII!!19 6 18 36 29 20 51 3 33 7 49 8 37 34 23 54 
AQUIIII!!51 49 23 33 36 10 31 5 17 26 16 3 48 43 9 54 
AQUIIII!!17 18 23 48 36 49 7 51 31 8 34 26 3 29 6 54 
AQUIIII!!54 36 8 18 3 7 22 6 52 23 20 44 34 41 50 19 
AQUIIII!!34 18 36 7 3 22 6 52 50 20 23 41 8 19 44 54 
AQUIIII!!48 54 36 7 17 49 6 51 3 16 31 26 8 43 23 34 
AQUIIII!!3 22 19 44 41 6 34 51 23 18 20 7 50 36 54 8 
AQUIIII!!7 8 19 44 36 51 22 20 34 23 3 50 41 18 6 54 
AQUIIII!!49 54 26 43 10 33 36 51 31 48 16 9 3 17 6 23 
AQUIIII!!34 58 37 55 45 38 25 12 33 21 13 11 14 15 47 0 
Number of Cuts in the second phase:4106
Number of repeat: 3648 
Violation: 499.000000
Violation: 92.000000
Violation: 278.000000
Violation: 293.000000
Violation: 1.000000
Violation: 585.000000
Violation: 770.000000
Violation: 284.000000
Violation: 293.000000
Violation: 348.000000
Violation: 586.000000
Violation: 1000.000000
Violation: 399.000000
Violation: 212.000000
Violation: 571.000000
Violation: 500.000000
Violation: 1176.000000
Violation: 570.000000
Violation: 1000.000000
Violation: 491.000000
Violation: 154.000000
Violation: 1176.000000
Violation: 293.000000
Violation: 176.000000
Violation: 196.000000
Violation: 185.000000
Violation: 176.000000
Violation: 428.000000
Violation: 5.000000
Violation: 216.000000
Violation: 570.000000
Violation: 104.000000
Violation: 345.000000
Violation: 428.000000
Violation: 93.000000
Violation: 399.000000
Violation: 674.000000
Violation: 573.000000
Violation: 103.000000
Violation: 584.000000
Violation: 592.000000
Violation: 184.000000
Violation: 348.000000
Violation: 485.000000
Violation: 92.000000
Violation: 608.000000
Violation: 293.000000
Violation: 586.000000
Violation: 606.000000
Violation: 142.000000
Violation: 252.000000
Violation: 641.000000
Violation: 212.000000
Violation: 608.000000
Violation: 92.000000
Violation: 765.000000
Violation: 360.000000
Violation: 76.000000
Violation: 1282.000000
Violation: 390.000000
Violation: 482.000000
Violation: 269.000000
Violation: 804.000000
Violation: 296.000000
Violation: 1269.000000
Violation: 564.000000
Violation: 384.000000
Violation: 500.000000
Violation: 157.000000
Violation: 571.000000
Violation: 468.000000
Violation: 142.000000
Violation: 798.000000
Violation: 199.000000
Violation: 271.000000
Violation: 952.000000
Violation: 696.000000
Violation: 543.000000
Violation: 388.000000
Violation: 315.000000
Violation: 437.000000
Violation: 388.000000
Violation: 1284.000000
Violation: 690.000000
Violation: 1268.000000
Violation: 402.000000
Violation: 296.000000
Violation: 80.000000
Violation: 182.000000
Violation: 459.000000
Violation: 641.000000
Violation: 1282.000000
Violation: 233.000000
Violation: 654.000000
Violation: 1268.000000
Violation: 686.000000
Violation: 278.000000
Violation: 298.000000
Violation: 104.000000
Violation: 674.000000
Violation: 94.000000
Violation: 348.000000
Violation: 492.000000
Violation: 597.000000
Violation: 390.000000
Violation: 378.000000
Violation: 862.000000
Violation: 419.000000
Violation: 1575.000000
Violation: 998.000000
Violation: 305.000000
Violation: 610.000000
Violation: 13.000000
Violation: 418.000000
Violation: 189.000000
Violation: 250.000000
Violation: 686.000000
Violation: 686.000000
Violation: 239.000000
Violation: 98.000000
Violation: 1170.000000
Violation: 193.000000
Violation: 820.000000
Violation: 250.000000
Violation: 528.000000
Violation: 210.000000
Violation: 550.000000
Violation: 234.000000
Violation: 371.000000
Violation: 1.000000
Violation: 628.000000
Violation: 74.000000
Violation: 674.000000
Violation: 302.000000
Violation: 1361.000000
Violation: 406.000000
Violation: 224.000000
Violation: 55.000000
Violation: 372.000000
Violation: 570.000000
Violation: 407.000000
Violation: 103.000000
Violation: 359.000000
Violation: 577.000000
Violation: 538.000000
Violation: 305.000000
Violation: 248.000000
Violation: 124.000000
Violation: 385.000000
Violation: 602.000000
Violation: 65.000000
Violation: 848.000000
Violation: 308.000000
Violation: 315.000000
Violation: 1296.000000
Violation: 654.000000
Violation: 103.000000
Violation: 571.000000
Violation: 304.000000
Violation: 218.000000
Violation: 198.000000
Violation: 794.000000
Violation: 989.000000
Violation: 268.000000
Violation: 989.000000
Violation: 679.000000
Violation: 492.000000
Violation: 1466.000000
Violation: 258.000000
Violation: 573.000000
Violation: 409.000000
Violation: 842.000000
Violation: 635.000000
Violation: 262.000000
Violation: 88.000000
Violation: 194.000000
Violation: 582.000000
Violation: 680.000000
Violation: 636.000000
Violation: 673.000000
Violation: 908.000000
Violation: 856.000000
Violation: 312.000000
Violation: 528.000000
Violation: 109.000000
Violation: 218.000000
Violation: 313.000000
Violation: 594.000000
Violation: 696.000000
Violation: 249.000000
Violation: 1064.000000
Violation: 308.000000
Violation: 452.000000
Violation: 989.000000
Violation: 488.000000
Violation: 696.000000
Violation: 689.000000
Violation: 459.000000
Violation: 494.000000
Violation: 386.000000
Violation: 103.000000
Violation: 1022.000000
Violation: 303.000000
Violation: 1097.000000
Violation: 530.000000
Violation: 341.000000
Violation: 121.000000
Violation: 1136.000000
Violation: 92.000000
Violation: 249.000000
Violation: 369.000000
Violation: 969.000000
Violation: 642.000000
Violation: 783.000000
Violation: 551.000000
Violation: 638.000000
Violation: 145.000000
Violation: 530.000000
Violation: 390.000000
Violation: 820.000000
Violation: 185.000000
Violation: 268.000000
Violation: 661.000000
Violation: 355.000000
Violation: 294.000000
Violation: 269.000000
Violation: 672.000000
Violation: 176.000000
Violation: 360.000000
Violation: 785.000000
Violation: 888.000000
Violation: 419.000000
Violation: 449.000000
Violation: 220.000000
Violation: 503.000000
Violation: 168.000000
Violation: 417.000000
Violation: 199.000000
Violation: 91.000000
Violation: 641.000000
Violation: 748.000000
Violation: 207.000000
Violation: 279.000000
Violation: 93.000000
Violation: 696.000000
Violation: 686.000000
Violation: 321.000000
Violation: 888.000000
Violation: 107.000000
Violation: 291.000000
Violation: 557.000000
Violation: 1370.000000
Violation: 194.000000
Violation: 989.000000
Violation: 570.000000
Violation: 752.000000
Violation: 788.000000
Violation: 472.000000
Violation: 571.000000
Violation: 575.000000
Violation: 331.000000
Violation: 142.000000
Violation: 65.000000
Violation: 378.000000
Violation: 593.000000
Violation: 67.000000
Violation: 460.000000
Violation: 964.000000
Violation: 298.000000
Violation: 984.000000
Violation: 678.000000
Violation: 1689.000000
Violation: 389.000000
Violation: 146.000000
Violation: 908.000000
Violation: 406.000000
Violation: 384.000000
Violation: 991.000000
Violation: 852.000000
Violation: 273.000000
Violation: 791.000000
Violation: 587.000000
Violation: 672.000000
Violation: 780.000000
Violation: 480.000000
Violation: 764.000000
Violation: 268.000000
Violation: 572.000000
Violation: 1290.000000
Violation: 750.000000
Violation: 1022.000000
Violation: 550.000000
Violation: 1146.000000
Violation: 132.000000
Violation: 315.000000
Violation: 1480.000000
Violation: 124.000000
Violation: 573.000000
Violation: 344.000000
Violation: 93.000000
Violation: 695.000000
Violation: 608.000000
Violation: 630.000000
Violation: 866.000000
Violation: 610.000000
Violation: 336.000000
Violation: 323.000000
Violation: 198.000000
Violation: 184.000000
Violation: 573.000000
Violation: 370.000000
Violation: 305.000000
Violation: 1.000000
Violation: 646.000000
Violation: 1064.000000
Violation: 340.000000
Violation: 260.000000
Violation: 22.000000
Violation: 986.000000
Violation: 568.000000
Violation: 631.000000
Violation: 348.000000
Violation: 271.000000
Violation: 1262.000000
Violation: 562.000000
Violation: 673.000000
Violation: 695.000000
Violation: 388.000000
Violation: 954.000000
Violation: 20.000000
Violation: 146.000000
Violation: 296.000000
Violation: 527.000000
Violation: 1074.000000
Violation: 470.000000
Violation: 399.000000
Violation: 771.000000
Violation: 577.000000
Violation: 305.000000
Violation: 994.000000
Violation: 290.000000
Violation: 68.000000
Violation: 466.000000
Violation: 874.000000
Violation: 646.000000
Violation: 778.000000
Violation: 313.000000
Violation: 1011.000000
Violation: 676.000000
Violation: 1022.000000
Violation: 198.000000
Violation: 572.000000
Violation: 642.000000
Violation: 1076.000000
Violation: 196.000000
Violation: 696.000000
Violation: 604.000000
Violation: 1082.000000
Violation: 124.000000
Violation: 1097.000000
Violation: 296.000000
Violation: 630.000000
Violation: 324.000000
Violation: 302.000000
Violation: 674.000000
Violation: 1022.000000
Violation: 1667.000000
Violation: 574.000000
Violation: 208.000000
Violation: 752.000000
Violation: 830.000000
Violation: 91.000000
Violation: 878.000000
Violation: 974.000000
Violation: 358.000000
Violation: 552.000000
Violation: 570.000000
Violation: 149.000000
Violation: 750.000000
Violation: 778.000000
Violation: 185.000000
Violation: 92.000000
Violation: 934.000000
Violation: 1282.000000
Violation: 265.000000
Violation: 115.000000
Violation: 1144.000000
Violation: 369.000000
Violation: 269.000000
Violation: 854.000000
Violation: 459.000000
Violation: 280.000000
Violation: 733.000000
Violation: 315.000000
Violation: 1545.000000
Violation: 130.000000
Violation: 739.000000
Violation: 400.000000
Violation: 605.000000
Violation: 145.000000
Violation: 733.000000
Violation: 487.000000
Violation: 312.000000
Violation: 1505.000000
Violation: 684.000000
Violation: 794.000000
Violation: 570.000000
Violation: 158.000000
Violation: 778.000000
Violation: 701.000000
Violation: 22.000000
Violation: 459.000000
Violation: 566.000000
Violation: 638.000000
Violation: 958.000000
Violation: 820.000000
Violation: 265.000000
Violation: 663.000000
Violation: 472.000000
Violation: 305.000000
Violation: 283.000000
Violation: 386.000000
Violation: 344.000000
Violation: 273.000000
Violation: 653.000000
Violation: 567.000000
Violation: 276.000000
Violation: 480.000000
Violation: 98.000000
Violation: 372.000000
Violation: 173.000000
Violation: 388.000000
Violation: 639.000000
Violation: 239.000000
Violation: 689.000000
Violation: 708.000000
Violation: 448.000000
Violation: 213.000000
Violation: 361.000000
Violation: 174.000000
Violation: 249.000000
Violation: 124.000000
Violation: 820.000000
Violation: 249.000000
Violation: 280.000000
Violation: 127.000000
Violation: 53.000000
Violation: 195.000000
Violation: 1652.000000
Violation: 418.000000
Violation: 667.000000
Violation: 1472.000000
Violation: 582.000000
Violation: 127.000000
Violation: 187.000000
Violation: 304.000000
Violation: 1668.000000
Violation: 430.000000
408 16
AQUIIII!!43 5 16 26 48 9 37 17 51 36 33 4 49 AQUIIII!!23 49 10 33 54 3 
31 36 10 23 48 9 43 26 16 6 51 17 54 
AQUIIII!!54 16 17 33 49 26 51 37 5 9 10 4 43 48 23 36 
AQUIIII!!51 6 36 33 10 23 48 43 31 26 49 3 16 9 17 54 
AQUIIII!!53 7 52 20 57 41 8 6 44 36 34 50 19 23 22 18 
AQUIIII!!53 52 8 34 20 18 7 41 22 58 19 36 57 50 44 23 
AQUIIII!!51 26 17 16 33 9 43 10 31 5 23 48 49 3 36 54 
AQUIIII!!3 34 23 19 29 6 37 36 20 18 51 33 49 8 7 54 
AQUIIII!!49 54 51 43 36 9 4 23 5 16 33 26 10 17 37 48 
AQUIIII!!49 54 51 43 36 9 4 23 5 16 33 26 10 17 37 48 
AQUIIII!!3 19 50 7 22 18 6 23 41 20 44 36 34 53 8 52 
AQUIIII!!20 36 44 34 7 6 22 50 8 23 3 52 41 18 19 54 
AQUIIII!!54 49 33 16 36 48 9 3 26 31 51 23 17 10 43 5 
Number of Cuts in the second phase:187
Number of repeat: 179 
Violation: 412.000000
Violation: 208.000000
Violation: 440.000000
Violation: 1315.000000
Violation: 312.000000
Violation: 1370.000000
Violation: 120.000000
Violation: 260.000000
took 4.172562
Optimize a model with 836 rows, 906 columns and 11781 nonzeros
Coefficient statistics:
  Matrix range     [1e+00, 4e+01]
  Objective range  [0e+00, 0e+00]
  Bounds range     [1e+00, 4e+01]
  RHS range        [1e+00, 1e+02]
Presolve removed 563 rows and 115 columns
Presolve time: 0.00s
Presolved: 273 rows, 791 columns, 8514 nonzeros

Iteration    Objective       Primal Inf.    Dual Inf.      Time
       0    0.0000000e+00   4.716969e+01   0.000000e+00      0s
     151    0.0000000e+00   0.000000e+00   0.000000e+00      0s

Solved in 151 iterations and 0.01 seconds
Optimal objective  0.000000000e+00
