j309_10.mm_s4.txt
Academic license - for non-commercial use only
Read LP format model from file lp/j309_10.mm.lp
Reading time = 0.01 seconds
: 324 rows, 605 columns, 5465 nonzeros
OKGPU
nThreads: 1024 , nBlocks: 12 
Number cuts generated in the phase 1: 11
Number of repeat: 0 
violation 160.000000
violation 65.000000
violation 127.000000
violation 648.000000
violation 17.000000
violation 17.000000
violation 277.000000
violation 482.000000
violation 147.000000
violation 144.000000
violation 13.000000
4992 16
AQUIIII!!104 19 0 10 48 5 18 108 39 69 41 103 AQUIIII!!43 104 2 19 1 10 29 0 
108 18 43 103 1 41 2 5 69 29 39 48 
AQUIIII!!104 110 20 108 29 43 39 69 16 19 10 103 34 41 18 5 
AQUIIII!!104 108 5 20 73 19 16 82 18 17 10 110 43 29 80 34 
AQUIIII!!16 17 19 34 108 20 73 43 5 10 29 82 18 80 110 104 
AQUIIII!!19 48 5 108 29 43 18 110 41 39 AQUIIII!!103 69 69 19 10 41 0 18 16 5 104 0 
39 16 110 108 103 43 48 10 29 104 
AQUIIII!!104 0 69 1 39 3 103 9 48 91 8 71 2 5 41 101 
AQUIIII!!104 39 10 0 48 41 108 43 110 19 29 18 5 103 69 16 
AQUIIII!!104 10 29 18 48 110 108 19 16 5 69 0 41 39 43 103 
AQUIIII!!101 0 71 8 9 103 2 48 39 5 91 3 1 41 AQUIIII!!69 5 104 41 
43 16 19 110 39 0 18 10 29 48 108 69 AQUIIII!!103 5 104 29 
43 19 18 39 69 48 1 103 41 10 0 2 108 104 
AQUIIII!!108 19 48 1 39 29 16 AQUIIII!!103 108 41 82 0 43 69 73 10 20 5 16 43 18 18 29 104 80 
15 34 19 17 10 110 104 
AQUIIII!!104 71 5 1 48 69 39 41 101 3 91 103 2 8 10 0 
AQUIIII!!29 103 18 0 108 5 110 19 16 10 39 48 69 43 41 104 
AQUIIII!!104 101 41 8 0 48 1 39 103 69 91 3 71 2 9 5 
AQUIIII!!104 18 69 19 108 10 39 16 41 29 43 48 103 110 0 5 
AQUIIII!!104 1 101 2 48 8 39 103 71 91 10 41 69 0 5 3 
AQUIIII!!5 AQUIIII!!39 91 16 39 29 10 10 69 18 5 69 103 48 0 43 101 108 2 19 48 103 1 110 41 8 41 0 71 3 104 104 

AQUIIII!!104 108 5 39 18 2 48 43 0 10 69 41 19 103 29 1 
AQUIIII!!104 1 39 3 10 69 2 0 48 41 101 103 43 5 19 71 
AQUIIII!!104 0 5 69 AQUIIII!!103 104 18 48 43 5 39 41 41 29 48 16 108 0 1 103 10 39 2 10 19 108 29 69 
43 1 19 18 
AQUIIII!!19 108 80 18 16 82 34 10 5 43 110 20 17 73 29 104 
AQUIIII!!104 10 5 69 103 71 1 41 19 39 3 2 48 0 101 43 
AQUIIII!!1 69 39 48 0 91 5 2 10 8 103 3 101 41 71 AQUIIII!!104 19 
73 41 69 103 43 10 2 5 0 1 48 39 108 101 104 
AQUIIII!!104 18 29 5 10 0 1 41 108 39 16 48 103 69 43 19 
AQUIIII!!104 16 73 43 15 34 80 17 20 110 10 19 108 82 18 29 
AQUIIII!!18 19 103 41 5 48 1 43 29 16 69 0 108 10 39 104 
AQUIIII!!0 10 71 3 103 41 43 48 101 39 2 19 5 1 69 104 
AQUIIII!!43 108 69 41 10 19 48 16 110 0 18 103 39 5 29 104 
AQUIIII!!108 48 1 43 69 0 18 103 39 5 10 41 29 19 2 104 
AQUIIII!!5 91 3 0 9 48 39 41 2 71 103 1 8 69 101 104 
AQUIIII!!AQUIIII!!39 104 19 5 0 103 43 10 2 48 48 1 3 108 71 39 5 41 41 1 69 10 19 18 101 29 69 43 0 103 
16 104 
AQUIIII!!43 29 69 AQUIIII!!0 110 5 16 108 18 10 80 103 15 48 29 18 82 39 10 16 17 110 43 19 20 41 108 104 19 
34 73 104 
AQUIIII!!69 34 39 41 29 18 5 43 110 103 16 108 10 20 19 104 
AQUIIII!!41 1 91 0 10 101 2 69 39 71 48 5 103 3 8 104 
AQUIIII!!103 69 39 48 18 0 19 1 2 108 41 43 5 29 10 104 
AQUIIII!!104 39 43 19 0 48 10 41 108 103 29 110 69 18 16 5 
AQUIIII!!15 18 82 43 29 110 73 17 34 108 19 80 20 10 16 104 
AQUIIII!!104 41 108 43 48 0 103 29 2 1 39 5 18 19 69 10 
AQUIIII!!41 110 43 108 34 20 39 103 10 18 16 19 69 29 5 104 
AQUIIII!!AQUIIII!!104 69 69 16 108 5 48 48 0 0 43 103 5 29 18 43 39 18 19 108 103 110 16 10 110 39 10 41 29 19 41 104 

AQUIIII!!69 43 2 103 108 1 101 48 19 73 10 41 5 0 39 104 
AQUIIII!!104 AQUIIII!!29 104 0 69 16 1 39 103 91 69 3 10 1 5 41 48 9 18 8 5 101 41 0 43 2 108 71 19 103 39 48 

AQUIIII!!41 16 5 103 108 69 20 10 19 18 39 29 43 34 110 104 
AQUIIII!!104 1 48 0 91 2 8 5 69 71 3 103 41 9 39 101 
AQUIIII!!104 108 41 19 110 18 69 43 16 5 10 34 20 39 103 29 
AQUIIII!!1 103 0 108 39 43 16 19 18 10 48 5 41 29 69 104 
AQUIIII!!108 16 19 5 43 18 29 10 110 34 80 20 73 17 82 104 
AQUIIII!!104 43 0 19 69 5 29 18 16 10 48 108 39 41 103 1 
AQUIIII!!104 43 0 48 110 16 29 5 103 19 41 18 69 10 39 108 
AQUIIII!!104 69 73 5 39 103 2 108 48 1 41 101 10 43 0 19 
AQUIIII!!104 41 19 48 101 0 10 1 43 39 69 2 71 3 5 103 
AQUIIII!!104 108 18 29 10 39 19 5 48 69 43 41 103 0 110 16 
AQUIIII!!104 41 43 103 5 0 10 1 39 29 48 19 18 69 16 108 
AQUIIII!!104 10 103 2 41 5 29 19 39 69 108 1 48 0 43 18 
AQUIIII!!69 48 108 29 5 103 43 10 18 0 1 39 19 16 41 104 
AQUIIII!!34 19 69 5 103 41 39 10 18 16 108 29 20 43 110 104 
AQUIIII!!104 80 20 34 16 10 43 17 15 108 110 82 19 29 73 18 
AQUIIII!!2 1 0 18 103 5 108 19 69 10 39 41 43 29 48 104 
AQUIIII!!104 34 108 18 29 82 19 43 80 110 20 10 73 5 16 17 
AQUIIII!!43 10 1 48 39 2 0 19 41 29 69 5 103 18 108 104 
AQUIIII!!5 101 10 39 48 0 1 103 69 91 8 2 41 3 71 104 
AQUIIII!!29 108 41 48 69 0 10 19 5 16 1 103 43 39 18 104 
AQUIIII!!104 29 43 18 41 108 103 48 5 69 16 19 0 39 110 10 
AQUIIII!!15 18 43 10 20 34 16 29 19 73 110 80 82 108 17 104 
Number of Cuts in the second phase:1085
Number of repeat: 1035 
Violation: 170.000000
Violation: 824.000000
Violation: 1040.000000
Violation: 256.000000
Violation: 65.000000
Violation: 608.000000
Violation: 172.000000
Violation: 608.000000
Violation: 216.000000
Violation: 11.000000
Violation: 54.000000
Violation: 216.000000
Violation: 40.000000
Violation: 329.000000
Violation: 432.000000
Violation: 159.000000
Violation: 31.000000
Violation: 254.000000
Violation: 149.000000
Violation: 1.000000
Violation: 51.000000
Violation: 118.000000
Violation: 432.000000
Violation: 904.000000
Violation: 200.000000
Violation: 319.000000
Violation: 166.000000
Violation: 41.000000
Violation: 122.000000
Violation: 5.000000
Violation: 33.000000
Violation: 320.000000
Violation: 40.000000
Violation: 864.000000
Violation: 466.000000
Violation: 260.000000
Violation: 238.000000
Violation: 688.000000
Violation: 153.000000
Violation: 5.000000
Violation: 547.000000
Violation: 169.000000
Violation: 161.000000
Violation: 38.000000
Violation: 58.000000
Violation: 171.000000
Violation: 822.000000
Violation: 40.000000
Violation: 471.000000
Violation: 215.000000
took 3.703523
Optimize a model with 441 rows, 605 columns and 5986 nonzeros
Coefficient statistics:
  Matrix range     [1e+00, 2e+01]
  Objective range  [0e+00, 0e+00]
  Bounds range     [1e+00, 2e+01]
  RHS range        [1e+00, 8e+01]
Presolve removed 138 rows and 106 columns
Presolve time: 0.00s
Presolved: 303 rows, 499 columns, 5494 nonzeros

Iteration    Objective       Primal Inf.    Dual Inf.      Time
       0    0.0000000e+00   2.675000e+01   0.000000e+00      0s
     135    0.0000000e+00   0.000000e+00   0.000000e+00      0s

Solved in 135 iterations and 0.01 seconds
Optimal objective  0.000000000e+00
