j3017_4.mm_s3.txt
Academic license - for non-commercial use only
Read LP format model from file lp/j3017_4.mm.lp
Reading time = 0.01 seconds
: 351 rows, 906 columns, 9053 nonzeros
OKGPU
nThreads: 1024 , nBlocks: 12 
Number cuts generated in the phase 1: 8
Number of repeat: 2 
violation 750.000000
violation 500.000000
violation 404.000000
violation 71.000000
violation 380.000000
violation 800.000000
8592 16
AQUIIII!!48 12 17 28 3 6 19 AQUIIII!!8 48 32 25 5 46 13 43 21 44 7 22 18 20 4 16 
47 10 15 27 9 23 14 45 11 
AQUIIII!!46 48 43 19 23 11 8 12 7 18 25 22 32 17 10 44 
AQUIIII!!8 19 44 17 6 25 12 32 22 3 28 4 43 46 18 48 
AQUIIII!!48 45 7 19 10 46 11 32 9 25 16 43 20 23 44 13 AQUIIII!!7 
44 20 13 25 32 11 23 10 46 9 45 16 43 19 48 
AQUIIII!!AQUIIII!!13 14 20 11 21 47 14 45 9 7 15 5 23 15 46 10 9 23 27 47 21 45 7 27 13 11 20 48 10 16 48 
16 
AQUIIII!!20 13 16 21 AQUIIII!!5 16 27 10 45 13 15 9 9 11 21 23 27 45 10 7 47 5 47 14 14 23 7 11 48 20 48 15 

AQUIIII!!23 AQUIIII!!48 11 20 9 13 45 16 21 14 20 10 27 7 13 16 45 11 23 27 7 44 46 25 15 
9 43 10 46 14 AQUIIII!!44 AQUIIII!!4 48 21 19 45 
18 14 AQUIIII!!28 AQUIIII!!15 46 7 6 43 16 17 3 13 9 44 22 45 27 8 32 7 46 AQUIIII!!20 43 11 23 46 15 20 12 11 23 11 23 7 10 32 20 47 45 46 22 10 14 27 17 18 13 10 16 16 12 44 48 44 7 21 
25 13 47 11 48 19 23 14 43 13 
9 20 9 48 27 25 5 
10 48 48 

AQUIIII!!48 23 5 21 10 14 45 9 11 15 13 27 16 AQUIIII!!47 48 7 15 9 20 
14 11 44 46 7 20 10 21 45 23 13 16 27 
AQUIIII!!19 48 10 6 12 25 18 23 7 44 32 46 22 AQUIIII!!43 46 8 48 17 25 
13 16 43 AQUIIII!!9 48 44 46 11 12 19 23 10 17 20 44 7 32 23 19 45 10 32 22 
7 11 13 18 20 43 
AQUIIII!!48 12 43 4 17 46 6 8 44 19 25 32 28 22 7 18 
AQUIIII!!44 11 25 43 20 45 46 10 19 16 13 9 32 23 7 48 
AQUIIII!!48 4 32 25 22 28 19 46 7 18 12 43 8 17 44 6 
AQUIIII!!48 9 AQUIIII!!11 13 11 32 23 16 43 25 20 7 9 10 32 46 44 16 22 23 13 18 44 19 
19 AQUIIII!!46 48 19 7 11 17 45 18 10 12 46 20 22 25 43 23 48 44 8 
43 32 10 7 
AQUIIII!!AQUIIII!!20 19 43 46 9 7 3 23 AQUIIII!!18 19 16 6 46 19 13 12 10 44 8 17 20 22 22 32 7 17 11 13 44 4 18 9 32 48 AQUIIII!!43 
25 23 32 28 25 18 44 45 44 2 10 25 43 11 4 AQUIIII!!
AQUIIII!!32 43 20 20 17 46 23 17 19 46 48 28 18 13 
12 16 22 6 10 10 3 11 44 22 32 46 8 9 9 48 44 46 13 7 
32 22 19 18 43 11 19 43 48 AQUIIII!!7 
17 23 AQUIIII!!10 48 17 18 
10 12 22 23 44 8 22 25 23 6 32 44 18 7 46 46 43 AQUIIII!!43 7 48 20 32 23 19 11 21 12 10 19 48 13 13 
7 48 11 
27 47 9 45 16 20 15 14 5 
AQUIIII!!48 9 43 13 10 11 16 20 14 44 45 25 7 27 23 46 
AQUIIII!!48 16 20 46 14 13 44 45 43 25 27 7 11 10 23 9 
AQUIIII!!7 20 11 23 21 46 14 16 27 44 9 45 15 13 10 48 
AQUIIII!!25 43 AQUIIII!!32 48 45 44 18 20 8 25 9 22 46 4 13 3 7 32 10 43 16 12 23 44 46 11 19 19 28 48 6 
17 
AQUIIII!!44 46 7 23 13 43 45 10 20 AQUIIII!!25 17 11 32 32 19 16 46 9 48 43 
7 18 44 23 20 22 19 12 13 11 10 48 
AQUIIII!!12 18 19 32 44 23 46 10 43 22 17 11 7 25 8 48 
AQUIIII!!48 AQUIIII!!9 48 23 12 11 22 13 8 45 7 46 6 15 28 47 18 27 43 20 4 7 17 21 32 16 44 14 19 10 46 
25 
AQUIIII!!46 48 16 13 7 44 11 27 9 20 45 23 43 25 14 10 
AQUIIII!!7 16 AQUIIII!!10 22 13 11 21 23 15 9 11 17 45 AQUIIII!!44 9 48 32 23 10 46 14 18 16 27 46 14 19 20 10 7 46 7 43 47 11 20 48 23 13 
44 48 45 
20 21 15 13 9 27 
AQUIIII!!48 11 20 44 7 10 46 9 23 43 13 22 16 19 18 32 
AQUIIII!!44 43 22 4 25 19 17 7 32 6 46 12 18 8 28 48 
AQUIIII!!8 17 11 AQUIIII!!7 19 43 18 18 23 22 44 23 32 43 44 7 19 25 17 12 22 10 46 32 48 20 
10 11 46 12 13 48 
AQUIIII!!8 17 10 7 12 11 25 23 46 22 43 44 18 32 AQUIIII!!19 48 4 AQUIIII!!8 48 44 48 
32 9 18 20 6 7 17 45 25 11 46 10 28 13 19 23 43 AQUIIII!!32 7 48 AQUIIII!!16 44 12 48 12 22 25 23 23 
19 43 46 45 11 44 46 18 43 13 7 46 14 10 16 
22 9 32 27 20 44 43 25 19 11 13 7 17 10 
20 
AQUIIII!!48 18 4 17 6 19 43 7 22 12 28 32 25 8 46 44 
AQUIIII!!28 3 19 17 32 8 22 6 25 12 18 2 43 1 44 4 
AQUIIII!!AQUIIII!!23 19 13 48 32 46 44 22 23 43 10 11 19 7 16 22 18 18 46 9 13 44 20 43 20 32 11 7 9 48 10 16 

AQUIIII!!7 20 21 27 16 45 13 10 46 9 14 23 15 44 11 48 
AQUIIII!!8 44 18 12 25 7 32 11 22 10 23 46 17 43 48 19 
AQUIIII!!45 9 AQUIIII!!14 43 23 16 11 16 44 15 18 47 9 27 46 19 7 10 21 22 13 13 20 7 5 23 10 32 20 11 48 48 

AQUIIII!!43 17 AQUIIII!!9 48 46 12 20 17 AQUIIII!!11 44 48 22 32 44 3 13 13 28 19 16 32 20 18 18 27 46 10 46 8 22 25 4 7 45 6 14 43 44 9 25 23 7 19 
10 48 23 
43 11 
AQUIIII!!AQUIIII!!23 48 20 19 32 43 7 8 10 25 19 4 13 32 18 46 44 6 17 28 22 12 11 44 43 7 17 9 22 48 18 46 

AQUIIII!!16 20 13 47 11 27 7 9 5 45 10 21 14 23 AQUIIII!!15 16 48 47 
27 5 23 10 13 AQUIIII!!11 45 48 46 14 9 7 9 20 14 21 16 15 21 7 48 47 20 
10 45 11 15 27 23 13 
AQUIIII!!19 48 46 22 32 11 13 7 43 20 10 23 12 17 44 18 
AQUIIII!!20 43 11 16 32 18 10 44 9 23 46 19 22 13 7 48 
AQUIIII!!48 45 46 44 32 20 7 23 13 11 25 16 10 19 43 9 
AQUIIII!!43 2 44 22 28 8 18 4 19 12 32 6 3 46 25 17 
AQUIIII!!48 20 17 19 11 13 7 12 46 18 10 23 22 44 32 43 
AQUIIII!!48 46 25 32 22 4 44 3 6 8 AQUIIII!!19 46 17 44 12 3 28 48 43 4 18 43 
17 12 19 8 6 18 22 25 32 28 
AQUIIII!!46 48 16 9 23 13 44 7 45 43 10 20 14 25 11 27 
AQUIIII!!48 32 12 25 10 18 19 8 43 44 11 7 23 22 17 46 
AQUIIII!!44 14 21 11 16 9 20 46 13 10 7 45 23 15 27 48 
AQUIIII!!22 20 44 23 11 7 46 13 9 43 18 32 19 16 10 48 
AQUIIII!!6 19 7 28 32 46 44 18 4 43 17 22 12 8 25 48 
AQUIIII!!12 8 AQUIIII!!43 44 AQUIIII!!7 48 17 18 11 19 6 43 32 25 7 12 25 19 22 AQUIIII!!13 AQUIIII!!44 3 7 10 4 48 44 18 20 16 23 22 13 9 8 23 46 16 27 43 44 32 10 45 9 9 6 17 14 14 44 28 25 20 7 23 48 11 46 21 16 25 46 
4 45 46 10 27 28 14 27 46 43 45 48 
48 20 

13 15 11 
AQUIIII!!48 43 22 44 4 25 8 17 7 32 28 19 46 12 18 6 
AQUIIII!!48 14 23 21 10 5 11 9 13 27 20 15 45 47 16 7 
AQUIIII!!17 23 7 13 20 12 18 32 11 22 43 44 10 19 48 46 
AQUIIII!!48 46 20 17 9 18 22 7 43 19 10 23 32 11 44 13 
AQUIIII!!9 AQUIIII!!13 17 46 18 15 28 11 32 27 12 20 22 44 AQUIIII!!14 25 11 AQUIIII!!47 8 43 23 23 4 12 27 45 46 17 16 6 10 44 20 43 16 7 3 7 8 21 48 19 13 7 19 32 15 10 48 
9 22 
44 23 18 10 25 45 11 21 46 14 48 
46 48 
AQUIIII!!9 46 44 27 16 7 21 15 23 13 10 11 20 14 45 48 
AQUIIII!!48 45 11 9 10 7 47 14 21 16 15 20 23 13 5 27 
AQUIIII!!12 8 32 46 43 AQUIIII!!7 46 6 22 28 13 44 17 18 20 17 11 25 7 19 10 4 18 22 44 48 23 
19 32 9 43 48 
AQUIIII!!48 6 4 17 18 43 28 19 3 12 32 22 44 8 25 46 
AQUIIII!!4 46 48 44 18 12 25 3 19 6 28 43 22 32 8 17 
AQUIIII!!12 8 44 18 19 43 7 6 4 32 17 25 22 28 46 48 
AQUIIII!!48 17 22 7 23 46 13 11 AQUIIII!!20 46 18 44 21 43 9 19 14 32 13 10 11 12 7 
23 44 10 20 27 16 15 45 48 
AQUIIII!!48 32 11 12 8 44 18 10 25 23 19 22 17 46 7 43 
AQUIIII!!48 44 18 4 12 19 8 25 32 43 7 6 17 46 22 28 
AQUIIII!!4 44 46 48 19 22 28 6 32 8 43 17 12 18 25 3 
AQUIIII!!27 11 9 16 45 7 13 23 46 10 44 43 20 14 25 48 
AQUIIII!!48 22 18 46 12 10 43 17 6 25 7 44 23 19 32 8 
AQUIIII!!16 48 11 46 23 20 27 21 14 15 7 13 9 10 45 47 
AQUIIII!!11 17 10 19 20 23 22 12 13 44 32 43 46 18 7 48 
AQUIIII!!18 43 9 44 7 22 13 11 17 32 10 23 46 20 48 19 
AQUIIII!!16 43 44 7 9 11 46 19 13 18 20 10 32 23 22 48 
AQUIIII!!48 20 7 32 19 44 46 10 9 45 23 25 16 43 13 11 
AQUIIII!!27 23 11 20 14 21 46 7 13 16 45 10 47 9 15 48 
AQUIIII!!44 48 43 4 18 12 19 6 28 32 17 8 25 22 7 46 
AQUIIII!!48 11 19 46 10 17 12 20 7 23 22 32 44 13 43 18 
AQUIIII!!48 18 20 44 13 10 16 43 32 22 11 46 9 19 7 23 
AQUIIII!!45 20 15 13 11 16 27 21 AQUIIII!!23 10 7 21 14 45 9 11 47 20 10 13 48 15 46 27 
23 14 9 44 7 48 46 16 
AQUIIII!!48 19 4 28 AQUIIII!!8 48 11 46 13 18 14 25 16 32 9 6 21 44 20 43 7 17 47 22 45 7 15 12 
10 23 27 5 
AQUIIII!!46 48 13 10 20 7 25 11 9 45 16 23 27 14 43 44 AQUIIII!!
1 2 43 18 6 8 25 17 4 22 28 3 12 32 19 44 
AQUIIII!!48 12 46 43 18 32 44 4 28 22 8 7 6 17 19 25 
AQUIIII!!3 AQUIIII!!6 48 22 9 12 16 46 14 28 27 8 10 17 25 45 4 15 44 7 43 47 19 20 18 23 32 5 48 11 
13 21 
AQUIIII!!11 16 14 10 25 43 13 46 20 44 23 7 45 9 27 48 
AQUIIII!!32 10 12 17 13 18 46 44 11 43 23 20 7 22 48 19 
AQUIIII!!48 19 16 44 11 18 7 32 23 9 20 43 22 10 13 46 
AQUIIII!!18 17 12 8 46 43 22 10 7 32 25 19 11 23 44 48 
AQUIIII!!12 44 AQUIIII!!4 19 46 48 22 20 6 43 8 22 7 19 11 25 10 17 7 18 17 43 28 23 32 46 48 44 
32 9 13 18 
AQUIIII!!48 16 46 44 19 23 20 45 7 32 11 13 10 43 25 9 
AQUIIII!!48 20 19 44 11 22 16 13 23 10 9 18 32 43 7 46 
AQUIIII!!6 46 32 12 19 43 17 4 22 28 18 3 AQUIIII!!8 48 44 7 25 43 48 
19 9 23 25 11 46 13 32 10 16 45 20 44 
AQUIIII!!46 48 45 23 11 7 13 10 9 21 27 44 20 14 15 16 
AQUIIII!!20 44 25 46 23 9 27 13 43 11 45 10 7 16 14 48 
AQUIIII!!43 23 25 8 19 17 44 10 7 22 32 11 18 12 48 46 
AQUIIII!!23 46 11 32 7 43 16 19 10 44 45 9 25 13 20 48 
AQUIIII!!10 AQUIIII!!46 45 16 13 14 44 9 9 16 27 13 11 25 23 20 14 11 46 7 20 43 7 45 15 23 48 21 
10 44 27 AQUIIII!!48 48 
25 13 9 7 AQUIIII!!10 48 21 23 27 44 15 20 7 45 13 10 11 44 32 20 46 14 43 16 9 16 11 19 23 
45 46 
AQUIIII!!44 32 17 10 12 18 11 22 23 7 13 43 20 19 48 46 
AQUIIII!!48 44 18 22 19 AQUIIII!!46 48 10 4 25 43 44 7 6 32 17 12 8 8 17 32 11 7 23 
46 25 22 28 19 18 12 43 
AQUIIII!!43 7 23 22 8 17 12 18 44 6 46 19 AQUIIII!!32 23 10 18 25 48 19 
44 11 7 32 12 17 46 25 10 8 43 22 48 
AQUIIII!!46 43 18 10 12 7 23 19 32 8 17 6 44 22 25 48 
AQUIIII!!19 18 7 AQUIIII!!12 32 22 43 10 8 11 18 32 3 20 17 43 12 17 28 23 6 46 4 13 22 44 25 48 46 
44 19 48 
AQUIIII!!17 7 AQUIIII!!43 15 44 27 10 16 20 23 11 AQUIIII!!9 23 46 11 48 7 22 19 45 18 13 46 47 17 9 32 14 11 19 20 44 13 9 20 48 32 21 
18 46 7 13 10 43 10 23 48 22 

AQUIIII!!19 17 43 7 20 18 11 13 23 44 32 22 46 10 9 48 
AQUIIII!!48 20 46 32 7 10 12 17 43 23 19 13 22 18 11 44 
AQUIIII!!48 6 22 17 46 7 19 12 44 4 18 8 43 25 32 28 
AQUIIII!!23 7 15 9 10 45 16 14 20 13 27 47 21 5 11 48 
AQUIIII!!48 46 10 7 11 17 22 19 20 13 44 32 18 23 43 12 
AQUIIII!!32 4 25 3 19 28 18 8 12 17 46 43 22 6 44 48 
AQUIIII!!48 19 18 16 13 11 23 46 9 20 22 44 7 43 32 10 
AQUIIII!!48 13 16 7 23 20 15 9 47 14 5 10 11 45 21 27 
AQUIIII!!48 15 46 23 AQUIIII!!48 27 12 7 44 16 18 11 14 10 21 23 13 17 46 47 7 9 19 20 32 22 11 20 10 43 13 45 

AQUIIII!!AQUIIII!!44 15 46 27 13 9 43 14 16 23 25 10 19 11 32 21 10 47 20 20 23 7 45 16 9 13 11 45 7 5 48 48 

AQUIIII!!48 12 6 AQUIIII!!17 25 28 22 25 44 4 19 18 32 43 43 7 44 10 22 3 23 46 32 19 8 8 
18 17 12 6 46 48 
AQUIIII!!46 48 25 13 20 7 43 44 16 45 9 14 AQUIIII!!23 19 11 44 10 27 46 
20 43 23 13 22 11 12 17 18 10 32 7 48 
AQUIIII!!18 32 13 23 19 46 17 11 7 12 44 43 22 20 10 48 
AQUIIII!!47 23 46 9 45 13 21 15 20 14 16 7 27 11 10 48 
AQUIIII!!48 17 10 7 9 19 22 32 43 18 AQUIIII!!44 46 11 43 46 48 23 32 20 13 44 
9 13 22 23 10 18 19 11 20 16 7 
AQUIIII!!46 48 9 18 32 43 17 13 10 11 20 19 22 7 23 44 
AQUIIII!!46 48 44 8 17 11 12 18 43 7 25 19 32 23 10 22 
AQUIIII!!48 13 10 12 46 43 19 20 22 17 32 23 AQUIIII!!11 11 7 20 44 7 18 46 
14 23 15 10 21 27 13 44 9 45 16 48 
AQUIIII!!48 11 19 23 16 20 32 18 43 46 22 7 44 10 13 9 
AQUIIII!!16 19 AQUIIII!!22 48 11 22 11 20 43 43 20 23 13 9 7 44 44 7 17 23 18 19 10 10 32 32 13 46 48 12 46 18 

AQUIIII!!8 43 22 44 7 19 12 10 23 17 11 18 32 46 25 48 
AQUIIII!!23 19 16 20 10 9 18 7 13 22 43 46 32 44 11 48 
AQUIIII!!48 10 17 13 20 11 43 22 46 18 44 23 32 7 12 19 
AQUIIII!!48 32 43 11 44 9 13 20 10 18 7 23 17 19 46 22 
AQUIIII!!48 11 19 7 16 9 13 23 43 10 46 32 22 18 44 20 
AQUIIII!!48 20 46 23 7 11 43 32 22 44 13 18 17 19 9 10 
AQUIIII!!25 10 44 22 8 46 32 12 18 11 17 7 19 23 43 48 
AQUIIII!!12 22 AQUIIII!!6 28 46 8 4 43 22 19 32 17 8 25 23 12 44 44 10 17 32 43 7 18 18 48 3 
46 19 6 25 48 
AQUIIII!!46 48 12 22 11 19 8 43 18 25 44 32 10 7 23 17 
AQUIIII!!9 20 27 7 46 43 11 25 13 10 14 23 44 45 48 16 
AQUIIII!!48 46 3 6 12 8 22 17 44 43 19 25 28 4 32 18 
AQUIIII!!48 11 44 10 43 20 7 19 23 22 18 13 9 16 32 46 
AQUIIII!!22 28 32 6 17 1 25 8 12 18 3 4 19 0 2 43 
AQUIIII!!25 22 7 8 4 28 32 18 46 19 43 44 12 6 17 48 
AQUIIII!!23 45 46 27 44 7 14 9 21 16 10 15 20 13 11 48 
AQUIIII!!9 32 10 18 19 16 13 43 23 7 44 20 11 46 22 48 
AQUIIII!!48 45 7 19 11 43 25 16 44 46 20 23 10 9 32 13 
AQUIIII!!7 32 23 20 11 19 44 22 10 13 18 43 17 12 46 48 
Number of Cuts in the second phase:3483
Number of repeat: 3277 
Violation: 458.000000
Violation: 200.000000
Violation: 500.000000
Violation: 200.000000
Violation: 200.000000
Violation: 500.000000
Violation: 302.000000
Violation: 687.000000
Violation: 1200.000000
Violation: 500.000000
Violation: 500.000000
Violation: 224.000000
Violation: 600.000000
Violation: 500.000000
Violation: 109.000000
Violation: 400.000000
Violation: 500.000000
Violation: 200.000000
Violation: 71.000000
Violation: 600.000000
Violation: 229.000000
Violation: 206.000000
Violation: 229.000000
Violation: 250.000000
Violation: 800.000000
Violation: 295.000000
Violation: 200.000000
Violation: 519.000000
Violation: 544.000000
Violation: 500.000000
Violation: 400.000000
Violation: 1250.000000
Violation: 500.000000
Violation: 500.000000
Violation: 200.000000
Violation: 400.000000
Violation: 250.000000
Violation: 1000.000000
Violation: 1000.000000
Violation: 682.000000
Violation: 109.000000
Violation: 531.000000
Violation: 513.000000
Violation: 250.000000
Violation: 1198.000000
Violation: 1200.000000
Violation: 250.000000
Violation: 100.000000
Violation: 151.000000
Violation: 600.000000
Violation: 198.000000
Violation: 118.000000
Violation: 500.000000
Violation: 1000.000000
Violation: 1200.000000
Violation: 206.000000
Violation: 600.000000
Violation: 500.000000
Violation: 410.000000
Violation: 400.000000
Violation: 287.000000
Violation: 289.000000
Violation: 277.000000
Violation: 1000.000000
Violation: 100.000000
Violation: 151.000000
Violation: 1200.000000
Violation: 250.000000
Violation: 500.000000
Violation: 500.000000
Violation: 500.000000
Violation: 600.000000
Violation: 1000.000000
Violation: 151.000000
Violation: 1200.000000
Violation: 599.000000
Violation: 250.000000
Violation: 1000.000000
Violation: 150.000000
Violation: 414.000000
Violation: 64.000000
Violation: 500.000000
Violation: 600.000000
Violation: 500.000000
Violation: 200.000000
Violation: 1200.000000
Violation: 700.000000
Violation: 675.000000
Violation: 522.000000
Violation: 628.000000
Violation: 323.000000
Violation: 700.000000
Violation: 586.000000
Violation: 199.000000
Violation: 1000.000000
Violation: 500.000000
Violation: 600.000000
Violation: 658.000000
Violation: 500.000000
Violation: 500.000000
Violation: 71.000000
Violation: 200.000000
Violation: 205.000000
Violation: 456.000000
Violation: 109.000000
Violation: 500.000000
Violation: 600.000000
Violation: 400.000000
Violation: 1216.000000
Violation: 180.000000
Violation: 573.000000
Violation: 609.000000
Violation: 521.000000
Violation: 400.000000
Violation: 100.000000
Violation: 109.000000
Violation: 751.000000
Violation: 500.000000
Violation: 71.000000
Violation: 522.000000
Violation: 300.000000
Violation: 750.000000
Violation: 799.000000
Violation: 200.000000
Violation: 30.000000
Violation: 198.000000
Violation: 511.000000
Violation: 200.000000
Violation: 62.000000
Violation: 250.000000
Violation: 228.000000
Violation: 529.000000
Violation: 400.000000
Violation: 937.000000
Violation: 250.000000
Violation: 49.000000
Violation: 200.000000
Violation: 62.000000
Violation: 1200.000000
Violation: 1000.000000
Violation: 1250.000000
Violation: 200.000000
Violation: 600.000000
Violation: 218.000000
Violation: 531.000000
Violation: 400.000000
Violation: 1000.000000
Violation: 1000.000000
Violation: 199.000000
Violation: 200.000000
Violation: 500.000000
Violation: 750.000000
Violation: 829.000000
Violation: 747.000000
Violation: 216.000000
Violation: 109.000000
Violation: 200.000000
Violation: 882.000000
Violation: 500.000000
Violation: 228.000000
Violation: 453.000000
Violation: 1000.000000
Violation: 887.000000
Violation: 71.000000
Violation: 1250.000000
Violation: 599.000000
Violation: 412.000000
Violation: 1250.000000
Violation: 1200.000000
Violation: 500.000000
Violation: 206.000000
Violation: 200.000000
Violation: 198.000000
Violation: 400.000000
Violation: 228.000000
Violation: 1000.000000
Violation: 84.000000
Violation: 273.000000
Violation: 500.000000
Violation: 600.000000
Violation: 224.000000
Violation: 224.000000
Violation: 108.000000
Violation: 118.000000
Violation: 687.000000
Violation: 302.000000
Violation: 400.000000
Violation: 272.000000
Violation: 453.000000
Violation: 1044.000000
Violation: 1000.000000
Violation: 49.000000
Violation: 199.000000
Violation: 500.000000
Violation: 600.000000
Violation: 500.000000
Violation: 198.000000
Violation: 599.000000
Violation: 1198.000000
Violation: 73.000000
Violation: 200.000000
Violation: 451.000000
Violation: 273.000000
Violation: 267.000000
Violation: 459.000000
Violation: 400.000000
408 16
AQUIIII!!48 19 17 46 7 28 12 43 44 32 22 4 8 6 18 25 
AQUIIII!!48 43 10 22 32 18 11 19 16 7 9 23 13 46 20 44 
AQUIIII!!7 18 4 8 17 22 12 46 25 43 44 28 19 6 32 48 
AQUIIII!!48 9 10 46 20 43 16 19 22 13 7 32 44 11 18 23 
AQUIIII!!13 10 44 46 19 45 11 23 9 7 43 16 32 25 20 48 
AQUIIII!!25 7 12 19 22 10 8 17 11 43 32 44 46 18 23 48 
AQUIIII!!48 22 12 7 8 10 18 19 25 23 32 43 6 44 17 46 
Number of Cuts in the second phase:162
Number of repeat: 158 
Violation: 800.000000
Violation: 100.000000
Violation: 198.000000
Violation: 350.000000
took 3.586730
Optimize a model with 574 rows, 906 columns and 9967 nonzeros
Coefficient statistics:
  Matrix range     [1e+00, 4e+01]
  Objective range  [0e+00, 0e+00]
  Bounds range     [1e+00, 4e+01]
  RHS range        [1e+00, 1e+02]
Presolve removed 336 rows and 109 columns
Presolve time: 0.01s
Presolved: 238 rows, 797 columns, 8449 nonzeros

Iteration    Objective       Primal Inf.    Dual Inf.      Time
       0    0.0000000e+00   4.408044e+01   0.000000e+00      0s
     123    0.0000000e+00   0.000000e+00   0.000000e+00      0s

Solved in 123 iterations and 0.01 seconds
Optimal objective  0.000000000e+00
