j3017_4.mm_s5.txt
Academic license - for non-commercial use only
Read LP format model from file lp/j3017_4.mm.lp
Reading time = 0.00 seconds
: 351 rows, 906 columns, 9053 nonzeros
OKGPU
nThreads: 1024 , nBlocks: 12 
Number cuts generated in the phase 1: 12
Number of repeat: 4 
violation 500.000000
violation 428.000000
violation 750.000000
violation 375.000000
violation 425.000000
violation 425.000000
violation 425.000000
violation 820.000000
6996 16
AQUIIII!!49 3 10 0 25 22 1 34 AQUIIII!!13 37 49 23 46 45 47 22 48 33 46 23 33 37 48 2 34 
0 47 1 2 25 10 AQUIIII!!13 AQUIIII!!49 
49 25 3 33 1 45 34 AQUIIII!!1 47 49 46 2 23 34 23 25 20 25 45 47 0 37 48 33 22 2 48 47 10 4 48 37 37 33 AQUIIII!!22 10 1 49 0 13 34 46 23 22 46 25 

13 33 2 22 10 37 0 1 
23 3 47 34 2 48 0 13 10 
AQUIIII!!45 44 19 20 17 47 23 24 16 33 37 34 22 18 46 15 
AQUIIII!!25 0 33 46 48 45 22 20 47 18 37 10 34 19 AQUIIII!!23 25 1 49 23 
46 48 33 10 2 22 47 45 34 13 37 0 49 
AQUIIII!!48 34 AQUIIII!!25 AQUIIII!!23 22 22 33 10 19 48 13 10 10 3 33 37 1 2 18 37 1 24 2 0 45 0 47 46 3 4 37 22 23 48 25 47 23 20 33 4 17 49 13 47 34 
34 49 
49 
AQUIIII!!0 37 10 2 25 33 AQUIIII!!13 37 AQUIIII!!24 49 23 48 47 AQUIIII!!34 3 48 AQUIIII!!49 48 34 48 18 1 46 18 47 17 2 24 2 47 22 22 37 23 23 20 10 46 13 34 19 37 33 1 33 34 1 45 17 23 3 22 45 46 22 37 49 23 49 25 46 46 45 
0 33 16 10 10 22 19 
20 47 
47 33 
34 13 25 48 0 49 
AQUIIII!!47 3 0 48 13 34 22 10 23 46 25 37 33 1 2 AQUIIII!!49 49 
45 20 34 AQUIIII!!10 49 18 46 0 46 37 25 23 37 48 33 AQUIIII!!20 22 49 48 45 19 3 19 47 48 34 23 37 33 
33 1 13 0 22 25 23 47 1 10 4 22 
5 25 2 34 0 10 
AQUIIII!!45 44 23 46 20 33 34 15 17 18 19 16 37 22 24 47 
AQUIIII!!48 47 49 1 23 34 25 37 45 22 2 20 33 10 46 0 
AQUIIII!!48 25 46 19 37 10 20 45 18 33 34 23 47 0 22 49 
AQUIIII!!49 19 18 46 33 20 24 23 48 45 37 34 17 10 47 22 
AQUIIII!!46 34 33 23 0 25 48 19 20 AQUIIII!!1 49 1 45 AQUIIII!!25 47 23 45 22 0 47 33 37 2 33 10 34 0 49 10 34 46 
13 48 22 20 47 48 10 3 23 37 
19 22 25 37 46 1 49 
AQUIIII!!23 47 25 AQUIIII!!19 23 1 18 33 AQUIIII!!10 34 37 49 20 33 13 45 22 37 0 46 34 AQUIIII!!37 19 47 49 46 20 1 34 33 45 10 31 2 17 33 48 5 48 47 22 13 46 48 49 10 24 3 
10 34 0 23 22 49 22 
6 25 3 0 4 
2 37 25 1 
AQUIIII!!49 1 23 37 13 10 34 22 47 25 48 4 2 3 33 0 
AQUIIII!!46 47 18 20 48 49 10 17 45 37 24 34 22 33 23 19 
AQUIIII!!19 46 47 22 49 48 20 16 24 17 45 37 23 18 33 34 
AQUIIII!!49 3 10 34 1 47 37 4 2 23 33 48 22 25 0 13 AQUIIII!!
49 3 37 13 48 22 10 0 47 34 33 2 46 1 23 25 
AQUIIII!!22 0 20 47 37 46 10 AQUIIII!!33 22 48 20 18 24 45 45 34 37 25 34 23 33 49 23 19 
19 46 16 17 48 18 15 47 
AQUIIII!!49 1 AQUIIII!!22 49 3 46 37 37 2 48 10 23 25 2 47 34 0 20 23 22 4 25 13 10 34 45 48 33 33 47 
0 1 
AQUIIII!!12 14 32 42 11 34 33 15 27 16 39 43 21 41 44 9 
AQUIIII!!48 23 46 34 37 19 24 45 16 18 17 47 20 22 33 49 
AQUIIII!!19 37 AQUIIII!!34 49 0 37 AQUIIII!!48 0 19 22 45 45 33 46 47 48 25 18 1 34 23 45 1 10 23 20 48 47 2 34 20 22 33 10 23 17 46 10 22 49 25 46 
33 37 47 20 
24 49 
AQUIIII!!49 47 25 18 33 34 23 19 45 46 22 48 10 20 0 37 
AQUIIII!!49 AQUIIII!!5 49 3 13 25 48 34 23 0 25 10 2 1 34 13 47 48 0 AQUIIII!!4 1 49 2 46 20 37 37 23 33 10 48 23 22 18 22 33 37 
45 22 25 
47 46 34 19 45 0 10 33 
AQUIIII!!48 46 49 19 45 AQUIIII!!18 47 16 46 20 49 24 24 34 37 47 10 17 45 23 AQUIIII!!17 37 24 22 22 34 23 33 20 19 
33 33 16 18 46 34 48 20 49 48 18 
22 47 19 17 45 37 23 
AQUIIII!!2 4 23 0 10 33 34 13 22 3 1 25 37 49 48 47 
AQUIIII!!45 10 37 34 17 20 23 18 AQUIIII!!19 2 33 4 24 23 46 0 48 10 22 33 47 34 13 49 22 
3 1 25 37 49 48 47 
AQUIIII!!49 22 47 20 33 48 23 37 1 34 10 2 46 25 0 45 
AQUIIII!!49 25 20 23 22 33 0 34 46 47 19 48 37 1 45 AQUIIII!!10 49 
47 33 10 25 0 22 34 4 1 48 13 2 37 3 23 
AQUIIII!!23 1 2 48 47 33 4 22 34 13 37 25 3 10 0 49 
AQUIIII!!49 20 45 AQUIIII!!37 AQUIIII!!49 34 49 16 22 33 22 24 0 17 19 48 18 45 37 16 47 34 33 37 2 46 1 19 46 23 47 33 48 45 48 47 25 24 
22 34 46 23 13 18 10 17 23 20 

AQUIIII!!49 34 22 33 37 25 0 3 1 5 13 4 48 2 23 10 
AQUIIII!!22 17 20 34 18 33 19 24 46 37 15 16 23 47 45 44 
AQUIIII!!44 45 17 47 19 22 24 23 15 18 20 33 46 37 34 16 
AQUIIII!!34 16 19 22 47 20 18 45 23 48 24 33 46 17 37 49 
AQUIIII!!49 10 22 34 46 45 33 23 20 1 19 48 47 37 25 0 
AQUIIII!!44 AQUIIII!!45 34 17 0 47 5 19 3 22 4 24 10 23 2 15 1 18 37 20 13 33 33 46 6 37 22 34 31 16 25 
49 
AQUIIII!!16 18 37 22 20 24 19 48 45 34 33 23 46 17 47 49 
AQUIIII!!19 23 24 AQUIIII!!45 48 48 23 17 34 47 46 10 20 37 19 34 45 46 47 18 33 22 18 33 10 20 49 17 
22 24 37 49 
AQUIIII!!16 18 37 22 20 24 19 48 45 34 33 23 46 17 47 49 
AQUIIII!!49 22 37 47 45 48 46 16 17 20 19 34 24 18 23 33 
AQUIIII!!49 20 23 48 18 37 22 AQUIIII!!25 49 47 16 46 19 34 22 19 47 45 48 0 10 17 33 20 
33 AQUIIII!!34 16 18 37 34 46 37 24 47 45 48 18 19 23 46 17 
24 45 20 23 33 22 49 
AQUIIII!!9 44 33 43 34 16 15 39 41 14 42 21 11 32 27 12 
AQUIIII!!10 6 1 31 4 0 5 25 22 3 2 34 33 37 13 49 
AQUIIII!!37 24 34 16 23 33 18 45 48 47 46 17 22 20 49 19 
AQUIIII!!46 23 48 17 22 18 47 AQUIIII!!24 13 48 37 10 33 45 45 25 34 33 22 19 34 20 47 10 1 2 49 37 
0 23 46 49 
AQUIIII!!23 33 5 22 13 34 0 4 48 1 2 3 25 37 10 49 
AQUIIII!!49 33 45 10 AQUIIII!!2 2 13 22 33 48 46 37 37 46 25 22 3 1 34 48 23 13 1 34 0 25 AQUIIII!!23 0 49 47 1 47 10 37 
49 13 
4 33 34 25 23 2 3 48 5 10 22 0 
AQUIIII!!0 19 37 10 25 20 47 34 33 23 1 45 22 49 48 46 
AQUIIII!!10 45 33 37 47 AQUIIII!!46 40 18 42 24 21 22 14 41 34 11 48 23 43 32 19 27 17 49 26 7 20 12 
8 39 9 44 
AQUIIII!!33 37 45 19 48 46 10 23 0 25 20 47 22 34 1 49 
AQUIIII!!2 23 10 3 13 48 46 47 33 1 37 0 34 22 25 AQUIIII!!49 
22 23 33 10 34 48 45 19 0 25 37 47 18 46 49 20 
AQUIIII!!22 23 33 10 34 48 45 19 0 25 37 47 18 46 49 20 
AQUIIII!!23 13 3 4 1 2 34 33 0 22 AQUIIII!!37 37 25 AQUIIII!!48 10 20 47 25 0 48 48 20 37 49 34 10 
46 23 47 10 33 19 34 23 1 2 0 45 1 46 25 22 22 33 49 
47 45 49 
AQUIIII!!49 0 25 19 33 20 37 23 48 18 34 22 46 45 10 47 
AQUIIII!!49 48 2 1 5 37 AQUIIII!!34 49 13 45 0 37 3 34 33 46 10 20 23 24 22 19 25 17 4 48 
22 47 18 23 10 33 
AQUIIII!!34 16 18 48 17 47 49 46 20 24 23 45 22 33 19 37 
AQUIIII!!23 46 17 47 20 19 45 34 18 37 48 33 10 24 22 49 
AQUIIII!!2 23 25 47 13 33 46 10 0 34 48 22 3 1 37 49 
AQUIIII!!17 18 48 34 47 19 24 37 46 33 16 45 23 20 22 49 
AQUIIII!!49 34 33 20 2 47 10 22 37 48 25 46 45 0 1 23 
AQUIIII!!49 37 6 5 3 1 13 34 0 31 10 25 2 4 22 33 
AQUIIII!!19 20 46 10 34 45 47 0 23 18 37 25 22 48 33 49 
AQUIIII!!8 40 21 7 12 39 14 41 27 42 11 43 32 26 9 44 
AQUIIII!!42 40 7 43 39 12 32 27 41 14 21 26 11 8 9 44 
AQUIIII!!23 34 0 13 10 5 3 48 37 4 22 1 2 25 33 49 
AQUIIII!!49 AQUIIII!!10 34 48 0 33 19 1 33 2 47 46 46 47 23 22 AQUIIII!!20 0 49 37 25 17 10 23 33 45 34 48 22 45 19 1 37 45 48 20 18 25 
23 49 24 
16 47 37 46 22 20 34 
AQUIIII!!25 23 47 AQUIIII!!13 AQUIIII!!49 33 10 25 2 18 2 37 37 10 10 33 1 34 22 3 3 34 33 4 AQUIIII!!47 22 49 1 0 22 47 47 20 AQUIIII!!25 0 48 23 49 37 48 48 46 0 46 37 49 4 AQUIIII!!10 25 
0 48 1 13 45 49 33 13 4 49 47 23 23 2 19 46 22 48 
34 18 10 34 0 
2 34 33 22 22 3 19 0 37 33 23 48 25 25 13 45 3 20 34 5 10 
23 1 37 

AQUIIII!!49 34 37 24 22 33 18 17 20 48 46 19 23 47 10 45 
AQUIIII!!9 44 33 27 32 34 12 16 43 14 42 11 21 39 41 15 
AQUIIII!!49 16 17 20 46 24 47 33 19 22 18 23 37 34 48 45 
AQUIIII!!49 0 23 1 2 10 25 33 22 48 47 13 3 4 34 AQUIIII!!37 
46 47 18 20 48 49 10 17 45 37 24 34 22 33 23 19 
AQUIIII!!17 16 22 37 19 23 44 24 34 20 33 47 15 45 18 46 
AQUIIII!!4 13 2 1 31 0 25 3 37 22 34 6 10 33 AQUIIII!!5 49 49 5 
AQUIIII!!23 49 25 2 2 45 33 25 0 34 37 47 48 0 3 46 13 22 1 33 10 1 34 48 22 23 4 AQUIIII!!37 
20 37 10 22 
2 25 46 48 10 1 45 23 33 20 0 34 47 49 
AQUIIII!!49 46 37 48 20 45 0 10 33 19 47 34 23 25 1 22 
AQUIIII!!15 11 39 27 12 43 40 14 41 32 8 26 42 21 44 9 
AQUIIII!!1 23 22 13 25 2 48 3 37 10 47 0 34 33 46 49 
AQUIIII!!33 10 25 0 19 18 45 34 23 37 46 48 22 20 49 47 
AQUIIII!!37 23 0 47 10 25 20 19 34 33 22 45 48 46 18 49 
AQUIIII!!31 4 1 25 0 37 13 22 5 AQUIIII!!6 22 34 18 33 46 10 45 3 37 2 25 49 47 
33 20 23 10 0 19 34 48 49 
AQUIIII!!49 20 AQUIIII!!10 49 25 2 22 23 0 22 33 0 46 10 48 13 23 33 1 34 34 3 37 47 45 37 1 47 48 2 25 
4 
AQUIIII!!37 23 0 47 10 25 20 19 34 33 22 45 48 46 18 49 
AQUIIII!!25 23 2 48 45 22 10 13 33 37 34 47 0 46 1 49 
AQUIIII!!44 45 23 22 19 17 18 24 20 33 16 34 15 37 46 43 
AQUIIII!!49 0 23 37 45 47 46 10 22 48 25 33 20 34 18 19 
AQUIIII!!49 48 10 47 1 23 2 0 AQUIIII!!33 49 25 45 13 25 4 22 34 10 22 34 37 46 3 33 
1 20 48 37 19 0 23 47 
AQUIIII!!48 22 10 37 0 33 47 2 34 23 3 1 25 46 13 49 
AQUIIII!!37 10 47 0 48 45 1 25 2 34 20 22 33 46 23 49 
AQUIIII!!49 37 22 5 2 4 10 34 33 1 3 25 13 6 31 0 
AQUIIII!!49 33 17 23 37 48 24 47 46 22 20 19 16 18 45 34 
AQUIIII!!37 2 22 1 23 46 0 48 34 33 13 47 25 10 3 49 
AQUIIII!!18 48 47 46 22 19 37 20 24 45 17 33 16 15 23 34 
AQUIIII!!45 44 17 34 16 20 15 18 32 43 24 23 22 19 42 33 
AQUIIII!!48 49 47 46 18 0 34 22 19 33 25 45 20 10 23 37 
AQUIIII!!34 33 25 46 10 47 37 23 22 45 48 20 1 0 19 49 
AQUIIII!!49 25 10 46 23 2 37 34 0 45 47 1 22 33 48 20 
AQUIIII!!20 49 18 10 25 0 46 33 19 AQUIIII!!22 37 49 48 20 45 45 34 37 47 23 34 
22 24 17 18 16 33 46 19 23 48 47 
AQUIIII!!49 4 2 1 48 37 25 22 23 0 47 34 33 13 3 10 
AQUIIII!!13 0 3 1 33 4 34 10 48 25 37 2 22 23 47 49 
AQUIIII!!18 37 22 16 20 46 45 48 17 33 24 23 34 19 47 49 
AQUIIII!!0 1 46 34 47 22 25 33 37 23 19 48 10 20 45 49 
AQUIIII!!49 10 0 46 33 37 18 48 34 19 22 45 47 25 20 23 
AQUIIII!!49 0 23 46 45 13 1 34 33 47 10 2 48 25 22 37 
AQUIIII!!49 46 37 0 10 25 34 48 22 2 13 3 1 23 33 47 
AQUIIII!!2 22 37 33 4 13 48 47 0 25 3 10 1 23 34 49 
AQUIIII!!48 49 46 33 1 2 37 20 25 23 22 45 0 47 34 10 
AQUIIII!!22 34 10 19 45 18 46 20 37 25 48 33 47 23 0 49 
AQUIIII!!49 33 34 2 3 1 31 13 10 37 4 0 25 5 6 22 
AQUIIII!!37 10 34 3 23 0 22 48 46 47 33 AQUIIII!!48 13 49 1 47 2 46 25 18 0 49 34 
22 19 33 25 45 20 10 23 37 
AQUIIII!!49 0 34 23 10 37 22 19 1 47 33 20 46 48 25 45 
AQUIIII!!45 0 23 10 46 34 1 48 25 47 20 37 33 19 22 49 
AQUIIII!!49 0 22 1 33 46 47 25 20 37 23 10 45 2 48 34 
AQUIIII!!20 15 19 42 43 16 32 23 34 22 18 24 17 33 44 45 
AQUIIII!!49 22 3 1 13 6 34 31 5 0 37 4 33 25 2 10 
AQUIIII!!14 7 41 40 11 42 27 21 32 39 12 9 26 43 8 44 
AQUIIII!!2 33 47 10 20 37 25 46 22 1 34 0 48 23 45 49 
AQUIIII!!49 4 25 31 3 0 10 13 34 2 22 37 33 6 1 5 
AQUIIII!!25 48 10 37 1 22 23 0 34 46 13 2 33 47 3 49 
AQUIIII!!22 47 19 33 34 24 37 45 10 17 46 20 48 18 23 49 
AQUIIII!!25 47 46 23 2 33 0 1 34 22 48 3 10 13 37 49 
AQUIIII!!10 2 6 1 22 0 13 4 37 31 25 33 3 34 5 49 
AQUIIII!!18 10 34 45 37 46 47 25 20 33 0 48 19 22 23 49 
AQUIIII!!46 23 33 19 45 34 10 20 0 25 22 48 37 47 1 49 
AQUIIII!!49 22 19 46 18 23 48 34 45 17 16 33 37 47 20 24 
AQUIIII!!3 13 2 34 46 0 22 37 10 48 1 33 25 47 23 49 
Number of Cuts in the second phase:3318
Number of repeat: 2986 
Violation: 285.000000
Violation: 570.000000
Violation: 464.000000
Violation: 285.000000
Violation: 140.000000
Violation: 1106.000000
Violation: 928.000000
Violation: 375.000000
Violation: 140.000000
Violation: 285.000000
Violation: 420.000000
Violation: 1125.000000
Violation: 497.000000
Violation: 140.000000
Violation: 642.000000
Violation: 500.000000
Violation: 140.000000
Violation: 425.000000
Violation: 750.000000
Violation: 375.000000
Violation: 375.000000
Violation: 625.000000
Violation: 659.000000
Violation: 428.000000
Violation: 1000.000000
Violation: 284.000000
Violation: 280.000000
Violation: 375.000000
Violation: 712.000000
Violation: 140.000000
Violation: 207.000000
Violation: 375.000000
Violation: 570.000000
Violation: 284.000000
Violation: 375.000000
Violation: 106.000000
Violation: 750.000000
Violation: 500.000000
Violation: 125.000000
Violation: 125.000000
Violation: 125.000000
Violation: 283.000000
Violation: 375.000000
Violation: 375.000000
Violation: 570.000000
Violation: 96.000000
Violation: 655.000000
Violation: 782.000000
Violation: 497.000000
Violation: 284.000000
Violation: 570.000000
Violation: 140.000000
Violation: 565.000000
Violation: 375.000000
Violation: 640.000000
Violation: 922.000000
Violation: 246.000000
Violation: 695.000000
Violation: 140.000000
Violation: 515.000000
Violation: 782.000000
Violation: 565.000000
Violation: 140.000000
Violation: 178.000000
Violation: 497.000000
Violation: 424.000000
Violation: 375.000000
Violation: 352.000000
Violation: 420.000000
Violation: 568.000000
Violation: 710.000000
Violation: 415.000000
Violation: 420.000000
Violation: 565.000000
Violation: 318.000000
Violation: 375.000000
Violation: 375.000000
Violation: 625.000000
Violation: 140.000000
Violation: 1352.000000
Violation: 499.000000
Violation: 390.000000
Violation: 710.000000
Violation: 500.000000
Violation: 795.000000
Violation: 318.000000
Violation: 750.000000
Violation: 225.000000
Violation: 497.000000
Violation: 375.000000
Violation: 140.000000
Violation: 1352.000000
Violation: 777.000000
Violation: 311.000000
Violation: 125.000000
Violation: 140.000000
Violation: 710.000000
Violation: 710.000000
Violation: 106.000000
Violation: 140.000000
Violation: 285.000000
Violation: 708.000000
Violation: 284.000000
Violation: 945.000000
Violation: 636.000000
Violation: 125.000000
Violation: 140.000000
Violation: 225.000000
Violation: 178.000000
Violation: 140.000000
Violation: 1212.000000
Violation: 820.000000
Violation: 922.000000
Violation: 370.000000
Violation: 602.000000
Violation: 214.000000
Violation: 926.000000
Violation: 68.000000
Violation: 178.000000
Violation: 742.000000
Violation: 642.000000
Violation: 710.000000
Violation: 990.000000
Violation: 749.000000
Violation: 655.000000
Violation: 246.000000
Violation: 375.000000
Violation: 285.000000
Violation: 750.000000
Violation: 749.000000
Violation: 69.000000
Violation: 533.000000
Violation: 497.000000
Violation: 255.000000
Violation: 1000.000000
Violation: 1405.000000
Violation: 175.000000
Violation: 760.000000
Violation: 1260.000000
Violation: 1052.000000
Violation: 620.000000
Violation: 642.000000
Violation: 1250.000000
Violation: 1375.000000
Violation: 106.000000
Violation: 820.000000
Violation: 231.000000
Violation: 68.000000
Violation: 998.000000
Violation: 1352.000000
Violation: 1087.000000
Violation: 280.000000
Violation: 375.000000
Violation: 490.000000
Violation: 515.000000
Violation: 659.000000
Violation: 492.000000
Violation: 231.000000
Violation: 500.000000
Violation: 386.000000
Violation: 481.000000
Violation: 414.000000
Violation: 34.000000
Violation: 375.000000
Violation: 280.000000
Violation: 642.000000
Violation: 848.000000
Violation: 856.000000
Violation: 140.000000
Violation: 742.000000
Violation: 140.000000
Violation: 1104.000000
Violation: 280.000000
Violation: 1386.000000
Violation: 1302.000000
Violation: 935.000000
Violation: 280.000000
Violation: 280.000000
Violation: 676.000000
Violation: 705.000000
Violation: 307.000000
Violation: 140.000000
Violation: 560.000000
Violation: 710.000000
Violation: 241.000000
Violation: 1106.000000
Violation: 957.000000
Violation: 845.000000
Violation: 560.000000
Violation: 319.000000
Violation: 352.000000
Violation: 766.000000
Violation: 570.000000
Violation: 806.000000
Violation: 920.000000
Violation: 318.000000
Violation: 352.000000
Violation: 250.000000
Violation: 11.000000
Violation: 712.000000
Violation: 280.000000
Violation: 375.000000
Violation: 1130.000000
Violation: 455.000000
Violation: 115.000000
Violation: 749.000000
Violation: 166.000000
Violation: 515.000000
Violation: 638.000000
Violation: 1000.000000
Violation: 475.000000
Violation: 415.000000
Violation: 89.000000
Violation: 140.000000
Violation: 711.000000
Violation: 414.000000
Violation: 375.000000
Violation: 246.000000
Violation: 515.000000
Violation: 155.000000
Violation: 370.000000
Violation: 125.000000
Violation: 920.000000
Violation: 992.000000
Violation: 375.000000
Violation: 100.000000
Violation: 415.000000
Violation: 271.000000
Violation: 210.000000
Violation: 285.000000
Violation: 140.000000
Violation: 806.000000
Violation: 284.000000
Violation: 456.000000
Violation: 405.000000
Violation: 135.000000
Violation: 500.000000
Violation: 500.000000
Violation: 139.000000
Violation: 818.000000
Violation: 64.000000
Violation: 1386.000000
Violation: 1027.000000
Violation: 1027.000000
Violation: 250.000000
Violation: 33.000000
Violation: 510.000000
Violation: 106.000000
Violation: 640.000000
Violation: 1025.000000
Violation: 490.000000
Violation: 420.000000
Violation: 245.000000
Violation: 386.000000
Violation: 602.000000
Violation: 481.000000
Violation: 570.000000
Violation: 425.000000
Violation: 705.000000
Violation: 424.000000
Violation: 284.000000
Violation: 565.000000
Violation: 280.000000
Violation: 1.000000
Violation: 457.000000
Violation: 85.000000
Violation: 1519.000000
Violation: 170.000000
Violation: 390.000000
Violation: 484.000000
Violation: 356.000000
Violation: 604.000000
Violation: 33.000000
Violation: 375.000000
Violation: 140.000000
Violation: 731.000000
Violation: 705.000000
Violation: 386.000000
Violation: 568.000000
Violation: 450.000000
Violation: 795.000000
Violation: 453.000000
Violation: 386.000000
Violation: 710.000000
Violation: 195.000000
Violation: 340.000000
Violation: 500.000000
Violation: 500.000000
Violation: 375.000000
Violation: 280.000000
Violation: 704.000000
Violation: 280.000000
Violation: 587.000000
Violation: 780.000000
Violation: 280.000000
Violation: 106.000000
Violation: 782.000000
Violation: 125.000000
Violation: 80.000000
Violation: 458.000000
Violation: 140.000000
Violation: 500.000000
Violation: 1104.000000
Violation: 289.000000
Violation: 280.000000
Violation: 500.000000
Violation: 246.000000
Violation: 140.000000
Violation: 710.000000
Violation: 175.000000
Violation: 375.000000
Violation: 710.000000
Violation: 246.000000
Violation: 476.000000
Violation: 745.000000
Violation: 212.000000
Violation: 425.000000
Violation: 87.000000
Violation: 570.000000
Violation: 265.000000
Violation: 710.000000
Violation: 771.000000
Violation: 350.000000
Violation: 1345.000000
Violation: 515.000000
Violation: 830.000000
Violation: 30.000000
Violation: 265.000000
Violation: 651.000000
Violation: 140.000000
Violation: 832.000000
Violation: 1492.000000
took 2.417602
Optimize a model with 696 rows, 906 columns and 10729 nonzeros
Coefficient statistics:
  Matrix range     [1e+00, 5e+01]
  Objective range  [0e+00, 0e+00]
  Bounds range     [1e+00, 4e+01]
  RHS range        [1e+00, 1e+02]
Presolve removed 254 rows and 107 columns
Presolve time: 0.00s
Presolved: 442 rows, 799 columns, 9533 nonzeros

Iteration    Objective       Primal Inf.    Dual Inf.      Time
       0    0.0000000e+00   4.639294e+01   0.000000e+00      0s
     102    0.0000000e+00   0.000000e+00   0.000000e+00      0s

Solved in 102 iterations and 0.01 seconds
Optimal objective  0.000000000e+00
