j609_3.sm_s2.txt
Academic license - for non-commercial use only
Read LP format model from file lp/j609_3.sm.lp
Reading time = 0.05 seconds
: 797 rows, 3410 columns, 67183 nonzeros
OKGPU
nThreads: 1024 , nBlocks: 12 
Number cuts generated in the phase 1: 8
Number of repeat: 0 
violation 472.000000
violation 576.000000
violation 625.000000
violation 594.000000
violation 622.000000
violation 209.000000
violation 5.000000
violation 50.000000
8592 16
AQUIIII!!107 61 23 67 24 13 1 35 36 2 106 99 66 14 34 25 
AQUIIII!!107 66 113 108 37 64 27 61 15 25 3 36 62 16 40 38 
AQUIIII!!107 38 2 25 64 40 3 37 36 16 108 113 61 66 62 15 
AQUIIII!!AQUIIII!!38 36 2 61 36 99 61 106 66 67 34 25 99 2 14 66 1 24 35 34 106 13 25 35 67 1 23 14 24 23 107 107 

AQUIIII!!15 61 37 3 66 62 38 64 27 25 113 29 AQUIIII!!40 107 16 3 108 106 24 107 2 
99 38 AQUIIII!!36 107 34 67 66 12 35 1 14 13 67 61 AQUIIII!!1 99 35 34 25 14 61 67 36 
99 2 38 23 61 24 14 66 106 35 34 106 
3 2 66 36 24 25 1 107 
AQUIIII!!35 24 36 66 67 14 99 106 2 34 1 61 25 38 23 107 AQUIIII!!
107 106 15 36 14 1 16 25 35 38 3 57 2 66 85 61 
AQUIIII!!15 35 57 61 14 85 16 36 3 66 106 38 1 2 25 107 
AQUIIII!!15 25 61 27 64 40 66 16 62 108 38 113 29 37 3 107 
AQUIIII!!107 27 37 16 25 38 40 113 61 3 66 108 AQUIIII!!36 107 64 66 15 14 62 64 
36 61 3 25 37 62 40 38 15 2 106 16 
AQUIIII!!109 110 66 41 8 62 26 5 112 18 28 7 39 61 63 6 
AQUIIII!!2 99 66 35 24 14 36 12 34 13 61 1 23 67 107 106 
AQUIIII!!16 29 27 15 62 25 64 37 3 113 38 40 61 66 107 108 
AQUIIII!!15 113 36 3 38 16 108 61 40 25 64 37 62 27 66 107 
AQUIIII!!107 38 113 36 2 3 16 37 15 66 25 62 61 64 40 108 
AQUIIII!!107 37 64 113 66 40 108 38 27 16 15 25 36 3 62 61 
AQUIIII!!106 3 2 107 85 25 66 14 15 37 1 57 61 38 36 16 
AQUIIII!!66 34 1 25 99 14 67 61 36 38 3 2 24 35 106 107 
AQUIIII!!34 67 2 14 24 35 1 36 25 99 38 23 66 61 107 106 
AQUIIII!!107 38 2 66 AQUIIII!!1 16 37 61 36 25 57 62 15 37 16 66 3 108 14 3 61 64 106 36 85 113 25 
27 38 15 40 107 
AQUIIII!!107 37 2 66 40 38 62 113 16 64 15 61 36 3 108 25 
AQUIIII!!110 109 62 44 18 6 63 41 8 111 9 30 17 112 66 28 
AQUIIII!!66 62 15 16 37 38 3 108 25 29 40 27 64 61 113 107 
AQUIIII!!110 5 108 61 40 29 64 62 109 39 26 27 7 113 4 66 
AQUIIII!!107 66 62 16 25 36 2 3 15 40 61 106 38 37 14 64 
AQUIIII!!AQUIIII!!1 64 66 25 62 2 3 85 40 36 108 3 66 15 61 38 38 25 14 16 24 61 57 106 113 35 36 107 2 
37 15 107 
AQUIIII!!16 38 36 14 40 25 15 62 2 106 61 3 66 37 64 107 
AQUIIII!!107 61 66 67 2 12 14 34 106 35 1 24 99 36 23 13 
AQUIIII!!108 110 61 29 64 27 66 7 5 39 109 26 40 62 113 4 
AQUIIII!!61 16 37 113 62 3 2 36 38 66 40 64 15 25 107 108 
AQUIIII!!107 36 24 57 66 106 1 61 14 2 38 25 35 3 85 15 
AQUIIII!!107 13 12 23 99 36 66 61 34 67 24 14 106 2 35 1 
AQUIIII!!108 110 113 39 40 64 4 66 62 7 26 5 27 61 109 29 
AQUIIII!!107 66 25 61 38 3 108 36 15 2 64 37 62 113 40 16 
AQUIIII!!107 38 40 16 2 25 66 61 36 15 108 3 37 113 64 AQUIIII!!62 106 
3 36 85 24 25 15 35 57 1 2 61 38 66 14 107 
AQUIIII!!107 36 99 24 3 38 34 14 2 66 35 1 106 25 61 67 
AQUIIII!!14 24 106 1 34 61 25 36 67 3 66 99 2 38 35 107 
AQUIIII!!25 99 67 34 66 36 1 35 24 13 23 2 106 61 14 107 
AQUIIII!!16 3 40 66 64 36 62 38 113 25 2 108 61 37 15 107 
AQUIIII!!107 24 14 106 23 36 34 99 13 35 1 67 2 61 12 66 
AQUIIII!!107 35 3 66 2 36 106 34 25 14 61 38 1 67 99 24 
AQUIIII!!109 110 5 26 39 62 27 64 66 4 108 7 40 29 61 113 
AQUIIII!!66 61 3 16 113 40 15 36 27 62 37 38 108 64 25 107 
AQUIIII!!24 1 36 38 14 61 25 2 106 57 3 85 35 15 66 107 
AQUIIII!!25 37 15 66 14 38 16 57 85 3 106 61 1 36 2 107 
AQUIIII!!61 99 24 35 23 36 2 1 34 66 25 38 67 14 107 106 
AQUIIII!!4 108 109 64 62 29 26 39 61 113 40 27 37 66 5 7 
AQUIIII!!37 62 3 38 66 108 25 40 27 15 64 61 36 16 113 107 
AQUIIII!!38 37 66 36 25 40 61 3 62 2 15 64 107 16 108 106 
AQUIIII!!107 36 1 106 12 99 67 23 24 66 35 2 14 13 34 61 
AQUIIII!!13 67 35 36 12 24 106 66 2 14 1 61 34 23 99 107 
AQUIIII!!110 5 109 66 26 62 112 18 8 39 63 29 4 6 7 61 
AQUIIII!!107 38 36 24 99 106 25 67 35 1 2 61 23 34 66 14 
AQUIIII!!107 67 13 23 1 99 2 14 12 36 66 61 106 35 24 34 
AQUIIII!!106 107 2 38 14 23 25 67 1 99 34 35 66 61 24 36 AQUIIII!!
107 36 27 62 15 37 3 66 25 61 108 40 38 64 16 113 
AQUIIII!!62 40 29 61 39 26 7 27 5 4 113 64 110 66 108 109 
AQUIIII!!66 61 1 106 85 38 36 35 3 15 57 24 25 2 14 107 
AQUIIII!!4 5 28 61 6 112 26 66 63 8 7 62 39 18 110 109 
AQUIIII!!29 40 62 64 26 7 4 108 39 27 66 61 113 5 110 109 
AQUIIII!!107 24 67 14 25 34 61 2 23 106 35 99 1 36 66 13 
AQUIIII!!85 3 106 35 16 15 14 25 57 2 36 61 66 38 1 107 
AQUIIII!!107 38 14 40 3 106 25 2 64 15 66 16 37 61 62 36 
AQUIIII!!37 27 113 108 16 64 3 25 38 15 40 36 61 66 62 107 
AQUIIII!!107 16 36 27 64 66 113 62 37 15 38 108 25 3 61 40 
AQUIIII!!15 1 AQUIIII!!61 25 25 106 2 38 38 3 57 36 106 15 14 2 24 37 66 14 3 40 35 61 85 16 36 66 107 64 
62 107 
AQUIIII!!107 66 37 36 14 61 25 3 2 40 64 38 16 15 106 62 
AQUIIII!!24 14 35 61 1 36 2 57 3 66 25 85 38 15 106 107 
AQUIIII!!110 5 39 108 109 112 7 61 26 4 27 64 66 113 62 29 
AQUIIII!!108 15 36 3 61 40 66 64 38 37 16 62 2 25 107 106 
AQUIIII!!40 36 14 38 2 15 62 106 3 61 64 16 66 37 25 107 
AQUIIII!!107 3 38 37 15 25 106 40 16 64 62 36 61 2 108 66 
AQUIIII!!36 35 1 38 2 3 106 66 25 61 57 15 85 14 16 107 
AQUIIII!!110 109 41 112 7 5 18 62 8 6 66 26 39 63 61 28 
AQUIIII!!23 1 2 34 61 66 13 14 106 67 25 36 99 24 35 107 
AQUIIII!!24 35 99 67 34 2 1 106 36 23 66 13 25 61 14 107 
AQUIIII!!107 15 106 37 38 66 16 25 2 3 14 85 61 1 57 36 
AQUIIII!!108 110 4 113 7 66 26 27 5 29 40 109 62 64 61 39 
AQUIIII!!107 99 66 61 23 67 25 1 38 34 24 36 35 2 14 106 
AQUIIII!!107 24 67 13 14 2 99 35 66 106 36 1 25 23 61 34 
AQUIIII!!1 3 2 66 15 57 24 38 35 106 36 85 25 14 61 107 
AQUIIII!!108 107 36 62 15 37 66 16 38 61 113 27 3 64 40 25 
AQUIIII!!25 16 15 37 113 62 61 108 64 3 27 38 40 36 66 107 
AQUIIII!!107 66 62 38 113 25 29 61 16 15 3 40 64 108 27 37 
AQUIIII!!67 35 36 66 24 2 34 1 14 106 13 61 25 99 23 107 
AQUIIII!!3 14 62 25 36 40 64 37 15 16 2 106 38 66 61 107 
AQUIIII!!41 18 8 62 112 39 17 28 63 30 6 44 111 66 110 109 
AQUIIII!!107 36 25 16 1 66 85 106 37 57 2 61 3 14 38 15 
AQUIIII!!2 106 107 16 62 64 66 40 38 15 14 61 36 25 37 3 
AQUIIII!!107 99 106 35 36 1 2 34 23 61 67 66 14 12 13 24 
AQUIIII!!110 109 41 112 7 5 18 62 8 6 66 26 39 63 61 28 
AQUIIII!!107 15 61 36 3 66 62 16 2 38 106 64 40 25 37 108 
AQUIIII!!99 67 36 24 14 35 66 38 61 106 1 2 23 34 25 107 
AQUIIII!!37 106 62 16 40 36 14 38 25 3 66 61 2 64 15 107 
AQUIIII!!107 1 36 23 25 61 14 24 2 13 34 106 66 99 67 35 
AQUIIII!!25 15 27 62 113 64 40 29 38 66 37 16 61 3 107 108 
AQUIIII!!106 37 15 16 38 66 61 62 36 40 25 3 64 2 14 107 
AQUIIII!!62 3 64 36 40 66 15 107 2 37 61 16 38 25 106 108 
AQUIIII!!113 15 38 25 36 37 66 62 3 2 16 61 40 64 107 108 
AQUIIII!!108 110 113 39 40 64 4 66 62 7 26 5 27 61 109 29 
AQUIIII!!107 38 66 36 35 3 16 1 2 85 61 25 14 106 15 57 
AQUIIII!!107 67 13 106 36 23 1 14 2 34 24 61 66 35 99 25 
AQUIIII!!107 2 AQUIIII!!1 25 36 25 23 34 24 24 66 3 34 99 99 14 106 14 35 38 13 67 1 61 
35 36 67 61 66 2 107 106 
AQUIIII!!25 23 24 34 99 14 13 1 35 36 67 61 66 2 107 106 
AQUIIII!!108 110 113 39 40 64 4 66 62 7 26 5 27 61 109 29 
AQUIIII!!109 5 110 27 7 113 40 29 61 39 4 26 64 108 66 62 
AQUIIII!!64 25 36 66 108 61 15 113 37 62 38 2 16 40 3 107 
AQUIIII!!107 27 108 62 36 38 25 64 16 37 15 113 3 61 40 66 
AQUIIII!!108 3 16 66 40 61 25 62 113 37 27 64 38 29 15 107 
AQUIIII!!25 61 36 62 38 106 3 14 37 15 40 66 16 2 64 107 
AQUIIII!!107 66 25 37 3 61 113 64 38 108 15 62 16 40 36 2 
AQUIIII!!109 110 5 6 61 112 18 63 28 8 41 62 66 26 7 39 
AQUIIII!!107 61 64 2 66 15 37 108 16 3 25 36 40 38 62 113 
AQUIIII!!109 5 110 27 7 113 40 29 61 39 4 26 64 108 66 62 
AQUIIII!!61 85 38 35 106 2 25 1 16 57 66 15 36 14 3 107 
AQUIIII!!29 7 4 5 64 109 61 113 26 40 27 39 66 62 110 108 
AQUIIII!!61 62 64 40 29 5 26 39 66 7 27 113 4 110 108 109 
AQUIIII!!61 62 64 40 29 5 26 39 66 7 27 113 4 110 108 109 
Number of Cuts in the second phase:2125
Number of repeat: 1892 
Violation: 1245.000000
Violation: 81.000000
Violation: 439.000000
Violation: 8.000000
Violation: 116.000000
Violation: 282.000000
Violation: 360.000000
Violation: 773.000000
Violation: 441.000000
Violation: 976.000000
Violation: 136.000000
Violation: 72.000000
Violation: 244.000000
Violation: 1008.000000
Violation: 410.000000
Violation: 703.000000
Violation: 190.000000
Violation: 917.000000
Violation: 920.000000
Violation: 190.000000
Violation: 568.000000
Violation: 344.000000
Violation: 719.000000
Violation: 189.000000
Violation: 478.000000
Violation: 359.000000
Violation: 335.000000
Violation: 480.000000
Violation: 686.000000
Violation: 568.000000
Violation: 16.000000
Violation: 872.000000
Violation: 110.000000
Violation: 145.000000
Violation: 831.000000
Violation: 222.000000
Violation: 543.000000
Violation: 42.000000
Violation: 1480.000000
Violation: 1134.000000
Violation: 424.000000
Violation: 20.000000
Violation: 882.000000
Violation: 155.000000
Violation: 93.000000
Violation: 304.000000
Violation: 144.000000
Violation: 152.000000
Violation: 496.000000
Violation: 832.000000
Violation: 629.000000
Violation: 334.000000
Violation: 886.000000
Violation: 1168.000000
Violation: 680.000000
Violation: 469.000000
Violation: 563.000000
Violation: 559.000000
Violation: 736.000000
Violation: 284.000000
Violation: 285.000000
Violation: 40.000000
Violation: 1008.000000
Violation: 391.000000
Violation: 253.000000
Violation: 448.000000
Violation: 543.000000
Violation: 369.000000
Violation: 121.000000
Violation: 134.000000
Violation: 168.000000
Violation: 850.000000
Violation: 1164.000000
Violation: 176.000000
Violation: 64.000000
Violation: 440.000000
Violation: 986.000000
Violation: 268.000000
Violation: 1117.000000
Violation: 10.000000
Violation: 321.000000
Violation: 1206.000000
Violation: 950.000000
Violation: 746.000000
Violation: 488.000000
Violation: 584.000000
Violation: 146.000000
Violation: 222.000000
Violation: 986.000000
Violation: 606.000000
Violation: 30.000000
Violation: 313.000000
Violation: 168.000000
Violation: 94.000000
Violation: 714.000000
Violation: 1222.000000
Violation: 361.000000
Violation: 857.000000
Violation: 712.000000
Violation: 28.000000
Violation: 462.000000
Violation: 208.000000
Violation: 215.000000
Violation: 344.000000
Violation: 80.000000
Violation: 682.000000
Violation: 544.000000
Violation: 77.000000
Violation: 147.000000
Violation: 126.000000
Violation: 193.000000
Violation: 1046.000000
Violation: 558.000000
Violation: 411.000000
Violation: 303.000000
Violation: 272.000000
Violation: 262.000000
Violation: 31.000000
Violation: 342.000000
Violation: 338.000000
Violation: 537.000000
Violation: 95.000000
Violation: 1124.000000
Violation: 513.000000
Violation: 108.000000
Violation: 274.000000
Violation: 1322.000000
Violation: 288.000000
Violation: 616.000000
Violation: 144.000000
Violation: 448.000000
Violation: 1862.000000
Violation: 65.000000
Violation: 1181.000000
Violation: 441.000000
Violation: 248.000000
Violation: 659.000000
Violation: 1344.000000
Violation: 154.000000
Violation: 239.000000
Violation: 306.000000
Violation: 234.000000
Violation: 181.000000
Violation: 272.000000
Violation: 164.000000
Violation: 245.000000
Violation: 624.000000
Violation: 912.000000
Violation: 290.000000
Violation: 29.000000
Violation: 20.000000
Violation: 991.000000
Violation: 1102.000000
Violation: 79.000000
Violation: 69.000000
Violation: 159.000000
Violation: 430.000000
Violation: 109.000000
Violation: 84.000000
Violation: 292.000000
Violation: 321.000000
Violation: 362.000000
Violation: 64.000000
Violation: 342.000000
Violation: 495.000000
Violation: 675.000000
Violation: 1059.000000
Violation: 910.000000
Violation: 397.000000
Violation: 119.000000
Violation: 746.000000
Violation: 793.000000
Violation: 304.000000
Violation: 21.000000
Violation: 178.000000
Violation: 106.000000
Violation: 766.000000
Violation: 875.000000
Violation: 93.000000
Violation: 650.000000
Violation: 26.000000
Violation: 89.000000
Violation: 1299.000000
Violation: 712.000000
Violation: 881.000000
Violation: 471.000000
Violation: 995.000000
Violation: 360.000000
Violation: 546.000000
Violation: 570.000000
Violation: 538.000000
Violation: 229.000000
Violation: 210.000000
Violation: 170.000000
Violation: 374.000000
Violation: 528.000000
Violation: 40.000000
Violation: 11.000000
Violation: 562.000000
Violation: 738.000000
Violation: 479.000000
Violation: 237.000000
Violation: 664.000000
Violation: 356.000000
Violation: 612.000000
Violation: 10.000000
Violation: 90.000000
Violation: 391.000000
Violation: 503.000000
Violation: 1254.000000
Violation: 958.000000
Violation: 608.000000
Violation: 515.000000
Violation: 1046.000000
Violation: 417.000000
Violation: 88.000000
Violation: 607.000000
Violation: 856.000000
Violation: 392.000000
Violation: 67.000000
Violation: 183.000000
Violation: 131.000000
Violation: 360.000000
Violation: 173.000000
Violation: 437.000000
Violation: 74.000000
Violation: 368.000000
Violation: 1138.000000
Violation: 58.000000
Violation: 661.000000
Violation: 389.000000
Violation: 672.000000
Violation: 459.000000
2400 16
AQUIIII!!107 35 34 25 61 66 106 14 99 2 23 24 67 13 36 1 
AQUIIII!!107 108 66 3 2 40 37 61 36 16 64 62 25 38 106 15 
AQUIIII!!107 14 36 1 38 66 106 85 57 2 16 15 61 3 25 37 
AQUIIII!!107 2 67 36 14 106 1 12 13 24 66 61 23 35 99 34 
AQUIIII!!61 66 29 38 3 113 27 64 62 25 16 37 15 40 107 108 
AQUIIII!!107 62 38 16 14 36 106 15 64 3 2 25 40 66 37 61 
AQUIIII!!4 110 109 112 26 66 63 39 7 6 5 29 62 61 27 8 
AQUIIII!!66 2 108 40 36 15 16 25 37 3 61 64 106 38 62 107 
AQUIIII!!107 106 14 99 2 25 1 61 24 66 35 34 36 67 13 23 
AQUIIII!!107 99 61 13 25 23 35 34 106 66 67 36 24 1 2 14 
AQUIIII!!107 24 38 3 66 25 61 14 36 34 2 106 1 35 99 67 
AQUIIII!!66 64 108 39 112 27 7 26 29 113 61 4 62 109 5 110 
AQUIIII!!66 64 108 39 112 27 7 26 29 113 61 4 62 109 5 110 
AQUIIII!!99 61 34 24 2 14 106 25 36 66 23 1 67 13 35 107 
AQUIIII!!57 16 2 85 38 66 25 61 3 106 37 36 15 14 1 107 
AQUIIII!!6 112 28 39 18 66 8 61 63 111 41 26 7 62 109 110 
AQUIIII!!61 35 85 3 66 38 25 1 57 106 15 24 36 14 2 107 
AQUIIII!!62 108 25 38 3 15 61 64 36 40 27 37 113 16 66 107 
AQUIIII!!4 110 109 112 26 66 63 39 7 6 5 29 62 61 27 8 
AQUIIII!!107 14 66 57 15 106 24 2 35 85 25 38 61 36 1 3 
AQUIIII!!110 109 4 61 7 63 5 112 62 6 26 66 39 8 27 29 
AQUIIII!!40 108 36 25 64 37 15 38 3 66 16 61 62 2 107 106 
AQUIIII!!107 36 24 57 3 1 85 14 106 15 25 35 38 61 66 2 
AQUIIII!!107 1 34 66 25 14 35 67 23 99 24 61 106 38 36 2 
AQUIIII!!2 36 1 25 34 66 35 24 106 61 67 3 99 14 38 107 
AQUIIII!!107 2 61 40 15 25 38 62 37 64 106 3 16 14 66 36 
AQUIIII!!61 5 7 6 63 18 8 39 112 28 26 62 41 66 110 109 
AQUIIII!!61 5 7 6 63 18 8 39 112 28 26 62 41 66 110 109 
AQUIIII!!106 24 67 25 35 34 3 38 99 66 14 2 61 1 36 107 
AQUIIII!!107 108 66 3 2 40 37 61 36 16 64 62 25 38 106 15 
AQUIIII!!107 40 37 16 15 3 36 38 61 66 27 108 62 113 25 64 
Number of Cuts in the second phase:565
Number of repeat: 532 
Violation: 450.000000
Violation: 561.000000
Violation: 84.000000
Violation: 436.000000
Violation: 439.000000
Violation: 240.000000
Violation: 296.000000
Violation: 846.000000
Violation: 78.000000
Violation: 1018.000000
Violation: 898.000000
Violation: 174.000000
Violation: 528.000000
Violation: 658.000000
Violation: 555.000000
Violation: 85.000000
Violation: 947.000000
Violation: 127.000000
Violation: 840.000000
Violation: 359.000000
Violation: 112.000000
Violation: 1242.000000
Violation: 1142.000000
Violation: 731.000000
Violation: 152.000000
Violation: 6.000000
Violation: 581.000000
Violation: 894.000000
Violation: 226.000000
Violation: 260.000000
Violation: 25.000000
Violation: 683.000000
Violation: 578.000000
took 9.661506
Optimize a model with 1119 rows, 3410 columns and 70613 nonzeros
Coefficient statistics:
  Matrix range     [1e+00, 1e+02]
  Objective range  [0e+00, 0e+00]
  Bounds range     [1e+00, 1e+02]
  RHS range        [1e+00, 7e+01]

Concurrent LP optimizer: dual simplex and barrier
Showing barrier log only...

Presolve removed 202 rows and 165 columns
Presolve time: 0.02s
Presolved: 917 rows, 3245 columns, 63899 nonzeros

Ordering time: 0.00s

Barrier statistics:
 Dense cols : 24
 AA' NZ     : 5.880e+04
 Factor NZ  : 1.206e+05 (roughly 3 MBytes of memory)
 Factor Ops : 2.738e+07 (less than 1 second per iteration)
 Threads    : 3

                  Objective                Residual
Iter       Primal          Dual         Primal    Dual     Compl     Time
   0   0.00000000e+00 -3.64812500e+01  2.10e+03 0.00e+00  5.81e-01     0s
   1   0.00000000e+00 -7.76174615e+01  6.03e+02 1.22e-02  1.69e-01     0s
   2   0.00000000e+00 -6.76554183e+01  1.91e+02 1.16e-03  5.37e-02     0s
   3   0.00000000e+00 -3.43257209e+01  2.96e+01 2.43e-17  1.00e-02     0s
   4   0.00000000e+00 -1.20881332e+01  2.83e+00 3.90e-18  1.95e-03     0s
   5   0.00000000e+00 -6.00058966e-01  3.52e-13 1.60e-18  8.23e-05     0s
   6   0.00000000e+00 -6.00088655e-04  4.00e-13 1.57e-17  8.23e-08     0s
   7   0.00000000e+00 -6.02590709e-10  5.06e-13 1.39e-20  8.27e-14     0s

Barrier solved model in 7 iterations and 0.06 seconds
Optimal objective 0.00000000e+00

Crossover log...

       0 DPushes remaining with DInf 0.0000000e+00                 0s

    3126 PPushes remaining with PInf 0.0000000e+00                 0s
       0 PPushes remaining with PInf 0.0000000e+00                 0s

  Push phase complete: Pinf 0.0000000e+00, Dinf 0.0000000e+00      0s

Iteration    Objective       Primal Inf.    Dual Inf.      Time
    3151    0.0000000e+00   0.000000e+00   0.000000e+00      0s
    3151    0.0000000e+00   0.000000e+00   0.000000e+00      0s

Solved with barrier
Solved in 3151 iterations and 0.12 seconds
Optimal objective  0.000000000e+00
