j3017_4.mm_s5.txt
Academic license - for non-commercial use only
Read LP format model from file lp/j3017_4.mm.lp
Reading time = 0.01 seconds
: 351 rows, 906 columns, 9053 nonzeros
OKGPU
nThreads: 1024 , nBlocks: 12 
Number cuts generated in the phase 1: 12
Number of repeat: 4 
violation 500.000000
violation 428.000000
violation 750.000000
violation 375.000000
violation 425.000000
violation 425.000000
violation 425.000000
violation 820.000000
6996 16

13 46 0 49 1 3 1 33 0 22 2 47 47 16 48 AQUIIII!!33 33 22 46 45 10 2 10 49 18 0 4 34 
22 19 46 48 3 20 49 1 23 47 17 2 
34 2 18 34 19 33 46 24 34 48 4 49 46 45 2 48 45 22 23 13 22 49 15 25 1 

19 18 23 48 20 AQUIIII!!47 33 10 44 49 18 

48 33 34 22 AQUIIII!!20 0 17 AQUIIII!!1 3 AQUIIII!!3 47 33 22 13 23 48 10 46 45 19 23 2 48 0 24 45 13 25 AQUIIII!!49 18 22 25 
34 47 34 34 45 AQUIIII!!46 AQUIIII!!47 48 10 15 17 4 AQUIIII!!25 45 13 AQUIIII!!20 18 0 13 0 47 49 48 45 47 1 48 1 46 19 AQUIIII!!20 16 1 48 46 49 2 5 33 46 20 17 46 46 AQUIIII!!10 10 47 1 16 33 20 19 20 46 2 0 22 AQUIIII!!33 4 17 0 34 22 1 33 34 AQUIIII!!33 47 3 4 49 1 13 44 46 5 45 34 19 49 22 2 2 18 5 3 
1 49 10 37 47 1 10 
10 10 34 22 1 
2 33 33 4 48 34 45 46 19 45 3 5 37 33 3 47 47 22 13 4 23 13 46 1 34 49 19 34 22 33 47 48 17 
0 22 22 3 20 23 48 18 2 47 10 25 2 
0 0 0 0 AQUIIII!!33 34 45 7 25 25 23 
6 10 48 4 34 0 10 49 49 5 48 22 6 13 

49 46 49 49 33 

1 
10 2 48 25 49 47 
22 4 33 48 34 3 13 0 AQUIIII!!49 31 
5 AQUIIII!!33 33 10 AQUIIII!!48 2 16 23 4 15 24 17 1 18 34 22 47 23 46 7 45 15 8 19 10 6 20 24 45 0 48 34 16 47 17 3 20 19 13 33 34 49 46 44 
18 49 49 

AQUIIII!!15 45 46 18 43 24 17 44 47 23 48 33 34 16 20 19 
AQUIIII!!45 46 44 AQUIIII!!18 17 49 33 16 34 20 19 46 47 15 23 20 18 43 34 17 22 16 0 48 42 19 47 10 32 45 23 33 

AQUIIII!!45 47 20 49 15 AQUIIII!!18 46 16 19 33 48 16 24 49 46 44 10 45 48 18 15 34 20 19 17 17 34 23 24 
47 33 23 
AQUIIII!!33 16 43 18 34 23 24 45 19 47 17 15 46 48 20 44 
AQUIIII!!48 49 17 16 46 18 19 45 44 23 34 20 47 15 24 33 
AQUIIII!!17 0 10 18 34 47 22 33 23 AQUIIII!!49 48 48 49 46 17 19 16 45 46 20 18 16 19 
45 44 23 34 20 47 AQUIIII!!15 34 24 19 33 AQUIIII!!10 
0 24 2 20 AQUIIII!!34 33 44 18 18 46 1 34 16 23 17 23 33 15 45 17 20 22 18 43 20 48 19 49 47 32 19 23 45 46 42 AQUIIII!!49 47 33 20 15 47 48 16 
AQUIIII!!16 10 23 44 45 
17 46 45 AQUIIII!!
18 17 19 33 45 34 18 22 43 23 0 24 20 33 17 16 46 10 47 48 48 34 16 19 24 47 34 19 AQUIIII!!18 49 15 33 46 AQUIIII!!49 47 15 20 33 AQUIIII!!48 20 23 46 48 24 23 46 17 
17 45 49 
18 34 44 33 19 
47 16 15 18 34 44 10 0 20 AQUIIII!!0 22 20 16 48 19 34 23 10 10 23 45 18 1 1 47 48 34 33 20 2 45 49 46 19 AQUIIII!!
17 22 0 48 19 45 37 34 AQUIIII!!46 49 47 23 
47 20 46 17 48 33 24 20 
22 17 15 13 34 45 33 48 49 46 44 
16 33 AQUIIII!!24 23 16 47 15 33 19 17 49 49 48 45 18 20 16 44 47 46 45 22 47 
0 AQUIIII!!18 18 44 19 23 45 46 
17 34 33 10 AQUIIII!!19 18 46 49 18 23 45 45 20 
22 16 10 AQUIIII!!47 16 4 34 33 2 24 20 13 19 23 34 15 17 8 49 34 7 48 0 1 46 19 5 
48 6 49 22 47 3 
33 10 AQUIIII!!0 49 31 4 AQUIIII!!49 3 22 48 
47 23 22 10 1 1 25 10 18 6 0 0 AQUIIII!!19 34 5 5 20 13 1 47 33 AQUIIII!!2 2 46 23 13 
48 22 AQUIIII!!22 34 19 46 48 33 33 16 46 17 48 33 34 20 45 20 49 47 0 AQUIIII!!34 
0 33 33 17 45 22 15 10 AQUIIII!!46 1 45 3 33 18 45 19 47 17 1 19 44 4 46 34 48 45 25 23 23 10 23 AQUIIII!!49 18 17 18 46 17 
20 47 49 15 34 0 
24 18 22 47 49 24 10 
19 48 16 23 34 48 10 17 47 18 49 34 20 
43 AQUIIII!!1 19 2 33 AQUIIII!!44 8 19 0 33 20 10 45 0 
0 31 48 AQUIIII!!1 22 46 20 13 45 49 16 7 34 47 23 10 33 
17 4 18 18 5 20 34 45 23 3 22 47 1 0 22 6 33 2 49 
10 46 48 48 19 49 34 
49 47 AQUIIII!!46 1 
AQUIIII!!46 22 48 20 33 16 34 47 AQUIIII!!10 17 48 19 24 10 23 20 AQUIIII!!46 22 15 23 23 2 16 32 0 18 18 34 18 0 34 33 33 47 17 46 34 49 46 20 48 20 33 18 AQUIIII!!19 45 23 15 48 49 
45 16 25 45 19 42 3 
47 34 47 10 33 19 49 2 43 
17 47 45 1 AQUIIII!!0 44 17 10 
AQUIIII!!34 13 5 22 20 6 AQUIIII!!19 46 0 1 23 22 7 48 10 45 22 13 18 49 2 46 20 
31 2 1 1 22 33 34 25 0 13 20 45 4 47 48 33 3 46 8 33 49 3 0 10 47 49 34 

45 10 AQUIIII!!AQUIIII!!49 23 22 
45 20 46 19 34 0 10 48 0 10 18 48 AQUIIII!!22 19 37 47 47 AQUIIII!!48 23 AQUIIII!!16 49 45 46 1 45 17 20 33 17 44 18 2 46 46 45 20 0 19 34 49 34 32 23 2 
23 46 45 42 0 1 16 33 13 AQUIIII!!33 22 18 15 10 1 34 18 1 49 10 47 20 
20 19 43 20 0 34 33 33 21 33 22 2 
AQUIIII!!19 47 48 49 2 49 19 2 22 
10 1 45 AQUIIII!!AQUIIII!!
46 49 49 48 22 13 34 45 33 37 20 48 3 AQUIIII!!48 10 37 13 49 47 24 22 0 48 34 33 13 5 0 49 17 2 46 22 
47 18 20 2 10 34 15 46 4 25 16 0 34 1 45 10 25 4 46 1 
33 19 33 AQUIIII!!13 47 47 48 46 49 48 34 10 46 23 19 5 18 3 

24 47 17 
23 47 44 16 15 33 19 45 20 34 
AQUIIII!!45 19 49 10 22 34 23 48 0 20 1 AQUIIII!!18 AQUIIII!!49 46 43 0 2 9 48 33 44 22 47 42 46 
41 34 15 17 7 19 27 1 39 10 12 33 32 45 11 20 6 47 14 18 8 23 21 

AQUIIII!!33 45 34 15 23 16 47 19 48 20 44 AQUIIII!!46 16 49 48 18 15 24 18 17 23 
46 47 20 49 17 34 33 19 45 10 24 
AQUIIII!!19 33 48 18 22 34 10 45 16 23 0 20 47 AQUIIII!!49 16 17 9 46 15 
27 39 41 7 12 14 42 11 21 32 44 43 8 
AQUIIII!!33 46 24 45 17 15 20 34 48 49 16 44 18 19 23 47 
AQUIIII!!34 15 16 10 48 18 17 24 23 19 20 33 47 46 49 45 
AQUIIII!!48 49 46 0 33 1 3 25 34 13 4 45 47 10 22 2 
AQUIIII!!49 22 0 34 45 1 33 20 48 19 47 10 46 37 2 13 
AQUIIII!!23 17 45 AQUIIII!!15 22 24 3 16 33 47 20 10 AQUIIII!!13 47 47 18 48 0 34 34 4 48 25 46 19 46 33 20 1 33 2 0 46 10 10 49 34 2 
22 45 45 49 
1 48 3 25 13 49 AQUIIII!!
49 2 19 37 46 48 1 34 13 47 33 20 0 AQUIIII!!10 49 22 46 45 0 
47 48 45 18 2 33 10 20 1 22 23 34 19 
AQUIIII!!49 16 18 24 48 17 46 23 33 45 19 15 34 10 20 47 
AQUIIII!!49 44 19 34 20 16 48 23 45 15 AQUIIII!!17 22 18 23 47 0 24 1 45 46 34 33 33 
18 10 47 48 49 19 20 17 46 
AQUIIII!!23 10 33 24 34 48 20 18 17 46 16 19 49 45 47 15 
AQUIIII!!15 33 44 19 47 20 45 34 AQUIIII!!23 46 18 13 17 3 24 2 16 25 48 0 49 22 46 10 
1 20 AQUIIII!!34 15 33 33 47 44 45 19 49 47 48 20 
45 34 23 18 17 24 16 48 49 46 
AQUIIII!!33 15 20 19 17 16 43 18 AQUIIII!!32 49 42 47 34 AQUIIII!!23 47 24 16 23 49 46 46 33 18 45 20 19 44 48 46 
24 44 34 19 44 34 45 18 33 17 17 23 20 47 15 45 
15 48 16 
AQUIIII!!10 34 0 2 1 3 48 45 33 47 25 46 22 13 4 49 
AQUIIII!!6 1 22 5 4 47 13 10 0 34 3 48 2 25 33 49 
AQUIIII!!17 45 47 18 33 1 19 46 48 22 49 34 20 0 10 23 
AQUIIII!!33 43 15 19 17 47 24 20 18 23 48 34 44 46 45 16 
AQUIIII!!33 15 23 45 AQUIIII!!AQUIIII!!17 24 20 18 18 10 46 33 24 34 34 19 16 17 18 10 34 23 15 49 45 42 47 15 32 19 46 17 16 43 20 48 23 33 
16 47 47 49 44 48 
45 46 19 AQUIIII!!20 24 
18 46 34 16 10 23 45 15 19 17 20 33 47 49 48 
AQUIIII!!15 12 7 32 41 11 6 39 14 27 42 8 21 43 9 44 
AQUIIII!!22 10 13 20 1 AQUIIII!!34 49 0 46 37 33 45 13 48 2 47 33 25 46 4 19 22 47 45 49 48 
34 10 3 1 2 0 
AQUIIII!!49 20 2 45 46 48 37 10 33 0 22 34 1 13 19 47 
AQUIIII!!AQUIIII!!19 49 48 33 23 1 34 47 20 20 10 0 0 2 22 33 34 46 19 18 45 AQUIIII!!2 46 49 1 10 48 45 48 47 46 37 49 13 18 
22 0 
45 47 34 20 1 23 10 33 19 2 22 
AQUIIII!!49 24 18 46 15 16 19 47 45 20 10 48 34 33 23 17 
AQUIIII!!49 47 17 48 18 19 23 34 24 33 20 46 AQUIIII!!10 48 45 49 16 46 15 0 
33 AQUIIII!!1 49 3 33 25 34 22 13 34 4 2 45 3 47 10 10 48 22 2 13 
5 47 25 46 1 0 4 
AQUIIII!!16 17 33 48 46 44 47 18 23 19 34 24 20 45 15 43 
AQUIIII!!17 18 AQUIIII!!33 24 44 44 43 15 20 17 34 48 24 23 46 20 19 33 23 43 AQUIIII!!15 19 16 45 34 33 48 18 32 16 45 43 47 16 20 47 
44 46 23 
17 34 42 19 15 18 46 47 45 
AQUIIII!!13 22 33 0 45 37 47 46 48 2 19 34 AQUIIII!!48 1 49 10 47 10 20 13 49 34 
3 2 22 4 1 25 0 45 46 33 
AQUIIII!!18 15 AQUIIII!!19 10 48 33 34 45 10 3 AQUIIII!!45 48 49 24 25 13 33 47 47 23 34 46 47 33 1 16 13 0 46 0 2 17 4 22 20 6 20 49 2 34 
5 25 10 49 1 
AQUIIII!!3 23 48 20 22 10 AQUIIII!!
18 49 34 22 16 2 47 46 0 1 33 25 46 48 0 19 10 22 4 17 3 45 48 49 33 
47 13 5 34 
AQUIIII!!48 13 22 45 46 34 2 33 0 3 47 25 4 1 10 49 
AQUIIII!!10 22 AQUIIII!!34 46 19 48 33 16 49 20 18 45 34 48 0 10 13 17 47 23 46 20 37 33 22 2 19 0 45 1 47 
49 
AQUIIII!!49 34 1 2 13 4 22 47 48 3 5 0 10 25 46 33 
AQUIIII!!3 0 AQUIIII!!46 0 33 4 25 1 10 3 4 13 1 46 47 10 13 34 22 25 34 2 2 48 22 45 33 49 47 
48 5 49 AQUIIII!!
10 16 17 46 47 45 23 0 20 18 22 33 19 48 34 49 
AQUIIII!!19 AQUIIII!!24 23 49 AQUIIII!!48 8 45 20 5 34 44 33 16 17 0 45 33 48 34 15 22 16 18 13 46 20 6 47 46 17 1 10 23 10 49 33 2 
7 24 3 18 31 47 4 43 
15 19 34 
AQUIIII!!49 48 46 18 0 45 47 34 20 1 23 10 33 19 2 22 
AQUIIII!!27 41 42 16 11 21 12 17 15 9 39 14 32 44 43 8 
AQUIIII!!49 48 46 18 0 45 47 34 20 1 23 10 33 19 2 22 
AQUIIII!!48 49 AQUIIII!!46 2 18 3 19 34 33 10 20 48 24 33 25 17 45 44 22 23 1 16 0 47 13 15 20 34 46 45 47 
49 
AQUIIII!!10 47 17 18 48 16 23 33 46 34 0 19 45 20 22 49 
AQUIIII!!49 47 48 15 19 34 16 44 24 45 17 20 23 46 33 18 
AQUIIII!!10 18 0 1 45 33 48 2 34 47 23 19 20 46 22 49 
AQUIIII!!49 22 47 2 34 46 0 5 10 1 25 33 48 AQUIIII!!13 4 49 3 
48 23 10 0 47 1 20 AQUIIII!!49 33 0 22 34 2 46 10 45 3 17 4 22 18 13 34 7 1 19 37 
48 6 5 AQUIIII!!33 48 
19 20 33 47 23 2 46 1 22 45 34 18 10 0 AQUIIII!!49 
49 33 13 47 3 10 34 2 25 45 4 48 22 1 46 0 
AQUIIII!!49 45 2 18 23 1 0 47 22 20 33 34 48 10 19 46 
AQUIIII!!5 31 7 8 2 0 34 4 6 33 22 13 1 10 3 49 
AQUIIII!!19 44 49 16 18 33 23 47 24 45 34 46 48 15 17 20 
AQUIIII!!16 44 20 47 46 17 49 24 AQUIIII!!33 20 34 23 19 15 15 48 33 23 17 45 43 18 46 
24 16 34 19 48 47 45 44 18 
AQUIIII!!4 5 2 48 7 3 13 37 6 0 34 22 33 10 1 49 
AQUIIII!!49 33 23 15 45 18 19 48 34 24 AQUIIII!!20 11 16 14 47 12 44 21 17 27 46 39 
16 9 17 15 42 32 41 43 44 8 
AQUIIII!!17 16 47 24 45 20 23 34 10 15 18 19 49 48 33 46 
AQUIIII!!48 1 22 34 13 AQUIIII!!6 48 4 47 2 16 33 18 0 20 25 46 5 17 47 49 10 19 3 49 24 
23 15 45 33 10 34 AQUIIII!!44 
45 34 17 16 47 33 15 20 32 46 23 43 18 19 42 
AQUIIII!!49 17 46 45 AQUIIII!!15 3 18 1 48 AQUIIII!!10 34 3 25 48 24 5 47 20 2 13 47 6 23 5 1 0 16 13 22 19 34 4 33 4 2 44 22 33 
37 34 10 48 6 33 0 49 
7 49 
AQUIIII!!49 20 34 47 46 2 1 0 33 45 37 19 13 48 10 22 
AQUIIII!!49 47 46 22 0 3 1 25 45 34 13 2 4 48 33 10 
AQUIIII!!49 47 48 15 19 34 16 44 24 45 17 20 23 46 33 18 
AQUIIII!!18 16 15 48 45 44 34 46 20 33 47 24 23 17 19 49 
AQUIIII!!49 34 33 22 47 45 19 0 48 20 1 46 37 2 13 10 
AQUIIII!!49 0 13 AQUIIII!!7 49 2 AQUIIII!!17 22 19 49 10 6 34 23 48 25 48 46 5 33 3 10 47 37 22 45 45 46 3 20 4 34 34 13 4 18 10 33 22 2 1 0 AQUIIII!!
1 1 49 47 
1 0 4 48 37 33 0 
22 7 10 34 3 33 5 2 13 6 48 
AQUIIII!!49 34 15 18 19 24 47 20 44 17 33 16 23 48 45 46 
AQUIIII!!49 20 2 0 10 1 13 33 22 47 34 46 48 45 25 3 
AQUIIII!!18 16 34 19 17 15 20 24 23 47 33 43 44 45 48 46 
AQUIIII!!15 34 49 17 48 44 46 20 33 47 24 45 18 19 23 16 
AQUIIII!!49 4 25 46 2 1 10 3 0 47 33 48 45 34 13 22 
AQUIIII!!17 18 46 49 34 16 48 20 47 33 24 15 45 10 23 19 
AQUIIII!!49 18 10 22 0 45 1 20 33 46 23 34 47 48 2 19 
AQUIIII!!20 49 45 0 46 48 17 23 22 34 33 18 19 10 47 1 
AQUIIII!!49 48 45 1 22 2 46 23 18 34 19 47 33 20 0 10 
AQUIIII!!34 48 20 15 24 19 44 49 33 46 18 23 16 45 47 17 
AQUIIII!!48 49 46 18 19 33 20 24 17 44 23 16 47 AQUIIII!!15 46 34 45 45 44 AQUIIII!!
16 16 15 48 AQUIIII!!19 15 18 17 49 45 42 17 48 23 18 19 33 23 16 18 45 23 47 33 15 32 34 47 34 10 17 43 20 33 20 24 34 
19 46 46 24 47 49 44 
20 
AQUIIII!!48 23 47 49 20 46 10 22 18 2 1 45 34 33 0 19 
AQUIIII!!2 22 37 48 33 10 13 19 1 0 34 46 47 45 20 49 
AQUIIII!!49 46 33 34 48 10 20 2 1 45 19 13 47 22 0 37 
AQUIIII!!13 3 10 22 4 0 48 33 1 34 7 2 37 6 5 49 
AQUIIII!!45 44 48 33 16 43 18 15 20 24 19 23 34 46 47 17 
AQUIIII!!25 20 3 47 0 33 10 45 13 34 22 2 1 46 49 48 
AQUIIII!!49 20 25 45 22 46 10 34 2 0 33 AQUIIII!!47 3 49 48 25 1 2 13 
45 20 22 46 48 3 10 1 34 13 0 47 33 
AQUIIII!!49 7 6 AQUIIII!!31 45 33 49 20 8 2 34 3 22 47 33 1 0 10 48 1 0 46 2 10 5 34 13 3 22 4 25 13 

AQUIIII!!49 34 10 0 22 20 13 47 25 46 2 45 33 3 1 48 
AQUIIII!!17 49 16 20 46 47 23 18 34 22 0 48 19 10 45 33 
AQUIIII!!19 15 46 49 44 18 17 47 23 48 33 34 45 20 16 24 
AQUIIII!!49 33 7 22 3 1 0 13 2 8 4 31 10 34 6 5 
AQUIIII!!33 47 18 23 24 19 20 10 17 16 15 45 34 49 48 46 
AQUIIII!!49 47 45 1 2 10 34 20 46 13 0 48 33 22 25 3 
AQUIIII!!49 2 22 3 4 6 5 48 0 34 10 47 1 25 13 33 
AQUIIII!!7 44 43 39 6 41 32 12 14 15 42 21 11 8 9 27 
AQUIIII!!49 46 13 25 5 4 34 48 0 33 10 3 1 22 47 2 
AQUIIII!!16 48 47 20 46 44 45 15 24 17 34 43 19 23 33 18 
AQUIIII!!49 47 18 33 0 19 34 22 17 23 46 16 45 48 10 20 
AQUIIII!!46 45 15 17 21 18 23 16 19 34 43 44 20 42 33 32 
AQUIIII!!46 47 45 48 20 0 33 37 13 10 1 22 34 49 2 19 
AQUIIII!!49 33 0 8 10 22 13 5 6 4 7 3 31 1 2 34 
AQUIIII!!48 49 46 18 24 17 23 47 AQUIIII!!44 16 16 44 15 15 33 19 19 45 47 20 34 34 49 
48 45 24 20 33 18 17 23 46 
AQUIIII!!49 22 33 13 34 4 3 25 1 6 48 2 47 5 0 10 
AQUIIII!!19 24 34 47 17 16 33 46 45 23 44 48 20 18 15 49 
AQUIIII!!47 49 44 15 45 20 18 AQUIIII!!19 49 23 17 16 45 46 19 33 0 17 10 24 16 48 34 34 33 
23 20 22 46 48 47 18 
AQUIIII!!47 49 44 15 45 20 18 19 23 16 46 33 17 24 48 34 
AQUIIII!!49 0 10 4 7 37 1 6 13 3 34 33 48 22 5 2 
AQUIIII!!49 16 48 20 18 19 45 46 33 34 23 44 47 24 17 15 
AQUIIII!!49 47 48 2 20 1 10 19 34 22 23 0 18 45 33 46 
Number of Cuts in the second phase:5335
Number of repeat: 4861 
Violation: 285.000000
Violation: 1106.000000
Violation: 515.000000
Violation: 570.000000
Violation: 710.000000
Violation: 428.000000
Violation: 940.000000
Violation: 750.000000
Violation: 375.000000
Violation: 765.000000
Violation: 642.000000
Violation: 500.000000
Violation: 375.000000
Violation: 285.000000
Violation: 375.000000
Violation: 106.000000
Violation: 848.000000
Violation: 375.000000
Violation: 285.000000
Violation: 464.000000
Violation: 998.000000
Violation: 745.000000
Violation: 284.000000
Violation: 928.000000
Violation: 570.000000
Violation: 125.000000
Violation: 625.000000
Violation: 570.000000
Violation: 782.000000
Violation: 370.000000
Violation: 195.000000
Violation: 178.000000
Violation: 513.000000
Violation: 140.000000
Violation: 125.000000
Violation: 1212.000000
Violation: 140.000000
Violation: 650.000000
Violation: 280.000000
Violation: 749.000000
Violation: 500.000000
Violation: 280.000000
Violation: 1582.000000
Violation: 1000.000000
Violation: 615.000000
Violation: 1025.000000
Violation: 140.000000
Violation: 1087.000000
Violation: 375.000000
Violation: 140.000000
Violation: 881.000000
Violation: 570.000000
Violation: 405.000000
Violation: 570.000000
Violation: 777.000000
Violation: 620.000000
Violation: 392.000000
Violation: 625.000000
Violation: 125.000000
Violation: 710.000000
Violation: 570.000000
Violation: 1120.000000
Violation: 284.000000
Violation: 140.000000
Violation: 560.000000
Violation: 627.000000
Violation: 1481.000000
Violation: 710.000000
Violation: 1125.000000
Violation: 655.000000
Violation: 427.000000
Violation: 922.000000
Violation: 1582.000000
Violation: 370.000000
Violation: 284.000000
Violation: 492.000000
Violation: 655.000000
Violation: 390.000000
Violation: 570.000000
Violation: 140.000000
Violation: 481.000000
Violation: 742.000000
Violation: 425.000000
Violation: 375.000000
Violation: 922.000000
Violation: 582.000000
Violation: 745.000000
Violation: 602.000000
Violation: 1301.000000
Violation: 275.000000
Violation: 650.000000
Violation: 246.000000
Violation: 837.000000
Violation: 106.000000
Violation: 497.000000
Violation: 777.000000
Violation: 1315.000000
Violation: 140.000000
Violation: 356.000000
Violation: 280.000000
Violation: 782.000000
Violation: 565.000000
Violation: 1352.000000
Violation: 375.000000
Violation: 749.000000
Violation: 335.000000
Violation: 318.000000
Violation: 333.000000
Violation: 352.000000
Violation: 926.000000
Violation: 650.000000
Violation: 848.000000
Violation: 845.000000
Violation: 492.000000
Violation: 284.000000
Violation: 418.000000
Violation: 195.000000
Violation: 1405.000000
Violation: 677.000000
Violation: 602.000000
Violation: 749.000000
Violation: 582.000000
Violation: 87.000000
Violation: 441.000000
Violation: 1112.000000
Violation: 1231.000000
Violation: 746.000000
Violation: 441.000000
Violation: 492.000000
Violation: 225.000000
Violation: 861.000000
Violation: 280.000000
Violation: 722.000000
Violation: 279.000000
Violation: 602.000000
Violation: 418.000000
Violation: 246.000000
Violation: 458.000000
Violation: 526.000000
Violation: 812.000000
Violation: 659.000000
Violation: 375.000000
Violation: 205.000000
Violation: 745.000000
Violation: 460.000000
Violation: 140.000000
Violation: 140.000000
Violation: 767.000000
Violation: 33.000000
Violation: 1202.000000
Violation: 280.000000
Violation: 510.000000
Violation: 125.000000
Violation: 419.000000
Violation: 500.000000
Violation: 750.000000
Violation: 1085.000000
Violation: 140.000000
Violation: 324.000000
Violation: 1181.000000
Violation: 458.000000
Violation: 499.000000
Violation: 425.000000
Violation: 862.000000
Violation: 140.000000
Violation: 1022.000000
Violation: 374.000000
Violation: 386.000000
Violation: 1250.000000
Violation: 125.000000
Violation: 386.000000
Violation: 675.000000
Violation: 441.000000
Violation: 625.000000
Violation: 140.000000
Violation: 625.000000
Violation: 284.000000
Violation: 837.000000
Violation: 526.000000
Violation: 370.000000
Violation: 550.000000
Violation: 811.000000
Violation: 852.000000
Violation: 420.000000
Violation: 425.000000
Violation: 587.000000
Violation: 375.000000
Violation: 385.000000
Violation: 34.000000
Violation: 280.000000
Violation: 655.000000
Violation: 638.000000
Violation: 710.000000
Violation: 690.000000
Violation: 955.000000
Violation: 375.000000
Violation: 178.000000
Violation: 845.000000
Violation: 420.000000
Violation: 1030.000000
Violation: 1352.000000
Violation: 546.000000
Violation: 1030.000000
Violation: 922.000000
Violation: 912.000000
Violation: 795.000000
Violation: 826.000000
Violation: 1022.000000
Violation: 1117.000000
Violation: 1347.000000
Violation: 352.000000
Violation: 650.000000
Violation: 515.000000
Violation: 811.000000
Violation: 140.000000
Violation: 457.000000
Violation: 565.000000
Violation: 280.000000
Violation: 1017.000000
Violation: 375.000000
Violation: 917.000000
Violation: 875.000000
Violation: 120.000000
Violation: 745.000000
Violation: 318.000000
Violation: 750.000000
Violation: 692.000000
Violation: 280.000000
Violation: 595.000000
Violation: 375.000000
Violation: 560.000000
Violation: 140.000000
Violation: 1112.000000
Violation: 1392.000000
Violation: 1166.000000
Violation: 655.000000
Violation: 515.000000
Violation: 375.000000
Violation: 1386.000000
Violation: 832.000000
Violation: 1180.000000
Violation: 687.000000
Violation: 1062.000000
Violation: 1030.000000
Violation: 1302.000000
Violation: 930.000000
Violation: 710.000000
Violation: 245.000000
Violation: 515.000000
Violation: 140.000000
Violation: 1079.000000
Violation: 265.000000
Violation: 500.000000
Violation: 140.000000
Violation: 280.000000
Violation: 151.000000
Violation: 425.000000
Violation: 280.000000
Violation: 983.000000
Violation: 140.000000
Violation: 390.000000
Violation: 280.000000
Violation: 606.000000
Violation: 178.000000
Violation: 280.000000
Violation: 371.000000
Violation: 140.000000
Violation: 335.000000
Violation: 318.000000
Violation: 457.000000
Violation: 420.000000
Violation: 710.000000
Violation: 375.000000
Violation: 1215.000000
Violation: 492.000000
Violation: 68.000000
Violation: 591.000000
Violation: 922.000000
Violation: 962.000000
Violation: 632.000000
Violation: 140.000000
Violation: 625.000000
Violation: 1011.000000
Violation: 795.000000
Violation: 420.000000
Violation: 708.000000
Violation: 140.000000
Violation: 492.000000
Violation: 811.000000
Violation: 511.000000
Violation: 1015.000000
Violation: 1112.000000
Violation: 1386.000000
Violation: 139.000000
Violation: 727.000000
Violation: 140.000000
Violation: 937.000000
Violation: 565.000000
Violation: 1487.000000
Violation: 1381.000000
Violation: 577.000000
Violation: 1027.000000
Violation: 492.000000
Violation: 462.000000
Violation: 741.000000
Violation: 780.000000
Violation: 246.000000
Violation: 424.000000
Violation: 178.000000
Violation: 620.000000
Violation: 505.000000
Violation: 917.000000
Violation: 420.000000
Violation: 457.000000
Violation: 867.000000
Violation: 125.000000
Violation: 1112.000000
Violation: 138.000000
Violation: 375.000000
Violation: 867.000000
Violation: 301.000000
Violation: 492.000000
Violation: 777.000000
Violation: 425.000000
Violation: 267.000000
Violation: 456.000000
Violation: 462.000000
Violation: 250.000000
Violation: 705.000000
Violation: 742.000000
Violation: 437.000000
Violation: 280.000000
Violation: 1202.000000
Violation: 565.000000
Violation: 597.000000
Violation: 283.000000
Violation: 374.000000
Violation: 637.000000
Violation: 246.000000
Violation: 722.000000
Violation: 140.000000
Violation: 1523.000000
Violation: 85.000000
Violation: 495.000000
Violation: 370.000000
Violation: 830.000000
Violation: 405.000000
Violation: 608.000000
Violation: 480.000000
Violation: 632.000000
Violation: 1405.000000
Violation: 699.000000
Violation: 125.000000
Violation: 34.000000
Violation: 831.000000
Violation: 1000.000000
Violation: 1102.000000
Violation: 420.000000
Violation: 140.000000
Violation: 621.000000
Violation: 782.000000
Violation: 1040.000000
Violation: 1085.000000
Violation: 280.000000
Violation: 742.000000
Violation: 280.000000
Violation: 212.000000
Violation: 922.000000
Violation: 1207.000000
Violation: 500.000000
Violation: 481.000000
Violation: 637.000000
Violation: 737.000000
Violation: 856.000000
Violation: 427.000000
Violation: 508.000000
Violation: 80.000000
Violation: 140.000000
Violation: 727.000000
Violation: 318.000000
Violation: 458.000000
Violation: 832.000000
Violation: 500.000000
Violation: 945.000000
Violation: 1117.000000
Violation: 496.000000
Violation: 1120.000000
Violation: 655.000000
Violation: 1402.000000
Violation: 812.000000
Violation: 832.000000
Violation: 352.000000
Violation: 755.000000
Violation: 712.000000
Violation: 284.000000
Violation: 1352.000000
Violation: 742.000000
Violation: 1025.000000
Violation: 937.000000
Violation: 922.000000
Violation: 386.000000
Violation: 1420.000000
Violation: 826.000000
Violation: 376.000000
Violation: 492.000000
Violation: 1120.000000
Violation: 475.000000
Violation: 210.000000
Violation: 710.000000
Violation: 1102.000000
Violation: 771.000000
Violation: 246.000000
Violation: 710.000000
Violation: 961.000000
Violation: 1056.000000
Violation: 280.000000
Violation: 490.000000
Violation: 212.000000
Violation: 515.000000
Violation: 250.000000
Violation: 386.000000
Violation: 893.000000
Violation: 455.000000
Violation: 280.000000
Violation: 765.000000
Violation: 231.000000
Violation: 704.000000
Violation: 231.000000
Violation: 604.000000
Violation: 708.000000
Violation: 333.000000
Violation: 405.000000
Violation: 799.000000
Violation: 250.000000
Violation: 655.000000
Violation: 413.000000
Violation: 515.000000
Violation: 731.000000
Violation: 246.000000
Violation: 1092.000000
Violation: 301.000000
Violation: 166.000000
Violation: 133.000000
Violation: 572.000000
Violation: 203.000000
Violation: 500.000000
Violation: 1112.000000
Violation: 1089.000000
Violation: 333.000000
Violation: 405.000000
Violation: 457.000000
Violation: 87.000000
Violation: 265.000000
Violation: 208.000000
Violation: 650.000000
Violation: 142.000000
Violation: 230.000000
Violation: 375.000000
Violation: 840.000000
Violation: 140.000000
Violation: 170.000000
Violation: 106.000000
Violation: 848.000000
Violation: 737.000000
Violation: 812.000000
Violation: 246.000000
Violation: 845.000000
Violation: 699.000000
Violation: 1147.000000
Violation: 386.000000
Violation: 737.000000
Violation: 565.000000
Violation: 386.000000
Violation: 437.000000
took 2.503112
Optimize a model with 838 rows, 906 columns and 11882 nonzeros
Coefficient statistics:
  Matrix range     [1e+00, 4e+01]
  Objective range  [0e+00, 0e+00]
  Bounds range     [1e+00, 4e+01]
  RHS range        [1e+00, 1e+02]
Presolve removed 279 rows and 107 columns
Presolve time: 0.00s
Presolved: 559 rows, 799 columns, 10353 nonzeros

Iteration    Objective       Primal Inf.    Dual Inf.      Time
       0    0.0000000e+00   4.607505e+01   0.000000e+00      0s
     102    0.0000000e+00   0.000000e+00   0.000000e+00      0s

Solved in 102 iterations and 0.01 seconds
Optimal objective  0.000000000e+00
