j3017_4.mm_s8.txt
Academic license - for non-commercial use only
Read LP format model from file lp/j3017_4.mm.lp
Reading time = 0.01 seconds
: 351 rows, 906 columns, 9053 nonzeros
OKGPU
nThreads: 1024 , nBlocks: 12 
Number cuts generated in the phase 1: 14
Number of repeat: 4 
violation 271.000000
violation 689.000000
violation 542.000000
violation 726.000000
violation 592.000000
violation 413.000000
violation 250.000000
violation 250.000000
violation 400.000000
violation 650.000000
3000 16
AQUIIII!!61 20 53 60 30 41 59 18 17 32 55 16 21 58 19 36 
AQUIIII!!18 30 36 32 21 60 19 53 58 55 61 17 16 20 41 59 
AQUIIII!!36 30 1 58 59 53 41 55 18 60 21 17 61 19 32 20 
AQUIIII!!36 19 30 21 5 55 22 58 20 18 61 1 59 60 53 23 
AQUIIII!!36 60 59 30 21 19 32 20 55 61 53 18 16 41 17 58 
AQUIIII!!19 60 36 61 1 30 18 21 17 59 53 55 20 32 41 58 
AQUIIII!!32 36 19 1 58 41 20 21 61 18 30 53 55 17 59 60 
AQUIIII!!21 18 23 5 36 22 19 30 53 59 58 61 20 55 60 1 
AQUIIII!!18 17 21 53 61 1 19 55 60 59 36 41 30 58 32 20 
AQUIIII!!61 1 30 21 20 36 41 60 32 18 58 53 55 19 AQUIIII!!59 17 17 59 
30 55 58 41 16 53 61 32 60 20 21 AQUIIII!!18 0 19 30 36 32 
17 58 21 54 18 36 AQUIIII!!16 32 41 36 4 19 1 53 58 19 41 55 20 20 21 
61 18 30 53 55 17 59 60 
AQUIIII!!41 21 30 20 60 32 36 58 18 16 4 19 17 53 55 59 
AQUIIII!!60 24 AQUIIII!!9 59 AQUIIII!!59 28 21 1 56 30 5 AQUIIII!!10 5 56 57 55 60 28 1 53 6 6 22 1 53 58 58 30 20 10 6 36 56 55 24 6 1 8 60 58 22 22 9 21 59 23 23 60 61 23 5 19 
55 8 59 36 AQUIIII!!61 22 58 
53 23 61 58 5 
20 32 61 55 AQUIIII!!
20 AQUIIII!!9 41 30 57 18 20 7 30 8 60 19 56 36 60 2 55 21 23 19 36 41 10 17 32 28 59 1 6 16 AQUIIII!!21 3 61 5 1 58 
20 22 18 23 5 59 30 24 53 6 61 17 53 
61 22 
58 36 55 59 1 21 19 60 61 
AQUIIII!!61 2 6 10 9 57 5 24 8 60 56 1 28 23 59 22 
AQUIIII!!21 61 1 55 53 58 36 32 30 17 59 18 41 20 19 60 
AQUIIII!!20 1 30 18 55 53 61 19 58 36 32 21 41 17 59 60 
AQUIIII!!17 16 36 21 30 58 59 20 53 19 55 18 60 32 61 41 
AQUIIII!!19 59 36 30 16 61 32 17 53 21 58 20 41 55 18 60 
AQUIIII!!17 AQUIIII!!16 41 36 17 21 20 30 21 58 36 59 20 30 16 53 19 58 AQUIIII!!55 18 61 18 58 60 18 19 32 59 55 61 60 32 41 53 16 
60 53 55 20 
59 4 32 19 36 41 17 21 30 
AQUIIII!!56 58 5 23 21 30 59 AQUIIII!!22 30 60 61 6 41 28 20 8 60 61 32 55 59 53 21 1 1 
58 18 55 53 36 17 19 
AQUIIII!!60 18 30 61 19 55 17 53 59 58 32 21 41 20 16 36 
AQUIIII!!AQUIIII!!30 36 58 16 32 21 59 55 36 59 17 17 55 32 18 58 19 30 1 41 60 60 53 20 41 18 20 61 61 53 21 AQUIIII!!19 

8 9 10 22 59 5 AQUIIII!!30 23 58 60 32 6 59 58 36 28 AQUIIII!!17 1 22 55 55 56 18 56 6 19 AQUIIII!!24 AQUIIII!!57 1 30 AQUIIII!!61 23 56 60 61 21 
24 30 53 41 60 5 41 53 20 19 1 20 36 23 60 9 61 23 36 32 8 21 20 20 59 58 
5 58 59 21 58 59 60 1 21 22 28 58 1 10 1 18 59 61 53 55 55 
55 60 53 5 22 36 6 6 17 30 61 19 61 


AQUIIII!!32 AQUIIII!!55 61 18 5 17 55 36 60 30 6 59 58 56 53 23 41 59 21 53 19 21 20 22 58 28 60 30 16 1 61 8 

AQUIIII!!19 1 60 58 AQUIIII!!53 18 41 61 20 59 61 58 30 30 32 32 21 17 17 19 36 21 AQUIIII!!60 59 61 18 36 19 55 1 60 41 
53 53 20 55 1 20 30 
58 55 6 59 5 21 23 36 22 
AQUIIII!!36 21 16 59 61 32 60 20 17 53 30 41 58 18 55 19 
AQUIIII!!36 16 18 19 58 20 59 61 55 41 32 60 53 21 30 17 
AQUIIII!!16 20 30 59 19 53 36 55 21 AQUIIII!!17 30 41 1 18 19 58 53 32 17 60 41 61 
60 20 59 36 21 61 55 58 18 32 
AQUIIII!!18 53 59 16 55 61 36 21 20 32 41 60 58 17 30 19 
AQUIIII!!41 18 19 54 17 58 32 21 36 30 20 16 0 55 53 4 
AQUIIII!!36 30 19 55 61 53 20 41 58 21 16 17 18 60 32 59 
AQUIIII!!60 23 1 24 59 6 5 AQUIIII!!9 60 56 10 58 1 57 24 10 8 28 28 22 5 8 23 61 59 
9 6 57 58 22 56 61 AQUIIII!!
61 AQUIIII!!5 61 58 1 59 30 56 21 1 20 23 36 53 41 22 60 36 32 20 18 30 58 55 53 60 55 21 19 6 59 
17 
AQUIIII!!61 30 59 36 21 16 20 55 41 18 17 32 58 53 19 60 
AQUIIII!!61 23 24 59 8 60 55 9 53 56 6 22 58 5 1 28 
AQUIIII!!17 36 19 55 16 41 60 30 32 59 18 20 21 53 58 61 
AQUIIII!!36 6 30 5 21 19 53 55 22 61 23 58 59 1 20 60 
AQUIIII!!36 19 21 16 30 4 17 53 55 32 58 59 20 18 60 41 
AQUIIII!!60 58 19 20 1 59 30 17 32 41 55 53 61 21 36 18 
AQUIIII!!AQUIIII!!61 36 53 1 55 58 AQUIIII!!58 20 58 18 60 32 1 5 36 30 59 21 22 53 55 23 6 20 36 21 60 60 56 1 19 22 AQUIIII!!30 21 55 2 5 61 5 23 59 59 24 30 20 17 57 61 
53 9 
18 22 41 56 8 19 1 
60 6 23 10 59 28 61 
AQUIIII!!36 60 6 56 20 AQUIIII!!53 60 30 58 59 1 1 20 55 21 58 53 5 18 23 36 21 41 22 59 30 61 
61 17 32 55 19 
AQUIIII!!61 23 30 19 53 1 59 5 55 22 20 21 18 58 36 60 
AQUIIII!!61 18 55 22 1 53 58 20 30 23 36 5 21 60 19 59 
AQUIIII!!61 AQUIIII!!24 61 58 56 23 8 22 10 9 3 10 22 5 60 57 5 56 57 8 6 59 28 1 1 6 9 28 2 60 24 
23 
AQUIIII!!4 55 54 21 30 17 58 41 32 53 19 20 36 16 18 0 
AQUIIII!!20 30 17 58 21 18 59 36 53 19 1 41 55 32 60 61 
AQUIIII!!28 9 22 6 8 56 23 5 24 53 60 1 61 58 55 59 
AQUIIII!!19 58 6 1 5 23 30 36 59 22 61 55 53 21 60 20 
AQUIIII!!61 16 60 21 18 32 41 17 36 59 19 55 58 AQUIIII!!20 60 53 61 30 53 
18 17 36 21 55 58 41 20 32 59 19 30 1 
AQUIIII!!21 1 60 36 23 22 53 AQUIIII!!55 60 20 58 17 36 18 53 61 59 55 AQUIIII!!5 18 59 19 41 21 30 32 22 
59 18 30 53 1 30 19 60 20 58 58 19 61 36 21 1 
20 23 5 55 61 
AQUIIII!!55 58 53 21 1 36 20 17 32 30 59 60 61 41 18 19 
AQUIIII!!61 60 8 22 6 58 5 9 24 1 28 23 56 55 59 10 
AQUIIII!!20 30 17 58 21 18 59 36 53 19 1 41 55 32 60 61 
AQUIIII!!32 41 53 21 58 36 1 60 30 59 55 61 20 17 18 19 
AQUIIII!!30 53 32 41 20 36 59 21 58 17 55 1 18 60 61 19 
AQUIIII!!21 41 19 18 30 53 36 59 17 58 1 60 32 20 55 61 
AQUIIII!!60 21 55 53 5 20 59 58 23 1 19 6 22 36 30 61 
AQUIIII!!54 53 4 20 16 36 55 19 0 32 52 41 18 17 AQUIIII!!21 55 30 53 
1 30 36 6 58 21 60 19 59 22 23 5 20 61 
AQUIIII!!59 60 55 61 58 5 23 1 30 21 20 19 36 53 6 22 
AQUIIII!!55 54 20 4 19 32 30 52 16 21 0 18 41 17 53 36 
AQUIIII!!30 60 19 1 36 17 41 53 58 20 32 59 55 18 61 21 
AQUIIII!!61 5 56 1 22 58 28 10 60 59 23 55 6 8 24 9 
AQUIIII!!61 30 59 58 19 17 41 1 53 21 55 36 AQUIIII!!60 61 18 59 32 10 20 1 
23 6 57 9 8 24 28 22 60 5 58 56 
AQUIIII!!9 57 1 59 28 24 22 56 58 23 6 10 5 8 60 61 
AQUIIII!!61 5 23 57 28 56 10 8 9 1 24 22 6 2 3 60 
AQUIIII!!41 19 60 20 53 AQUIIII!!59 18 59 55 17 32 36 58 1 21 18 17 30 30 58 16 19 36 53 61 21 
60 55 41 20 61 32 
AQUIIII!!20 36 53 59 61 1 18 41 60 55 30 58 17 19 21 32 
AQUIIII!!36 55 17 18 20 19 59 32 30 58 41 21 60 53 16 61 
AQUIIII!!41 30 55 59 60 53 58 21 32 18 1 17 36 19 61 20 
AQUIIII!!19 55 53 54 36 0 21 17 52 4 32 41 16 18 30 20 
AQUIIII!!61 60 59 28 9 23 5 1 58 8 22 55 24 56 10 6 
AQUIIII!!61 56 10 23 22 8 9 1 5 2 7 24 57 6 28 3 
AQUIIII!!61 21 58 5 53 19 1 60 55 59 36 23 30 22 20 18 
AQUIIII!!30 19 1 20 18 41 61 17 58 21 36 32 55 59 53 60 
AQUIIII!!22 23 59 58 20 19 61 53 60 55 21 36 30 5 1 18 
AQUIIII!!22 23 59 58 20 19 61 53 60 55 21 36 30 5 1 18 
AQUIIII!!20 41 21 60 19 32 30 55 36 53 1 61 59 18 58 AQUIIII!!17 24 
58 22 5 60 6 1 59 28 8 9 56 10 23 57 61 
AQUIIII!!61 2 10 9 22 6 1 24 57 23 60 28 5 8 3 56 
AQUIIII!!61 58 59 60 22 28 24 57 23 5 56 1 9 10 8 6 
AQUIIII!!55 61 53 28 22 58 1 6 59 24 8 60 5 56 9 23 
AQUIIII!!21 61 1 55 53 58 36 32 30 17 59 18 41 20 19 60 
AQUIIII!!61 1 8 28 57 3 5 7 22 9 10 23 6 56 24 2 
AQUIIII!!60 58 17 1 55 36 32 19 21 61 41 59 53 30 20 18 
AQUIIII!!61 60 9 28 8 6 24 56 59 5 23 2 10 1 22 57 
AQUIIII!!61 60 53 8 59 22 58 5 23 1 9 24 6 55 56 28 
AQUIIII!!61 24 5 56 6 28 58 22 60 23 1 10 9 8 59 55 
AQUIIII!!41 32 18 59 55 19 60 61 20 58 17 21 53 30 1 36 
AQUIIII!!61 19 32 1 41 60 18 20 55 36 53 21 59 17 30 58 
AQUIIII!!41 20 30 36 16 32 21 19 58 55 61 60 59 17 53 18 
AQUIIII!!41 20 30 36 16 32 21 19 58 55 61 60 59 17 53 18 
AQUIIII!!20 19 41 60 55 30 59 21 58 61 17 32 36 18 1 53 
AQUIIII!!20 59 18 41 53 19 60 1 17 21 58 36 30 61 32 55 
AQUIIII!!61 19 58 60 36 30 18 1 59 55 23 5 20 53 21 22 
AQUIIII!!53 20 59 36 30 32 55 60 58 1 41 18 17 61 21 19 
AQUIIII!!53 20 59 36 30 32 55 60 58 1 41 18 17 61 21 19 
AQUIIII!!61 58 56 60 55 28 59 23 8 22 6 5 1 9 10 24 
AQUIIII!!61 8 28 55 58 22 59 21 53 23 56 60 30 1 5 6 
AQUIIII!!61 10 5 8 22 23 56 24 60 9 3 6 1 57 28 2 
AQUIIII!!61 58 56 60 55 28 59 23 8 22 6 5 1 9 10 24 
AQUIIII!!61 53 41 32 17 18 55 60 19 30 1 20 36 59 58 21 
AQUIIII!!61 32 59 55 18 19 53 41 21 60 20 36 1 17 58 30 
AQUIIII!!36 32 55 60 17 20 30 61 53 41 19 58 1 59 18 21 
AQUIIII!!61 7 8 23 28 6 10 24 9 2 1 56 22 57 3 5 
AQUIIII!!30 19 1 20 18 41 61 17 58 21 36 32 55 59 53 60 
AQUIIII!!61 23 30 60 20 1 59 22 53 36 56 58 21 5 6 55 
AQUIIII!!55 61 60 9 58 22 10 6 56 28 23 8 59 5 1 24 
AQUIIII!!61 23 21 22 59 58 1 30 20 6 60 56 55 36 5 53 
AQUIIII!!61 24 10 58 59 8 28 6 60 57 1 9 56 23 22 5 
AQUIIII!!20 19 41 60 55 30 59 21 58 61 17 32 36 18 1 53 
AQUIIII!!53 60 20 61 41 59 19 21 17 55 58 1 18 32 36 30 
AQUIIII!!60 21 59 30 55 61 53 32 41 17 58 16 36 20 18 19 
Number of Cuts in the second phase:2418
Number of repeat: 2006 
Violation: 271.000000
Violation: 378.000000
Violation: 634.000000
Violation: 437.000000
Violation: 550.000000
Violation: 300.000000
Violation: 100.000000
Violation: 306.000000
Violation: 100.000000
Violation: 521.000000
Violation: 363.000000
Violation: 271.000000
Violation: 525.000000
Violation: 363.000000
Violation: 418.000000
Violation: 550.000000
Violation: 250.000000
Violation: 657.000000
Violation: 544.000000
Violation: 1108.000000
Violation: 71.000000
Violation: 933.000000
Violation: 455.000000
Violation: 1100.000000
Violation: 350.000000
Violation: 459.000000
Violation: 1283.000000
Violation: 452.000000
Violation: 304.000000
Violation: 600.000000
Violation: 300.000000
Violation: 834.000000
Violation: 521.000000
Violation: 642.000000
Violation: 835.000000
Violation: 100.000000
Violation: 84.000000
Violation: 211.000000
Violation: 883.000000
Violation: 436.000000
Violation: 326.000000
Violation: 633.000000
Violation: 734.000000
Violation: 634.000000
Violation: 717.000000
Violation: 908.000000
Violation: 222.000000
Violation: 510.000000
Violation: 833.000000
Violation: 449.000000
Violation: 815.000000
Violation: 550.000000
Violation: 309.000000
Violation: 222.000000
Violation: 405.000000
Violation: 1059.000000
Violation: 941.000000
Violation: 713.000000
Violation: 1559.000000
Violation: 633.000000
Violation: 1000.000000
Violation: 521.000000
Violation: 13.000000
Violation: 59.000000
Violation: 834.000000
Violation: 300.000000
Violation: 1134.000000
Violation: 850.000000
Violation: 159.000000
Violation: 733.000000
Violation: 249.000000
Violation: 871.000000
Violation: 517.000000
Violation: 400.000000
Violation: 113.000000
Violation: 484.000000
Violation: 597.000000
Violation: 470.000000
Violation: 542.000000
Violation: 984.000000
Violation: 908.000000
Violation: 805.000000
Violation: 250.000000
Violation: 250.000000
Violation: 828.000000
Violation: 677.000000
Violation: 634.000000
Violation: 400.000000
Violation: 1033.000000
Violation: 918.000000
Violation: 784.000000
Violation: 250.000000
Violation: 255.000000
Violation: 634.000000
Violation: 821.000000
Violation: 845.000000
Violation: 250.000000
Violation: 576.000000
Violation: 92.000000
Violation: 263.000000
Violation: 1219.000000
Violation: 1076.000000
Violation: 306.000000
Violation: 641.000000
Violation: 460.000000
Violation: 900.000000
Violation: 963.000000
Violation: 270.000000
Violation: 1050.000000
Violation: 89.000000
Violation: 500.000000
Violation: 249.000000
Violation: 500.000000
Violation: 608.000000
Violation: 909.000000
Violation: 486.000000
Violation: 559.000000
Violation: 363.000000
Violation: 1059.000000
Violation: 435.000000
Violation: 689.000000
Violation: 1033.000000
Violation: 541.000000
Violation: 430.000000
Violation: 963.000000
Violation: 302.000000
Violation: 928.000000
Violation: 84.000000
Violation: 172.000000
Violation: 71.000000
Violation: 360.000000
Violation: 678.000000
Violation: 200.000000
Violation: 701.000000
Violation: 426.000000
Violation: 741.000000
Violation: 1058.000000
Violation: 200.000000
Violation: 1005.000000
Violation: 633.000000
Violation: 800.000000
Violation: 710.000000
Violation: 500.000000
Violation: 285.000000
Violation: 413.000000
Violation: 1234.000000
Violation: 883.000000
Violation: 409.000000
Violation: 459.000000
Violation: 585.000000
Violation: 719.000000
Violation: 484.000000
Violation: 271.000000
Violation: 384.000000
Violation: 378.000000
Violation: 719.000000
Violation: 357.000000
Violation: 1133.000000
Violation: 756.000000
Violation: 314.000000
Violation: 908.000000
Violation: 884.000000
Violation: 409.000000
Violation: 534.000000
Violation: 790.000000
Violation: 391.000000
Violation: 813.000000
Violation: 541.000000
Violation: 549.000000
Violation: 734.000000
Violation: 463.000000
Violation: 650.000000
Violation: 550.000000
Violation: 313.000000
Violation: 625.000000
Violation: 559.000000
Violation: 812.000000
Violation: 1533.000000
Violation: 418.000000
Violation: 926.000000
Violation: 350.000000
Violation: 360.000000
Violation: 907.000000
Violation: 100.000000
Violation: 478.000000
Violation: 971.000000
Violation: 821.000000
Violation: 1086.000000
Violation: 984.000000
Violation: 285.000000
Violation: 335.000000
Violation: 905.000000
Violation: 500.000000
Violation: 173.000000
Violation: 400.000000
Violation: 230.000000
Violation: 100.000000
Violation: 821.000000
Violation: 734.000000
Violation: 150.000000
Violation: 187.000000
Violation: 550.000000
Violation: 86.000000
Violation: 355.000000
Violation: 791.000000
Violation: 271.000000
Violation: 363.000000
Violation: 1134.000000
Violation: 613.000000
Violation: 1133.000000
Violation: 833.000000
Violation: 542.000000
Violation: 1383.000000
Violation: 713.000000
Violation: 451.000000
Violation: 50.000000
Violation: 750.000000
Violation: 107.000000
Violation: 683.000000
Violation: 1208.000000
Violation: 1033.000000
Violation: 460.000000
Violation: 1559.000000
Violation: 521.000000
Violation: 723.000000
Violation: 685.000000
Violation: 265.000000
Violation: 300.000000
Violation: 1178.000000
Violation: 89.000000
Violation: 185.000000
Violation: 263.000000
Violation: 1159.000000
Violation: 559.000000
Violation: 383.000000
Violation: 371.000000
Violation: 1063.000000
Violation: 657.000000
Violation: 871.000000
Violation: 213.000000
Violation: 734.000000
Violation: 119.000000
Violation: 600.000000
Violation: 634.000000
Violation: 270.000000
Violation: 306.000000
Violation: 122.000000
Violation: 71.000000
Violation: 426.000000
Violation: 904.000000
Violation: 102.000000
Violation: 528.000000
Violation: 185.000000
Violation: 21.000000
Violation: 1084.000000
Violation: 207.000000
Violation: 905.000000
Violation: 908.000000
Violation: 530.000000
Violation: 1033.000000
Violation: 457.000000
Violation: 971.000000
Violation: 371.000000
Violation: 700.000000
Violation: 541.000000
Violation: 734.000000
Violation: 613.000000
Violation: 463.000000
Violation: 884.000000
Violation: 371.000000
Violation: 100.000000
Violation: 734.000000
Violation: 419.000000
Violation: 7.000000
Violation: 930.000000
Violation: 435.000000
Violation: 452.000000
Violation: 112.000000
Violation: 784.000000
Violation: 267.000000
Violation: 100.000000
Violation: 300.000000
Violation: 1133.000000
Violation: 771.000000
Violation: 1324.000000
Violation: 309.000000
Violation: 400.000000
Violation: 863.000000
Violation: 430.000000
Violation: 884.000000
Violation: 534.000000
Violation: 363.000000
Violation: 400.000000
Violation: 335.000000
Violation: 801.000000
Violation: 371.000000
Violation: 633.000000
Violation: 650.000000
Violation: 213.000000
Violation: 934.000000
Violation: 863.000000
Violation: 350.000000
Violation: 250.000000
Violation: 350.000000
Violation: 485.000000
Violation: 750.000000
Violation: 371.000000
Violation: 655.000000
Violation: 521.000000
Violation: 687.000000
Violation: 550.000000
Violation: 1034.000000
Violation: 350.000000
Violation: 327.000000
Violation: 634.000000
Violation: 814.000000
Violation: 733.000000
Violation: 1069.000000
Violation: 500.000000
Violation: 796.000000
Violation: 760.000000
Violation: 792.000000
Violation: 491.000000
Violation: 908.000000
Violation: 585.000000
Violation: 634.000000
Violation: 586.000000
Violation: 484.000000
Violation: 1083.000000
Violation: 1086.000000
Violation: 963.000000
Violation: 392.000000
Violation: 810.000000
Violation: 421.000000
Violation: 452.000000
Violation: 171.000000
Violation: 184.000000
Violation: 566.000000
Violation: 883.000000
Violation: 1108.000000
Violation: 557.000000
Violation: 925.000000
Violation: 1083.000000
Violation: 200.000000
Violation: 719.000000
Violation: 883.000000
Violation: 68.000000
Violation: 1634.000000
Violation: 1234.000000
Violation: 50.000000
Violation: 1313.000000
Violation: 642.000000
Violation: 350.000000
Violation: 792.000000
Violation: 634.000000
Violation: 633.000000
Violation: 891.000000
Violation: 876.000000
Violation: 20.000000
Violation: 271.000000
Violation: 433.000000
Violation: 1409.000000
Violation: 1133.000000
Violation: 849.000000
Violation: 650.000000
Violation: 357.000000
Violation: 421.000000
Violation: 335.000000
Violation: 407.000000
Violation: 963.000000
Violation: 408.000000
Violation: 363.000000
Violation: 932.000000
Violation: 650.000000
Violation: 300.000000
Violation: 463.000000
Violation: 183.000000
Violation: 1083.000000
Violation: 843.000000
Violation: 84.000000
Violation: 313.000000
Violation: 500.000000
Violation: 757.000000
Violation: 648.000000
Violation: 928.000000
Violation: 571.000000
Violation: 392.000000
Violation: 699.000000
Violation: 1004.000000
Violation: 8.000000
Violation: 113.000000
Violation: 494.000000
Violation: 100.000000
Violation: 571.000000
Violation: 1171.000000
Violation: 1234.000000
Violation: 633.000000
Violation: 324.000000
Violation: 812.000000
Violation: 371.000000
Violation: 1308.000000
Violation: 1383.000000
Violation: 547.000000
Violation: 1384.000000
Violation: 836.000000
Violation: 474.000000
Violation: 613.000000
Violation: 649.000000
Violation: 950.000000
Violation: 485.000000
Violation: 335.000000
Violation: 809.000000
took 2.369750
Optimize a model with 787 rows, 906 columns and 11878 nonzeros
Coefficient statistics:
  Matrix range     [1e+00, 4e+01]
  Objective range  [0e+00, 0e+00]
  Bounds range     [1e+00, 4e+01]
  RHS range        [1e+00, 1e+02]
Presolve removed 462 rows and 109 columns
Presolve time: 0.00s
Presolved: 325 rows, 797 columns, 8873 nonzeros

Iteration    Objective       Primal Inf.    Dual Inf.      Time
       0    0.0000000e+00   4.476255e+01   0.000000e+00      0s
     116    0.0000000e+00   0.000000e+00   0.000000e+00      0s

Solved in 116 iterations and 0.01 seconds
Optimal objective  0.000000000e+00
