j309_10.mm_s4.txt
Academic license - for non-commercial use only
Read LP format model from file lp/j309_10.mm.lp
Reading time = 0.00 seconds
: 324 rows, 605 columns, 5465 nonzeros
OKGPU
nThreads: 1024 , nBlocks: 12 
Number cuts generated in the phase 1: 11
Number of repeat: 0 
violation 160.000000
violation 65.000000
violation 127.000000
violation 648.000000
violation 17.000000
violation 17.000000
violation 277.000000
violation 482.000000
violation 147.000000
violation 144.000000
violation 13.000000
6996 16
AQUIIII!!104 41 2 0 103 18 43 19 1 108 69 39 5 110 16 10 
AQUIIII!!104 1 101 2 18 43 69 41 19 108 10 39 0 103 16 5 
AQUIIII!!104 18 39 69 43 10 0 19 1 103 5 3 2 108 41 101 
AQUIIII!!5 103 16 41 19 10 43 108 18 110 1 20 69 0 39 104 
AQUIIII!!15 17 5 43 34 110 14 AQUIIII!!10 108 69 20 3 29 10 19 19 18 2 16 101 82 41 104 8 
103 0 1 9 5 39 48 104 
AQUIIII!!41 69 48 1 2 101 9 39 12 5 0 3 103 8 10 104 
AQUIIII!!104 29 111 16 18 110 82 15 AQUIIII!!AQUIIII!!34 104 5 14 41 41 20 103 103 43 43 10 110 18 19 18 0 5 108 108 17 69 
39 19 0 39 16 69 1 10 2 2 108 1 19 16 
10 43 110 104 
AQUIIII!!104 39 10 69 43 103 1 16 41 0 19 101 5 18 2 108 
AQUIIII!!9 10 101 69 3 1 2 103 5 41 12 8 48 0 39 104 
AQUIIII!!104 101 19 108 41 69 48 5 8 1 103 0 2 39 10 3 
AQUIIII!!104 108 82 20 19 111 16 17 110 15 43 10 34 29 14 18 
AQUIIII!!43 18 103 39 69 16 110 20 108 41 1 19 5 10 0 104 
AQUIIII!!104 41 39 103 1 19 10 43 2 69 108 18 5 101 3 0 
AQUIIII!!104 0 103 8 19 5 101 10 108 41 2 69 48 3 1 39 
AQUIIII!!104 43 18 16 0 108 69 17 19 103 5 110 10 41 39 20 
AQUIIII!!AQUIIII!!2 0 103 8 69 1 1 19 10 103 19 AQUIIII!!2 5 15 101 41 18 10 3 110 9 AQUIIII!!39 16 3 10 43 29 69 20 0 AQUIIII!!17 69 41 18 0 110 14 39 108 69 19 19 48 101 18 16 20 5 104 17 39 10 104 
110 5 34 
10 0 108 20 43 111 5 103 82 43 108 41 18 104 16 41 
43 17 19 104 39 
103 108 104 
AQUIIII!!104 110 19 18 1 5 43 41 2 16 0 69 10 39 108 103 
AQUIIII!!104 17 14 108 34 82 10 5 19 16 20 110 43 18 15 29 
AQUIIII!!69 2 10 1 8 3 12 5 0 41 9 103 48 39 101 104 
AQUIIII!!18 0 108 43 10 41 39 19 5 110 69 20 103 1 16 104 
AQUIIII!!101 39 103 18 1 0 2 41 108 19 43 3 10 5 69 104 
AQUIIII!!104 8 AQUIIII!!0 104 69 101 48 33 3 12 103 4 2 39 39 71 19 103 3 101 2 1 48 5 5 9 9 10 8 41 1 
0 
AQUIIII!!5 43 1 110 39 41 19 108 103 0 18 16 10 69 20 104 
AQUIIII!!108 5 41 19 16 69 1 39 110 43 18 103 10 0 2 104 
AQUIIII!!43 41 103 18 101 3 0 19 39 5 2 10 69 1 108 104 
AQUIIII!!104 0 19 1 10 39 69 2 5 3 41 8 9 48 101 103 
AQUIIII!!3 2 0 12 1 5 41 69 9 39 48 103 8 10 101 104 
AQUIIII!!104 43 41 103 5 16 108 18 20 10 29 17 34 19 110 15 
AQUIIII!!104 69 16 2 19 108 1 5 39 10 0 103 18 43 101 41 
AQUIIII!!39 41 5 103 101 2 19 43 3 69 108 0 18 10 1 104 
AQUIIII!!0 10 103 18 110 5 16 39 43 17 41 20 19 108 69 104 
AQUIIII!!10 2 48 41 9 1 101 69 39 0 3 12 8 5 103 104 
AQUIIII!!104 2 103 39 19 5 1 0 108 41 43 3 10 101 69 18 
AQUIIII!!104 103 108 39 43 18 1 10 2 19 101 0 69 16 41 5 
AQUIIII!!104 101 0 18 10 108 43 103 1 69 2 16 41 19 39 5 
AQUIIII!!5 15 41 10 103 19 18 110 20 16 34 43 17 108 29 104 AQUIIII!!
5 48 3 41 10 69 108 8 101 1 103 39 19 2 0 104 
AQUIIII!!104 10 103 18 41 108 19 16 2 101 39 0 1 43 5 69 
AQUIIII!!2 43 1 39 3 19 18 108 10 69 5 0 103 101 41 104 
AQUIIII!!110 34 111 19 43 18 17 15 14 16 10 29 20 108 82 104 
AQUIIII!!104 3 10 1 101 8 0 19 2 48 103 9 39 5 41 69 
AQUIIII!!108 19 43 2 39 41 10 16 5 69 103 18 110 1 0 104 
AQUIIII!!104 43 19 103 29 16 34 20 18 5 17 108 15 10 110 41 
AQUIIII!!18 108 15 43 110 14 20 82 29 34 10 5 16 19 17 104 
AQUIIII!!104 0 43 69 16 18 39 101 103 41 108 5 2 19 10 1 
AQUIIII!!20 18 43 69 41 19 17 5 0 103 110 108 39 16 10 104 
AQUIIII!!18 19 20 15 34 43 103 17 110 29 16 108 41 5 10 104 
AQUIIII!!110 108 15 29 10 17 20 82 5 19 34 16 14 18 43 104 
AQUIIII!!104 43 110 111 15 17 82 34 AQUIIII!!10 9 19 3 108 41 20 18 2 14 12 16 5 29 39 
8 1 48 101 0 103 10 69 104 
AQUIIII!!104 16 17 103 41 20 110 5 10 39 69 19 108 18 0 43 
AQUIIII!!103 108 19 69 0 16 1 39 101 41 18 43 2 10 5 104 
AQUIIII!!48 9 2 10 19 3 41 101 8 0 103 39 1 5 69 104 
AQUIIII!!5 0 16 39 43 18 10 2 69 19 101 108 41 103 1 104 
AQUIIII!!104 39 103 18 101 108 43 3 2 5 41 69 19 1 0 10 
AQUIIII!!69 103 2 1 AQUIIII!!101 19 9 39 0 10 10 12 0 103 41 48 48 8 3 5 3 41 104 1 
101 2 5 69 9 39 8 104 
AQUIIII!!10 48 9 8 101 0 3 1 41 39 12 5 69 2 103 104 
AQUIIII!!104 3 0 2 5 39 33 8 1 48 9 103 4 101 12 71 
AQUIIII!!104 43 18 19 110 69 16 10 103 0 39 5 108 1 41 2 
AQUIIII!!17 16 15 110 14 29 20 10 108 82 43 19 18 5 34 104 
AQUIIII!!69 10 101 3 5 8 0 2 48 39 19 1 41 103 9 104 
AQUIIII!!104 20 39 43 16 18 69 41 0 103 17 108 10 110 19 5 
AQUIIII!!104 15 19 20 34 108 43 110 17 82 18 14 10 5 29 16 
AQUIIII!!104 39 101 10 9 1 2 8 5 69 48 3 41 103 19 0 
AQUIIII!!9 33 0 103 2 71 48 3 1 8 39 5 12 4 101 104 
AQUIIII!!5 20 29 18 41 110 10 17 103 16 19 108 15 43 34 104 
AQUIIII!!104 43 16 34 82 10 19 108 18 15 29 5 110 20 17 14 
AQUIIII!!48 41 9 8 19 5 0 39 69 10 2 101 103 1 3 104 
AQUIIII!!104 43 19 15 82 17 16 14 108 5 20 10 29 110 18 34 
AQUIIII!!19 AQUIIII!!1 104 8 39 3 108 48 0 103 5 69 43 39 103 2 0 2 41 101 10 108 110 5 18 10 69 41 16 104 19 
1 
AQUIIII!!12 5 1 0 39 10 8 101 9 3 2 69 103 48 41 104 
AQUIIII!!104 2 0 41 101 8 12 9 5 3 69 103 39 48 1 10 
AQUIIII!!48 103 41 10 101 AQUIIII!!2 0 18 9 69 5 43 5 108 1 41 39 2 8 16 19 39 0 69 3 1 104 110 
10 103 19 104 
AQUIIII!!20 43 17 16 14 82 10 34 18 108 5 19 29 15 110 104 
AQUIIII!!104 0 101 9 8 5 103 71 39 33 48 2 12 3 4 1 
AQUIIII!!5 69 18 0 10 39 108 43 110 16 1 2 103 19 41 104 
AQUIIII!!8 3 2 101 5 33 103 1 12 4 0 48 9 39 71 AQUIIII!!104 39 
19 41 69 10 16 43 1 18 103 0 108 5 2 110 104 
AQUIIII!!104 16 39 41 69 108 18 101 1 19 0 10 103 5 2 43 
AQUIIII!!104 108 19 5 15 34 20 10 43 16 17 41 110 29 103 18 AQUIIII!!
41 19 43 5 69 10 1 16 0 20 108 39 103 110 18 104 
AQUIIII!!104 17 34 18 103 5 29 16 15 20 41 110 108 43 10 19 
AQUIIII!!104 48 2 0 1 41 3 69 101 5 39 9 8 19 10 103 
AQUIIII!!AQUIIII!!39 104 1 10 5 41 41 108 110 110 103 15 43 43 108 17 16 103 18 34 10 29 0 16 20 5 69 18 19 20 104 19 

AQUIIII!!AQUIIII!!69 20 0 2 41 18 69 5 39 43 108 103 19 43 103 1 0 41 10 10 101 18 39 108 16 104 110 
16 5 17 19 104 
AQUIIII!!104 39 0 48 5 3 2 10 8 101 1 69 12 9 103 41 
AQUIIII!!104 19 103 39 3 48 0 1 5 8 10 2 9 41 101 69 
AQUIIII!!104 39 0 3 19 1 103 9 48 5 8 41 101 10 2 69 
AQUIIII!!10 16 2 19 5 41 103 18 110 108 39 0 43 69 1 104 
AQUIIII!!104 5 9 0 1 4 3 103 12 2 48 8 33 101 71 39 
AQUIIII!!104 69 10 5 39 3 2 48 0 8 101 19 1 41 9 103 
AQUIIII!!104 18 101 103 0 108 19 69 43 1 2 39 3 5 41 10 
AQUIIII!!104 103 20 39 5 18 110 41 69 108 19 43 16 10 0 17 
AQUIIII!!18 43 20 29 108 110 5 10 19 34 82 16 17 14 15 104 
AQUIIII!!19 103 69 108 20 41 10 110 43 0 5 18 17 16 39 104 
AQUIIII!!18 19 2 108 5 41 101 1 43 39 16 69 103 10 0 104 
AQUIIII!!8 39 3 69 2 101 10 5 0 1 19 103 48 41 9 104 
AQUIIII!!43 108 3 101 41 39 103 19 0 5 10 18 2 69 1 104 
AQUIIII!!18 108 39 69 0 5 19 2 10 110 43 1 103 41 16 104 
AQUIIII!!41 48 10 0 3 39 AQUIIII!!69 5 104 101 10 12 15 1 19 2 8 16 103 82 9 43 104 17 
5 29 18 14 110 34 20 108 
AQUIIII!!104 101 0 10 103 108 39 16 2 69 18 43 1 41 5 19 
AQUIIII!!5 12 8 3 71 48 39 101 9 33 2 103 4 0 1 104 
AQUIIII!!0 19 69 2 39 103 5 41 108 10 110 1 18 16 43 104 
AQUIIII!!43 20 110 10 16 15 34 41 108 17 18 5 19 103 29 104 
AQUIIII!!12 71 1 3 8 2 9 33 39 103 48 4 101 5 0 104 
Number of Cuts in the second phase:1741
Number of repeat: 1696 
Violation: 329.000000
Violation: 432.000000
Violation: 172.000000
Violation: 608.000000
Violation: 824.000000
Violation: 216.000000
Violation: 216.000000
Violation: 65.000000
Violation: 170.000000
Violation: 40.000000
Violation: 1040.000000
Violation: 54.000000
Violation: 11.000000
Violation: 1.000000
Violation: 688.000000
Violation: 256.000000
Violation: 608.000000
Violation: 159.000000
Violation: 5.000000
Violation: 904.000000
Violation: 31.000000
Violation: 547.000000
Violation: 428.000000
Violation: 864.000000
Violation: 171.000000
Violation: 161.000000
Violation: 149.000000
Violation: 432.000000
Violation: 33.000000
Violation: 40.000000
Violation: 862.000000
Violation: 122.000000
Violation: 5.000000
Violation: 41.000000
Violation: 6.000000
Violation: 414.000000
Violation: 141.000000
Violation: 200.000000
Violation: 472.000000
Violation: 153.000000
Violation: 319.000000
Violation: 472.000000
Violation: 320.000000
Violation: 822.000000
Violation: 59.000000
took 4.212434
Optimize a model with 436 rows, 605 columns and 5953 nonzeros
Coefficient statistics:
  Matrix range     [1e+00, 2e+01]
  Objective range  [0e+00, 0e+00]
  Bounds range     [1e+00, 2e+01]
  RHS range        [1e+00, 8e+01]
Presolve removed 138 rows and 106 columns
Presolve time: 0.00s
Presolved: 298 rows, 499 columns, 5461 nonzeros

Iteration    Objective       Primal Inf.    Dual Inf.      Time
       0    0.0000000e+00   2.675000e+01   0.000000e+00      0s
     143    0.0000000e+00   0.000000e+00   0.000000e+00      0s

Solved in 143 iterations and 0.01 seconds
Optimal objective  0.000000000e+00
