j3017_4.mm_s8.txt
Academic license - for non-commercial use only
Read LP format model from file lp/j3017_4.mm.lp
Reading time = 0.01 seconds
: 351 rows, 906 columns, 9053 nonzeros
OKGPU
nThreads: 1024 , nBlocks: 12 
Number cuts generated in the phase 1: 14
Number of repeat: 4 
violation 271.000000
violation 689.000000
violation 542.000000
violation 726.000000
violation 592.000000
violation 413.000000
violation 250.000000
violation 250.000000
violation 400.000000
violation 650.000000
6996 16
59 10 3 32 
41 19 61 58 
AQUIIII!!30 21 19 41 32 60 59 1 20 61 36 17 18 58 53 55 AQUIIII!!AQUIIII!!
55 36 19 53 18 1 41 9 16 8 32 60 20 53 24 55 5 21 23 17 58 60 6 58 61 59 22 30 61 56 
28 59 
AQUIIII!!20 36 30 60 58 61 59 32 1 17 53 41 55 19 21 18 
AQUIIII!!30 21 AQUIIII!!61 19 56 41 53 32 23 60 55 59 21 AQUIIII!!1 20 20 20 60 55 61 22 4 36 1 18 5 17 53 6 18 16 36 58 59 30 53 58 58 55 19 59 
32 
21 41 17 60 36 30 
AQUIIII!!21 30 20 36 52 18 54 0 19 AQUIIII!!4 41 16 53 17 17 41 18 32 59 55 61 53 55 
60 58 21 1 19 20 36 30 32 
AQUIIII!!20 55 4 18 53 16 59 58 19 32 21 41 17 60 36 30 AQUIIII!!
23 59 1 60 21 22 5 36 30 55 53 18 58 19 61 20 
AQUIIII!!1 23 AQUIIII!!3 1 9 61 AQUIIII!!2 41 21 10 58 53 5 60 6 28 55 56 8 36 23 24 30 59 6 19 57 8 56 5 21 AQUIIII!!7 1 18 19 22 30 22 36 61 32 28 59 
53 60 18 17 55 58 61 20 30 
60 59 21 55 16 
32 53 20 17 41 58 61 
AQUIIII!!1 61 41 58 60 55 36 59 19 21 18 30 32 53 17 20 
AQUIIII!!61 58 10 1 23 56 59 22 5 28 60 24 9 55 8 6 
AQUIIII!!22 60 20 5 61 23 6 36 58 19 21 59 30 1 53 55 
AQUIIII!!41 60 21 58 1 30 53 18 59 36 AQUIIII!!17 41 55 32 20 55 32 36 61 59 19 53 
18 19 30 17 20 21 60 1 58 61 
AQUIIII!!58 60 5 28 59 24 6 9 56 61 AQUIIII!!AQUIIII!!8 19 55 22 17 32 1 21 1 23 32 61 53 60 21 55 AQUIIII!!58 59 
19 41 19 58 59 53 16 36 61 60 20 18 53 36 60 18 53 58 30 41 55 32 17 30 41 30 16 55 20 18 21 

59 61 20 36 17 
AQUIIII!!59 AQUIIII!!5 61 60 53 19 6 21 22 21 6 36 5 1 20 23 AQUIIII!!23 55 58 6 60 59 58 28 53 AQUIIII!!36 59 56 55 30 30 8 20 32 
AQUIIII!!55 24 1 22 61 10 61 21 1 57 21 22 61 60 59 5 
23 19 60 22 53 59 5 36 AQUIIII!!23 1 18 59 6 60 28 55 2 58 58 24 56 AQUIIII!!41 20 22 9 32 17 55 1 AQUIIII!!61 17 61 30 19 23 
60 59 20 53 10 19 18 21 
30 58 18 21 36 53 9 58 36 
56 59 60 20 AQUIIII!!8 32 53 2 36 60 55 41 8 5 61 17 1 55 6 30 16 3 1 1 30 10 61 
58 57 
41 22 19 23 20 5 
28 9 AQUIIII!!7 AQUIIII!!58 24 61 55 6 21 56 20 30 61 23 41 
6 36 AQUIIII!!58 19 61 55 32 53 30 59 17 1 30 60 59 56 53 36 5 18 53 21 55 56 1 28 61 60 21 20 5 
23 22 8 
60 AQUIIII!!1 19 58 21 6 60 59 41 22 55 36 
59 30 58 1 20 32 61 17 53 18 
AQUIIII!!60 53 58 19 59 1 61 55 23 22 20 5 36 21 30 18 
AQUIIII!!1 19 36 21 32 61 41 59 30 17 60 AQUIIII!!18 21 58 20 53 36 20 58 55 55 
61 19 1 17 53 32 41 18 60 30 59 
AQUIIII!!16 54 32 18 55 17 53 52 4 36 20 41 0 19 30 21 
AQUIIII!!41 1 61 19 58 32 18 55 30 59 21 53 60 AQUIIII!!36 5 58 20 17 36 
19 1 59 22 23 21 20 30 6 55 53 60 61 
AQUIIII!!53 32 59 58 21 16 19 55 41 18 36 4 30 60 20 17 
AQUIIII!!59 36 21 30 AQUIIII!!23 60 22 22 53 30 60 36 55 AQUIIII!!6 1 21 58 6 59 20 59 5 58 53 55 5 55 1 56 61 58 61 19 
23 16 53 21 56 20 20 61 18 
30 AQUIIII!!17 61 19 36 53 32 6 41 5 60 20 
21 1 23 36 59 60 58 55 30 22 
AQUIIII!!53 30 36 58 21 17 19 41 32 1 20 18 55 60 59 61 
AQUIIII!!61 55 10 8 6 1 AQUIIII!!5 60 61 22 20 23 60 56 28 1 AQUIIII!!24 19 60 9 59 36 59 58 32 30 
55 59 30 5 61 21 17 23 21 22 AQUIIII!!19 55 9 20 58 5 41 53 57 53 18 23 58 
58 18 60 36 10 16 22 
24 59 6 56 8 1 28 61 
AQUIIII!!21 56 20 AQUIIII!!55 20 1 21 22 32 36 30 5 55 58 58 AQUIIII!!61 23 59 18 6 22 60 53 AQUIIII!!23 17 60 53 58 41 1 5 30 58 36 20 59 60 59 6 56 61 53 1 5 
56 19 59 60 1 23 30 28 
55 8 AQUIIII!!6 53 10 36 22 2 55 21 59 9 61 9 24 8 
61 28 
60 24 23 6 22 56 5 57 1 61 
AQUIIII!!60 21 55 61 53 23 5 22 58 8 6 56 1 59 28 30 
AQUIIII!!21 58 32 36 20 18 30 60 1 61 41 59 17 55 53 19 
AQUIIII!!55 32 58 16 18 53 59 20 21 19 61 41 36 17 30 AQUIIII!!60 
1 36 18 30 21 17 59 55 20 41 53 32 19 61 60 58 
AQUIIII!!60 22 21 58 36 23 20 59 6 30 19 5 1 61 53 55 
AQUIIII!!16 17 55 19 20 58 18 AQUIIII!!60 1 AQUIIII!!53 59 1 59 17 53 36 41 61 30 20 55 21 30 58 4 55 19 32 32 22 41 18 5 
61 36 36 30 60 23 53 60 21 59 58 AQUIIII!!18 19 20 21 
17 20 60 
53 55 58 59 61 18 32 41 30 16 36 21 19 
AQUIIII!!21 19 59 41 32 18 17 AQUIIII!!53 9 61 24 58 56 60 3 36 AQUIIII!!10 20 8 2 30 1 56 55 7 28 1 24 28 
5 2 57 AQUIIII!!57 22 7 21 8 9 19 23 5 60 6 6 1 1 61 53 10 
18 23 36 59 22 3 20 17 61 32 
55 58 30 41 61 
AQUIIII!!1 36 18 30 21 17 59 55 20 41 53 32 19 61 60 58 
AQUIIII!!60 19 61 41 AQUIIII!!32 36 58 21 41 18 20 16 32 36 21 17 30 30 53 53 59 16 20 55 18 
17 58 4 59 19 55 60 
AQUIIII!!19 18 20 61 60 59 53 58 30 1 23 22 55 36 21 5 
AQUIIII!!1 53 61 58 21 19 60 55 17 32 59 41 30 18 36 20 
AQUIIII!!AQUIIII!!6 58 23 19 28 36 2 17 3 10 41 60 21 1 60 57 32 22 AQUIIII!!59 8 22 20 24 19 36 30 56 5 18 5 23 55 1 9 21 61 53 30 
1 55 58 61 53 61 
20 60 18 59 
AQUIIII!!36 53 20 30 16 32 17 58 55 21 18 41 59 61 60 19 
AQUIIII!!58 19 32 60 53 16 55 17 61 41 21 59 36 20 18 30 
AQUIIII!!19 59 20 61 41 32 58 18 60 53 16 AQUIIII!!55 21 9 AQUIIII!!36 23 21 30 8 17 36 57 
32 56 59 28 19 22 60 5 20 24 55 6 61 10 1 3 53 1 30 2 58 7 17 61 41 
18 
AQUIIII!!19 59 20 61 41 32 58 18 60 53 16 55 21 36 30 17 
AQUIIII!!61 30 19 AQUIIII!!53 61 1 21 5 22 6 1 58 5 36 58 55 23 23 19 60 53 20 55 36 22 30 21 59 59 6 
60 20 
AQUIIII!!61 AQUIIII!!57 36 23 30 59 18 60 32 10 60 58 20 5 58 9 55 16 56 17 22 21 1 61 28 59 24 41 8 53 6 19 

AQUIIII!!30 32 21 19 36 60 55 17 59 20 58 1 53 18 61 41 
AQUIIII!!55 54 4 32 41 30 0 17 19 58 36 21 20 53 18 16 
AQUIIII!!58 17 59 AQUIIII!!1 5 53 1 21 30 55 36 32 20 41 6 18 59 60 22 19 55 20 58 36 61 30 21 61 60 
23 53 56 
AQUIIII!!22 9 10 56 60 24 57 6 59 28 23 8 1 2 5 61 
AQUIIII!!32 60 53 41 21 55 61 19 18 36 58 20 1 17 59 30 
AQUIIII!!58 53 32 55 19 41 20 17 59 60 18 21 61 1 36 30 
AQUIIII!!58 17 59 1 53 21 55 32 41 18 60 19 20 36 30 61 
AQUIIII!!32 60 53 41 21 55 61 19 18 36 58 20 1 17 59 30 AQUIIII!!
59 1 21 55 18 60 22 58 61 23 53 36 19 30 5 20 
AQUIIII!!22 21 60 53 55 36 23 19 61 18 20 58 1 59 30 5 
AQUIIII!!58 53 32 55 AQUIIII!!19 36 41 30 20 5 17 23 59 59 60 56 18 55 21 6 61 58 1 21 36 22 30 1 
53 20 60 61 
AQUIIII!!60 59 18 21 55 17 32 53 20 19 41 61 58 30 1 36 
AQUIIII!!60 59 18 21 55 17 32 53 20 AQUIIII!!19 41 19 61 17 58 32 30 36 1 61 36 1 
60 30 41 18 21 59 AQUIIII!!20 61 58 60 55 21 53 8 
6 53 28 59 5 1 23 56 58 22 55 30 
AQUIIII!!61 60 30 59 6 23 19 53 55 5 58 20 21 36 1 22 
AQUIIII!!59 53 21 41 1 18 60 36 17 61 58 55 19 30 32 20 
AQUIIII!!61 22 59 24 9 8 58 28 5 1 60 56 10 23 6 57 
AQUIIII!!21 59 58 18 36 1 61 55 17 41 60 32 20 53 30 19 
AQUIIII!!61 60 55 1 36 56 22 30 20 5 21 59 6 53 23 58 
AQUIIII!!4 55 53 36 59 19 20 58 16 60 32 17 18 41 AQUIIII!!30 41 21 21 
32 19 17 30 60 59 36 16 20 53 58 55 61 18 
AQUIIII!!17 60 18 59 53 61 55 19 32 20 41 58 36 21 16 30 
AQUIIII!!18 32 21 30 17 20 36 1 53 41 60 61 58 59 55 19 
AQUIIII!!21 59 60 19 58 41 61 32 20 30 36 53 55 18 17 16 
AQUIIII!!53 18 55 21 58 16 30 32 41 61 60 19 59 20 36 17 
AQUIIII!!21 58 36 53 61 20 41 1 55 18 32 60 59 30 19 17 
AQUIIII!!59 24 58 9 55 60 1 23 10 8 6 5 22 28 56 61 
AQUIIII!!59 53 61 22 28 58 60 1 55 23 6 56 24 8 9 5 
AQUIIII!!1 53 55 41 17 58 21 32 20 61 18 59 AQUIIII!!36 21 60 20 30 61 19 55 
60 22 23 30 5 6 19 58 59 1 36 53 
AQUIIII!!28 55 23 61 60 8 56 58 10 9 24 6 1 5 59 22 
AQUIIII!!61 1 30 18 21 59 41 17 36 53 60 20 19 55 58 32 
AQUIIII!!17 58 53 4 55 59 36 0 20 16 41 18 32 21 30 19 
AQUIIII!!61 60 19 21 22 6 5 1 23 55 58 59 53 36 30 20 
AQUIIII!!61 60 55 6 53 23 1 59 58 19 21 36 5 30 20 22 
AQUIIII!!22 61 23 1 21 53 59 55 60 6 5 28 58 8 56 30 
AQUIIII!!61 32 53 30 19 20 59 60 16 58 41 17 55 36 18 21 
AQUIIII!!61 22 1 20 36 60 5 30 6 58 59 21 55 23 53 56 
AQUIIII!!59 58 61 17 30 53 60 55 41 32 16 18 21 20 36 19 
AQUIIII!!1 53 55 41 17 58 21 32 20 61 18 59 36 60 30 19 
AQUIIII!!61 30 58 1 36 22 21 5 59 53 6 60 20 56 55 23 
AQUIIII!!1 53 AQUIIII!!55 1 41 57 17 6 58 22 21 3 32 5 20 AQUIIII!!56 61 9 61 23 18 1 59 2 57 60 36 10 24 60 2 30 10 9 28 19 28 8 
22 61 3 
5 8 24 56 23 6 7 
AQUIIII!!19 17 18 41 AQUIIII!!32 56 58 55 21 53 30 1 61 60 55 22 36 59 20 8 59 58 1 24 53 9 60 28 
6 5 23 61 
AQUIIII!!19 41 61 55 1 53 59 30 36 32 58 17 20 18 21 60 
AQUIIII!!32 59 60 61 19 58 18 21 55 41 53 1 20 17 36 30 
AQUIIII!!61 55 36 32 20 19 60 30 18 41 21 17 59 53 58 16 
AQUIIII!!58 53 36 5 59 60 23 20 22 AQUIIII!!18 30 1 1 30 55 19 32 61 61 21 59 55 41 
53 21 60 58 17 19 20 18 36 
AQUIIII!!61 59 6 2 10 60 57 8 24 28 23 56 1 AQUIIII!!9 23 22 22 5 1 
58 53 30 5 60 6 8 21 28 59 55 56 61 
AQUIIII!!54 4 55 20 30 41 36 16 17 19 32 0 58 21 53 18 
AQUIIII!!61 60 6 23 56 28 8 24 1 9 2 22 59 57 5 10 
AQUIIII!!17 36 21 16 59 60 20 32 41 55 19 30 58 18 53 61 
AQUIIII!!19 18 60 59 32 53 61 20 36 55 41 21 58 17 1 30 
AQUIIII!!20 55 4 18 53 16 59 58 19 32 21 41 17 60 36 30 
AQUIIII!!61 8 59 10 28 56 22 9 5 57 6 60 58 1 23 24 
AQUIIII!!19 1 18 21 41 61 58 30 17 55 20 60 32 36 53 59 
AQUIIII!!61 1 32 21 41 AQUIIII!!20 18 20 30 17 17 30 36 58 59 1 55 53 19 59 58 53 41 60 60 
18 36 32 19 21 55 61 
AQUIIII!!61 8 60 59 24 56 58 53 9 6 22 1 28 55 23 5 
AQUIIII!!1 19 17 41 61 53 58 30 18 AQUIIII!!36 1 60 55 21 53 59 30 20 59 32 56 55 
5 23 6 60 28 61 21 8 22 58 
AQUIIII!!61 22 5 59 55 30 1 20 53 23 58 60 36 6 56 21 
AQUIIII!!17 60 18 59 53 61 55 19 AQUIIII!!32 17 20 55 41 61 58 60 36 20 21 53 16 18 30 16 
30 41 32 58 59 36 19 21 
AQUIIII!!20 18 55 53 60 19 17 61 21 36 41 59 16 30 58 32 
AQUIIII!!22 53 28 AQUIIII!!55 53 61 61 23 59 58 60 32 58 59 6 1 56 18 8 1 60 5 20 30 30 21 55 
41 21 36 17 19 
AQUIIII!!55 32 30 1 61 19 53 58 60 41 17 59 20 21 36 18 
AQUIIII!!53 61 58 32 59 1 18 60 20 30 55 41 21 36 17 19 
AQUIIII!!53 32 61 18 17 59 60 20 41 1 36 55 30 58 21 19 
AQUIIII!!53 AQUIIII!!32 61 61 21 18 56 17 59 22 60 36 20 58 41 60 1 55 36 1 55 30 6 58 5 21 59 19 53 
23 30 20 
AQUIIII!!61 28 1 57 60 24 10 6 5 23 22 AQUIIII!!9 56 61 58 19 59 60 8 18 
59 21 55 36 20 30 53 41 17 16 32 58 
AQUIIII!!61 23 3 28 10 9 5 8 1 2 6 56 7 24 57 22 
AQUIIII!!32 59 60 20 55 19 30 18 58 17 53 41 61 AQUIIII!!21 61 16 1 36 57 
24 58 6 10 60 28 8 5 9 56 22 59 23 
AQUIIII!!61 58 1 21 22 59 36 6 19 53 30 23 5 60 20 55 
AQUIIII!!61 5 1 28 57 59 60 8 24 9 23 10 56 22 58 6 
AQUIIII!!61 60 36 20 53 19 17 41 21 55 58 18 16 59 30 32 
AQUIIII!!61 3 28 60 10 57 8 6 24 56 23 22 1 9 2 5 
AQUIIII!!19 18 60 59 32 53 61 20 36 55 41 21 58 17 1 30 
AQUIIII!!61 1 23 10 28 5 24 22 3 56 60 6 2 9 57 8 
AQUIIII!!61 19 21 55 1 5 58 23 20 30 53 36 22 AQUIIII!!59 61 1 60 53 6 
58 AQUIIII!!60 21 18 60 21 36 17 61 20 36 59 30 18 41 30 59 55 1 55 32 19 53 
20 19 41 58 32 17 
AQUIIII!!36 32 17 61 53 21 59 41 60 58 55 19 30 18 20 16 
AQUIIII!!59 58 55 16 21 20 53 19 4 0 41 30 18 36 32 17 
AQUIIII!!59 58 55 16 21 AQUIIII!!20 61 53 60 19 19 4 21 0 18 41 53 30 58 18 59 36 20 32 32 17 36 
41 17 55 16 30 
AQUIIII!!61 22 59 23 6 56 8 9 24 28 10 5 AQUIIII!!58 61 1 1 57 23 60 5 
6 58 10 28 59 60 56 55 9 8 22 24 
AQUIIII!!21 1 AQUIIII!!58 61 60 56 61 10 20 24 36 55 23 32 2 30 5 19 3 17 28 41 57 18 22 59 8 53 
6 7 1 9 
AQUIIII!!61 28 55 8 22 6 58 59 23 30 1 53 5 60 21 56 
AQUIIII!!53 54 36 55 30 21 19 0 52 32 17 20 16 18 4 41 
AQUIIII!!21 19 59 41 32 18 17 53 61 58 60 36 20 30 55 1 
AQUIIII!!61 20 60 59 41 19 58 17 18 32 1 53 55 21 30 36 
AQUIIII!!59 41 60 30 20 55 18 58 21 32 17 61 36 AQUIIII!!53 59 19 60 1 61 
41 20 55 17 36 53 21 58 32 18 30 19 16 
AQUIIII!!61 36 23 55 30 53 5 58 59 60 19 22 6 21 1 20 
AQUIIII!!61 6 23 60 8 3 57 5 24 10 28 9 56 22 2 1 
AQUIIII!!53 55 4 0 32 21 30 41 54 36 20 17 16 58 19 18 
AQUIIII!!18 60 55 61 53 21 58 36 59 16 20 32 30 41 AQUIIII!!19 61 17 60 
55 6 53 23 1 59 58 19 21 36 5 30 20 22 
AQUIIII!!58 19 30 60 18 1 55 41 21 32 59 53 61 20 17 36 
AQUIIII!!20 53 30 1 17 61 41 18 32 55 21 60 19 36 59 58 
AQUIIII!!61 5 19 23 36 30 18 1 60 59 53 22 21 55 20 58 
AQUIIII!!58 53 59 55 18 60 17 20 32 21 30 4 16 19 36 41 
AQUIIII!!61 59 6 1 56 23 22 8 10 58 9 5 60 24 28 57 
AQUIIII!!61 19 21 55 1 5 58 23 20 30 53 36 22 59 60 6 
AQUIIII!!61 23 56 58 30 8 59 60 55 21 1 6 28 53 5 22 
AQUIIII!!61 60 55 19 58 36 1 18 30 21 17 59 20 53 32 41 
AQUIIII!!61 21 22 59 55 1 30 5 60 19 18 23 58 53 36 20 
AQUIIII!!61 56 9 23 6 5 28 55 22 60 24 8 1 59 58 53 
AQUIIII!!19 41 21 16 61 20 58 53 30 59 32 55 60 36 17 18 
AQUIIII!!61 28 60 57 10 AQUIIII!!3 61 1 22 24 60 6 6 56 5 22 2 5 8 23 1 9 9 2 57 8 24 
56 23 3 28 10 
AQUIIII!!61 59 24 9 10 22 23 56 8 5 2 1 57 60 6 28 
AQUIIII!!1 55 21 30 53 61 36 59 18 20 58 17 19 32 60 41 
AQUIIII!!60 55 17 59 21 61 19 1 53 32 20 58 30 36 18 41 
AQUIIII!!61 19 59 18 53 32 41 60 1 30 20 17 58 55 21 36 
AQUIIII!!20 59 41 60 55 18 61 53 21 58 16 19 17 36 32 30 
AQUIIII!!1 53 59 23 28 5 21 AQUIIII!!55 61 58 30 6 28 30 5 56 21 22 59 8 6 60 60 61 58 
55 56 1 8 23 53 22 
AQUIIII!!61 21 22 53 6 19 5 60 23 55 20 1 58 30 36 59 
AQUIIII!!54 4 55 20 30 41 36 16 17 19 32 0 58 21 53 18 
AQUIIII!!61 8 1 24 AQUIIII!!23 58 32 28 53 9 1 22 21 59 20 53 AQUIIII!!18 56 55 61 60 59 30 6 AQUIIII!!22 5 60 21 23 55 30 20 5 
61 58 56 58 61 28 41 60 6 36 55 8 19 30 21 17 19 60 
59 53 53 59 36 1 1 55 58 32 
41 18 17 
Number of Cuts in the second phase:5577
Number of repeat: 4810 
Violation: 300.000000
Violation: 1134.000000
Violation: 304.000000
Violation: 544.000000
Violation: 634.000000
Violation: 550.000000
Violation: 306.000000
Violation: 908.000000
Violation: 84.000000
Violation: 200.000000
Violation: 741.000000
Violation: 1100.000000
Violation: 750.000000
Violation: 850.000000
Violation: 271.000000
Violation: 271.000000
Violation: 422.000000
Violation: 418.000000
Violation: 734.000000
Violation: 350.000000
Violation: 550.000000
Violation: 1208.000000
Violation: 517.000000
Violation: 428.000000
Violation: 600.000000
Violation: 363.000000
Violation: 525.000000
Violation: 452.000000
Violation: 409.000000
Violation: 634.000000
Violation: 657.000000
Violation: 363.000000
Violation: 908.000000
Violation: 306.000000
Violation: 633.000000
Violation: 571.000000
Violation: 459.000000
Violation: 435.000000
Violation: 200.000000
Violation: 1108.000000
Violation: 363.000000
Violation: 363.000000
Violation: 542.000000
Violation: 834.000000
Violation: 300.000000
Violation: 243.000000
Violation: 649.000000
Violation: 633.000000
Violation: 371.000000
Violation: 512.000000
Violation: 843.000000
Violation: 863.000000
Violation: 418.000000
Violation: 634.000000
Violation: 933.000000
Violation: 634.000000
Violation: 326.000000
Violation: 500.000000
Violation: 100.000000
Violation: 1383.000000
Violation: 211.000000
Violation: 571.000000
Violation: 833.000000
Violation: 250.000000
Violation: 1108.000000
Violation: 730.000000
Violation: 414.000000
Violation: 585.000000
Violation: 374.000000
Violation: 713.000000
Violation: 265.000000
Violation: 771.000000
Violation: 270.000000
Violation: 100.000000
Violation: 21.000000
Violation: 426.000000
Violation: 633.000000
Violation: 689.000000
Violation: 500.000000
Violation: 255.000000
Violation: 685.000000
Violation: 750.000000
Violation: 349.000000
Violation: 378.000000
Violation: 389.000000
Violation: 815.000000
Violation: 909.000000
Violation: 89.000000
Violation: 270.000000
Violation: 250.000000
Violation: 1335.000000
Violation: 918.000000
Violation: 285.000000
Violation: 884.000000
Violation: 833.000000
Violation: 812.000000
Violation: 250.000000
Violation: 100.000000
Violation: 834.000000
Violation: 883.000000
Violation: 1159.000000
Violation: 650.000000
Violation: 734.000000
Violation: 1245.000000
Violation: 455.000000
Violation: 1086.000000
Violation: 921.000000
Violation: 500.000000
Violation: 355.000000
Violation: 1430.000000
Violation: 371.000000
Violation: 485.000000
Violation: 536.000000
Violation: 92.000000
Violation: 449.000000
Violation: 1033.000000
Violation: 626.000000
Violation: 571.000000
Violation: 435.000000
Violation: 84.000000
Violation: 463.000000
Violation: 460.000000
Violation: 932.000000
Violation: 435.000000
Violation: 34.000000
Violation: 1033.000000
Violation: 805.000000
Violation: 1072.000000
Violation: 178.000000
Violation: 835.000000
Violation: 634.000000
Violation: 833.000000
Violation: 642.000000
Violation: 270.000000
Violation: 542.000000
Violation: 700.000000
Violation: 783.000000
Violation: 430.000000
Violation: 100.000000
Violation: 550.000000
Violation: 634.000000
Violation: 292.000000
Violation: 407.000000
Violation: 306.000000
Violation: 723.000000
Violation: 437.000000
Violation: 263.000000
Violation: 521.000000
Violation: 463.000000
Violation: 85.000000
Violation: 858.000000
Violation: 372.000000
Violation: 736.000000
Violation: 1654.000000
Violation: 372.000000
Violation: 271.000000
Violation: 364.000000
Violation: 549.000000
Violation: 884.000000
Violation: 301.000000
Violation: 459.000000
Violation: 521.000000
Violation: 685.000000
Violation: 484.000000
Violation: 1158.000000
Violation: 771.000000
Violation: 928.000000
Violation: 1158.000000
Violation: 383.000000
Violation: 845.000000
Violation: 659.000000
Violation: 633.000000
Violation: 359.000000
Violation: 436.000000
Violation: 613.000000
Violation: 813.000000
Violation: 1034.000000
Violation: 971.000000
Violation: 1534.000000
Violation: 639.000000
Violation: 863.000000
Violation: 509.000000
Violation: 635.000000
Violation: 784.000000
Violation: 400.000000
Violation: 550.000000
Violation: 1134.000000
Violation: 658.000000
Violation: 598.000000
Violation: 500.000000
Violation: 905.000000
Violation: 659.000000
Violation: 541.000000
Violation: 645.000000
Violation: 935.000000
Violation: 71.000000
Violation: 539.000000
Violation: 666.000000
Violation: 909.000000
Violation: 451.000000
Violation: 883.000000
Violation: 613.000000
Violation: 791.000000
Violation: 713.000000
Violation: 200.000000
Violation: 164.000000
Violation: 99.000000
Violation: 1013.000000
Violation: 871.000000
Violation: 1584.000000
Violation: 478.000000
Violation: 360.000000
Violation: 271.000000
Violation: 933.000000
Violation: 1085.000000
Violation: 658.000000
Violation: 300.000000
Violation: 159.000000
Violation: 935.000000
Violation: 284.000000
Violation: 271.000000
Violation: 750.000000
Violation: 1083.000000
Violation: 336.000000
Violation: 771.000000
Violation: 430.000000
Violation: 717.000000
Violation: 325.000000
Violation: 633.000000
Violation: 633.000000
Violation: 963.000000
Violation: 604.000000
Violation: 800.000000
Violation: 528.000000
Violation: 927.000000
Violation: 28.000000
Violation: 633.000000
Violation: 113.000000
Violation: 756.000000
Violation: 393.000000
Violation: 426.000000
Violation: 333.000000
Violation: 1175.000000
Violation: 173.000000
Violation: 762.000000
Violation: 778.000000
Violation: 263.000000
Violation: 909.000000
Violation: 335.000000
Violation: 159.000000
Violation: 500.000000
Violation: 391.000000
Violation: 930.000000
Violation: 158.000000
Violation: 607.000000
Violation: 883.000000
Violation: 908.000000
Violation: 983.000000
Violation: 463.000000
Violation: 360.000000
Violation: 266.000000
Violation: 189.000000
Violation: 730.000000
Violation: 884.000000
Violation: 483.000000
Violation: 500.000000
Violation: 297.000000
Violation: 1033.000000
Violation: 884.000000
Violation: 1658.000000
Violation: 850.000000
Violation: 792.000000
Violation: 435.000000
Violation: 109.000000
Violation: 848.000000
Violation: 363.000000
Violation: 113.000000
Violation: 634.000000
Violation: 1283.000000
Violation: 7.000000
Violation: 220.000000
Violation: 770.000000
Violation: 734.000000
Violation: 796.000000
Violation: 783.000000
Violation: 909.000000
Violation: 575.000000
Violation: 534.000000
Violation: 211.000000
Violation: 339.000000
Violation: 1199.000000
Violation: 1133.000000
Violation: 400.000000
Violation: 368.000000
Violation: 1133.000000
Violation: 100.000000
Violation: 1058.000000
Violation: 550.000000
Violation: 650.000000
Violation: 650.000000
Violation: 231.000000
Violation: 599.000000
Violation: 162.000000
Violation: 750.000000
Violation: 641.000000
Violation: 207.000000
Violation: 642.000000
Violation: 300.000000
Violation: 400.000000
Violation: 525.000000
Violation: 658.000000
Violation: 128.000000
Violation: 378.000000
Violation: 335.000000
Violation: 650.000000
Violation: 659.000000
Violation: 778.000000
Violation: 963.000000
Violation: 7.000000
Violation: 584.000000
Violation: 761.000000
Violation: 941.000000
Violation: 559.000000
Violation: 378.000000
Violation: 250.000000
Violation: 584.000000
Violation: 627.000000
Violation: 634.000000
Violation: 384.000000
Violation: 670.000000
Violation: 658.000000
Violation: 367.000000
Violation: 270.000000
Violation: 512.000000
Violation: 550.000000
Violation: 334.000000
Violation: 409.000000
Violation: 456.000000
Violation: 700.000000
Violation: 907.000000
Violation: 792.000000
Violation: 963.000000
Violation: 249.000000
Violation: 1063.000000
Violation: 363.000000
Violation: 655.000000
Violation: 436.000000
Violation: 509.000000
Violation: 128.000000
Violation: 34.000000
Violation: 368.000000
Violation: 422.000000
Violation: 392.000000
Violation: 391.000000
Violation: 271.000000
Violation: 12.000000
Violation: 462.000000
Violation: 384.000000
Violation: 271.000000
Violation: 542.000000
Violation: 1048.000000
Violation: 733.000000
Violation: 994.000000
Violation: 345.000000
Violation: 1336.000000
Violation: 750.000000
Violation: 936.000000
Violation: 500.000000
Violation: 378.000000
Violation: 318.000000
Violation: 300.000000
Violation: 1284.000000
Violation: 1133.000000
Violation: 249.000000
Violation: 550.000000
Violation: 633.000000
Violation: 285.000000
Violation: 1033.000000
Violation: 1176.000000
Violation: 400.000000
Violation: 534.000000
Violation: 513.000000
Violation: 600.000000
Violation: 537.000000
Violation: 552.000000
Violation: 801.000000
Violation: 350.000000
Violation: 113.000000
Violation: 713.000000
Violation: 1219.000000
Violation: 734.000000
Violation: 7.000000
Violation: 484.000000
Violation: 300.000000
Violation: 1058.000000
Violation: 84.000000
Violation: 585.000000
Violation: 21.000000
Violation: 566.000000
Violation: 541.000000
Violation: 1559.000000
Violation: 909.000000
Violation: 178.000000
Violation: 21.000000
Violation: 533.000000
Violation: 650.000000
Violation: 1449.000000
Violation: 446.000000
Violation: 597.000000
Violation: 583.000000
Violation: 405.000000
Violation: 1134.000000
Violation: 384.000000
Violation: 263.000000
Violation: 133.000000
Violation: 452.000000
Violation: 1034.000000
Violation: 641.000000
Violation: 11.000000
Violation: 285.000000
Violation: 641.000000
Violation: 484.000000
Violation: 930.000000
Violation: 103.000000
Violation: 634.000000
Violation: 1020.000000
Violation: 171.000000
Violation: 20.000000
Violation: 370.000000
Violation: 971.000000
Violation: 250.000000
Violation: 871.000000
Violation: 734.000000
Violation: 372.000000
Violation: 796.000000
Violation: 719.000000
Violation: 521.000000
Violation: 950.000000
Violation: 734.000000
Violation: 291.000000
Violation: 120.000000
Violation: 634.000000
Violation: 971.000000
Violation: 1291.000000
Violation: 263.000000
Violation: 1309.000000
Violation: 905.000000
Violation: 763.000000
Violation: 339.000000
Violation: 450.000000
Violation: 459.000000
Violation: 633.000000
Violation: 500.000000
Violation: 1408.000000
Violation: 659.000000
Violation: 435.000000
Violation: 909.000000
Violation: 451.000000
Violation: 1000.000000
Violation: 846.000000
Violation: 344.000000
Violation: 750.000000
Violation: 463.000000
Violation: 209.000000
Violation: 519.000000
Violation: 759.000000
Violation: 27.000000
Violation: 1017.000000
Violation: 595.000000
Violation: 21.000000
Violation: 171.000000
Violation: 250.000000
Violation: 457.000000
Violation: 285.000000
Violation: 948.000000
Violation: 600.000000
Violation: 121.000000
Violation: 412.000000
Violation: 613.000000
Violation: 1133.000000
Violation: 499.000000
Violation: 384.000000
Violation: 835.000000
Violation: 600.000000
Violation: 883.000000
Violation: 1071.000000
Violation: 425.000000
Violation: 1063.000000
Violation: 1084.000000
Violation: 571.000000
Violation: 271.000000
Violation: 559.000000
Violation: 555.000000
Violation: 984.000000
Violation: 435.000000
Violation: 122.000000
Violation: 1059.000000
Violation: 330.000000
Violation: 222.000000
Violation: 559.000000
Violation: 541.000000
Violation: 270.000000
Violation: 100.000000
Violation: 1034.000000
Violation: 409.000000
Violation: 908.000000
Violation: 216.000000
Violation: 409.000000
Violation: 298.000000
Violation: 1066.000000
Violation: 750.000000
Violation: 813.000000
Violation: 542.000000
Violation: 621.000000
Violation: 814.000000
Violation: 452.000000
Violation: 884.000000
Violation: 109.000000
Violation: 185.000000
Violation: 550.000000
Violation: 678.000000
Violation: 383.000000
Violation: 778.000000
Violation: 784.000000
Violation: 171.000000
Violation: 314.000000
Violation: 1308.000000
Violation: 444.000000
Violation: 783.000000
Violation: 996.000000
Violation: 1234.000000
Violation: 362.000000
Violation: 1400.000000
Violation: 128.000000
Violation: 900.000000
Violation: 1186.000000
Violation: 463.000000
Violation: 530.000000
Violation: 1034.000000
Violation: 292.000000
Violation: 1159.000000
Violation: 460.000000
Violation: 433.000000
Violation: 1059.000000
Violation: 371.000000
Violation: 271.000000
Violation: 1084.000000
Violation: 633.000000
Violation: 521.000000
Violation: 452.000000
Violation: 559.000000
Violation: 963.000000
Violation: 953.000000
Violation: 1050.000000
Violation: 535.000000
Violation: 525.000000
Violation: 21.000000
Violation: 121.000000
Violation: 963.000000
Violation: 292.000000
Violation: 434.000000
Violation: 462.000000
Violation: 250.000000
Violation: 790.000000
Violation: 1475.000000
Violation: 1005.000000
Violation: 378.000000
Violation: 1558.000000
Violation: 292.000000
Violation: 371.000000
Violation: 164.000000
Violation: 300.000000
Violation: 884.000000
Violation: 99.000000
Violation: 363.000000
Violation: 644.000000
Violation: 634.000000
Violation: 408.000000
Violation: 535.000000
Violation: 366.000000
Violation: 533.000000
Violation: 494.000000
Violation: 309.000000
Violation: 1283.000000
Violation: 350.000000
Violation: 783.000000
Violation: 430.000000
Violation: 521.000000
Violation: 10.000000
Violation: 278.000000
Violation: 271.000000
Violation: 271.000000
Violation: 500.000000
Violation: 634.000000
Violation: 7.000000
Violation: 189.000000
Violation: 100.000000
Violation: 597.000000
Violation: 883.000000
Violation: 1808.000000
Violation: 1383.000000
Violation: 463.000000
Violation: 1134.000000
Violation: 971.000000
Violation: 656.000000
Violation: 1159.000000
Violation: 789.000000
Violation: 421.000000
Violation: 909.000000
Violation: 150.000000
Violation: 775.000000
Violation: 600.000000
Violation: 533.000000
Violation: 1783.000000
Violation: 350.000000
Violation: 559.000000
Violation: 471.000000
Violation: 563.000000
Violation: 448.000000
Violation: 933.000000
Violation: 971.000000
Violation: 618.000000
Violation: 634.000000
Violation: 292.000000
Violation: 7.000000
Violation: 89.000000
Violation: 335.000000
Violation: 1178.000000
Violation: 1063.000000
Violation: 684.000000
Violation: 419.000000
Violation: 809.000000
Violation: 113.000000
Violation: 1533.000000
Violation: 850.000000
Violation: 730.000000
Violation: 1219.000000
Violation: 1134.000000
Violation: 559.000000
Violation: 717.000000
Violation: 1634.000000
Violation: 547.000000
Violation: 1334.000000
Violation: 479.000000
Violation: 933.000000
Violation: 371.000000
Violation: 414.000000
Violation: 168.000000
Violation: 903.000000
Violation: 486.000000
Violation: 584.000000
Violation: 172.000000
Violation: 476.000000
Violation: 685.000000
Violation: 1012.000000
Violation: 21.000000
Violation: 521.000000
Violation: 221.000000
Violation: 633.000000
Violation: 326.000000
Violation: 304.000000
Violation: 1084.000000
Violation: 947.000000
Violation: 926.000000
Violation: 1313.000000
Violation: 200.000000
Violation: 883.000000
Violation: 463.000000
Violation: 250.000000
Violation: 100.000000
Violation: 359.000000
Violation: 400.000000
Violation: 891.000000
Violation: 750.000000
Violation: 571.000000
Violation: 534.000000
Violation: 542.000000
Violation: 686.000000
Violation: 585.000000
Violation: 185.000000
Violation: 250.000000
Violation: 21.000000
Violation: 634.000000
Violation: 361.000000
Violation: 1076.000000
Violation: 559.000000
Violation: 671.000000
Violation: 463.000000
Violation: 586.000000
Violation: 261.000000
Violation: 400.000000
Violation: 271.000000
Violation: 745.000000
Violation: 663.000000
Violation: 20.000000
Violation: 1086.000000
Violation: 171.000000
Violation: 564.000000
Violation: 900.000000
Violation: 322.000000
Violation: 363.000000
Violation: 187.000000
Violation: 963.000000
Violation: 904.000000
Violation: 82.000000
Violation: 870.000000
Violation: 59.000000
Violation: 825.000000
Violation: 1466.000000
Violation: 1158.000000
Violation: 363.000000
Violation: 1234.000000
Violation: 84.000000
Violation: 470.000000
Violation: 600.000000
Violation: 520.000000
Violation: 363.000000
Violation: 809.000000
Violation: 1134.000000
Violation: 300.000000
Violation: 871.000000
Violation: 821.000000
Violation: 100.000000
Violation: 585.000000
Violation: 41.000000
Violation: 913.000000
Violation: 641.000000
Violation: 1159.000000
Violation: 676.000000
Violation: 485.000000
Violation: 333.000000
Violation: 250.000000
Violation: 100.000000
Violation: 1205.000000
Violation: 734.000000
Violation: 1176.000000
Violation: 1219.000000
Violation: 1519.000000
Violation: 302.000000
Violation: 99.000000
Violation: 542.000000
Violation: 658.000000
Violation: 315.000000
Violation: 350.000000
Violation: 1159.000000
Violation: 249.000000
Violation: 205.000000
Violation: 350.000000
Violation: 400.000000
Violation: 960.000000
Violation: 371.000000
Violation: 333.000000
Violation: 784.000000
Violation: 1084.000000
Violation: 997.000000
Violation: 834.000000
Violation: 530.000000
Violation: 557.000000
Violation: 483.000000
Violation: 71.000000
Violation: 828.000000
Violation: 804.000000
Violation: 995.000000
Violation: 463.000000
Violation: 1559.000000
Violation: 921.000000
Violation: 1409.000000
took 2.810789
Optimize a model with 1142 rows, 906 columns and 14764 nonzeros
Coefficient statistics:
  Matrix range     [1e+00, 4e+01]
  Objective range  [0e+00, 0e+00]
  Bounds range     [1e+00, 4e+01]
  RHS range        [1e+00, 1e+02]
Presolve removed 753 rows and 109 columns
Presolve time: 0.00s
Presolved: 389 rows, 797 columns, 9233 nonzeros

Iteration    Objective       Primal Inf.    Dual Inf.      Time
       0    0.0000000e+00   4.476255e+01   0.000000e+00      0s
     114    0.0000000e+00   0.000000e+00   0.000000e+00      0s

Solved in 114 iterations and 0.01 seconds
Optimal objective  0.000000000e+00
