j3017_4.mm_s3.txt
Academic license - for non-commercial use only
Read LP format model from file lp/j3017_4.mm.lp
Reading time = 0.01 seconds
: 351 rows, 906 columns, 9053 nonzeros
OKGPU
nThreads: 1024 , nBlocks: 12 
Number cuts generated in the phase 1: 8
Number of repeat: 2 
violation 750.000000
violation 500.000000
violation 404.000000
violation 71.000000
violation 380.000000
violation 800.000000
4992 16
AQUIIII!!48 27 44 20 9 45 25 10 14 23 13 16 11 7 46 43 
AQUIIII!!AQUIIII!!AQUIIII!!48 46 48 46 48 46 8 18 32 7 32 11 11 22 13 18 44 10 19 13 18 11 44 19 19 10 16 20 17 23 12 23 22 10 32 44 7 22 20 43 25 7 17 12 43 23 43 9 
AQUIIII!!

48 46 17 12 AQUIIII!!6 32 46 4 48 8 14 43 11 28 16 7 21 19 7 44 25 23 22 47 18 13 
15 27 20 9 10 45 
AQUIIII!!46 43 48 23 12 32 7 19 22 17 18 44 11 20 13 10 
AQUIIII!!AQUIIII!!25 14 17 11 44 23 19 10 22 13 10 7 23 15 32 47 11 9 8 21 12 20 43 45 7 16 18 27 48 46 46 48 

AQUIIII!!7 10 44 AQUIIII!!46 23 AQUIIII!!23 7 10 43 46 32 25 16 19 12 14 17 22 45 AQUIIII!!8 17 13 45 19 44 11 10 32 46 20 27 18 7 10 9 22 20 AQUIIII!!15 16 6 18 46 21 48 21 11 12 27 
44 43 22 47 13 AQUIIII!!12 4 9 23 11 23 28 48 14 18 13 32 
11 32 48 43 46 20 
19 7 13 17 20 19 AQUIIII!!8 15 AQUIIII!!17 18 6 48 15 10 13 44 
46 22 46 18 20 9 32 7 27 AQUIIII!!AQUIIII!!46 16 25 13 11 22 AQUIIII!!44 7 11 48 21 44 AQUIIII!!7 7 11 22 
11 7 22 23 46 23 10 43 14 14 6 10 32 43 19 45 47 46 20 23 48 44 46 9 9 12 44 
23 10 10 10 17 17 45 20 23 16 22 3 16 11 9 20 13 AQUIIII!!21 25 18 20 43 18 48 19 46 32 44 23 9 
7 28 46 7 16 48 13 AQUIIII!!8 44 27 13 
19 4 32 15 7 32 48 43 13 12 25 11 
19 48 43 20 48 
44 18 
9 19 43 48 10 9 
11 7 16 22 43 10 14 18 44 23 23 20 AQUIIII!!13 16 10 27 48 7 45 
13 48 44 46 11 
21 27 46 16 14 20 AQUIIII!!9 48 45 23 15 45 23 15 7 27 48 14 
9 13 16 11 47 21 46 10 20 
AQUIIII!!13 AQUIIII!!25 7 16 AQUIIII!!23 11 10 20 20 7 46 19 13 11 43 44 44 AQUIIII!!45 11 45 20 10 21 19 11 7 27 32 22 46 46 43 13 16 44 9 18 14 9 25 7 20 23 13 44 AQUIIII!!9 32 48 16 23 43 48 25 10 19 45 
45 23 48 15 23 13 32 
48 AQUIIII!!9 9 
46 28 46 44 4 10 7 17 8 10 16 48 12 43 
46 14 20 18 27 19 11 6 
17 22 43 25 3 32 44 48 
AQUIIII!!48 22 18 44 8 43 46 6 25 12 7 32 28 19 17 4 
AQUIIII!!48 46 45 15 20 14 21 11 7 13 27 10 44 16 23 9 
AQUIIII!!6 12 46 32 28 43 3 AQUIIII!!AQUIIII!!22 15 7 4 14 16 21 19 27 16 25 46 10 8 20 27 18 21 45 44 9 20 17 10 11 48 23 23 
45 AQUIIII!!7 14 9 9 11 46 46 15 AQUIIII!!11 13 13 11 20 44 44 43 27 48 48 17 10 

7 14 10 45 16 18 44 32 13 12 21 19 23 23 7 8 46 48 22 15 AQUIIII!!25 
6 44 32 48 18 
46 7 8 12 22 28 4 AQUIIII!!44 18 17 44 25 22 43 19 19 48 46 
12 AQUIIII!!AQUIIII!!20 4 43 22 6 17 17 43 7 7 22 46 32 12 43 10 AQUIIII!!17 19 48 13 19 6 13 11 3 AQUIIII!!44 20 23 18 18 18 23 48 28 23 4 7 
32 32 28 9 8 44 12 46 46 8 8 11 10 25 25 27 12 48 32 45 7 46 48 43 11 

10 22 25 19 14 43 44 25 16 17 
44 48 
AQUIIII!!AQUIIII!!48 48 20 27 7 13 10 20 11 14 9 21 13 23 44 47 23 7 18 5 43 16 16 10 22 9 19 15 32 11 46 45 

AQUIIII!!10 18 12 22 8 17 25 44 23 7 6 32 19 43 48 46 
AQUIIII!!AQUIIII!!43 18 32 7 7 8 18 44 28 12 46 25 12 43 4 46 22 23 8 11 25 17 44 22 19 10 6 32 17 19 48 48 

AQUIIII!!13 20 23 16 11 7 10 45 19 9 43 44 46 32 25 48 
AQUIIII!!19 25 17 12 8 22 23 10 44 7 43 18 6 AQUIIII!!32 43 46 48 7 
10 18 32 12 44 23 AQUIIII!!19 48 25 10 43 8 46 8 17 32 22 19 11 11 48 12 
44 23 22 25 18 17 46 7 
AQUIIII!!32 25 13 11 10 9 46 23 AQUIIII!!20 23 44 12 43 AQUIIII!!17 19 AQUIIII!!11 43 45 44 13 11 16 23 10 32 7 20 11 8 48 AQUIIII!!32 
45 22 32 16 23 18 10 45 19 44 19 19 7 9 44 13 25 15 22 10 44 27 AQUIIII!!11 7 10 20 44 18 43 48 14 12 23 9 46 16 19 25 12 
7 48 23 17 46 21 10 43 
46 7 7 48 22 8 25 
25 18 48 46 46 17 
11 32 AQUIIII!!43 21 8 45 48 9 AQUIIII!!
47 7 14 6 23 43 11 44 13 19 10 17 7 23 27 18 5 46 20 25 16 AQUIIII!!12 15 18 10 48 12 8 
19 22 43 32 20 48 17 AQUIIII!!
32 AQUIIII!!28 13 12 32 23 43 19 11 23 25 10 10 4 7 25 3 AQUIIII!!44 6 44 17 22 17 43 22 46 AQUIIII!!32 6 48 25 46 18 17 
12 16 19 8 32 43 7 AQUIIII!!18 46 11 46 3 12 28 13 44 28 46 18 7 AQUIIII!!22 44 AQUIIII!!22 7 23 15 8 45 4 48 43 10 14 48 47 19 
6 9 20 
9 8 4 20 11 13 18 19 8 10 7 AQUIIII!!43 18 19 46 21 25 46 44 27 44 5 44 12 21 32 48 23 32 22 9 
22 14 6 20 7 AQUIIII!!48 20 17 10 13 10 
27 32 11 16 32 16 7 25 AQUIIII!!44 23 15 48 9 18 46 45 
10 46 13 6 23 11 19 20 8 48 AQUIIII!!48 
17 43 19 11 
18 16 AQUIIII!!11 23 12 27 13 7 17 19 43 23 22 44 25 43 45 44 25 9 25 48 32 12 44 22 
46 46 10 44 23 22 11 7 17 43 46 48 10 20 10 
23 8 43 45 32 9 16 18 48 14 7 
13 19 AQUIIII!!7 48 48 48 

23 13 32 17 44 18 22 7 11 20 12 43 46 19 10 
AQUIIII!!48 23 46 8 12 18 25 10 7 6 22 32 17 44 19 43 
AQUIIII!!23 11 44 12 17 8 43 22 25 46 10 7 19 18 32 48 
AQUIIII!!32 10 20 46 43 44 13 AQUIIII!!23 18 22 AQUIIII!!22 9 10 10 17 25 11 44 27 19 32 20 7 12 7 18 14 48 17 16 
23 13 8 11 7 43 6 9 46 43 44 19 23 46 45 25 48 48 

AQUIIII!!19 45 7 23 13 20 AQUIIII!!43 9 16 46 32 13 11 11 10 21 25 45 9 20 46 AQUIIII!!23 44 15 16 48 27 20 
44 27 7 14 10 23 14 AQUIIII!!44 16 18 21 48 43 9 
20 10 44 15 10 45 13 13 7 46 11 11 32 7 23 48 16 
19 9 22 48 46 
AQUIIII!!16 46 25 9 AQUIIII!!7 16 23 9 19 11 10 13 45 14 32 46 11 20 20 27 43 43 13 44 44 45 48 23 
25 10 7 48 
AQUIIII!!5 9 21 47 13 23 14 27 16 45 11 20 7 15 10 48 
AQUIIII!!15 AQUIIII!!44 45 48 3 9 25 10 17 20 6 27 12 7 22 13 8 46 11 32 21 18 23 19 14 28 16 44 46 43 4 48 AQUIIII!!

7 13 46 44 27 9 AQUIIII!!16 13 15 45 45 25 11 43 14 16 23 21 32 10 11 20 9 48 7 
AQUIIII!!10 48 20 11 46 18 19 44 44 19 23 13 48 46 
10 AQUIIII!!22 17 43 8 9 32 17 12 7 22 20 11 23 46 32 44 
25 7 43 10 19 23 18 48 
AQUIIII!!48 10 11 44 25 12 22 18 46 43 19 23 AQUIIII!!7 48 8 27 32 9 17 23 
46 10 7 13 21 45 20 15 14 11 16 AQUIIII!!44 48 
22 18 46 20 43 13 9 19 32 17 11 7 23 44 10 
AQUIIII!!4 17 22 19 32 28 25 18 43 3 8 12 44 6 46 48 
AQUIIII!!19 7 20 AQUIIII!!32 11 8 44 19 17 AQUIIII!!17 9 23 3 11 46 25 13 22 12 32 18 4 18 13 18 9 10 6 43 23 22 7 43 46 20 48 32 17 
44 10 43 19 28 22 48 44 
48 46 
AQUIIII!!46 48 16 45 10 11 20 43 44 32 23 9 13 25 19 7 
AQUIIII!!48 44 4 43 12 22 32 18 28 19 7 25 6 8 46 17 
AQUIIII!!48 46 6 44 12 22 32 8 19 18 7 10 17 23 25 43 
AQUIIII!!48 11 13 9 46 20 16 19 10 25 32 44 45 23 7 43 
AQUIIII!!48 10 19 32 44 20 43 7 23 11 46 16 22 18 13 9 
AQUIIII!!48 22 32 44 16 19 20 9 23 13 10 7 18 11 46 43 
AQUIIII!!44 17 18 12 10 11 23 43 13 46 7 AQUIIII!!22 7 20 19 10 32 32 48 20 
44 18 22 11 9 19 23 43 13 17 48 46 
AQUIIII!!16 23 46 7 10 21 13 14 15 20 44 9 11 45 27 48 
AQUIIII!!48 23 46 11 43 10 18 17 7 19 22 9 20 44 13 32 
AQUIIII!!16 9 20 13 11 14 10 46 7 44 21 27 45 23 48 15 
AQUIIII!!17 18 44 23 7 11 22 32 19 9 20 13 43 10 48 46 
AQUIIII!!48 44 7 14 13 46 10 45 23 27 20 11 25 16 43 9 
AQUIIII!!46 AQUIIII!!43 48 48 25 32 14 44 13 23 11 25 27 6 46 20 19 44 12 23 7 45 17 7 18 16 8 9 10 10 22 43 

AQUIIII!!48 27 21 9 45 10 46 13 11 15 23 16 20 7 14 47 
AQUIIII!!48 44 7 11 AQUIIII!!18 44 10 23 20 27 43 9 13 7 9 13 23 10 45 19 11 22 46 16 14 46 AQUIIII!!21 32 48 15 
32 16 18 20 48 7 
46 16 9 43 20 23 44 22 19 10 13 11 
AQUIIII!!10 27 45 23 9 14 5 11 21 20 15 47 16 7 13 48 
AQUIIII!!43 46 48 23 10 9 7 18 11 16 44 19 20 32 22 13 
AQUIIII!!1 8 6 4 0 25 3 18 12 32 17 22 28 2 43 19 
AQUIIII!!48 17 19 44 11 20 46 22 32 10 18 23 43 7 13 9 
AQUIIII!!48 46 20 23 25 9 13 45 16 7 10 44 32 19 11 43 
AQUIIII!!48 25 22 43 19 23 32 10 8 7 6 44 12 17 46 18 
AQUIIII!!48 10 46 7 44 13 22 9 43 18 20 17 11 19 23 32 
AQUIIII!!46 17 28 6 25 3 19 12 AQUIIII!!8 48 44 28 19 32 22 18 44 43 12 46 22 18 4 25 48 4 32 
43 6 17 8 3 
AQUIIII!!46 48 12 8 44 43 18 7 25 6 28 4 17 32 19 22 
AQUIIII!!48 22 43 13 7 23 18 19 10 44 17 32 12 11 46 20 
AQUIIII!!47 15 11 14 7 45 21 16 23 27 9 13 10 5 20 48 
AQUIIII!!48 15 46 9 27 11 21 23 13 14 47 20 16 10 45 7 
AQUIIII!!43 44 3 46 48 4 22 19 25 28 8 17 18 6 12 32 
AQUIIII!!46 16 48 9 44 13 7 AQUIIII!!45 48 11 14 10 9 27 10 25 43 11 14 43 23 25 20 13 
23 20 45 46 7 27 44 16 
AQUIIII!!15 48 46 23 9 20 7 27 10 14 21 44 16 11 45 13 
AQUIIII!!48 46 45 27 11 20 13 16 23 44 15 10 21 9 14 7 
AQUIIII!!46 48 10 32 23 11 19 43 16 7 9 18 13 20 22 44 
AQUIIII!!20 44 13 18 23 17 43 7 32 19 10 9 46 22 11 48 
AQUIIII!!AQUIIII!!48 48 43 44 9 23 13 20 8 22 10 23 19 44 43 18 18 7 17 32 12 11 11 10 25 19 32 46 7 17 46 
22 
AQUIIII!!48 10 16 14 13 45 46 9 44 7 11 25 27 23 20 43 
AQUIIII!!48 6 46 10 25 8 44 12 43 22 7 18 32 23 19 17 
AQUIIII!!48 6 3 25 4 22 17 43 32 18 8 19 12 46 44 28 
AQUIIII!!48 12 19 10 7 6 46 25 18 22 43 44 23 17 32 8 
AQUIIII!!48 46 18 44 23 25 8 10 32 12 7 6 19 43 17 22 
AQUIIII!!48 25 7 18 46 19 12 10 32 8 22 44 6 17 43 23 
AQUIIII!!44 48 43 18 7 16 13 46 19 11 23 20 32 10 22 9 
AQUIIII!!16 48 46 22 18 13 32 10 43 20 9 7 19 11 44 23 
AQUIIII!!48 7 21 10 45 23 20 9 5 16 11 13 15 27 14 47 
AQUIIII!!48 32 25 18 4 12 19 46 43 17 28 3 8 22 6 44 
AQUIIII!!44 13 23 43 12 18 20 19 22 46 11 17 7 10 32 48 
AQUIIII!!48 22 12 17 7 11 10 32 44 18 20 43 23 46 19 13 
AQUIIII!!48 12 7 19 8 25 17 46 18 28 6 22 4 32 43 44 
AQUIIII!!AQUIIII!!48 46 20 48 25 20 46 43 23 13 7 19 43 44 9 10 14 25 16 9 11 16 27 45 45 23 44 11 13 32 10 7 

Number of Cuts in the second phase:3152
Number of repeat: 2981 
Violation: 200.000000
Violation: 500.000000
Violation: 600.000000
Violation: 500.000000
Violation: 500.000000
Violation: 200.000000
Violation: 500.000000
Violation: 250.000000
Violation: 700.000000
Violation: 500.000000
Violation: 1200.000000
Violation: 600.000000
Violation: 600.000000
Violation: 1200.000000
Violation: 600.000000
Violation: 200.000000
Violation: 1200.000000
Violation: 200.000000
Violation: 295.000000
Violation: 200.000000
Violation: 600.000000
Violation: 224.000000
Violation: 513.000000
Violation: 224.000000
Violation: 519.000000
Violation: 600.000000
Violation: 71.000000
Violation: 151.000000
Violation: 229.000000
Violation: 229.000000
Violation: 458.000000
Violation: 522.000000
Violation: 151.000000
Violation: 109.000000
Violation: 687.000000
Violation: 200.000000
Violation: 500.000000
Violation: 500.000000
Violation: 500.000000
Violation: 700.000000
Violation: 900.000000
Violation: 400.000000
Violation: 1000.000000
Violation: 400.000000
Violation: 200.000000
Violation: 489.000000
Violation: 273.000000
Violation: 205.000000
Violation: 500.000000
Violation: 150.000000
Violation: 314.000000
Violation: 456.000000
Violation: 250.000000
Violation: 250.000000
Violation: 500.000000
Violation: 250.000000
Violation: 500.000000
Violation: 1000.000000
Violation: 200.000000
Violation: 800.000000
Violation: 483.000000
Violation: 302.000000
Violation: 531.000000
Violation: 531.000000
Violation: 747.000000
Violation: 248.000000
Violation: 250.000000
Violation: 600.000000
Violation: 400.000000
Violation: 599.000000
Violation: 599.000000
Violation: 529.000000
Violation: 49.000000
Violation: 500.000000
Violation: 109.000000
Violation: 498.000000
Violation: 100.000000
Violation: 500.000000
Violation: 250.000000
Violation: 600.000000
Violation: 500.000000
Violation: 200.000000
Violation: 600.000000
Violation: 224.000000
Violation: 295.000000
Violation: 198.000000
Violation: 206.000000
Violation: 600.000000
Violation: 521.000000
Violation: 109.000000
Violation: 675.000000
Violation: 237.000000
Violation: 1044.000000
Violation: 500.000000
Violation: 200.000000
Violation: 250.000000
Violation: 400.000000
Violation: 1000.000000
Violation: 1000.000000
Violation: 180.000000
Violation: 198.000000
Violation: 309.000000
Violation: 206.000000
Violation: 630.000000
Violation: 960.000000
Violation: 289.000000
Violation: 199.000000
Violation: 500.000000
Violation: 200.000000
Violation: 1198.000000
Violation: 658.000000
Violation: 500.000000
Violation: 100.000000
Violation: 200.000000
Violation: 700.000000
Violation: 83.000000
Violation: 83.000000
Violation: 829.000000
Violation: 522.000000
Violation: 458.000000
Violation: 228.000000
Violation: 500.000000
Violation: 500.000000
Violation: 400.000000
Violation: 400.000000
Violation: 308.000000
Violation: 224.000000
Violation: 250.000000
Violation: 600.000000
Violation: 500.000000
Violation: 200.000000
Violation: 200.000000
Violation: 400.000000
Violation: 418.000000
Violation: 216.000000
Violation: 218.000000
Violation: 479.000000
Violation: 264.000000
Violation: 750.000000
Violation: 500.000000
Violation: 200.000000
Violation: 1000.000000
Violation: 709.000000
Violation: 198.000000
Violation: 315.000000
Violation: 71.000000
Violation: 414.000000
Violation: 500.000000
Violation: 1200.000000
Violation: 198.000000
Violation: 412.000000
Violation: 73.000000
Violation: 259.000000
Violation: 500.000000
Violation: 224.000000
Violation: 200.000000
Violation: 458.000000
Violation: 498.000000
Violation: 109.000000
Violation: 586.000000
Violation: 71.000000
Violation: 323.000000
Violation: 1050.000000
Violation: 1000.000000
Violation: 1000.000000
Violation: 198.000000
Violation: 287.000000
Violation: 350.000000
Violation: 1000.000000
Violation: 1198.000000
Violation: 49.000000
took 2.370038
Optimize a model with 535 rows, 906 columns and 9807 nonzeros
Coefficient statistics:
  Matrix range     [1e+00, 4e+01]
  Objective range  [0e+00, 0e+00]
  Bounds range     [1e+00, 4e+01]
  RHS range        [1e+00, 1e+02]
Presolve removed 301 rows and 109 columns
Presolve time: 0.00s
Presolved: 234 rows, 797 columns, 8432 nonzeros

Iteration    Objective       Primal Inf.    Dual Inf.      Time
       0    0.0000000e+00   4.408044e+01   0.000000e+00      0s
     106    0.0000000e+00   0.000000e+00   0.000000e+00      0s

Solved in 106 iterations and 0.01 seconds
Optimal objective  0.000000000e+00
