j3017_4.mm_s7.txt
Academic license - for non-commercial use only
Read LP format model from file lp/j3017_4.mm.lp
Reading time = 0.01 seconds
: 351 rows, 906 columns, 9053 nonzeros
OKGPU
nThreads: 1024 , nBlocks: 12 
Number cuts generated in the phase 1: 10
Number of repeat: 1 
violation 661.000000
violation 8.000000
violation 795.000000
violation 210.000000
violation 483.000000
violation 435.000000
violation 581.000000
violation 645.000000
violation 8.000000
3000 16
14 15 3 21 47 17 17 44 17 6 18 21 
44 26 32 41 41 29 AQUIIII!!44 45 48 22 6 4 17 29 29 46 AQUIIII!!37 
44 6 51 6 3 20 
14 22 44 17 51 8 22 52 47 
46 24 22 47 21 45 19 14 
37 4 9 32 41 9 37 46 16 22 16 14 8 26 8 20 3 21 8 8 
6 26 48 49 20 8 41 21 18 0 47 9 AQUIIII!!22 4 22 49 51 47 21 29 44 6 48 49 29 29 6 19 6 44 27 20 14 22 52 AQUIIII!!9 32 22 40 41 6 37 9 44 48 AQUIIII!!51 20 22 9 46 5 5 49 9 16 44 18 44 41 21 44 18 47 16 48 14 AQUIIII!!3 48 51 29 50 22 
46 
5 17 
37 47 21 17 52 16 5 47 49 52 27 AQUIIII!!4 
47 46 9 AQUIIII!!26 47 9 20 24 17 46 51 14 48 47 15 32 6 
0 6 46 27 
21 44 44 18 8 47 50 21 41 46 40 17 52 22 47 

17 46 41 22 5 29 37 
44 9 52 22 24 52 48 51 44 21 52 
48 46 48 22 46 21 32 49 
50 16 8 16 26 AQUIIII!!
8 52 46 18 18 3 22 19 37 52 
22 52 51 17 32 46 44 52 17 19 4 49 14 41 
26 37 48 44 9 24 21 24 26 16 48 6 20 14 49 27 40 8 46 17 22 46 AQUIIII!!20 37 47 
37 
45 9 16 20 16 44 AQUIIII!!4 16 26 26 27 
46 29 44 21 41 0 17 5 
22 52 46 48 52 44 9 
17 47 
37 29 27 17 AQUIIII!!21 29 AQUIIII!!44 44 44 9 51 8 47 
14 37 27 16 22 20 18 47 41 52 49 22 8 24 26 20 6 AQUIIII!!16 17 14 48 21 18 37 48 5 37 19 24 46 21 AQUIIII!!22 49 21 
44 44 17 26 51 
51 46 47 48 26 48 26 52 21 AQUIIII!!22 9 46 46 44 44 20 20 20 46 50 22 27 52 37 46 
52 19 
48 49 8 16 18 47 21 16 16 52 22 14 20 47 48 8 24 44 26 37 AQUIIII!!
27 48 46 9 
32 22 14 17 21 14 29 47 17 
45 22 8 3 AQUIIII!!44 AQUIIII!!46 5 46 51 41 9 26 6 41 37 4 16 27 9 17 22 
8 14 21 48 27 17 44 20 48 21 29 16 22 49 14 47 6 52 52 44 47 

AQUIIII!!46 17 6 32 21 45 29 22 44 5 9 8 3 4 14 41 
AQUIIII!!44 47 16 18 49 26 17 37 24 AQUIIII!!21 46 51 AQUIIII!!47 48 44 48 52 46 41 46 37 44 20 48 52 22 16 27 
21 14 52 8 20 6 8 16 26 22 27 17 9 21 22 9 17 29 
14 47 
AQUIIII!!47 44 46 9 5 8 17 21 29 32 22 41 3 14 6 4 
AQUIIII!!47 46 44 3 4 32 17 29 6 21 8 5 14 22 41 9 
AQUIIII!!48 20 24 22 52 46 37 26 19 44 50 18 51 49 47 16 
AQUIIII!!26 48 37 18 52 16 24 19 46 51 44 20 47 22 50 49 
AQUIIII!!47 16 52 46 48 51 49 19 24 26 37 22 20 50 18 44 
AQUIIII!!AQUIIII!!21 44 8 21 3 20 6 37 5 46 47 24 17 26 46 47 22 51 14 18 41 49 29 22 32 52 9 48 4 19 44 
16 
AQUIIII!!46 37 14 21 AQUIIII!!47 47 16 37 20 48 49 0 52 18 48 51 22 19 44 40 27 26 17 20 26 51 50 
22 52 16 46 AQUIIII!!49 52 
18 20 22 49 51 AQUIIII!!21 32 48 21 24 17 17 26 47 37 5 44 29 16 8 AQUIIII!!47 9 52 46 14 14 
4 22 6 26 48 27 22 17 41 20 46 49 44 21 
51 37 16 44 AQUIIII!!48 20 46 37 47 22 AQUIIII!!
51 32 16 21 48 17 21 47 18 5 19 29 52 8 26 9 44 14 49 4 24 6 47 48 46 22 
41 AQUIIII!!46 41 44 14 
3 15 AQUIIII!!45 29 8 22 17 8 46 5 5 32 52 4 22 17 27 21 41 6 9 48 44 AQUIIII!!21 
14 9 48 AQUIIII!!29 44 27 47 6 48 6 9 52 14 AQUIIII!!AQUIIII!!22 17 44 AQUIIII!!16 4 8 51 
47 AQUIIII!!29 41 52 20 AQUIIII!!21 9 21 14 5 14 8 AQUIIII!!29 52 52 46 21 49 5 52 47 6 26 45 29 37 41 26 8 46 AQUIIII!!17 17 17 46 6 47 21 8 22 24 21 41 47 27 44 27 27 41 22 5 47 14 26 48 48 41 16 18 3 27 22 9 51 46 22 AQUIIII!!22 9 49 46 21 AQUIIII!!47 21 AQUIIII!!AQUIIII!!9 44 16 52 22 47 
16 20 52 24 AQUIIII!!21 21 44 41 44 14 46 32 21 44 19 52 49 41 8 9 14 37 20 17 AQUIIII!!AQUIIII!!29 49 48 
22 47 47 6 52 17 22 37 9 44 44 6 37 46 29 37 20 29 17 47 6 16 22 14 48 20 8 8 29 21 17 26 48 37 46 51 26 37 22 9 27 44 24 22 14 51 18 
49 48 8 17 5 18 44 
52 17 16 18 49 48 44 6 46 48 16 
16 44 26 22 17 22 
45 46 47 49 47 
18 21 21 46 32 
17 46 48 51 22 48 20 46 27 47 44 24 48 17 21 14 52 9 
26 51 24 14 17 16 16 20 19 37 26 3 52 9 20 46 52 16 4 46 AQUIIII!!21 22 49 44 44 47 
9 20 21 44 
16 27 15 48 26 
46 
21 37 27 
29 14 52 5 

4 17 22 45 8 32 AQUIIII!!6 46 14 52 3 9 41 21 44 22 
8 14 47 17 6 44 48 29 AQUIIII!!41 46 16 17 27 14 
29 44 45 3 AQUIIII!!22 46 5 17 21 37 8 49 32 48 41 51 6 22 4 18 9 24 
52 16 44 20 21 26 AQUIIII!!47 44 
22 41 4 8 3 9 6 32 15 29 45 14 21 17 5 
AQUIIII!!51 20 46 14 48 49 26 37 21 17 16 27 22 52 44 47 
AQUIIII!!32 21 8 17 9 22 5 29 41 14 3 4 6 45 44 46 
AQUIIII!!14 22 26 46 27 37 21 20 16 9 17 52 47 48 8 44 
AQUIIII!!47 14 29 41 22 6 16 46 27 9 21 52 17 48 8 44 
AQUIIII!!44 16 51 46 48 37 20 47 49 18 52 21 22 24 26 17 
AQUIIII!!21 17 16 8 27 52 47 6 22 14 9 46 29 41 48 AQUIIII!!44 17 
41 46 22 47 29 27 8 5 9 48 6 14 AQUIIII!!21 14 52 47 44 16 
37 26 20 AQUIIII!!52 46 27 27 51 17 17 48 49 AQUIIII!!5 22 16 47 21 37 9 48 29 49 46 8 17 44 14 21 
41 18 6 48 22 24 51 21 52 52 20 44 47 
46 22 26 AQUIIII!!44 27 
37 20 26 9 21 14 22 AQUIIII!!16 49 48 20 49 22 17 21 AQUIIII!!AQUIIII!!47 27 27 29 44 14 14 22 52 37 21 8 46 17 20 14 
AQUIIII!!16 47 17 4 51 49 15 9 46 26 9 17 52 16 41 6 47 9 29 32 48 52 5 3 26 37 22 4 44 AQUIIII!!22 47 45 
46 47 21 21 48 48 41 5 17 27 32 6 44 51 8 44 
37 3 
21 46 16 AQUIIII!!14 49 44 44 26 
26 20 17 46 22 52 51 14 17 14 48 22 20 44 37 
46 27 52 49 21 16 47 
AQUIIII!!44 49 52 21 48 14 16 17 51 20 AQUIIII!!47 46 27 44 22 26 46 48 37 20 26 49 
16 9 37 22 27 17 47 14 21 52 
AQUIIII!!44 46 17 9 32 47 3 6 21 41 8 AQUIIII!!5 46 22 44 4 26 29 48 14 20 
49 16 9 37 22 27 17 47 14 21 52 
AQUIIII!!49 46 47 50 18 19 37 52 22 26 51 48 24 20 44 16 
AQUIIII!!44 49 16 48 20 24 37 26 18 17 22 52 21 46 51 47 
AQUIIII!!20 40 26 37 49 16 46 51 18 50 22 48 0 52 19 47 
AQUIIII!!46 44 22 29 6 8 32 48 21 14 47 9 41 4 5 17 
AQUIIII!!9 6 44 32 22 3 14 41 21 5 4 17 29 AQUIIII!!8 6 46 22 45 14 
29 4 41 17 9 21 3 45 5 32 8 44 46 
AQUIIII!!6 22 14 29 4 41 17 9 21 3 45 AQUIIII!!5 32 32 17 8 44 4 46 21 
14 29 5 6 9 3 22 AQUIIII!!8 47 AQUIIII!!15 26 14 41 50 AQUIIII!!26 45 49 16 27 44 52 24 51 
51 52 44 19 16 22 20 19 49 18 18 52 21 37 37 26 24 20 47 20 48 22 44 16 51 22 21 37 48 47 48 46 17 49 
46 46 AQUIIII!!
44 22 
47 17 37 44 20 48 26 27 52 16 21 AQUIIII!!9 21 49 AQUIIII!!22 14 44 41 46 24 
52 22 46 47 49 14 50 9 20 8 18 6 48 44 AQUIIII!!52 29 37 44 17 16 6 48 51 46 47 16 29 AQUIIII!!26 27 21 44 19 46 48 AQUIIII!!21 

16 46 20 17 20 24 47 14 51 14 47 47 22 26 27 52 17 8 22 21 9 17 AQUIIII!!48 41 37 44 22 52 48 20 44 
18 22 49 49 27 16 16 52 52 26 8 9 46 AQUIIII!!37 27 
44 48 37 22 
9 9 47 37 16 49 17 48 46 52 14 21 46 17 26 27 
AQUIIII!!16 44 21 37 20 17 47 47 26 21 14 9 
14 22 48 8 52 20 27 46 16 26 AQUIIII!!
22 47 17 37 44 20 48 26 27 52 16 21 9 49 AQUIIII!!14 44 46 21 
9 17 16 8 27 6 46 22 14 52 47 41 48 29 
AQUIIII!!46 19 0 20 50 22 52 48 47 16 51 40 18 37 26 49 
AQUIIII!!41 3 6 22 29 21 5 46 32 8 47 4 14 9 17 44 
AQUIIII!!22 14 46 48 49 21 37 27 47 52 16 17 9 20 26 44 
AQUIIII!!48 20 16 50 46 51 49 44 47 22 18 37 24 52 19 26 
AQUIIII!!22 3 47 6 9 21 17 29 4 8 32 14 5 41 46 44 
AQUIIII!!46 14 29 44 47 AQUIIII!!41 26 8 22 5 49 22 24 17 16 32 47 6 44 3 51 21 18 4 37 9 20 
17 21 AQUIIII!!48 46 52 4 46 22 
AQUIIII!!5 45 6 6 29 29 46 17 14 9 48 44 17 41 AQUIIII!!9 3 32 4 8 14 8 AQUIIII!!32 9 21 52 21 6 41 37 14 3 32 16 
8 5 49 4 51 22 5 44 26 17 21 47 45 
14 46 17 21 48 22 41 46 22 20 29 47 44 27 
44 
AQUIIII!!5 3 AQUIIII!!8 46 44 AQUIIII!!52 4 26 44 41 22 24 22 48 47 9 AQUIIII!!44 49 6 5 20 22 14 46 21 48 32 29 24 16 29 41 37 18 9 47 49 37 8 21 17 26 32 17 51 20 6 46 21 18 14 
17 47 17 51 52 47 
16 21 46 3 
22 4 44 
AQUIIII!!46 44 26 21 52 20 AQUIIII!!47 44 16 21 51 3 49 14 22 32 37 5 18 15 17 22 48 8 24 29 
41 9 4 17 6 45 
AQUIIII!!44 48 4 47 21 14 46 32 29 17 9 22 41 6 5 8 
AQUIIII!!46 44 20 14 37 16 52 9 49 17 27 47 48 22 21 26 
AQUIIII!!44 46 17 9 32 47 3 6 21 41 8 5 22 4 29 14 
AQUIIII!!46 19 20 48 22 47 37 49 26 44 18 24 52 51 21 16 
AQUIIII!!20 18 52 37 16 49 50 26 48 22 19 47 51 46 24 44 
AQUIIII!!26 19 24 22 18 37 20 50 52 44 51 47 46 48 49 16 
AQUIIII!!16 48 9 22 8 17 52 27 14 41 21 47 29 6 46 44 
AQUIIII!!16 48 9 22 8 17 52 27 14 41 21 47 29 6 46 44 
AQUIIII!!40 47 51 26 52 22 16 18 49 0 37 48 19 20 50 46 
AQUIIII!!AQUIIII!!16 27 47 5 21 AQUIIII!!52 48 21 44 20 14 6 19 AQUIIII!!17 9 37 37 47 14 26 51 46 29 46 18 16 48 24 17 9 44 52 46 48 41 51 22 20 47 49 47 27 8 22 49 21 17 18 26 49 22 44 24 52 46 
26 20 
37 16 22 52 
21 48 44 
AQUIIII!!44 46 48 AQUIIII!!17 44 16 32 AQUIIII!!14 46 40 9 6 47 21 22 51 47 47 26 20 41 26 52 4 27 22 14 52 16 8 22 18 AQUIIII!!9 37 49 16 17 0 8 20 5 
37 44 29 48 49 3 19 47 21 20 51 
50 48 46 17 
37 24 21 22 26 18 52 46 
AQUIIII!!46 5 32 6 17 22 29 14 3 8 41 4 44 47 21 9 
AQUIIII!!47 44 48 17 AQUIIII!!5 44 46 46 22 48 8 17 29 16 6 14 9 9 27 21 41 47 14 20 52 26 21 27 
52 22 37 8 
AQUIIII!!44 52 21 9 41 48 14 17 27 8 22 29 46 6 5 47 
AQUIIII!!46 48 50 44 22 52 19 24 47 16 49 37 51 26 18 20 
AQUIIII!!AQUIIII!!4 46 5 AQUIIII!!29 21 46 45 3 21 3 9 27 4 17 16 41 AQUIIII!!14 14 5 32 8 41 32 22 3 44 14 8 45 52 17 15 29 32 8 9 29 5 21 8 45 6 14 48 22 41 9 17 44 6 41 22 9 44 6 47 

21 6 22 
17 29 46 4 44 
AQUIIII!!44 26 52 14 22 51 17 20 16 47 21 49 37 27 AQUIIII!!46 47 48 AQUIIII!!
44 46 49 26 27 52 21 27 37 47 48 21 51 48 46 44 22 9 52 16 20 22 26 37 17 8 14 17 16 14 
20 
AQUIIII!!51 20 17 48 21 52 22 47 18 37 16 26 49 46 44 24 
AQUIIII!!41 21 27 46 9 8 14 17 6 5 22 29 48 52 44 47 AQUIIII!!
44 48 21 37 27 49 20 14 46 26 22 52 17 51 16 47 
AQUIIII!!37 22 AQUIIII!!20 46 27 22 17 52 48 18 52 49 21 20 44 44 14 19 9 24 26 48 47 50 16 16 8 26 46 51 
47 37 
AQUIIII!!9 46 37 8 52 16 22 17 14 47 48 26 27 20 21 44 
AQUIIII!!9 27 46 14 22 48 26 AQUIIII!!52 44 16 29 21 14 47 21 8 45 20 5 17 9 37 4 44 46 
6 3 17 41 8 22 32 
AQUIIII!!46 5 22 32 6 21 44 41 29 4 8 14 47 17 3 9 
AQUIIII!!44 47 17 8 AQUIIII!!AQUIIII!!27 14 44 44 52 8 21 20 16 26 26 46 37 22 52 49 16 21 46 46 47 20 37 9 26 9 48 14 17 21 48 22 
37 48 20 27 22 14 17 16 27 52 9 47 

AQUIIII!!46 5 21 9 17 41 4 47 6 44 AQUIIII!!3 46 29 44 8 16 22 47 52 14 22 32 
20 21 26 9 49 17 37 14 48 27 
AQUIIII!!44 16 51 46 48 37 20 47 49 18 52 21 22 24 26 17 
AQUIIII!!16 20 44 49 47 51 48 17 37 24 21 22 26 18 52 46 
AQUIIII!!46 52 26 17 48 20 9 8 44 47 22 27 37 21 16 14 
AQUIIII!!44 6 45 14 5 46 41 9 17 4 32 29 8 3 22 21 
AQUIIII!!44 8 47 14 5 29 41 32 6 17 3 22 4 9 21 46 
AQUIIII!!44 48 17 20 51 16 14 21 26 46 27 49 37 52 22 47 
AQUIIII!!46 44 27 29 22 21 17 47 14 6 48 16 9 52 41 8 
AQUIIII!!5 6 3 22 8 45 4 21 41 32 17 9 46 29 14 44 
AQUIIII!!46 48 20 51 24 21 44 52 22 26 37 49 16 47 18 17 
AQUIIII!!47 46 44 3 4 32 17 29 6 21 8 5 14 22 41 9 
AQUIIII!!47 46 44 3 4 32 17 29 6 21 8 AQUIIII!!5 47 14 44 22 9 41 6 9 41 
4 17 48 21 46 5 8 22 29 14 32 
AQUIIII!!44 AQUIIII!!22 46 AQUIIII!!4 44 21 17 AQUIIII!!47 32 52 47 47 41 22 44 3 16 27 9 45 14 29 17 9 29 29 26 5 15 14 49 22 5 22 27 41 46 17 52 3 8 8 21 32 6 6 20 48 21 9 46 5 17 14 9 41 21 
14 44 6 48 
4 37 8 

AQUIIII!!AQUIIII!!44 44 9 4 17 32 45 16 8 29 AQUIIII!!29 22 44 17 21 47 15 48 22 9 52 16 14 14 17 41 26 6 21 49 47 6 8 27 5 52 41 22 21 46 3 20 27 
46 
9 14 48 37 AQUIIII!!
18 49 26 52 21 48 22 19 47 51 44 20 24 16 37 46 
AQUIIII!!46 9 4 45 21 32 22 29 17 14 8 44 41 5 3 6 
AQUIIII!!44 20 22 AQUIIII!!18 46 46 52 21 51 44 19 6 49 9 16 22 47 8 37 41 21 48 24 47 26 32 48 5 
29 17 14 4 
AQUIIII!!46 21 44 6 9 22 8 41 48 47 32 5 29 17 14 4 
AQUIIII!!46 20 52 16 17 37 44 49 22 21 47 27 9 26 14 48 
AQUIIII!!44 49 24 47 AQUIIII!!46 46 52 44 51 26 26 21 22 20 52 37 20 16 47 19 16 48 51 18 49 21 22 
37 18 17 48 24 
AQUIIII!!46 44 16 47 52 22 20 21 26 9 49 17 37 14 48 27 
AQUIIII!!46 44 16 47 52 22 20 21 26 9 49 17 37 14 48 27 
AQUIIII!!46 26 22 44 47 49 51 52 19 37 20 18 16 21 48 24 
AQUIIII!!46 52 22 44 37 16 51 26 49 21 48 20 47 18 24 17 
AQUIIII!!24 44 22 16 37 18 51 47 52 20 49 46 21 26 19 48 
AQUIIII!!44 47 26 16 37 49 48 9 22 20 14 21 17 46 52 27 
AQUIIII!!46 27 47 26 44 37 21 49 16 22 20 52 14 9 17 48 
AQUIIII!!44 47 26 16 37 AQUIIII!!49 46 48 47 9 41 22 6 20 5 14 44 AQUIIII!!21 21 44 17 8 47 46 9 17 52 52 8 27 29 27 
14 14 27 52 17 20 22 26 48 22 
16 46 37 9 48 21 
AQUIIII!!44 6 32 5 9 17 22 21 29 3 41 4 46 47 14 8 
AQUIIII!!46 41 27 5 17 6 44 52 48 47 29 9 21 22 8 14 
AQUIIII!!46 47 41 6 5 AQUIIII!!44 46 21 44 8 20 9 14 52 37 29 16 14 52 27 9 17 49 22 17 48 
27 47 48 22 21 AQUIIII!!26 46 
14 17 21 47 52 8 9 27 41 29 48 6 22 44 5 
AQUIIII!!46 44 20 14 37 16 52 9 49 17 27 47 48 22 21 26 
AQUIIII!!44 20 21 52 37 16 22 48 26 14 17 49 27 46 51 47 
AQUIIII!!46 14 16 8 48 6 47 AQUIIII!!22 44 52 45 9 4 29 6 AQUIIII!!21 21 44 44 8 41 6 15 41 27 41 21 17 17 22 
14 32 5 3 29 4 3 29 22 14 9 8 45 32 9 
46 5 17 
AQUIIII!!44 8 14 32 9 46 17 6 29 21 5 41 47 3 22 4 
AQUIIII!!44 16 49 24 46 47 50 19 26 52 48 37 51 18 22 20 
AQUIIII!!44 16 49 24 46 47 50 19 26 52 48 37 51 18 22 20 
AQUIIII!!44 4 46 21 5 47 29 14 6 AQUIIII!!9 44 17 52 48 17 22 22 32 21 8 16 41 8 
27 6 29 41 47 9 14 46 48 
AQUIIII!!48 14 46 32 44 5 8 21 6 29 4 47 17 9 22 41 
AQUIIII!!49 48 51 50 16 40 26 34 19 0 11 1 18 52 37 20 
AQUIIII!!49 48 51 50 16 40 26 34 19 0 11 1 18 52 37 20 
Number of Cuts in the second phase:1821
Number of repeat: 1575 
Violation: 202.000000
Violation: 371.000000
Violation: 586.000000
Violation: 205.000000
Violation: 952.000000
Violation: 322.000000
Violation: 601.000000
Violation: 593.000000
Violation: 1194.000000
Violation: 1102.000000
Violation: 210.000000
Violation: 435.000000
Violation: 626.000000
Violation: 524.000000
Violation: 551.000000
Violation: 18.000000
Violation: 16.000000
Violation: 243.000000
Violation: 110.000000
Violation: 601.000000
Violation: 269.000000
Violation: 293.000000
Violation: 1202.000000
Violation: 1304.000000
Violation: 470.000000
Violation: 172.000000
Violation: 90.000000
Violation: 142.000000
Violation: 870.000000
Violation: 486.000000
Violation: 305.000000
Violation: 347.000000
Violation: 319.000000
Violation: 177.000000
Violation: 194.000000
Violation: 174.000000
Violation: 380.000000
Violation: 980.000000
Violation: 740.000000
Violation: 404.000000
Violation: 87.000000
Violation: 420.000000
Violation: 284.000000
Violation: 100.000000
Violation: 1332.000000
Violation: 839.000000
Violation: 761.000000
Violation: 253.000000
Violation: 854.000000
Violation: 4.000000
Violation: 678.000000
Violation: 330.000000
Violation: 330.000000
Violation: 220.000000
Violation: 27.000000
Violation: 202.000000
Violation: 653.000000
Violation: 1110.000000
Violation: 585.000000
Violation: 577.000000
Violation: 954.000000
Violation: 376.000000
Violation: 1178.000000
Violation: 621.000000
Violation: 517.000000
Violation: 795.000000
Violation: 601.000000
Violation: 747.000000
Violation: 499.000000
Violation: 605.000000
Violation: 102.000000
Violation: 118.000000
Violation: 238.000000
Violation: 796.000000
Violation: 621.000000
Violation: 551.000000
Violation: 924.000000
Violation: 16.000000
Violation: 152.000000
Violation: 387.000000
Violation: 202.000000
Violation: 629.000000
Violation: 855.000000
Violation: 266.000000
Violation: 177.000000
Violation: 677.000000
Violation: 13.000000
Violation: 182.000000
Violation: 536.000000
Violation: 190.000000
Violation: 304.000000
Violation: 989.000000
Violation: 93.000000
Violation: 1314.000000
Violation: 108.000000
Violation: 210.000000
Violation: 648.000000
Violation: 637.000000
Violation: 192.000000
Violation: 572.000000
Violation: 1814.000000
Violation: 190.000000
Violation: 983.000000
Violation: 381.000000
Violation: 1345.000000
Violation: 382.000000
Violation: 688.000000
Violation: 1102.000000
Violation: 1127.000000
Violation: 547.000000
Violation: 396.000000
Violation: 981.000000
Violation: 352.000000
Violation: 305.000000
Violation: 601.000000
Violation: 586.000000
Violation: 531.000000
Violation: 210.000000
Violation: 693.000000
Violation: 1386.000000
Violation: 136.000000
Violation: 831.000000
Violation: 577.000000
Violation: 515.000000
Violation: 200.000000
Violation: 142.000000
Violation: 371.000000
Violation: 260.000000
Violation: 521.000000
Violation: 8.000000
Violation: 110.000000
Violation: 70.000000
Violation: 932.000000
Violation: 421.000000
Violation: 932.000000
Violation: 317.000000
Violation: 133.000000
Violation: 612.000000
Violation: 1152.000000
Violation: 502.000000
Violation: 11.000000
Violation: 1049.000000
Violation: 358.000000
Violation: 736.000000
Violation: 1202.000000
Violation: 678.000000
Violation: 936.000000
Violation: 701.000000
Violation: 345.000000
Violation: 728.000000
Violation: 498.000000
Violation: 648.000000
Violation: 212.000000
Violation: 460.000000
Violation: 593.000000
Violation: 1152.000000
Violation: 881.000000
Violation: 708.000000
Violation: 942.000000
Violation: 429.000000
Violation: 326.000000
Violation: 503.000000
Violation: 753.000000
Violation: 324.000000
Violation: 577.000000
Violation: 565.000000
Violation: 374.000000
Violation: 100.000000
Violation: 212.000000
Violation: 437.000000
Violation: 182.000000
Violation: 548.000000
Violation: 442.000000
Violation: 12.000000
Violation: 460.000000
Violation: 621.000000
Violation: 771.000000
Violation: 12.000000
Violation: 991.000000
Violation: 581.000000
Violation: 894.000000
Violation: 234.000000
Violation: 533.000000
Violation: 604.000000
Violation: 370.000000
Violation: 736.000000
Violation: 440.000000
Violation: 755.000000
Violation: 458.000000
Violation: 209.000000
Violation: 611.000000
Violation: 469.000000
Violation: 1312.000000
Violation: 202.000000
Violation: 90.000000
Violation: 292.000000
Violation: 677.000000
Violation: 35.000000
Violation: 139.000000
Violation: 371.000000
Violation: 152.000000
Violation: 277.000000
Violation: 496.000000
Violation: 1292.000000
Violation: 1236.000000
Violation: 141.000000
Violation: 292.000000
Violation: 957.000000
Violation: 803.000000
Violation: 7.000000
Violation: 700.000000
Violation: 284.000000
Violation: 1128.000000
Violation: 601.000000
Violation: 167.000000
Violation: 22.000000
Violation: 46.000000
Violation: 622.000000
Violation: 565.000000
Violation: 629.000000
Violation: 555.000000
Violation: 318.000000
Violation: 465.000000
Violation: 13.000000
Violation: 1304.000000
Violation: 81.000000
Violation: 905.000000
Violation: 1478.000000
Violation: 1119.000000
Violation: 686.000000
Violation: 499.000000
Violation: 113.000000
Violation: 118.000000
Violation: 1184.000000
Violation: 1439.000000
Violation: 370.000000
Violation: 545.000000
Violation: 751.000000
Violation: 483.000000
Violation: 582.000000
Violation: 925.000000
Violation: 86.000000
Violation: 16.000000
Violation: 222.000000
Violation: 182.000000
Violation: 186.000000
took 2.167644
Optimize a model with 613 rows, 906 columns and 10848 nonzeros
Coefficient statistics:
  Matrix range     [1e+00, 4e+01]
  Objective range  [0e+00, 0e+00]
  Bounds range     [1e+00, 4e+01]
  RHS range        [1e+00, 1e+02]
Presolve removed 268 rows and 108 columns
Presolve time: 0.00s
Presolved: 345 rows, 798 columns, 9226 nonzeros

Iteration    Objective       Primal Inf.    Dual Inf.      Time
       0    0.0000000e+00   4.508044e+01   0.000000e+00      0s
     120    0.0000000e+00   0.000000e+00   0.000000e+00      0s

Solved in 120 iterations and 0.01 seconds
Optimal objective  0.000000000e+00
