j3017_4.mm_s3.txt
Academic license - for non-commercial use only
Read LP format model from file lp/j3017_4.mm.lp
Reading time = 0.00 seconds
: 351 rows, 906 columns, 9053 nonzeros
OKGPU
nThreads: 1024 , nBlocks: 12 
Number cuts generated in the phase 1: 8
Number of repeat: 2 
violation 750.000000
violation 500.000000
violation 404.000000
violation 71.000000
violation 380.000000
violation 800.000000
6996 16
AQUIIII!!48 10 7 13 19 43 20 23 32 11 18 22 46 44 27 25 
AQUIIII!!46 48 20 18 12 23 22 44 32 6 28 19 43 17 25 8 
AQUIIII!!10 18 13 23 43 20 7 44 19 27 11 22 32 46 25 48 
AQUIIII!!48 13 7 22 9 23 32 AQUIIII!!19 48 25 11 20 13 11 18 44 20 AQUIIII!!46 22 48 10 7 27 46 43 43 19 32 
23 19 28 10 32 23 20 AQUIIII!!46 25 27 20 7 25 8 44 18 
44 32 22 43 7 18 AQUIIII!!17 19 12 17 22 AQUIIII!!
23 17 18 23 23 43 43 46 28 27 AQUIIII!!20 9 11 25 44 32 22 44 25 46 11 22 10 46 12 32 48 10 46 19 13 7 
43 44 12 32 20 25 48 25 10 19 10 43 
22 7 17 27 23 20 28 16 44 AQUIIII!!48 7 25 
18 20 48 44 AQUIIII!!23 
48 46 10 11 46 7 25 10 13 32 19 11 22 27 43 7 13 22 19 32 9 27 43 9 23 48 44 
20 
AQUIIII!!48 46 22 AQUIIII!!8 48 AQUIIII!!23 11 48 7 46 22 25 43 17 17 AQUIIII!!32 25 32 22 48 18 23 43 43 44 20 12 19 12 10 19 44 8 18 32 44 20 27 20 17 19 12 43 7 19 28 23 44 6 18 10 13 46 28 
25 7 22 
46 18 
25 32 23 20 28 AQUIIII!!
48 AQUIIII!!18 48 10 19 32 10 13 22 AQUIIII!!43 43 48 25 32 19 20 46 43 23 11 44 27 7 22 44 27 20 18 46 44 13 7 19 25 7 20 27 11 23 10 25 22 17 46 
11 
18 32 23 
AQUIIII!!48 46 10 32 17 23 25 22 20 19 18 7 44 27 43 11 
AQUIIII!!43 44 48 28 12 18 19 8 17 6 20 46 32 25 22 23 
AQUIIII!!6 12 43 23 44 18 8 17 AQUIIII!!25 16 46 10 20 44 32 46 22 20 19 25 28 21 48 45 
13 9 32 11 7 27 23 48 
AQUIIII!!18 43 19 10 25 17 7 22 44 23 28 32 12 20 46 48 
AQUIIII!!11 13 23 27 46 21 45 44 9 32 7 16 20 AQUIIII!!25 19 20 10 13 48 22 10 
23 18 11 27 44 7 43 25 32 46 48 
AQUIIII!!19 48 10 18 43 13 25 7 44 20 11 32 46 22 23 27 
AQUIIII!!48 46 18 43 44 28 25 23 12 17 20 32 10 19 7 22 
AQUIIII!!44 13 9 11 25 46 20 43 10 22 7 23 AQUIIII!!32 32 27 23 19 46 48 25 
19 22 10 27 7 20 44 11 43 18 17 48 
AQUIIII!!23 13 9 11 46 10 25 44 32 45 21 20 27 7 48 16 
AQUIIII!!48 46 45 32 10 9 20 11 25 44 AQUIIII!!16 48 21 10 7 46 23 23 13 22 27 19 
27 7 43 9 11 32 44 25 20 13 
AQUIIII!!20 AQUIIII!!46 48 43 11 16 44 25 16 20 7 23 10 27 9 32 13 23 43 22 44 46 25 22 10 32 13 7 27 11 
9 48 
AQUIIII!!48 43 44 7 11 17 25 20 22 32 19 18 23 27 46 10 
AQUIIII!!48 7 27 10 25 44 20 32 13 11 21 9 46 45 23 16 
AQUIIII!!48 32 25 9 11 45 23 21 20 13 44 7 27 10 46 16 
AQUIIII!!10 11 46 27 25 16 20 43 32 9 44 13 7 23 22 48 
AQUIIII!!46 7 27 16 13 21 11 9 25 39 20 14 10 23 45 48 
AQUIIII!!14 11 23 9 13 20 39 10 25 16 45 46 21 7 27 48 
AQUIIII!!48 AQUIIII!!10 48 7 7 9 23 46 32 23 20 44 16 11 22 25 43 20 27 21 11 45 10 27 9 13 13 32 44 16 46 25 

AQUIIII!!48 46 16 43 7 25 9 22 27 11 44 32 20 23 10 13 
AQUIIII!!48 45 14 9 46 16 7 39 13 11 23 AQUIIII!!25 18 10 23 20 28 27 43 21 12 
32 20 7 17 46 25 44 22 19 8 48 
AQUIIII!!25 21 11 13 20 10 39 27 45 9 14 46 23 16 7 AQUIIII!!48 25 
44 13 23 43 32 20 19 18 46 27 7 11 22 10 48 
AQUIIII!!48 10 23 25 17 32 18 43 20 27 46 7 11 22 44 19 
AQUIIII!!10 27 43 11 18 7 23 32 19 44 13 22 20 25 48 46 
AQUIIII!!25 44 19 7 18 13 43 32 22 23 46 20 10 11 27 48 
AQUIIII!!20 18 23 32 6 25 17 44 22 12 28 8 19 48 46 43 
AQUIIII!!12 8 43 25 20 46 44 18 23 28 22 7 32 17 19 48 
AQUIIII!!48 19 44 25 27 18 43 20 46 23 7 10 22 11 32 13 
AQUIIII!!17 22 23 43 25 10 44 27 19 46 7 18 20 11 32 48 
AQUIIII!!11 25 20 13 22 10 19 44 18 7 27 32 23 46 43 48 
AQUIIII!!25 28 18 23 20 10 17 43 32 44 22 46 19 12 7 48 
AQUIIII!!48 43 12 23 28 22 20 32 18 17 44 25 10 19 46 7 
AQUIIII!!45 23 27 11 32 9 44 21 46 10 13 7 16 25 20 48 
AQUIIII!!18 44 22 8 7 32 23 28 20 12 43 25 17 19 46 48 
AQUIIII!!23 45 10 13 AQUIIII!!25 43 9 20 39 19 7 10 16 44 11 7 21 23 20 27 14 46 27 18 48 25 46 32 
13 11 22 48 
AQUIIII!!20 44 43 22 46 7 8 23 12 17 32 19 18 28 25 48 
AQUIIII!!48 23 20 19 43 10 11 25 22 17 44 27 46 32 7 18 
AQUIIII!!44 20 46 43 25 12 32 8 23 7 17 22 18 19 28 48 
AQUIIII!!48 25 17 27 22 46 23 10 20 7 32 19 43 11 44 18 
AQUIIII!!7 11 19 10 18 25 22 44 46 17 20 43 23 27 32 48 
AQUIIII!!48 10 11 46 45 13 20 21 14 9 27 23 7 AQUIIII!!16 48 39 16 25 25 
22 43 7 32 23 10 13 20 44 9 46 11 27 
AQUIIII!!18 44 11 19 27 25 32 23 43 10 22 17 7 20 48 46 
AQUIIII!!48 19 44 25 28 18 8 23 17 43 6 32 46 12 22 20 
AQUIIII!!48 15 11 9 14 23 29 37 20 13 7 21 16 10 45 27 
AQUIIII!!48 45 11 14 21 7 10 20 16 15 13 27 29 23 37 9 
AQUIIII!!20 7 22 13 18 27 19 44 25 46 32 43 11 10 23 48 
AQUIIII!!19 6 28 32 18 22 43 25 46 8 17 20 12 44 23 48 
AQUIIII!!20 43 32 7 19 23 17 25 18 27 10 22 44 46 11 48 
AQUIIII!!46 48 23 6 43 25 17 19 44 22 20 28 8 AQUIIII!!12 48 18 7 32 20 
44 23 10 43 18 12 46 17 28 19 25 32 AQUIIII!!22 
19 22 43 10 32 20 7 11 13 18 23 27 46 44 25 48 
AQUIIII!!44 7 17 22 23 27 43 19 10 20 18 25 46 11 32 48 
AQUIIII!!48 46 11 16 23 21 13 9 7 45 25 10 AQUIIII!!14 27 27 21 39 13 20 29 
10 15 11 20 9 37 45 14 7 23 16 48 
AQUIIII!!27 21 13 29 10 15 11 20 9 37 45 14 7 23 16 48 
AQUIIII!!29 20 37 9 10 13 15 7 23 21 16 AQUIIII!!37 11 29 14 23 27 45 AQUIIII!!45 27 48 7 23 13 48 46 11 20 
9 32 21 7 14 22 16 17 20 19 15 18 10 10 48 43 
44 28 AQUIIII!!12 25 28 
8 12 46 22 18 19 43 17 44 23 25 7 20 32 48 
AQUIIII!!48 44 22 19 46 43 27 20 7 11 18 23 32 10 17 25 
AQUIIII!!10 16 23 46 45 44 20 9 7 21 27 13 32 11 25 48 
AQUIIII!!46 48 25 7 10 43 44 20 27 13 9 23 22 11 19 32 
AQUIIII!!48 22 7 19 28 12 18 25 17 10 46 43 AQUIIII!!20 12 23 32 28 44 43 
8 18 22 6 32 17 23 19 44 20 25 46 48 
AQUIIII!!48 7 20 46 43 11 19 25 44 27 23 13 32 22 10 9 
AQUIIII!!44 48 46 21 9 16 10 32 25 11 20 7 23 13 45 27 
AQUIIII!!48 44 23 22 46 17 32 7 43 11 25 10 20 27 18 19 
AQUIIII!!48 44 8 AQUIIII!!28 37 7 20 20 19 14 25 45 23 18 29 12 9 32 27 46 17 13 43 11 22 
7 23 15 16 10 21 48 
AQUIIII!!10 18 11 23 20 27 25 43 44 46 32 22 7 19 17 48 
AQUIIII!!48 22 25 7 46 28 17 12 23 20 44 32 10 18 19 43 
AQUIIII!!13 20 9 11 27 10 32 19 22 25 43 46 7 23 44 48 
AQUIIII!!12 8 44 22 32 18 23 17 43 6 28 20 46 19 25 48 
AQUIIII!!10 18 19 27 20 17 11 46 23 7 32 44 25 22 43 48 
AQUIIII!!6 20 43 22 32 17 12 8 46 23 28 25 18 19 44 48 
AQUIIII!!48 25 7 11 21 23 20 27 10 13 16 44 32 46 45 9 
AQUIIII!!16 48 43 27 22 46 11 44 25 20 23 10 9 7 13 32 
AQUIIII!!10 25 7 20 28 12 19 32 43 17 46 23 22 44 18 48 
AQUIIII!!48 9 14 45 11 7 27 20 23 46 13 10 16 25 21 39 
AQUIIII!!48 46 10 25 23 9 20 21 44 45 32 13 7 11 27 16 
AQUIIII!!46 48 10 19 17 18 23 44 28 32 7 12 22 20 43 25 
AQUIIII!!46 48 16 43 7 32 27 11 25 22 13 44 20 23 9 10 
AQUIIII!!23 27 37 20 13 29 10 7 21 45 9 14 15 11 16 48 
AQUIIII!!11 43 22 20 32 10 46 7 25 27 19 18 23 44 17 48 
AQUIIII!!23 43 11 27 19 32 10 18 44 25 22 7 20 46 17 48 
AQUIIII!!48 32 23 21 10 7 13 16 27 25 9 46 20 44 11 45 
AQUIIII!!11 14 29 27 21 37 20 7 23 10 15 9 45 13 AQUIIII!!16 48 48 7 
9 46 14 39 25 27 11 45 20 13 16 21 23 10 
AQUIIII!!43 25 27 32 22 23 19 7 46 13 44 10 18 11 20 48 
AQUIIII!!48 23 14 45 13 11 7 27 29 20 21 16 9 37 15 10 
AQUIIII!!48 22 27 32 10 13 43 9 7 44 46 25 16 23 11 20 
AQUIIII!!17 22 44 20 28 19 6 32 18 8 43 23 46 12 25 48 
AQUIIII!!11 16 32 27 10 21 13 7 9 25 45 20 AQUIIII!!44 48 44 23 19 46 27 48 17 
20 23 43 AQUIIII!!32 46 22 48 46 16 7 43 11 7 18 32 10 27 25 11 
25 22 13 44 20 23 9 10 
AQUIIII!!48 25 9 46 10 14 21 7 27 16 23 45 39 20 13 11 
AQUIIII!!43 22 25 20 23 28 44 46 7 19 18 12 32 17 8 48 
AQUIIII!!7 46 32 18 23 10 43 20 27 19 22 13 25 11 44 48 
AQUIIII!!48 46 18 20 23 28 43 44 32 25 7 10 19 22 17 12 
AQUIIII!!32 43 46 20 8 28 44 17 18 7 22 12 19 23 25 48 
AQUIIII!!21 14 10 20 13 39 7 25 27 45 9 46 11 16 23 48 
AQUIIII!!48 7 44 32 43 27 46 25 11 18 20 23 22 17 19 10 
AQUIIII!!48 29 10 37 16 21 13 14 20 7 23 27 15 45 11 9 
AQUIIII!!27 11 43 19 23 22 25 46 10 7 20 32 44 17 18 48 
AQUIIII!!48 19 22 46 44 20 27 43 10 13 32 7 9 11 25 23 
AQUIIII!!23 43 20 13 10 27 9 7 32 11 44 46 22 25 16 48 
AQUIIII!!48 13 45 21 25 11 9 7 27 46 32 44 23 20 16 10 
AQUIIII!!28 32 22 20 44 18 43 12 23 10 25 17 19 7 46 48 
AQUIIII!!48 32 11 44 7 10 27 45 23 9 46 21 13 20 16 25 
AQUIIII!!7 32 23 25 17 12 28 19 18 46 22 44 20 43 10 48 
AQUIIII!!48 19 28 10 12 44 22 18 23 43 32 25 17 20 46 7 
AQUIIII!!44 16 13 32 25 27 9 10 23 21 11 7 20 45 48 46 
Number of Cuts in the second phase:2476
Number of repeat: 2342 
Violation: 250.000000
Violation: 200.000000
Violation: 229.000000
Violation: 229.000000
Violation: 1200.000000
Violation: 400.000000
Violation: 600.000000
Violation: 519.000000
Violation: 302.000000
Violation: 224.000000
Violation: 600.000000
Violation: 458.000000
Violation: 200.000000
Violation: 295.000000
Violation: 687.000000
Violation: 500.000000
Violation: 500.000000
Violation: 228.000000
Violation: 500.000000
Violation: 500.000000
Violation: 109.000000
Violation: 109.000000
Violation: 458.000000
Violation: 400.000000
Violation: 250.000000
Violation: 1200.000000
Violation: 109.000000
Violation: 500.000000
Violation: 513.000000
Violation: 400.000000
Violation: 71.000000
Violation: 250.000000
Violation: 200.000000
Violation: 151.000000
Violation: 600.000000
Violation: 500.000000
Violation: 600.000000
Violation: 500.000000
Violation: 200.000000
Violation: 599.000000
Violation: 200.000000
Violation: 1200.000000
Violation: 315.000000
Violation: 250.000000
Violation: 500.000000
Violation: 500.000000
Violation: 682.000000
Violation: 200.000000
Violation: 1000.000000
Violation: 531.000000
Violation: 150.000000
Violation: 458.000000
Violation: 200.000000
Violation: 200.000000
Violation: 600.000000
Violation: 71.000000
Violation: 200.000000
Violation: 224.000000
Violation: 800.000000
Violation: 200.000000
Violation: 228.000000
Violation: 1000.000000
Violation: 157.000000
Violation: 500.000000
Violation: 750.000000
Violation: 500.000000
Violation: 200.000000
Violation: 109.000000
Violation: 599.000000
Violation: 800.000000
Violation: 200.000000
Violation: 200.000000
Violation: 600.000000
Violation: 456.000000
Violation: 609.000000
Violation: 531.000000
Violation: 1000.000000
Violation: 180.000000
Violation: 200.000000
Violation: 412.000000
Violation: 400.000000
Violation: 521.000000
Violation: 250.000000
Violation: 1000.000000
Violation: 1198.000000
Violation: 386.000000
Violation: 600.000000
Violation: 418.000000
Violation: 198.000000
Violation: 71.000000
Violation: 84.000000
Violation: 151.000000
Violation: 1000.000000
Violation: 400.000000
Violation: 800.000000
Violation: 586.000000
Violation: 302.000000
Violation: 1200.000000
Violation: 1200.000000
Violation: 49.000000
Violation: 500.000000
Violation: 218.000000
Violation: 500.000000
Violation: 42.000000
Violation: 500.000000
Violation: 309.000000
Violation: 200.000000
Violation: 1000.000000
Violation: 200.000000
Violation: 400.000000
Violation: 49.000000
Violation: 73.000000
Violation: 272.000000
Violation: 500.000000
Violation: 250.000000
Violation: 49.000000
Violation: 198.000000
Violation: 200.000000
Violation: 600.000000
Violation: 250.000000
Violation: 151.000000
Violation: 500.000000
Violation: 1000.000000
Violation: 573.000000
Violation: 71.000000
Violation: 71.000000
Violation: 500.000000
Violation: 453.000000
Violation: 206.000000
Violation: 700.000000
Violation: 600.000000
Violation: 459.000000
Violation: 302.000000
Violation: 198.000000
took 2.558485
Optimize a model with 498 rows, 906 columns and 9601 nonzeros
Coefficient statistics:
  Matrix range     [1e+00, 4e+01]
  Objective range  [0e+00, 0e+00]
  Bounds range     [1e+00, 4e+01]
  RHS range        [1e+00, 1e+02]
Presolve removed 264 rows and 109 columns
Presolve time: 0.00s
Presolved: 234 rows, 797 columns, 8425 nonzeros

Iteration    Objective       Primal Inf.    Dual Inf.      Time
       0    0.0000000e+00   4.408044e+01   0.000000e+00      0s
     116    0.0000000e+00   0.000000e+00   0.000000e+00      0s

Solved in 116 iterations and 0.01 seconds
Optimal objective  0.000000000e+00
