j3017_4.mm_s3.txt
Academic license - for non-commercial use only
Read LP format model from file lp/j3017_4.mm.lp
Reading time = 0.01 seconds
: 351 rows, 906 columns, 9053 nonzeros
OKGPU
nThreads: 1024 , nBlocks: 12 
Number cuts generated in the phase 1: 8
Number of repeat: 2 
violation 750.000000
violation 500.000000
violation 404.000000
violation 71.000000
violation 380.000000
violation 800.000000
8592 16
9 13 45 20 14 13 45 27 15 
9 11 25 16 44 20 27 9 43 11 10 10 23 16 
7 45 
AQUIIII!!44 AQUIIII!!22 12 6 32 8 17 12 43 32 11 18 AQUIIII!!8 19 32 23 28 8 19 17 17 7 22 6 25 22 18 4 25 10 43 12 25 46 28 44 48 4 
19 7 43 48 44 46 7 
18 48 46 AQUIIII!!
10 32 20 22 43 23 18 AQUIIII!!17 7 13 45 44 9 44 11 10 AQUIIII!!20 7 25 46 13 AQUIIII!!17 19 20 11 18 23 48 25 43 16 
9 45 28 23 AQUIIII!!25 6 6 11 19 46 12 46 43 25 43 44 46 13 16 28 19 27 32 8 44 22 7 17 AQUIIII!!48 9 4 32 11 AQUIIII!!10 46 44 4 14 19 46 
10 48 7 8 AQUIIII!!21 
22 27 3 43 17 10 11 18 12 44 44 20 32 48 45 3 48 7 

28 27 13 23 23 22 AQUIIII!!AQUIIII!!44 9 7 6 AQUIIII!!11 28 5 14 32 32 6 16 18 19 15 12 16 4 44 22 45 3 25 9 10 AQUIIII!!4 8 21 19 20 43 25 9 22 46 14 8 13 7 22 25 23 16 32 4 18 48 AQUIIII!!32 25 8 48 28 43 19 15 7 20 12 43 47 6 
18 17 46 7 8 
48 11 48 13 14 
44 10 19 46 45 17 43 19 10 AQUIIII!!
43 46 16 7 10 46 45 11 12 43 17 23 48 21 11 12 48 
27 AQUIIII!!19 25 
23 11 20 44 44 47 45 32 9 27 32 20 18 5 13 16 46 10 15 25 AQUIIII!!48 7 48 13 11 AQUIIII!!

14 23 19 32 21 7 32 20 AQUIIII!!44 46 9 23 17 9 AQUIIII!!7 20 44 48 11 13 23 10 46 15 AQUIIII!!45 7 25 AQUIIII!!7 
43 23 22 43 23 8 23 AQUIIII!!18 44 9 16 32 23 46 46 10 44 10 10 13 13 25 44 18 7 11 16 12 20 18 45 18 19 17 12 25 25 22 48 22 32 19 16 46 11 43 32 43 44 
43 43 7 11 20 12 19 11 22 8 19 48 48 48 46 10 10 
19 
9 
12 46 18 7 17 AQUIIII!!32 43 22 48 22 20 10 
23 43 9 44 46 7 13 44 17 10 23 16 25 19 AQUIIII!!18 13 13 43 45 8 11 32 46 7 AQUIIII!!20 48 48 
23 22 44 48 

20 19 7 44 4 46 16 8 27 11 32 10 32 18 9 14 19 7 45 48 17 23 
46 11 16 12 9 AQUIIII!!6 AQUIIII!!25 48 13 43 13 13 25 20 48 11 16 28 
44 25 44 23 11 48 43 7 
46 43 44 12 46 32 17 14 7 23 22 10 10 9 18 27 19 20 45 
48 
AQUIIII!!21 16 47 14 15 AQUIIII!!45 17 9 43 11 22 AQUIIII!!13 32 44 20 10 46 27 23 11 19 23 21 18 46 14 7 10 20 13 7 9 11 48 AQUIIII!!7 20 
9 9 13 25 44 10 44 46 27 48 23 AQUIIII!!43 
27 45 14 15 23 10 11 45 11 7 16 20 20 48 15 45 
13 10 21 16 27 13 9 46 14 48 16 
5 23 47 7 48 
AQUIIII!!13 7 44 9 45 21 16 20 27 11 AQUIIII!!14 45 15 20 10 27 23 13 48 46 21 
47 9 AQUIIII!!7 46 15 27 25 5 44 14 43 16 14 23 7 10 AQUIIII!!11 23 25 48 16 
32 20 13 10 AQUIIII!!10 13 11 45 45 20 32 16 9 17 44 11 10 11 48 46 18 20 
7 9 23 13 7 44 23 43 12 19 22 19 46 48 48 
43 
AQUIIII!!AQUIIII!!7 19 43 17 32 6 AQUIIII!!28 48 10 4 11 22 23 6 46 25 18 32 7 44 22 19 43 17 18 10 19 44 9 23 12 8 20 8 18 12 44 AQUIIII!!22 7 16 25 25 32 13 
46 46 44 48 48 19 AQUIIII!!43 
46 45 
17 27 6 23 AQUIIII!!43 AQUIIII!!16 28 14 47 22 10 28 23 7 8 21 AQUIIII!!10 4 44 11 45 AQUIIII!!32 15 43 AQUIIII!!9 20 12 25 27 23 16 16 10 8 19 13 19 16 11 44 AQUIIII!!18 3 7 7 27 7 13 16 48 21 18 11 10 9 14 
23 32 12 5 45 46 47 22 43 7 45 15 43 11 32 23 9 13 23 43 10 46 6 48 21 11 20 15 4 
44 AQUIIII!!14 11 46 13 17 20 48 20 9 AQUIIII!!20 48 44 13 48 12 46 48 9 AQUIIII!!48 9 25 
25 

43 13 44 13 45 20 19 11 11 19 16 20 9 25 19 44 27 25 10 7 18 7 32 20 32 10 23 46 11 21 46 48 7 19 43 23 48 
17 23 14 45 AQUIIII!!
8 15 13 48 46 10 44 16 16 48 25 32 9 32 
46 6 45 7 19 22 46 44 46 7 22 10 32 18 44 AQUIIII!!
22 48 18 
43 
8 28 3 4 28 8 7 46 12 4 17 43 AQUIIII!!18 19 6 
12 22 6 44 17 25 43 22 7 17 32 19 8 32 48 46 18 
44 28 25 4 12 48 
AQUIIII!!48 22 23 7 19 46 10 18 43 11 12 17 44 13 32 20 
AQUIIII!!2 44 4 43 46 3 28 18 17 32 6 22 19 8 25 12 
AQUIIII!!21 23 14 45 20 7 27 9 11 13 10 AQUIIII!!46 46 48 8 47 10 15 32 19 16 43 48 7 12 
25 22 11 17 23 18 44 
AQUIIII!!48 46 27 AQUIIII!!11 13 10 44 46 9 14 14 45 20 7 16 11 25 AQUIIII!!23 23 43 21 7 13 10 23 9 
16 47 AQUIIII!!47 21 20 45 45 AQUIIII!!AQUIIII!!27 13 20 21 10 16 14 11 27 13 23 27 23 15 27 23 14 7 16 45 11 20 AQUIIII!!45 14 7 10 45 48 20 14 21 15 44 
15 21 7 7 7 9 13 11 9 10 9 27 9 23 44 16 46 13 9 45 15 48 25 46 20 11 48 
44 16 13 
46 43 48 10 46 
46 11 47 14 15 10 16 20 AQUIIII!!48 27 11 
27 48 16 
AQUIIII!!7 21 21 23 13 14 47 45 9 20 10 7 15 27 46 9 23 11 20 13 14 10 45 46 48 47 
15 16 48 AQUIIII!!
14 AQUIIII!!21 23 27 7 7 21 11 20 AQUIIII!!45 23 22 9 9 15 13 44 46 5 32 10 16 23 11 46 9 27 19 10 16 10 14 13 18 15 11 20 47 13 47 48 16 
45 20 7 48 
43 48 
AQUIIII!!10 9 AQUIIII!!7 11 11 18 9 44 14 32 16 20 10 19 43 43 23 22 20 13 AQUIIII!!46 23 6 25 46 17 45 AQUIIII!!16 32 27 13 48 13 25 23 AQUIIII!!44 
43 7 44 44 18 48 20 12 28 
45 43 8 46 11 22 23 46 7 13 7 44 9 20 AQUIIII!!AQUIIII!!AQUIIII!!19 19 19 8 44 11 48 12 44 32 6 43 46 32 4 22 43 7 4 19 46 18 12 10 12 22 18 AQUIIII!!44 28 48 32 10 32 4 43 3 25 
17 8 8 25 7 16 48 43 46 28 17 48 6 
19 3 32 
17 7 22 10 AQUIIII!!18 28 46 19 48 12 17 25 23 43 AQUIIII!!19 18 43 46 13 4 44 6 25 22 25 18 46 48 22 17 AQUIIII!!48 10 
6 23 AQUIIII!!32 
7 44 17 
7 45 18 10 32 32 19 12 AQUIIII!!23 20 8 9 46 44 7 48 7 17 43 
23 23 22 10 9 46 6 11 32 19 16 19 8 43 13 14 20 22 11 22 43 9 23 7 45 11 46 16 13 17 44 13 9 20 19 
20 AQUIIII!!10 27 18 44 44 25 10 48 20 32 
43 45 46 18 46 48 44 12 23 11 
13 25 25 9 48 48 19 

11 43 7 10 32 25 16 48 
AQUIIII!!48 16 23 11 15 13 AQUIIII!!10 48 14 45 45 20 46 7 47 15 7 11 9 10 21 21 20 13 27 9 
16 5 14 47 27 23 
AQUIIII!!19 22 43 16 44 7 9 23 32 18 11 13 20 10 46 48 
AQUIIII!!14 9 46 21 11 45 AQUIIII!!10 45 44 10 7 16 13 43 15 9 20 14 44 27 11 23 7 16 25 20 48 13 
46 23 27 48 
AQUIIII!!7 43 22 11 16 10 44 46 23 20 32 19 9 13 18 48 
AQUIIII!!17 22 46 28 18 25 44 12 32 43 4 19 8 6 3 48 
AQUIIII!!32 18 23 22 12 44 19 17 43 25 6 7 46 8 10 48 
AQUIIII!!13 9 20 11 AQUIIII!!14 48 10 19 17 44 10 45 23 20 16 7 43 46 25 22 32 7 44 23 13 46 43 27 11 48 18 
12 
AQUIIII!!14 23 11 21 9 44 AQUIIII!!15 7 16 43 13 32 20 18 10 AQUIIII!!44 7 48 12 11 27 19 7 46 10 44 45 8 17 48 18 46 
43 6 25 17 46 25 AQUIIII!!32 23 23 12 22 11 22 8 48 10 10 
9 19 21 23 7 
45 15 27 46 AQUIIII!!20 44 14 13 4 48 8 16 7 47 25 
6 18 46 22 19 17 28 AQUIIII!!43 32 32 13 12 10 48 7 
9 44 23 43 17 20 22 19 18 11 48 46 
AQUIIII!!AQUIIII!!48 44 46 13 4 11 43 3 25 AQUIIII!!18 43 AQUIIII!!32 23 48 9 12 46 8 32 22 4 13 19 AQUIIII!!19 44 25 7 14 16 6 17 32 45 7 17 32 10 44 44 45 19 44 8 9 23 7 9 28 28 46 46 21 
43 20 19 11 46 10 16 27 25 48 43 
15 6 22 22 7 11 18 18 16 12 13 
20 23 20 10 48 48 

AQUIIII!!12 25 4 46 22 8 19 6 43 44 32 28 18 7 17 48 
AQUIIII!!48 16 21 20 10 15 7 45 13 11 9 14 23 5 27 47 
AQUIIII!!13 11 44 23 7 22 19 46 18 AQUIIII!!10 48 43 AQUIIII!!45 17 7 11 12 9 21 32 44 16 20 27 10 48 15 16 
9 11 46 23 13 15 27 13 23 20 7 46 14 14 44 10 20 45 
21 48 
AQUIIII!!48 10 46 44 19 43 20 7 23 11 22 17 13 9 18 AQUIIII!!32 48 
18 22 46 7 32 43 8 23 25 44 AQUIIII!!17 6 48 19 44 12 7 10 10 
23 6 12 18 46 8 43 32 22 25 17 19 
AQUIIII!!32 28 18 44 17 7 19 22 12 4 43 8 6 46 25 48 
AQUIIII!!46 48 7 16 21 23 AQUIIII!!13 48 14 46 20 22 45 7 15 19 44 11 27 43 9 18 11 13 10 17 
44 23 20 12 32 10 
AQUIIII!!7 27 15 20 47 9 14 11 45 21 13 23 10 5 48 16 
AQUIIII!!23 25 7 45 20 19 9 16 10 44 13 32 11 48 43 46 
AQUIIII!!48 46 13 14 21 45 10 27 7 20 15 9 16 11 23 47 
AQUIIII!!17 23 44 18 43 7 12 32 46 11 10 20 19 22 13 48 
AQUIIII!!32 45 19 25 46 43 20 13 11 10 9 7 44 23 48 16 
AQUIIII!!7 23 19 13 45 9 20 44 16 32 10 AQUIIII!!25 48 43 47 11 11 10 48 14 46 13 
7 21 20 9 27 AQUIIII!!5 48 16 15 25 23 43 45 46 
10 18 7 44 23 12 22 17 19 8 11 32 
AQUIIII!!48 23 11 27 9 46 47 20 45 21 15 13 14 10 7 16 
AQUIIII!!46 48 18 17 10 7 22 43 19 13 11 44 32 20 23 9 
AQUIIII!!19 25 32 44 43 7 22 17 46 8 12 23 10 6 18 48 AQUIIII!!
6 17 19 8 AQUIIII!!46 48 44 25 4 18 25 28 43 22 46 32 22 12 32 18 7 43 7 17 4 12 44 6 48 28 
19 8 
AQUIIII!!48 14 16 44 10 15 13 9 20 45 46 AQUIIII!!7 20 21 43 27 23 11 11 32 
9 17 18 7 44 10 19 22 23 AQUIIII!!13 48 46 23 48 17 
19 11 AQUIIII!!18 6 7 17 46 18 13 12 43 22 22 28 44 32 10 46 12 25 20 19 32 44 
43 8 4 3 48 
AQUIIII!!12 6 10 18 43 AQUIIII!!19 48 25 22 7 7 25 46 AQUIIII!!43 17 45 32 44 11 46 8 13 32 18 5 22 9 23 AQUIIII!!20 48 17 48 10 
12 16 14 7 23 7 45 44 16 10 47 8 9 15 10 23 13 19 15 21 6 27 21 
48 20 
27 14 46 11 23 47 
AQUIIII!!48 16 46 45 20 AQUIIII!!27 10 48 15 46 14 47 43 11 16 23 AQUIIII!!7 32 48 21 45 10 9 21 13 27 45 7 
14 20 10 16 25 46 13 23 20 9 9 15 19 23 47 11 11 
7 13 44 
AQUIIII!!27 7 45 11 43 25 9 23 AQUIIII!!16 48 10 46 44 20 AQUIIII!!27 13 10 7 14 7 9 20 11 15 48 16 44 46 45 13 
20 11 21 45 21 46 16 47 10 27 14 15 23 9 
13 14 23 48 
AQUIIII!!28 17 22 46 3 44 32 12 19 43 8 6 4 25 18 48 
AQUIIII!!13 9 14 20 45 15 10 21 44 11 46 27 23 7 16 48 AQUIIII!!
48 13 15 23 27 9 21 20 7 46 14 45 47 10 16 11 
AQUIIII!!48 11 46 19 20 17 43 18 32 13 23 9 22 10 44 7 
AQUIIII!!48 10 9 7 21 13 14 11 46 16 44 45 27 20 15 23 
AQUIIII!!48 12 4 6 22 18 32 25 44 8 43 28 7 19 AQUIIII!!46 17 7 
32 18 17 10 22 8 25 23 19 AQUIIII!!44 48 11 43 12 7 48 10 46 19 43 20 
16 25 32 11 46 44 23 45 9 13 AQUIIII!!
32 20 43 AQUIIII!!23 48 46 46 11 19 13 44 32 10 9 18 18 19 22 17 44 10 23 13 20 11 7 22 7 12 16 43 
48 
AQUIIII!!6 AQUIIII!!3 48 25 10 28 11 4 16 8 25 0 20 32 7 17 13 18 32 22 9 12 44 2 23 1 46 19 45 43 43 
19 
AQUIIII!!23 11 44 10 19 17 22 25 8 18 7 12 32 46 48 43 
AQUIIII!!48 10 32 7 46 13 12 20 11 22 43 17 19 23 44 18 
AQUIIII!!8 4 44 32 19 22 43 46 7 28 25 17 6 18 12 48 
AQUIIII!!10 43 32 16 46 44 7 9 11 19 22 18 23 13 20 48 
AQUIIII!!18 32 8 44 46 28 AQUIIII!!12 10 19 44 6 32 22 13 43 20 17 7 4 16 3 45 25 9 48 25 
43 11 19 23 46 48 
AQUIIII!!11 7 12 43 18 44 AQUIIII!!32 48 14 23 47 13 16 22 9 AQUIIII!!17 15 13 27 19 11 5 46 23 23 10 20 19 45 45 10 20 7 11 48 20 21 
44 7 25 13 10 
43 32 9 46 48 AQUIIII!!16 
48 16 45 AQUIIII!!32 23 10 9 46 44 23 43 16 13 43 AQUIIII!!11 13 23 25 44 7 9 10 46 22 20 44 18 19 32 7 7 22 19 32 18 20 46 
43 11 48 11 
12 19 13 10 17 20 48 
AQUIIII!!48 8 23 32 17 19 46 43 18 7 10 12 11 22 44 25 
AQUIIII!!7 14 45 15 23 27 16 13 11 9 20 21 47 10 48 46 
AQUIIII!!48 44 19 18 6 4 7 25 8 22 12 17 32 46 43 28 
AQUIIII!!14 23 9 27 47 13 15 10 7 20 16 45 21 11 48 46 
AQUIIII!!48 25 32 46 19 12 22 8 18 7 43 17 11 44 23 10 
AQUIIII!!48 12 17 46 6 4 22 28 7 18 43 44 32 25 19 8 
AQUIIII!!48 8 23 46 25 19 10 17 AQUIIII!!48 22 46 43 23 17 44 8 7 7 44 18 32 32 19 11 12 18 11 12 22 
10 43 25 
AQUIIII!!48 13 AQUIIII!!20 13 9 14 21 16 7 20 14 5 44 10 23 16 23 46 27 15 9 45 11 11 47 10 7 27 45 
15 21 48 
AQUIIII!!48 6 18 8 22 44 19 12 10 17 23 32 43 7 25 46 
AQUIIII!!48 46 9 7 27 11 45 10 47 15 13 23 14 21 16 20 
AQUIIII!!46 48 12 18 22 6 25 32 7 8 17 19 28 43 4 44 
AQUIIII!!48 45 19 25 10 11 46 7 13 9 44 20 32 43 16 23 
AQUIIII!!48 20 5 7 16 45 47 13 27 15 14 23 11 10 21 9 
AQUIIII!!48 9 20 14 7 11 27 43 13 45 16 10 25 46 44 23 
AQUIIII!!48 15 13 11 14 10 7 5 45 16 47 9 20 23 27 21 
AQUIIII!!48 44 32 12 7 43 22 46 8 25 10 6 18 23 19 17 
AQUIIII!!48 32 7 19 44 13 9 43 16 46 22 23 20 10 11 18 
AQUIIII!!48 16 9 20 23 11 13 AQUIIII!!14 48 7 16 21 10 45 45 46 15 7 27 10 44 9 46 47 
21 27 23 15 13 14 11 20 
AQUIIII!!48 23 18 32 10 16 9 44 7 19 20 13 46 11 22 43 
AQUIIII!!43 1 19 8 25 12 17 32 6 2 44 28 4 22 3 18 
AQUIIII!!48 17 19 23 7 18 20 46 9 43 44 13 22 10 11 32 AQUIIII!!
48 21 AQUIIII!!23 48 46 11 47 14 13 20 20 15 9 27 11 7 10 46 9 16 45 7 13 45 16 47 23 
14 21 15 10 27 
AQUIIII!!48 44 43 20 11 18 16 23 7 9 19 10 13 22 46 32 
AQUIIII!!48 21 47 15 20 16 13 10 27 9 23 46 11 7 45 14 
AQUIIII!!48 46 22 32 18 43 28 6 25 8 12 44 19 17 7 4 
AQUIIII!!48 19 8 23 10 44 43 32 22 25 7 12 46 17 18 6 
AQUIIII!!48 25 46 7 43 12 6 18 19 17 10 32 44 23 8 22 
AQUIIII!!48 46 7 19 43 44 16 32 25 13 23 9 10 11 45 20 
AQUIIII!!48 45 9 7 10 19 32 13 11 25 20 44 16 46 23 43 
AQUIIII!!48 23 14 20 9 21 13 11 7 45 15 10 47 16 27 46 
AQUIIII!!48 19 8 25 AQUIIII!!7 48 4 22 32 23 46 43 11 18 19 22 9 17 17 43 44 10 12 44 AQUIIII!!18 28 48 32 46 7 27 6 13 14 
20 
46 15 13 9 10 23 47 11 21 45 7 20 16 
AQUIIII!!48 17 43 32 19 4 25 44 6 28 12 3 22 8 18 46 
AQUIIII!!48 19 18 10 25 17 11 32 43 46 AQUIIII!!7 48 22 44 16 8 45 23 46 12 7 
10 9 47 21 27 23 15 13 14 11 20 
AQUIIII!!48 45 7 46 25 23 14 9 10 11 44 20 43 27 16 13 
AQUIIII!!48 11 16 21 15 46 9 20 45 10 44 27 14 13 23 7 
AQUIIII!!48 43 8 7 44 28 18 6 32 25 19 46 22 4 17 12 
AQUIIII!!48 14 47 11 20 21 7 45 10 16 9 15 23 13 5 27 
AQUIIII!!48 23 21 10 13 7 AQUIIII!!16 9 46 46 43 15 11 48 44 17 14 13 27 45 10 20 32 
7 12 23 22 18 19 11 20 44 
AQUIIII!!48 28 6 44 12 18 17 4 46 3 8 43 25 22 32 19 
AQUIIII!!48 9 44 46 11 18 20 32 16 19 13 7 22 10 23 43 
AQUIIII!!48 11 9 7 21 20 15 10 46 14 16 44 23 13 45 27 
AQUIIII!!15 48 16 27 45 20 11 13 9 47 21 7 46 10 14 23 
AQUIIII!!48 18 43 22 12 25 28 6 46 3 8 44 19 4 17 32 
AQUIIII!!48 43 45 10 46 27 7 9 11 20 16 14 25 13 44 23 
AQUIIII!!48 13 27 10 11 46 23 7 43 AQUIIII!!9 48 14 44 45 17 20 25 20 13 16 44 10 
7 46 22 19 23 32 11 12 18 43 
AQUIIII!!16 48 46 9 44 10 14 20 15 13 45 21 7 23 11 27 
Number of Cuts in the second phase:5267
Number of repeat: 5049 
Violation: 273.000000
Violation: 500.000000
Violation: 229.000000
Violation: 600.000000
Violation: 519.000000
Violation: 200.000000
Violation: 500.000000
Violation: 500.000000
Violation: 295.000000
Violation: 1200.000000
Violation: 600.000000
Violation: 71.000000
Violation: 458.000000
Violation: 228.000000
Violation: 229.000000
Violation: 109.000000
Violation: 200.000000
Violation: 200.000000
Violation: 600.000000
Violation: 529.000000
Violation: 599.000000
Violation: 500.000000
Violation: 151.000000
Violation: 453.000000
Violation: 500.000000
Violation: 599.000000
Violation: 250.000000
Violation: 250.000000
Violation: 224.000000
Violation: 1198.000000
Violation: 513.000000
Violation: 236.000000
Violation: 151.000000
Violation: 400.000000
Violation: 150.000000
Violation: 687.000000
Violation: 1198.000000
Violation: 500.000000
Violation: 250.000000
Violation: 500.000000
Violation: 200.000000
Violation: 224.000000
Violation: 151.000000
Violation: 600.000000
Violation: 500.000000
Violation: 400.000000
Violation: 500.000000
Violation: 521.000000
Violation: 600.000000
Violation: 337.000000
Violation: 206.000000
Violation: 887.000000
Violation: 1000.000000
Violation: 600.000000
Violation: 1200.000000
Violation: 151.000000
Violation: 200.000000
Violation: 1044.000000
Violation: 200.000000
Violation: 600.000000
Violation: 573.000000
Violation: 531.000000
Violation: 747.000000
Violation: 250.000000
Violation: 108.000000
Violation: 200.000000
Violation: 228.000000
Violation: 1042.000000
Violation: 200.000000
Violation: 83.000000
Violation: 563.000000
Violation: 829.000000
Violation: 708.000000
Violation: 1000.000000
Violation: 747.000000
Violation: 400.000000
Violation: 400.000000
Violation: 600.000000
Violation: 500.000000
Violation: 500.000000
Violation: 400.000000
Violation: 218.000000
Violation: 199.000000
Violation: 289.000000
Violation: 456.000000
Violation: 200.000000
Violation: 1000.000000
Violation: 573.000000
Violation: 73.000000
Violation: 302.000000
Violation: 500.000000
Violation: 531.000000
Violation: 200.000000
Violation: 229.000000
Violation: 500.000000
Violation: 828.000000
Violation: 586.000000
Violation: 500.000000
Violation: 709.000000
Violation: 800.000000
Violation: 250.000000
Violation: 487.000000
Violation: 599.000000
Violation: 400.000000
Violation: 109.000000
Violation: 109.000000
Violation: 1284.000000
Violation: 418.000000
Violation: 500.000000
Violation: 199.000000
Violation: 500.000000
Violation: 500.000000
Violation: 522.000000
Violation: 400.000000
Violation: 500.000000
Violation: 600.000000
Violation: 1000.000000
Violation: 200.000000
Violation: 250.000000
Violation: 500.000000
Violation: 800.000000
Violation: 1000.000000
Violation: 264.000000
Violation: 199.000000
Violation: 412.000000
Violation: 435.000000
Violation: 658.000000
Violation: 109.000000
Violation: 418.000000
Violation: 198.000000
Violation: 71.000000
Violation: 259.000000
Violation: 180.000000
Violation: 216.000000
Violation: 200.000000
Violation: 200.000000
Violation: 522.000000
Violation: 600.000000
Violation: 206.000000
Violation: 902.000000
Violation: 200.000000
Violation: 100.000000
Violation: 399.000000
Violation: 151.000000
Violation: 1050.000000
Violation: 458.000000
Violation: 71.000000
Violation: 500.000000
Violation: 422.000000
Violation: 237.000000
Violation: 800.000000
Violation: 500.000000
Violation: 236.000000
Violation: 700.000000
Violation: 323.000000
Violation: 259.000000
Violation: 200.000000
Violation: 410.000000
Violation: 630.000000
Violation: 1000.000000
Violation: 100.000000
Violation: 224.000000
Violation: 250.000000
Violation: 250.000000
Violation: 949.000000
Violation: 128.000000
Violation: 500.000000
Violation: 199.000000
Violation: 500.000000
Violation: 800.000000
Violation: 600.000000
Violation: 799.000000
Violation: 216.000000
Violation: 198.000000
Violation: 458.000000
Violation: 675.000000
Violation: 600.000000
Violation: 500.000000
Violation: 400.000000
Violation: 500.000000
Violation: 511.000000
Violation: 260.000000
Violation: 600.000000
Violation: 422.000000
Violation: 364.000000
Violation: 350.000000
Violation: 998.000000
Violation: 100.000000
Violation: 200.000000
Violation: 100.000000
Violation: 49.000000
Violation: 205.000000
Violation: 200.000000
Violation: 100.000000
Violation: 673.000000
Violation: 600.000000
Violation: 299.000000
Violation: 222.000000
Violation: 599.000000
Violation: 289.000000
Violation: 500.000000
Violation: 260.000000
Violation: 631.000000
Violation: 50.000000
Violation: 1250.000000
Violation: 700.000000
Violation: 84.000000
Violation: 198.000000
Violation: 302.000000
Violation: 414.000000
Violation: 531.000000
Violation: 199.000000
Violation: 198.000000
Violation: 224.000000
Violation: 709.000000
Violation: 100.000000
Violation: 73.000000
Violation: 200.000000
2400 16
AQUIIII!!48 AQUIIII!!7 48 22 17 18 7 44 10 11 32 19 46 AQUIIII!!9 12 43 48 23 23 20 22 11 17 43 7 46 11 21 32 44 46 13 8 15 10 18 20 23 19 14 
25 45 
13 47 27 9 16 10 
AQUIIII!!48 46 20 10 47 16 11 14 7 27 23 9 45 21 13 15 
AQUIIII!!25 18 23 7 10 12 19 6 8 17 32 43 44 22 46 48 
AQUIIII!!AQUIIII!!15 25 21 23 10 7 9 44 14 32 11 8 7 22 47 46 AQUIIII!!23 17 20 11 11 10 27 23 18 45 45 43 13 27 19 48 13 12 46 21 48 16 14 

10 7 20 15 9 44 48 46 16 AQUIIII!!
44 19 17 8 12 23 43 22 32 25 AQUIIII!!7 18 43 10 23 6 9 46 17 AQUIIII!!48 11 44 
13 3 7 4 46 43 19 28 32 18 10 AQUIIII!!17 18 AQUIIII!!20 25 22 43 46 8 20 46 13 32 44 32 16 19 48 44 23 22 
23 32 12 19 46 11 9 6 13 7 48 7 43 
9 45 44 10 45 11 19 25 20 16 AQUIIII!!10 48 46 25 
10 48 23 
20 11 44 16 15 9 27 21 13 7 AQUIIII!!32 45 20 14 7 48 11 
44 43 18 10 23 22 19 46 17 13 9 48 
AQUIIII!!17 32 7 12 46 44 11 13 23 10 19 22 18 43 20 48 
AQUIIII!!19 AQUIIII!!10 20 25 14 32 27 22 43 46 9 18 44 11 10 12 45 44 16 7 23 43 13 8 46 23 7 17 11 48 25 
48 
AQUIIII!!48 12 19 25 43 6 44 32 AQUIIII!!22 48 3 28 17 25 28 32 18 12 8 6 46 AQUIIII!!AQUIIII!!22 4 18 AQUIIII!!10 
17 32 18 11 3 8 6 43 18 7 10 4 32 12 19 19 19 17 32 43 8 25 8 22 AQUIIII!!22 4 46 7 14 12 44 44 43 11 7 
43 8 10 17 22 44 9 44 6 12 45 18 19 17 13 25 28 46 5 46 46 25 20 23 48 47 23 48 
16 
48 7 
21 27 15 AQUIIII!!23 16 48 9 
14 20 21 10 44 45 27 15 23 11 46 7 13 AQUIIII!!48 44 
19 7 17 32 12 6 25 8 43 4 22 28 46 AQUIIII!!18 48 48 44 
8 3 25 18 12 28 19 32 22 46 43 17 6 4 
AQUIIII!!48 46 12 43 18 4 44 17 28 32 6 22 19 25 3 8 
AQUIIII!!15 48 46 45 23 20 47 10 14 21 27 11 13 16 9 7 
AQUIIII!!23 8 46 32 43 6 17 44 19 12 10 7 25 18 22 48 
AQUIIII!!19 10 22 AQUIIII!!11 19 20 7 7 22 43 18 44 12 13 44 46 8 23 4 18 17 9 6 17 25 32 43 48 28 
46 32 48 
AQUIIII!!19 4 48 44 46 8 17 18 43 32 28 6 22 12 7 25 
AQUIIII!!10 25 18 7 17 12 44 46 22 23 19 32 8 43 6 48 
AQUIIII!!20 11 15 23 16 21 27 13 9 7 47 45 10 14 46 48 
AQUIIII!!48 19 32 43 11 9 10 45 46 25 13 23 44 16 7 20 
AQUIIII!!20 11 23 46 45 21 9 15 44 27 14 13 7 16 10 48 
AQUIIII!!48 22 23 11 17 44 13 32 10 20 18 9 46 19 43 7 
AQUIIII!!44 12 10 6 43 AQUIIII!!8 19 22 22 46 12 25 10 23 6 7 32 19 46 32 43 17 23 18 17 48 25 
8 7 18 44 48 
AQUIIII!!48 27 43 46 7 25 45 44 14 20 9 10 AQUIIII!!23 48 13 46 11 13 16 44 
22 9 32 16 20 43 11 19 7 18 10 23 
AQUIIII!!48 46 9 16 23 7 43 25 14 20 44 13 10 27 45 11 
AQUIIII!!48 46 43 45 11 16 7 10 32 9 23 13 20 25 19 44 
AQUIIII!!7 13 27 11 9 14 25 44 43 23 46 16 10 20 45 48 
AQUIIII!!48 18 25 22 46 10 17 23 43 8 7 6 19 32 12 44 
AQUIIII!!48 44 43 16 19 32 23 46 9 7 20 45 25 13 10 11 
AQUIIII!!13 20 23 22 11 16 32 7 18 44 43 19 10 9 46 48 
AQUIIII!!48 13 23 10 15 11 27 14 46 47 7 16 20 9 45 21 
AQUIIII!!48 13 12 10 20 18 32 11 46 19 22 23 43 44 17 7 
AQUIIII!!10 45 7 16 9 44 11 32 20 46 19 23 43 25 13 48 
AQUIIII!!48 14 47 11 7 16 23 21 20 10 15 45 13 9 27 5 
AQUIIII!!17 25 28 22 6 4 12 32 AQUIIII!!19 48 18 46 8 20 46 32 43 22 2 11 3 43 44 44 
13 10 23 19 18 7 16 9 
AQUIIII!!48 43 19 11 13 23 9 20 32 7 44 46 45 10 16 25 
AQUIIII!!48 17 46 32 19 22 4 28 43 8 7 6 25 18 44 12 
AQUIIII!!1 43 4 44 18 25 19 6 17 2 8 3 22 32 12 28 
AQUIIII!!48 17 20 9 18 46 43 22 13 32 7 19 10 11 44 23 
AQUIIII!!48 43 12 10 46 7 19 32 25 22 11 44 18 8 17 23 
AQUIIII!!48 14 20 16 25 7 43 45 44 11 27 13 23 10 46 9 
AQUIIII!!48 6 17 43 22 4 8 46 25 12 19 28 44 AQUIIII!!3 48 32 43 18 25 
17 7 46 AQUIIII!!44 21 8 23 12 16 22 15 10 14 11 10 32 27 18 13 19 46 23 47 
20 9 45 11 7 48 
AQUIIII!!4 46 8 22 18 32 25 6 3 19 28 12 17 43 44 2 
AQUIIII!!48 23 11 7 20 13 46 12 43 22 17 18 44 32 10 19 
AQUIIII!!48 10 7 23 17 9 11 22 19 18 20 32 43 46 44 13 
AQUIIII!!48 32 19 7 18 43 17 44 46 22 6 25 8 23 10 12 
AQUIIII!!48 13 23 32 44 7 22 46 11 10 20 43 19 17 18 9 
AQUIIII!!48 19 17 7 18 43 13 10 20 11 23 9 22 44 46 32 
AQUIIII!!48 46 8 23 7 11 32 19 44 22 17 10 12 43 18 25 
AQUIIII!!48 10 9 23 19 11 17 13 32 22 44 20 43 46 7 18 
AQUIIII!!48 25 8 17 46 43 19 28 4 12 32 44 18 6 7 22 
Number of Cuts in the second phase:1491
Number of repeat: 1469 
Violation: 1500.000000
Violation: 248.000000
Violation: 200.000000
Violation: 200.000000
Violation: 200.000000
Violation: 269.000000
Violation: 1100.000000
Violation: 900.000000
Violation: 277.000000
Violation: 295.000000
Violation: 229.000000
Violation: 151.000000
Violation: 200.000000
Violation: 751.000000
Violation: 500.000000
Violation: 519.000000
Violation: 600.000000
Violation: 287.000000
Violation: 487.000000
Violation: 1273.000000
Violation: 458.000000
Violation: 1250.000000
took 3.744478
Optimize a model with 604 rows, 906 columns and 10211 nonzeros
Coefficient statistics:
  Matrix range     [1e+00, 4e+01]
  Objective range  [0e+00, 0e+00]
  Bounds range     [1e+00, 4e+01]
  RHS range        [1e+00, 1e+02]
Presolve removed 361 rows and 109 columns
Presolve time: 0.01s
Presolved: 243 rows, 797 columns, 8471 nonzeros

Iteration    Objective       Primal Inf.    Dual Inf.      Time
       0    0.0000000e+00   4.408044e+01   0.000000e+00      0s
     130    0.0000000e+00   0.000000e+00   0.000000e+00      0s

Solved in 130 iterations and 0.01 seconds
Optimal objective  0.000000000e+00
