j3017_4.mm_s8.txt
Academic license - for non-commercial use only
Read LP format model from file lp/j3017_4.mm.lp
Reading time = 0.01 seconds
: 351 rows, 906 columns, 9053 nonzeros
OKGPU
nThreads: 1024 , nBlocks: 12 
Number cuts generated in the phase 1: 14
Number of repeat: 4 
violation 271.000000
violation 689.000000
violation 542.000000
violation 726.000000
violation 592.000000
violation 413.000000
violation 250.000000
violation 250.000000
violation 400.000000
violation 650.000000
4992 16
AQUIIII!!61 5 53 60 58 36 19 22 1 6 21 59 20 55 23 30 
AQUIIII!!30 16 19 17 53 58 55 60 20 32 59 41 21 18 36 61 
AQUIIII!!AQUIIII!!17 17 21 20 36 36 58 30 30 1 AQUIIII!!60 21 21 18 41 18 53 20 36 32 61 61 58 32 41 55 53 60 59 59 19 60 41 59 53 18 16 19 61 19 58 
55 AQUIIII!!55 
21 16 20 20 36 17 32 32 55 30 30 
18 58 60 19 41 61 59 17 1 53 
AQUIIII!!5 30 36 18 60 58 61 53 59 22 23 20 19 1 21 55 
AQUIIII!!17 1 30 36 20 59 AQUIIII!!41 54 60 55 19 36 21 53 55 19 58 32 20 53 32 61 16 18 30 
21 4 58 41 18 0 17 
AQUIIII!!17 20 36 30 1 21 41 AQUIIII!!53 60 32 28 58 22 55 23 60 61 19 55 59 59 18 24 61 8 
6 9 5 53 1 56 58 
AQUIIII!!19 61 60 55 21 53 22 58 36 1 18 20 59 5 30 AQUIIII!!23 1 
9 5 10 6 24 56 58 59 61 60 28 8 55 23 22 
AQUIIII!!36 18 5 1 23 22 21 58 59 55 19 30 20 53 61 60 
AQUIIII!!61 18 1 20 55 19 60 53 58 36 22 5 AQUIIII!!21 41 30 61 59 58 23 60 
30 36 18 32 21 19 20 17 55 1 53 59 
AQUIIII!!20 30 59 41 58 18 16 21 32 19 36 61 AQUIIII!!53 21 60 17 55 58 17 32 
36 41 59 18 16 30 60 55 4 20 19 53 
AQUIIII!!36 AQUIIII!!18 59 5 6 1 5 23 8 22 60 AQUIIII!!21 AQUIIII!!61 61 58 28 19 9 59 58 61 8 55 23 28 19 32 56 30 58 21 22 20 24 60 30 53 59 58 21 61 56 AQUIIII!!18 53 60 22 6 55 41 
23 30 1 59 60 59 
53 6 5 16 5 23 1 58 55 53 56 20 55 20 17 
36 36 61 30 22 
21 AQUIIII!!60 30 55 58 53 22 1 59 
23 53 55 5 20 21 6 36 1 60 19 61 
AQUIIII!!61 AQUIIII!!20 AQUIIII!!36 21 23 60 30 10 41 59 59 60 55 57 59 58 58 36 1 6 AQUIIII!!55 17 1 58 53 53 60 60 20 17 8 AQUIIII!!28 21 18 5 10 8 41 58 24 5 30 19 19 56 8 1 18 32 AQUIIII!!28 6 AQUIIII!!22 30 24 1 AQUIIII!!22 56 17 59 
32 10 58 9 3 21 61 6 22 21 9 61 19 
5 5 18 57 
55 53 28 19 24 AQUIIII!!AQUIIII!!36 56 55 20 AQUIIII!!60 58 19 60 21 53 60 5 1 53 61 58 23 AQUIIII!!59 58 9 28 60 30 32 55 55 1 24 61 2 1 53 21 61 17 23 1 22 19 22 41 
36 60 56 2 23 21 21 61 AQUIIII!!41 9 8 58 20 61 36 1 60 30 23 5 59 18 
32 58 5 60 30 8 56 41 18 23 5 59 1 6 10 59 59 2 36 32 59 61 3 53 20 10 23 
61 18 22 
19 16 1 
57 20 55 55 24 7 23 6 6 20 6 60 61 56 17 28 
30 3 61 36 22 57 
30 55 28 
22 1 9 53 8 
AQUIIII!!61 28 
8 22 24 AQUIIII!!5 61 9 19 56 21 58 36 61 58 60 5 6 59 59 18 23 20 55 23 1 60 53 30 
22 55 1 53 
AQUIIII!!19 60 58 18 32 AQUIIII!!53 20 21 32 55 17 30 1 20 41 59 58 36 21 61 53 17 59 41 18 1 36 
55 19 60 61 30 
AQUIIII!!53 20 36 5 56 1 6 21 AQUIIII!!23 58 59 5 55 55 30 1 58 21 22 59 60 53 61 36 
AQUIIII!!20 60 60 56 1 30 22 22 6 6 20 23 58 61 23 
55 21 36 53 5 30 59 19 61 
AQUIIII!!22 AQUIIII!!1 61 21 53 53 58 23 28 55 59 8 60 58 21 56 30 6 8 60 56 5 1 30 23 28 22 59 55 61 6 
5 
AQUIIII!!36 20 21 41 55 19 1 17 30 53 61 60 18 58 32 59 
AQUIIII!!60 55 53 20 61 6 30 59 58 1 5 23 22 36 21 56 AQUIIII!!
54 4 55 16 18 AQUIIII!!17 30 36 58 60 21 61 36 21 19 20 53 18 0 59 20 41 41 55 32 32 1 30 19 
58 53 17 
AQUIIII!!20 19 58 36 59 5 30 1 61 53 55 23 22 21 18 60 
AQUIIII!!30 41 21 36 59 32 61 1 18 58 20 17 55 19 60 53 
AQUIIII!!32 36 58 41 20 30 1 53 19 61 60 21 18 55 59 17 
AQUIIII!!30 59 32 AQUIIII!!55 30 1 6 41 59 58 58 17 56 36 60 53 20 18 5 21 61 61 20 21 19 36 AQUIIII!!60 55 
61 23 18 53 1 1 22 17 41 
60 59 AQUIIII!!53 19 58 59 19 41 55 58 21 60 30 32 36 30 20 21 32 18 
17 36 53 16 20 61 55 
AQUIIII!!20 53 17 30 36 1 59 55 58 32 21 18 41 61 60 19 
AQUIIII!!AQUIIII!!AQUIIII!!7 61 5 1 23 1 41 24 53 58 5 8 60 60 36 2 30 30 10 22 18 1 21 19 9 28 17 22 56 59 57 58 53 6 23 21 28 20 6 3 8 32 56 55 55 61 59 61 


AQUIIII!!1 23 5 60 57 AQUIIII!!AQUIIII!!24 41 20 56 53 22 6 36 1 28 59 58 22 55 30 9 21 6 58 58 5 59 19 56 10 18 21 8 30 60 61 AQUIIII!!
17 59 3 16 55 9 60 23 22 32 36 57 20 53 60 61 61 AQUIIII!!1 

61 2 24 18 8 19 10 55 6 60 5 36 28 20 23 58 56 23 61 53 
5 22 21 59 1 30 
AQUIIII!!61 30 59 21 22 6 5 1 58 56 55 60 53 23 28 8 
AQUIIII!!19 60 58 18 32 53 21 55 30 20 59 36 61 17 41 1 
AQUIIII!!30 21 20 18 59 32 17 60 58 61 41 53 55 19 1 36 
AQUIIII!!56 22 9 6 10 24 1 AQUIIII!!57 1 60 22 59 56 5 60 58 5 28 10 23 59 8 57 61 24 
8 28 58 6 23 9 61 
AQUIIII!!61 53 20 59 56 30 22 21 23 58 36 5 6 55 AQUIIII!!1 61 60 53 
20 18 58 30 55 21 17 60 19 36 1 32 59 41 
AQUIIII!!19 1 20 53 55 58 5 61 59 23 30 60 22 6 36 21 
AQUIIII!!30 19 41 36 1 20 17 55 60 53 21 18 32 58 61 59 
AQUIIII!!21 55 60 53 19 61 30 36 32 41 1 58 20 59 17 18 
AQUIIII!!58 16 4 21 55 53 19 20 17 54 41 0 18 36 30 32 
AQUIIII!!20 59 58 6 61 60 30 22 21 56 23 36 5 55 1 53 
AQUIIII!!20 59 58 6 61 60 AQUIIII!!30 1 22 23 21 22 56 60 23 36 36 30 5 53 55 59 1 21 53 5 
58 19 55 61 18 20 
AQUIIII!!10 6 59 24 8 58 5 9 60 57 23 22 56 28 1 61 
AQUIIII!!20 59 AQUIIII!!18 6 41 55 36 1 17 5 61 19 AQUIIII!!60 23 20 20 53 58 30 22 58 60 30 55 32 21 59 59 58 32 53 19 36 19 1 60 41 53 61 21 21 
55 
36 30 18 61 17 1 
AQUIIII!!20 30 53 32 59 55 18 58 41 61 1 19 17 60 21 36 
AQUIIII!!36 20 5 1 61 22 59 21 18 23 AQUIIII!!60 19 32 30 53 58 41 53 16 55 
58 55 20 60 59 61 18 19 36 17 30 21 
AQUIIII!!20 5 AQUIIII!!30 19 36 30 55 17 19 58 53 18 60 61 21 59 1 32 59 55 58 41 18 53 23 20 22 36 61 21 
16 60 
AQUIIII!!5 1 23 59 28 10 58 55 8 6 24 60 56 9 22 61 
AQUIIII!!8 59 55 24 9 5 1 22 56 28 60 6 10 58 23 61 
AQUIIII!!AQUIIII!!55 36 18 41 1 20 60 17 36 59 21 61 1 19 32 23 55 53 30 58 53 22 19 20 60 5 58 30 18 59 21 AQUIIII!!61 

59 53 41 55 AQUIIII!!21 30 32 58 19 22 36 21 5 58 6 20 1 30 61 17 60 60 56 16 23 18 55 28 61 53 
8 59 
AQUIIII!!61 23 22 1 55 19 58 36 30 59 5 20 60 53 21 6 
AQUIIII!!19 61 36 20 53 55 41 30 17 59 1 60 32 21 58 18 
AQUIIII!!21 58 41 60 30 32 36 19 20 59 55 18 53 17 16 61 
AQUIIII!!59 53 60 16 55 61 18 19 21 41 20 30 17 32 58 36 
AQUIIII!!20 36 1 59 55 30 18 60 17 41 61 32 19 21 53 58 
AQUIIII!!60 55 56 1 61 53 28 59 5 23 22 58 6 8 9 24 
AQUIIII!!60 1 3 10 56 22 8 23 57 AQUIIII!!28 20 6 5 5 30 2 36 24 55 9 19 61 53 AQUIIII!!
60 61 21 36 1 23 59 22 58 18 18 30 23 53 22 60 61 5 
55 59 21 19 20 58 1 
AQUIIII!!21 55 60 53 19 61 30 36 32 AQUIIII!!41 21 1 20 58 36 20 32 59 55 17 30 18 18 
58 60 19 41 61 59 17 1 53 
AQUIIII!!41 36 1 30 19 17 18 20 60 61 32 59 53 55 58 21 
AQUIIII!!60 1 20 53 59 32 21 55 17 58 18 41 30 61 36 19 
AQUIIII!!2 9 3 57 5 8 22 6 23 10 56 AQUIIII!!7 61 28 55 24 20 1 18 61 30 
36 41 32 53 60 19 59 58 1 17 21 
AQUIIII!!61 AQUIIII!!56 61 60 55 8 58 23 60 5 9 58 23 22 10 28 5 24 59 59 8 9 22 28 57 56 1 1 10 6 6 24 

AQUIIII!!61 21 55 41 18 1 17 32 19 60 53 59 58 30 20 36 
AQUIIII!!30 21 20 18 59 32 17 60 58 61 41 53 55 19 1 36 
AQUIIII!!61 21 55 41 18 1 17 32 AQUIIII!!19 3 60 1 53 8 59 10 58 5 7 30 24 20 57 36 56 
23 2 AQUIIII!!6 61 22 21 9 55 28 41 61 18 
1 17 32 19 60 53 59 58 30 AQUIIII!!20 60 36 53 
58 9 56 59 6 8 5 23 24 22 1 55 28 61 
AQUIIII!!61 55 60 59 5 1 6 53 30 8 22 58 56 21 AQUIIII!!23 60 28 32 
18 30 21 58 36 55 59 20 AQUIIII!!53 61 19 18 17 55 41 59 16 58 61 1 
32 21 36 19 17 60 53 41 20 30 
AQUIIII!!61 58 5 24 56 6 60 59 57 22 9 8 23 1 10 28 
AQUIIII!!7 28 9 57 1 23 56 22 2 3 6 8 5 24 10 61 
AQUIIII!!61 55 5 1 30 59 36 21 22 18 60 23 20 58 19 53 
AQUIIII!!21 53 55 36 1 61 60 59 18 32 20 58 41 30 19 17 
AQUIIII!!60 53 1 18 36 61 41 19 20 55 59 32 30 58 17 21 
AQUIIII!!61 2 10 24 5 56 8 9 57 6 28 AQUIIII!!22 7 61 3 53 1 20 23 18 
36 58 55 17 59 60 AQUIIII!!19 61 30 5 28 1 1 32 6 41 56 21 57 
10 3 8 9 60 22 24 23 2 
AQUIIII!!1 55 53 60 20 30 5 58 19 59 61 23 22 21 18 36 
AQUIIII!!61 53 1 55 20 30 18 23 36 59 22 21 19 58 5 60 
AQUIIII!!41 18 30 0 36 16 21 32 17 20 4 19 53 54 55 58 
AQUIIII!!20 53 36 23 5 1 21 56 58 55 60 6 30 22 59 61 
AQUIIII!!61 24 55 56 60 6 58 22 53 5 AQUIIII!!28 61 8 56 23 5 59 8 1 2 9 59 
57 28 9 24 22 23 1 10 60 6 
AQUIIII!!55 32 60 18 1 41 59 36 20 53 61 58 17 30 19 21 
AQUIIII!!28 1 5 9 22 55 59 24 6 10 58 56 23 60 8 61 
AQUIIII!!10 56 60 5 59 28 23 2 24 8 9 6 57 22 1 61 
AQUIIII!!61 56 8 10 5 2 22 9 6 3 57 7 23 1 24 28 
AQUIIII!!41 55 59 16 53 58 21 32 20 19 18 60 17 30 4 36 
AQUIIII!!18 17 61 1 32 19 59 55 60 30 58 53 20 41 36 21 
AQUIIII!!1 59 60 53 36 32 41 17 20 AQUIIII!!19 58 18 55 55 21 AQUIIII!!19 30 61 18 59 24 61 36 3 
17 23 53 22 8 41 28 16 5 32 9 58 7 20 6 21 57 30 10 60 56 1 61 2 

AQUIIII!!21 32 41 58 53 20 19 61 59 36 60 30 18 55 17 1 
AQUIIII!!19 61 16 55 32 20 60 41 36 30 58 53 18 59 21 17 
AQUIIII!!16 55 60 20 58 21 61 53 19 59 30 41 17 32 18 36 AQUIIII!!
59 21 61 60 8 56 53 55 28 5 1 22 30 23 58 6 
AQUIIII!!30 59 1 20 5 55 58 21 23 18 53 36 22 19 60 61 
AQUIIII!!30 59 1 20 5 55 58 21 23 18 53 36 22 19 60 61 
AQUIIII!!19 53 59 21 61 55 20 32 18 60 1 17 36 30 58 41 
AQUIIII!!55 20 59 32 30 AQUIIII!!AQUIIII!!36 61 60 20 5 32 21 55 17 58 1 19 1 36 17 41 58 16 58 53 21 60 18 53 59 59 41 53 61 18 22 
36 6 55 21 19 30 60 61 56 30 23 
20 
AQUIIII!!61 22 56 1 8 9 6 2 59 28 23 57 60 10 24 5 
AQUIIII!!3 7 5 23 1 56 28 6 AQUIIII!!2 61 57 53 24 22 AQUIIII!!22 1 61 6 8 53 19 10 23 58 9 5 59 55 61 22 30 
5 59 23 8 60 1 36 30 21 20 58 
55 21 60 56 6 28 
AQUIIII!!61 55 30 59 56 36 20 1 22 60 6 21 53 58 23 5 
AQUIIII!!61 8 6 28 58 5 55 24 23 56 60 10 22 1 59 9 
AQUIIII!!53 59 60 55 16 21 4 30 58 32 17 18 36 41 20 19 
AQUIIII!!21 1 19 17 59 53 58 41 30 60 32 55 61 36 20 18 
AQUIIII!!20 18 17 53 21 19 58 1 60 30 36 55 41 59 61 32 
AQUIIII!!61 23 28 9 5 22 3 10 1 24 60 56 2 57 8 6 
AQUIIII!!61 1 56 55 9 6 5 22 24 59 58 60 53 8 23 28 
AQUIIII!!20 32 61 41 60 17 16 30 18 53 19 21 59 58 36 55 
AQUIIII!!61 1 60 10 56 6 55 5 8 59 28 58 24 23 22 9 
AQUIIII!!58 54 55 18 19 53 30 16 41 4 17 20 21 0 32 36 
AQUIIII!!61 21 19 53 16 60 18 55 20 32 36 58 17 59 30 41 
AQUIIII!!20 61 30 17 58 41 55 59 53 32 21 19 60 18 36 1 
AQUIIII!!1 18 21 61 53 55 58 60 30 41 19 17 20 36 32 59 
AQUIIII!!4 53 59 20 58 55 16 19 30 17 36 0 21 18 32 41 
AQUIIII!!36 1 53 60 19 55 59 30 58 20 17 18 61 32 41 21 
AQUIIII!!61 60 58 53 55 59 36 1 18 19 30 17 20 21 32 41 
AQUIIII!!19 60 17 36 53 18 41 30 1 61 59 32 20 21 58 55 
AQUIIII!!21 1 AQUIIII!!19 20 17 61 59 30 53 17 58 58 41 41 30 55 60 59 32 53 55 32 61 21 36 19 20 60 18 18 
36 1 
AQUIIII!!60 58 53 36 55 61 59 32 17 41 21 30 16 19 18 20 
AQUIIII!!60 58 53 36 AQUIIII!!55 61 61 59 1 32 6 17 59 41 22 21 30 8 16 58 19 24 18 10 20 
55 60 9 28 56 23 5 
AQUIIII!!4 53 59 20 58 55 16 19 30 17 36 0 21 18 32 41 
AQUIIII!!58 16 59 21 55 18 36 53 61 60 19 20 41 30 17 32 
AQUIIII!!61 22 60 1 59 21 58 20 30 18 53 36 5 55 23 19 
AQUIIII!!36 18 53 20 55 41 61 30 59 32 60 58 1 21 17 19 
AQUIIII!!23 10 6 56 59 28 8 58 60 1 22 24 9 5 57 61 
AQUIIII!!21 53 55 36 1 61 60 59 18 32 20 58 41 30 19 17 
AQUIIII!!1 55 53 60 20 30 5 58 19 59 61 23 22 21 18 36 
AQUIIII!!59 58 41 19 60 17 32 55 18 61 21 53 36 16 20 30 
AQUIIII!!59 58 41 19 60 17 32 55 18 61 21 53 36 16 20 30 
AQUIIII!!4 53 59 20 58 55 16 19 30 17 36 0 21 18 32 41 
AQUIIII!!4 53 59 20 58 55 16 19 30 17 36 0 21 18 32 41 
AQUIIII!!1 32 17 21 58 36 19 18 30 53 41 61 55 59 60 20 
AQUIIII!!61 10 56 5 55 58 6 60 9 8 22 1 28 23 24 59 
AQUIIII!!21 17 20 60 30 55 36 19 59 53 18 41 1 58 32 61 
AQUIIII!!61 32 60 18 17 36 53 55 59 58 20 19 30 41 21 16 
AQUIIII!!59 53 60 16 55 61 18 19 21 41 20 30 17 32 58 36 
AQUIIII!!61 55 20 18 30 36 41 32 53 60 19 59 58 1 17 21 
AQUIIII!!21 60 61 59 36 53 58 32 17 41 55 16 20 19 18 30 
AQUIIII!!61 36 32 20 41 18 16 53 58 30 21 60 19 55 59 17 
AQUIIII!!4 53 55 20 41 16 32 17 18 36 54 58 21 30 0 19 
AQUIIII!!4 58 55 59 53 41 32 18 17 16 36 21 0 20 19 30 
AQUIIII!!36 17 60 61 53 55 16 20 21 18 58 59 32 30 41 19 
AQUIIII!!53 61 55 32 58 18 19 21 41 1 20 59 17 30 60 36 
AQUIIII!!53 59 55 58 19 18 36 17 61 32 60 1 41 20 21 30 
AQUIIII!!19 61 60 55 21 53 22 58 36 1 18 20 59 5 30 23 
AQUIIII!!60 59 41 19 53 32 61 18 55 17 20 21 1 36 58 30 
Number of Cuts in the second phase:4031
Number of repeat: 3431 
Violation: 363.000000
Violation: 452.000000
Violation: 271.000000
Violation: 84.000000
Violation: 271.000000
Violation: 544.000000
Violation: 250.000000
Violation: 250.000000
Violation: 363.000000
Violation: 542.000000
Violation: 300.000000
Violation: 302.000000
Violation: 723.000000
Violation: 521.000000
Violation: 550.000000
Violation: 249.000000
Violation: 200.000000
Violation: 815.000000
Violation: 100.000000
Violation: 100.000000
Violation: 884.000000
Violation: 392.000000
Violation: 249.000000
Violation: 792.000000
Violation: 435.000000
Violation: 1076.000000
Violation: 500.000000
Violation: 791.000000
Violation: 1176.000000
Violation: 435.000000
Violation: 686.000000
Violation: 1525.000000
Violation: 315.000000
Violation: 200.000000
Violation: 1133.000000
Violation: 250.000000
Violation: 600.000000
Violation: 234.000000
Violation: 633.000000
Violation: 633.000000
Violation: 771.000000
Violation: 1100.000000
Violation: 833.000000
Violation: 333.000000
Violation: 633.000000
Violation: 1033.000000
Violation: 1005.000000
Violation: 1108.000000
Violation: 1208.000000
Violation: 908.000000
Violation: 756.000000
Violation: 908.000000
Violation: 550.000000
Violation: 1283.000000
Violation: 550.000000
Violation: 484.000000
Violation: 559.000000
Violation: 884.000000
Violation: 963.000000
Violation: 1159.000000
Violation: 584.000000
Violation: 525.000000
Violation: 207.000000
Violation: 100.000000
Violation: 784.000000
Violation: 418.000000
Violation: 378.000000
Violation: 980.000000
Violation: 300.000000
Violation: 534.000000
Violation: 457.000000
Violation: 814.000000
Violation: 270.000000
Violation: 426.000000
Violation: 306.000000
Violation: 689.000000
Violation: 392.000000
Violation: 300.000000
Violation: 563.000000
Violation: 7.000000
Violation: 463.000000
Violation: 405.000000
Violation: 285.000000
Violation: 550.000000
Violation: 850.000000
Violation: 437.000000
Violation: 304.000000
Violation: 500.000000
Violation: 71.000000
Violation: 400.000000
Violation: 550.000000
Violation: 326.000000
Violation: 255.000000
Violation: 459.000000
Violation: 84.000000
Violation: 118.000000
Violation: 713.000000
Violation: 409.000000
Violation: 268.000000
Violation: 452.000000
Violation: 249.000000
Violation: 100.000000
Violation: 89.000000
Violation: 452.000000
Violation: 344.000000
Violation: 178.000000
Violation: 813.000000
Violation: 455.000000
Violation: 994.000000
Violation: 383.000000
Violation: 1025.000000
Violation: 634.000000
Violation: 621.000000
Violation: 983.000000
Violation: 500.000000
Violation: 270.000000
Violation: 1234.000000
Violation: 613.000000
Violation: 734.000000
Violation: 362.000000
Violation: 350.000000
Violation: 552.000000
Violation: 933.000000
Violation: 650.000000
Violation: 571.000000
Violation: 884.000000
Violation: 113.000000
Violation: 900.000000
Violation: 1384.000000
Violation: 1134.000000
Violation: 1284.000000
Violation: 905.000000
Violation: 950.000000
Violation: 658.000000
Violation: 908.000000
Violation: 971.000000
Violation: 1533.000000
Violation: 418.000000
Violation: 741.000000
Violation: 900.000000
Violation: 234.000000
Violation: 650.000000
Violation: 634.000000
Violation: 913.000000
Violation: 1159.000000
Violation: 1064.000000
Violation: 310.000000
Violation: 734.000000
Violation: 784.000000
Violation: 306.000000
Violation: 382.000000
Violation: 650.000000
Violation: 689.000000
Violation: 481.000000
Violation: 363.000000
Violation: 314.000000
Violation: 126.000000
Violation: 122.000000
Violation: 300.000000
Violation: 530.000000
Violation: 719.000000
Violation: 717.000000
Violation: 355.000000
Violation: 449.000000
Violation: 336.000000
Violation: 360.000000
Violation: 541.000000
Violation: 542.000000
Violation: 634.000000
Violation: 734.000000
Violation: 771.000000
Violation: 500.000000
Violation: 339.000000
Violation: 785.000000
Violation: 786.000000
Violation: 585.000000
Violation: 389.000000
Violation: 498.000000
Violation: 1086.000000
Violation: 400.000000
Violation: 783.000000
Violation: 655.000000
Violation: 1134.000000
Violation: 450.000000
Violation: 1133.000000
Violation: 721.000000
Violation: 350.000000
Violation: 608.000000
Violation: 1108.000000
Violation: 868.000000
Violation: 796.000000
Violation: 169.000000
Violation: 119.000000
Violation: 657.000000
Violation: 550.000000
Violation: 113.000000
Violation: 378.000000
Violation: 721.000000
Violation: 584.000000
Violation: 750.000000
Violation: 550.000000
Violation: 484.000000
Violation: 485.000000
Violation: 941.000000
Violation: 16.000000
Violation: 300.000000
Violation: 374.000000
Violation: 479.000000
Violation: 255.000000
Violation: 28.000000
Violation: 415.000000
Violation: 436.000000
Violation: 142.000000
Violation: 741.000000
Violation: 110.000000
Violation: 825.000000
Violation: 1134.000000
Violation: 335.000000
Violation: 884.000000
Violation: 520.000000
Violation: 863.000000
Violation: 550.000000
Violation: 350.000000
Violation: 570.000000
Violation: 833.000000
Violation: 850.000000
Violation: 933.000000
Violation: 1021.000000
Violation: 600.000000
Violation: 1072.000000
Violation: 1158.000000
Violation: 621.000000
Violation: 400.000000
Violation: 484.000000
Violation: 409.000000
Violation: 400.000000
Violation: 371.000000
Violation: 809.000000
Violation: 885.000000
Violation: 1400.000000
Violation: 371.000000
Violation: 291.000000
Violation: 534.000000
Violation: 816.000000
Violation: 1000.000000
Violation: 1096.000000
Violation: 463.000000
Violation: 1159.000000
Violation: 928.000000
Violation: 550.000000
Violation: 918.000000
Violation: 1063.000000
Violation: 370.000000
Violation: 700.000000
Violation: 359.000000
Violation: 644.000000
Violation: 453.000000
Violation: 599.000000
Violation: 519.000000
Violation: 211.000000
Violation: 550.000000
Violation: 710.000000
Violation: 298.000000
Violation: 371.000000
Violation: 372.000000
Violation: 100.000000
Violation: 250.000000
Violation: 271.000000
Violation: 371.000000
Violation: 812.000000
Violation: 448.000000
Violation: 634.000000
Violation: 936.000000
Violation: 641.000000
Violation: 904.000000
Violation: 884.000000
Violation: 350.000000
Violation: 541.000000
Violation: 436.000000
Violation: 435.000000
Violation: 863.000000
Violation: 200.000000
Violation: 250.000000
Violation: 578.000000
Violation: 460.000000
Violation: 635.000000
Violation: 933.000000
Violation: 483.000000
Violation: 1113.000000
Violation: 508.000000
Violation: 121.000000
Violation: 1133.000000
Violation: 598.000000
Violation: 1034.000000
Violation: 419.000000
Violation: 1159.000000
Violation: 514.000000
Violation: 159.000000
Violation: 884.000000
Violation: 778.000000
Violation: 271.000000
Violation: 446.000000
Violation: 541.000000
Violation: 528.000000
Violation: 159.000000
Violation: 159.000000
Violation: 1216.000000
Violation: 407.000000
Violation: 557.000000
Violation: 500.000000
Violation: 285.000000
Violation: 301.000000
Violation: 336.000000
Violation: 476.000000
Violation: 292.000000
Violation: 1086.000000
Violation: 805.000000
Violation: 542.000000
Violation: 582.000000
Violation: 633.000000
Violation: 585.000000
Violation: 347.000000
Violation: 963.000000
Violation: 249.000000
Violation: 771.000000
Violation: 963.000000
Violation: 1084.000000
Violation: 1334.000000
Violation: 400.000000
Violation: 471.000000
Violation: 490.000000
Violation: 1408.000000
Violation: 634.000000
Violation: 750.000000
Violation: 1219.000000
Violation: 1113.000000
Violation: 634.000000
Violation: 700.000000
Violation: 478.000000
Violation: 448.000000
Violation: 1159.000000
Violation: 559.000000
Violation: 500.000000
Violation: 485.000000
Violation: 109.000000
Violation: 809.000000
Violation: 414.000000
Violation: 834.000000
Violation: 111.000000
Violation: 470.000000
Violation: 142.000000
Violation: 363.000000
Violation: 84.000000
Violation: 336.000000
Violation: 517.000000
Violation: 426.000000
Violation: 171.000000
Violation: 100.000000
Violation: 549.000000
Violation: 542.000000
Violation: 436.000000
Violation: 634.000000
Violation: 350.000000
Violation: 792.000000
Violation: 500.000000
Violation: 336.000000
Violation: 733.000000
Violation: 734.000000
Violation: 675.000000
Violation: 784.000000
Violation: 1034.000000
Violation: 750.000000
Violation: 634.000000
Violation: 350.000000
Violation: 784.000000
Violation: 663.000000
Violation: 600.000000
Violation: 1808.000000
Violation: 534.000000
Violation: 761.000000
Violation: 809.000000
Violation: 571.000000
Violation: 271.000000
Violation: 350.000000
Violation: 430.000000
Violation: 834.000000
Violation: 430.000000
Violation: 419.000000
Violation: 741.000000
Violation: 291.000000
Violation: 459.000000
Violation: 597.000000
Violation: 270.000000
Violation: 371.000000
Violation: 300.000000
Violation: 821.000000
Violation: 821.000000
Violation: 650.000000
Violation: 156.000000
Violation: 265.000000
Violation: 719.000000
Violation: 320.000000
Violation: 270.000000
Violation: 451.000000
Violation: 792.000000
Violation: 391.000000
Violation: 541.000000
Violation: 336.000000
Violation: 484.000000
Violation: 484.000000
Violation: 335.000000
Violation: 133.000000
Violation: 835.000000
Violation: 200.000000
Violation: 371.000000
Violation: 384.000000
Violation: 683.000000
Violation: 963.000000
Violation: 850.000000
Violation: 1034.000000
Violation: 619.000000
Violation: 534.000000
Violation: 658.000000
Violation: 658.000000
Violation: 50.000000
Violation: 528.000000
Violation: 148.000000
Violation: 750.000000
Violation: 313.000000
Violation: 784.000000
Violation: 678.000000
Violation: 128.000000
Violation: 111.000000
Violation: 438.000000
Violation: 113.000000
Violation: 107.000000
Violation: 211.000000
Violation: 173.000000
Violation: 267.000000
Violation: 92.000000
Violation: 336.000000
Violation: 384.000000
Violation: 547.000000
Violation: 86.000000
Violation: 350.000000
Violation: 363.000000
Violation: 925.000000
Violation: 200.000000
Violation: 913.000000
Violation: 821.000000
Violation: 350.000000
Violation: 1633.000000
Violation: 920.000000
Violation: 1383.000000
Violation: 1019.000000
Violation: 784.000000
Violation: 1019.000000
Violation: 500.000000
Violation: 784.000000
Violation: 963.000000
Violation: 513.000000
Violation: 816.000000
Violation: 467.000000
Violation: 541.000000
Violation: 378.000000
Violation: 74.000000
Violation: 852.000000
Violation: 790.000000
Violation: 426.000000
Violation: 435.000000
Violation: 905.000000
Violation: 484.000000
Violation: 825.000000
Violation: 884.000000
Violation: 521.000000
Violation: 435.000000
Violation: 634.000000
Violation: 685.000000
Violation: 1335.000000
Violation: 362.000000
Violation: 435.000000
Violation: 263.000000
Violation: 734.000000
Violation: 383.000000
Violation: 450.000000
Violation: 521.000000
Violation: 658.000000
Violation: 848.000000
Violation: 801.000000
Violation: 729.000000
Violation: 1219.000000
Violation: 1059.000000
Violation: 559.000000
Violation: 900.000000
Violation: 485.000000
Violation: 641.000000
Violation: 178.000000
Violation: 639.000000
Violation: 11.000000
Violation: 770.000000
Violation: 650.000000
Violation: 218.000000
Violation: 826.000000
Violation: 733.000000
Violation: 576.000000
Violation: 907.000000
Violation: 134.000000
Violation: 186.000000
Violation: 521.000000
Violation: 963.000000
Violation: 850.000000
Violation: 871.000000
Violation: 1159.000000
Violation: 600.000000
Violation: 733.000000
Violation: 871.000000
Violation: 1171.000000
Violation: 1409.000000
Violation: 178.000000
Violation: 1384.000000
Violation: 485.000000
Violation: 784.000000
Violation: 717.000000
Violation: 164.000000
Violation: 307.000000
Violation: 435.000000
Violation: 9.000000
Violation: 522.000000
Violation: 300.000000
Violation: 21.000000
Violation: 250.000000
Violation: 792.000000
Violation: 642.000000
Violation: 542.000000
Violation: 936.000000
Violation: 684.000000
Violation: 883.000000
Violation: 271.000000
Violation: 836.000000
Violation: 870.000000
Violation: 741.000000
Violation: 462.000000
Violation: 384.000000
Violation: 525.000000
Violation: 513.000000
Violation: 571.000000
Violation: 633.000000
Violation: 1049.000000
Violation: 1034.000000
Violation: 883.000000
Violation: 1050.000000
Violation: 808.000000
Violation: 1219.000000
Violation: 658.000000
Violation: 1008.000000
Violation: 408.000000
Violation: 408.000000
Violation: 601.000000
Violation: 700.000000
Violation: 378.000000
Violation: 778.000000
Violation: 750.000000
Violation: 159.000000
Violation: 309.000000
Violation: 370.000000
Violation: 100.000000
Violation: 1119.000000
Violation: 159.000000
Violation: 750.000000
Violation: 9.000000
Violation: 278.000000
Violation: 960.000000
Violation: 326.000000
Violation: 7.000000
Violation: 207.000000
Violation: 544.000000
Violation: 7.000000
Violation: 361.000000
Violation: 642.000000
Violation: 926.000000
Violation: 655.000000
Violation: 476.000000
Violation: 21.000000
Violation: 1449.000000
Violation: 905.000000
Violation: 521.000000
Violation: 597.000000
Violation: 635.000000
Violation: 433.000000
Violation: 1033.000000
Violation: 350.000000
Violation: 663.000000
Violation: 409.000000
Violation: 963.000000
Violation: 413.000000
Violation: 600.000000
Violation: 400.000000
Violation: 1324.000000
Violation: 453.000000
Violation: 300.000000
took 2.564025
Optimize a model with 975 rows, 906 columns and 13323 nonzeros
Coefficient statistics:
  Matrix range     [1e+00, 4e+01]
  Objective range  [0e+00, 0e+00]
  Bounds range     [1e+00, 4e+01]
  RHS range        [1e+00, 1e+02]
Presolve removed 623 rows and 109 columns
Presolve time: 0.00s
Presolved: 352 rows, 797 columns, 9021 nonzeros

Iteration    Objective       Primal Inf.    Dual Inf.      Time
       0    0.0000000e+00   4.476255e+01   0.000000e+00      0s
     114    0.0000000e+00   0.000000e+00   0.000000e+00      0s

Solved in 114 iterations and 0.01 seconds
Optimal objective  0.000000000e+00
