j3017_4.mm_s5.txt
Academic license - for non-commercial use only
Read LP format model from file lp/j3017_4.mm.lp
Reading time = 0.01 seconds
: 351 rows, 906 columns, 9053 nonzeros
OKGPU
nThreads: 1024 , nBlocks: 12 
Number cuts generated in the phase 1: 12
Number of repeat: 4 
violation 500.000000
violation 428.000000
violation 750.000000
violation 375.000000
violation 425.000000
violation 425.000000
violation 425.000000
violation 820.000000
8592 16
47 10 17 33 46 34 45 49 19 
AQUIIII!!44 20 33 23 32 AQUIIII!!42 19 17 16 18 48 21 46 19 34 16 15 34 49 43 44 46 47 45 AQUIIII!!15 18 15 
33 AQUIIII!!20 24 18 19 45 23 23 24 33 17 23 20 45 15 
44 20 46 18 48 34 16 45 34 16 17 47 46 24 44 19 47 49 
17 49 33 48 
AQUIIII!!14 40 5 11 42 21 6 27 26 9 7 32 12 8 44 43 
AQUIIII!!AQUIIII!!45 10 34 46 34 AQUIIII!!2 0 33 17 47 18 1 11 19 49 20 14 19 48 32 10 15 13 27 22 17 33 12 24 37 18 49 23 
39 20 16 47 21 48 15 46 AQUIIII!!41 45 45 42 44 16 23 43 AQUIIII!!20 
44 33 27 15 9 11 42 
19 16 34 32 41 AQUIIII!!18 12 16 4 AQUIIII!!21 14 14 33 45 9 43 5 17 23 21 
0 18 8 47 20 32 3 34 15 13 48 39 48 46 22 42 19 25 7 17 34 44 46 24 43 1 15 
10 33 2 49 49 
16 44 47 
AQUIIII!!AQUIIII!!43 20 AQUIIII!!16 18 23 43 19 AQUIIII!!34 18 46 22 22 23 34 46 33 45 19 15 10 47 34 17 47 48 33 23 0 17 17 16 17 0 33 20 48 19 49 47 20 18 34 10 42 AQUIIII!!16 49 1 33 24 1 
19 32 45 10 20 44 15 33 46 47 45 18 23 46 
23 18 44 46 48 
19 45 48 
0 45 AQUIIII!!17 AQUIIII!!20 34 22 45 47 45 48 0 22 34 46 20 47 2 AQUIIII!!49 33 AQUIIII!!10 18 0 
AQUIIII!!46 46 34 2 AQUIIII!!46 AQUIIII!!4 10 19 33 10 25 49 45 34 20 1 46 13 46 31 17 48 19 44 19 18 8 3 16 17 18 1 45 33 18 1 20 47 47 22 23 AQUIIII!!16 23 10 33 23 AQUIIII!!AQUIIII!!45 49 1 34 49 48 17 47 2 17 
15 49 20 10 23 33 0 34 48 45 20 20 49 5 2 13 AQUIIII!!15 6 34 49 48 10 47 10 10 10 45 33 22 16 22 47 15 
20 46 0 47 47 47 4 34 24 23 AQUIIII!!33 48 0 19 22 23 19 19 33 48 33 1 49 0 45 2 5 18 23 18 24 
47 22 6 19 22 34 49 48 20 19 45 10 48 34 33 7 
37 24 46 
22 2 AQUIIII!!34 49 18 13 47 0 1 18 
48 49 10 46 3 2 45 34 
1 

20 1 4 23 33 25 34 48 46 3 19 20 1 0 0 45 0 13 22 33 19 
48 34 17 33 23 46 AQUIIII!!49 22 1 
49 17 49 AQUIIII!!34 18 
49 47 17 34 10 46 0 49 15 46 
33 33 24 13 47 22 18 1 45 2 23 47 16 45 19 3 10 25 20 48 48 
4 10 
AQUIIII!!44 9 43 27 39 41 8 42 12 11 7 16 32 14 21 15 
AQUIIII!!49 48 18 17 16 46 15 20 33 19 45 23 34 24 47 10 
AQUIIII!!46 49 47 19 23 48 18 0 1 10 45 22 20 34 33 17 
AQUIIII!!0 34 33 22 10 1 2 3 49 25 4 13 AQUIIII!!46 45 15 48 18 47 19 
34 45 17 24 20 16 33 23 46 48 44 43 47 
AQUIIII!!AQUIIII!!48 47 19 49 10 46 23 2 10 47 48 18 18 AQUIIII!!34 33 13 22 20 33 AQUIIII!!20 16 3 48 0 34 49 46 46 5 0 23 45 22 22 0 1 0 19 33 10 33 17 47 4 49 2 23 1 
AQUIIII!!25 45 20 34 1 
34 45 34 22 24 46 17 48 16 47 18 20 
48 45 19 17 10 10 49 46 47 
15 23 19 18 33 49 
AQUIIII!!42 AQUIIII!!33 34 16 33 15 20 20 43 44 19 17 18 16 23 47 AQUIIII!!17 45 0 14 34 23 32 3 18 10 44 48 19 45 6 24 34 33 48 4 21 49 5 
15 13 22 46 2 
25 1 47 49 
AQUIIII!!33 48 20 17 23 34 0 10 18 AQUIIII!!16 AQUIIII!!44 34 22 45 18 33 19 47 33 18 49 16 44 AQUIIII!!15 45 46 23 47 23 46 19 17 18 47 48 15 19 20 
43 34 20 43 42 19 17 32 24 48 
20 10 46 33 45 17 16 16 45 47 46 
34 23 AQUIIII!!24 0 15 47 49 
2 48 25 22 33 20 46 13 45 10 3 AQUIIII!!1 47 34 49 23 
33 18 34 AQUIIII!!20 34 16 33 AQUIIII!!15 20 23 17 48 47 45 10 17 22 24 33 45 10 47 34 19 13 46 46 49 18 1 48 2 19 46 3 1 25 
0 22 49 0 
10 48 49 20 45 
AQUIIII!!46 42 45 47 17 34 15 18 32 33 43 23 AQUIIII!!16 47 44 48 19 AQUIIII!!13 AQUIIII!!20 34 0 46 
46 10 13 23 45 46 48 AQUIIII!!20 34 17 42 48 5 1 33 33 16 45 22 47 21 22 25 39 1 4 20 14 0 3 19 15 34 1 0 32 2 37 33 49 9 10 AQUIIII!!47 AQUIIII!!11 
19 25 33 10 12 4 2 41 13 18 22 22 7 10 47 49 27 49 20 1 8 

47 3 43 33 45 44 10 
22 2 48 13 46 6 34 48 5 0 34 2 0 25 49 3 
1 AQUIIII!!49 49 23 
33 AQUIIII!!20 20 18 48 46 AQUIIII!!33 AQUIIII!!49 48 10 49 1 0 23 0 18 22 20 46 20 1 33 AQUIIII!!34 45 34 49 18 13 47 0 1 48 47 19 22 47 48 46 10 1 10 10 33 2 45 46 2 45 23 34 46 1 2 
19 18 22 10 19 2 0 47 37 AQUIIII!!20 19 49 48 15 23 
45 AQUIIII!!17 2 34 47 43 49 22 48 22 44 34 
16 9 33 
19 26 19 47 27 23 0 33 7 45 20 21 
24 12 34 42 18 32 44 8 45 46 5 
40 14 11 6 
AQUIIII!!20 44 16 19 46 18 47 17 45 15 24 49 33 34 23 48 
AQUIIII!!49 48 47 10 46 1 18 2 20 23 34 22 33 AQUIIII!!19 10 0 2 45 22 
4 5 25 34 49 33 13 3 1 0 46 48 47 
AQUIIII!!3 31 7 8 22 0 34 33 4 6 13 10 5 2 AQUIIII!!1 3 47 49 33 
AQUIIII!!1 2 48 5 34 1 2 47 13 34 10 46 22 3 0 22 46 13 20 25 10 45 48 49 4 
33 0 25 49 
AQUIIII!!49 47 17 18 19 48 23 45 34 20 10 22 16 0 33 46 
AQUIIII!!47 0 20 22 46 16 19 18 10 34 33 17 48 45 23 49 
AQUIIII!!2 4 10 33 22 0 47 25 13 48 1 34 3 45 46 49 
AQUIIII!!15 23 46 33 24 18 20 47 17 19 45 34 16 48 44 49 
AQUIIII!!34 48 17 33 22 1 23 10 45 AQUIIII!!19 1 47 17 20 18 47 46 0 0 23 49 18 
48 34 AQUIIII!!33 15 46 23 20 46 45 33 10 24 22 18 19 20 49 47 
17 19 45 34 AQUIIII!!16 45 48 AQUIIII!!17 44 34 49 49 33 7 
44 37 48 5 23 34 46 13 AQUIIII!!24 33 18 33 37 19 10 48 15 6 46 47 4 0 16 AQUIIII!!1 1 10 48 20 48 47 2 49 22 34 22 
3 34 13 2 0 47 0 46 22 
45 10 2 20 19 33 49 25 
13 20 3 1 45 49 
AQUIIII!!49 23 45 16 20 0 18 17 22 10 33 47 34 19 46 48 
AQUIIII!!18 45 AQUIIII!!48 49 24 46 23 47 44 45 43 23 15 AQUIIII!!48 46 19 18 20 20 34 16 2 22 19 10 19 33 45 1 47 22 33 17 34 10 34 1 0 23 
20 0 33 17 
47 18 49 48 46 
AQUIIII!!49 2 48 13 3 22 20 46 45 0 1 47 25 34 33 10 
AQUIIII!!33 7 AQUIIII!!AQUIIII!!8 3 AQUIIII!!1 1 10 22 10 47 20 2 13 46 4 0 46 3 20 34 6 49 25 45 13 2 47 0 44 45 10 17 47 19 34 33 15 42 5 46 31 18 34 22 49 48 34 43 
20 16 15 49 48 17 
33 18 24 16 23 33 19 23 32 45 AQUIIII!!

44 45 18 20 16 19 49 34 15 23 33 17 47 48 46 24 
AQUIIII!!47 20 48 49 15 19 AQUIIII!!18 1 17 0 34 46 33 AQUIIII!!AQUIIII!!33 4 0 33 24 22 4 45 10 3 1 2 16 33 34 46 45 2 10 23 0 5 48 20 
13 7 10 22 22 37 25 3 5 3 25 6 10 13 13 34 34 2 48 1 49 46 49 
49 47 47 48 

AQUIIII!!AQUIIII!!49 0 1 4 10 1 47 48 33 0 2 46 5 22 13 3 4 22 13 25 33 3 34 10 2 34 45 25 48 
46 49 47 
AQUIIII!!20 34 43 24 23 44 18 33 19 46 45 47 16 48 17 15 
AQUIIII!!49 3 46 47 48 34 4 45 22 13 1 33 2 10 0 25 
AQUIIII!!19 10 45 47 16 46 33 18 AQUIIII!!0 17 33 20 16 AQUIIII!!48 48 49 34 18 0 22 17 25 23 19 33 49 24 1 
20 48 23 13 45 10 46 34 22 49 47 15 5 44 6 47 
34 2 AQUIIII!!3 20 4 46 
19 10 15 AQUIIII!!23 49 33 20 45 22 17 45 48 48 16 10 18 46 34 18 24 47 47 AQUIIII!!17 49 49 0 1 
23 34 34 0 19 48 33 20 1 19 
10 AQUIIII!!2 49 46 10 33 34 22 1 13 22 13 37 45 45 AQUIIII!!2 47 49 0 
22 33 47 47 48 46 25 48 46 20 3 19 20 18 
17 0 34 45 10 16 AQUIIII!!23 49 33 
33 23 22 19 18 10 17 34 0 16 46 20 48 47 45 
AQUIIII!!47 46 49 2 AQUIIII!!48 48 22 46 1 49 37 47 13 1 34 22 33 10 19 23 10 18 45 20 0 45 20 2 
33 34 19 0 
AQUIIII!!34 23 48 19 10 0 18 22 45 17 46 49 33 20 47 16 
AQUIIII!!49 0 33 10 34 45 19 37 20 47 13 22 1 2 48 46 
AQUIIII!!49 AQUIIII!!2 49 22 8 34 34 1 22 33 46 31 47 3 4 4 45 5 0 7 13 48 1 25 13 3 6 10 10 
2 AQUIIII!!0 33 33 19 
16 20 18 AQUIIII!!42 34 34 22 43 25 14 6 0 32 17 47 5 21 23 3 1 15 13 44 2 45 4 
48 10 33 49 AQUIIII!!
49 19 16 10 47 22 AQUIIII!!0 49 45 5 23 6 18 13 20 33 34 2 48 34 46 37 17 1 33 7 
48 0 22 10 3 4 
AQUIIII!!2 10 5 46 13 4 48 0 47 34 33 1 25 22 3 49 
AQUIIII!!48 45 18 23 34 16 10 33 46 15 AQUIIII!!49 49 19 45 17 1 20 20 0 24 10 47 2 
33 13 47 34 48 22 25 46 3 
AQUIIII!!46 49 47 20 45 10 25 0 22 3 2 1 13 34 48 33 
AQUIIII!!20 17 47 19 49 46 33 15 18 34 45 44 48 23 16 24 
AQUIIII!!49 7 4 22 2 10 31 1 5 6 34 8 33 0 13 3 
AQUIIII!!49 19 24 15 23 45 16 48 47 20 18 33 17 34 44 46 
AQUIIII!!17 24 19 16 45 34 23 20 18 33 48 44 AQUIIII!!43 49 46 13 6 47 10 15 3 
48 5 2 4 1 33 22 7 37 0 34 
AQUIIII!!44 47 46 43 20 34 17 45 24 33 15 16 48 19 AQUIIII!!18 23 49 
16 15 48 47 46 20 17 45 19 24 23 44 33 34 AQUIIII!!18 47 
16 33 AQUIIII!!34 19 46 46 17 34 23 20 24 48 19 10 15 17 AQUIIII!!18 33 5 49 45 48 1 1 20 22 22 45 13 18 44 47 47 
23 34 46 0 2 49 25 
10 3 33 48 4 0 49 
AQUIIII!!44 43 8 15 32 39 12 42 AQUIIII!!41 49 17 33 14 23 16 17 21 34 11 19 27 20 9 18 
46 15 45 10 16 47 24 48 
AQUIIII!!43 44 8 21 AQUIIII!!32 43 15 9 6 44 11 7 41 12 42 42 15 9 6 14 39 27 11 12 14 21 27 8 39 41 32 
7 
AQUIIII!!AQUIIII!!17 16 47 34 18 20 49 46 17 49 45 15 16 46 10 20 19 48 18 23 45 34 33 23 15 24 33 48 10 
19 24 47 
AQUIIII!!49 16 15 48 47 46 20 17 45 19 24 23 44 33 34 18 
AQUIIII!!18 17 24 45 47 48 44 15 AQUIIII!!46 48 19 19 33 10 34 23 20 18 16 24 23 47 49 33 
15 20 17 AQUIIII!!34 3 49 34 45 22 16 2 46 37 
0 6 48 5 10 7 13 1 4 33 49 
AQUIIII!!49 0 3 46 48 4 25 AQUIIII!!2 49 1 48 45 0 47 1 22 2 34 10 33 34 19 13 10 20 33 
18 46 23 47 22 45 
AQUIIII!!16 19 23 33 34 17 18 15 24 45 20 49 AQUIIII!!10 49 34 48 10 46 47 4 47 0 
5 22 6 2 48 25 3 1 33 13 
AQUIIII!!16 19 23 33 34 17 18 15 24 45 20 49 10 48 46 47 
AQUIIII!!17 18 16 33 48 45 24 15 43 23 46 34 47 44 20 19 
AQUIIII!!48 47 49 19 33 23 17 15 24 10 34 16 46 45 20 18 
AQUIIII!!47 45 20 49 16 17 19 22 10 18 34 48 23 33 46 0 
AQUIIII!!45 44 21 15 17 19 46 18 16 43 33 23 32 20 42 34 
AQUIIII!!49 1 4 0 10 34 2 5 33 3 37 13 6 22 48 7 
AQUIIII!!49 1 5 34 AQUIIII!!3 49 22 13 13 3 25 33 47 10 33 22 4 5 48 6 2 0 34 10 8 2 4 
7 6 0 1 31 
AQUIIII!!46 49 47 19 23 48 18 0 1 10 45 22 20 34 33 17 
AQUIIII!!15 18 48 44 46 19 17 47 49 23 16 45 AQUIIII!!33 34 24 42 20 18 34 19 
15 43 47 32 16 33 23 20 46 44 17 45 
AQUIIII!!22 48 47 1 34 0 20 46 33 10 17 18 23 19 45 49 
AQUIIII!!13 1 34 6 2 3 7 22 5 10 33 31 0 4 8 49 
AQUIIII!!49 48 22 33 1 2 10 13 3 47 34 25 AQUIIII!!0 AQUIIII!!6 45 44 13 46 22 19 1 20 20 10 
47 34 42 2 23 0 5 45 7 16 33 43 4 32 31 34 3 8 33 49 15 
17 46 18 
AQUIIII!!49 34 23 45 47 22 17 18 20 0 19 46 33 16 10 48 
AQUIIII!!AQUIIII!!49 48 20 44 46 46 33 23 0 33 19 18 47 49 AQUIIII!!22 24 46 18 20 49 16 45 45 15 34 48 34 23 47 25 48 19 1 10 45 3 2 17 22 1 
13 
34 20 0 10 2 47 33 
AQUIIII!!33 17 24 18 34 23 20 15 47 45 10 49 46 16 19 48 
AQUIIII!!18 48 47 49 17 20 45 23 10 22 1 33 0 19 34 46 
AQUIIII!!46 47 3 4 1 33 34 10 13 0 AQUIIII!!18 48 48 22 47 2 49 45 17 20 25 45 49 23 
10 22 1 33 0 19 34 46 
AQUIIII!!18 19 46 47 24 20 15 48 44 17 16 23 33 34 45 49 
AQUIIII!!49 47 22 0 2 23 48 1 46 20 33 10 19 34 45 18 
AQUIIII!!49 20 47 22 19 46 34 10 1 18 45 23 33 0 48 2 
AQUIIII!!49 47 10 25 2 48 33 45 0 1 3 20 34 46 13 22 
AQUIIII!!49 0 13 34 33 4 5 48 2 3 1 22 10 25 6 47 
AQUIIII!!45 15 46 33 19 32 43 20 23 42 34 17 44 21 16 18 
AQUIIII!!49 48 19 37 46 47 34 22 10 13 33 20 2 45 1 0 
AQUIIII!!49 33 48 13 10 25 AQUIIII!!6 49 2 15 20 47 23 22 16 0 24 AQUIIII!!4 45 34 18 7 3 33 13 44 1 48 6 5 46 
34 47 17 5 34 19 22 
33 1 8 4 10 2 0 3 31 49 
AQUIIII!!49 0 22 48 AQUIIII!!33 49 2 18 23 33 45 23 20 10 46 48 19 47 20 18 47 19 2 10 34 34 22 1 45 
1 46 0 AQUIIII!!
49 1 0 34 19 AQUIIII!!33 49 48 47 17 10 18 20 19 46 48 2 23 45 22 AQUIIII!!34 45 49 20 24 47 10 20 22 18 16 16 48 23 0 34 
33 10 46 15 
17 45 33 18 23 19 47 46 
AQUIIII!!19 48 20 17 15 45 34 23 18 46 AQUIIII!!10 33 44 16 48 24 18 47 45 49 20 
33 19 16 47 17 24 34 23 15 43 46 
AQUIIII!!49 2 47 10 34 1 0 20 45 22 13 46 3 25 48 33 
AQUIIII!!46 49 10 47 20 48 24 18 23 45 16 15 34 33 19 17 
AQUIIII!!49 19 17 0 10 23 47 46 1 20 48 18 33 34 22 45 
AQUIIII!!49 48 0 3 33 47 25 13 AQUIIII!!46 45 5 44 1 10 48 43 2 15 34 22 24 47 4 
46 19 34 20 18 17 16 23 33 
AQUIIII!!47 46 49 2 48 22 1 37 13 34 33 19 10 45 0 20 
AQUIIII!!46 48 44 47 15 17 49 45 20 34 18 24 19 16 33 23 
AQUIIII!!10 46 19 47 22 2 1 0 45 13 34 37 33 20 48 49 
AQUIIII!!49 48 13 3 22 0 34 1 6 AQUIIII!!2 33 49 7 47 3 10 4 4 37 5 1 25 33 
2 10 5 0 22 13 34 6 AQUIIII!!48 49 
34 0 33 2 37 1 48 3 6 13 4 10 7 5 22 
AQUIIII!!46 44 45 16 42 34 20 18 32 33 43 21 19 17 15 23 
AQUIIII!!49 2 34 45 22 48 4 3 46 13 25 10 1 47 0 33 
AQUIIII!!44 45 16 20 46 18 17 48 34 33 15 43 19 47 24 23 
AQUIIII!!49 33 3 2 13 34 22 46 0 45 1 48 47 25 20 10 
AQUIIII!!49 2 46 1 25 AQUIIII!!34 49 47 3 18 34 33 10 0 1 22 47 20 22 23 19 4 0 48 45 33 46 48 45 13 17 
10 
AQUIIII!!49 1 34 20 2 19 45 13 33 0 37 48 47 22 46 10 
AQUIIII!!45 49 20 17 16 15 34 47 33 10 46 48 23 19 18 24 
AQUIIII!!49 31 7 33 22 13 5 0 2 8 34 6 3 10 4 1 
AQUIIII!!49 48 23 47 18 20 34 17 1 10 0 45 19 46 22 33 
AQUIIII!!49 46 19 18 24 48 33 16 AQUIIII!!44 49 23 3 34 10 15 34 45 13 47 6 20 5 17 31 
0 22 33 7 2 8 1 4 
AQUIIII!!49 47 3 46 10 33 0 22 45 25 4 13 2 1 48 34 
AQUIIII!!49 33 19 22 46 10 0 17 48 47 16 23 20 18 45 34 
AQUIIII!!17 15 34 20 46 49 47 18 10 23 48 16 33 45 24 19 
AQUIIII!!49 2 47 33 10 19 20 22 13 0 34 37 46 48 1 45 
AQUIIII!!49 34 45 18 23 47 17 44 19 20 46 24 33 16 15 48 
AQUIIII!!49 4 10 0 6 22 2 47 33 48 1 13 34 3 AQUIIII!!25 48 5 
46 45 44 18 47 19 15 17 33 16 23 49 24 34 20 
AQUIIII!!49 13 47 3 5 34 0 48 25 1 2 AQUIIII!!22 49 4 47 6 48 10 25 33 33 
10 3 5 46 1 0 34 4 2 22 13 
AQUIIII!!20 22 48 47 46 49 AQUIIII!!33 49 18 16 45 19 17 0 24 10 15 23 23 34 33 17 20 1 
46 47 48 44 19 34 45 18 
AQUIIII!!49 34 1 3 4 48 46 13 10 2 5 33 25 0 47 22 
AQUIIII!!18 44 45 46 34 49 23 16 17 15 48 20 33 24 19 47 
AQUIIII!!17 45 49 44 46 18 34 23 48 20 16 47 15 24 19 33 
Number of Cuts in the second phase:6488
Number of repeat: 5962 
Violation: 464.000000
Violation: 998.000000
Violation: 318.000000
Violation: 285.000000
Violation: 375.000000
Violation: 570.000000
Violation: 285.000000
Violation: 745.000000
Violation: 570.000000
Violation: 284.000000
Violation: 500.000000
Violation: 375.000000
Violation: 1231.000000
Violation: 140.000000
Violation: 284.000000
Violation: 749.000000
Violation: 782.000000
Violation: 710.000000
Violation: 750.000000
Violation: 500.000000
Violation: 375.000000
Violation: 642.000000
Violation: 570.000000
Violation: 481.000000
Violation: 420.000000
Violation: 428.000000
Violation: 1106.000000
Violation: 1352.000000
Violation: 125.000000
Violation: 500.000000
Violation: 125.000000
Violation: 497.000000
Violation: 875.000000
Violation: 140.000000
Violation: 659.000000
Violation: 140.000000
Violation: 956.000000
Violation: 285.000000
Violation: 375.000000
Violation: 710.000000
Violation: 284.000000
Violation: 425.000000
Violation: 34.000000
Violation: 178.000000
Violation: 1405.000000
Violation: 246.000000
Violation: 1156.000000
Violation: 928.000000
Violation: 1402.000000
Violation: 562.000000
Violation: 140.000000
Violation: 1352.000000
Violation: 1397.000000
Violation: 371.000000
Violation: 710.000000
Violation: 782.000000
Violation: 140.000000
Violation: 386.000000
Violation: 1264.000000
Violation: 425.000000
Violation: 922.000000
Violation: 375.000000
Violation: 604.000000
Violation: 1030.000000
Violation: 665.000000
Violation: 492.000000
Violation: 420.000000
Violation: 1015.000000
Violation: 318.000000
Violation: 106.000000
Violation: 333.000000
Violation: 418.000000
Violation: 922.000000
Violation: 655.000000
Violation: 125.000000
Violation: 782.000000
Violation: 420.000000
Violation: 532.000000
Violation: 570.000000
Violation: 318.000000
Violation: 1305.000000
Violation: 1120.000000
Violation: 935.000000
Violation: 437.000000
Violation: 265.000000
Violation: 650.000000
Violation: 1027.000000
Violation: 602.000000
Violation: 1677.000000
Violation: 1420.000000
Violation: 1345.000000
Violation: 424.000000
Violation: 745.000000
Violation: 140.000000
Violation: 280.000000
Violation: 178.000000
Violation: 246.000000
Violation: 611.000000
Violation: 425.000000
Violation: 845.000000
Violation: 708.000000
Violation: 922.000000
Violation: 1125.000000
Violation: 157.000000
Violation: 425.000000
Violation: 207.000000
Violation: 386.000000
Violation: 382.000000
Violation: 386.000000
Violation: 280.000000
Violation: 922.000000
Violation: 515.000000
Violation: 140.000000
Violation: 625.000000
Violation: 356.000000
Violation: 750.000000
Violation: 526.000000
Violation: 80.000000
Violation: 856.000000
Violation: 375.000000
Violation: 1250.000000
Violation: 935.000000
Violation: 375.000000
Violation: 587.000000
Violation: 246.000000
Violation: 352.000000
Violation: 708.000000
Violation: 655.000000
Violation: 745.000000
Violation: 565.000000
Violation: 570.000000
Violation: 625.000000
Violation: 1030.000000
Violation: 420.000000
Violation: 655.000000
Violation: 530.000000
Violation: 470.000000
Violation: 749.000000
Violation: 755.000000
Violation: 625.000000
Violation: 1000.000000
Violation: 375.000000
Violation: 736.000000
Violation: 125.000000
Violation: 650.000000
Violation: 1022.000000
Violation: 551.000000
Violation: 458.000000
Violation: 515.000000
Violation: 371.000000
Violation: 280.000000
Violation: 1212.000000
Violation: 832.000000
Violation: 655.000000
Violation: 745.000000
Violation: 419.000000
Violation: 953.000000
Violation: 456.000000
Violation: 637.000000
Violation: 535.000000
Violation: 140.000000
Violation: 811.000000
Violation: 1392.000000
Violation: 981.000000
Violation: 280.000000
Violation: 408.000000
Violation: 655.000000
Violation: 140.000000
Violation: 560.000000
Violation: 447.000000
Violation: 419.000000
Violation: 1012.000000
Violation: 515.000000
Violation: 1446.000000
Violation: 1007.000000
Violation: 655.000000
Violation: 587.000000
Violation: 280.000000
Violation: 437.000000
Violation: 1047.000000
Violation: 604.000000
Violation: 499.000000
Violation: 1007.000000
Violation: 515.000000
Violation: 570.000000
Violation: 642.000000
Violation: 375.000000
Violation: 175.000000
Violation: 655.000000
Violation: 710.000000
Violation: 425.000000
Violation: 88.000000
Violation: 171.000000
Violation: 525.000000
Violation: 386.000000
Violation: 125.000000
Violation: 491.000000
Violation: 737.000000
Violation: 1386.000000
Violation: 765.000000
Violation: 1022.000000
Violation: 280.000000
Violation: 655.000000
Violation: 555.000000
Violation: 280.000000
Violation: 285.000000
Violation: 749.000000
Violation: 777.000000
Violation: 560.000000
Violation: 620.000000
Violation: 427.000000
Violation: 458.000000
Violation: 405.000000
Violation: 246.000000
Violation: 777.000000
Violation: 106.000000
Violation: 742.000000
Violation: 280.000000
Violation: 140.000000
Violation: 708.000000
Violation: 625.000000
Violation: 352.000000
Violation: 560.000000
Violation: 916.000000
Violation: 530.000000
Violation: 1085.000000
Violation: 955.000000
Violation: 832.000000
Violation: 1011.000000
Violation: 315.000000
Violation: 845.000000
Violation: 830.000000
Violation: 283.000000
Violation: 140.000000
Violation: 620.000000
Violation: 162.000000
Violation: 767.000000
Violation: 1001.000000
Violation: 710.000000
Violation: 570.000000
Violation: 1268.000000
Violation: 497.000000
Violation: 783.000000
Violation: 281.000000
Violation: 140.000000
Violation: 405.000000
Violation: 375.000000
Violation: 705.000000
Violation: 815.000000
Violation: 710.000000
Violation: 140.000000
Violation: 845.000000
Violation: 337.000000
Violation: 420.000000
Violation: 335.000000
Violation: 940.000000
Violation: 380.000000
Violation: 532.000000
Violation: 280.000000
Violation: 83.000000
Violation: 140.000000
Violation: 584.000000
Violation: 125.000000
Violation: 604.000000
Violation: 510.000000
Violation: 250.000000
Violation: 625.000000
Violation: 370.000000
Violation: 1017.000000
Violation: 492.000000
Violation: 405.000000
Violation: 371.000000
Violation: 283.000000
Violation: 297.000000
Violation: 125.000000
Violation: 1220.000000
Violation: 1087.000000
Violation: 745.000000
Violation: 225.000000
Violation: 650.000000
Violation: 284.000000
Violation: 492.000000
Violation: 140.000000
Violation: 926.000000
Violation: 370.000000
Violation: 178.000000
Violation: 745.000000
Violation: 922.000000
Violation: 1076.000000
Violation: 408.000000
Violation: 370.000000
Violation: 457.000000
Violation: 420.000000
Violation: 1120.000000
Violation: 1052.000000
Violation: 837.000000
Violation: 550.000000
Violation: 456.000000
Violation: 848.000000
Violation: 655.000000
Violation: 680.000000
Violation: 424.000000
Violation: 246.000000
Violation: 811.000000
Violation: 280.000000
Violation: 881.000000
Violation: 375.000000
Violation: 672.000000
Violation: 955.000000
Violation: 581.000000
Violation: 267.000000
Violation: 420.000000
Violation: 120.000000
Violation: 280.000000
Violation: 826.000000
Violation: 386.000000
Violation: 777.000000
Violation: 511.000000
Violation: 459.000000
Violation: 250.000000
Violation: 590.000000
Violation: 772.000000
Violation: 710.000000
Violation: 922.000000
Violation: 515.000000
Violation: 500.000000
Violation: 497.000000
Violation: 231.000000
Violation: 848.000000
Violation: 755.000000
Violation: 1352.000000
Violation: 837.000000
Violation: 1062.000000
Violation: 526.000000
Violation: 777.000000
Violation: 231.000000
Violation: 425.000000
Violation: 68.000000
Violation: 419.000000
Violation: 750.000000
Violation: 705.000000
Violation: 699.000000
Violation: 736.000000
Violation: 1416.000000
Violation: 907.000000
Violation: 545.000000
Violation: 500.000000
Violation: 356.000000
Violation: 67.000000
Violation: 420.000000
Violation: 140.000000
Violation: 1432.000000
Violation: 1386.000000
Violation: 457.000000
Violation: 935.000000
Violation: 140.000000
Violation: 782.000000
Violation: 705.000000
Violation: 492.000000
Violation: 727.000000
Violation: 210.000000
Violation: 397.000000
Violation: 996.000000
Violation: 570.000000
Violation: 676.000000
Violation: 1405.000000
Violation: 811.000000
Violation: 772.000000
Violation: 625.000000
Violation: 140.000000
Violation: 405.000000
Violation: 195.000000
Violation: 620.000000
Violation: 861.000000
Violation: 367.000000
Violation: 427.000000
Violation: 420.000000
Violation: 476.000000
Violation: 659.000000
Violation: 637.000000
Violation: 1102.000000
Violation: 945.000000
Violation: 390.000000
Violation: 811.000000
Violation: 250.000000
Violation: 777.000000
Violation: 1102.000000
Violation: 318.000000
Violation: 207.000000
Violation: 317.000000
Violation: 386.000000
Violation: 777.000000
Violation: 795.000000
Violation: 565.000000
Violation: 1085.000000
Violation: 1772.000000
Violation: 225.000000
Violation: 602.000000
Violation: 565.000000
Violation: 450.000000
Violation: 1207.000000
Violation: 655.000000
Violation: 731.000000
Violation: 405.000000
Violation: 1021.000000
Violation: 1196.000000
Violation: 1092.000000
Violation: 655.000000
Violation: 637.000000
Violation: 565.000000
Violation: 175.000000
Violation: 210.000000
Violation: 415.000000
Violation: 500.000000
Violation: 650.000000
Violation: 280.000000
Violation: 458.000000
Violation: 917.000000
Violation: 503.000000
Violation: 1310.000000
Violation: 318.000000
Violation: 492.000000
Violation: 737.000000
Violation: 636.000000
Violation: 655.000000
Violation: 496.000000
Violation: 1207.000000
Violation: 195.000000
Violation: 510.000000
Violation: 501.000000
Violation: 782.000000
Violation: 140.000000
Violation: 140.000000
Violation: 386.000000
Violation: 425.000000
Violation: 500.000000
Violation: 140.000000
Violation: 125.000000
Violation: 140.000000
Violation: 386.000000
Violation: 651.000000
Violation: 370.000000
Violation: 680.000000
Violation: 935.000000
Violation: 280.000000
Violation: 375.000000
Violation: 275.000000
Violation: 195.000000
Violation: 458.000000
Violation: 116.000000
Violation: 659.000000
Violation: 451.000000
Violation: 848.000000
Violation: 1125.000000
Violation: 737.000000
Violation: 831.000000
Violation: 462.000000
Violation: 922.000000
Violation: 390.000000
Violation: 221.000000
Violation: 667.000000
Violation: 140.000000
Violation: 85.000000
Violation: 1392.000000
Violation: 564.000000
Violation: 650.000000
Violation: 424.000000
Violation: 277.000000
Violation: 135.000000
Violation: 867.000000
Violation: 826.000000
Violation: 655.000000
Violation: 1481.000000
Violation: 967.000000
Violation: 1315.000000
Violation: 704.000000
Violation: 703.000000
Violation: 461.000000
Violation: 742.000000
Violation: 375.000000
Violation: 515.000000
Violation: 511.000000
Violation: 268.000000
Violation: 742.000000
Violation: 1131.000000
Violation: 246.000000
Violation: 685.000000
Violation: 280.000000
Violation: 35.000000
Violation: 826.000000
Violation: 582.000000
Violation: 638.000000
Violation: 650.000000
Violation: 845.000000
Violation: 632.000000
Violation: 140.000000
Violation: 386.000000
Violation: 659.000000
Violation: 772.000000
Violation: 87.000000
Violation: 140.000000
Violation: 374.000000
Violation: 727.000000
Violation: 480.000000
Violation: 1117.000000
Violation: 1030.000000
Violation: 354.000000
Violation: 831.000000
Violation: 852.000000
Violation: 832.000000
Violation: 495.000000
Violation: 373.000000
Violation: 497.000000
Violation: 655.000000
Violation: 319.000000
Violation: 606.000000
Violation: 765.000000
Violation: 546.000000
Violation: 515.000000
Violation: 386.000000
Violation: 480.000000
Violation: 370.000000
Violation: 510.000000
Violation: 704.000000
Violation: 1085.000000
Violation: 420.000000
408 16
AQUIIII!!49 22 1 10 34 13 25 3 45 47 46 0 2 33 48 4 
AQUIIII!!18 48 45 15 20 46 23 19 47 17 24 10 34 33 49 16 
AQUIIII!!22 18 17 1 23 0 46 20 47 33 48 45 34 19 10 49 
AQUIIII!!49 3 33 2 25 4 22 5 0 34 1 6 47 10 13 48 
AQUIIII!!45 47 19 18 49 0 17 10 23 16 20 46 34 22 48 33 
AQUIIII!!33 10 34 0 47 17 1 48 18 19 45 22 46 20 23 49 
AQUIIII!!18 45 49 48 20 47 16 15 34 17 46 33 24 10 19 23 
AQUIIII!!16 23 20 24 19 45 33 48 17 47 46 10 15 34 18 49 
AQUIIII!!10 13 2 0 33 5 47 1 3 25 34 48 22 4 46 49 
AQUIIII!!45 1 10 33 22 25 34 20 46 3 47 2 13 48 0 49 
AQUIIII!!44 9 43 27 15 39 7 11 12 14 32 8 21 42 41 16 
AQUIIII!!49 48 47 45 46 20 22 19 23 33 1 0 18 10 17 34 
AQUIIII!!47 46 18 48 20 16 24 49 15 23 33 17 45 19 34 44 
AQUIIII!!49 34 0 47 1 22 33 37 45 46 20 13 48 2 19 10 
Number of Cuts in the second phase:318
Number of repeat: 305 
Violation: 750.000000
Violation: 1207.000000
Violation: 742.000000
Violation: 922.000000
Violation: 1017.000000
Violation: 796.000000
Violation: 475.000000
Violation: 564.000000
Violation: 737.000000
Violation: 1492.000000
Violation: 685.000000
Violation: 345.000000
Violation: 140.000000
took 3.477716
Optimize a model with 903 rows, 906 columns and 12298 nonzeros
Coefficient statistics:
  Matrix range     [1e+00, 4e+01]
  Objective range  [0e+00, 0e+00]
  Bounds range     [1e+00, 4e+01]
  RHS range        [1e+00, 1e+02]
Presolve removed 309 rows and 107 columns
Presolve time: 0.00s
Presolved: 594 rows, 799 columns, 10564 nonzeros

Iteration    Objective       Primal Inf.    Dual Inf.      Time
       0    0.0000000e+00   4.607505e+01   0.000000e+00      0s
     102    0.0000000e+00   0.000000e+00   0.000000e+00      0s

Solved in 102 iterations and 0.01 seconds
Optimal objective  0.000000000e+00
