j3017_4.mm_s0.txt
Academic license - for non-commercial use only
Read LP format model from file lp/j3017_4.mm.lp
Reading time = 0.01 seconds
: 351 rows, 906 columns, 9053 nonzeros
OKGPU
nThreads: 1024 , nBlocks: 12 
Number cuts generated in the phase 1: 13
Number of repeat: 0 
violation 714.000000
violation 695.000000
violation 185.000000
violation 585.000000
violation 236.000000
violation 674.000000
violation 674.000000
violation 782.000000
violation 423.000000
violation 27.000000
violation 198.000000
violation 402.000000
violation 750.000000
6996 16
AQUIIII!!54 7 23 19 20 18 6 49 29 34 8 AQUIIII!!51 54 49 37 51 36 23 3 5 33 43 
37 33 4 26 48 9 10 16 36 AQUIIII!!17 
54 3 51 23 36 6 19 29 37 18 7 8 34 20 49 33 
AQUIIII!!54 49 51 23 5 43 37 33 4 26 48 9 10 16 36 17 
AQUIIII!!8 53 52 58 41 57 20 11 50 22 36 19 18 38 34 44 
AQUIIII!!54 49 51 23 5 43 37 33 4 26 48 9 10 16 36 17 
AQUIIII!!33 AQUIIII!!7 44 6 18 31 23 26 41 17 36 23 50 51 6 10 57 3 19 36 8 16 22 43 34 48 20 49 53 54 52 
7 
AQUIIII!!33 38 14 12 13 11 34 25 55 15 AQUIIII!!58 1 21 27 45 37 34 47 38 0 4 
AQUIIII!!15 6 25 23 55 8 AQUIIII!!56 36 3 37 3 43 33 43 23 47 26 36 2 16 48 5 49 16 31 21 17 34 59 7 51 
6 17 31 48 49 7 34 54 26 
51 8 54 
AQUIIII!!16 49 51 26 48 AQUIIII!!17 36 7 23 6 6 19 43 41 31 50 10 44 7 36 33 3 3 18 54 AQUIIII!!23 
41 20 AQUIIII!!36 34 29 22 22 3 6 52 49 8 23 53 44 33 8 3 19 
AQUIIII!!8 50 54 18 19 31 51 34 18 29 20 20 34 34 18 26 AQUIIII!!7 36 23 19 17 36 7 7 6 AQUIIII!!37 48 54 3 29 23 6 AQUIIII!!7 6 52 49 54 36 3 49 19 AQUIIII!!

51 31 51 6 49 6 37 20 7 34 8 18 33 
29 49 18 18 AQUIIII!!33 19 23 48 23 23 29 36 36 29 8 37 8 36 3 7 AQUIIII!!20 23 48 17 34 34 31 49 18 7 54 18 3 
49 33 6 8 6 31 36 51 34 8 36 51 18 33 54 8 34 48 
19 54 3 23 
3 31 7 29 26 33 54 23 29 51 49 6 
51 8 7 34 54 19 48 AQUIIII!!3 
23 51 AQUIIII!!16 AQUIIII!!54 6 3 15 
10 33 38 23 AQUIIII!!48 13 AQUIIII!!49 AQUIIII!!49 31 55 8 16 34 34 5 25 18 33 36 49 36 59 AQUIIII!!34 7 6 23 17 12 34 20 26 51 33 43 56 7 51 AQUIIII!!31 3 20 10 14 17 44 23 48 3 7 26 45 29 41 51 48 AQUIIII!!AQUIIII!!8 8 49 37 23 19 36 37 49 49 48 19 9 33 8 43 20 36 37 18 26 17 51 21 3 49 3 3 29 7 26 23 54 34 26 8 17 7 51 33 48 43 
47 36 34 54 6 36 50 10 33 0 18 7 
18 23 6 16 51 
6 23 29 19 23 5 4 3 51 54 31 22 3 5 36 48 
54 54 37 9 6 31 

36 16 51 54 AQUIIII!!33 10 29 21 49 9 17 59 33 
56 36 51 12 18 25 54 43 19 14 
27 31 54 1 37 54 
55 47 
15 38 33 13 34 
AQUIIII!!54 50 20 19 36 3 8 44 41 22 34 18 6 AQUIIII!!51 54 23 48 7 7 
18 AQUIIII!!36 23 10 6 8 43 29 7 31 6 33 33 26 51 49 49 23 16 34 48 19 36 31 3 
51 3 AQUIIII!!17 54 54 36 
43 10 16 33 37 26 51 17 49 4 9 23 5 48 
AQUIIII!!54 48 7 18 36 6 8 29 31 33 51 49 23 34 19 3 
AQUIIII!!48 49 33 17 4 37 36 9 AQUIIII!!26 3 16 51 51 26 43 34 10 36 23 23 5 29 54 
49 17 8 7 6 48 18 31 54 
AQUIIII!!3 34 6 49 26 18 AQUIIII!!36 44 51 8 AQUIIII!!48 3 43 7 AQUIIII!!26 36 23 31 31 17 6 8 6 29 6 23 3 31 36 50 8 23 23 34 54 51 18 18 
48 17 20 7 34 19 8 26 41 16 7 17 48 53 49 36 7 3 34 22 29 49 52 AQUIIII!!54 54 6 
51 
52 
20 AQUIIII!!50 19 36 23 18 18 41 7 19 49 44 8 7 6 22 29 23 48 34 34 8 51 3 36 54 3 
33 31 54 
AQUIIII!!18 23 29 7 6 3 48 49 31 51 8 34 36 26 17 54 
AQUIIII!!54 AQUIIII!!29 36 36 50 34 8 44 49 3 23 AQUIIII!!6 18 8 3 23 19 58 7 33 23 37 19 18 22 34 51 19 20 22 7 44 41 
20 6 AQUIIII!!34 8 54 26 57 53 18 36 48 20 50 36 52 17 41 
23 18 6 3 52 31 53 34 8 7 7 
51 AQUIIII!!29 49 10 
5 43 26 AQUIIII!!AQUIIII!!48 33 48 37 36 9 36 5 3 33 31 16 17 36 16 16 51 26 4 9 23 51 17 51 23 33 23 9 10 26 49 6 10 54 49 17 
43 31 43 3 54 48 49 54 

AQUIIII!!26 3 AQUIIII!!29 51 51 5 8 49 7 48 49 43 23 36 18 9 36 26 AQUIIII!!6 54 23 51 17 10 10 31 3 16 43 34 31 7 48 48 3 AQUIIII!!23 54 31 33 17 
17 17 8 26 16 54 26 49 33 
36 36 3 6 
16 49 31 48 AQUIIII!!7 4 23 37 34 10 51 33 6 49 51 43 23 54 48 
43 5 26 9 16 36 17 54 
AQUIIII!!49 23 31 33 3 7 8 48 36 AQUIIII!!51 54 34 29 23 26 6 18 33 19 48 54 17 
3 49 16 36 31 51 43 6 10 9 
AQUIIII!!52 8 53 34 50 41 36 44 20 57 19 11 38 18 22 58 
AQUIIII!!7 52 53 50 22 18 41 58 36 57 8 19 23 20 44 34 
AQUIIII!!53 11 44 0 19 22 38 33 57 34 36 18 50 20 58 52 
AQUIIII!!51 8 23 34 6 7 3 33 29 49 36 20 18 AQUIIII!!37 54 19 16 54 43 
36 3 6 31 49 26 48 7 8 34 23 17 51 
AQUIIII!!54 49 6 29 20 33 18 19 34 3 37 8 51 7 23 36 
AQUIIII!!51 17 9 16 10 36 31 23 AQUIIII!!54 49 49 43 6 48 29 20 26 33 3 18 19 33 34 5 3 54 37 8 
51 7 23 36 AQUIIII!!
8 16 AQUIIII!!26 AQUIIII!!34 23 54 36 36 43 36 6 26 23 8 34 31 51 29 17 7 7 34 31 23 49 48 51 48 18 49 3 29 6 51 49 8 7 3 18 54 26 17 17 6 54 31 
3 
48 
AQUIIII!!8 3 7 6 20 33 23 18 36 34 19 37 51 29 49 54 
AQUIIII!!16 AQUIIII!!6 3 AQUIIII!!51 18 48 9 34 43 33 36 48 3 23 51 23 6 33 36 51 49 31 29 31 10 7 3 9 19 16 17 49 6 43 8 36 37 49 10 33 26 20 26 54 54 23 

17 54 
AQUIIII!!54 AQUIIII!!31 AQUIIII!!18 18 54 23 8 8 8 6 23 34 29 41 36 48 22 51 3 41 36 36 7 19 51 20 33 50 22 7 44 19 49 34 44 19 7 6 34 50 6 23 3 51 
54 3 
AQUIIII!!20 54 18 49 
20 18 51 19 37 3 29 7 34 6 36 33 23 8 AQUIIII!!
54 23 31 3 29 48 49 7 18 17 36 26 6 8 51 34 
AQUIIII!!54 49 20 18 51 19 37 3 29 7 34 6 36 33 23 8 
AQUIIII!!58 52 20 53 57 41 8 18 34 11 19 36 38 22 50 44 
AQUIIII!!58 52 20 53 57 41 8 18 34 11 19 36 38 22 50 44 
AQUIIII!!34 8 23 49 20 7 19 3 33 29 36 6 18 37 51 54 
AQUIIII!!18 7 3 8 6 33 19 23 31 34 48 36 29 51 54 49 AQUIIII!!
54 51 34 36 8 7 23 50 20 41 18 44 22 3 19 6 AQUIIII!!
22 50 34 3 41 23 18 8 44 7 6 20 36 19 52 54 
AQUIIII!!13 33 38 12 37 55 0 56 34 25 14 15 AQUIIII!!47 19 45 52 59 34 21 50 
41 22 6 23 20 44 3 36 7 8 18 54 
AQUIIII!!17 3 26 51 36 6 43 7 16 8 34 23 31 54 48 49 
AQUIIII!!16 36 26 48 31 23 51 AQUIIII!!10 17 48 49 34 43 16 33 36 5 17 54 26 9 43 3 23 
3 51 49 8 AQUIIII!!6 33 7 45 31 15 54 AQUIIII!!55 
51 37 49 0 AQUIIII!!9 47 50 17 14 41 23 34 34 AQUIIII!!48 56 6 33 36 12 20 7 10 25 44 26 33 13 3 48 31 38 23 6 43 21 7 16 36 59 19 26 17 
18 23 5 51 49 3 8 43 54 22 3 
36 51 54 AQUIIII!!16 
20 31 36 10 54 44 
34 52 50 AQUIIII!!7 49 22 31 3 10 6 36 41 51 48 18 3 19 43 23 33 8 16 54 9 
23 26 6 17 54 
AQUIIII!!54 3 44 34 41 23 6 19 7 22 8 18 52 36 50 20 
AQUIIII!!54 6 3 8 26 16 31 23 43 17 7 49 36 51 48 34 
AQUIIII!!54 10 23 49 48 AQUIIII!!26 54 17 51 9 36 16 34 5 19 37 37 43 23 51 3 33 6 4 49 36 33 
29 8 7 18 20 
AQUIIII!!54 51 36 34 19 37 AQUIIII!!23 23 3 7 6 48 36 49 26 33 31 29 10 8 6 7 51 18 16 43 20 17 
3 33 54 49 
AQUIIII!!23 22 6 52 20 18 44 7 36 8 AQUIIII!!41 51 50 3 19 43 3 6 34 7 54 16 
48 8 31 26 34 49 23 36 17 54 
AQUIIII!!54 49 17 7 51 10 6 3 33 36 43 31 48 23 26 16 
AQUIIII!!34 48 23 AQUIIII!!29 26 3 AQUIIII!!8 51 54 49 6 3 17 18 43 7 26 33 51 31 31 10 36 6 7 3 7 6 33 49 23 36 51 43 16 17 31 36 48 54 10 23 
17 26 16 54 
48 49 
AQUIIII!!20 53 58 22 52 57 50 41 36 34 18 8 44 7 19 23 
AQUIIII!!54 48 17 16 51 7 26 23 3 10 33 6 49 36 31 43 
AQUIIII!!54 48 17 16 51 7 26 23 3 10 AQUIIII!!33 49 6 54 49 26 36 23 31 17 43 18 
8 7 34 6 51 31 3 48 36 29 
AQUIIII!!48 54 5 31 23 43 10 51 33 17 9 26 16 36 3 49 
AQUIIII!!51 43 3 8 6 7 34 26 36 48 49 16 31 17 23 54 
AQUIIII!!9 37 43 AQUIIII!!48 6 17 48 36 10 49 43 10 17 16 51 33 26 4 3 5 31 23 33 26 49 51 36 54 23 
AQUIIII!!7 23 16 26 54 8 
49 AQUIIII!!36 43 3 9 AQUIIII!!29 4 54 16 51 29 26 7 48 33 36 17 23 49 48 17 18 27 34 3 5 18 51 37 26 6 59 23 2 31 8 10 54 31 1 
7 48 17 
34 6 
AQUIIII!!54 48 33 43 49 AQUIIII!!5 54 17 20 51 8 16 41 37 23 4 34 26 36 10 18 23 7 36 3 9 50 
19 44 52 22 6 
AQUIIII!!54 49 51 18 48 6 3 33 19 23 7 8 31 29 36 34 
AQUIIII!!54 49 51 18 48 6 3 33 19 23 7 8 31 29 36 34 
AQUIIII!!54 49 51 18 48 6 3 33 19 23 7 8 31 29 36 34 
AQUIIII!!5 10 26 37 43 17 23 16 33 AQUIIII!!51 29 36 7 33 4 6 9 23 48 49 8 54 19 49 36 31 
3 51 48 34 18 54 
AQUIIII!!54 33 26 16 36 23 10 48 3 51 49 5 43 17 9 31 
AQUIIII!!48 3 9 33 10 16 51 6 49 43 31 26 36 17 AQUIIII!!23 49 54 29 
3 AQUIIII!!18 20 18 23 8 AQUIIII!!3 34 19 36 49 7 33 54 29 37 51 29 7 19 51 7 33 6 34 23 36 48 51 8 31 33 54 6 3 
49 19 23 20 54 
8 36 6 37 18 34 
AQUIIII!!52 53 8 18 50 58 41 57 44 36 20 7 23 19 AQUIIII!!22 54 34 
49 6 36 7 3 20 8 33 29 51 37 19 18 23 AQUIIII!!34 54 
43 33 17 7 10 36 49 3 48 6 16 51 23 31 26 
AQUIIII!!23 16 49 33 36 26 51 48 17 10 43 5 31 AQUIIII!!9 54 3 49 54 6 
36 7 AQUIIII!!3 52 20 53 8 8 41 33 20 29 44 34 51 22 37 50 19 3 18 19 7 23 6 34 36 
23 18 
AQUIIII!!23 16 49 33 36 26 51 48 17 10 43 5 31 9 3 54 
AQUIIII!!54 48 16 7 31 51 43 34 8 49 36 26 6 17 23 3 
AQUIIII!!26 43 36 51 49 17 3 48 31 16 7 6 8 23 34 54 
AQUIIII!!17 23 48 4 26 16 33 36 10 51 5 37 49 9 43 54 
AQUIIII!!25 13 37 34 27 38 47 12 55 33 1 14 56 15 59 21 
AQUIIII!!54 48 33 43 49 5 17 51 16 37 4 26 10 23 36 9 
AQUIIII!!54 34 52 44 50 41 20 22 19 18 6 7 36 23 8 3 
AQUIIII!!6 3 44 34 AQUIIII!!22 37 18 18 36 8 7 23 51 19 8 7 19 52 20 36 23 33 41 34 50 6 20 3 54 29 49 
AQUIIII!!54 
23 AQUIIII!!18 54 3 44 36 8 7 3 19 51 8 41 23 19 36 37 50 6 34 20 52 29 6 34 22 49 20 33 18 54 7 

AQUIIII!!19 31 51 6 8 49 7 36 33 29 23 18 34 3 54 48 
AQUIIII!!54 8 36 33 7 48 31 34 6 18 49 19 23 51 29 3 
AQUIIII!!54 5 23 33 49 26 17 4 10 9 16 36 37 51 48 AQUIIII!!43 54 
51 7 8 48 34 6 23 33 49 18 3 19 29 31 36 
AQUIIII!!54 26 51 17 7 33 16 43 48 3 10 23 AQUIIII!!49 54 36 51 6 10 31 43 
36 26 23 49 48 37 9 4 16 5 33 17 
AQUIIII!!54 51 10 43 36 26 23 49 48 37 9 4 16 5 33 17 
AQUIIII!!36 17 31 49 23 51 10 33 9 6 16 43 26 54 48 3 
AQUIIII!!54 3 7 18 6 36 17 48 34 31 8 51 49 23 29 26 
AQUIIII!!54 51 8 18 23 17 48 34 49 26 31 7 29 3 36 6 
AQUIIII!!54 51 8 18 23 17 48 34 49 26 31 7 29 3 36 6 
AQUIIII!!20 58 52 7 50 34 8 23 19 18 22 53 44 36 57 41 
AQUIIII!!51 31 10 48 33 16 6 43 36 3 23 26 AQUIIII!!9 54 49 8 17 49 54 29 
33 23 19 20 37 36 6 3 7 18 51 34 
AQUIIII!!23 16 7 3 6 51 43 31 36 33 17 49 26 48 10 54 
AQUIIII!!54 51 37 17 AQUIIII!!9 54 33 3 5 48 8 16 18 10 43 19 49 41 4 22 23 7 26 36 20 
44 50 34 36 6 51 23 
AQUIIII!!54 31 3 7 36 18 51 6 33 AQUIIII!!49 54 19 6 48 23 29 29 23 36 8 19 34 3 
8 49 7 18 33 34 51 48 31 
AQUIIII!!54 51 37 17 9 33 5 48 16 10 43 49 4 23 26 36 
AQUIIII!!48 3 54 34 36 26 17 31 7 6 8 23 49 18 51 29 
AQUIIII!!54 26 33 31 16 49 23 10 48 51 17 3 43 6 9 36 
AQUIIII!!6 7 10 43 17 31 33 26 36 49 23 16 3 54 51 48 
AQUIIII!!54 7 8 49 37 29 33 19 6 34 3 23 36 51 18 20 
AQUIIII!!6 3 23 9 36 33 10 26 31 43 17 48 16 51 49 54 
AQUIIII!!59 21 4 1 47 27 15 55 14 37 56 33 34 38 25 2 
AQUIIII!!21 59 27 35 25 1 14 33 13 37 15 56 55 47 12 34 
AQUIIII!!54 49 31 16 33 43 17 36 9 23 AQUIIII!!26 54 5 19 10 52 3 8 51 22 48 23 
50 20 36 18 41 34 44 3 7 6 
AQUIIII!!54 49 31 16 33 43 17 36 9 23 26 5 10 3 51 48 
AQUIIII!!51 49 54 48 7 18 29 34 36 23 8 3 31 6 19 33 
AQUIIII!!23 34 41 6 22 51 18 20 7 44 36 50 3 8 19 54 AQUIIII!!51 
49 54 AQUIIII!!48 7 4 18 38 29 34 56 36 23 1 8 33 3 31 37 6 15 19 33 34 
14 2 55 27 25 47 21 59 
AQUIIII!!54 51 18 3 7 48 49 36 6 31 19 29 33 8 34 23 
AQUIIII!!54 3 43 16 26 51 49 34 7 17 8 31 23 36 48 6 
AQUIIII!!51 54 31 10 16 AQUIIII!!43 54 AQUIIII!!6 3 54 3 33 10 51 9 34 17 48 36 26 31 26 36 3 18 17 49 49 49 6 7 23 23 17 6 48 29 
31 43 23 9 48 36 8 26 
33 51 16 
AQUIIII!!51 54 AQUIIII!!16 47 6 0 48 59 3 15 36 34 49 12 33 14 10 37 31 38 43 56 45 9 55 26 21 17 25 23 33 
13 
AQUIIII!!49 48 3 17 10 36 AQUIIII!!23 52 26 53 43 8 5 18 9 50 33 58 51 41 16 57 54 44 31 36 
20 7 23 19 22 34 
AQUIIII!!54 3 49 6 8 7 20 19 36 37 18 23 29 AQUIIII!!34 54 33 48 51 31 
10 51 23 33 16 5 26 49 3 43 17 36 9 
AQUIIII!!54 48 31 10 51 23 33 16 5 26 49 3 43 17 36 9 
AQUIIII!!54 10 17 36 43 49 48 26 31 33 6 23 16 3 51 7 
AQUIIII!!54 22 34 44 18 23 19 51 36 6 3 50 20 8 41 7 
AQUIIII!!54 23 7 6 49 34 17 31 36 8 48 16 51 26 43 3 
AQUIIII!!54 22 23 50 6 34 19 51 3 20 18 8 7 41 44 36 
AQUIIII!!54 9 16 10 49 43 17 37 33 51 48 4 36 26 5 23 
AQUIIII!!54 36 29 23 33 18 3 19 6 8 7 37 51 34 49 20 
AQUIIII!!AQUIIII!!53 7 58 20 52 19 53 44 50 34 22 8 36 18 38 41 52 58 57 36 50 11 57 22 8 41 19 18 23 
20 44 34 
AQUIIII!!54 31 51 16 23 AQUIIII!!10 3 54 9 48 49 33 43 51 6 36 16 49 9 48 36 5 26 3 17 31 
33 43 10 23 17 26 
AQUIIII!!54 49 3 26 10 43 6 51 33 36 9 48 23 17 16 31 
AQUIIII!!54 49 3 26 10 43 6 51 33 36 9 48 23 17 16 31 
AQUIIII!!52 54 3 AQUIIII!!18 54 7 7 23 16 34 49 44 3 19 6 20 51 6 34 23 22 43 36 36 8 48 41 26 50 8 
17 31 
Number of Cuts in the second phase:5110
Number of repeat: 4686 
Violation: 293.000000
Violation: 641.000000
Violation: 586.000000
Violation: 93.000000
Violation: 500.000000
Violation: 856.000000
Violation: 92.000000
Violation: 585.000000
Violation: 389.000000
Violation: 570.000000
Violation: 1250.000000
Violation: 570.000000
Violation: 679.000000
Violation: 278.000000
Violation: 606.000000
Violation: 107.000000
Violation: 399.000000
Violation: 571.000000
Violation: 674.000000
Violation: 293.000000
Violation: 1.000000
Violation: 92.000000
Violation: 293.000000
Violation: 348.000000
Violation: 184.000000
Violation: 103.000000
Violation: 293.000000
Violation: 390.000000
Violation: 571.000000
Violation: 269.000000
Violation: 428.000000
Violation: 641.000000
Violation: 88.000000
Violation: 866.000000
Violation: 216.000000
Violation: 1176.000000
Violation: 428.000000
Violation: 104.000000
Violation: 76.000000
Violation: 308.000000
Violation: 269.000000
Violation: 168.000000
Violation: 674.000000
Violation: 298.000000
Violation: 176.000000
Violation: 1505.000000
Violation: 268.000000
Violation: 348.000000
Violation: 154.000000
Violation: 452.000000
Violation: 13.000000
Violation: 733.000000
Violation: 1361.000000
Violation: 610.000000
Violation: 804.000000
Violation: 570.000000
Violation: 419.000000
Violation: 526.000000
Violation: 212.000000
Violation: 674.000000
Violation: 149.000000
Violation: 571.000000
Violation: 132.000000
Violation: 491.000000
Violation: 500.000000
Violation: 418.000000
Violation: 673.000000
Violation: 510.000000
Violation: 1268.000000
Violation: 673.000000
Violation: 273.000000
Violation: 571.000000
Violation: 676.000000
Violation: 728.000000
Violation: 142.000000
Violation: 358.000000
Violation: 348.000000
Violation: 296.000000
Violation: 1269.000000
Violation: 207.000000
Violation: 198.000000
Violation: 491.000000
Violation: 296.000000
Violation: 124.000000
Violation: 416.000000
Violation: 934.000000
Violation: 98.000000
Violation: 686.000000
Violation: 696.000000
Violation: 185.000000
Violation: 608.000000
Violation: 406.000000
Violation: 527.000000
Violation: 92.000000
Violation: 436.000000
Violation: 5.000000
Violation: 1.000000
Violation: 196.000000
Violation: 124.000000
Violation: 584.000000
Violation: 176.000000
Violation: 398.000000
Violation: 402.000000
Violation: 250.000000
Violation: 492.000000
Violation: 482.000000
Violation: 194.000000
Violation: 70.000000
Violation: 121.000000
Violation: 303.000000
Violation: 573.000000
Violation: 80.000000
Violation: 1160.000000
Violation: 402.000000
Violation: 260.000000
Violation: 100.000000
Violation: 1268.000000
Violation: 166.000000
Violation: 103.000000
Violation: 573.000000
Violation: 550.000000
Violation: 472.000000
Violation: 409.000000
Violation: 1760.000000
Violation: 212.000000
Violation: 127.000000
Violation: 43.000000
Violation: 193.000000
Violation: 249.000000
Violation: 472.000000
Violation: 657.000000
Violation: 677.000000
Violation: 584.000000
Violation: 436.000000
Violation: 315.000000
Violation: 93.000000
Violation: 18.000000
Violation: 550.000000
Violation: 440.000000
Violation: 505.000000
Violation: 399.000000
Violation: 388.000000
Violation: 197.000000
Violation: 187.000000
Violation: 233.000000
Violation: 372.000000
Violation: 586.000000
Violation: 188.000000
Violation: 92.000000
Violation: 1668.000000
Violation: 672.000000
Violation: 320.000000
Violation: 952.000000
Violation: 866.000000
Violation: 641.000000
Violation: 1505.000000
Violation: 178.000000
Violation: 900.000000
Violation: 312.000000
Violation: 500.000000
Violation: 778.000000
Violation: 570.000000
Violation: 958.000000
Violation: 65.000000
Violation: 750.000000
Violation: 419.000000
Violation: 528.000000
Violation: 1315.000000
Violation: 305.000000
Violation: 370.000000
Violation: 1097.000000
Violation: 63.000000
Violation: 677.000000
Violation: 477.000000
Violation: 695.000000
Violation: 582.000000
Violation: 164.000000
Violation: 701.000000
Violation: 278.000000
Violation: 279.000000
Violation: 199.000000
Violation: 642.000000
Violation: 1315.000000
Violation: 280.000000
Violation: 551.000000
Violation: 54.000000
Violation: 269.000000
Violation: 142.000000
Violation: 305.000000
Violation: 248.000000
Violation: 395.000000
Violation: 1282.000000
Violation: 698.000000
Violation: 185.000000
Violation: 682.000000
Violation: 630.000000
Violation: 206.000000
Violation: 461.000000
Violation: 978.000000
Violation: 570.000000
Violation: 567.000000
Violation: 480.000000
Violation: 298.000000
Violation: 286.000000
Violation: 317.000000
Violation: 145.000000
Violation: 315.000000
Violation: 93.000000
Violation: 1315.000000
Violation: 156.000000
Violation: 399.000000
Violation: 369.000000
Violation: 733.000000
Violation: 182.000000
Violation: 739.000000
Violation: 384.000000
Violation: 91.000000
Violation: 186.000000
Violation: 94.000000
Violation: 57.000000
Violation: 291.000000
Violation: 640.000000
Violation: 696.000000
Violation: 1284.000000
Violation: 929.000000
Violation: 577.000000
Violation: 1575.000000
Violation: 934.000000
Violation: 89.000000
Violation: 509.000000
Violation: 1667.000000
Violation: 653.000000
Violation: 83.000000
Violation: 66.000000
Violation: 103.000000
Violation: 692.000000
Violation: 1020.000000
Violation: 74.000000
Violation: 304.000000
Violation: 676.000000
Violation: 816.000000
Violation: 646.000000
Violation: 677.000000
Violation: 312.000000
Violation: 934.000000
Violation: 189.000000
Violation: 690.000000
Violation: 620.000000
Violation: 543.000000
Violation: 412.000000
Violation: 297.000000
Violation: 278.000000
Violation: 359.000000
Violation: 472.000000
Violation: 770.000000
Violation: 97.000000
Violation: 157.000000
Violation: 726.000000
Violation: 305.000000
Violation: 378.000000
Violation: 459.000000
Violation: 701.000000
Violation: 342.000000
Violation: 249.000000
Violation: 572.000000
Violation: 1.000000
Violation: 303.000000
Violation: 678.000000
Violation: 572.000000
Violation: 543.000000
Violation: 1022.000000
Violation: 667.000000
Violation: 48.000000
Violation: 470.000000
Violation: 1097.000000
Violation: 472.000000
Violation: 696.000000
Violation: 104.000000
Violation: 248.000000
Violation: 46.000000
Violation: 702.000000
Violation: 701.000000
Violation: 696.000000
Violation: 103.000000
Violation: 984.000000
Violation: 602.000000
Violation: 315.000000
Violation: 264.000000
Violation: 268.000000
Violation: 195.000000
Violation: 848.000000
Violation: 509.000000
Violation: 130.000000
Violation: 104.000000
Violation: 95.000000
Violation: 1379.000000
Violation: 507.000000
Violation: 934.000000
Violation: 346.000000
Violation: 1478.000000
Violation: 492.000000
Violation: 280.000000
Violation: 695.000000
Violation: 321.000000
Violation: 668.000000
Violation: 397.000000
Violation: 772.000000
Violation: 682.000000
Violation: 355.000000
Violation: 798.000000
Violation: 273.000000
Violation: 316.000000
Violation: 782.000000
Violation: 422.000000
Violation: 798.000000
Violation: 196.000000
Violation: 750.000000
Violation: 315.000000
Violation: 910.000000
Violation: 573.000000
Violation: 1000.000000
Violation: 696.000000
Violation: 200.000000
Violation: 466.000000
Violation: 27.000000
Violation: 676.000000
Violation: 421.000000
Violation: 447.000000
Violation: 448.000000
Violation: 63.000000
Violation: 686.000000
Violation: 950.000000
Violation: 694.000000
Violation: 407.000000
Violation: 368.000000
Violation: 512.000000
Violation: 677.000000
Violation: 385.000000
Violation: 70.000000
Violation: 904.000000
Violation: 676.000000
Violation: 234.000000
Violation: 27.000000
Violation: 573.000000
Violation: 702.000000
Violation: 1149.000000
Violation: 646.000000
Violation: 688.000000
Violation: 194.000000
Violation: 586.000000
Violation: 32.000000
Violation: 954.000000
Violation: 297.000000
Violation: 788.000000
Violation: 660.000000
Violation: 210.000000
Violation: 650.000000
Violation: 245.000000
Violation: 37.000000
Violation: 357.000000
Violation: 304.000000
Violation: 336.000000
Violation: 573.000000
Violation: 574.000000
Violation: 132.000000
Violation: 608.000000
Violation: 327.000000
Violation: 34.000000
Violation: 608.000000
Violation: 675.000000
Violation: 305.000000
Violation: 520.000000
Violation: 170.000000
Violation: 219.000000
Violation: 608.000000
Violation: 650.000000
Violation: 581.000000
Violation: 315.000000
Violation: 680.000000
Violation: 458.000000
Violation: 679.000000
Violation: 630.000000
Violation: 302.000000
Violation: 1480.000000
Violation: 138.000000
Violation: 385.000000
Violation: 505.000000
Violation: 604.000000
Violation: 122.000000
Violation: 708.000000
Violation: 405.000000
Violation: 570.000000
Violation: 594.000000
Violation: 482.000000
Violation: 276.000000
Violation: 333.000000
Violation: 369.000000
Violation: 265.000000
Violation: 19.000000
Violation: 354.000000
Violation: 157.000000
Violation: 506.000000
Violation: 608.000000
Violation: 584.000000
Violation: 608.000000
Violation: 142.000000
Violation: 706.000000
Violation: 575.000000
Violation: 412.000000
Violation: 1094.000000
Violation: 208.000000
Violation: 327.000000
Violation: 571.000000
Violation: 624.000000
Violation: 564.000000
Violation: 783.000000
Violation: 250.000000
Violation: 280.000000
Violation: 1076.000000
Violation: 284.000000
Violation: 676.000000
Violation: 676.000000
Violation: 304.000000
Violation: 573.000000
took 2.811223
Optimize a model with 794 rows, 906 columns and 11628 nonzeros
Coefficient statistics:
  Matrix range     [1e+00, 4e+01]
  Objective range  [0e+00, 0e+00]
  Bounds range     [1e+00, 4e+01]
  RHS range        [1e+00, 1e+02]
Presolve removed 524 rows and 115 columns
Presolve time: 0.00s
Presolved: 270 rows, 791 columns, 8528 nonzeros

Iteration    Objective       Primal Inf.    Dual Inf.      Time
       0    0.0000000e+00   4.716969e+01   0.000000e+00      0s
     152    0.0000000e+00   0.000000e+00   0.000000e+00      0s

Solved in 152 iterations and 0.01 seconds
Optimal objective  0.000000000e+00
