j3017_4.mm_s3.txt
Academic license - for non-commercial use only
Read LP format model from file lp/j3017_4.mm.lp
Reading time = 0.01 seconds
: 351 rows, 906 columns, 9053 nonzeros
OKGPU
nThreads: 1024 , nBlocks: 12 
Number cuts generated in the phase 1: 8
Number of repeat: 2 
violation 750.000000
violation 500.000000
violation 404.000000
violation 71.000000
violation 380.000000
violation 800.000000
8592 16
AQUIIII!!48 46 19 27 25 10 11 AQUIIII!!9 48 13 43 20 AQUIIII!!20 32 27 48 43 7 9 7 44 23 20 22 27 25 23 19 
16 11 45 18 11 32 14 13 7 10 15 46 23 22 10 44 37 
13 21 29 AQUIIII!!
48 27 13 23 21 9 37 15 20 29 45 11 10 7 14 16 
AQUIIII!!48 46 19 18 17 11 27 32 44 25 43 22 7 23 20 10 
AQUIIII!!43 44 48 25 32 11 18 19 46 27 10 23 22 7 17 20 
AQUIIII!!25 43 46 23 7 22 32 10 17 18 11 20 44 27 48 19 
AQUIIII!!25 46 12 22 20 18 8 17 28 44 23 32 19 6 43 48 
AQUIIII!!48 43 9 AQUIIII!!23 23 13 22 44 7 10 46 44 32 19 20 16 22 11 27 43 46 25 7 
32 18 25 17 27 11 20 10 48 
AQUIIII!!19 48 6 44 46 25 8 22 20 28 23 43 17 32 AQUIIII!!18 12 28 
18 17 12 23 AQUIIII!!7 19 48 44 43 10 20 32 43 18 20 12 46 25 22 22 25 AQUIIII!!10 48 48 46 
46 19 22 32 18 23 25 28 13 44 7 20 44 11 17 10 
23 19 43 32 7 27 
AQUIIII!!48 20 10 45 39 9 13 11 27 21 16 14 23 46 25 7 
AQUIIII!!48 17 28 46 20 12 10 43 32 22 25 23 44 19 18 7 
AQUIIII!!46 20 16 32 13 10 25 23 27 7 43 22 11 44 9 48 
AQUIIII!!43 20 44 17 25 10 27 22 18 46 23 11 7 AQUIIII!!32 25 19 20 48 28 
12 32 44 8 43 6 17 19 46 22 18 23 48 
AQUIIII!!11 16 7 AQUIIII!!15 7 21 46 13 AQUIIII!!16 14 28 11 20 19 10 32 9 43 13 45 32 9 23 25 22 37 46 23 29 22 27 10 8 44 48 27 
18 25 44 43 17 20 48 7 
20 12 23 48 
AQUIIII!!44 AQUIIII!!46 44 18 21 19 23 22 32 20 7 7 9 10 46 20 25 45 12 10 32 11 28 AQUIIII!!27 17 43 25 32 43 13 44 23 16 10 48 7 48 
9 
46 25 27 22 13 11 20 23 19 48 
AQUIIII!!48 12 32 25 17 46 43 20 28 10 7 23 22 18 19 44 
AQUIIII!!48 32 9 20 22 25 19 11 13 44 27 43 46 23 7 10 
AQUIIII!!48 46 10 44 16 25 23 32 45 21 13 7 11 20 9 27 
AQUIIII!!48 46 10 43 27 16 20 23 44 7 13 22 32 25 9 11 
AQUIIII!!23 20 46 17 44 43 19 12 25 28 7 32 22 18 10 48 
AQUIIII!!23 44 19 11 18 46 27 22 7 32 25 10 13 43 AQUIIII!!20 23 48 22 
46 25 7 44 28 8 19 20 17 43 12 32 18 48 
AQUIIII!!13 27 20 25 14 46 16 7 21 9 39 11 10 45 23 48 
AQUIIII!!32 AQUIIII!!10 46 AQUIIII!!44 48 23 20 46 32 9 25 22 8 45 11 27 43 13 23 7 32 20 10 20 21 12 43 16 44 19 25 7 44 7 23 11 28 17 46 25 
18 17 27 18 48 22 19 48 

AQUIIII!!19 25 44 18 10 32 23 AQUIIII!!43 22 27 8 AQUIIII!!20 7 44 46 13 46 22 23 28 11 43 23 27 17 AQUIIII!!12 AQUIIII!!46 7 23 23 16 18 22 25 48 18 17 17 10 
7 43 12 20 28 11 32 32 AQUIIII!!25 32 6 8 8 9 14 20 43 22 28 45 25 46 44 22 19 48 19 23 20 48 
20 10 6 
46 37 18 12 13 32 25 44 20 17 48 11 
19 15 44 9 AQUIIII!!48 29 43 44 21 
6 27 17 7 23 48 46 12 16 32 
8 18 AQUIIII!!25 20 28 7 19 43 43 22 46 20 11 48 10 
9 32 16 25 27 22 44 13 23 48 
AQUIIII!!AQUIIII!!48 48 45 20 9 10 27 7 23 18 10 23 16 32 11 13 46 22 13 27 20 19 7 25 21 46 14 44 39 11 25 43 

AQUIIII!!46 18 44 22 25 32 23 17 7 20 12 28 43 19 10 AQUIIII!!48 20 
18 25 12 43 32 22 8 46 17 44 AQUIIII!!48 AQUIIII!!19 23 48 23 22 7 23 18 28 14 17 48 7 21 
25 7 19 20 10 20 45 44 39 28 AQUIIII!!27 43 25 19 32 9 12 20 16 46 18 46 
27 10 25 13 22 11 46 
43 23 11 7 17 10 44 32 48 
AQUIIII!!48 22 12 32 28 8 17 20 18 46 25 23 44 6 19 43 
AQUIIII!!46 43 11 7 44 19 27 25 23 20 22 18 32 10 13 48 
AQUIIII!!48 7 20 37 29 27 16 15 11 45 10 23 21 9 14 13 
AQUIIII!!19 11 9 10 25 13 32 23 43 20 22 44 7 27 46 48 
AQUIIII!!19 28 20 18 AQUIIII!!25 48 44 20 23 44 10 28 32 18 12 7 7 22 43 46 17 17 22 25 AQUIIII!!46 19 27 48 32 45 
32 10 12 25 23 21 43 9 
23 44 20 46 16 AQUIIII!!7 20 11 7 10 13 22 48 18 
32 27 23 19 11 13 AQUIIII!!8 43 32 10 46 25 22 20 44 43 46 7 23 48 12 
44 25 28 18 19 17 48 
AQUIIII!!48 46 23 7 18 19 17 11 43 32 22 20 44 27 25 10 
AQUIIII!!48 16 11 9 21 14 10 13 45 27 23 37 15 20 7 29 
AQUIIII!!20 AQUIIII!!22 12 18 46 7 8 17 6 32 18 28 43 43 19 8 25 28 12 20 19 17 25 32 23 44 22 44 23 48 48 46 

AQUIIII!!16 23 22 13 44 25 46 11 27 9 32 10 7 20 43 48 
AQUIIII!!28 17 7 23 22 44 18 8 32 46 12 43 19 20 25 48 
AQUIIII!!48 20 10 46 43 7 27 13 44 32 16 25 23 22 9 11 
AQUIIII!!19 48 46 6 12 20 23 22 17 8 18 32 44 43 28 25 
AQUIIII!!48 25 27 7 20 46 22 10 23 44 9 43 13 11 32 19 
AQUIIII!!48 10 7 13 16 20 11 25 32 43 27 44 22 46 9 23 
AQUIIII!!48 19 32 7 10 43 18 22 23 11 44 17 46 25 20 27 
AQUIIII!!15 48 23 9 27 7 14 20 29 37 13 11 10 16 45 21 
AQUIIII!!7 25 21 39 10 45 20 27 11 13 16 23 14 9 46 48 
AQUIIII!!48 13 27 18 10 22 46 11 32 7 43 19 44 25 20 23 
AQUIIII!!48 19 46 8 12 43 28 18 22 20 23 17 6 44 25 AQUIIII!!32 48 
27 32 7 21 11 20 9 10 45 13 46 44 25 23 16 
AQUIIII!!48 19 11 20 27 18 44 22 25 17 46 10 32 7 23 43 
AQUIIII!!10 32 46 44 11 20 43 19 25 23 27 22 7 17 18 48 
AQUIIII!!9 13 7 46 20 11 16 10 21 23 39 25 14 27 45 48 
AQUIIII!!18 7 25 27 23 13 11 AQUIIII!!22 48 AQUIIII!!32 44 48 44 19 8 19 32 46 10 23 44 43 32 28 20 22 22 46 23 11 48 25 18 
19 10 6 27 20 17 12 7 18 20 43 17 25 46 
43 
AQUIIII!!21 15 37 10 45 7 27 29 16 11 14 AQUIIII!!13 48 9 9 20 14 23 27 21 48 13 
20 25 11 10 45 7 16 46 23 39 
AQUIIII!!48 20 32 46 13 16 9 21 44 7 10 45 25 23 27 11 
AQUIIII!!48 23 44 32 19 17 46 8 20 22 25 18 28 43 12 7 
AQUIIII!!48 21 7 14 27 11 45 10 20 23 25 46 13 9 39 16 
AQUIIII!!17 28 44 23 43 10 20 32 7 12 22 18 25 48 46 AQUIIII!!19 21 
20 39 13 7 45 16 23 11 14 27 25 AQUIIII!!46 10 9 27 10 11 48 32 
44 16 13 23 25 9 20 21 45 7 46 48 
AQUIIII!!32 11 17 23 7 10 AQUIIII!!19 48 22 23 44 32 46 19 27 25 20 18 18 46 25 20 43 7 48 44 
17 27 10 43 22 11 
AQUIIII!!48 45 7 16 23 21 15 13 AQUIIII!!29 48 37 9 43 11 10 25 27 14 7 20 46 
23 20 13 32 44 10 11 27 9 22 16 
AQUIIII!!48 28 6 12 43 8 23 19 46 25 17 20 22 18 32 44 
AQUIIII!!7 25 32 13 AQUIIII!!11 22 48 44 16 11 9 AQUIIII!!10 13 20 25 32 43 43 27 43 46 AQUIIII!!27 23 23 16 21 48 
10 23 20 46 7 46 11 16 27 44 45 13 16 25 20 7 44 9 32 22 22 13 44 7 11 23 25 20 32 9 48 27 10 
10 9 
48 46 
AQUIIII!!48 18 43 25 7 28 17 8 46 23 22 19 32 44 12 20 
AQUIIII!!46 9 45 23 10 14 21 11 13 7 20 25 16 27 39 48 
AQUIIII!!48 22 23 10 46 12 17 32 18 AQUIIII!!20 45 44 7 19 43 14 25 16 28 10 7 46 
27 9 39 25 21 20 23 13 11 48 
AQUIIII!!44 23 46 32 20 22 43 13 27 9 7 11 10 16 25 48 
AQUIIII!!22 44 18 7 43 27 10 25 20 AQUIIII!!46 16 11 32 23 9 19 44 32 46 7 17 22 48 43 
13 23 11 27 20 25 10 48 
AQUIIII!!48 46 7 28 22 32 12 17 20 8 18 44 25 43 23 19 
AQUIIII!!46 48 18 11 44 20 25 32 17 7 43 AQUIIII!!23 17 10 32 27 7 19 25 22 12 
22 43 19 28 46 20 18 44 10 23 48 
AQUIIII!!44 9 11 13 7 25 27 20 10 43 46 22 32 19 23 48 
AQUIIII!!48 27 46 9 20 22 11 43 13 10 25 7 32 44 16 23 
AQUIIII!!48 19 23 12 20 17 7 44 43 8 46 25 22 28 18 32 AQUIIII!!
15 48 45 7 16 AQUIIII!!19 20 48 9 43 46 37 20 11 18 27 21 32 10 13 25 14 23 13 7 23 22 11 27 44 29 10 

AQUIIII!!32 43 22 46 AQUIIII!!27 25 23 19 7 18 32 10 46 19 7 17 20 11 23 20 AQUIIII!!11 44 19 27 25 25 48 17 7 
18 32 43 11 10 20 22 22 44 23 48 44 
13 46 9 10 43 27 48 
AQUIIII!!10 25 21 39 9 46 14 20 16 27 23 7 45 13 11 48 
AQUIIII!!44 27 32 45 46 11 25 AQUIIII!!21 48 20 27 9 10 7 44 25 10 20 16 7 23 23 13 21 48 45 
9 46 32 16 11 13 
AQUIIII!!7 10 20 25 9 11 43 13 27 16 46 32 23 22 AQUIIII!!44 22 48 32 
10 44 27 16 9 13 23 43 20 11 25 7 48 46 
AQUIIII!!48 46 27 14 9 39 10 7 16 23 21 20 45 25 11 13 
AQUIIII!!7 27 20 45 13 37 21 29 15 23 14 10 9 11 16 48 
AQUIIII!!7 27 20 45 13 37 21 29 15 23 14 10 9 11 16 48 
AQUIIII!!48 45 11 39 14 25 16 21 27 20 10 7 23 13 46 9 
AQUIIII!!48 11 10 23 25 9 20 22 7 46 13 43 27 32 16 44 
AQUIIII!!27 25 44 9 32 22 23 46 16 7 13 10 20 11 43 48 
AQUIIII!!7 17 22 19 44 11 43 25 10 20 46 18 27 23 32 48 
AQUIIII!!48 12 22 17 32 7 43 18 25 28 23 10 44 46 20 19 
AQUIIII!!48 21 45 14 46 9 25 7 16 27 23 39 13 10 20 11 
AQUIIII!!22 32 11 20 44 43 27 23 10 13 46 9 25 16 7 48 AQUIIII!!
46 48 32 23 17 19 12 20 25 8 22 7 18 28 43 44 
AQUIIII!!48 7 11 39 21 14 45 9 46 23 20 13 25 16 10 27 
AQUIIII!!48 28 46 44 17 7 19 43 23 18 32 20 12 25 22 8 
AQUIIII!!48 32 6 20 46 17 28 44 22 8 19 12 43 25 18 23 
AQUIIII!!46 43 28 22 12 20 19 10 17 25 7 18 23 44 32 AQUIIII!!48 48 
32 23 44 20 46 19 43 9 13 22 25 27 11 10 7 
AQUIIII!!25 13 27 11 9 23 20 14 21 7 10 39 16 46 45 48 
AQUIIII!!22 19 12 43 28 44 20 32 17 25 18 8 6 46 23 48 
AQUIIII!!48 20 10 44 9 46 23 11 16 13 25 21 7 32 45 27 
AQUIIII!!12 7 44 22 23 25 8 46 43 20 18 28 19 17 32 48 
AQUIIII!!48 46 18 44 17 12 23 10 20 19 28 25 32 7 43 22 
AQUIIII!!43 32 10 16 7 11 22 13 25 27 44 46 20 23 9 48 
AQUIIII!!48 9 16 46 32 27 7 11 21 10 20 23 25 45 44 13 
AQUIIII!!21 9 23 7 11 10 45 16 27 25 14 AQUIIII!!48 13 28 AQUIIII!!46 18 48 22 20 27 46 39 43 23 32 48 44 20 
25 9 7 11 19 13 23 8 16 17 43 44 12 20 
46 10 22 25 7 32 
AQUIIII!!48 45 25 23 7 14 46 11 13 10 21 16 9 27 20 39 
AQUIIII!!48 46 22 10 AQUIIII!!13 43 7 25 27 10 43 9 23 22 19 11 32 20 20 7 11 13 9 32 25 46 44 27 
23 44 16 48 
AQUIIII!!48 20 19 43 22 28 44 18 AQUIIII!!23 48 7 17 7 12 10 25 46 9 8 22 32 11 
20 25 AQUIIII!!32 48 46 8 18 44 16 46 27 32 22 13 23 19 AQUIIII!!43 17 48 
43 28 28 12 23 25 17 44 43 6 46 20 19 12 20 25 23 
32 8 7 18 44 AQUIIII!!22 
43 46 48 44 11 25 10 13 20 32 23 7 9 22 16 27 
AQUIIII!!46 48 7 23 39 11 16 21 20 9 25 27 13 14 10 45 
AQUIIII!!46 48 32 19 7 20 23 10 11 22 13 44 18 27 25 43 
AQUIIII!!18 22 23 46 6 19 8 32 43 44 28 17 12 25 20 48 
AQUIIII!!27 20 25 7 11 19 46 23 43 AQUIIII!!22 46 44 48 20 18 32 10 17 22 10 43 17 32 12 25 48 19 
23 28 7 44 18 
AQUIIII!!25 28 44 20 22 19 23 18 7 12 10 32 43 46 17 48 
AQUIIII!!7 32 20 27 22 43 46 25 18 19 44 17 10 11 23 48 
AQUIIII!!48 46 18 43 11 32 25 13 27 20 44 23 19 10 22 7 
AQUIIII!!45 25 16 11 44 9 20 32 10 13 46 27 23 21 7 48 
AQUIIII!!48 13 43 44 25 10 11 18 22 7 27 19 23 32 46 20 
AQUIIII!!20 12 8 46 43 32 6 19 28 17 18 25 22 23 44 48 
AQUIIII!!48 17 10 32 18 43 20 25 44 46 11 7 23 22 27 19 
AQUIIII!!8 20 22 19 18 25 46 44 28 12 43 17 32 23 6 48 
AQUIIII!!48 10 23 44 13 22 32 43 9 16 7 20 11 25 27 46 
AQUIIII!!23 7 9 25 45 44 46 20 27 32 21 11 13 10 16 48 
AQUIIII!!23 18 46 13 22 44 11 7 25 20 32 19 43 27 10 48 
AQUIIII!!48 12 8 17 18 25 43 23 22 20 19 44 7 46 28 32 
AQUIIII!!44 12 8 25 19 23 20 32 6 22 28 46 43 18 17 48 
AQUIIII!!9 13 27 11 32 20 7 10 22 46 23 AQUIIII!!25 46 19 48 44 44 10 48 25 43 7 
32 22 27 17 20 19 18 23 11 43 
AQUIIII!!48 25 46 23 43 22 12 28 7 18 32 17 19 10 44 20 
AQUIIII!!25 7 22 32 43 44 11 19 13 27 9 46 10 20 23 48 
AQUIIII!!11 7 10 25 27 32 9 13 45 44 16 20 23 21 46 48 
AQUIIII!!32 23 45 27 16 11 44 25 21 10 20 46 13 9 7 48 
Number of Cuts in the second phase:3188
Number of repeat: 3034 
Violation: 229.000000
Violation: 302.000000
Violation: 682.000000
Violation: 151.000000
Violation: 600.000000
Violation: 500.000000
Violation: 458.000000
Violation: 224.000000
Violation: 500.000000
Violation: 687.000000
Violation: 400.000000
Violation: 200.000000
Violation: 519.000000
Violation: 1200.000000
Violation: 109.000000
Violation: 500.000000
Violation: 200.000000
Violation: 295.000000
Violation: 200.000000
Violation: 500.000000
Violation: 1000.000000
Violation: 400.000000
Violation: 71.000000
Violation: 500.000000
Violation: 228.000000
Violation: 229.000000
Violation: 109.000000
Violation: 200.000000
Violation: 500.000000
Violation: 206.000000
Violation: 1000.000000
Violation: 200.000000
Violation: 500.000000
Violation: 250.000000
Violation: 109.000000
Violation: 511.000000
Violation: 500.000000
Violation: 250.000000
Violation: 250.000000
Violation: 600.000000
Violation: 1000.000000
Violation: 600.000000
Violation: 500.000000
Violation: 531.000000
Violation: 1200.000000
Violation: 458.000000
Violation: 500.000000
Violation: 500.000000
Violation: 600.000000
Violation: 1000.000000
Violation: 599.000000
Violation: 1200.000000
Violation: 250.000000
Violation: 1200.000000
Violation: 200.000000
Violation: 250.000000
Violation: 1200.000000
Violation: 513.000000
Violation: 453.000000
Violation: 418.000000
Violation: 400.000000
Violation: 573.000000
Violation: 150.000000
Violation: 751.000000
Violation: 73.000000
Violation: 200.000000
Violation: 400.000000
Violation: 531.000000
Violation: 400.000000
Violation: 500.000000
Violation: 250.000000
Violation: 599.000000
Violation: 609.000000
Violation: 400.000000
Violation: 1000.000000
Violation: 200.000000
Violation: 200.000000
Violation: 451.000000
Violation: 228.000000
Violation: 750.000000
Violation: 71.000000
Violation: 456.000000
Violation: 500.000000
Violation: 218.000000
Violation: 60.000000
Violation: 100.000000
Violation: 272.000000
Violation: 500.000000
Violation: 1044.000000
Violation: 73.000000
Violation: 216.000000
Violation: 151.000000
Violation: 400.000000
Violation: 599.000000
Violation: 459.000000
Violation: 400.000000
Violation: 200.000000
Violation: 1000.000000
Violation: 4.000000
Violation: 205.000000
Violation: 151.000000
Violation: 1200.000000
Violation: 151.000000
Violation: 228.000000
Violation: 500.000000
Violation: 500.000000
Violation: 600.000000
Violation: 600.000000
Violation: 500.000000
Violation: 500.000000
Violation: 71.000000
Violation: 1000.000000
Violation: 198.000000
Violation: 198.000000
Violation: 71.000000
Violation: 410.000000
Violation: 600.000000
Violation: 522.000000
Violation: 1000.000000
Violation: 198.000000
Violation: 200.000000
Violation: 273.000000
Violation: 200.000000
Violation: 500.000000
Violation: 73.000000
Violation: 800.000000
Violation: 200.000000
Violation: 1200.000000
Violation: 586.000000
Violation: 200.000000
Violation: 1000.000000
Violation: 400.000000
Violation: 200.000000
Violation: 1198.000000
Violation: 71.000000
Violation: 1000.000000
Violation: 529.000000
Violation: 414.000000
Violation: 1000.000000
Violation: 750.000000
Violation: 747.000000
Violation: 180.000000
Violation: 84.000000
Violation: 1000.000000
Violation: 500.000000
Violation: 250.000000
Violation: 500.000000
Violation: 573.000000
Violation: 7.000000
Violation: 83.000000
Violation: 200.000000
Violation: 108.000000
Violation: 289.000000
Violation: 599.000000
408 16
AQUIIII!!7 23 22 11 44 20 17 25 19 32 18 43 10 27 46 48 
AQUIIII!!46 43 48 20 17 23 12 7 28 32 22 18 19 25 10 44 
AQUIIII!!20 19 13 32 46 10 27 22 11 25 23 9 7 44 48 43 
AQUIIII!!48 12 44 25 7 8 46 23 22 28 32 19 43 17 20 18 
AQUIIII!!48 39 20 14 45 16 27 9 10 13 7 46 21 25 11 23 
AQUIIII!!43 48 46 7 25 44 17 18 27 19 11 32 23 20 22 10 
Number of Cuts in the second phase:154
Number of repeat: 151 
Violation: 84.000000
Violation: 224.000000
Violation: 250.000000
took 3.587973
Optimize a model with 521 rows, 906 columns and 9691 nonzeros
Coefficient statistics:
  Matrix range     [1e+00, 4e+01]
  Objective range  [0e+00, 0e+00]
  Bounds range     [1e+00, 4e+01]
  RHS range        [1e+00, 1e+02]
Presolve removed 285 rows and 109 columns
Presolve time: 0.01s
Presolved: 236 rows, 797 columns, 8439 nonzeros

Iteration    Objective       Primal Inf.    Dual Inf.      Time
       0    0.0000000e+00   4.408044e+01   0.000000e+00      0s
     130    0.0000000e+00   0.000000e+00   0.000000e+00      0s

Solved in 130 iterations and 0.01 seconds
Optimal objective  0.000000000e+00
