j309_10.mm_s4.txt
Academic license - for non-commercial use only
Read LP format model from file lp/j309_10.mm.lp
Reading time = 0.00 seconds
: 324 rows, 605 columns, 5465 nonzeros
OKGPU
nThreads: 1024 , nBlocks: 12 
Number cuts generated in the phase 1: 11
Number of repeat: 0 
violation 160.000000
violation 65.000000
violation 127.000000
violation 648.000000
violation 17.000000
violation 17.000000
violation 277.000000
violation 482.000000
violation 147.000000
violation 144.000000
violation 13.000000
8592 16
AQUIIII!!104 15 18 43 110 82 20 19 16 108 80 73 29 17 34 10 
AQUIIII!!104 110 82 73 80 15 10 43 AQUIIII!!34 104 17 41 20 2 108 69 19 103 16 10 29 8 18 3 
48 91 71 101 5 39 0 1 
AQUIIII!!104 91 2 8 5 71 101 103 9 48 69 1 41 39 0 3 
AQUIIII!!104 43 5 2 48 0 18 41 1 39 29 19 103 108 10 69 
AQUIIII!!2 41 8 10 0 1 101 69 5 3 91 48 103 39 71 104 
AQUIIII!!104 29 41 10 16 18 69 110 48 108 103 43 0 39 19 5 
AQUIIII!!0 5 103 43 1 3 10 71 19 39 69 48 41 101 2 104 
AQUIIII!!73 0 39 2 41 5 1 103 19 101 AQUIIII!!48 101 69 AQUIIII!!19 108 48 29 10 41 19 48 43 41 108 69 104 69 110 
0 3 5 10 71 43 16 0 103 18 10 39 104 103 
39 5 43 2 1 104 
AQUIIII!!104 101 2 91 71 0 5 8 1 103 3 41 69 10 48 39 
AQUIIII!!18 110 43 29 0 39 69 108 16 48 19 103 10 5 41 104 
AQUIIII!!104 1 19 103 29 108 48 41 10 18 39 0 5 2 43 69 
AQUIIII!!104 2 43 108 48 10 39 41 73 19 69 1 103 5 0 101 
AQUIIII!!1 73 41 2 69 0 5 39 103 10 43 19 48 108 101 104 
AQUIIII!!104 69 29 108 AQUIIII!!0 104 18 16 108 18 103 41 48 48 0 39 110 10 29 5 39 43 69 1 10 103 5 19 19 
41 43 16 
AQUIIII!!69 16 43 5 39 108 10 19 41 29 110 18 0 48 103 104 
AQUIIII!!29 103 108 5 16 41 39 20 34 43 10 18 110 69 19 104 
AQUIIII!!104 39 48 69 103 91 1 71 0 2 101 3 10 41 8 5 
AQUIIII!!104 10 73 1 5 0 108 48 41 19 101 69 43 103 2 39 
AQUIIII!!10 17 82 80 108 19 110 29 5 18 34 43 20 16 73 104 
AQUIIII!!104 18 48 10 16 41 39 43 1 108 5 29 0 69 19 103 
AQUIIII!!104 39 69 103 101 108 0 10 48 73 5 1 43 19 2 41 
AQUIIII!!104 AQUIIII!!0 104 108 103 41 20 5 19 29 29 69 16 110 10 39 108 43 110 18 34 10 18 69 39 48 16 103 5 19 43 
41 
AQUIIII!!73 10 48 101 108 5 1 103 39 43 0 41 69 2 19 104 
AQUIIII!!19 0 5 108 1 39 101 10 103 73 41 2 48 69 43 104 
AQUIIII!!43 19 10 18 2 41 48 108 29 1 0 5 103 39 69 104 
AQUIIII!!82 108 15 19 43 110 16 20 10 17 18 34 29 80 73 104 
AQUIIII!!104 108 5 43 2 69 10 48 19 18 29 103 0 1 39 41 
AQUIIII!!104 AQUIIII!!5 104 48 29 103 5 19 41 108 108 101 39 0 19 73 48 10 43 43 1 2 18 69 69 41 103 1 10 39 0 
2 
AQUIIII!!69 10 108 41 103 19 29 39 0 1 5 2 43 48 18 104 
AQUIIII!!39 43 69 1 3 101 71 103 0 2 10 41 48 19 5 104 
AQUIIII!!104 39 2 71 0 3 69 101 1 10 19 103 5 43 48 41 
AQUIIII!!9 48 101 5 39 69 3 103 0 1 2 91 41 8 71 104 
AQUIIII!!108 2 41 101 0 19 39 5 43 103 48 10 69 73 1 104 
AQUIIII!!19 18 29 5 48 41 108 1 43 0 39 10 103 16 69 104 
AQUIIII!!104 43 39 103 0 108 10 41 69 29 18 16 48 1 19 5 
AQUIIII!!104 43 10 18 103 110 108 5 41 34 19 69 29 39 16 20 AQUIIII!!
104 103 101 9 0 1 48 39 2 69 5 41 91 71 8 3 
AQUIIII!!91 41 101 8 69 2 48 1 0 103 3 9 71 5 39 104 
AQUIIII!!18 80 19 16 34 43 20 82 108 73 10 110 5 17 29 104 
AQUIIII!!101 71 69 2 8 1 41 91 10 103 5 3 0 39 48 104 
AQUIIII!!0 8 39 48 5 101 41 9 1 69 3 2 71 103 91 104 
AQUIIII!!41 8 5 2 1 10 39 0 69 71 101 91 48 103 3 104 
AQUIIII!!104 69 41 91 101 10 0 1 8 48 2 71 39 3 103 5 
AQUIIII!!41 5 AQUIIII!!48 104 29 3 82 19 73 16 43 34 20 103 19 108 69 10 71 17 15 39 43 18 0 80 1 110 
101 10 2 104 
AQUIIII!!104 9 71 2 41 8 103 3 101 39 48 0 5 1 69 91 
AQUIIII!!104 10 41 73 19 69 5 2 48 101 39 43 108 0 1 103 
AQUIIII!!3 43 19 10 2 69 101 39 1 71 48 0 5 41 103 104 
AQUIIII!!104 43 19 18 10 39 5 69 108 41 103 29 48 110 0 16 
AQUIIII!!104 41 39 19 43 1 69 18 108 2 103 5 10 48 0 29 
AQUIIII!!104 69 43 103 110 41 16 19 108 29 39 10 20 18 5 34 
AQUIIII!!5 2 69 19 108 39 1 48 41 AQUIIII!!43 104 10 43 0 108 103 0 101 101 48 73 1 104 39 
69 41 73 103 5 19 10 2 
AQUIIII!!104 18 48 39 19 108 103 41 69 0 43 16 29 10 5 1 
AQUIIII!!0 19 108 103 10 2 1 73 48 41 5 39 69 101 43 104 
AQUIIII!!69 0 108 16 19 5 110 48 43 29 41 18 39 10 103 104 
AQUIIII!!0 1 103 3 5 8 91 39 69 48 10 41 101 71 2 104 
AQUIIII!!104 101 91 103 10 1 3 69 0 5 71 39 8 2 41 48 
AQUIIII!!104 16 41 5 10 0 108 AQUIIII!!29 1 104 18 1 103 91 69 39 43 39 3 19 71 48 0 
10 69 101 48 41 8 103 5 2 
AQUIIII!!18 39 43 1 10 69 5 108 29 0 2 41 48 103 19 104 
AQUIIII!!91 71 69 1 41 8 48 2 101 0 3 103 5 39 9 104 
AQUIIII!!104 19 73 16 110 80 29 34 82 43 15 20 10 108 18 17 
AQUIIII!!18 39 16 19 29 110 43 41 108 34 10 69 103 5 20 104 
AQUIIII!!69 103 71 91 8 5 2 10 0 101 3 48 1 39 41 104 
AQUIIII!!29 20 34 108 19 18 110 41 16 39 10 5 43 69 103 104 
AQUIIII!!104 43 2 39 19 101 73 1 48 5 0 10 103 41 108 69 
AQUIIII!!41 10 20 69 110 39 34 5 108 18 19 103 43 16 29 104 
AQUIIII!!48 29 103 AQUIIII!!0 110 69 39 1 43 19 69 108 19 10 29 16 20 41 5 39 18 18 41 43 5 16 104 34 
103 108 10 104 
AQUIIII!!108 20 73 16 82 17 19 34 18 110 5 10 80 43 29 104 
AQUIIII!!15 110 18 108 17 29 82 19 10 43 73 16 34 80 20 104 
AQUIIII!!0 101 43 48 69 103 19 10 41 39 73 5 1 2 108 104 
AQUIIII!!1 41 10 69 5 2 43 19 29 103 18 39 108 0 48 104 
AQUIIII!!104 1 41 103 73 19 5 43 10 69 0 2 48 101 108 39 
AQUIIII!!20 41 19 18 16 43 10 39 5 34 69 103 110 29 108 104 
AQUIIII!!104 10 39 5 110 41 20 69 19 34 108 43 103 16 AQUIIII!!29 104 18 41 91 
71 9 1 0 48 2 103 3 101 39 69 5 8 
AQUIIII!!104 69 5 16 41 108 0 103 19 39 48 43 110 18 10 29 
AQUIIII!!104 10 41 16 19 5 48 43 103 39 18 110 69 29 0 108 
AQUIIII!!29 20 41 19 110 10 43 34 18 69 16 39 5 103 108 104 
AQUIIII!!108 39 10 48 16 69 29 18 0 1 41 5 43 103 19 104 
AQUIIII!!104 39 41 29 48 10 69 108 43 2 18 1 19 103 5 0 
AQUIIII!!104 43 20 82 18 10 108 17 16 110 73 29 80 15 19 34 
AQUIIII!!104 2 108 0 41 101 48 103 69 73 39 5 1 43 10 19 
AQUIIII!!69 16 29 108 48 18 5 103 39 19 1 43 41 10 0 104 
AQUIIII!!34 41 10 18 20 108 16 39 5 110 103 69 19 43 29 104 
AQUIIII!!29 2 48 10 39 108 0 18 41 103 1 69 43 5 19 104 
AQUIIII!!104 10 108 18 20 19 16 69 29 34 43 41 103 39 110 5 
AQUIIII!!104 5 20 39 18 16 19 10 69 41 103 34 29 110 43 108 
AQUIIII!!104 2 10 73 41 69 108 0 1 39 5 19 103 48 43 101 
AQUIIII!!104 17 10 73 5 108 80 110 43 16 82 19 20 29 34 18 
AQUIIII!!104 34 10 43 16 18 110 20 80 82 19 29 108 5 73 17 
AQUIIII!!104 43 17 29 18 73 80 82 34 15 10 20 19 16 108 110 
AQUIIII!!104 3 71 0 48 103 10 69 19 101 5 39 41 2 43 1 
AQUIIII!!103 0 101 41 39 9 69 3 71 8 1 5 91 48 2 104 
AQUIIII!!10 16 18 80 15 17 82 34 110 20 19 29 43 108 73 104 
AQUIIII!!104 71 3 5 48 39 69 103 1 91 0 41 10 101 8 2 
AQUIIII!!69 41 18 39 0 48 108 43 5 1 10 2 103 29 19 104 
AQUIIII!!104 2 5 108 1 0 103 10 39 41 73 43 69 48 101 19 
AQUIIII!!17 73 82 80 34 110 10 43 108 19 16 29 15 18 20 104 
AQUIIII!!16 29 5 39 110 0 10 18 41 108 69 43 19 48 103 104 
AQUIIII!!2 3 69 103 10 19 AQUIIII!!71 104 48 29 43 110 101 18 1 17 5 82 0 20 39 10 15 41 16 104 34 
73 43 80 108 19 
AQUIIII!!104 73 43 20 19 110 16 34 10 15 108 18 29 82 17 80 
AQUIIII!!0 39 18 69 103 10 48 29 108 43 41 16 19 5 1 104 
AQUIIII!!104 39 3 1 71 48 5 10 2 69 8 91 0 101 103 41 
AQUIIII!!73 82 19 5 17 20 29 80 18 34 10 110 16 43 108 104 
AQUIIII!!2 71 101 1 48 69 91 103 0 39 9 41 3 8 5 104 
Number of Cuts in the second phase:1857
Number of repeat: 1801 
Violation: 824.000000
Violation: 432.000000
Violation: 11.000000
Violation: 170.000000
Violation: 256.000000
Violation: 608.000000
Violation: 329.000000
Violation: 1040.000000
Violation: 172.000000
Violation: 159.000000
Violation: 216.000000
Violation: 216.000000
Violation: 65.000000
Violation: 1.000000
Violation: 472.000000
Violation: 5.000000
Violation: 179.000000
Violation: 54.000000
Violation: 40.000000
Violation: 122.000000
Violation: 428.000000
Violation: 608.000000
Violation: 547.000000
Violation: 432.000000
Violation: 40.000000
Violation: 290.000000
Violation: 688.000000
Violation: 226.000000
Violation: 466.000000
Violation: 260.000000
Violation: 864.000000
Violation: 31.000000
Violation: 193.000000
Violation: 40.000000
Violation: 41.000000
Violation: 417.000000
Violation: 118.000000
Violation: 904.000000
Violation: 166.000000
Violation: 240.000000
Violation: 170.000000
Violation: 161.000000
Violation: 660.000000
Violation: 141.000000
Violation: 38.000000
Violation: 171.000000
Violation: 319.000000
Violation: 254.000000
Violation: 39.000000
Violation: 149.000000
Violation: 430.000000
Violation: 360.000000
Violation: 822.000000
Violation: 155.000000
Violation: 320.000000
Violation: 153.000000
2400 16
AQUIIII!!104 16 110 103 10 108 20 19 34 29 41 43 5 18 69 39 AQUIIII!!
104 2 5 71 19 43 3 0 10 101 1 48 41 103 69 39 
AQUIIII!!48 108 2 19 5 39 29 10 69 103 1 18 43 0 41 104 
AQUIIII!!91 2 41 AQUIIII!!0 43 69 48 71 2 8 10 101 101 5 103 1 71 48 41 39 19 3 69 103 3 9 1 104 5 
39 0 104 
AQUIIII!!5 AQUIIII!!69 103 0 73 103 48 10 0 101 39 108 69 1 101 2 41 48 1 43 2 39 108 41 19 73 43 19 5 104 10 
104 
AQUIIII!!104 3 10 103 69 0 41 91 2 5 101 39 1 48 AQUIIII!!71 104 8 10 
29 0 48 19 39 43 108 18 5 2 69 41 1 103 
AQUIIII!!104 82 73 18 34 108 15 16 29 20 10 17 110 80 19 43 
AQUIIII!!104 41 29 108 18 48 39 16 0 69 5 10 103 19 1 43 
AQUIIII!!103 2 0 5 48 43 41 19 71 101 10 3 39 69 1 104 
AQUIIII!!5 0 29 19 69 48 43 16 18 41 103 10 108 1 39 104 
AQUIIII!!41 103 19 29 1 39 10 18 43 0 5 16 69 48 108 104 
AQUIIII!!104 91 101 48 3 71 1 103 69 2 0 8 41 10 39 5 
AQUIIII!!104 3 1 5 2 48 71 103 91 41 8 39 0 69 9 101 
AQUIIII!!104 10 103 2 108 39 1 48 5 43 19 41 101 0 69 73 
AQUIIII!!5 1 2 101 39 48 91 9 103 8 41 71 3 0 69 104 
AQUIIII!!103 71 AQUIIII!!69 18 5 80 48 16 10 5 101 10 91 82 2 20 3 110 0 29 39 34 1 73 41 19 8 108 104 17 
43 104 
AQUIIII!!108 10 15 82 20 34 43 16 17 110 73 18 80 19 29 104 
AQUIIII!!104 108 10 69 29 0 43 48 5 19 103 39 1 2 41 18 
AQUIIII!!0 41 5 3 103 2 1 69 101 8 10 71 39 91 48 104 
AQUIIII!!20 80 10 5 29 19 110 18 108 34 16 43 17 73 82 104 
AQUIIII!!41 2 108 10 5 103 48 73 69 1 43 101 19 0 39 104 
AQUIIII!!110 5 19 82 20 18 80 73 10 17 108 34 29 16 43 104 
AQUIIII!!104 108 39 29 0 69 19 41 10 18 2 5 43 1 103 48 
AQUIIII!!18 10 43 19 69 108 110 20 34 16 41 103 39 5 29 104 
AQUIIII!!69 39 18 108 48 41 0 103 5 19 1 43 29 10 16 104 
AQUIIII!!104 48 43 41 10 5 108 39 29 2 19 0 69 103 1 18 
AQUIIII!!104 34 16 10 17 110 80 73 43 82 18 15 19 108 29 20 
AQUIIII!!29 15 19 18 34 43 17 16 10 110 80 82 20 108 73 104 
AQUIIII!!10 110 43 19 41 29 103 16 39 34 69 20 18 5 108 104 
AQUIIII!!29 110 108 39 20 41 69 16 5 34 43 103 18 10 19 104 
AQUIIII!!71 91 103 5 8 1 10 3 69 2 48 41 39 0 101 104 
AQUIIII!!43 29 2 10 19 18 48 69 108 39 1 5 103 0 41 104 
AQUIIII!!20 34 82 19 16 18 73 43 17 5 108 10 110 80 29 104 
Number of Cuts in the second phase:510
Number of repeat: 506 
Violation: 688.000000
Violation: 8.000000
Violation: 620.000000
Violation: 153.000000
took 6.618425
Optimize a model with 451 rows, 605 columns and 6038 nonzeros
Coefficient statistics:
  Matrix range     [1e+00, 2e+01]
  Objective range  [0e+00, 0e+00]
  Bounds range     [1e+00, 2e+01]
  RHS range        [1e+00, 8e+01]
Presolve removed 138 rows and 106 columns
Presolve time: 0.00s
Presolved: 313 rows, 499 columns, 5546 nonzeros

Iteration    Objective       Primal Inf.    Dual Inf.      Time
       0    0.0000000e+00   2.675000e+01   0.000000e+00      0s
     128    0.0000000e+00   0.000000e+00   0.000000e+00      0s

Solved in 128 iterations and 0.01 seconds
Optimal objective  0.000000000e+00
