j3017_4.mm_s3.txt
Academic license - for non-commercial use only
Read LP format model from file lp/j3017_4.mm.lp
Reading time = 0.00 seconds
: 351 rows, 906 columns, 9053 nonzeros
OKGPU
nThreads: 1024 , nBlocks: 12 
Number cuts generated in the phase 1: 8
Number of repeat: 2 
violation 750.000000
violation 500.000000
violation 404.000000
violation 71.000000
violation 380.000000
violation 800.000000
4992 16
AQUIIII!!48 19 8 20 25 22 46 44 12 32 43 23 18 6 17 28 
AQUIIII!!48 46 7 9 23 25 20 27 21 14 10 11 45 16 13 39 
AQUIIII!!10 7 19 25 43 27 44 20 AQUIIII!!11 27 23 23 17 46 43 22 32 18 AQUIIII!!25 32 AQUIIII!!43 13 48 25 32 AQUIIII!!22 46 20 19 22 20 
27 7 23 11 25 22 7 7 27 32 25 44 20 44 43 10 18 17 11 19 AQUIIII!!22 AQUIIII!!20 18 18 8 11 18 11 7 48 22 43 44 45 46 
19 46 32 23 19 17 19 25 13 10 7 27 27 10 44 18 10 10 46 23 44 11 44 48 17 25 32 20 
48 20 48 46 AQUIIII!!

43 7 23 46 16 7 23 9 27 28 AQUIIII!!21 19 32 46 13 17 12 7 23 32 48 23 48 10 11 

18 AQUIIII!!10 43 32 AQUIIII!!27 AQUIIII!!23 22 21 11 25 9 11 32 16 7 25 25 9 21 16 27 AQUIIII!!20 37 13 44 46 22 44 29 20 46 23 18 46 23 16 20 14 25 48 27 45 45 45 
23 20 44 21 12 10 9 25 27 10 39 14 48 13 19 15 16 
10 17 10 20 11 20 13 13 46 7 45 21 28 48 7 11 32 
48 9 7 
48 43 
44 48 
AQUIIII!!27 25 43 23 16 10 44 32 46 22 9 13 20 11 7 48 
AQUIIII!!25 12 6 17 23 8 46 20 43 32 44 18 28 19 22 48 
AQUIIII!!48 23 7 25 14 20 11 45 27 10 13 16 9 39 46 21 
AQUIIII!!23 20 9 44 19 43 25 7 11 22 32 13 46 AQUIIII!!27 28 10 AQUIIII!!32 48 22 46 
23 17 AQUIIII!!10 20 21 20 23 45 27 12 10 AQUIIII!!25 22 45 14 7 8 9 7 11 43 25 16 18 6 21 29 43 25 11 9 32 18 16 23 19 19 46 27 17 44 27 13 46 48 10 37 44 AQUIIII!!
23 15 48 16 AQUIIII!!20 20 
46 20 11 13 7 25 48 39 27 16 
14 AQUIIII!!9 13 7 AQUIIII!!11 11 7 48 48 23 45 32 
18 44 13 23 46 44 46 45 12 23 44 19 28 20 10 20 25 10 11 10 19 32 9 43 44 AQUIIII!!25 46 22 8 23 21 21 17 13 10 48 27 23 27 19 
48 22 32 9 
20 7 46 32 25 13 43 AQUIIII!!18 44 6 48 7 48 
18 20 
23 11 20 32 44 27 43 25 10 43 17 AQUIIII!!22 22 32 48 7 10 
25 20 27 46 19 25 32 23 11 44 46 43 
22 17 18 28 19 7 12 48 
AQUIIII!!23 20 18 44 22 6 32 12 8 AQUIIII!!46 23 28 22 25 20 19 46 17 32 43 44 43 48 9 
27 25 10 7 13 19 11 48 
AQUIIII!!48 8 44 18 46 19 22 7 32 28 12 43 20 23 25 17 
AQUIIII!!11 19 13 32 46 23 10 22 18 7 20 27 25 43 48 AQUIIII!!44 
20 23 27 25 22 18 19 32 17 44 43 11 7 10 46 48 
AQUIIII!!44 19 12 AQUIIII!!43 18 10 23 25 7 7 AQUIIII!!46 20 11 22 10 25 18 17 19 28 44 10 17 43 32 32 19 20 25 22 20 13 28 48 43 32 
27 46 23 23 7 12 22 48 9 
AQUIIII!!44 AQUIIII!!11 48 23 44 46 10 10 
19 7 25 43 46 20 22 19 17 32 28 46 20 23 12 22 18 25 44 18 7 43 13 32 27 48 48 

AQUIIII!!48 20 16 32 25 46 23 13 44 9 11 27 43 10 7 22 
AQUIIII!!48 22 19 12 43 6 46 44 28 23 25 8 AQUIIII!!20 48 18 46 32 23 17 43 
17 32 22 12 28 AQUIIII!!8 48 44 14 25 21 7 13 18 23 20 11 19 45 
39 10 46 20 9 27 16 25 7 
AQUIIII!!23 32 46 11 25 16 45 13 21 27 44 20 7 9 10 48 
AQUIIII!!44 AQUIIII!!46 43 43 28 12 32 32 25 28 7 23 22 25 44 22 12 6 20 17 19 18 10 8 18 20 17 19 23 48 48 
46 
AQUIIII!!20 22 43 19 44 7 25 18 12 28 17 23 10 32 46 48 
AQUIIII!!46 25 20 12 19 7 8 17 44 32 22 18 28 23 43 48 AQUIIII!!
44 25 23 18 28 19 43 22 7 12 20 8 32 17 46 48 
AQUIIII!!37 13 16 9 45 7 11 27 21 15 20 14 10 29 23 48 
AQUIIII!!22 20 19 7 32 23 12 17 46 43 28 25 18 10 44 48 
AQUIIII!!48 44 43 8 22 32 7 46 25 18 20 17 23 19 12 28 
AQUIIII!!48 39 7 13 16 10 25 20 14 9 27 45 21 11 46 23 
AQUIIII!!48 43 44 20 10 7 32 27 13 16 25 9 22 11 46 23 
AQUIIII!!48 13 21 20 7 11 10 14 25 16 27 45 23 39 46 9 
AQUIIII!!48 10 46 22 20 18 32 23 27 19 44 17 43 11 25 7 
AQUIIII!!19 43 25 22 20 23 46 AQUIIII!!7 7 32 9 18 22 13 27 44 32 11 11 27 13 10 23 48 25 
43 16 46 10 20 44 48 
AQUIIII!!13 22 10 AQUIIII!!9 25 20 27 46 20 43 44 27 13 32 18 44 10 11 11 25 43 AQUIIII!!7 23 48 32 7 13 19 16 46 22 48 10 23 
25 46 44 48 19 
32 23 43 11 27 22 7 20 9 
AQUIIII!!12 44 28 6 25 8 23 18 AQUIIII!!22 32 20 19 43 43 46 20 19 17 17 22 32 25 48 7 
46 8 28 12 23 AQUIIII!!44 48 18 44 10 48 25 
28 22 32 18 43 46 AQUIIII!!17 13 12 19 32 7 9 23 20 20 10 
45 7 46 44 11 25 27 21 23 16 48 
AQUIIII!!48 11 21 45 23 10 44 20 27 25 32 46 9 16 13 AQUIIII!!7 48 
19 46 7 10 18 11 23 32 44 25 43 27 22 13 20 
AQUIIII!!25 20 27 AQUIIII!!16 18 23 17 44 23 7 44 22 43 11 28 32 20 13 7 10 32 9 25 43 19 48 12 46 22 
46 10 48 
AQUIIII!!11 13 AQUIIII!!25 23 44 28 9 12 10 7 7 27 46 43 43 16 25 22 19 32 20 10 32 20 18 46 17 23 44 48 22 
48 
AQUIIII!!48 16 46 45 32 9 44 23 13 10 11 7 27 20 25 21 
AQUIIII!!11 17 43 20 32 19 10 46 7 25 44 22 18 27 23 48 
AQUIIII!!16 48 9 7 46 11 10 27 32 22 43 20 13 44 25 23 
AQUIIII!!13 20 7 9 22 44 AQUIIII!!11 48 32 46 43 10 27 7 16 19 9 46 22 23 27 10 13 25 44 48 43 
25 32 23 11 20 
AQUIIII!!46 43 48 28 23 17 25 19 7 12 20 18 22 8 32 44 
AQUIIII!!44 25 27 23 7 20 13 9 43 22 16 11 32 46 10 48 
AQUIIII!!48 20 43 9 44 13 32 10 22 27 11 7 23 16 25 46 
AQUIIII!!22 25 46 20 17 19 32 28 43 44 18 12 8 23 7 48 
AQUIIII!!48 44 17 43 46 19 20 25 28 12 18 23 32 8 22 6 
AQUIIII!!48 19 12 20 18 23 46 32 28 17 8 22 25 6 44 AQUIIII!!43 
48 46 12 43 7 25 28 22 8 19 17 44 18 23 20 32 
AQUIIII!!48 9 20 14 25 7 27 11 46 23 13 10 39 16 21 45 
AQUIIII!!46 48 11 25 20 13 43 23 7 9 27 44 32 10 22 19 
AQUIIII!!48 32 44 22 27 7 25 10 16 11 20 46 43 13 23 9 
AQUIIII!!15 48 29 27 45 21 23 10 20 11 37 16 7 14 9 13 
AQUIIII!!48 22 17 7 23 46 44 18 19 32 20 12 8 28 25 43 
AQUIIII!!48 17 46 25 18 12 28 8 32 23 44 20 19 22 6 43 
AQUIIII!!48 7 20 43 32 22 9 25 13 10 46 19 27 11 44 23 
AQUIIII!!48 23 18 19 32 27 43 44 25 11 13 22 10 46 20 7 
AQUIIII!!17 19 25 20 22 10 18 23 32 27 44 7 43 46 11 48 
AQUIIII!!48 23 29 10 13 20 9 21 11 37 14 27 16 7 15 45 
AQUIIII!!16 48 39 AQUIIII!!27 48 10 13 25 7 14 21 11 25 7 14 46 27 13 16 23 45 23 21 45 9 9 20 10 
11 20 46 39 
AQUIIII!!48 46 10 22 44 16 25 20 7 9 43 23 27 13 32 11 
AQUIIII!!48 18 23 32 43 8 46 28 44 17 19 20 22 12 25 6 
AQUIIII!!46 7 27 20 10 44 19 22 25 17 32 43 23 11 18 48 
AQUIIII!!48 15 13 23 27 14 20 9 21 29 7 11 45 16 37 10 
AQUIIII!!48 45 11 10 16 9 20 27 21 25 23 44 46 32 13 7 
AQUIIII!!48 44 22 43 23 6 18 32 28 8 12 46 19 20 17 25 
AQUIIII!!46 43 48 7 9 11 10 32 22 27 23 16 44 20 25 13 
AQUIIII!!48 27 9 25 23 14 16 AQUIIII!!7 48 10 11 20 10 19 20 27 13 13 45 22 21 18 46 23 39 46 
44 43 25 32 11 7 
AQUIIII!!48 25 10 19 22 9 27 46 13 23 43 32 7 44 20 11 
AQUIIII!!48 13 23 15 45 20 37 11 27 29 21 16 10 9 14 7 
AQUIIII!!48 29 7 11 10 20 21 9 23 14 27 15 13 16 45 37 
AQUIIII!!48 11 44 7 17 23 22 18 27 19 32 25 46 43 10 20 
Number of Cuts in the second phase:2841
Number of repeat: 2710 
Violation: 500.000000
Violation: 500.000000
Violation: 500.000000
Violation: 600.000000
Violation: 200.000000
Violation: 500.000000
Violation: 250.000000
Violation: 500.000000
Violation: 500.000000
Violation: 1000.000000
Violation: 1000.000000
Violation: 200.000000
Violation: 600.000000
Violation: 1200.000000
Violation: 200.000000
Violation: 600.000000
Violation: 1000.000000
Violation: 400.000000
Violation: 200.000000
Violation: 400.000000
Violation: 109.000000
Violation: 295.000000
Violation: 109.000000
Violation: 600.000000
Violation: 519.000000
Violation: 224.000000
Violation: 71.000000
Violation: 229.000000
Violation: 229.000000
Violation: 128.000000
Violation: 458.000000
Violation: 150.000000
Violation: 687.000000
Violation: 108.000000
Violation: 500.000000
Violation: 500.000000
Violation: 250.000000
Violation: 250.000000
Violation: 400.000000
Violation: 200.000000
Violation: 400.000000
Violation: 675.000000
Violation: 673.000000
Violation: 237.000000
Violation: 453.000000
Violation: 109.000000
Violation: 573.000000
Violation: 500.000000
Violation: 500.000000
Violation: 200.000000
Violation: 400.000000
Violation: 600.000000
Violation: 599.000000
Violation: 108.000000
Violation: 205.000000
Violation: 151.000000
Violation: 500.000000
Violation: 500.000000
Violation: 800.000000
Violation: 200.000000
Violation: 198.000000
Violation: 206.000000
Violation: 224.000000
Violation: 151.000000
Violation: 218.000000
Violation: 500.000000
Violation: 302.000000
Violation: 500.000000
Violation: 200.000000
Violation: 200.000000
Violation: 12.000000
Violation: 522.000000
Violation: 30.000000
Violation: 228.000000
Violation: 531.000000
Violation: 259.000000
Violation: 458.000000
Violation: 250.000000
Violation: 1000.000000
Violation: 600.000000
Violation: 1044.000000
Violation: 250.000000
Violation: 250.000000
Violation: 200.000000
Violation: 600.000000
Violation: 1198.000000
Violation: 458.000000
Violation: 151.000000
Violation: 456.000000
Violation: 500.000000
Violation: 151.000000
Violation: 1000.000000
Violation: 200.000000
Violation: 1200.000000
Violation: 83.000000
Violation: 709.000000
Violation: 109.000000
Violation: 531.000000
Violation: 264.000000
Violation: 250.000000
Violation: 700.000000
Violation: 414.000000
Violation: 500.000000
Violation: 71.000000
Violation: 1000.000000
Violation: 200.000000
Violation: 309.000000
Violation: 200.000000
Violation: 500.000000
Violation: 500.000000
Violation: 400.000000
Violation: 521.000000
Violation: 513.000000
Violation: 250.000000
Violation: 500.000000
Violation: 1200.000000
Violation: 600.000000
Violation: 500.000000
Violation: 422.000000
Violation: 500.000000
Violation: 1198.000000
Violation: 573.000000
Violation: 479.000000
Violation: 500.000000
Violation: 200.000000
Violation: 500.000000
Violation: 400.000000
Violation: 200.000000
Violation: 200.000000
Violation: 500.000000
Violation: 500.000000
took 2.311741
Optimize a model with 495 rows, 906 columns and 9596 nonzeros
Coefficient statistics:
  Matrix range     [1e+00, 4e+01]
  Objective range  [0e+00, 0e+00]
  Bounds range     [1e+00, 4e+01]
  RHS range        [1e+00, 1e+02]
Presolve removed 261 rows and 109 columns
Presolve time: 0.00s
Presolved: 234 rows, 797 columns, 8430 nonzeros

Iteration    Objective       Primal Inf.    Dual Inf.      Time
       0    0.0000000e+00   4.408044e+01   0.000000e+00      0s
     116    0.0000000e+00   0.000000e+00   0.000000e+00      0s

Solved in 116 iterations and 0.01 seconds
Optimal objective  0.000000000e+00
