j3017_4.mm_s7.txt
Academic license - for non-commercial use only
Read LP format model from file lp/j3017_4.mm.lp
Reading time = 0.00 seconds
: 351 rows, 906 columns, 9053 nonzeros
OKGPU
nThreads: 1024 , nBlocks: 12 
Number cuts generated in the phase 1: 10
Number of repeat: 1 
violation 661.000000
violation 8.000000
violation 795.000000
violation 210.000000
violation 483.000000
violation 435.000000
violation 581.000000
violation 645.000000
violation 8.000000
4992 16
17 46 37 48 47 21 16 14 22 
AQUIIII!!47 44 48 20 24 21 37 26 17 38 46 27 52 22 49 16 
AQUIIII!!46 8 14 9 44 6 22 32 29 33 47 23 21 17 5 41 
AQUIIII!!37 16 38 20 47 46 27 26 22 24 52 21 48 49 44 51 
AQUIIII!!32 21 29 44 41 8 22 33 47 6 27 9 17 46 14 48 
AQUIIII!!14 48 47 AQUIIII!!17 21 41 38 52 44 37 20 29 24 22 49 AQUIIII!!26 26 AQUIIII!!17 46 16 47 8 21 27 38 22 8 52 AQUIIII!!17 41 9 37 37 47 33 27 17 47 48 44 14 27 17 22 
5 26 8 52 4 49 26 37 21 48 46 21 44 20 
46 31 16 52 29 24 27 32 21 22 6 22 41 9 46 14 46 44 29 

48 9 44 
AQUIIII!!AQUIIII!!44 AQUIIII!!9 47 47 17 38 41 48 17 9 47 48 33 16 21 46 AQUIIII!!21 37 22 6 14 52 17 29 46 26 23 26 8 14 21 27 44 44 14 52 32 32 22 22 33 6 16 24 17 AQUIIII!!8 29 20 27 44 5 37 27 17 29 22 
41 20 44 47 46 
37 9 
38 41 24 21 AQUIIII!!16 48 29 22 14 47 46 46 27 52 
44 21 37 26 22 27 48 47 9 49 21 48 26 
16 14 52 17 AQUIIII!!41 52 21 46 
9 47 14 8 44 22 26 37 48 AQUIIII!!41 46 27 18 17 44 29 40 46 
49 34 20 16 26 52 22 AQUIIII!!48 46 51 47 37 22 24 AQUIIII!!16 44 47 37 26 
41 14 52 22 AQUIIII!!26 17 44 29 37 46 44 52 27 48 46 8 21 16 26 14 9 41 9 47 17 37 29 27 14 48 
41 21 21 29 27 22 
52 17 48 9 47 
AQUIIII!!44 47 46 16 29 48 52 41 37 27 26 17 21 22 9 14 
AQUIIII!!44 46 21 49 52 47 AQUIIII!!20 44 48 46 51 29 22 22 16 21 37 52 24 17 26 16 27 41 38 47 
9 14 26 27 48 37 
AQUIIII!!46 47 22 16 37 41 52 26 29 AQUIIII!!44 44 48 46 21 27 14 8 9 26 17 41 27 37 
14 21 29 22 52 17 48 9 47 
AQUIIII!!44 47 46 16 29 AQUIIII!!48 44 52 41 51 37 49 27 37 26 21 17 21 24 22 46 9 48 14 52 
27 26 16 20 22 38 47 
AQUIIII!!17 6 41 9 5 33 31 AQUIIII!!29 44 47 4 46 44 16 32 29 14 48 52 21 41 22 37 8 27 26 46 17 
21 22 9 14 
AQUIIII!!46 20 51 24 22 52 37 38 AQUIIII!!48 44 49 4 26 29 27 41 47 8 44 33 21 31 16 17 
AQUIIII!!6 14 46 9 9 46 26 32 17 5 14 22 29 21 52 
48 21 27 8 22 37 47 41 44 
AQUIIII!!46 20 51 24 22 52 37 38 48 49 26 27 47 44 21 16 
AQUIIII!!44 52 21 8 17 9 26 37 47 48 29 22 27 41 14 46 
AQUIIII!!44 AQUIIII!!16 20 41 16 47 18 48 24 17 48 14 34 26 22 22 49 52 27 40 44 29 52 9 AQUIIII!!37 26 44 21 51 46 47 46 16 
37 49 46 22 
26 AQUIIII!!48 3 47 24 8 37 34 52 33 AQUIIII!!20 17 24 27 22 14 17 38 4 38 14 20 21 9 26 
5 22 29 47 32 16 6 37 21 27 41 52 44 46 
21 48 17 44 
AQUIIII!!46 22 20 27 26 21 47 49 44 52 24 37 38 16 48 AQUIIII!!17 
44 AQUIIII!!46 46 16 26 49 24 22 38 26 52 48 37 47 48 24 44 37 49 52 17 20 27 27 47 AQUIIII!!17 21 46 38 AQUIIII!!22 21 47 44 16 
49 20 6 19 
34 18 33 22 9 51 4 16 3 48 8 24 21 40 22 26 32 37 5 20 29 34 17 52 
41 14 
AQUIIII!!46 47 49 19 18 22 51 16 48 24 40 26 37 20 34 52 
AQUIIII!!20 51 50 37 18 22 16 48 40 26 24 49 47 19 34 52 
AQUIIII!!22 21 47 38 20 48 37 27 16 49 51 26 46 52 AQUIIII!!24 14 44 48 
33 17 46 29 6 9 32 27 8 41 AQUIIII!!47 27 21 AQUIIII!!26 22 22 21 44 27 38 
14 47 17 44 46 29 20 52 16 21 37 37 49 41 48 47 22 17 52 24 9 44 48 
26 8 46 
AQUIIII!!22 27 14 44 29 52 21 37 41 47 17 9 48 26 8 46 
AQUIIII!!44 22 21 16 48 52 24 49 46 38 37 47 20 26 51 27 AQUIIII!!
46 32 9 31 8 33 5 21 6 14 17 41 44 29 4 22 
AQUIIII!!51 46 20 49 21 24 37 26 22 38 27 44 48 16 47 52 
AQUIIII!!41 22 33 9 29 47 8 14 AQUIIII!!17 AQUIIII!!4 21 26 17 32 17 41 5 52 32 6 49 8 23 21 5 44 37 22 AQUIIII!!46 16 9 22 
47 21 44 38 29 24 20 48 6 46 21 14 AQUIIII!!48 26 33 51 24 37 31 16 22 47 46 44 27 20 44 49 44 38 
22 
16 24 27 18 52 26 49 40 48 51 52 46 20 
47 37 34 46 
AQUIIII!!AQUIIII!!46 29 48 4 26 29 33 21 32 9 3 52 6 22 34 14 8 AQUIIII!!17 5 24 47 17 16 41 41 20 16 14 27 44 9 46 37 21 49 27 22 47 
44 26 
17 48 37 AQUIIII!!22 46 38 32 21 17 52 31 44 44 
AQUIIII!!41 29 22 48 29 27 14 46 6 17 4 32 21 41 5 6 8 47 9 33 AQUIIII!!33 9 44 
21 47 14 41 22 8 8 33 44 32 
22 17 46 6 27 9 14 48 29 21 
AQUIIII!!46 44 41 37 21 29 26 47 16 52 27 48 14 17 9 22 
AQUIIII!!8 46 47 37 44 27 9 52 22 AQUIIII!!41 44 26 47 14 41 17 21 8 48 33 29 32 
22 17 46 6 27 9 14 48 29 21 
AQUIIII!!8 46 47 37 44 27 9 52 22 41 26 14 17 21 48 29 
AQUIIII!!49 24 51 26 48 44 37 21 16 38 27 20 52 47 22 46 
AQUIIII!!44 26 52 37 21 46 AQUIIII!!48 46 38 17 51 9 16 48 24 14 22 22 47 21 49 27 20 6 27 32 
47 44 33 8 29 41 
AQUIIII!!AQUIIII!!46 44 24 17 4 27 3 17 47 38 33 29 37 48 6 52 34 44 8 20 32 49 5 16 14 22 9 26 41 21 22 
21 
AQUIIII!!46 5 32 22 8 9 6 29 47 14 41 17 33 21 44 23 
AQUIIII!!44 22 51 AQUIIII!!40 5 16 21 52 6 48 46 26 17 24 8 18 41 46 31 37 34 9 49 33 47 14 32 20 
4 AQUIIII!!29 44 22 37 44 
9 14 21 29 22 46 27 26 8 AQUIIII!!48 22 47 26 41 27 52 8 17 21 
14 17 52 37 29 46 9 48 47 41 44 
AQUIIII!!44 AQUIIII!!48 22 34 24 47 17 37 20 40 27 22 37 24 52 16 26 26 48 51 47 52 14 20 38 46 46 18 21 49 16 
44 
AQUIIII!!44 5 46 21 41 33 9 31 22 32 4 8 6 29 17 14 
AQUIIII!!49 48 51 19 24 16 37 50 34 47 40 20 52 22 26 18 
AQUIIII!!14 44 37 9 27 17 41 21 22 16 26 48 52 29 47 46 
AQUIIII!!22 44 48 41 32 8 6 14 17 47 21 33 29 9 27 46 
AQUIIII!!44 46 26 9 27 52 17 22 14 21 41 47 16 37 29 48 
AQUIIII!!46 52 27 47 20 38 16 AQUIIII!!22 17 46 21 47 48 24 24 18 14 26 44 44 26 20 37 49 
37 22 34 52 51 40 16 AQUIIII!!48 52 
9 37 48 41 27 47 21 14 22 29 8 44 17 AQUIIII!!26 AQUIIII!!46 46 48 49 
9 52 17 47 29 24 44 26 47 48 26 18 37 16 41 40 22 19 AQUIIII!!8 20 44 51 14 46 34 21 22 26 52 AQUIIII!!37 9 27 47 
27 46 AQUIIII!!46 52 
52 22 17 8 44 22 47 14 14 48 8 21 37 32 41 26 AQUIIII!!6 47 21 47 27 9 16 8 48 46 37 9 17 41 29 22 29 22 48 21 21 27 
52 9 17 26 33 14 29 29 41 44 44 
14 
27 AQUIIII!!41 27 37 48 48 17 16 17 38 46 20 
26 49 46 47 52 21 24 22 37 44 
AQUIIII!!46 20 49 51 38 52 24 22 47 37 16 48 44 26 21 27 
AQUIIII!!49 44 46 18 52 48 37 47 40 24 51 22 20 34 26 16 
AQUIIII!!47 37 41 48 29 52 44 9 8 27 17 14 26 21 22 46 
AQUIIII!!14 29 32 17 AQUIIII!!41 8 9 41 6 21 AQUIIII!!23 52 33 37 44 46 22 5 22 29 21 47 AQUIIII!!47 8 8 18 14 9 51 33 48 32 48 22 46 29 24 17 46 48 22 26 21 47 47 9 41 26 
27 17 20 27 44 52 14 
16 6 44 44 49 
34 40 37 46 
AQUIIII!!9 AQUIIII!!AQUIIII!!14 4 48 44 29 21 17 8 20 34 31 29 22 4 21 38 6 22 37 5 44 27 9 21 24 6 32 26 8 46 41 14 52 3 33 16 41 22 33 47 17 32 14 5 
AQUIIII!!17 46 22 44 20 

52 AQUIIII!!26 51 46 46 20 16 24 21 26 27 22 AQUIIII!!48 37 AQUIIII!!44 38 18 46 47 16 34 37 38 52 48 49 AQUIIII!!17 49 37 52 44 48 44 49 40 16 16 47 51 47 34 
21 19 34 40 14 40 26 20 46 24 16 48 26 47 48 52 27 
AQUIIII!!24 24 52 18 46 46 22 51 49 37 24 20 47 47 20 19 37 37 9 51 22 
48 
18 26 26 22 17 
22 29 AQUIIII!!14 37 27 14 8 17 44 47 41 9 41 52 AQUIIII!!29 37 21 52 48 
48 16 22 40 46 20 21 44 16 51 26 49 47 27 52 44 
24 34 22 18 26 46 
AQUIIII!!47 AQUIIII!!27 46 26 34 21 26 38 47 37 AQUIIII!!51 24 49 46 46 52 14 48 20 47 16 44 9 22 24 49 27 22 20 8 18 17 37 41 52 48 17 44 16 48 
40 22 
33 32 44 29 21 6 
AQUIIII!!49 16 51 27 52 44 22 21 48 24 37 47 26 38 20 46 
AQUIIII!!44 27 AQUIIII!!21 24 52 27 47 38 14 26 17 48 48 17 9 52 46 46 41 14 26 29 37 16 47 22 21 37 20 
22 16 44 
AQUIIII!!AQUIIII!!24 46 26 24 22 27 20 47 52 22 19 49 49 26 18 52 21 47 37 37 48 40 20 48 38 16 16 34 51 51 44 46 

AQUIIII!!46 44 41 37 21 AQUIIII!!29 44 26 33 47 41 16 14 52 4 27 8 48 17 14 6 17 5 9 22 22 32 
46 9 21 31 29 
AQUIIII!!46 AQUIIII!!6 48 AQUIIII!!14 52 46 41 26 5 37 22 33 44 47 29 52 44 32 8 47 24 14 9 27 9 8 38 48 22 49 47 44 17 22 17 20 21 41 37 23 17 21 46 29 16 
27 
21 26 AQUIIII!!
37 29 46 9 47 8 27 26 48 21 41 22 14 17 52 44 
AQUIIII!!46 23 29 22 41 8 33 21 14 9 6 32 44 17 5 47 
AQUIIII!!16 49 20 50 51 37 0 19 11 25 1 34 18 40 26 31 
AQUIIII!!26 22 52 44 49 24 47 37 17 21 16 27 48 20 38 46 
AQUIIII!!44 46 21 49 52 47 20 48 51 22 16 37 24 26 27 38 
AQUIIII!!44 18 40 48 47 46 24 34 51 52 49 22 16 37 26 20 
AQUIIII!!46 44 27 26 47 48 52 51 21 20 49 16 24 37 22 38 
AQUIIII!!17 48 37 21 27 47 14 41 9 52 16 22 29 26 44 46 
AQUIIII!!44 52 29 37 27 AQUIIII!!9 34 22 AQUIIII!!18 41 17 26 14 48 52 17 37 24 26 21 49 48 27 37 21 47 22 46 14 47 47 41 40 16 9 51 
52 20 AQUIIII!!16 48 46 22 16 48 44 29 37 46 26 16 
44 47 46 40 
22 51 24 52 44 20 26 34 18 49 
AQUIIII!!8 14 17 48 9 44 41 21 27 33 22 6 29 32 47 46 
AQUIIII!!52 49 22 40 24 47 16 AQUIIII!!34 34 51 0 48 22 20 37 26 52 18 26 46 48 37 20 44 31 
19 18 50 AQUIIII!!40 32 51 16 6 49 17 
41 8 46 22 27 21 9 14 29 47 48 33 44 
AQUIIII!!AQUIIII!!44 46 17 16 32 49 33 22 26 5 48 21 47 22 24 29 37 52 14 20 44 27 23 17 38 47 21 8 
9 41 6 46 
AQUIIII!!49 16 51 40 26 46 48 18 20 22 52 24 47 37 34 44 AQUIIII!!
22 27 24 38 26 44 14 52 37 20 21 47 16 48 17 46 
AQUIIII!!46 9 14 8 47 29 21 48 44 22 41 26 27 37 17 52 
AQUIIII!!44 46 17 27 21 26 52 14 41 48 47 22 37 16 9 29 
AQUIIII!!26 51 44 20 22 37 40 24 52 48 16 49 34 18 47 46 
AQUIIII!!29 41 9 22 48 52 37 44 27 17 14 21 8 47 26 46 
AQUIIII!!44 22 27 33 32 14 AQUIIII!!46 46 AQUIIII!!8 24 18 29 22 34 48 20 6 20 27 AQUIIII!!9 40 44 44 41 52 21 49 17 24 26 21 47 49 22 27 21 48 51 
16 47 37 52 38 48 26 17 46 22 16 47 38 37 16 24 52 49 46 
48 26 51 44 37 
47 20 
AQUIIII!!44 27 21 9 17 46 52 16 47 14 48 29 26 22 37 41 
AQUIIII!!44 52 46 47 16 AQUIIII!!27 48 26 44 22 47 37 41 20 9 48 17 38 27 17 21 14 6 21 33 24 8 
14 22 29 32 46 
AQUIIII!!29 27 14 46 6 22 21 9 47 33 48 41 8 32 17 44 
AQUIIII!!46 21 23 41 47 6 32 9 22 14 44 17 8 33 29 5 
AQUIIII!!17 6 29 21 44 33 9 27 22 48 14 32 8 AQUIIII!!41 46 47 9 46 47 
32 29 33 27 44 22 21 6 48 41 8 14 17 
AQUIIII!!44 21 46 48 38 47 27 22 49 26 51 16 20 52 37 24 
AQUIIII!!8 AQUIIII!!33 26 48 37 32 52 41 48 22 18 27 51 21 49 17 20 29 40 14 44 44 24 6 16 9 34 47 22 46 46 47 

AQUIIII!!46 48 41 32 22 21 17 9 29 33 6 47 27 44 14 8 
AQUIIII!!46 44 37 24 16 22 47 34 52 26 AQUIIII!!20 44 40 52 51 20 48 18 26 AQUIIII!!49 49 46 
46 48 17 17 26 37 27 21 47 27 52 38 44 48 21 47 16 24 37 22 14 16 AQUIIII!!24 
44 38 31 20 32 22 5 
4 17 46 6 8 29 41 33 22 21 9 14 
AQUIIII!!46 44 37 24 16 22 47 34 52 26 20 AQUIIII!!40 51 46 48 44 18 27 49 26 
47 48 52 51 21 20 49 16 24 37 22 38 
AQUIIII!!46 44 27 26 47 48 52 51 21 20 49 16 24 37 22 38 
AQUIIII!!21 24 26 17 46 27 37 20 47 38 48 22 14 16 52 44 
AQUIIII!!46 48 44 24 40 34 22 47 49 51 16 37 52 20 26 18 
AQUIIII!!16 22 21 48 29 37 9 52 44 26 14 47 41 17 27 46 
AQUIIII!!21 22 8 6 32 9 17 41 44 33 29 14 27 48 47 46 
AQUIIII!!46 21 17 47 24 14 16 52 38 20 48 27 22 26 37 44 
AQUIIII!!44 AQUIIII!!17 4 41 31 31 22 9 32 22 33 5 6 6 46 33 8 5 14 14 21 8 32 41 44 9 29 21 4 29 46 
17 
AQUIIII!!44 27 46 16 24 20 26 47 38 22 17 49 52 37 21 48 
AQUIIII!!46 44 AQUIIII!!47 27 22 21 52 14 20 29 24 8 48 27 44 37 49 22 16 9 38 17 37 48 51 26 41 21 26 47 52 46 

AQUIIII!!47 46 21 14 6 9 29 8 41 44 32 23 22 5 17 33 
AQUIIII!!46 44 47 21 14 29 8 27 37 22 9 17 48 41 26 52 
AQUIIII!!5 21 17 8 32 4 22 29 9 14 6 33 41 31 44 46 
AQUIIII!!5 21 17 8 32 4 22 29 9 14 6 AQUIIII!!33 46 41 29 31 33 44 21 46 44 
17 14 9 5 31 22 4 41 6 32 8 
AQUIIII!!27 37 9 21 48 52 47 29 41 17 16 26 14 44 22 46 
AQUIIII!!44 22 27 47 8 46 32 41 33 17 6 9 29 48 14 21 
AQUIIII!!9 21 8 6 44 14 41 32 17 27 47 48 29 33 22 46 
AQUIIII!!47 46 22 49 27 20 17 37 44 48 52 38 24 21 16 26 
AQUIIII!!6 29 44 9 14 41 33 22 47 5 23 17 21 32 8 46 
AQUIIII!!6 AQUIIII!!29 44 44 22 9 6 14 4 41 8 33 33 22 17 47 29 5 5 23 14 17 9 21 32 32 41 8 21 46 34 
3 
AQUIIII!!44 5 33 9 6 4 34 14 22 AQUIIII!!32 14 17 21 8 41 41 5 29 46 21 22 3 32 
6 47 33 29 17 8 9 23 44 
AQUIIII!!44 24 52 34 20 47 22 40 49 51 46 18 16 26 48 37 
AQUIIII!!8 44 21 26 52 47 17 29 27 37 48 14 22 41 9 46 
AQUIIII!!48 24 37 26 20 47 17 AQUIIII!!22 44 52 9 16 47 46 21 48 49 14 44 41 46 16 38 21 22 27 52 
27 37 17 26 29 
AQUIIII!!46 16 44 24 26 40 37 49 47 34 48 18 22 52 20 51 
AQUIIII!!44 14 22 17 52 16 46 21 9 37 27 48 29 41 26 47 
AQUIIII!!46 9 26 17 14 29 52 48 21 27 8 22 37 47 41 44 
AQUIIII!!46 17 44 9 41 4 21 29 22 33 8 32 31 14 6 5 
AQUIIII!!46 34 20 47 26 49 18 48 19 37 51 16 52 24 40 22 
AQUIIII!!49 16 51 40 26 46 48 18 20 22 52 24 47 37 34 44 
AQUIIII!!51 20 44 24 21 46 47 52 37 48 27 38 16 26 49 22 
AQUIIII!!46 41 14 48 17 9 47 21 8 27 29 52 44 37 22 26 
AQUIIII!!29 22 14 47 21 32 17 46 41 33 27 8 6 9 48 44 
AQUIIII!!47 48 27 52 21 AQUIIII!!49 44 38 9 16 14 26 29 24 26 20 47 AQUIIII!!46 27 37 37 52 21 22 8 17 22 20 37 44 52 46 
38 21 26 17 27 48 41 22 
48 16 14 47 17 24 44 46 
AQUIIII!!8 4 AQUIIII!!6 5 37 41 21 44 20 21 52 32 33 38 29 26 31 27 22 22 9 14 48 17 16 46 14 
47 17 24 44 46 
AQUIIII!!44 AQUIIII!!41 34 21 9 47 32 24 4 37 8 49 31 17 19 AQUIIII!!14 22 48 46 16 46 22 20 29 20 5 52 21 6 51 47 33 18 
26 48 49 26 27 40 38 46 51 
52 16 37 22 44 24 
AQUIIII!!47 46 48 26 21 52 22 37 16 44 27 17 20 14 38 24 
AQUIIII!!40 48 34 52 46 37 16 47 49 22 51 18 24 20 26 44 
AQUIIII!!29 17 5 32 6 21 41 44 4 31 14 9 22 33 8 46 
AQUIIII!!49 27 38 26 17 47 44 22 52 21 24 48 37 16 20 46 
AQUIIII!!23 22 29 8 21 47 6 14 9 17 5 46 41 33 32 44 
AQUIIII!!48 14 52 9 22 41 47 21 29 46 26 17 37 8 27 44 
AQUIIII!!17 4 21 5 9 31 29 8 14 33 6 32 41 46 22 44 
AQUIIII!!44 33 21 27 14 46 41 22 48 17 32 47 6 8 9 29 
AQUIIII!!8 32 14 41 22 33 44 5 29 17 21 23 47 6 9 46 
Number of Cuts in the second phase:1858
Number of repeat: 1559 
Violation: 486.000000
Violation: 551.000000
Violation: 202.000000
Violation: 435.000000
Violation: 330.000000
Violation: 914.000000
Violation: 1102.000000
Violation: 396.000000
Violation: 740.000000
Violation: 1202.000000
Violation: 1194.000000
Violation: 1180.000000
Violation: 102.000000
Violation: 601.000000
Violation: 194.000000
Violation: 593.000000
Violation: 870.000000
Violation: 1304.000000
Violation: 396.000000
Violation: 142.000000
Violation: 371.000000
Violation: 420.000000
Violation: 420.000000
Violation: 212.000000
Violation: 1259.000000
Violation: 66.000000
Violation: 380.000000
Violation: 243.000000
Violation: 293.000000
Violation: 185.000000
Violation: 130.000000
Violation: 22.000000
Violation: 220.000000
Violation: 202.000000
Violation: 321.000000
Violation: 1152.000000
Violation: 1093.000000
Violation: 393.000000
Violation: 1102.000000
Violation: 601.000000
Violation: 626.000000
Violation: 599.000000
Violation: 108.000000
Violation: 284.000000
Violation: 110.000000
Violation: 347.000000
Violation: 719.000000
Violation: 577.000000
Violation: 174.000000
Violation: 839.000000
Violation: 432.000000
Violation: 1614.000000
Violation: 210.000000
Violation: 191.000000
Violation: 322.000000
Violation: 336.000000
Violation: 586.000000
Violation: 102.000000
Violation: 420.000000
Violation: 304.000000
Violation: 384.000000
Violation: 653.000000
Violation: 269.000000
Violation: 1194.000000
Violation: 759.000000
Violation: 1178.000000
Violation: 1358.000000
Violation: 374.000000
Violation: 565.000000
Violation: 177.000000
Violation: 515.000000
Violation: 312.000000
Violation: 736.000000
Violation: 644.000000
Violation: 1202.000000
Violation: 267.000000
Violation: 493.000000
Violation: 372.000000
Violation: 982.000000
Violation: 158.000000
Violation: 492.000000
Violation: 653.000000
Violation: 926.000000
Violation: 952.000000
Violation: 183.000000
Violation: 319.000000
Violation: 90.000000
Violation: 75.000000
Violation: 205.000000
Violation: 1220.000000
Violation: 109.000000
Violation: 290.000000
Violation: 715.000000
Violation: 573.000000
Violation: 256.000000
Violation: 305.000000
Violation: 747.000000
Violation: 101.000000
Violation: 8.000000
Violation: 943.000000
Violation: 614.000000
Violation: 404.000000
Violation: 284.000000
Violation: 551.000000
Violation: 463.000000
Violation: 35.000000
Violation: 531.000000
Violation: 388.000000
Violation: 527.000000
Violation: 166.000000
Violation: 186.000000
Violation: 465.000000
Violation: 202.000000
Violation: 855.000000
Violation: 182.000000
Violation: 677.000000
Violation: 551.000000
Violation: 515.000000
Violation: 359.000000
Violation: 271.000000
Violation: 548.000000
Violation: 370.000000
Violation: 498.000000
Violation: 220.000000
Violation: 218.000000
Violation: 346.000000
Violation: 285.000000
Violation: 568.000000
Violation: 577.000000
Violation: 65.000000
Violation: 75.000000
Violation: 486.000000
Violation: 493.000000
Violation: 477.000000
Violation: 200.000000
Violation: 73.000000
Violation: 652.000000
Violation: 93.000000
Violation: 234.000000
Violation: 390.000000
Violation: 679.000000
Violation: 142.000000
Violation: 762.000000
Violation: 83.000000
Violation: 15.000000
Violation: 8.000000
Violation: 560.000000
Violation: 494.000000
Violation: 32.000000
Violation: 1191.000000
Violation: 489.000000
Violation: 374.000000
Violation: 360.000000
Violation: 911.000000
Violation: 180.000000
Violation: 527.000000
Violation: 6.000000
Violation: 272.000000
Violation: 556.000000
Violation: 143.000000
Violation: 397.000000
Violation: 151.000000
Violation: 2.000000
Violation: 7.000000
Violation: 348.000000
Violation: 803.000000
Violation: 630.000000
Violation: 585.000000
Violation: 352.000000
Violation: 1110.000000
Violation: 452.000000
Violation: 35.000000
Violation: 842.000000
Violation: 172.000000
Violation: 80.000000
Violation: 192.000000
Violation: 1008.000000
Violation: 61.000000
Violation: 303.000000
Violation: 194.000000
Violation: 345.000000
Violation: 358.000000
Violation: 278.000000
Violation: 177.000000
Violation: 167.000000
Violation: 596.000000
Violation: 1127.000000
Violation: 349.000000
Violation: 678.000000
Violation: 711.000000
Violation: 87.000000
Violation: 132.000000
Violation: 265.000000
Violation: 599.000000
Violation: 504.000000
Violation: 201.000000
Violation: 457.000000
Violation: 433.000000
Violation: 767.000000
Violation: 60.000000
Violation: 536.000000
Violation: 512.000000
Violation: 98.000000
Violation: 101.000000
Violation: 485.000000
Violation: 405.000000
Violation: 1478.000000
Violation: 4.000000
Violation: 90.000000
Violation: 1588.000000
Violation: 426.000000
Violation: 335.000000
Violation: 102.000000
Violation: 110.000000
Violation: 477.000000
Violation: 981.000000
Violation: 141.000000
Violation: 89.000000
Violation: 430.000000
Violation: 23.000000
Violation: 945.000000
Violation: 174.000000
Violation: 1052.000000
Violation: 1202.000000
Violation: 264.000000
Violation: 398.000000
Violation: 206.000000
Violation: 186.000000
Violation: 846.000000
Violation: 517.000000
Violation: 100.000000
Violation: 485.000000
Violation: 229.000000
Violation: 328.000000
Violation: 989.000000
Violation: 1002.000000
Violation: 1303.000000
Violation: 725.000000
Violation: 1090.000000
Violation: 328.000000
Violation: 771.000000
Violation: 628.000000
Violation: 176.000000
Violation: 588.000000
Violation: 531.000000
Violation: 1304.000000
Violation: 13.000000
Violation: 807.000000
Violation: 1070.000000
Violation: 194.000000
Violation: 291.000000
Violation: 90.000000
Violation: 212.000000
Violation: 728.000000
Violation: 237.000000
Violation: 288.000000
Violation: 265.000000
Violation: 600.000000
Violation: 589.000000
Violation: 295.000000
Violation: 348.000000
Violation: 420.000000
Violation: 988.000000
Violation: 185.000000
Violation: 775.000000
Violation: 90.000000
Violation: 611.000000
Violation: 303.000000
Violation: 1199.000000
Violation: 56.000000
Violation: 489.000000
Violation: 53.000000
Violation: 538.000000
Violation: 504.000000
Violation: 813.000000
Violation: 319.000000
Violation: 95.000000
Violation: 775.000000
Violation: 455.000000
Violation: 693.000000
Violation: 115.000000
Violation: 324.000000
Violation: 470.000000
Violation: 539.000000
Violation: 494.000000
Violation: 446.000000
Violation: 141.000000
Violation: 999.000000
Violation: 210.000000
Violation: 182.000000
Violation: 1522.000000
Violation: 720.000000
Violation: 255.000000
Violation: 498.000000
Violation: 803.000000
Violation: 104.000000
Violation: 226.000000
Violation: 352.000000
Violation: 532.000000
took 2.364521
Optimize a model with 666 rows, 906 columns and 11185 nonzeros
Coefficient statistics:
  Matrix range     [1e+00, 4e+01]
  Objective range  [0e+00, 0e+00]
  Bounds range     [1e+00, 4e+01]
  RHS range        [1e+00, 1e+02]
Presolve removed 283 rows and 108 columns
Presolve time: 0.00s
Presolved: 383 rows, 798 columns, 9417 nonzeros

Iteration    Objective       Primal Inf.    Dual Inf.      Time
       0    0.0000000e+00   4.508044e+01   0.000000e+00      0s
     120    0.0000000e+00   0.000000e+00   0.000000e+00      0s

Solved in 120 iterations and 0.01 seconds
Optimal objective  0.000000000e+00
