j3017_4.mm_s0.txt
Academic license - for non-commercial use only
Read LP format model from file lp/j3017_4.mm.lp
Reading time = 0.01 seconds
: 351 rows, 906 columns, 9053 nonzeros
OKGPU
nThreads: 1024 , nBlocks: 12 
Number cuts generated in the phase 1: 13
Number of repeat: 0 
violation 714.000000
violation 695.000000
violation 185.000000
violation 585.000000
violation 236.000000
violation 674.000000
violation 674.000000
violation 782.000000
violation 423.000000
violation 27.000000
violation 198.000000
violation 402.000000
violation 750.000000
4992 16
AQUIIII!!54 34 19 22 6 23 51 50 20 8 44 36 41 3 7 18 
AQUIIII!!54 8 51 49 34 29 33 7 23 6 18 31 36 19 48 3 
AQUIIII!!49 54 33 10 16 17 43 51 7 6 48 26 23 3 31 36 
AQUIIII!!44 50 36 8 41 7 34 19 57 23 22 18 58 20 52 53 
AQUIIII!!18 17 6 AQUIIII!!8 36 3 44 36 23 29 34 34 51 23 18 7 3 51 20 31 41 AQUIIII!!26 50 49 54 19 19 48 22 34 49 54 36 
7 33 8 23 6 18 
6 3 8 7 31 29 51 48 54 AQUIIII!!
33 36 16 51 AQUIIII!!7 10 49 23 6 33 AQUIIII!!31 51 17 26 26 3 23 36 6 10 5 36 43 AQUIIII!!43 18 3 16 16 34 17 17 23 23 AQUIIII!!54 54 29 17 23 48 31 51 31 17 
9 7 5 31 48 3 33 48 49 49 10 43 26 48 43 10 8 
49 3 51 3 7 AQUIIII!!54 26 36 
34 31 26 36 36 16 17 9 51 43 54 6 26 33 48 49 
54 16 49 8 
51 3 7 AQUIIII!!48 33 23 6 6 31 31 AQUIIII!!49 54 26 7 
10 48 49 8 31 18 51 36 36 34 9 23 33 29 17 3 6 AQUIIII!!19 16 34 51 43 51 54 48 6 
3 7 23 49 AQUIIII!!54 23 8 
16 3 3 19 31 49 36 33 17 37 8 18 43 7 48 20 26 23 54 34 
29 51 6 36 54 
AQUIIII!!7 19 49 3 34 23 20 51 33 36 37 8 29 6 18 54 
AQUIIII!!15 34 55 4 1 56 37 2 33 38 5 27 47 25 21 59 
AQUIIII!!51 49 AQUIIII!!3 44 8 52 29 18 AQUIIII!!36 41 50 23 AQUIIII!!6 18 31 10 7 8 34 3 23 6 17 16 36 7 18 23 3 41 AQUIIII!!7 49 19 33 23 26 8 17 9 36 22 6 5 43 20 3 48 36 26 50 22 54 51 34 9 19 16 
54 36 31 52 
43 17 34 3 48 44 48 51 20 6 33 54 49 31 
10 54 23 
26 54 AQUIIII!!
3 44 6 50 7 8 18 34 51 AQUIIII!!23 33 20 48 36 49 19 AQUIIII!!43 41 31 23 16 22 16 26 54 36 51 26 
23 5 48 3 43 10 6 9 17 17 7 51 3 31 49 54 10 
33 36 54 
AQUIIII!!23 18 50 19 22 36 44 34 20 58 7 41 57 52 53 8 
AQUIIII!!48 37 16 43 5 10 51 AQUIIII!!23 38 17 47 26 15 9 14 36 1 33 27 4 33 54 37 49 AQUIIII!!13 
17 34 29 55 8 25 49 56 26 12 AQUIIII!!3 21 51 43 59 31 16 
23 23 36 31 34 17 48 6 7 48 33 6 51 18 AQUIIII!!3 54 8 7 
51 10 26 49 34 26 6 36 49 54 36 
7 17 3 43 48 AQUIIII!!31 51 16 17 23 8 54 29 
48 AQUIIII!!31 54 23 3 36 33 6 10 3 43 34 31 18 9 49 6 7 23 26 51 54 26 
49 36 48 16 17 
AQUIIII!!54 8 19 33 3 34 29 51 49 6 37 7 20 23 36 18 
AQUIIII!!54 43 26 3 16 17 7 6 51 48 31 49 33 23 36 10 
AQUIIII!!34 7 41 44 23 19 20 57 58 AQUIIII!!36 23 18 27 50 55 22 35 52 34 8 56 53 1 
4 9 37 2 5 33 47 21 59 
AQUIIII!!51 36 23 33 6 37 29 18 49 34 8 20 19 AQUIIII!!3 29 7 6 54 8 
49 7 48 23 31 18 36 51 17 AQUIIII!!34 31 AQUIIII!!3 43 18 26 9 50 AQUIIII!!54 3 52 6 
17 22 48 36 8 33 AQUIIII!!49 7 49 17 6 36 48 3 26 20 49 7 16 19 23 23 23 33 16 6 16 51 33 3 43 10 AQUIIII!!23 44 36 43 51 10 34 51 37 8 41 48 10 36 3 54 26 54 51 33 
31 9 
36 17 5 49 54 4 29 
7 26 18 54 6 
48 31 19 34 23 54 
AQUIIII!!54 17 26 31 6 29 36 7 3 8 48 18 23 51 49 34 
AQUIIII!!17 3 26 36 43 7 31 6 33 51 AQUIIII!!48 19 16 50 10 8 23 20 49 44 AQUIIII!!54 3 34 
23 49 22 37 AQUIIII!!34 20 49 7 19 6 41 18 33 18 51 AQUIIII!!29 36 7 33 23 6 8 51 3 54 23 26 20 51 36 9 8 
29 AQUIIII!!43 19 6 36 16 34 3 16 51 36 33 48 5 51 54 37 37 18 
5 23 AQUIIII!!7 17 36 51 37 4 23 3 54 43 7 49 AQUIIII!!
8 10 10 41 29 26 4 3 18 33 54 23 23 49 
20 37 17 19 19 48 6 34 9 50 20 54 8 33 
36 49 18 36 22 6 44 54 34 
52 7 54 
AQUIIII!!54 31 8 16 48 36 AQUIIII!!34 6 54 51 7 43 31 3 48 19 17 26 6 23 7 3 49 29 51 
36 49 23 18 8 34 33 
AQUIIII!!54 7 49 AQUIIII!!51 54 36 26 29 33 6 17 18 36 3 16 23 5 8 9 19 4 37 51 20 10 33 48 34 49 
43 23 37 
AQUIIII!!54 51 31 48 19 6 7 3 29 36 49 23 18 8 34 33 
AQUIIII!!7 23 6 18 44 20 52 41 22 36 34 AQUIIII!!19 36 50 43 8 31 3 49 54 23 
17 9 51 16 26 10 5 33 AQUIIII!!3 16 54 5 48 10 
48 23 43 51 31 49 33 26 9 36 3 17 54 
AQUIIII!!54 51 23 50 7 36 34 18 6 8 22 20 19 3 41 44 
AQUIIII!!49 34 51 23 33 31 19 3 48 29 36 AQUIIII!!18 36 6 23 8 18 7 41 54 50 
34 20 19 3 6 22 8 44 53 52 7 
AQUIIII!!23 6 AQUIIII!!51 36 37 7 18 50 49 23 7 19 8 22 3 20 3 20 34 36 51 19 6 34 18 29 44 33 8 54 41 
54 
AQUIIII!!AQUIIII!!5 16 3 31 48 17 23 33 6 17 48 33 10 16 23 36 9 AQUIIII!!43 26 54 10 43 17 31 AQUIIII!!51 10 9 49 49 31 51 34 33 3 49 51 26 36 26 23 23 54 33 54 16 31 

19 49 3 6 48 3 29 51 36 7 18 43 6 48 8 36 7 
54 
AQUIIII!!54 51 34 19 6 49 33 36 23 18 7 29 31 48 8 3 
AQUIIII!!34 43 16 7 6 36 31 23 26 17 3 8 48 51 49 54 
AQUIIII!!26 23 16 43 6 33 31 49 36 3 AQUIIII!!51 34 48 33 17 8 10 49 7 29 54 19 
7 6 31 18 3 51 36 23 48 54 
AQUIIII!!54 23 22 20 41 3 34 52 44 36 19 50 6 18 7 8 
AQUIIII!!43 26 17 3 23 36 10 7 31 49 48 6 16 33 54 51 
AQUIIII!!43 6 36 8 3 48 31 51 23 AQUIIII!!26 36 34 37 7 23 16 19 49 8 17 29 54 49 
6 20 34 3 33 7 18 51 54 
AQUIIII!!56 47 2 15 4 27 1 34 25 38 14 55 37 33 21 59 
AQUIIII!!51 49 34 6 48 7 29 31 8 23 18 3 17 36 26 54 
AQUIIII!!54 29 34 31 51 36 48 19 8 6 18 33 23 7 AQUIIII!!49 54 3 34 
29 48 7 3 8 31 26 18 49 17 23 51 36 6 
AQUIIII!!54 4 33 48 9 17 43 26 5 10 51 36 23 16 49 37 
AQUIIII!!AQUIIII!!52 53 53 20 20 52 22 18 11 19 58 44 34 57 32 22 36 36 0 41 50 8 33 7 50 38 58 13 34 57 23 12 

AQUIIII!!48 9 36 3 31 16 17 43 10 51 33 5 23 26 54 49 
AQUIIII!!AQUIIII!!54 54 26 49 31 33 29 48 51 19 23 6 6 8 36 31 34 7 18 17 3 8 29 48 23 34 AQUIIII!!7 18 36 54 49 43 51 3 
6 
51 3 36 31 7 23 26 34 17 8 16 48 49 
AQUIIII!!51 54 9 49 3 33 31 AQUIIII!!10 54 17 49 43 33 16 48 36 19 6 6 23 8 26 31 48 34 
18 3 29 23 7 36 51 
AQUIIII!!36 19 20 AQUIIII!!8 54 18 51 3 AQUIIII!!44 51 12 19 33 7 36 29 50 32 7 18 11 34 34 AQUIIII!!49 50 20 7 23 23 38 20 6 3 19 22 37 6 36 44 22 54 18 36 57 
50 41 0 19 8 34 
3 33 44 53 6 23 58 51 20 41 52 34 
8 54 
AQUIIII!!54 50 19 36 34 18 22 23 AQUIIII!!3 54 52 34 6 31 41 51 20 6 AQUIIII!!44 49 54 8 18 6 7 48 
31 26 17 3 48 29 3 17 51 8 10 36 23 23 16 7 36 
33 7 49 43 26 
AQUIIII!!54 51 44 19 7 50 18 34 20 23 3 6 AQUIIII!!22 26 36 49 41 8 34 
AQUIIII!!31 51 29 8 36 7 3 3 48 49 23 6 8 48 7 31 17 23 18 19 6 33 51 18 54 36 
34 29 54 
AQUIIII!!20 51 36 18 3 19 34 6 33 8 49 AQUIIII!!AQUIIII!!54 7 48 6 23 3 23 49 37 18 36 29 16 19 54 7 41 
34 8 31 7 6 36 8 22 54 43 3 17 52 51 44 23 50 26 
20 34 
AQUIIII!!54 33 49 3 34 36 20 51 23 19 29 6 37 18 8 7 
AQUIIII!!54 26 33 16 51 49 23 36 10 43 9 37 17 5 4 48 
AQUIIII!!54 6 23 36 26 31 17 33 49 9 43 10 16 51 3 48 
AQUIIII!!6 22 44 34 AQUIIII!!3 54 3 41 23 19 31 18 8 8 6 36 48 20 36 23 16 7 51 52 26 50 34 54 49 7 
43 17 
AQUIIII!!54 8 34 18 22 19 3 20 50 41 6 7 36 52 23 44 
AQUIIII!!20 52 53 19 18 8 6 50 22 7 41 44 34 3 36 23 
AQUIIII!!54 36 19 18 6 AQUIIII!!3 54 33 6 20 7 23 49 8 29 7 23 37 51 3 34 8 29 48 49 51 
26 36 17 31 18 34 AQUIIII!!
54 7 34 51 8 48 49 26 AQUIIII!!18 54 6 49 29 36 17 16 36 6 23 9 31 31 48 3 43 
17 26 33 3 23 51 10 
AQUIIII!!21 59 5 2 37 33 4 1 38 56 15 34 AQUIIII!!25 54 55 49 27 36 47 16 
6 9 31 48 43 17 26 33 3 AQUIIII!!23 51 51 10 54 
10 17 43 33 49 16 48 23 9 5 31 26 3 36 
AQUIIII!!58 20 53 22 36 34 19 52 57 8 23 41 7 50 18 44 
AQUIIII!!26 8 6 7 31 3 48 49 AQUIIII!!51 54 29 48 37 23 43 18 10 34 26 17 9 36 4 54 AQUIIII!!36 
16 54 33 16 51 33 5 5 49 17 17 23 23 51 
31 43 26 3 49 9 48 36 10 
AQUIIII!!54 16 36 31 17 10 3 49 48 51 26 43 33 23 AQUIIII!!6 54 9 48 
37 43 10 26 9 4 36 16 33 51 5 49 17 23 
AQUIIII!!54 20 44 18 50 22 AQUIIII!!34 54 36 23 7 6 19 18 41 36 3 44 6 AQUIIII!!34 8 54 51 23 26 20 51 43 50 
49 19 36 7 51 22 9 8 10 3 37 41 33 
48 16 23 4 5 17 
AQUIIII!!54 51 34 19 6 49 33 36 23 18 7 29 31 48 8 3 
AQUIIII!!52 53 20 50 18 36 19 41 57 11 34 38 22 44 58 8 
AQUIIII!!54 23 49 20 19 37 51 18 8 7 29 36 6 34 3 33 
AQUIIII!!54 41 19 52 7 50 8 18 34 23 22 36 6 44 20 3 
AQUIIII!!59 21 34 25 2 33 56 27 13 38 14 1 47 15 37 55 
AQUIIII!!54 3 36 48 43 16 49 7 31 8 17 6 26 34 51 23 
AQUIIII!!54 8 29 3 49 7 23 6 18 36 48 31 26 51 34 17 
AQUIIII!!54 7 51 3 29 33 23 37 6 18 36 20 34 49 19 8 
AQUIIII!!54 26 34 6 31 18 17 36 48 51 49 23 8 3 7 29 
AQUIIII!!54 18 6 8 41 52 3 23 7 19 34 20 36 50 22 44 
AQUIIII!!54 6 48 49 31 9 51 10 43 17 36 33 16 26 3 AQUIIII!!23 48 
54 6 9 17 26 3 36 51 49 31 16 23 33 10 43 
AQUIIII!!AQUIIII!!54 54 51 3 36 20 6 44 34 41 49 36 23 50 17 18 7 51 31 8 8 3 6 26 23 29 7 48 19 18 22 
34 
AQUIIII!!54 18 20 49 3 29 19 7 23 34 6 33 8 51 36 37 
AQUIIII!!51 54 36 23 22 20 7 6 8 50 18 19 44 3 34 41 
AQUIIII!!54 51 36 6 34 49 23 17 7 31 8 3 26 29 48 18 
AQUIIII!!54 3 7 31 48 10 43 6 36 16 49 AQUIIII!!23 3 51 23 26 6 33 31 17 8 
36 17 43 7 51 16 49 34 48 26 54 
AQUIIII!!54 49 9 43 36 5 16 17 26 23 10 33 4 AQUIIII!!48 54 37 26 51 23 
6 10 33 9 17 48 43 3 31 51 49 36 16 
AQUIIII!!54 49 9 43 36 5 16 17 26 23 10 33 4 48 37 51 
AQUIIII!!54 36 26 9 31 3 33 16 23 51 49 10 48 17 43 AQUIIII!!5 48 
1 33 37 5 59 10 16 9 27 17 43 2 26 23 4 
AQUIIII!!21 59 33 15 4 38 55 56 37 47 27 25 34 2 14 1 
AQUIIII!!54 48 49 36 17 31 23 26 3 10 33 16 9 43 5 51 
AQUIIII!!54 48 49 36 17 31 23 AQUIIII!!26 49 3 54 10 34 33 8 16 18 9 6 43 51 5 23 51 7 
3 33 36 19 29 37 20 
AQUIIII!!59 21 14 34 25 33 55 37 13 1 27 47 12 56 15 38 
AQUIIII!!54 48 49 36 17 31 23 26 3 10 33 16 9 43 5 51 
AQUIIII!!54 26 5 31 17 23 36 51 10 3 16 49 43 48 33 9 
AQUIIII!!54 7 31 17 43 48 10 51 16 49 6 3 26 33 23 36 
AQUIIII!!52 54 6 3 34 7 23 19 44 36 8 22 20 50 41 18 
Number of Cuts in the second phase:3616
Number of repeat: 3265 
Violation: 92.000000
Violation: 390.000000
Violation: 399.000000
Violation: 528.000000
Violation: 293.000000
Violation: 76.000000
Violation: 348.000000
Violation: 641.000000
Violation: 212.000000
Violation: 103.000000
Violation: 278.000000
Violation: 641.000000
Violation: 571.000000
Violation: 93.000000
Violation: 124.000000
Violation: 348.000000
Violation: 1575.000000
Violation: 500.000000
Violation: 1076.000000
Violation: 866.000000
Violation: 216.000000
Violation: 570.000000
Violation: 750.000000
Violation: 428.000000
Violation: 293.000000
Violation: 606.000000
Violation: 573.000000
Violation: 491.000000
Violation: 571.000000
Violation: 702.000000
Violation: 1.000000
Violation: 571.000000
Violation: 293.000000
Violation: 269.000000
Violation: 1176.000000
Violation: 271.000000
Violation: 389.000000
Violation: 500.000000
Violation: 562.000000
Violation: 99.000000
Violation: 185.000000
Violation: 65.000000
Violation: 384.000000
Violation: 293.000000
Violation: 194.000000
Violation: 1250.000000
Violation: 673.000000
Violation: 468.000000
Violation: 142.000000
Violation: 142.000000
Violation: 92.000000
Violation: 804.000000
Violation: 1268.000000
Violation: 1268.000000
Violation: 520.000000
Violation: 348.000000
Violation: 557.000000
Violation: 686.000000
Violation: 127.000000
Violation: 674.000000
Violation: 120.000000
Violation: 157.000000
Violation: 168.000000
Violation: 296.000000
Violation: 94.000000
Violation: 840.000000
Violation: 570.000000
Violation: 417.000000
Violation: 176.000000
Violation: 134.000000
Violation: 321.000000
Violation: 1269.000000
Violation: 674.000000
Violation: 198.000000
Violation: 92.000000
Violation: 701.000000
Violation: 586.000000
Violation: 674.000000
Violation: 573.000000
Violation: 402.000000
Violation: 104.000000
Violation: 92.000000
Violation: 586.000000
Violation: 419.000000
Violation: 492.000000
Violation: 298.000000
Violation: 630.000000
Violation: 656.000000
Violation: 5.000000
Violation: 428.000000
Violation: 312.000000
Violation: 315.000000
Violation: 250.000000
Violation: 934.000000
Violation: 13.000000
Violation: 449.000000
Violation: 27.000000
Violation: 692.000000
Violation: 271.000000
Violation: 585.000000
Violation: 93.000000
Violation: 770.000000
Violation: 848.000000
Violation: 212.000000
Violation: 673.000000
Violation: 464.000000
Violation: 642.000000
Violation: 584.000000
Violation: 219.000000
Violation: 303.000000
Violation: 104.000000
Violation: 315.000000
Violation: 653.000000
Violation: 816.000000
Violation: 470.000000
Violation: 582.000000
Violation: 80.000000
Violation: 302.000000
Violation: 551.000000
Violation: 154.000000
Violation: 224.000000
Violation: 570.000000
Violation: 952.000000
Violation: 49.000000
Violation: 472.000000
Violation: 590.000000
Violation: 296.000000
Violation: 1022.000000
Violation: 104.000000
Violation: 1097.000000
Violation: 304.000000
Violation: 399.000000
Violation: 573.000000
Violation: 250.000000
Violation: 98.000000
Violation: 590.000000
Violation: 249.000000
Violation: 406.000000
Violation: 173.000000
Violation: 417.000000
Violation: 124.000000
Violation: 1668.000000
Violation: 185.000000
Violation: 608.000000
Violation: 103.000000
Violation: 692.000000
Violation: 252.000000
Violation: 580.000000
Violation: 984.000000
Violation: 584.000000
Violation: 798.000000
Violation: 695.000000
Violation: 610.000000
Violation: 798.000000
Violation: 708.000000
Violation: 610.000000
Violation: 570.000000
Violation: 406.000000
Violation: 934.000000
Violation: 278.000000
Violation: 419.000000
Violation: 900.000000
Violation: 306.000000
Violation: 384.000000
Violation: 315.000000
Violation: 178.000000
Violation: 399.000000
Violation: 269.000000
Violation: 76.000000
Violation: 472.000000
Violation: 19.000000
Violation: 672.000000
Violation: 390.000000
Violation: 573.000000
Violation: 630.000000
Violation: 480.000000
Violation: 138.000000
Violation: 535.000000
Violation: 646.000000
Violation: 550.000000
Violation: 782.000000
Violation: 1.000000
Violation: 390.000000
Violation: 608.000000
Violation: 360.000000
Violation: 348.000000
Violation: 440.000000
Violation: 429.000000
Violation: 550.000000
Violation: 856.000000
Violation: 586.000000
Violation: 121.000000
Violation: 233.000000
Violation: 641.000000
Violation: 1478.000000
Violation: 313.000000
Violation: 492.000000
Violation: 1282.000000
Violation: 573.000000
Violation: 378.000000
Violation: 1094.000000
Violation: 196.000000
Violation: 102.000000
Violation: 696.000000
Violation: 74.000000
Violation: 572.000000
Violation: 488.000000
Violation: 404.000000
Violation: 20.000000
Violation: 346.000000
Violation: 206.000000
Violation: 206.000000
Violation: 412.000000
Violation: 584.000000
Violation: 678.000000
Violation: 509.000000
Violation: 171.000000
Violation: 866.000000
Violation: 679.000000
Violation: 958.000000
Violation: 70.000000
Violation: 103.000000
Violation: 104.000000
Violation: 315.000000
Violation: 656.000000
Violation: 672.000000
Violation: 313.000000
Violation: 701.000000
Violation: 934.000000
Violation: 698.000000
Violation: 261.000000
Violation: 92.000000
Violation: 503.000000
Violation: 708.000000
Violation: 93.000000
Violation: 556.000000
Violation: 794.000000
Violation: 676.000000
Violation: 575.000000
Violation: 660.000000
Violation: 298.000000
Violation: 327.000000
Violation: 102.000000
Violation: 278.000000
Violation: 315.000000
Violation: 256.000000
Violation: 696.000000
Violation: 1091.000000
Violation: 539.000000
Violation: 498.000000
Violation: 632.000000
Violation: 388.000000
Violation: 308.000000
Violation: 934.000000
Violation: 571.000000
Violation: 74.000000
Violation: 195.000000
Violation: 233.000000
Violation: 194.000000
Violation: 1000.000000
Violation: 385.000000
Violation: 315.000000
Violation: 608.000000
Violation: 252.000000
Violation: 567.000000
Violation: 696.000000
Violation: 370.000000
Violation: 305.000000
Violation: 8.000000
Violation: 1367.000000
Violation: 572.000000
Violation: 359.000000
Violation: 305.000000
Violation: 503.000000
Violation: 286.000000
Violation: 370.000000
Violation: 105.000000
Violation: 459.000000
Violation: 594.000000
Violation: 103.000000
Violation: 677.000000
Violation: 436.000000
Violation: 172.000000
Violation: 773.000000
Violation: 543.000000
Violation: 218.000000
Violation: 459.000000
Violation: 218.000000
Violation: 260.000000
Violation: 91.000000
Violation: 677.000000
Violation: 71.000000
Violation: 1667.000000
Violation: 98.000000
Violation: 527.000000
Violation: 750.000000
Violation: 145.000000
Violation: 551.000000
Violation: 55.000000
Violation: 268.000000
Violation: 477.000000
Violation: 676.000000
Violation: 386.000000
Violation: 477.000000
Violation: 176.000000
Violation: 312.000000
Violation: 398.000000
Violation: 1315.000000
Violation: 400.000000
Violation: 190.000000
Violation: 248.000000
Violation: 608.000000
Violation: 41.000000
Violation: 359.000000
Violation: 663.000000
Violation: 182.000000
Violation: 1144.000000
Violation: 182.000000
Violation: 193.000000
Violation: 199.000000
Violation: 676.000000
Violation: 503.000000
Violation: 460.000000
Violation: 570.000000
Violation: 491.000000
Violation: 635.000000
Violation: 279.000000
Violation: 608.000000
Violation: 482.000000
Violation: 132.000000
Violation: 315.000000
Violation: 444.000000
Violation: 733.000000
Violation: 218.000000
Violation: 395.000000
Violation: 184.000000
Violation: 470.000000
Violation: 66.000000
Violation: 63.000000
Violation: 826.000000
Violation: 265.000000
Violation: 222.000000
Violation: 385.000000
Violation: 370.000000
Violation: 383.000000
Violation: 32.000000
Violation: 320.000000
Violation: 480.000000
Violation: 1505.000000
Violation: 218.000000
Violation: 158.000000
took 2.581295
Optimize a model with 721 rows, 906 columns and 11092 nonzeros
Coefficient statistics:
  Matrix range     [1e+00, 4e+01]
  Objective range  [0e+00, 0e+00]
  Bounds range     [1e+00, 4e+01]
  RHS range        [1e+00, 1e+02]
Presolve removed 429 rows and 114 columns
Presolve time: 0.00s
Presolved: 292 rows, 792 columns, 8604 nonzeros

Iteration    Objective       Primal Inf.    Dual Inf.      Time
       0    0.0000000e+00   4.716969e+01   0.000000e+00      0s
     121    0.0000000e+00   0.000000e+00   0.000000e+00      0s

Solved in 121 iterations and 0.01 seconds
Optimal objective  0.000000000e+00
