j3017_4.mm_s0.txt
Academic license - for non-commercial use only
Read LP format model from file lp/j3017_4.mm.lp
Reading time = 0.00 seconds
: 351 rows, 906 columns, 9053 nonzeros
OKGPU
nThreads: 1024 , nBlocks: 12 
Number cuts generated in the phase 1: 13
Number of repeat: 0 
violation 714.000000
violation 695.000000
violation 185.000000
violation 585.000000
violation 236.000000
violation 674.000000
violation 674.000000
violation 782.000000
violation 423.000000
violation 27.000000
violation 198.000000
violation 402.000000
violation 750.000000
8592 16
36 22 34 3 19 41 6 20 44 
AQUIIII!!6 54 8 7 48 33 3 31 29 51 34 36 18 23 19 49 
AQUIIII!!18 57 53 20 52 44 36 50 8 34 7 41 19 22 58 23 
AQUIIII!!19 50 57 0 11 38 53 12 36 32 34 33 44 20 58 52 
AQUIIII!!53 11 44 38 41 18 19 36 22 50 34 57 8 52 20 58 
AQUIIII!!44 38 8 36 41 34 11 18 57 AQUIIII!!22 10 19 26 50 49 20 23 52 7 53 16 58 6 17 
43 33 48 51 3 36 31 54 
AQUIIII!!36 17 51 26 3 34 31 18 29 48 23 49 8 54 7 6 
AQUIIII!!6 31 16 36 34 AQUIIII!!49 54 20 43 22 51 8 44 7 50 3 3 7 17 6 19 26 AQUIIII!!36 51 23 51 41 23 18 26 34 54 23 8 48 
AQUIIII!!36 
51 37 6 43 36 4 48 AQUIIII!!49 29 20 17 3 19 48 23 7 AQUIIII!!41 26 33 52 31 33 16 18 8 7 34 17 9 20 6 34 10 49 22 7 AQUIIII!!19 5 8 18 17 AQUIIII!!23 3 44 54 54 AQUIIII!!36 29 23 3 49 
37 36 49 23 
51 18 8 36 7 34 3 6 50 34 34 26 36 8 48 54 23 33 51 51 18 
6 31 8 20 29 29 18 54 7 19 
19 34 3 18 23 8 36 7 AQUIIII!!6 54 20 29 52 
33 6 50 7 49 AQUIIII!!22 3 37 44 18 20 41 6 3 6 54 19 54 23 8 

49 51 51 22 8 20 AQUIIII!!19 41 50 37 7 38 34 50 41 36 AQUIIII!!23 11 18 43 AQUIIII!!36 57 54 37 21 44 
22 2 14 34 8 33 45 3 34 AQUIIII!!27 AQUIIII!!54 25 54 18 54 16 
58 AQUIIII!!3 7 44 17 12 54 31 51 36 9 17 37 18 48 10 52 10 49 49 15 26 34 19 23 51 13 51 9 26 58 4 9 38 23 6 4 20 5 17 33 17 5 5 53 26 36 34 16 43 48 
48 AQUIIII!!26 57 23 8 33 16 49 37 11 29 33 36 1 48 23 47 36 37 31 
43 10 48 0 AQUIIII!!
3 43 23 
AQUIIII!!5 49 
49 
AQUIIII!!51 26 16 23 49 48 33 36 23 3 17 6 4 43 10 51 43 6 5 48 31 31 9 AQUIIII!!9 33 16 36 41 33 51 48 4 6 49 16 36 26 50 16 49 43 51 44 37 9 17 54 26 22 AQUIIII!!36 8 
51 10 18 23 7 20 17 44 17 3 3 54 8 10 34 19 
22 26 54 34 52 
54 8 
41 36 7 7 23 6 18 36 54 3 
50 19 23 AQUIIII!!34 18 AQUIIII!!51 20 43 3 54 3 49 
10 7 AQUIIII!!AQUIIII!!17 8 54 37 51 48 23 7 18 49 31 48 29 26 6 29 AQUIIII!!23 AQUIIII!!51 16 54 6 36 19 54 34 31 41 19 7 8 49 23 6 31 18 36 6 52 36 33 36 7 3 19 23 34 48 51 8 23 49 AQUIIII!!6 3 26 36 31 3 54 23 7 33 23 26 17 AQUIIII!!
48 54 20 6 49 54 29 31 
18 
8 26 33 7 6 51 34 36 29 50 3 36 20 48 22 43 18 8 16 44 10 AQUIIII!!8 43 54 34 16 3 23 23 51 3 7 
29 33 17 17 
9 8 51 34 AQUIIII!!17 49 
17 31 54 34 49 26 49 7 48 54 17 31 36 
5 23 7 
3 49 34 6 18 8 51 29 36 31 48 18 6 26 48 54 26 
34 36 3 51 
AQUIIII!!36 17 51 7 6 43 16 3 48 31 49 34 23 26 8 54 
AQUIIII!!51 54 48 26 17 3 10 33 5 43 16 31 9 36 23 49 
AQUIIII!!AQUIIII!!21 AQUIIII!!6 52 59 7 49 7 25 54 53 1 8 8 38 18 6 2 51 19 33 23 23 37 34 36 4 29 34 27 19 18 56 3 3 5 33 37 20 34 36 50 47 20 44 55 
41 15 22 

AQUIIII!!49 3 48 10 36 17 54 23 51 26 33 5 9 43 31 16 
AQUIIII!!51 54 48 26 17 3 10 33 5 43 16 31 9 36 23 49 
AQUIIII!!41 52 53 22 8 18 50 58 19 7 34 20 36 23 57 44 
AQUIIII!!51 16 36 3 8 34 17 7 49 48 23 6 31 AQUIIII!!43 10 26 51 54 7 
16 3 43 17 49 26 31 6 33 36 23 48 54 
AQUIIII!!31 51 16 7 3 17 49 36 6 8 48 43 26 34 23 54 
AQUIIII!!54 51 5 33 48 23 26 4 17 9 37 AQUIIII!!36 16 49 10 AQUIIII!!51 16 10 49 43 33 
23 43 16 23 36 31 51 26 5 33 17 3 36 9 54 26 9 6 3 10 49 17 48 
43 31 54 48 
AQUIIII!!54 51 5 33 48 23 26 4 17 9 37 36 49 10 16 43 
AQUIIII!!31 51 29 7 19 34 49 6 AQUIIII!!AQUIIII!!8 16 19 18 51 34 3 10 18 36 33 50 23 43 3 23 33 8 31 48 52 26 54 41 5 
20 17 AQUIIII!!36 AQUIIII!!AQUIIII!!36 33 7 17 36 54 43 9 6 31 9 43 9 3 23 43 33 49 3 44 48 6 48 23 23 16 22 
17 36 36 54 49 5 16 10 
10 48 33 5 16 26 26 51 51 51 23 31 31 3 3 10 49 54 49 
7 AQUIIII!!26 48 17 54 3 
54 31 
48 9 23 43 26 33 16 17 5 36 10 54 51 49 
AQUIIII!!33 3 23 48 6 16 51 26 9 49 43 31 36 17 10 54 
AQUIIII!!23 36 26 AQUIIII!!51 22 7 36 34 41 17 AQUIIII!!6 18 48 50 48 7 8 31 16 44 49 8 34 29 AQUIIII!!34 18 3 2 26 20 8 27 36 52 6 25 3 AQUIIII!!7 54 34 6 36 19 AQUIIII!!
37 23 23 3 9 43 1 6 23 23 31 55 49 54 10 17 56 
3 2 33 51 43 5 15 49 33 43 14 33 54 9 38 26 26 
47 17 31 4 4 17 21 51 37 59 10 27 
16 16 48 48 54 1 
49 AQUIIII!!
51 8 AQUIIII!!36 6 19 23 18 3 22 7 3 50 31 7 8 44 48 41 36 23 26 34 6 17 20 34 54 51 
18 29 49 54 
AQUIIII!!3 41 52 6 22 18 7 20 8 19 23 50 44 34 36 54 
AQUIIII!!51 54 34 3 6 31 29 33 23 48 36 19 7 8 18 49 
AQUIIII!!33 31 16 51 49 3 6 10 26 AQUIIII!!36 26 17 48 23 9 43 49 43 48 10 54 36 
17 33 23 51 3 31 5 16 9 54 
AQUIIII!!AQUIIII!!54 49 51 48 51 16 36 7 33 33 31 10 6 3 43 16 9 43 17 26 49 31 48 23 26 6 10 17 23 36 3 54 

AQUIIII!!54 20 44 22 6 19 23 52 50 34 8 41 18 36 7 3 
AQUIIII!!51 48 54 6 3 36 26 8 AQUIIII!!54 49 3 33 16 9 34 23 17 43 31 16 23 5 31 43 48 7 10 51 17 49 36 
26 
AQUIIII!!36 AQUIIII!!43 54 51 49 3 8 6 31 51 16 AQUIIII!!17 3 43 23 10 6 26 48 17 43 34 23 6 9 36 7 33 33 26 26 31 17 48 7 54 51 49 
23 16 48 36 10 
16 49 31 3 54 
AQUIIII!!3 18 34 51 6 31 33 36 8 7 19 23 29 49 54 48 
AQUIIII!!11 22 57 44 36 0 50 58 18 38 19 33 34 53 20 52 
AQUIIII!!43 51 36 49 33 16 AQUIIII!!7 19 23 44 17 23 31 22 26 6 6 50 34 48 18 10 57 3 20 54 8 41 
36 7 53 52 
AQUIIII!!23 49 16 26 3 33 43 7 36 48 6 17 10 31 51 54 
AQUIIII!!9 59 21 1 33 4 27 37 23 2 47 34 55 56 35 5 
AQUIIII!!54 3 29 51 8 49 19 7 36 48 31 34 33 23 6 18 
AQUIIII!!37 15 2 38 5 25 55 AQUIIII!!56 19 47 29 4 36 1 34 34 7 27 31 33 18 21 3 59 8 
51 23 6 48 33 54 49 
AQUIIII!!33 37 36 51 17 23 49 5 48 10 9 26 43 4 16 54 
AQUIIII!!23 43 31 6 34 17 16 26 36 49 7 AQUIIII!!54 54 51 51 49 8 23 34 48 8 36 3 20 
18 37 7 3 6 19 29 33 
AQUIIII!!29 20 34 AQUIIII!!33 18 31 51 33 23 17 19 10 7 6 36 9 49 43 37 3 6 49 3 48 8 51 54 
36 16 23 26 54 
AQUIIII!!54 16 31 23 26 36 3 6 33 17 10 51 7 43 48 49 
AQUIIII!!54 20 34 36 3 51 23 7 22 6 50 8 41 AQUIIII!!18 54 19 17 44 10 
49 5 AQUIIII!!31 31 26 26 AQUIIII!!48 6 49 16 51 51 54 17 33 6 34 23 48 48 3 36 31 9 23 43 3 8 36 23 29 
7 43 49 26 3 18 16 54 9 
36 33 10 51 17 
AQUIIII!!54 23 41 6 8 20 36 7 3 22 AQUIIII!!19 54 50 29 44 19 52 3 18 8 34 51 
48 49 23 34 36 33 7 31 6 18 
AQUIIII!!AQUIIII!!54 21 10 59 17 5 33 27 36 33 48 4 16 55 51 38 23 25 6 31 56 37 43 26 47 15 7 3 1 2 49 
34 
AQUIIII!!54 9 16 36 43 33 4 48 10 49 23 5 51 26 37 17 
AQUIIII!!54 49 9 43 AQUIIII!!51 54 36 3 10 9 6 33 49 31 16 48 10 33 17 26 48 16 26 3 6 17 36 23 43 
31 51 23 
AQUIIII!!54 8 7 34 33 3 29 20 18 23 51 6 37 19 49 36 
AQUIIII!!54 17 9 43 6 31 16 48 10 36 33 3 51 49 23 26 
AQUIIII!!43 48 16 36 49 8 17 31 7 3 6 34 23 26 54 51 
AQUIIII!!49 43 6 10 33 31 23 16 36 AQUIIII!!34 9 AQUIIII!!57 49 7 17 48 50 9 44 3 3 18 26 36 23 6 19 54 26 36 16 20 51 AQUIIII!!17 6 31 41 48 26 23 53 43 22 
16 52 51 8 10 43 
33 54 5 
49 AQUIIII!!36 23 10 10 36 23 7 37 33 4 43 9 AQUIIII!!49 51 31 16 17 5 6 51 33 36 51 54 48 31 23 48 9 26 
3 10 48 49 3 26 33 17 16 54 43 17 
54 
AQUIIII!!54 43 23 48 26 34 51 8 49 3 AQUIIII!!16 33 6 9 17 7 49 36 48 17 31 31 10 51 
3 16 23 26 5 36 43 54 
AQUIIII!!54 23 51 17 31 8 7 43 36 26 6 AQUIIII!!48 54 49 51 33 34 43 16 16 36 3 48 
9 10 26 6 AQUIIII!!17 54 49 44 31 36 3 20 23 6 
19 41 7 3 34 22 18 52 8 50 23 
AQUIIII!!54 51 33 43 16 36 48 9 10 26 6 17 49 31 3 23 
AQUIIII!!49 48 3 31 17 54 7 26 8 16 23 34 43 36 6 51 AQUIIII!!
31 51 49 34 19 33 18 3 23 29 36 7 6 54 48 8 
AQUIIII!!54 31 49 16 33 10 5 43 51 17 26 9 23 3 48 36 
AQUIIII!!36 6 3 10 AQUIIII!!16 50 17 3 18 48 20 AQUIIII!!23 36 7 22 3 31 43 44 43 10 7 36 19 9 31 52 48 51 AQUIIII!!34 33 23 26 23 10 6 17 33 3 49 8 16 41 36 54 51 54 31 49 26 
6 33 
54 
9 49 51 16 6 43 17 23 48 26 54 
AQUIIII!!9 36 5 33 31 10 3 26 23 48 43 17 49 16 54 51 
AQUIIII!!54 34 8 44 36 51 18 AQUIIII!!22 54 23 19 19 37 41 33 7 23 50 29 20 7 6 49 3 36 
51 3 18 20 6 34 8 
AQUIIII!!54 51 3 17 49 10 16 33 31 43 6 26 7 48 23 36 
AQUIIII!!48 54 7 16 49 43 3 23 8 26 31 34 51 17 36 6 
AQUIIII!!3 26 7 18 AQUIIII!!36 26 34 6 51 16 6 51 23 3 17 8 8 43 48 7 48 31 17 49 49 29 31 54 34 
36 23 54 
AQUIIII!!6 34 22 8 3 23 36 20 44 18 51 50 41 19 7 54 
AQUIIII!!51 10 17 5 43 26 48 31 16 49 3 36 9 AQUIIII!!33 54 23 31 54 34 
23 7 6 26 3 36 48 17 29 18 8 49 51 
AQUIIII!!5 26 33 16 43 51 49 36 17 AQUIIII!!31 36 48 19 23 18 3 49 9 7 10 20 54 8 
29 3 34 33 37 6 51 23 54 
AQUIIII!!54 48 31 9 23 43 17 3 49 51 33 16 26 10 36 5 
AQUIIII!!51 AQUIIII!!54 54 9 49 5 16 17 3 16 17 48 51 49 23 26 43 10 AQUIIII!!43 10 54 23 33 48 3 9 31 33 36 9 31 5 23 26 48 43 
31 17 36 3 
49 AQUIIII!!51 54 33 16 16 23 26 31 10 43 36 34 5 51 
7 49 48 AQUIIII!!36 54 52 6 3 8 23 17 34 26 44 3 36 
50 19 8 20 22 18 6 41 7 
AQUIIII!!54 49 16 3 17 51 26 43 10 23 9 33 5 48 31 36 
AQUIIII!!54 52 3 23 34 44 36 50 19 8 20 22 18 6 41 7 
AQUIIII!!54 49 9 43 51 36 10 6 31 48 33 26 16 3 17 23 
AQUIIII!!54 31 10 36 43 23 26 16 6 48 51 49 3 7 33 17 
AQUIIII!!54 26 49 43 16 6 3 23 33 36 AQUIIII!!10 38 7 37 17 47 31 48 2 51 56 
25 4 15 27 34 33 14 55 1 21 59 
AQUIIII!!20 8 51 3 7 6 36 23 49 AQUIIII!!19 33 54 48 34 36 29 18 16 37 10 54 51 
26 31 43 3 5 9 23 49 17 33 
AQUIIII!!54 31 5 17 23 33 48 9 3 26 51 36 43 10 49 16 
AQUIIII!!54 51 16 26 8 48 49 34 23 7 36 17 43 31 3 6 
AQUIIII!!54 51 16 26 8 48 49 34 23 7 36 17 43 31 3 6 
AQUIIII!!51 54 36 34 31 3 18 49 6 29 8 23 48 17 7 26 
AQUIIII!!54 31 7 23 51 AQUIIII!!26 34 36 49 3 36 48 48 29 43 17 31 18 3 49 8 34 16 8 26 6 23 
17 7 51 6 54 
AQUIIII!!54 33 36 51 3 17 10 26 31 6 16 48 7 23 43 49 
AQUIIII!!54 33 36 26 51 3 31 43 AQUIIII!!9 54 10 6 6 49 23 16 29 48 3 23 17 8 
34 51 17 26 31 18 49 36 48 7 
AQUIIII!!53 52 20 36 50 8 34 19 7 41 6 23 22 44 18 3 
AQUIIII!!54 31 34 18 49 51 8 36 6 23 17 7 29 48 26 3 
AQUIIII!!54 36 33 7 34 19 8 51 20 29 37 49 18 23 3 6 
AQUIIII!!51 49 54 8 29 34 33 23 6 36 18 31 7 48 3 19 
AQUIIII!!52 54 36 23 22 6 AQUIIII!!34 54 8 26 18 49 41 9 50 16 19 3 20 33 44 36 7 48 3 6 
17 51 10 31 43 23 
AQUIIII!!54 41 44 36 19 7 8 20 3 6 23 34 18 22 50 52 
AQUIIII!!49 54 6 29 34 18 51 3 7 37 36 8 33 23 19 20 
AQUIIII!!48 49 3 23 31 18 6 36 17 34 51 54 26 8 7 29 
AQUIIII!!48 54 33 19 36 29 7 51 23 18 34 49 8 6 3 31 
AQUIIII!!54 20 3 19 34 22 7 6 8 AQUIIII!!18 44 54 23 4 50 49 36 16 52 26 41 51 
9 5 23 17 48 33 10 43 36 37 
AQUIIII!!51 54 29 36 49 18 8 34 7 33 3 20 37 6 23 19 
AQUIIII!!31 6 16 51 36 34 49 17 23 7 8 3 26 48 43 54 
AQUIIII!!21 59 4 27 47 5 25 33 2 15 56 1 34 55 37 38 
AQUIIII!!52 7 53 8 6 19 23 36 34 18 3 20 50 44 41 22 
AQUIIII!!54 17 23 7 49 43 48 8 16 34 26 6 51 3 36 31 
AQUIIII!!41 18 22 52 8 50 44 11 19 57 38 34 36 58 53 20 
AQUIIII!!54 23 17 10 49 36 6 33 9 43 3 31 AQUIIII!!16 54 26 48 34 51 36 
6 3 7 19 44 41 50 18 51 20 22 8 23 
AQUIIII!!54 23 31 9 17 33 48 5 36 3 26 43 AQUIIII!!16 54 51 48 49 36 10 37 
51 33 23 10 49 43 5 17 26 16 4 AQUIIII!!9 54 
19 29 34 18 31 49 23 3 33 36 7 51 6 8 48 
AQUIIII!!54 AQUIIII!!48 48 36 54 37 8 51 31 33 34 23 19 10 29 49 33 49 43 AQUIIII!!18 5 54 7 17 44 3 26 50 36 18 16 6 41 4 51 19 9 23 52 AQUIIII!!

20 48 51 6 54 AQUIIII!!7 43 54 3 17 29 36 49 3 23 26 51 34 10 49 22 9 6 8 31 36 6 
8 23 33 18 36 48 16 31 3 34 
7 23 19 33 
AQUIIII!!54 23 6 48 10 3 43 16 33 26 36 17 9 31 51 49 
AQUIIII!!54 17 10 43 51 31 AQUIIII!!49 54 17 48 23 36 26 33 10 AQUIIII!!51 5 43 54 16 26 37 3 49 36 4 23 17 48 9 5 36 33 16 9 3 
49 
51 8 48 34 26 7 31 43 16 6 23 
AQUIIII!!54 48 26 36 3 33 49 16 6 17 51 23 7 43 10 31 
AQUIIII!!49 54 26 17 8 7 31 36 48 51 16 23 6 34 43 3 
AQUIIII!!54 48 26 36 3 33 49 16 6 17 51 23 7 43 10 31 
AQUIIII!!54 34 37 23 3 49 7 20 19 18 6 36 51 8 29 33 
AQUIIII!!54 10 23 36 17 9 16 48 49 6 31 26 3 43 51 33 
AQUIIII!!59 21 55 23 33 27 5 47 2 4 9 1 56 34 35 37 
AQUIIII!!54 34 17 23 48 49 AQUIIII!!36 54 31 36 6 50 3 8 51 6 29 23 8 41 26 3 18 22 7 34 
20 7 18 44 51 19 
AQUIIII!!48 49 3 54 43 17 31 33 10 6 23 26 9 16 36 51 
AQUIIII!!21 47 59 0 55 38 56 45 37 15 14 34 13 33 12 25 
AQUIIII!!52 53 AQUIIII!!20 54 8 43 23 10 44 16 36 36 34 37 18 26 22 49 19 51 41 5 58 17 57 4 50 9 7 33 
48 23 
AQUIIII!!53 20 58 0 33 11 12 32 57 38 34 50 52 44 19 36 
AQUIIII!!54 7 3 48 18 34 19 33 6 29 31 51 AQUIIII!!8 54 51 49 43 23 48 36 16 
5 9 10 33 36 37 4 23 17 49 26 
AQUIIII!!54 51 43 48 16 5 9 10 33 36 37 4 23 17 49 26 
AQUIIII!!54 49 16 10 48 36 17 33 7 6 51 23 26 43 3 31 
AQUIIII!!54 20 44 34 41 22 3 19 23 7 51 36 8 50 AQUIIII!!18 54 6 6 
36 33 AQUIIII!!23 54 3 49 48 16 18 10 51 48 8 36 19 17 49 33 29 7 34 6 31 51 7 23 
26 43 3 31 
AQUIIII!!54 33 26 49 36 16 31 48 23 3 51 6 9 10 17 43 
AQUIIII!!54 23 49 3 16 6 26 51 10 33 9 36 17 43 31 48 
AQUIIII!!54 8 3 19 7 18 50 23 41 20 36 22 34 6 51 44 
AQUIIII!!54 31 7 23 3 17 49 48 29 26 34 18 6 8 36 51 
AQUIIII!!54 34 48 23 36 3 29 33 7 19 8 AQUIIII!!31 54 18 36 51 18 6 19 49 7 
50 23 34 22 8 6 41 51 3 44 20 
AQUIIII!!AQUIIII!!54 54 AQUIIII!!26 51 9 34 4 59 16 17 21 6 23 1 49 33 9 17 4 49 51 27 48 23 37 36 23 31 16 2 48 10 47 3 43 34 36 5 55 7 37 56 8 33 35 43 26 5 


Number of Cuts in the second phase:6220
Number of repeat: 5744 
Violation: 92.000000
Violation: 93.000000
Violation: 293.000000
Violation: 103.000000
Violation: 399.000000
Violation: 348.000000
Violation: 268.000000
Violation: 348.000000
Violation: 269.000000
Violation: 570.000000
Violation: 278.000000
Violation: 293.000000
Violation: 185.000000
Violation: 500.000000
Violation: 586.000000
Violation: 1.000000
Violation: 1176.000000
Violation: 390.000000
Violation: 112.000000
Violation: 570.000000
Violation: 701.000000
Violation: 798.000000
Violation: 293.000000
Violation: 641.000000
Violation: 154.000000
Violation: 296.000000
Violation: 193.000000
Violation: 641.000000
Violation: 951.000000
Violation: 142.000000
Violation: 216.000000
Violation: 76.000000
Violation: 348.000000
Violation: 399.000000
Violation: 610.000000
Violation: 372.000000
Violation: 296.000000
Violation: 428.000000
Violation: 654.000000
Violation: 1388.000000
Violation: 585.000000
Violation: 127.000000
Violation: 428.000000
Violation: 1097.000000
Violation: 1250.000000
Violation: 196.000000
Violation: 674.000000
Violation: 268.000000
Violation: 212.000000
Violation: 293.000000
Violation: 984.000000
Violation: 395.000000
Violation: 571.000000
Violation: 733.000000
Violation: 138.000000
Violation: 594.000000
Violation: 5.000000
Violation: 488.000000
Violation: 65.000000
Violation: 582.000000
Violation: 492.000000
Violation: 176.000000
Violation: 788.000000
Violation: 92.000000
Violation: 1505.000000
Violation: 674.000000
Violation: 308.000000
Violation: 676.000000
Violation: 606.000000
Violation: 570.000000
Violation: 1268.000000
Violation: 488.000000
Violation: 297.000000
Violation: 586.000000
Violation: 934.000000
Violation: 96.000000
Violation: 657.000000
Violation: 184.000000
Violation: 509.000000
Violation: 674.000000
Violation: 934.000000
Violation: 66.000000
Violation: 1268.000000
Violation: 145.000000
Violation: 194.000000
Violation: 673.000000
Violation: 1187.000000
Violation: 104.000000
Violation: 315.000000
Violation: 1032.000000
Violation: 702.000000
Violation: 198.000000
Violation: 584.000000
Violation: 250.000000
Violation: 315.000000
Violation: 684.000000
Violation: 281.000000
Violation: 92.000000
Violation: 570.000000
Violation: 1020.000000
Violation: 250.000000
Violation: 678.000000
Violation: 606.000000
Violation: 94.000000
Violation: 93.000000
Violation: 406.000000
Violation: 573.000000
Violation: 436.000000
Violation: 1284.000000
Violation: 124.000000
Violation: 389.000000
Violation: 142.000000
Violation: 872.000000
Violation: 445.000000
Violation: 399.000000
Violation: 602.000000
Violation: 388.000000
Violation: 571.000000
Violation: 13.000000
Violation: 500.000000
Violation: 1091.000000
Violation: 212.000000
Violation: 1575.000000
Violation: 417.000000
Violation: 178.000000
Violation: 407.000000
Violation: 674.000000
Violation: 153.000000
Violation: 234.000000
Violation: 176.000000
Violation: 298.000000
Violation: 482.000000
Violation: 188.000000
Violation: 934.000000
Violation: 806.000000
Violation: 989.000000
Violation: 783.000000
Violation: 265.000000
Violation: 680.000000
Violation: 400.000000
Violation: 279.000000
Violation: 185.000000
Violation: 92.000000
Violation: 348.000000
Violation: 157.000000
Violation: 388.000000
Violation: 415.000000
Violation: 176.000000
Violation: 468.000000
Violation: 663.000000
Violation: 304.000000
Violation: 642.000000
Violation: 315.000000
Violation: 104.000000
Violation: 694.000000
Violation: 630.000000
Violation: 804.000000
Violation: 1668.000000
Violation: 733.000000
Violation: 1480.000000
Violation: 419.000000
Violation: 345.000000
Violation: 584.000000
Violation: 265.000000
Violation: 379.000000
Violation: 673.000000
Violation: 402.000000
Violation: 557.000000
Violation: 1094.000000
Violation: 684.000000
Violation: 386.000000
Violation: 952.000000
Violation: 554.000000
Violation: 121.000000
Violation: 1269.000000
Violation: 856.000000
Violation: 203.000000
Violation: 958.000000
Violation: 168.000000
Violation: 593.000000
Violation: 732.000000
Violation: 491.000000
Violation: 390.000000
Violation: 412.000000
Violation: 304.000000
Violation: 149.000000
Violation: 278.000000
Violation: 696.000000
Violation: 124.000000
Violation: 654.000000
Violation: 296.000000
Violation: 72.000000
Violation: 583.000000
Violation: 130.000000
Violation: 571.000000
Violation: 550.000000
Violation: 956.000000
Violation: 676.000000
Violation: 750.000000
Violation: 321.000000
Violation: 195.000000
Violation: 397.000000
Violation: 423.000000
Violation: 584.000000
Violation: 527.000000
Violation: 299.000000
Violation: 196.000000
Violation: 128.000000
Violation: 63.000000
Violation: 470.000000
Violation: 183.000000
Violation: 55.000000
Violation: 271.000000
Violation: 305.000000
Violation: 199.000000
Violation: 74.000000
Violation: 315.000000
Violation: 610.000000
Violation: 866.000000
Violation: 312.000000
Violation: 208.000000
Violation: 575.000000
Violation: 608.000000
Violation: 158.000000
Violation: 1282.000000
Violation: 641.000000
Violation: 132.000000
Violation: 1237.000000
Violation: 672.000000
Violation: 1084.000000
Violation: 361.000000
Violation: 385.000000
Violation: 369.000000
Violation: 503.000000
Violation: 1667.000000
Violation: 679.000000
Violation: 696.000000
Violation: 142.000000
Violation: 796.000000
Violation: 369.000000
Violation: 418.000000
Violation: 531.000000
Violation: 1022.000000
Violation: 696.000000
Violation: 698.000000
Violation: 556.000000
Violation: 233.000000
Violation: 48.000000
Violation: 91.000000
Violation: 642.000000
Violation: 103.000000
Violation: 692.000000
Violation: 1.000000
Violation: 291.000000
Violation: 392.000000
Violation: 567.000000
Violation: 32.000000
Violation: 748.000000
Violation: 477.000000
Violation: 182.000000
Violation: 47.000000
Violation: 459.000000
Violation: 646.000000
Violation: 750.000000
Violation: 1076.000000
Violation: 395.000000
Violation: 488.000000
Violation: 795.000000
Violation: 509.000000
Violation: 798.000000
Violation: 1543.000000
Violation: 422.000000
Violation: 653.000000
Violation: 650.000000
Violation: 569.000000
Violation: 112.000000
Violation: 249.000000
Violation: 359.000000
Violation: 123.000000
Violation: 934.000000
Violation: 384.000000
Violation: 89.000000
Violation: 360.000000
Violation: 27.000000
Violation: 145.000000
Violation: 370.000000
Violation: 625.000000
Violation: 1361.000000
Violation: 571.000000
Violation: 696.000000
Violation: 251.000000
Violation: 389.000000
Violation: 586.000000
Violation: 249.000000
Violation: 419.000000
Violation: 773.000000
Violation: 654.000000
Violation: 440.000000
Violation: 261.000000
Violation: 492.000000
Violation: 780.000000
Violation: 682.000000
Violation: 400.000000
Violation: 904.000000
Violation: 664.000000
Violation: 472.000000
Violation: 369.000000
Violation: 185.000000
Violation: 696.000000
Violation: 104.000000
Violation: 738.000000
Violation: 854.000000
Violation: 1000.000000
Violation: 313.000000
Violation: 695.000000
Violation: 225.000000
Violation: 359.000000
Violation: 346.000000
Violation: 406.000000
Violation: 783.000000
Violation: 608.000000
Violation: 528.000000
Violation: 686.000000
Violation: 267.000000
Violation: 557.000000
Violation: 798.000000
Violation: 12.000000
Violation: 399.000000
Violation: 573.000000
Violation: 363.000000
Violation: 132.000000
Violation: 449.000000
Violation: 1478.000000
Violation: 510.000000
Violation: 383.000000
Violation: 268.000000
Violation: 1.000000
Violation: 389.000000
Violation: 489.000000
Violation: 148.000000
Violation: 305.000000
Violation: 571.000000
Violation: 189.000000
Violation: 344.000000
Violation: 1097.000000
Violation: 577.000000
Violation: 197.000000
Violation: 361.000000
Violation: 503.000000
Violation: 286.000000
Violation: 398.000000
Violation: 355.000000
Violation: 422.000000
Violation: 385.000000
Violation: 244.000000
Violation: 91.000000
Violation: 569.000000
Violation: 298.000000
Violation: 208.000000
Violation: 390.000000
Violation: 192.000000
Violation: 1315.000000
Violation: 220.000000
Violation: 606.000000
Violation: 336.000000
Violation: 249.000000
Violation: 755.000000
Violation: 550.000000
Violation: 301.000000
Violation: 1316.000000
Violation: 292.000000
Violation: 452.000000
Violation: 520.000000
Violation: 932.000000
Violation: 327.000000
Violation: 396.000000
Violation: 248.000000
Violation: 269.000000
Violation: 258.000000
Violation: 641.000000
Violation: 349.000000
Violation: 630.000000
Violation: 553.000000
Violation: 200.000000
Violation: 739.000000
Violation: 279.000000
Violation: 770.000000
Violation: 220.000000
Violation: 71.000000
Violation: 495.000000
Violation: 610.000000
Violation: 449.000000
Violation: 608.000000
Violation: 301.000000
Violation: 668.000000
Violation: 1022.000000
Violation: 551.000000
Violation: 417.000000
Violation: 563.000000
Violation: 397.000000
Violation: 550.000000
Violation: 142.000000
Violation: 287.000000
Violation: 573.000000
Violation: 92.000000
Violation: 706.000000
Violation: 248.000000
Violation: 866.000000
Violation: 732.000000
Violation: 95.000000
Violation: 252.000000
Violation: 302.000000
Violation: 199.000000
Violation: 543.000000
Violation: 83.000000
Violation: 382.000000
Violation: 572.000000
Violation: 320.000000
Violation: 527.000000
Violation: 1284.000000
Violation: 260.000000
Violation: 534.000000
Violation: 154.000000
Violation: 206.000000
Violation: 194.000000
Violation: 103.000000
Violation: 222.000000
Violation: 304.000000
Violation: 488.000000
Violation: 675.000000
Violation: 848.000000
Violation: 1149.000000
Violation: 93.000000
Violation: 304.000000
Violation: 346.000000
Violation: 100.000000
Violation: 171.000000
Violation: 122.000000
Violation: 180.000000
Violation: 453.000000
Violation: 699.000000
Violation: 291.000000
Violation: 149.000000
Violation: 573.000000
Violation: 672.000000
Violation: 355.000000
Violation: 496.000000
Violation: 111.000000
Violation: 591.000000
Violation: 820.000000
Violation: 676.000000
Violation: 260.000000
Violation: 686.000000
Violation: 593.000000
Violation: 252.000000
Violation: 115.000000
Violation: 37.000000
Violation: 1155.000000
Violation: 492.000000
Violation: 459.000000
Violation: 955.000000
Violation: 126.000000
Violation: 654.000000
Violation: 305.000000
Violation: 499.000000
Violation: 158.000000
Violation: 487.000000
Violation: 899.000000
Violation: 303.000000
Violation: 98.000000
Violation: 315.000000
Violation: 679.000000
Violation: 91.000000
Violation: 630.000000
Violation: 574.000000
Violation: 1466.000000
2400 16
AQUIIII!!54 43 9 33 16 10 23 5 4 26 48 36 51 17 49 37 
AQUIIII!!21 59 9 56 34 4 1 2 27 37 35 33 47 23 55 5 
AQUIIII!!36 7 34 23 19 20 22 18 57 50 41 44 58 53 52 8 
AQUIIII!!19 52 23 44 57 7 36 18 22 8 34 41 50 58 20 53 
AQUIIII!!6 51 33 17 49 23 AQUIIII!!7 43 31 51 16 31 3 49 10 26 48 7 43 3 36 23 26 17 54 16 
10 33 36 48 6 54 
AQUIIII!!26 16 31 7 48 17 33 23 AQUIIII!!10 29 3 51 36 3 49 6 43 7 AQUIIII!!6 17 20 54 31 22 51 8 50 
48 51 26 41 23 19 36 18 34 3 18 6 49 8 54 44 
7 AQUIIII!!23 54 36 7 51 34 44 54 AQUIIII!!34 
26 18 20 9 3 31 8 43 41 36 6 33 23 10 50 48 19 51 22 17 36 3 
23 16 AQUIIII!!49 9 5 49 54 43 
23 31 6 51 33 10 26 16 48 17 3 36 54 
AQUIIII!!54 22 50 41 44 51 23 3 8 34 6 18 19 7 36 20 
AQUIIII!!59 21 33 15 25 27 37 1 4 2 55 34 56 47 38 14 
AQUIIII!!53 20 52 18 38 22 58 44 34 41 19 8 36 50 11 57 
AQUIIII!!26 6 31 54 10 36 43 17 16 7 49 33 23 3 48 51 
AQUIIII!!57 23 7 20 36 50 22 44 58 18 41 34 19 53 8 52 
AQUIIII!!57 23 7 20 36 50 22 44 58 18 41 34 19 53 8 52 
AQUIIII!!26 18 31 7 49 23 6 51 36 48 8 17 34 3 29 AQUIIII!!54 36 
20 19 7 50 6 22 3 44 8 51 41 AQUIIII!!34 5 18 9 23 AQUIIII!!3 54 
8 16 34 23 17 49 51 10 18 36 3 43 7 33 26 49 31 48 26 36 17 23 48 6 54 29 51 31 
54 
AQUIIII!!7 19 33 8 34 20 18 3 49 29 6 AQUIIII!!36 6 37 3 51 20 23 50 54 19 
23 36 41 AQUIIII!!18 9 22 48 34 49 7 36 10 8 43 44 23 54 26 51 3 
31 51 16 6 33 17 54 
AQUIIII!!51 54 49 AQUIIII!!3 54 17 16 31 48 36 43 6 17 16 23 26 31 23 36 10 43 49 9 33 26 33 48 9 10 3 
51 6 
AQUIIII!!51 54 49 3 17 31 36 6 16 26 23 43 9 33 48 10 
AQUIIII!!16 54 33 26 36 6 23 9 51 43 10 17 31 49 48 3 
AQUIIII!!20 18 50 23 34 22 19 6 3 7 44 41 36 8 52 53 
AQUIIII!!20 18 50 23 34 22 19 6 3 7 44 41 36 8 52 53 
AQUIIII!!54 36 49 26 51 43 AQUIIII!!31 54 23 20 7 23 6 33 17 36 3 37 48 18 10 3 16 34 33 19 
29 6 8 7 51 49 
AQUIIII!!48 49 26 33 6 3 51 10 31 43 16 36 23 7 17 54 
AQUIIII!!54 10 4 51 26 37 9 23 17 16 36 5 33 49 AQUIIII!!43 36 48 31 
3 26 6 17 8 49 29 AQUIIII!!7 54 23 23 18 7 34 17 54 29 51 48 31 51 3 
26 6 8 18 49 36 48 34 
AQUIIII!!49 8 33 31 7 29 48 34 23 3 19 18 51 36 6 54 
AQUIIII!!AQUIIII!!23 6 48 16 33 31 29 23 8 10 49 49 7 36 34 3 6 51 51 43 3 48 19 33 36 17 31 26 18 7 54 54 

AQUIIII!!43 49 17 33 9 31 AQUIIII!!23 48 2 51 34 35 36 56 6 9 10 27 3 5 26 37 16 23 54 55 
47 33 1 4 59 21 
AQUIIII!!54 43 23 34 3 26 7 31 8 17 6 16 51 36 49 48 
AQUIIII!!54 52 20 6 3 23 19 50 7 44 41 34 22 36 8 18 
AQUIIII!!54 48 5 4 43 49 26 36 51 17 10 9 23 37 33 16 
AQUIIII!!26 33 10 48 31 23 36 51 17 3 16 43 5 9 49 54 
AQUIIII!!21 59 9 56 34 4 1 2 27 37 35 33 47 23 55 5 
AQUIIII!!37 19 23 34 20 7 51 36 18 33 8 3 6 29 49 54 
AQUIIII!!54 9 17 31 33 26 23 3 51 43 10 6 49 36 16 48 
AQUIIII!!23 49 36 8 33 19 48 34 29 51 31 7 18 6 3 54 
AQUIIII!!54 10 43 23 31 33 51 9 26 16 48 49 5 36 17 3 
AQUIIII!!33 10 26 23 43 16 31 5 51 36 17 48 9 49 54 3 
AQUIIII!!51 54 3 20 49 7 23 18 36 29 37 33 19 8 6 34 
AQUIIII!!51 54 48 36 7 49 18 23 26 34 3 31 6 29 17 8 
AQUIIII!!36 37 16 49 43 26 48 17 9 10 5 4 51 23 33 54 AQUIIII!!
51 54 48 36 7 49 18 23 26 34 3 31 6 29 17 8 
AQUIIII!!54 36 8 22 34 44 6 41 3 19 20 51 18 23 7 50 
AQUIIII!!19 34 38 11 36 8 18 50 44 22 57 41 53 20 58 52 
AQUIIII!!58 52 20 36 22 53 0 11 57 18 44 33 50 38 19 34 
AQUIIII!!0 47 21 15 33 56 55 11 25 45 37 12 34 38 14 13 
AQUIIII!!54 23 20 19 8 36 6 34 7 44 50 3 22 41 51 18 
AQUIIII!!54 8 26 7 17 31 29 6 3 23 36 34 18 48 49 51 
AQUIIII!!22 44 41 7 50 20 18 19 6 23 34 8 36 52 3 54 
AQUIIII!!51 54 33 34 19 18 36 7 29 23 37 8 49 20 3 6 
AQUIIII!!54 48 5 4 43 49 26 36 51 17 10 9 23 37 33 16 
AQUIIII!!54 17 29 36 26 6 3 31 34 48 18 49 7 8 23 51 
AQUIIII!!54 7 18 41 8 44 51 3 22 20 23 34 19 6 50 36 
AQUIIII!!54 17 8 36 6 51 34 48 26 3 49 16 23 43 31 7 
AQUIIII!!54 6 51 23 36 33 49 48 10 26 3 17 16 43 7 31 
AQUIIII!!54 6 8 20 50 23 3 18 22 34 19 36 44 52 41 7 
AQUIIII!!52 54 50 34 19 44 6 18 8 36 3 AQUIIII!!41 54 22 41 23 23 7 50 20 3 
20 52 8 6 44 22 18 7 19 36 34 
AQUIIII!!54 20 7 3 29 19 49 36 23 34 37 8 33 18 6 51 
AQUIIII!!54 43 10 51 17 6 7 26 48 16 33 36 49 23 3 31 
Number of Cuts in the second phase:1749
Number of repeat: 1693 
Violation: 120.000000
Violation: 191.000000
Violation: 571.000000
Violation: 816.000000
Violation: 1076.000000
Violation: 596.000000
Violation: 260.000000
Violation: 635.000000
Violation: 929.000000
Violation: 386.000000
Violation: 22.000000
Violation: 111.000000
Violation: 114.000000
Violation: 384.000000
Violation: 196.000000
Violation: 185.000000
Violation: 464.000000
Violation: 136.000000
Violation: 55.000000
Violation: 782.000000
Violation: 608.000000
Violation: 327.000000
Violation: 269.000000
Violation: 1315.000000
Violation: 306.000000
Violation: 315.000000
Violation: 247.000000
Violation: 867.000000
Violation: 424.000000
Violation: 783.000000
Violation: 594.000000
Violation: 660.000000
Violation: 251.000000
Violation: 302.000000
Violation: 630.000000
Violation: 593.000000
Violation: 371.000000
Violation: 280.000000
Violation: 186.000000
Violation: 562.000000
Violation: 287.000000
Violation: 187.000000
Violation: 280.000000
Violation: 70.000000
Violation: 620.000000
Violation: 292.000000
Violation: 197.000000
Violation: 440.000000
Violation: 826.000000
Violation: 416.000000
Violation: 224.000000
Violation: 570.000000
Violation: 701.000000
Violation: 308.000000
Violation: 1076.000000
Violation: 216.000000
took 4.198943
Optimize a model with 902 rows, 906 columns and 12360 nonzeros
Coefficient statistics:
  Matrix range     [1e+00, 4e+01]
  Objective range  [0e+00, 0e+00]
  Bounds range     [1e+00, 4e+01]
  RHS range        [1e+00, 1e+02]
Presolve removed 617 rows and 115 columns
Presolve time: 0.00s
Presolved: 285 rows, 791 columns, 8573 nonzeros

Iteration    Objective       Primal Inf.    Dual Inf.      Time
       0    0.0000000e+00   4.716969e+01   0.000000e+00      0s
     151    0.0000000e+00   0.000000e+00   0.000000e+00      0s

Solved in 151 iterations and 0.01 seconds
Optimal objective  0.000000000e+00
