A-4.txt_s3.txt
Academic license - for non-commercial use only
Read LP format model from file lp/A-4.txt.lp
Reading time = 0.06 seconds
: 961 rows, 10797 columns, 131727 nonzeros
OKGPU
nThreads: 1024 , nBlocks: 12 
Number cuts generated in the phase 1: 13
Number of repeat: 0 
violation 43.000000
violation 30.000000
violation 10.000000
violation 13.000000
violation 13.000000
violation 198.000000
violation 56.000000
violation 306.000000
violation 785.000000
violation 576.000000
violation 27.000000
violation 714.000000
violation 774.000000
4992 16
AQUIIII!!151 83 13 5 154 28 150 29 95 152 149 93 27 100 153 21 
AQUIIII!!151 143 5 19 148 18 7 93 94 87 6 150 145 8 21 68 
AQUIIII!!93 5 87 153 68 13 154 18 21 19 7 149 150 152 94 151 
AQUIIII!!151 93 5 94 20 145 7 18 87 6 8 21 148 143 68 19 
AQUIIII!!151 94 154 153 143 18 19 5 68 21 150 7 87 13 93 152 
AQUIIII!!154 28 26 83 21 27 150 93 95 153 29 149 13 100 151 152 
AQUIIII!!21 151 83 26 29 153 149 150 93 154 152 100 95 28 27 13 
AQUIIII!!150 27 153 154 29 26 149 83 100 21 93 95 28 13 152 151 
AQUIIII!!151 8 5 7 68 94 143 6 145 148 93 21 87 18 19 20 
AQUIIII!!94 68 145 5 7 21 148 18 13 143 150 154 87 19 93 151 
AQUIIII!!151 149 83 150 153 21 13 154 28 27 152 100 93 26 95 29 
AQUIIII!!155 30 118 35 33 15 114 16 14 34 36 42 119 32 1 82 
AQUIIII!!150 149 95 28 21 152 153 83 154 27 100 26 29 13 93 151 
AQUIIII!!151 21 18 148 145 87 68 93 6 94 7 5 143 19 150 13 
AQUIIII!!87 150 7 13 154 93 145 18 21 94 153 68 5 143 19 151 
AQUIIII!!94 19 154 153 18 21 68 5 143 152 7 87 93 13 150 151 
AQUIIII!!5 93 87 154 68 13 21 7 153 94 18 152 150 19 143 151 
AQUIIII!!0 42 34 22 32 2 119 33 114 35 82 36 118 1 30 155 
AQUIIII!!0 42 34 22 32 2 119 33 114 35 82 36 118 1 30 155 
AQUIIII!!154 87 153 5 7 94 13 19 152 149 150 68 18 93 21 151 
AQUIIII!!154 87 153 5 7 94 13 19 152 149 150 68 18 93 21 151 
AQUIIII!!151 87 93 18 19 148 68 154 94 5 145 150 7 21 13 143 
AQUIIII!!5 153 154 93 18 94 19 150 68 87 143 7 152 13 21 151 
AQUIIII!!151 152 153 13 150 68 143 154 94 5 93 21 19 18 7 87 
AQUIIII!!151 152 153 13 150 68 143 154 94 5 93 21 19 18 7 87 
AQUIIII!!21 13 145 68 94 87 154 5 93 18 19 150 7 143 148 151 
AQUIIII!!151 143 93 19 5 94 154 150 68 18 87 7 153 21 13 145 
AQUIIII!!87 94 93 143 153 145 21 7 150 19 154 13 18 68 5 151 
AQUIIII!!150 93 28 152 149 83 153 154 100 26 29 25 95 27 13 151 
AQUIIII!!93 150 68 149 18 152 19 5 7 94 13 87 153 151 154 21 
AQUIIII!!87 18 19 154 93 13 152 7 94 150 143 68 153 5 21 151 
AQUIIII!!87 18 19 154 93 13 152 7 94 150 143 68 153 5 21 151 
AQUIIII!!152 94 149 153 29 5 87 150 18 93 21 7 68 154 13 151 
AQUIIII!!154 68 148 19 21 7 143 145 93 5 13 18 87 94 150 151 
AQUIIII!!151 27 21 149 13 26 100 83 95 150 93 152 154 153 28 29 
AQUIIII!!151 18 7 154 143 93 13 153 150 68 87 19 5 94 21 152 
AQUIIII!!100 150 27 154 25 83 149 153 29 26 93 28 152 95 13 151 
AQUIIII!!93 87 8 18 94 19 6 145 5 148 20 143 68 21 7 151 AQUIIII!!
151 150 94 7 21 145 6 18 148 13 68 143 87 5 19 93 
AQUIIII!!151 7 19 18 143 6 5 68 148 150 21 145 94 8 87 93 
AQUIIII!!95 152 21 83 13 154 153 27 150 100 5 29 93 28 149 151 
AQUIIII!!13 152 19 18 68 5 93 87 149 154 7 94 153 21 150 151 
AQUIIII!!83 154 5 93 29 100 149 150 152 153 95 13 27 28 151 21 
AQUIIII!!35 114 0 2 32 22 42 33 119 36 118 41 34 82 155 30 
AQUIIII!!68 93 87 7 21 153 5 94 149 150 28 13 29 154 152 151 
AQUIIII!!154 29 27 28 4 95 13 100 25 93 149 26 153 152 83 17 
AQUIIII!!94 18 19 21 5 6 145 87 68 20 148 7 143 93 8 151 
AQUIIII!!28 83 93 150 149 100 153 26 152 25 154 29 13 27 95 151 
AQUIIII!!151 21 18 148 145 87 68 93 6 94 7 5 143 19 150 13 
AQUIIII!!151 13 21 94 7 154 68 150 29 93 149 5 87 18 153 152 
AQUIIII!!87 13 143 5 94 145 93 68 7 AQUIIII!!150 151 21 19 154 18 18 153 19 152 148 94 151 21 
87 143 13 7 5 68 150 93 154 
AQUIIII!!145 21 13 18 93 94 148 143 7 19 150 5 68 154 87 151 
AQUIIII!!151 28 13 93 152 26 27 95 25 83 154 29 100 149 150 153 
AQUIIII!!151 154 68 29 149 7 18 13 87 93 94 150 5 152 21 153 
AQUIIII!!151 154 68 29 149 7 18 13 87 93 94 150 5 152 21 153 
AQUIIII!!87 6 94 7 21 5 145 143 93 150 13 148 19 68 18 151 
AQUIIII!!13 21 94 143 153 87 18 7 145 19 5 68 93 150 154 151 
AQUIIII!!152 68 13 7 19 87 149 5 21 94 150 93 18 153 151 154 
AQUIIII!!151 148 92 13 19 6 68 7 143 150 87 145 18 5 21 93 
AQUIIII!!119 33 82 15 118 36 114 14 35 1 42 34 16 32 30 155 
AQUIIII!!150 5 145 7 18 148 93 21 94 6 68 19 13 143 87 151 
AQUIIII!!19 87 21 150 8 18 94 5 7 148 68 93 143 6 145 151 
AQUIIII!!150 5 68 18 13 87 7 153 21 154 152 94 143 19 93 151 
AQUIIII!!21 151 93 152 153 28 29 13 83 149 26 100 154 150 27 95 
AQUIIII!!154 93 68 7 149 29 5 87 150 28 13 94 152 153 151 21 
AQUIIII!!152 150 26 153 28 27 100 149 29 83 95 13 154 93 21 151 
AQUIIII!!152 5 68 13 93 7 154 149 18 150 21 87 153 94 19 151 
AQUIIII!!151 27 154 150 83 100 28 153 13 93 29 149 21 5 152 95 
AQUIIII!!27 95 21 28 100 153 152 26 154 13 83 93 149 150 29 151 
AQUIIII!!151 149 28 21 68 152 94 93 13 154 150 5 87 153 29 7 
AQUIIII!!151 154 28 150 27 26 13 153 25 95 29 93 152 149 83 100 
AQUIIII!!151 154 28 150 27 26 13 153 25 95 29 93 152 149 83 100 
AQUIIII!!151 7 21 87 143 19 20 148 6 8 93 5 18 68 145 94 
AQUIIII!!95 149 13 150 153 83 100 93 21 5 29 154 28 27 152 151 
AQUIIII!!151 21 150 100 29 13 153 83 154 93 26 95 149 27 28 152 
AQUIIII!!151 29 149 28 153 26 95 25 154 83 93 13 27 100 152 150 
AQUIIII!!151 28 152 29 27 95 100 5 13 21 149 150 83 154 93 153 
AQUIIII!!29 149 87 13 154 94 93 21 28 150 7 5 152 153 68 151 
AQUIIII!!154 153 151 21 152 100 27 26 93 95 28 83 149 13 150 29 
AQUIIII!!152 7 5 153 68 150 29 149 94 18 87 13 21 93 151 154 
AQUIIII!!155 30 0 114 82 AQUIIII!!42 21 32 153 41 154 35 28 33 93 36 152 2 26 22 100 119 149 118 83 34 13 
95 29 27 150 151 
AQUIIII!!93 94 7 154 150 5 18 68 153 149 87 152 21 19 13 151 
AQUIIII!!5 21 152 94 29 68 93 154 153 13 149 150 87 18 7 151 
AQUIIII!!29 154 95 150 26 13 27 149 151 153 21 28 83 100 93 152 
AQUIIII!!19 21 18 94 148 87 145 143 7 150 5 154 68 93 13 151 
AQUIIII!!150 148 87 145 93 21 94 18 68 5 143 8 7 6 19 151 
Number of Cuts in the second phase:1254
Number of repeat: 1129 
Violation: 119.000000
Violation: 192.000000
Violation: 642.000000
Violation: 190.000000
Violation: 374.000000
Violation: 428.000000
Violation: 278.000000
Violation: 214.000000
Violation: 595.000000
Violation: 680.000000
Violation: 570.000000
Violation: 856.000000
Violation: 560.000000
Violation: 149.000000
Violation: 919.000000
Violation: 451.000000
Violation: 145.000000
Violation: 77.000000
Violation: 346.000000
Violation: 34.000000
Violation: 384.000000
Violation: 380.000000
Violation: 1190.000000
Violation: 219.000000
Violation: 758.000000
Violation: 195.000000
Violation: 69.000000
Violation: 273.000000
Violation: 1119.000000
Violation: 283.000000
Violation: 250.000000
Violation: 785.000000
Violation: 735.000000
Violation: 405.000000
Violation: 551.000000
Violation: 396.000000
Violation: 4.000000
Violation: 768.000000
Violation: 317.000000
Violation: 226.000000
Violation: 111.000000
Violation: 126.000000
Violation: 420.000000
Violation: 4.000000
Violation: 181.000000
Violation: 1574.000000
Violation: 365.000000
Violation: 110.000000
Violation: 1334.000000
Violation: 657.000000
Violation: 132.000000
Violation: 1355.000000
Violation: 558.000000
Violation: 44.000000
Violation: 629.000000
Violation: 340.000000
Violation: 793.000000
Violation: 906.000000
Violation: 309.000000
Violation: 188.000000
Violation: 518.000000
Violation: 948.000000
Violation: 365.000000
Violation: 171.000000
Violation: 80.000000
Violation: 574.000000
Violation: 299.000000
Violation: 791.000000
Violation: 622.000000
Violation: 634.000000
Violation: 361.000000
Violation: 313.000000
Violation: 309.000000
Violation: 1.000000
Violation: 548.000000
Violation: 68.000000
Violation: 701.000000
Violation: 238.000000
Violation: 146.000000
Violation: 167.000000
Violation: 564.000000
Violation: 1564.000000
Violation: 975.000000
Violation: 62.000000
Violation: 91.000000
Violation: 219.000000
Violation: 250.000000
Violation: 791.000000
Violation: 1548.000000
Violation: 76.000000
Violation: 570.000000
Violation: 613.000000
Violation: 447.000000
Violation: 115.000000
Violation: 1115.000000
Violation: 333.000000
Violation: 265.000000
Violation: 37.000000
Violation: 283.000000
Violation: 491.000000
Violation: 181.000000
Violation: 52.000000
Violation: 165.000000
Violation: 19.000000
Violation: 278.000000
Violation: 624.000000
Violation: 1140.000000
Violation: 787.000000
Violation: 1088.000000
Violation: 540.000000
Violation: 227.000000
Violation: 1165.000000
Violation: 351.000000
Violation: 1120.000000
Violation: 187.000000
Violation: 18.000000
Violation: 357.000000
Violation: 655.000000
Violation: 104.000000
Violation: 1948.000000
Violation: 109.000000
Violation: 361.000000
Violation: 459.000000
Violation: 350.000000
Violation: 1054.000000
took 9.810889
Optimize a model with 1160 rows, 10797 columns and 133077 nonzeros
Coefficient statistics:
  Matrix range     [1e-05, 9e+01]
  Objective range  [0e+00, 0e+00]
  Bounds range     [1e+00, 2e+09]
  RHS range        [1e+00, 6e+01]
Warning: Model contains large bounds
         Consider reformulating model or setting NumericFocus parameter
         to avoid numerical issues.

Concurrent LP optimizer: dual simplex and barrier
Showing barrier log only...

Presolve removed 166 rows and 420 columns
Presolve time: 0.04s
Presolved: 994 rows, 10377 columns, 125513 nonzeros

Ordering time: 0.00s

Barrier statistics:
 AA' NZ     : 5.522e+04
 Factor NZ  : 9.692e+04 (roughly 5 MBytes of memory)
 Factor Ops : 1.147e+07 (less than 1 second per iteration)
 Threads    : 3

                  Objective                Residual
Iter       Primal          Dual         Primal    Dual     Compl     Time
   0   0.00000000e+00 -2.68716627e+07  8.27e+09 0.00e+00  1.42e+06     0s
   1   0.00000000e+00 -6.34870899e+06  2.86e+09 8.51e-03  4.85e+05     0s
   2   0.00000000e+00 -2.17699804e+05  3.11e+08 2.78e-16  5.34e+04     0s
   3   0.00000000e+00 -1.42232852e+03  3.22e+04 1.11e-16  5.60e+00     0s
   4   0.00000000e+00 -1.12832258e+03  2.40e+04 2.55e-06  4.00e+00     0s
   5   0.00000000e+00 -1.37263676e+03  1.45e+04 7.76e-05  3.05e+00     0s
   6   0.00000000e+00 -9.62843889e+02  6.53e+03 2.53e-05  1.24e+00     0s
   7   0.00000000e+00 -7.95994074e+02  5.39e+03 8.86e-07  9.95e-01     0s
   8   0.00000000e+00 -6.31324521e+02  2.33e+03 1.96e-08  4.31e-01     0s
   9   0.00000000e+00 -4.12625401e+02  1.47e+03 1.13e-10  2.60e-01     0s
  10   0.00000000e+00 -3.81285275e+02  4.64e+02 9.27e-11  9.38e-02     0s
  11   0.00000000e+00 -2.16403581e+02  3.27e+02 3.00e-11  6.01e-02     0s
  12   0.00000000e+00 -9.48779665e+01  6.89e+01 5.13e-12  1.44e-02     0s
  13   0.00000000e+00 -3.38263689e+01  1.52e+01 1.24e-12  3.67e-03     0s
  14   0.00000000e+00 -1.70699764e+01  5.31e+00 5.02e-13  1.45e-03     0s
  15   0.00000000e+00 -1.13101953e+01  2.52e+00 3.10e-13  8.16e-04     0s
  16   0.00000000e+00 -8.37406117e+00  1.67e+00 2.17e-13  5.63e-04     0s

Barrier performed 16 iterations in 0.12 seconds
Barrier solve interrupted - model solved by another algorithm


Solved with dual simplex
Solved in 685 iterations and 0.12 seconds
Optimal objective  0.000000000e+00
