j3017_4.mm_s0.txt
Academic license - for non-commercial use only
Read LP format model from file lp/j3017_4.mm.lp
Reading time = 0.00 seconds
: 351 rows, 906 columns, 9053 nonzeros
OKGPU
nThreads: 1024 , nBlocks: 12 
Number cuts generated in the phase 1: 13
Number of repeat: 0 
violation 714.000000
violation 695.000000
violation 185.000000
violation 585.000000
violation 236.000000
violation 674.000000
violation 674.000000
violation 782.000000
violation 423.000000
violation 27.000000
violation 198.000000
violation 402.000000
violation 750.000000
8592 16
52 33 
8 8 23 20 44 36 19 50 18 51 6 6 34 3 3 20 7 57 54 53 
7 50 AQUIIII!!54 59 
5 27 33 37 AQUIIII!!4 5 9 17 55 33 17 56 10 16 26 2 16 10 37 23 4 48 49 1 48 
1 51 9 2 AQUIIII!!23 49 54 
23 AQUIIII!!48 54 18 23 19 34 43 33 4 8 3 20 10 36 50 36 51 49 6 5 3 6 AQUIIII!!7 48 54 51 7 
16 54 17 9 19 26 34 
AQUIIII!!8 54 6 7 36 19 3 36 18 6 33 52 3 50 18 23 34 49 51 AQUIIII!!51 44 54 20 AQUIIII!!53 19 48 48 50 50 
54 8 36 36 23 18 16 20 20 3 
7 31 33 6 23 49 23 8 AQUIIII!!52 18 48 6 17 16 3 10 26 51 7 51 51 49 6 34 26 10 
8 17 
3 7 23 49 43 8 36 9 54 
AQUIIII!!AQUIIII!!7 36 52 53 57 50 34 23 50 6 0 34 8 3 20 44 7 19 11 51 18 58 53 19 20 18 54 44 8 38 52 36 

AQUIIII!!8 19 18 11 44 22 6 34 57 20 58 50 53 36 52 7 
AQUIIII!!54 18 6 7 8 3 52 57 53 44 50 19 36 34 23 20 
AQUIIII!!54 18 36 19 49 34 3 50 33 6 8 23 48 51 20 7 
AQUIIII!!23 4 2 9 5 51 17 26 43 3 49 33 48 10 16 54 
AQUIIII!!17 AQUIIII!!43 6 26 49 43 3 3 36 6 8 9 10 48 10 5 7 49 4 23 51 51 17 36 16 54 48 
9 16 23 26 54 
AQUIIII!!48 6 10 AQUIIII!!23 54 5 3 43 26 10 17 23 51 9 AQUIIII!!36 AQUIIII!!6 54 9 54 7 43 4 26 17 7 16 48 23 3 9 48 49 3 5 36 1 34 54 26 
16 16 17 10 31 AQUIIII!!49 5 48 51 23 49 48 8 51 51 AQUIIII!!16 51 33 16 51 49 AQUIIII!!6 37 
54 2 54 18 2 23 AQUIIII!!17 48 4 19 54 10 1 51 17 49 5 17 23 33 
36 3 4 4 49 AQUIIII!!
16 37 33 9 54 33 23 17 10 51 AQUIIII!!9 8 3 1 18 54 26 17 51 49 48 5 5 49 2 3 48 49 16 10 36 6 37 54 10 6 26 AQUIIII!!7 16 
5 17 48 54 50 2 4 4 10 49 8 23 43 7 26 52 23 43 9 8 9 31 34 18 
3 26 
33 20 23 18 36 36 34 48 
20 33 26 19 51 36 19 49 3 6 
50 16 6 51 7 23 

AQUIIII!!54 33 49 10 9 37 5 48 4 1 AQUIIII!!51 54 23 48 17 9 2 43 16 5 26 36 
AQUIIII!!23 49 54 49 8 6 3 7 52 36 51 18 16 23 50 17 51 26 33 3 6 19 10 7 
34 20 
AQUIIII!!8 53 52 19 58 34 18 36 11 12 33 38 57 20 0 50 
AQUIIII!!8 6 19 52 23 34 7 36 3 AQUIIII!!18 50 50 34 57 11 20 18 44 22 53 57 54 
20 19 58 6 44 8 36 53 7 52 
AQUIIII!!52 7 6 54 53 51 8 23 20 19 AQUIIII!!36 54 18 26 17 34 36 3 10 50 16 44 7 
6 49 23 AQUIIII!!51 54 31 6 48 8 8 3 18 50 3 18 
51 19 53 52 44 36 7 20 23 34 
AQUIIII!!50 8 36 3 20 44 19 23 7 6 34 53 51 52 18 54 
AQUIIII!!49 23 3 43 10 8 16 36 26 7 48 6 51 17 54 9 
AQUIIII!!5 26 10 48 23 17 2 37 49 4 1 33 16 51 9 54 
AQUIIII!!8 AQUIIII!!50 7 33 7 51 16 19 17 36 8 18 36 34 34 51 18 52 31 23 3 6 20 48 AQUIIII!!3 6 54 49 49 6 54 49 
23 31 19 3 54 19 
17 7 48 23 36 8 34 18 51 16 
AQUIIII!!54 AQUIIII!!AQUIIII!!36 5 20 51 26 52 49 58 10 38 3 48 12 23 23 36 57 26 17 0 48 2 13 5 37 34 7 19 49 50 4 9 53 43 1 11 14 33 16 33 10 16 
17 51 9 6 
54 
AQUIIII!!54 18 7 8 53 52 44 3 6 57 20 34 19 36 23 50 
AQUIIII!!52 7 53 23 44 19 3 58 6 34 50 20 36 8 18 57 
AQUIIII!!18 53 52 57 20 11 58 38 33 34 19 50 13 36 0 12 
AQUIIII!!43 4 3 9 5 10 2 51 49 23 26 16 48 17 33 54 
AQUIIII!!7 49 23 10 6 8 43 3 17 26 48 51 9 36 16 54 
AQUIIII!!48 51 3 34 19 18 AQUIIII!!6 53 7 54 7 8 6 17 50 36 23 49 44 23 57 31 52 16 
3 34 36 19 20 8 18 AQUIIII!!58 54 
36 16 6 48 7 34 31 18 23 17 19 51 3 8 49 
AQUIIII!!44 3 50 6 57 54 23 36 34 AQUIIII!!18 36 20 AQUIIII!!18 49 44 8 1 50 19 33 3 5 52 52 4 51 53 26 23 7 23 7 17 
20 10 53 AQUIIII!!9 8 54 2 34 6 51 17 19 18 16 6 48 48 3 54 37 8 
54 31 36 
19 16 51 49 7 23 34 
AQUIIII!!36 18 44 50 3 52 51 23 7 20 53 8 34 19 6 AQUIIII!!54 19 
6 3 20 34 7 50 49 36 48 18 51 23 33 8 54 
AQUIIII!!54 31 18 17 34 36 19 16 51 23 49 3 8 48 7 6 
AQUIIII!!54 53 19 50 18 3 52 8 36 51 34 7 23 6 44 20 
AQUIIII!!48 54 16 9 37 49 33 23 1 4 2 5 10 26 51 17 
AQUIIII!!54 18 49 36 19 3 7 48 51 17 23 33 6 34 20 8 
AQUIIII!!6 54 51 7 36 34 50 3 52 49 20 18 23 8 19 33 
AQUIIII!!54 43 23 AQUIIII!!49 54 10 8 16 36 26 3 2 19 9 18 48 23 33 34 51 44 17 50 4 57 5 53 3 6 
52 7 20 
AQUIIII!!17 33 10 5 37 51 4 1 2 23 16 26 49 54 9 48 
AQUIIII!!4 51 16 AQUIIII!!49 43 3 9 23 10 26 23 10 3 5 48 17 26 33 16 43 AQUIIII!!33 2 7 48 5 23 54 17 16 9 2 17 
49 6 4 26 51 8 54 49 
3 36 10 48 18 51 31 54 
AQUIIII!!48 26 3 17 5 4 9 43 6 23 10 51 36 16 49 54 
AQUIIII!!54 48 17 51 9 23 26 43 10 7 36 16 6 3 5 49 
AQUIIII!!54 48 17 51 9 23 26 43 10 7 36 16 6 3 5 49 
AQUIIII!!AQUIIII!!3 36 20 26 AQUIIII!!48 4 17 6 23 23 34 23 48 7 16 51 18 43 20 5 6 3 3 49 51 51 53 6 19 10 44 50 AQUIIII!!9 8 52 57 49 33 34 18 36 54 23 8 
54 50 
36 8 53 7 7 19 34 50 19 18 36 54 6 44 
20 3 54 52 
AQUIIII!!17 16 2 49 3 43 9 33 5 10 26 23 4 48 51 54 
AQUIIII!!49 3 6 51 19 23 50 34 33 36 8 20 7 18 54 52 
AQUIIII!!26 33 4 2 1 5 49 10 17 48 16 9 37 51 23 54 
AQUIIII!!52 20 3 44 7 8 18 53 50 36 6 23 34 51 19 54 
AQUIIII!!8 54 7 23 19 50 51 49 33 18 20 34 3 48 6 36 AQUIIII!!
54 23 5 51 9 26 16 17 6 10 49 43 4 36 48 3 
AQUIIII!!54 6 49 48 7 51 9 16 26 17 8 43 3 10 23 36 
AQUIIII!!3 5 43 26 36 16 49 23 9 10 48 4 6 51 17 54 
AQUIIII!!26 4 49 36 51 43 5 10 3 48 17 6 16 23 54 9 
AQUIIII!!3 AQUIIII!!48 17 1 43 37 49 33 26 16 4 33 2 5 2 17 51 51 23 9 10 4 16 54 23 9 
5 49 10 26 48 54 
AQUIIII!!48 54 19 8 3 49 23 17 31 16 6 51 7 18 34 36 
AQUIIII!!54 18 20 49 6 34 36 51 7 48 8 3 33 23 AQUIIII!!19 23 50 50 
51 34 19 8 7 52 20 18 44 53 6 3 36 54 
AQUIIII!!AQUIIII!!48 8 8 53 19 20 34 0 6 44 36 19 18 34 7 50 3 38 31 11 23 7 16 52 49 18 51 57 17 36 54 58 

AQUIIII!!54 23 48 43 3 4 51 16 10 33 49 26 17 2 5 AQUIIII!!9 54 49 
17 7 8 18 23 34 36 3 48 20 6 33 51 19 
AQUIIII!!54 6 49 48 7 51 9 16 26 17 8 43 3 10 23 36 
AQUIIII!!7 52 8 51 54 20 3 50 19 33 49 34 18 23 6 36 
AQUIIII!!31 7 18 6 3 26 17 10 36 8 16 49 23 54 51 48 
AQUIIII!!19 0 38 57 34 8 50 18 58 52 AQUIIII!!11 53 36 54 20 3 44 50 53 20 7 23 
18 36 44 34 57 52 19 8 7 AQUIIII!!51 6 54 
6 3 36 33 17 19 20 18 23 49 7 34 8 48 
AQUIIII!!3 44 36 50 52 19 51 8 20 6 18 23 53 34 54 7 
AQUIIII!!7 54 44 8 53 23 36 52 20 51 6 18 3 50 34 19 
AQUIIII!!54 8 19 18 33 34 20 36 7 48 49 23 3 50 51 6 
AQUIIII!!54 9 5 10 48 4 49 26 36 6 43 17 23 3 16 51 
AQUIIII!!54 52 57 44 23 34 3 AQUIIII!!20 8 18 52 36 44 8 7 53 57 6 6 7 23 50 19 19 36 
34 20 AQUIIII!!3 52 54 50 51 54 50 53 18 18 20 
3 33 49 23 7 8 36 19 34 6 
AQUIIII!!52 54 51 50 18 20 3 33 49 23 7 8 36 19 34 6 
AQUIIII!!7 50 18 19 8 6 36 34 23 20 3 51 52 44 53 54 
AQUIIII!!34 23 36 8 19 51 3 7 49 18 17 6 48 AQUIIII!!33 22 50 20 7 54 19 
18 20 58 44 36 34 6 11 57 8 53 52 
AQUIIII!!5 4 26 37 1 10 23 17 2 16 48 33 49 9 51 54 
AQUIIII!!6 16 7 26 43 49 3 5 9 51 48 23 17 36 10 54 
AQUIIII!!5 4 26 37 1 10 23 AQUIIII!!17 54 2 5 16 48 49 33 48 49 7 9 AQUIIII!!26 51 54 54 10 
3 8 9 19 51 34 6 7 23 50 16 48 43 20 17 AQUIIII!!3 54 36 33 36 
18 16 51 6 49 23 23 5 10 6 49 36 7 
43 26 51 48 17 3 9 
AQUIIII!!54 57 44 8 34 50 53 7 36 18 19 3 20 23 6 52 
AQUIIII!!AQUIIII!!54 9 17 54 4 23 23 17 48 49 49 3 37 10 26 48 2 51 51 6 16 36 10 7 9 16 5 43 33 26 1 8 

AQUIIII!!48 6 8 17 51 49 43 AQUIIII!!9 36 6 26 54 7 3 3 23 16 20 23 10 7 54 44 
34 51 19 36 18 50 52 8 53 
AQUIIII!!52 8 58 3 36 44 34 6 19 7 50 20 57 23 53 18 
AQUIIII!!58 20 53 6 8 7 52 11 50 AQUIIII!!57 48 49 44 22 6 54 AQUIIII!!19 6 34 3 54 26 18 51 16 36 7 43 
36 36 34 4 50 5 3 52 17 10 49 20 9 18 51 23 23 8 
19 33 
AQUIIII!!7 3 52 36 8 23 44 50 34 6 20 19 53 18 51 54 
AQUIIII!!4 6 3 36 23 51 17 9 26 48 16 5 10 43 49 54 
AQUIIII!!37 1 33 49 4 26 17 51 9 5 16 23 2 10 48 54 
AQUIIII!!37 23 17 51 4 33 2 16 10 1 5 AQUIIII!!59 26 52 54 9 48 6 AQUIIII!!49 57 48 
50 54 53 23 19 51 34 49 20 17 3 26 7 10 8 43 36 9 44 3 18 5 23 16 
6 7 36 
AQUIIII!!49 54 7 19 31 51 AQUIIII!!23 54 48 34 34 6 20 33 48 23 16 50 6 18 18 3 7 36 17 3 36 49 8 51 19 
8 
AQUIIII!!8 3 49 36 7 AQUIIII!!23 51 33 6 20 3 52 48 50 36 18 5 51 16 34 17 19 26 54 49 6 10 
4 43 9 23 54 
AQUIIII!!36 43 6 10 3 4 49 16 17 48 23 51 5 26 9 54 
AQUIIII!!36 43 6 10 3 4 49 16 17 48 23 51 5 26 9 54 
AQUIIII!!17 26 23 3 9 51 6 AQUIIII!!36 16 7 49 10 7 8 17 49 3 10 48 8 43 43 16 51 54 9 
26 36 AQUIIII!!48 47 23 0 6 55 54 
37 57 21 33 38 12 13 11 58 15 34 14 53 
AQUIIII!!7 50 8 3 19 33 36 23 52 49 20 18 51 34 6 54 
AQUIIII!!8 16 43 17 26 9 6 49 23 7 51 3 48 10 AQUIIII!!36 54 2 
9 49 48 3 33 23 5 26 4 10 51 17 43 16 AQUIIII!!54 7 
34 23 8 18 50 20 19 6 53 AQUIIII!!57 36 36 23 16 44 52 10 48 3 31 54 51 
3 18 26 8 7 AQUIIII!!17 6 6 5 49 36 54 43 
4 16 51 17 9 23 3 48 26 49 10 54 
AQUIIII!!54 10 51 17 49 16 48 23 1 2 33 9 37 4 5 AQUIIII!!26 36 
8 53 3 50 23 20 6 19 7 57 18 44 52 34 54 
AQUIIII!!16 4 49 48 33 2 1 17 9 23 51 10 5 26 37 54 
AQUIIII!!54 48 9 43 5 36 23 49 6 7 51 16 17 26 3 10 
AQUIIII!!6 33 8 19 3 23 48 36 7 49 18 20 34 50 51 54 
AQUIIII!!3 31 16 AQUIIII!!8 54 51 3 34 16 49 48 9 19 8 18 51 6 23 7 43 36 26 7 17 49 23 10 54 17 48 6 
36 
AQUIIII!!8 18 23 53 6 7 36 19 34 44 51 20 50 52 3 54 
AQUIIII!!3 17 36 49 48 16 6 23 26 7 8 9 10 43 51 54 
AQUIIII!!54 23 17 1 26 5 37 49 2 9 16 33 51 48 4 10 
AQUIIII!!54 51 17 18 33 19 48 49 3 34 8 23 36 6 7 20 
AQUIIII!!7 52 8 51 54 20 3 50 19 AQUIIII!!33 49 15 34 13 18 23 34 6 21 36 
12 14 55 11 38 33 47 37 0 56 59 58 
AQUIIII!!54 36 16 AQUIIII!!51 8 43 AQUIIII!!53 5 54 34 9 AQUIIII!!9 36 7 16 0 33 AQUIIII!!48 6 47 57 54 17 36 13 11 52 6 48 11 12 18 10 51 33 18 34 26 23 14 38 33 49 10 38 52 3 6 4 56 58 43 23 19 55 0 
36 3 37 19 17 3 34 50 5 7 15 20 26 23 
57 49 51 12 
8 21 49 58 50 
20 
AQUIIII!!54 9 51 5 23 33 2 10 17 4 3 16 48 26 43 49 
AQUIIII!!18 48 51 3 23 16 7 8 36 10 26 49 6 17 31 54 
AQUIIII!!6 33 23 19 7 34 8 49 20 3 18 51 48 50 36 54 
AQUIIII!!8 49 20 3 7 23 51 34 6 36 18 19 50 33 AQUIIII!!54 7 8 52 54 
17 36 3 34 49 23 51 19 33 18 48 20 6 
AQUIIII!!9 54 3 36 17 10 7 6 23 26 8 51 16 49 48 43 
AQUIIII!!52 6 50 36 7 51 44 34 8 20 23 19 AQUIIII!!53 8 3 52 18 54 51 54 49 
23 50 33 19 34 18 36 3 20 7 6 
AQUIIII!!54 16 3 10 51 36 49 48 23 26 9 6 7 43 17 8 
AQUIIII!!54 49 9 43 16 51 17 23 2 4 3 5 AQUIIII!!33 48 38 26 0 10 58 
50 33 11 12 19 36 13 34 57 14 52 20 53 
AQUIIII!!51 54 7 16 6 31 19 34 8 23 3 48 17 36 AQUIIII!!18 17 49 
48 6 23 20 33 19 36 34 8 18 7 49 3 54 51 
AQUIIII!!9 54 3 36 17 10 7 6 23 26 8 51 16 49 48 43 
AQUIIII!!53 52 20 57 33 12 13 18 36 50 19 38 0 11 34 58 
AQUIIII!!49 18 34 48 20 3 19 51 23 7 8 33 6 17 36 54 
AQUIIII!!51 54 31 16 23 18 AQUIIII!!7 54 48 36 6 8 8 26 49 48 AQUIIII!!17 3 54 16 36 34 17 34 49 19 23 3 50 31 AQUIIII!!36 7 19 7 10 7 6 49 51 20 54 18 
51 
3 8 52 6 18 48 16 49 36 33 18 23 34 3 51 31 6 19 17 8 23 

AQUIIII!!7 49 54 51 8 6 48 16 36 18 34 3 31 19 17 23 
AQUIIII!!51 54 50 6 52 18 20 3 36 34 7 19 23 8 44 53 
AQUIIII!!50 52 7 34 23 AQUIIII!!20 18 58 53 6 59 57 44 11 3 36 38 8 34 19 54 
13 15 37 0 12 21 47 55 33 14 56 
AQUIIII!!18 6 52 19 50 7 20 34 8 AQUIIII!!3 7 36 49 44 8 53 48 23 6 57 33 54 19 
34 36 3 23 20 18 51 50 54 
AQUIIII!!50 34 36 44 53 3 52 6 18 19 57 23 20 8 7 54 
AQUIIII!!50 34 36 44 53 3 52 6 18 19 AQUIIII!!57 23 15 20 10 8 7 27 54 
33 37 9 35 5 2 47 56 1 55 4 21 59 
AQUIIII!!12 37 21 2 AQUIIII!!55 23 33 48 1 13 51 15 17 59 5 56 10 14 16 38 AQUIIII!!34 43 58 47 3 0 52 26 
20 4 19 2 57 49 18 9 53 33 50 54 44 
38 36 34 8 0 7 11 
AQUIIII!!6 7 8 19 20 18 52 49 50 23 3 36 51 33 34 54 
AQUIIII!!9 54 4 48 5 2 51 AQUIIII!!16 3 23 53 17 8 10 7 37 34 1 50 33 18 49 57 26 20 
36 44 52 23 19 6 54 
AQUIIII!!54 10 7 8 16 51 48 43 9 49 3 23 17 26 36 6 
AQUIIII!!52 7 6 51 3 53 AQUIIII!!23 48 44 54 50 16 19 9 34 51 3 8 49 36 8 18 36 54 17 20 43 
10 6 23 7 26 
AQUIIII!!51 52 23 53 54 20 50 AQUIIII!!36 47 3 0 19 59 34 15 6 8 58 7 56 44 55 18 12 
11 14 13 34 21 33 37 38 
AQUIIII!!49 48 54 3 7 9 26 51 8 43 6 10 23 36 17 16 
AQUIIII!!48 7 49 23 6 17 26 43 10 3 54 36 8 9 16 51 
AQUIIII!!48 18 34 33 6 20 19 17 23 7 36 49 8 3 51 54 AQUIIII!!
17 48 49 34 19 36 7 18 51 AQUIIII!!23 6 16 49 31 3 6 9 8 16 36 3 10 54 43 
48 17 26 7 AQUIIII!!5 54 51 7 23 36 54 20 
52 19 AQUIIII!!44 15 57 13 3 57 53 33 8 AQUIIII!!37 2 21 23 3 12 6 26 11 48 18 14 16 53 50 33 38 34 4 34 23 
58 5 0 51 47 43 52 9 
17 10 54 49 
AQUIIII!!54 48 36 49 6 4 43 5 16 26 3 23 17 9 51 10 
AQUIIII!!23 3 7 50 6 36 48 18 49 19 20 51 34 8 33 54 
AQUIIII!!AQUIIII!!3 54 9 48 54 36 43 49 16 26 6 5 4 23 43 4 5 51 48 16 36 26 10 3 17 AQUIIII!!49 20 23 6 8 17 
3 9 36 51 50 10 53 
34 23 44 18 7 52 51 19 6 54 
AQUIIII!!20 8 3 36 50 53 34 23 44 18 7 52 51 19 6 54 
AQUIIII!!51 20 53 7 52 50 6 19 18 3 34 23 44 8 54 36 
AQUIIII!!52 7 53 23 44 19 3 58 6 34 50 20 36 AQUIIII!!8 3 18 51 57 48 
7 49 54 18 34 36 20 50 6 33 8 23 19 
AQUIIII!!5 10 4 1 23 9 16 2 26 33 37 48 49 17 51 54 
AQUIIII!!16 36 48 6 26 3 10 9 51 8 23 49 43 7 17 54 
Number of Cuts in the second phase:4372
Number of repeat: 3799 
Violation: 585.000000
Violation: 278.000000
Violation: 348.000000
Violation: 608.000000
Violation: 181.000000
Violation: 641.000000
Violation: 673.000000
Violation: 298.000000
Violation: 1505.000000
Violation: 92.000000
Violation: 250.000000
Violation: 184.000000
Violation: 284.000000
Violation: 103.000000
Violation: 592.000000
Violation: 606.000000
Violation: 570.000000
Violation: 399.000000
Violation: 692.000000
Violation: 196.000000
Violation: 1022.000000
Violation: 608.000000
Violation: 65.000000
Violation: 1667.000000
Violation: 297.000000
Violation: 695.000000
Violation: 154.000000
Violation: 1268.000000
Violation: 594.000000
Violation: 566.000000
Violation: 390.000000
Violation: 954.000000
Violation: 820.000000
Violation: 142.000000
Violation: 293.000000
Violation: 1176.000000
Violation: 500.000000
Violation: 641.000000
Violation: 399.000000
Violation: 1.000000
Violation: 250.000000
Violation: 570.000000
Violation: 76.000000
Violation: 1.000000
Violation: 293.000000
Violation: 570.000000
Violation: 584.000000
Violation: 93.000000
Violation: 701.000000
Violation: 5.000000
Violation: 184.000000
Violation: 888.000000
Violation: 428.000000
Violation: 293.000000
Violation: 293.000000
Violation: 92.000000
Violation: 315.000000
Violation: 269.000000
Violation: 432.000000
Violation: 296.000000
Violation: 984.000000
Violation: 641.000000
Violation: 674.000000
Violation: 583.000000
Violation: 674.000000
Violation: 124.000000
Violation: 541.000000
Violation: 399.000000
Violation: 535.000000
Violation: 571.000000
Violation: 1097.000000
Violation: 575.000000
Violation: 1194.000000
Violation: 104.000000
Violation: 500.000000
Violation: 176.000000
Violation: 407.000000
Violation: 212.000000
Violation: 271.000000
Violation: 686.000000
Violation: 340.000000
Violation: 561.000000
Violation: 516.000000
Violation: 168.000000
Violation: 564.000000
Violation: 586.000000
Violation: 233.000000
Violation: 1176.000000
Violation: 441.000000
Violation: 571.000000
Violation: 296.000000
Violation: 388.000000
Violation: 1269.000000
Violation: 642.000000
Violation: 192.000000
Violation: 63.000000
Violation: 1998.000000
Violation: 452.000000
Violation: 584.000000
Violation: 470.000000
Violation: 998.000000
Violation: 149.000000
Violation: 252.000000
Violation: 1575.000000
Violation: 93.000000
Violation: 385.000000
Violation: 1268.000000
Violation: 696.000000
Violation: 1146.000000
Violation: 606.000000
Violation: 642.000000
Violation: 674.000000
Violation: 667.000000
Violation: 390.000000
Violation: 428.000000
Violation: 1149.000000
Violation: 384.000000
Violation: 222.000000
Violation: 1505.000000
Violation: 491.000000
Violation: 750.000000
Violation: 185.000000
Violation: 804.000000
Violation: 127.000000
Violation: 249.000000
Violation: 1760.000000
Violation: 388.000000
Violation: 1136.000000
Violation: 280.000000
Violation: 449.000000
Violation: 566.000000
Violation: 348.000000
Violation: 478.000000
Violation: 689.000000
Violation: 320.000000
Violation: 92.000000
Violation: 115.000000
Violation: 67.000000
Violation: 216.000000
Violation: 92.000000
Violation: 439.000000
Violation: 337.000000
Violation: 874.000000
Violation: 491.000000
Violation: 594.000000
Violation: 308.000000
Violation: 643.000000
Violation: 517.000000
Violation: 952.000000
Violation: 1000.000000
Violation: 305.000000
Violation: 194.000000
Violation: 192.000000
Violation: 678.000000
Violation: 1190.000000
Violation: 146.000000
Violation: 269.000000
Violation: 503.000000
Violation: 315.000000
Violation: 573.000000
Violation: 265.000000
Violation: 1022.000000
Violation: 156.000000
Violation: 686.000000
Violation: 198.000000
Violation: 820.000000
Violation: 686.000000
Violation: 440.000000
Violation: 1170.000000
Violation: 733.000000
Violation: 570.000000
Violation: 528.000000
Violation: 142.000000
Violation: 679.000000
Violation: 1290.000000
Violation: 742.000000
Violation: 370.000000
Violation: 207.000000
Violation: 915.000000
Violation: 399.000000
Violation: 388.000000
Violation: 573.000000
Violation: 2.000000
Violation: 698.000000
Violation: 1170.000000
Violation: 284.000000
Violation: 194.000000
Violation: 586.000000
Violation: 1146.000000
Violation: 344.000000
Violation: 1268.000000
Violation: 174.000000
Violation: 904.000000
Violation: 890.000000
Violation: 752.000000
Violation: 1282.000000
Violation: 372.000000
Violation: 127.000000
Violation: 989.000000
Violation: 610.000000
Violation: 268.000000
Violation: 141.000000
Violation: 672.000000
Violation: 583.000000
Violation: 480.000000
Violation: 176.000000
Violation: 778.000000
Violation: 124.000000
Violation: 559.000000
Violation: 13.000000
Violation: 597.000000
Violation: 195.000000
Violation: 1028.000000
Violation: 142.000000
Violation: 94.000000
Violation: 996.000000
Violation: 638.000000
Violation: 480.000000
Violation: 267.000000
Violation: 989.000000
Violation: 989.000000
Violation: 1142.000000
Violation: 177.000000
Violation: 437.000000
Violation: 448.000000
Violation: 570.000000
Violation: 41.000000
Violation: 194.000000
Violation: 696.000000
Violation: 93.000000
Violation: 768.000000
Violation: 674.000000
Violation: 55.000000
Violation: 482.000000
Violation: 269.000000
Violation: 1250.000000
Violation: 256.000000
Violation: 138.000000
Violation: 771.000000
Violation: 673.000000
Violation: 785.000000
Violation: 149.000000
Violation: 249.000000
Violation: 312.000000
Violation: 1505.000000
Violation: 315.000000
Violation: 193.000000
Violation: 695.000000
Violation: 94.000000
Violation: 453.000000
Violation: 258.000000
Violation: 785.000000
Violation: 1284.000000
Violation: 862.000000
Violation: 760.000000
Violation: 296.000000
Violation: 503.000000
Violation: 347.000000
Violation: 164.000000
Violation: 91.000000
Violation: 298.000000
Violation: 1008.000000
Violation: 1213.000000
Violation: 503.000000
Violation: 94.000000
Violation: 397.000000
Violation: 103.000000
Violation: 386.000000
Violation: 212.000000
Violation: 541.000000
Violation: 298.000000
Violation: 220.000000
Violation: 856.000000
Violation: 963.000000
Violation: 780.000000
Violation: 437.000000
Violation: 199.000000
Violation: 686.000000
Violation: 398.000000
Violation: 776.000000
Violation: 472.000000
Violation: 1663.000000
Violation: 369.000000
Violation: 121.000000
Violation: 531.000000
Violation: 45.000000
Violation: 406.000000
Violation: 1076.000000
Violation: 866.000000
Violation: 778.000000
Violation: 248.000000
Violation: 890.000000
Violation: 873.000000
Violation: 539.000000
Violation: 876.000000
Violation: 360.000000
Violation: 676.000000
Violation: 934.000000
Violation: 702.000000
Violation: 692.000000
Violation: 54.000000
Violation: 424.000000
Violation: 359.000000
Violation: 910.000000
Violation: 229.000000
Violation: 674.000000
Violation: 754.000000
Violation: 614.000000
Violation: 680.000000
Violation: 278.000000
Violation: 1030.000000
Violation: 145.000000
Violation: 557.000000
Violation: 696.000000
Violation: 1315.000000
Violation: 602.000000
Violation: 582.000000
Violation: 222.000000
Violation: 1315.000000
Violation: 419.000000
Violation: 104.000000
Violation: 247.000000
Violation: 989.000000
Violation: 156.000000
Violation: 563.000000
Violation: 733.000000
Violation: 576.000000
Violation: 27.000000
Violation: 989.000000
Violation: 1505.000000
Violation: 554.000000
Violation: 982.000000
Violation: 119.000000
Violation: 688.000000
Violation: 684.000000
Violation: 871.000000
Violation: 958.000000
Violation: 934.000000
Violation: 1093.000000
Violation: 752.000000
Violation: 774.000000
Violation: 219.000000
Violation: 630.000000
Violation: 320.000000
Violation: 818.000000
Violation: 1282.000000
Violation: 642.000000
Violation: 492.000000
Violation: 132.000000
Violation: 224.000000
Violation: 459.000000
Violation: 1076.000000
Violation: 753.000000
Violation: 468.000000
Violation: 772.000000
Violation: 1262.000000
Violation: 605.000000
Violation: 668.000000
Violation: 360.000000
Violation: 608.000000
Violation: 386.000000
Violation: 119.000000
Violation: 674.000000
Violation: 176.000000
Violation: 954.000000
Violation: 1022.000000
Violation: 821.000000
Violation: 1390.000000
Violation: 967.000000
Violation: 247.000000
Violation: 389.000000
Violation: 185.000000
Violation: 1022.000000
Violation: 571.000000
Violation: 1660.000000
Violation: 798.000000
Violation: 685.000000
Violation: 449.000000
Violation: 827.000000
Violation: 160.000000
Violation: 1886.000000
Violation: 312.000000
Violation: 545.000000
Violation: 292.000000
Violation: 480.000000
Violation: 620.000000
Violation: 690.000000
Violation: 561.000000
Violation: 248.000000
Violation: 1074.000000
Violation: 608.000000
Violation: 1576.000000
Violation: 666.000000
Violation: 1213.000000
Violation: 866.000000
Violation: 550.000000
Violation: 516.000000
Violation: 1663.000000
Violation: 388.000000
Violation: 412.000000
Violation: 67.000000
Violation: 169.000000
Violation: 696.000000
Violation: 509.000000
Violation: 1388.000000
Violation: 372.000000
Violation: 654.000000
Violation: 1201.000000
Violation: 595.000000
Violation: 182.000000
Violation: 513.000000
Violation: 359.000000
Violation: 1001.000000
Violation: 1280.000000
Violation: 573.000000
Violation: 348.000000
Violation: 820.000000
Violation: 527.000000
Violation: 125.000000
Violation: 447.000000
Violation: 646.000000
Violation: 696.000000
Violation: 694.000000
Violation: 1032.000000
Violation: 474.000000
Violation: 1262.000000
Violation: 449.000000
Violation: 260.000000
Violation: 429.000000
Violation: 480.000000
Violation: 762.000000
Violation: 185.000000
Violation: 445.000000
Violation: 52.000000
Violation: 557.000000
Violation: 166.000000
Violation: 198.000000
Violation: 236.000000
Violation: 103.000000
Violation: 254.000000
Violation: 1728.000000
Violation: 1357.000000
Violation: 13.000000
Violation: 1649.000000
Violation: 255.000000
Violation: 638.000000
Violation: 290.000000
Violation: 605.000000
Violation: 608.000000
Violation: 406.000000
Violation: 630.000000
Violation: 620.000000
Violation: 442.000000
Violation: 391.000000
Violation: 958.000000
Violation: 22.000000
Violation: 1132.000000
Violation: 542.000000
Violation: 66.000000
Violation: 682.000000
Violation: 461.000000
Violation: 886.000000
Violation: 276.000000
Violation: 680.000000
Violation: 1115.000000
Violation: 394.000000
Violation: 104.000000
Violation: 301.000000
Violation: 642.000000
Violation: 278.000000
Violation: 102.000000
Violation: 532.000000
Violation: 542.000000
Violation: 395.000000
Violation: 1141.000000
Violation: 676.000000
Violation: 32.000000
Violation: 103.000000
Violation: 597.000000
Violation: 249.000000
Violation: 699.000000
Violation: 520.000000
Violation: 649.000000
Violation: 393.000000
Violation: 522.000000
Violation: 74.000000
Violation: 388.000000
Violation: 130.000000
Violation: 1101.000000
Violation: 315.000000
Violation: 668.000000
Violation: 1886.000000
Violation: 988.000000
Violation: 513.000000
Violation: 695.000000
Violation: 278.000000
Violation: 543.000000
Violation: 630.000000
Violation: 686.000000
Violation: 261.000000
Violation: 348.000000
Violation: 820.000000
Violation: 207.000000
Violation: 1280.000000
Violation: 584.000000
Violation: 770.000000
Violation: 830.000000
Violation: 312.000000
Violation: 279.000000
Violation: 244.000000
Violation: 353.000000
Violation: 170.000000
Violation: 356.000000
Violation: 355.000000
Violation: 195.000000
Violation: 978.000000
Violation: 74.000000
Violation: 660.000000
Violation: 861.000000
Violation: 300.000000
Violation: 132.000000
Violation: 271.000000
Violation: 638.000000
Violation: 805.000000
Violation: 234.000000
Violation: 186.000000
Violation: 304.000000
Violation: 460.000000
Violation: 91.000000
Violation: 437.000000
Violation: 481.000000
Violation: 380.000000
Violation: 466.000000
Violation: 545.000000
Violation: 402.000000
Violation: 333.000000
Violation: 472.000000
Violation: 171.000000
Violation: 437.000000
Violation: 138.000000
Violation: 1056.000000
Violation: 773.000000
Violation: 220.000000
Violation: 284.000000
Violation: 976.000000
Violation: 1064.000000
Violation: 247.000000
Violation: 788.000000
Violation: 1094.000000
Violation: 663.000000
Violation: 806.000000
Violation: 886.000000
Violation: 395.000000
Violation: 615.000000
Violation: 188.000000
Violation: 271.000000
Violation: 572.000000
Violation: 368.000000
Violation: 558.000000
Violation: 157.000000
Violation: 382.000000
Violation: 104.000000
Violation: 783.000000
Violation: 393.000000
Violation: 538.000000
Violation: 183.000000
Violation: 58.000000
Violation: 170.000000
Violation: 989.000000
Violation: 517.000000
Violation: 64.000000
Violation: 1370.000000
Violation: 733.000000
2400 16
AQUIIII!!51 16 10 26 36 43 7 17 3 AQUIIII!!6 19 23 6 49 17 48 18 8 3 9 36 23 54 
34 20 49 33 8 7 48 51 54 
AQUIIII!!20 44 19 36 7 18 50 52 23 6 53 34 3 8 54 51 
AQUIIII!!2 17 48 51 23 4 9 16 10 26 49 AQUIIII!!5 10 3 3 7 33 9 43 49 54 16 
17 48 6 23 43 51 36 26 5 54 
AQUIIII!!51 16 10 26 36 43 7 17 3 6 23 49 48 8 9 54 
AQUIIII!!54 3 49 51 6 8 34 23 33 52 7 50 19 20 36 18 
AQUIIII!!51 16 10 26 36 43 7 17 3 6 23 49 48 8 9 54 
AQUIIII!!54 AQUIIII!!33 54 20 49 51 7 17 23 19 3 23 6 34 16 7 18 36 17 49 48 6 8 3 26 8 10 18 31 48 51 
36 
AQUIIII!!54 49 7 23 3 6 16 18 17 48 8 26 10 31 51 36 
AQUIIII!!51 3 53 52 8 7 54 20 50 44 23 19 6 34 18 36 
AQUIIII!!8 51 6 49 3 26 23 16 36 10 17 18 7 31 48 54 
AQUIIII!!2 4 5 33 13 34 47 38 55 14 1 56 37 15 59 21 
AQUIIII!!54 49 10 4 5 6 9 23 16 3 48 36 26 43 17 51 
AQUIIII!!18 52 57 34 11 33 19 13 36 12 0 50 38 20 53 58 
AQUIIII!!23 52 18 6 8 3 19 51 20 49 33 7 36 50 34 54 
AQUIIII!!54 10 33 51 1 48 5 2 23 9 49 4 26 AQUIIII!!37 54 17 19 16 53 
AQUIIII!!7 48 34 1 20 49 AQUIIII!!44 54 26 6 23 51 3 33 10 8 51 23 57 10 49 9 50 9 4 23 5 37 52 48 26 36 17 5 18 36 16 
6 17 16 2 3 
4 43 54 
AQUIIII!!51 54 53 34 8 20 44 36 52 50 7 18 6 3 19 23 
AQUIIII!!51 54 53 34 8 20 44 36 52 50 7 18 6 3 19 23 
AQUIIII!!17 51 9 16 5 4 43 33 26 23 2 10 49 54 3 48 
AQUIIII!!17 51 9 16 5 4 43 33 AQUIIII!!26 34 23 23 2 18 10 3 49 51 54 48 3 49 48 50 
19 8 20 7 36 33 54 6 
AQUIIII!!36 50 52 49 33 8 34 18 19 6 23 7 51 3 20 54 
AQUIIII!!52 7 34 8 19 6 53 50 57 41 18 20 22 36 58 11 
AQUIIII!!52 54 8 19 36 3 44 20 23 6 34 53 7 50 51 18 
AQUIIII!!52 53 58 20 6 57 18 44 7 23 36 50 34 8 3 19 
AQUIIII!!4 23 26 2 33 49 10 9 16 3 5 51 17 48 43 54 
AQUIIII!!53 44 34 50 6 36 7 20 51 8 18 3 19 23 52 54 
AQUIIII!!54 26 6 9 16 49 51 23 3 48 17 8 7 43 10 36 
AQUIIII!!54 50 18 51 49 23 6 20 33 8 52 3 19 7 34 36 
AQUIIII!!52 7 51 8 19 23 36 33 54 20 18 6 34 50 3 49 
AQUIIII!!9 16 6 49 48 3 36 43 23 26 8 51 10 7 17 54 
AQUIIII!!17 4 2 26 16 49 10 48 51 37 5 33 23 9 1 54 
AQUIIII!!33 1 23 26 16 17 10 2 48 37 4 51 49 5 9 54 
AQUIIII!!33 1 23 26 16 17 10 2 48 37 4 51 49 5 9 54 
AQUIIII!!54 26 49 9 5 10 3 51 6 16 4 43 17 23 48 36 
AQUIIII!!34 20 6 3 7 50 53 36 18 19 52 23 51 8 44 54 
AQUIIII!!19 36 18 3 23 34 6 7 54 50 51 44 AQUIIII!!20 54 53 17 8 26 52 16 
49 10 9 33 51 4 2 43 48 3 23 5 
AQUIIII!!2 48 26 23 5 33 37 4 51 1 49 16 10 9 17 54 
AQUIIII!!6 54 3 18 7 36 19 53 44 23 51 52 34 8 20 50 
AQUIIII!!4 5 16 17 AQUIIII!!49 19 56 3 9 50 59 20 37 44 10 23 23 36 33 54 27 34 2 8 48 7 1 18 
6 52 53 51 
AQUIIII!!9 26 17 23 51 8 43 6 10 16 48 49 36 7 3 54 
AQUIIII!!33 9 23 16 5 4 2 49 10 59 17 51 26 37 1 48 
AQUIIII!!54 44 50 20 18 52 7 53 8 36 23 3 34 19 6 57 
AQUIIII!!54 10 26 51 17 23 7 9 49 48 43 16 3 6 36 8 
AQUIIII!!49 54 48 19 18 51 36 33 7 23 6 50 3 20 8 34 
AQUIIII!!36 19 51 34 3 23 8 18 31 6 48 7 16 49 17 54 
AQUIIII!!49 54 48 19 18 51 36 33 7 23 6 50 3 20 8 34 
AQUIIII!!52 20 58 6 18 11 34 8 36 50 7 44 53 19 57 22 
AQUIIII!!43 17 23 33 2 49 4 AQUIIII!!5 26 17 3 6 10 10 16 23 48 48 51 8 54 7 9 3 
18 26 49 36 31 51 16 54 
AQUIIII!!26 7 51 48 10 6 16 18 17 49 3 8 36 31 23 54 
AQUIIII!!54 23 33 2 48 51 49 16 4 9 10 17 1 26 5 37 
AQUIIII!!51 54 5 17 10 9 48 23 36 6 3 4 49 16 26 43 
AQUIIII!!18 8 3 23 7 52 20 36 19 6 34 50 44 54 53 51 
AQUIIII!!3 36 43 26 7 49 9 8 6 23 17 48 10 16 54 51 
AQUIIII!!5 9 16 3 48 6 23 10 4 49 36 51 17 26 43 54 
AQUIIII!!52 54 19 34 44 50 18 23 36 6 8 3 53 7 20 57 
AQUIIII!!6 9 8 23 3 10 43 48 7 49 16 36 17 26 54 51 
AQUIIII!!29 19 7 17 48 20 36 51 3 8 34 23 18 6 49 54 
AQUIIII!!9 10 7 43 26 48 3 49 36 23 16 6 5 17 54 51 
AQUIIII!!19 34 50 18 57 52 8 3 20 36 6 7 44 53 23 54 
AQUIIII!!17 43 33 9 5 51 3 10 2 23 48 4 16 26 49 54 
AQUIIII!!5 16 17 37 4 33 51 10 23 9 2 26 59 1 48 49 
AQUIIII!!49 18 19 17 8 6 34 54 36 23 20 33 7 3 51 48 
AQUIIII!!5 16 17 37 4 33 51 10 23 9 2 26 59 1 48 49 
AQUIIII!!6 54 18 17 23 16 31 8 36 49 48 3 26 7 51 10 
AQUIIII!!54 48 6 3 36 8 19 18 33 7 34 20 51 50 23 49 
AQUIIII!!54 48 6 3 36 8 19 18 33 7 34 20 51 50 23 49 
AQUIIII!!54 26 3 18 51 17 7 49 23 48 16 8 10 6 36 31 
AQUIIII!!50 34 57 36 52 3 19 7 20 23 53 6 8 18 44 54 
AQUIIII!!54 48 8 49 23 7 18 19 34 6 20 33 3 36 51 50 
AQUIIII!!54 51 8 7 34 49 36 20 52 33 23 18 19 6 50 3 
AQUIIII!!54 20 50 53 19 7 36 6 52 51 8 34 3 44 23 18 
AQUIIII!!54 51 8 7 34 49 36 20 52 33 23 18 19 6 50 3 
AQUIIII!!54 17 7 36 49 18 6 20 33 23 51 19 34 48 8 3 
AQUIIII!!54 34 23 33 51 8 20 49 48 18 36 7 50 3 19 6 
AQUIIII!!26 23 51 6 43 5 54 9 36 16 17 10 4 3 48 49 
AQUIIII!!54 10 16 8 49 18 17 7 26 31 51 6 36 23 48 3 
AQUIIII!!51 54 43 33 9 3 49 48 16 2 5 17 4 23 10 26 
AQUIIII!!36 50 7 52 57 53 19 23 6 8 34 44 20 18 3 54 
AQUIIII!!54 23 57 8 50 52 3 34 20 18 44 7 6 36 19 53 
AQUIIII!!52 7 51 8 19 23 36 33 54 20 18 6 34 50 3 49 
AQUIIII!!23 36 20 7 19 51 18 54 33 34 6 48 50 3 8 49 
AQUIIII!!54 23 16 5 2 33 4 10 1 17 26 37 49 9 51 48 
AQUIIII!!18 6 20 23 19 44 52 7 36 8 50 3 34 57 54 53 
AQUIIII!!54 48 8 49 23 7 18 19 34 6 20 33 3 36 51 50 
AQUIIII!!54 4 43 51 23 3 48 16 17 6 26 10 49 9 5 36 
AQUIIII!!47 14 5 56 55 1 9 2 15 33 37 4 34 27 59 21 
AQUIIII!!33 34 7 20 6 8 51 50 23 49 18 19 52 3 36 54 
Number of Cuts in the second phase:1172
Number of repeat: 1081 
Violation: 189.000000
Violation: 110.000000
Violation: 630.000000
Violation: 352.000000
Violation: 268.000000
Violation: 426.000000
Violation: 769.000000
Violation: 186.000000
Violation: 842.000000
Violation: 1478.000000
Violation: 1668.000000
Violation: 580.000000
Violation: 653.000000
Violation: 1649.000000
Violation: 196.000000
Violation: 1155.000000
Violation: 1245.000000
Violation: 98.000000
Violation: 1284.000000
Violation: 1269.000000
Violation: 76.000000
Violation: 1097.000000
Violation: 28.000000
Violation: 918.000000
Violation: 110.000000
Violation: 583.000000
Violation: 286.000000
Violation: 1381.000000
Violation: 668.000000
Violation: 438.000000
Violation: 594.000000
Violation: 706.000000
Violation: 574.000000
Violation: 695.000000
Violation: 165.000000
Violation: 567.000000
Violation: 676.000000
Violation: 778.000000
Violation: 27.000000
Violation: 1043.000000
Violation: 285.000000
Violation: 557.000000
Violation: 1480.000000
Violation: 97.000000
Violation: 704.000000
Violation: 70.000000
Violation: 98.000000
Violation: 669.000000
Violation: 393.000000
Violation: 369.000000
Violation: 17.000000
Violation: 1472.000000
Violation: 764.000000
Violation: 550.000000
Violation: 120.000000
Violation: 229.000000
Violation: 574.000000
Violation: 425.000000
Violation: 489.000000
Violation: 176.000000
Violation: 582.000000
Violation: 492.000000
Violation: 290.000000
Violation: 1034.000000
Violation: 610.000000
Violation: 675.000000
Violation: 449.000000
Violation: 170.000000
Violation: 445.000000
Violation: 641.000000
Violation: 250.000000
Violation: 586.000000
Violation: 132.000000
Violation: 273.000000
Violation: 472.000000
Violation: 416.000000
Violation: 856.000000
Violation: 379.000000
Violation: 540.000000
Violation: 934.000000
Violation: 405.000000
Violation: 72.000000
Violation: 268.000000
Violation: 283.000000
Violation: 991.000000
Violation: 863.000000
Violation: 1370.000000
Violation: 1000.000000
Violation: 170.000000
Violation: 202.000000
Violation: 424.000000
took 4.774325
Optimize a model with 1034 rows, 906 columns and 13176 nonzeros
Coefficient statistics:
  Matrix range     [1e+00, 4e+01]
  Objective range  [0e+00, 0e+00]
  Bounds range     [1e+00, 4e+01]
  RHS range        [1e+00, 1e+02]
Presolve removed 741 rows and 115 columns
Presolve time: 0.00s
Presolved: 293 rows, 791 columns, 8614 nonzeros

Iteration    Objective       Primal Inf.    Dual Inf.      Time
       0    0.0000000e+00   4.716969e+01   0.000000e+00      0s
     137    0.0000000e+00   0.000000e+00   0.000000e+00      0s

Solved in 137 iterations and 0.01 seconds
Optimal objective  0.000000000e+00
