j3017_4.mm_s4.txt
Academic license - for non-commercial use only
Read LP format model from file lp/j3017_4.mm.lp
Reading time = 0.00 seconds
: 351 rows, 906 columns, 9053 nonzeros
OKGPU
nThreads: 1024 , nBlocks: 12 
Number cuts generated in the phase 1: 11
Number of repeat: 4 
violation 750.000000
violation 400.000000
violation 420.000000
violation 249.000000
violation 84.000000
violation 139.000000
violation 800.000000
6996 16
AQUIIII!!53 50 24 29 22 47 9 AQUIIII!!27 53 48 29 21 47 11 9 51 15 10 22 15 31 23 27 31 21 
50 AQUIIII!!48 53 11 25 23 17 24 AQUIIII!!50 53 51 37 10 10 13 22 
15 50 AQUIIII!!27 21 53 31 47 23 16 9 16 22 15 25 14 31 22 9 27 37 10 48 10 24 11 50 11 23 9 23 
31 51 17 29 27 
14 15 11 13 
AQUIIII!!51 53 24 15 23 25 13 22 27 48 9 11 14 10 31 50 
AQUIIII!!15 31 27 51 24 50 21 47 23 48 29 10 11 9 22 53 
AQUIIII!!3 21 2 31 AQUIIII!!27 25 8 27 28 9 18 16 19 50 20 11 29 23 24 14 4 15 38 17 1 31 47 22 
37 10 13 53 
AQUIIII!!53 31 25 15 AQUIIII!!14 53 24 11 13 16 48 22 23 17 22 14 51 37 10 31 9 25 50 50 11 15 27 27 
23 9 13 10 
AQUIIII!!27 13 11 51 22 14 37 50 23 16 9 10 31 AQUIIII!!15 53 25 24 10 53 51 
50 47 27 22 15 11 29 48 23 9 21 31 
AQUIIII!!53 47 27 9 48 51 11 28 50 29 22 21 AQUIIII!!31 53 20 29 24 51 15 48 
21 15 9 11 19 31 22 47 27 20 28 24 
AQUIIII!!53 51 18 8 28 9 31 22 21 19 20 47 29 24 48 27 
AQUIIII!!51 53 15 20 50 29 47 21 31 9 48 22 28 24 11 27 
AQUIIII!!28 20 19 21 51 29 22 24 9 48 47 18 27 31 8 53 
AQUIIII!!53 15 22 27 9 17 14 10 11 50 13 16 25 23 37 31 
AQUIIII!!53 27 48 10 51 24 14 23 22 11 50 15 13 9 25 31 
AQUIIII!!9 23 16 13 11 14 15 31 25 17 10 27 50 22 37 AQUIIII!!53 10 
22 AQUIIII!!11 27 29 15 23 22 21 9 51 48 15 10 31 14 47 11 50 51 48 13 24 24 9 50 27 25 53 31 
23 53 
AQUIIII!!53 50 11 48 31 27 23 51 21 10 9 24 47 15 22 29 
AQUIIII!!13 14 25 10 9 48 51 15 27 31 50 11 22 24 23 53 
AQUIIII!!38 28 19 8 48 31 27 18 29 AQUIIII!!47 22 21 9 24 27 18 51 51 4 24 53 47 20 48 
20 29 28 21 31 11 19 53 
AQUIIII!!25 14 23 13 10 11 22 37 31 AQUIIII!!50 29 16 8 15 48 27 3 2 9 24 51 31 53 
20 38 18 19 27 28 47 21 4 
AQUIIII!!21 22 23 11 50 9 10 15 31 27 51 47 48 24 29 AQUIIII!!53 9 
10 48 22 13 25 15 31 24 11 23 50 27 51 14 53 
AQUIIII!!53 28 19 31 47 22 9 27 21 29 51 24 18 48 8 20 
AQUIIII!!53 20 21 31 29 27 15 19 24 28 48 22 47 11 9 51 
AQUIIII!!53 28 29 19 21 38 4 47 20 27 51 31 8 18 24 48 
AQUIIII!!9 47 15 11 29 31 21 51 22 20 27 24 48 19 28 53 AQUIIII!!
51 53 24 22 31 27 47 50 9 11 20 29 15 28 21 48 
AQUIIII!!21 27 51 20 18 24 19 29 4 8 48 47 38 28 31 53 
AQUIIII!!21 53 47 15 23 24 22 51 50 31 11 9 10 27 48 29 
AQUIIII!!27 24 AQUIIII!!19 47 20 51 18 20 51 38 29 28 31 21 8 31 48 48 21 24 4 18 47 4 38 27 28 19 53 29 
8 53 
AQUIIII!!51 53 18 21 27 11 9 47 31 24 19 22 20 48 28 29 
AQUIIII!!51 53 29 9 24 20 11 27 50 28 22 48 21 31 47 15 
AQUIIII!!53 25 22 27 13 48 50 9 24 23 11 31 14 51 15 10 
AQUIIII!!20 19 22 29 15 47 31 24 21 11 9 27 48 28 53 51 
AQUIIII!!53 47 24 28 27 9 11 19 18 21 29 48 20 31 22 51 
AQUIIII!!23 17 5 49 52 7 16 0 31 12 6 25 AQUIIII!!28 37 51 38 20 1 21 53 
31 27 24 29 8 28 19 38 18 47 4 48 
AQUIIII!!25 27 31 37 11 14 23 13 17 15 22 9 10 50 16 53 
AQUIIII!!53 47 9 20 28 31 18 21 AQUIIII!!24 53 19 18 22 20 48 9 11 48 29 8 51 21 27 27 
51 19 24 AQUIIII!!29 20 28 9 47 47 31 27 11 22 
24 48 AQUIIII!!29 51 19 53 31 24 51 18 23 28 13 22 14 53 10 21 11 
48 50 9 22 31 27 25 15 
AQUIIII!!47 27 10 23 24 31 9 15 29 48 22 21 50 11 51 53 
AQUIIII!!53 47 27 13 24 31 9 51 10 23 50 22 11 15 25 48 
AQUIIII!!53 10 50 13 24 47 9 15 22 27 23 51 48 25 31 11 
AQUIIII!!11 21 47 28 22 24 15 20 29 27 48 9 31 50 53 51 
AQUIIII!!25 23 16 10 37 11 14 AQUIIII!!51 11 31 16 9 27 13 23 50 14 22 9 15 10 27 22 53 31 
AQUIIII!!37 20 50 15 28 51 9 13 22 15 11 25 27 24 53 51 
31 48 47 29 19 53 21 
AQUIIII!!24 48 11 31 29 21 9 27 47 51 22 20 19 15 28 53 
AQUIIII!!13 23 22 10 31 11 50 25 9 15 27 14 16 37 17 53 
AQUIIII!!13 23 22 10 31 11 50 25 9 15 27 14 16 37 17 53 
AQUIIII!!22 24 11 18 9 20 48 28 51 21 31 27 19 47 29 53 
AQUIIII!!53 21 27 23 24 48 31 47 22 15 11 51 9 10 29 50 
AQUIIII!!53 24 29 48 19 22 47 51 21 9 18 8 20 28 31 27 
AQUIIII!!53 24 28 20 19 9 31 47 27 48 51 8 22 21 29 18 
AQUIIII!!47 20 2 8 48 28 4 19 27 29 31 38 18 21 3 24 
AQUIIII!!50 27 28 47 9 21 24 11 20 AQUIIII!!15 20 31 47 22 22 29 19 48 24 53 9 51 28 
48 8 51 31 21 29 18 27 53 
AQUIIII!!27 19 38 31 20 28 18 47 21 51 29 24 48 4 8 53 
AQUIIII!!7 1 2 0 31 5 6 49 12 3 33 25 38 4 37 28 
AQUIIII!!53 11 24 21 28 51 29 AQUIIII!!47 53 9 20 50 31 9 31 51 20 48 27 22 48 AQUIIII!!29 15 21 50 22 53 47 
19 11 21 20 28 8 15 47 24 24 27 9 
27 22 48 28 18 29 51 31 
AQUIIII!!53 47 22 28 24 11 29 31 27 9 19 20 48 21 51 15 
AQUIIII!!53 48 47 24 28 22 18 9 31 27 19 20 29 51 11 21 
AQUIIII!!50 48 24 11 13 27 23 9 31 22 47 15 25 51 10 53 
AQUIIII!!53 24 15 13 51 9 22 23 48 10 50 25 27 31 47 11 
AQUIIII!!53 28 24 48 22 19 51 29 20 31 9 47 21 AQUIIII!!27 53 11 51 15 47 
10 9 23 31 22 21 48 27 AQUIIII!!11 53 29 9 15 10 24 50 50 29 
24 11 31 22 51 23 48 47 21 27 15 
AQUIIII!!20 53 24 31 22 28 48 21 51 15 11 9 47 50 27 29 
AQUIIII!!28 51 11 9 21 27 19 29 20 31 22 18 24 48 47 53 
AQUIIII!!53 48 22 29 24 20 28 8 31 18 51 47 21 9 19 27 
AQUIIII!!53 15 14 13 27 31 10 11 16 50 25 9 22 37 51 23 
AQUIIII!!48 21 47 11 50 9 22 31 15 28 29 27 51 24 20 53 
AQUIIII!!48 31 27 22 24 18 29 21 19 47 8 20 28 9 AQUIIII!!53 53 51 50 
9 51 13 48 25 27 15 47 23 24 22 31 11 10 
AQUIIII!!2 21 47 48 27 4 20 38 31 8 29 28 19 3 18 24 
AQUIIII!!51 53 31 29 18 21 48 4 19 AQUIIII!!8 10 20 25 24 22 47 23 27 24 38 27 28 11 
15 51 50 13 48 31 47 9 53 
AQUIIII!!24 13 50 10 22 27 9 51 25 23 48 31 15 47 11 53 
AQUIIII!!53 24 20 8 9 48 22 28 21 29 18 47 31 27 51 19 
AQUIIII!!53 15 50 21 47 27 20 28 48 22 24 29 9 11 51 31 
AQUIIII!!21 28 19 48 18 20 27 8 4 24 29 31 38 51 47 3 
AQUIIII!!53 27 18 24 29 21 48 20 38 19 51 8 31 47 4 28 
AQUIIII!!10 47 31 24 22 50 15 9 23 13 51 25 27 11 48 53 
AQUIIII!!22 21 27 28 18 9 29 47 48 19 AQUIIII!!11 53 20 29 31 21 51 24 24 28 53 11 
22 27 48 15 31 20 51 9 50 47 
AQUIIII!!53 11 10 29 48 9 31 23 22 24 51 21 27 15 47 50 
AQUIIII!!53 31 24 25 9 50 23 27 22 13 10 51 11 47 48 15 
AQUIIII!!31 48 21 20 11 22 AQUIIII!!24 53 28 31 18 22 47 23 27 27 29 37 51 16 9 11 19 25 53 10 
15 13 50 9 51 14 
AQUIIII!!53 15 31 24 23 47 27 29 10 22 9 21 51 48 50 11 
AQUIIII!!53 15 19 27 20 51 47 24 21 48 22 29 11 9 28 31 
AQUIIII!!50 11 23 22 10 27 24 9 15 29 48 21 47 31 51 53 
AQUIIII!!48 31 15 22 20 50 21 9 47 27 24 28 29 11 53 51 
AQUIIII!!48 31 50 25 14 9 10 27 23 13 15 22 51 24 11 53 
AQUIIII!!53 28 24 21 9 11 48 19 20 15 31 51 29 22 47 27 
AQUIIII!!13 9 25 24 31 10 23 27 15 50 11 22 51 47 48 53 
AQUIIII!!13 48 23 24 11 15 10 25 22 51 9 27 47 50 31 53 
AQUIIII!!48 22 21 51 20 18 28 47 19 24 31 27 29 9 11 53 
AQUIIII!!53 24 15 23 50 10 51 9 11 31 48 22 29 27 47 21 
AQUIIII!!31 21 19 8 18 24 29 20 48 51 9 47 28 27 22 53 
AQUIIII!!53 AQUIIII!!31 24 9 19 2 21 18 29 28 15 4 21 20 48 28 19 22 27 47 8 24 31 51 29 27 38 48 20 11 47 
3 
AQUIIII!!51 53 24 48 47 9 50 21 27 31 10 23 29 11 22 15 
AQUIIII!!14 13 9 10 23 24 27 48 31 11 25 50 22 51 15 53 
Number of Cuts in the second phase:2782
Number of repeat: 2610 
Violation: 600.000000
Violation: 400.000000
Violation: 84.000000
Violation: 252.000000
Violation: 284.000000
Violation: 250.000000
Violation: 500.000000
Violation: 400.000000
Violation: 1200.000000
Violation: 568.000000
Violation: 500.000000
Violation: 200.000000
Violation: 200.000000
Violation: 136.000000
Violation: 600.000000
Violation: 315.000000
Violation: 250.000000
Violation: 600.000000
Violation: 168.000000
Violation: 55.000000
Violation: 400.000000
Violation: 200.000000
Violation: 750.000000
Violation: 72.000000
Violation: 500.000000
Violation: 115.000000
Violation: 1200.000000
Violation: 200.000000
Violation: 26.000000
Violation: 200.000000
Violation: 110.000000
Violation: 500.000000
Violation: 250.000000
Violation: 185.000000
Violation: 200.000000
Violation: 833.000000
Violation: 245.000000
Violation: 55.000000
Violation: 245.000000
Violation: 168.000000
Violation: 55.000000
Violation: 600.000000
Violation: 284.000000
Violation: 500.000000
Violation: 200.000000
Violation: 880.000000
Violation: 1000.000000
Violation: 200.000000
Violation: 136.000000
Violation: 600.000000
Violation: 333.000000
Violation: 200.000000
Violation: 583.000000
Violation: 346.000000
Violation: 685.000000
Violation: 84.000000
Violation: 850.000000
Violation: 50.000000
Violation: 333.000000
Violation: 500.000000
Violation: 500.000000
Violation: 200.000000
Violation: 284.000000
Violation: 333.000000
Violation: 1000.000000
Violation: 400.000000
Violation: 200.000000
Violation: 700.000000
Violation: 200.000000
Violation: 400.000000
Violation: 84.000000
Violation: 33.000000
Violation: 214.000000
Violation: 136.000000
Violation: 272.000000
Violation: 1200.000000
Violation: 1000.000000
Violation: 194.000000
Violation: 167.000000
Violation: 101.000000
Violation: 556.000000
Violation: 1000.000000
Violation: 500.000000
Violation: 33.000000
Violation: 66.000000
Violation: 200.000000
Violation: 100.000000
Violation: 97.000000
Violation: 200.000000
Violation: 416.000000
Violation: 450.000000
Violation: 400.000000
Violation: 200.000000
Violation: 1000.000000
Violation: 250.000000
Violation: 34.000000
Violation: 600.000000
Violation: 666.000000
Violation: 360.000000
Violation: 385.000000
Violation: 223.000000
Violation: 500.000000
Violation: 1250.000000
Violation: 200.000000
Violation: 400.000000
Violation: 200.000000
Violation: 251.000000
Violation: 1.000000
Violation: 100.000000
Violation: 200.000000
Violation: 600.000000
Violation: 194.000000
Violation: 100.000000
Violation: 600.000000
Violation: 165.000000
Violation: 200.000000
Violation: 969.000000
Violation: 655.000000
Violation: 550.000000
Violation: 1.000000
Violation: 733.000000
Violation: 400.000000
Violation: 50.000000
Violation: 600.000000
Violation: 84.000000
Violation: 138.000000
Violation: 250.000000
Violation: 1.000000
Violation: 859.000000
Violation: 1050.000000
Violation: 333.000000
Violation: 595.000000
Violation: 533.000000
Violation: 249.000000
Violation: 350.000000
Violation: 156.000000
Violation: 400.000000
Violation: 1333.000000
Violation: 583.000000
Violation: 168.000000
Violation: 200.000000
Violation: 533.000000
Violation: 1200.000000
Violation: 249.000000
Violation: 1000.000000
Violation: 334.000000
Violation: 1000.000000
Violation: 385.000000
Violation: 66.000000
Violation: 167.000000
Violation: 433.000000
Violation: 500.000000
Violation: 284.000000
Violation: 250.000000
Violation: 33.000000
Violation: 800.000000
Violation: 200.000000
Violation: 381.000000
Violation: 83.000000
Violation: 368.000000
Violation: 750.000000
Violation: 200.000000
Violation: 684.000000
Violation: 200.000000
Violation: 800.000000
Violation: 359.000000
Violation: 600.000000
Violation: 500.000000
Violation: 1200.000000
Violation: 56.000000
Violation: 150.000000
Violation: 537.000000
took 2.444208
Optimize a model with 540 rows, 906 columns and 9762 nonzeros
Coefficient statistics:
  Matrix range     [1e+00, 4e+01]
  Objective range  [0e+00, 0e+00]
  Bounds range     [1e+00, 4e+01]
  RHS range        [1e+00, 1e+02]
Presolve removed 283 rows and 107 columns
Presolve time: 0.00s
Presolved: 257 rows, 799 columns, 8539 nonzeros

Iteration    Objective       Primal Inf.    Dual Inf.      Time
       0    0.0000000e+00   4.395544e+01   0.000000e+00      0s
     133    0.0000000e+00   0.000000e+00   0.000000e+00      0s

Solved in 133 iterations and 0.01 seconds
Optimal objective  0.000000000e+00
