A-4.txt_s2.txt
Academic license - for non-commercial use only
Read LP format model from file lp/A-4.txt.lp
Reading time = 0.10 seconds
: 961 rows, 10797 columns, 131727 nonzeros
OKGPU
nThreads: 1024 , nBlocks: 12 
Number cuts generated in the phase 1: 12
Number of repeat: 1 
violation 263.000000
violation 199.000000
violation 174.000000
violation 174.000000
violation 104.000000
violation 45.000000
violation 336.000000
violation 308.000000
violation 773.000000
violation 50.000000
violation 559.000000
8592 16
AQUIIII!!142 78 5 144 64 21 134 96 19 88 86 55 20 29 139 18 
AQUIIII!!142 120 64 75 AQUIIII!!136 142 134 137 9 64 137 136 8 139 7 114 114 9 61 134 135 7 139 8 89 89 6 61 
75 135 120 6 
AQUIIII!!142 20 64 18 29 96 21 AQUIIII!!134 142 19 19 5 134 139 96 55 64 78 55 86 AQUIIII!!18 144 142 29 88 137 20 
9 5 139 135 21 75 114 88 119 86 144 8 78 61 
0 136 120 6 7 89 10 
AQUIIII!!86 61 8 88 136 64 134 21 29 139 89 6 75 135 7 142 
AQUIIII!!20 100 7 136 86 88 29 87 135 134 139 89 6 21 64 142 
AQUIIII!!AQUIIII!!134 89 137 86 114 7 8 139 61 61 64 89 134 6 21 135 6 136 135 139 75 75 120 88 9 AQUIIII!!8 7 142 142 136 135 
7 29 114 64 89 75 142 136 
9 119 AQUIIII!!142 6 61 0 75 8 139 10 7 64 61 135 137 8 120 134 
114 9 6 137 89 136 120 
AQUIIII!!142 136 8 134 6 64 139 75 29 135 86 89 137 61 7 88 
AQUIIII!!142 8 75 89 136 135 29 6 139 134 61 86 88 64 7 21 
AQUIIII!!0 89 136 10 119 135 6 120 61 114 7 137 8 75 9 142 
AQUIIII!!6 8 135 75 9 137 119 7 61 120 0 114 89 136 10 142 
AQUIIII!!19 86 7 134 88 21 87 100 64 89 135 6 20 139 29 142 
AQUIIII!!142 29 7 20 18 87 89 21 88 139 6 134 64 19 86 100 AQUIIII!!
142 6 7 AQUIIII!!120 10 86 0 55 136 19 75 5 61 114 20 135 21 137 18 89 139 119 8 96 9 88 
134 29 64 78 142 144 
AQUIIII!!114 7 139 61 136 6 8 135 120 89 134 9 75 64 137 142 
AQUIIII!!64 75 139 7 120 89 135 114 137 8 10 61 6 136 9 142 
AQUIIII!!8 75 7 29 135 139 6 89 136 21 64 61 134 88 86 142 
AQUIIII!!142 29 64 86 89 61 137 8 135 136 7 134 75 6 88 139 
AQUIIII!!142 86 89 6 64 19 87 139 20 18 100 29 7 21 134 88 
AQUIIII!!88 89 6 7 135 20 134 87 139 29 86 64 136 100 21 142 
AQUIIII!!120 89 10 8 0 136 7 9 75 135 61 114 119 137 6 142 
AQUIIII!!142 137 6 8 61 89 136 75 134 7 120 114 9 135 64 139 
AQUIIII!!142 AQUIIII!!19 142 78 55 89 144 6 87 139 139 88 134 5 21 64 29 29 88 18 7 86 86 96 100 134 136 64 135 20 21 
20 
AQUIIII!!142 20 64 18 6 134 87 139 100 86 29 19 89 88 5 21 
AQUIIII!!86 64 139 135 20 87 6 88 89 100 7 19 134 21 29 142 
AQUIIII!!20 135 136 21 87 7 86 29 88 100 89 134 64 6 139 142 
AQUIIII!!120 135 114 8 89 7 119 10 9 136 6 0 75 61 137 142 
AQUIIII!!142 136 9 75 114 0 10 6 61 8 89 135 7 137 119 120 
AQUIIII!!7 19 134 21 29 87 89 6 20 139 88 100 86 64 135 142 
AQUIIII!!88 89 29 18 6 86 20 AQUIIII!!142 64 61 19 64 7 6 134 139 29 87 86 88 100 136 134 139 89 142 21 21 8 
75 7 135 
AQUIIII!!142 134 139 86 21 20 29 64 78 144 96 18 5 19 88 55 
AQUIIII!!142 88 78 64 96 19 55 18 21 5 144 139 134 20 86 29 
AQUIIII!!21 142 75 89 134 8 86 136 88 6 135 29 7 64 139 61 
AQUIIII!!64 7 6 89 139 86 29 134 20 87 88 135 100 19 21 142 
AQUIIII!!142 134 136 88 64 61 139 86 29 7 8 6 75 89 135 21 
AQUIIII!!7 139 61 6 8 64 114 75 137 134 89 135 136 120 9 142 
AQUIIII!!15 16 71 88 14 78 28 69 55 45 13 96 143 141 144 31 
AQUIIII!!89 88 19 20 64 100 6 18 134 139 87 29 AQUIIII!!7 21 142 86 134 29 142 
87 86 100 64 89 21 19 139 88 6 20 18 5 
AQUIIII!!6 114 9 135 89 61 136 120 75 119 7 8 10 137 0 142 
AQUIIII!!142 6 89 19 100 20 88 29 64 86 139 134 7 87 21 18 
AQUIIII!!142 64 78 20 139 96 88 144 5 134 19 55 18 21 29 86 
AQUIIII!!6 120 134 139 8 64 7 137 89 61 9 75 135 136 114 142 
AQUIIII!!142 87 134 139 21 19 135 64 86 7 88 6 89 100 29 20 
AQUIIII!!142 19 139 7 64 89 88 135 100 87 21 6 134 86 29 20 
AQUIIII!!89 6 86 100 29 87 135 7 21 139 20 64 134 136 88 142 
AQUIIII!!7 100 134 89 6 88 19 20 29 86 87 135 21 139 64 142 
AQUIIII!!142 88 89 134 19 21 86 6 7 20 29 18 64 87 139 100 
AQUIIII!!142 29 64 20 86 89 100 139 87 136 7 21 88 6 134 135 
AQUIIII!!142 10 137 64 8 136 75 139 9 114 135 89 61 7 6 120 
AQUIIII!!135 29 6 139 134 88 89 86 61 137 64 8 75 7 142 136 
AQUIIII!!142 64 20 21 5 29 134 18 86 19 89 139 100 88 6 87 
AQUIIII!!61 75 0 7 114 119 6 135 10 89 136 120 9 137 8 142 
AQUIIII!!8 7 9 134 6 75 136 64 137 61 135 89 120 139 114 142 
AQUIIII!!64 21 139 29 134 89 86 136 6 88 135 7 61 8 75 142 
AQUIIII!!142 136 61 88 137 7 135 89 29 64 75 139 6 134 86 8 
AQUIIII!!142 75 64 137 6 136 29 135 139 89 7 61 8 134 88 86 
AQUIIII!!134 87 135 7 136 20 139 6 64 100 86 AQUIIII!!29 6 88 18 89 100 142 7 21 86 
64 88 19 134 87 139 21 20 89 29 142 
AQUIIII!!142 139 6 135 21 89 19 20 88 87 134 100 7 29 64 86 
AQUIIII!!139 135 100 86 7 88 21 64 20 89 136 6 87 29 134 142 
AQUIIII!!142 114 8 137 6 120 89 75 136 10 0 7 9 61 119 135 
AQUIIII!!142 7 64 134 89 6 114 8 136 137 120 139 61 9 75 135 
AQUIIII!!114 119 75 8 61 10 120 7 89 136 9 135 137 6 0 142 
AQUIIII!!142 19 89 20 7 21 64 86 88 139 135 29 134 6 100 87 
AQUIIII!!135 137 75 7 8 61 64 9 89 120 10 114 139 6 136 142 
AQUIIII!!142 6 7 75 89 120 9 10 64 61 139 8 135 137 114 136 
AQUIIII!!6 100 139 29 20 5 18 64 88 87 134 89 86 19 142 21 
AQUIIII!!142 29 18 89 7 100 87 88 6 134 86 139 20 19 64 21 
AQUIIII!!86 29 75 64 61 134 7 88 8 6 136 139 135 89 137 142 
AQUIIII!!9 89 6 114 8 120 119 61 7 137 75 135 136 0 10 142 
AQUIIII!!89 7 114 9 75 64 61 8 134 120 6 135 139 137 136 142 
AQUIIII!!6 19 5 87 100 64 18 88 29 20 21 89 134 86 139 142 
AQUIIII!!134 64 5 88 21 29 20 144 78 96 18 55 86 19 139 142 
AQUIIII!!142 114 139 136 6 61 134 75 64 7 120 8 9 89 135 137 
AQUIIII!!6 75 137 0 114 8 61 119 7 120 9 136 10 135 89 142 
AQUIIII!!86 139 20 29 88 7 19 134 64 89 135 87 100 21 AQUIIII!!6 137 135 142 9 
8 61 10 114 89 6 139 64 7 136 120 75 142 
AQUIIII!!142 88 87 89 100 134 7 29 135 20 86 139 136 21 64 6 
AQUIIII!!142 7 135 114 120 9 10 8 137 119 61 136 75 6 89 0 
AQUIIII!!142 21 134 64 87 88 139 7 20 89 29 135 6 86 100 136 
AQUIIII!!89 88 29 7 139 134 21 100 6 18 87 64 86 20 19 142 
AQUIIII!!142 136 7 8 137 134 29 61 75 86 135 139 6 89 64 88 
AQUIIII!!142 135 136 0 8 120 9 137 10 119 89 75 6 114 7 61 
AQUIIII!!114 7 8 10 137 0 61 119 6 135 9 136 120 75 89 142 
AQUIIII!!134 6 8 89 88 64 29 86 61 75 135 21 136 139 7 142 
AQUIIII!!87 139 134 86 88 6 64 21 29 20 7 89 19 100 135 142 
AQUIIII!!64 87 7 29 86 20 135 89 134 21 139 100 136 6 88 142 
AQUIIII!!142 137 8 135 9 61 120 89 136 64 6 75 139 134 7 114 
AQUIIII!!8 135 7 75 89 61 136 134 29 139 137 6 64 88 86 142 
AQUIIII!!6 89 21 135 7 134 20 88 64 139 29 100 87 86 136 142 
AQUIIII!!142 19 96 29 88 139 134 78 21 5 18 144 64 20 55 86 
AQUIIII!!142 134 139 6 75 89 7 136 29 8 88 135 64 61 86 21 
AQUIIII!!142 114 61 75 119 120 7 10 137 9 135 136 0 89 8 6 
AQUIIII!!142 134 55 139 20 88 18 21 64 86 96 29 78 19 5 144 
AQUIIII!!19 139 7 6 87 21 29 64 86 20 18 100 89 134 88 142 
AQUIIII!!142 7 136 75 135 29 137 89 139 6 134 64 88 8 86 61 
AQUIIII!!136 64 134 139 137 89 6 120 114 9 135 61 75 7 8 142 
Number of Cuts in the second phase:1201
Number of repeat: 1121 
Violation: 94.000000
Violation: 864.000000
Violation: 591.000000
Violation: 508.000000
Violation: 305.000000
Violation: 182.000000
Violation: 178.000000
Violation: 1182.000000
Violation: 165.000000
Violation: 254.000000
Violation: 174.000000
Violation: 87.000000
Violation: 364.000000
Violation: 107.000000
Violation: 51.000000
Violation: 90.000000
Violation: 378.000000
Violation: 180.000000
Violation: 385.000000
Violation: 546.000000
Violation: 1319.000000
Violation: 172.000000
Violation: 136.000000
Violation: 392.000000
Violation: 17.000000
Violation: 314.000000
Violation: 338.000000
Violation: 12.000000
Violation: 80.000000
Violation: 8.000000
Violation: 552.000000
Violation: 168.000000
Violation: 180.000000
Violation: 8.000000
Violation: 172.000000
Violation: 158.000000
Violation: 135.000000
Violation: 117.000000
Violation: 189.000000
Violation: 976.000000
Violation: 38.000000
Violation: 581.000000
Violation: 135.000000
Violation: 172.000000
Violation: 167.000000
Violation: 1137.000000
Violation: 744.000000
Violation: 1487.000000
Violation: 236.000000
Violation: 137.000000
Violation: 143.000000
Violation: 813.000000
Violation: 1158.000000
Violation: 192.000000
Violation: 619.000000
Violation: 203.000000
Violation: 610.000000
Violation: 273.000000
Violation: 521.000000
Violation: 3.000000
Violation: 407.000000
Violation: 565.000000
Violation: 289.000000
Violation: 508.000000
Violation: 40.000000
Violation: 441.000000
Violation: 220.000000
Violation: 128.000000
Violation: 168.000000
Violation: 550.000000
Violation: 1172.000000
Violation: 1118.000000
Violation: 955.000000
Violation: 151.000000
Violation: 70.000000
Violation: 6.000000
Violation: 175.000000
Violation: 73.000000
Violation: 87.000000
Violation: 348.000000
2400 16
AQUIIII!!135 89 10 0 114 61 137 119 8 75 6 9 120 136 7 142 
AQUIIII!!89 75 7 135 88 134 86 136 64 29 139 8 137 6 61 142 
AQUIIII!!142 61 6 75 119 137 89 8 0 9 135 10 114 7 120 136 
AQUIIII!!96 144 88 134 86 64 19 20 5 78 21 29 18 139 55 142 
AQUIIII!!142 137 75 8 86 29 89 64 134 136 7 6 61 88 139 135 AQUIIII!!
0 7 8 114 136 120 61 75 10 119 9 6 89 135 137 142 
AQUIIII!!142 19 20 5 88 64 29 134 21 96 78 18 139 86 55 144 
AQUIIII!!6 139 100 87 135 29 86 134 64 7 89 136 88 21 20 142 
AQUIIII!!142 137 134 139 29 89 61 135 75 64 6 7 8 88 136 86 
AQUIIII!!142 0 135 8 9 6 89 136 119 114 61 10 120 137 7 75 
AQUIIII!!142 5 20 134 87 139 6 29 18 64 21 89 88 19 86 100 
AQUIIII!!136 139 61 9 7 64 114 75 8 89 120 134 135 137 6 142 
AQUIIII!!20 89 139 64 6 21 86 87 136 134 135 29 100 7 88 142 
AQUIIII!!142 120 89 114 10 6 135 9 7 61 119 136 137 75 0 8 
AQUIIII!!142 136 64 6 114 9 61 134 139 120 75 8 137 89 135 7 
AQUIIII!!142 64 61 134 29 8 86 136 7 135 89 139 21 6 75 88 
AQUIIII!!5 19 18 78 88 64 134 139 86 29 144 96 55 20 142 21 
AQUIIII!!5 19 18 78 88 64 134 139 86 29 144 96 55 20 142 21 
AQUIIII!!139 29 19 88 87 6 134 21 86 100 18 64 20 89 7 142 
AQUIIII!!142 64 88 89 100 86 21 20 136 87 139 6 7 29 135 134 
AQUIIII!!142 139 7 64 134 6 8 29 89 61 75 21 135 136 86 88 
AQUIIII!!142 6 64 88 21 19 134 86 89 135 29 139 100 87 20 7 
AQUIIII!!64 120 134 9 135 136 8 75 114 6 139 89 137 7 61 142 
AQUIIII!!88 139 136 29 134 64 7 135 100 6 86 20 87 89 21 142 
AQUIIII!!88 139 136 29 134 64 7 135 100 6 86 20 87 89 21 142 
AQUIIII!!19 88 87 134 89 7 86 100 21 6 29 18 139 64 20 142 
AQUIIII!!142 21 7 6 18 87 86 64 20 100 29 19 134 139 88 89 
AQUIIII!!55 78 19 21 144 134 96 139 88 29 5 86 18 64 20 142 
AQUIIII!!142 87 89 64 86 18 100 29 6 134 21 7 20 88 139 19 
AQUIIII!!86 21 88 139 100 29 64 135 20 7 134 6 136 89 87 142 
AQUIIII!!89 137 61 7 64 9 6 139 114 135 8 134 75 120 136 142 
AQUIIII!!6 89 136 61 21 135 134 7 29 75 8 88 139 86 64 142 
AQUIIII!!142 100 21 89 86 139 20 134 88 7 6 136 64 87 29 135 
AQUIIII!!55 88 144 78 139 18 134 19 5 20 86 64 21 96 29 142 
AQUIIII!!86 19 64 87 89 18 139 134 21 29 100 88 6 5 20 142 
AQUIIII!!89 137 7 6 61 120 135 75 119 9 10 0 114 136 8 142 
AQUIIII!!137 120 6 139 134 9 64 135 7 8 89 75 61 136 114 142 
AQUIIII!!142 88 18 139 89 100 64 87 19 20 6 86 5 21 29 134 
AQUIIII!!88 86 64 20 29 55 21 78 18 19 144 5 96 134 139 142 
Number of Cuts in the second phase:336
Number of repeat: 323 
Violation: 350.000000
Violation: 333.000000
Violation: 158.000000
Violation: 97.000000
Violation: 420.000000
Violation: 642.000000
Violation: 347.000000
Violation: 432.000000
Violation: 407.000000
Violation: 794.000000
Violation: 170.000000
Violation: 7.000000
Violation: 157.000000
took 12.896957
Optimize a model with 1113 rows, 10797 columns and 132906 nonzeros
Coefficient statistics:
  Matrix range     [1e-05, 9e+01]
  Objective range  [0e+00, 0e+00]
  Bounds range     [1e+00, 2e+09]
  RHS range        [1e+00, 6e+01]
Warning: Model contains large bounds
         Consider reformulating model or setting NumericFocus parameter
         to avoid numerical issues.

Concurrent LP optimizer: dual simplex and barrier
Showing barrier log only...

Presolve removed 154 rows and 420 columns
Presolve time: 0.04s
Presolved: 959 rows, 10377 columns, 125403 nonzeros

Ordering time: 0.00s

Barrier statistics:
 AA' NZ     : 5.260e+04
 Factor NZ  : 9.239e+04 (roughly 5 MBytes of memory)
 Factor Ops : 1.092e+07 (less than 1 second per iteration)
 Threads    : 3

                  Objective                Residual
Iter       Primal          Dual         Primal    Dual     Compl     Time
   0   0.00000000e+00 -2.68716634e+07  7.25e+09 0.00e+00  1.25e+06     0s
   1   0.00000000e+00 -4.75149588e+06  2.56e+09 9.10e-03  4.43e+05     0s
   2   0.00000000e+00 -2.05276777e+05  4.59e+08 1.39e-16  8.01e+04     0s
   3   0.00000000e+00 -1.43129673e+03  3.13e+04 1.60e-16  5.53e+00     0s
   4   0.00000000e+00 -1.14381935e+03  2.36e+04 2.75e-06  3.99e+00     0s
   5   0.00000000e+00 -1.17875609e+03  1.28e+04 2.89e-05  2.38e+00     0s
   6   0.00000000e+00 -8.99443679e+02  4.44e+03 1.56e-05  8.20e-01     0s
   7   0.00000000e+00 -6.76726869e+02  4.06e+03 1.02e-07  7.12e-01     0s
   8   0.00000000e+00 -6.39438380e+02  1.78e+03 7.94e-08  3.26e-01     0s
   9   0.00000000e+00 -4.49600159e+02  1.02e+03 2.33e-08  1.84e-01     0s
  10   0.00000000e+00 -2.39345031e+02  3.50e+02 5.53e-09  6.40e-02     0s
  11   0.00000000e+00 -1.30222741e+02  1.06e+02 1.87e-09  2.14e-02     0s
  12   0.00000000e+00 -5.33239479e+01  3.40e+01 4.62e-10  7.13e-03     0s
  13   0.00000000e+00 -2.43098363e+01  8.85e+00 1.52e-10  2.26e-03     0s
  14   0.00000000e+00 -1.54022447e+01  4.39e+00 8.86e-11  1.23e-03     0s

Barrier performed 14 iterations in 0.12 seconds
Barrier solve interrupted - model solved by another algorithm


Solved with dual simplex
Solved in 653 iterations and 0.12 seconds
Optimal objective  0.000000000e+00
