j3017_4.mm_s2.txt
Academic license - for non-commercial use only
Read LP format model from file lp/j3017_4.mm.lp
Reading time = 0.00 seconds
: 351 rows, 906 columns, 9053 nonzeros
OKGPU
nThreads: 1024 , nBlocks: 12 
Number cuts generated in the phase 1: 6
Number of repeat: 1 
violation 490.000000
violation 749.000000
violation 702.000000
violation 738.000000
violation 428.000000
8592 16
AQUIIII!!55 8 21 19 5 27 23 10 18 9 56 54 17 44 53 22 
AQUIIII!!53 55 54 40 8 15 0 33 1 9 26 5 56 23 16 52 
AQUIIII!!53 52 55 56 40 19 21 15 16 5 54 33 26 23 8 9 
AQUIIII!!5 53 55 54 21 10 22 18 17 44 27 9 8 19 56 23 
AQUIIII!!55 9 53 54 44 17 23 18 19 21 56 10 5 8 AQUIIII!!22 21 27 53 
8 56 52 18 27 54 31 55 33 9 16 19 5 23 
AQUIIII!!52 55 15 16 19 23 5 40 26 21 33 8 56 9 54 53 
AQUIIII!!18 19 23 56 27 AQUIIII!!33 52 55 8 53 15 AQUIIII!!16 9 3 5 19 19 31 23 10 5 21 44 16 40 20 AQUIIII!!54 26 4 19 52 21 21 18 18 33 55 5 27 8 
21 2 56 44 22 9 8 23 54 27 7 53 10 17 
54 6 56 53 17 
23 22 55 53 9 
AQUIIII!!8 55 53 44 17 19 10 7 23 5 21 18 27 54 56 22 
AQUIIII!!54 8 55 13 9 0 23 1 15 5 56 26 33 16 52 40 
AQUIIII!!54 55 53 6 3 AQUIIII!!4 7 10 55 AQUIIII!!17 54 55 27 53 21 53 7 44 44 23 54 56 4 7 10 18 6 27 23 22 23 19 3 22 17 
17 21 18 22 19 27 8 44 21 19 5 10 
18 
AQUIIII!!55 53 9 15 33 16 21 26 40 0 54 23 8 52 5 56 
AQUIIII!!55 6 53 18 27 17 4 22 23 44 54 10 19 21 3 7 
AQUIIII!!17 10 44 19 56 21 23 5 27 18 9 22 55 53 AQUIIII!!26 54 33 8 40 
16 5 0 54 55 23 8 15 9 21 53 56 52 
AQUIIII!!33 8 21 52 15 55 AQUIIII!!26 23 5 10 40 6 23 21 19 17 56 19 16 27 53 3 9 44 54 AQUIIII!!22 7 
53 18 17 3 4 22 2 55 44 53 10 54 7 21 23 54 19 4 
6 27 18 
AQUIIII!!AQUIIII!!27 53 54 5 55 52 21 56 19 22 23 21 53 31 AQUIIII!!33 17 16 23 18 10 27 10 9 23 5 6 8 8 
21 54 17 44 19 18 27 19 3 56 44 55 22 9 18 
4 AQUIIII!!54 55 9 53 8 19 7 18 16 AQUIIII!!54 53 8 17 54 
21 53 56 52 33 56 23 31 21 27 5 23 40 5 16 55 0 
9 26 33 55 15 
AQUIIII!!21 53 54 56 7 27 5 17 18 55 8 44 23 10 19 22 
AQUIIII!!53 54 8 56 16 9 33 15 40 52 5 23 26 21 19 AQUIIII!!55 55 
9 1 52 26 33 16 AQUIIII!!5 54 13 6 40 AQUIIII!!18 56 54 17 15 7 22 AQUIIII!!11 55 10 8 0 18 53 55 8 AQUIIII!!23 56 54 53 35 21 53 19 8 
27 1 23 5 17 9 7 21 26 10 21 23 19 0 27 27 52 22 4 16 15 6 44 5 31 53 55 56 56 3 
23 17 4 16 33 44 40 54 
33 18 
55 9 19 
AQUIIII!!54 53 7 55 27 18 6 44 4 56 23 17 22 21 19 10 
AQUIIII!!26 33 40 52 23 53 0 56 15 8 21 16 AQUIIII!!5 53 9 7 55 54 22 54 6 
23 17 21 AQUIIII!!10 17 27 3 10 18 2 44 44 19 4 19 56 
21 23 5 27 18 9 22 55 AQUIIII!!26 53 33 54 40 8 52 23 
53 0 56 15 8 21 16 5 9 55 54 
AQUIIII!!17 10 44 19 56 21 23 5 27 18 9 22 55 53 54 8 
AQUIIII!!17 10 44 19 56 21 23 5 27 18 9 22 55 53 54 8 
AQUIIII!!17 27 56 10 8 AQUIIII!!19 9 40 33 21 5 8 18 23 44 55 AQUIIII!!21 22 15 53 54 55 5 56 7 54 26 27 5 23 0 17 18 53 1 55 
8 16 44 56 23 10 52 19 22 9 
54 53 
AQUIIII!!54 8 55 22 5 17 18 53 7 56 19 21 44 23 27 10 
AQUIIII!!55 53 9 27 23 17 8 56 19 31 18 21 54 5 16 33 
AQUIIII!!9 26 55 53 54 40 8 33 5 16 52 23 15 21 19 56 
AQUIIII!!53 55 8 56 26 0 33 9 40 16 52 1 15 23 5 54 
AQUIIII!!55 9 53 54 44 17 23 18 19 21 56 10 5 8 22 27 
AQUIIII!!1 16 55 23 5 33 40 8 52 0 56 26 15 13 54 9 
AQUIIII!!18 44 5 23 17 22 8 19 10 55 27 53 56 9 54 21 
AQUIIII!!5 21 9 23 56 AQUIIII!!53 18 5 16 27 52 16 54 27 31 8 56 8 19 18 33 23 53 33 19 54 52 55 21 9 31 55 

AQUIIII!!9 53 55 26 40 16 15 56 19 52 5 54 8 33 21 AQUIIII!!23 
27 21 22 17 18 23 5 55 56 53 44 6 10 AQUIIII!!19 8 7 55 54 5 56 
1 52 15 23 54 0 16 40 26 9 33 13 
AQUIIII!!8 55 53 52 40 23 5 1 9 26 0 56 15 33 54 16 
AQUIIII!!54 53 7 56 22 8 27 23 44 5 21 19 10 17 AQUIIII!!18 54 55 21 
23 16 27 53 5 31 18 19 33 52 9 56 55 8 
AQUIIII!!54 52 5 8 55 16 40 15 56 33 9 1 0 26 23 13 
AQUIIII!!9 16 56 19 8 27 18 33 17 21 23 5 55 53 54 31 
AQUIIII!!18 5 17 16 19 56 23 54 21 31 33 9 53 27 8 55 
AQUIIII!!AQUIIII!!27 7 23 6 55 8 54 10 17 5 56 17 27 22 19 53 53 21 44 18 AQUIIII!!5 9 33 23 22 54 18 44 27 19 54 10 21 
55 31 56 17 21 23 
5 16 19 18 56 55 8 53 9 
AQUIIII!!52 33 26 16 9 19 40 AQUIIII!!53 56 8 23 55 54 9 19 21 54 15 23 5 31 27 53 16 5 8 33 55 18 
52 21 56 
AQUIIII!!52 33 26 16 9 19 40 56 23 54 21 15 5 53 8 55 
AQUIIII!!52 33 26 16 9 19 40 56 23 54 21 15 5 53 8 55 
AQUIIII!!8 55 52 56 40 AQUIIII!!15 33 23 56 26 0 21 16 33 9 19 21 9 5 23 53 26 54 8 5 15 16 54 
53 40 55 52 
AQUIIII!!22 10 18 19 23 44 56 27 8 7 5 17 55 54 21 53 
AQUIIII!!6 54 53 4 22 7 AQUIIII!!10 53 27 6 56 54 17 7 55 10 21 27 44 3 19 18 2 18 23 44 17 
21 4 19 22 23 
AQUIIII!!52 5 53 55 0 1 33 23 15 56 16 40 8 54 9 26 
AQUIIII!!55 53 54 23 19 27 44 7 17 21 22 6 18 4 10 56 
AQUIIII!!55 9 53 40 15 8 5 0 26 33 1 52 54 16 23 56 
AQUIIII!!56 55 17 54 19 4 10 44 6 22 23 21 18 27 53 7 
AQUIIII!!55 6 53 AQUIIII!!18 54 27 53 17 9 4 52 22 8 23 33 AQUIIII!!8 44 26 53 54 55 0 10 5 15 19 55 21 26 21 15 52 3 40 54 5 7 23 16 
16 33 0 23 1 56 40 
9 56 
AQUIIII!!52 55 53 56 21 16 9 23 8 26 54 5 15 33 40 AQUIIII!!0 55 
9 53 40 15 8 5 0 26 33 1 52 54 16 23 56 
AQUIIII!!21 18 10 53 44 54 27 23 7 5 22 19 56 17 55 8 
AQUIIII!!55 53 7 AQUIIII!!54 4 56 6 19 23 3 33 17 21 23 22 5 27 44 21 19 27 10 18 8 
AQUIIII!!54 31 40 26 18 15 17 33 16 0 9 55 52 53 53 
23 56 9 AQUIIII!!21 33 16 23 5 21 54 27 55 55 9 8 5 
8 16 18 19 56 31 53 54 52 
AQUIIII!!33 23 21 27 55 9 5 8 16 18 19 56 AQUIIII!!31 53 40 54 52 26 
15 33 0 52 53 23 56 9 21 16 5 54 55 8 
AQUIIII!!8 53 56 21 19 40 AQUIIII!!26 53 5 19 23 33 44 52 7 9 55 54 16 10 55 18 15 22 
21 27 23 5 56 17 6 54 
AQUIIII!!8 53 54 19 21 44 17 22 10 56 55 23 7 18 5 27 
AQUIIII!!54 8 53 17 55 19 18 10 56 22 7 44 27 21 23 5 
AQUIIII!!53 8 55 18 27 19 54 9 52 16 33 23 56 21 5 31 
AQUIIII!!6 53 7 54 2 21 19 17 4 44 27 22 10 3 18 23 
AQUIIII!!8 54 55 18 23 27 21 5 16 56 33 19 31 17 53 9 
AQUIIII!!21 19 23 22 10 18 6 5 56 17 44 27 53 7 54 55 
AQUIIII!!21 19 23 22 10 18 6 5 56 17 44 27 53 7 54 55 
AQUIIII!!6 54 53 4 22 7 10 27 56 17 AQUIIII!!55 9 21 54 44 23 19 27 18 55 23 22 
18 10 17 5 21 44 8 53 19 56 
AQUIIII!!8 54 56 55 9 27 33 5 21 31 52 23 18 19 53 16 
AQUIIII!!9 56 23 0 16 5 55 1 26 52 15 40 33 13 8 54 
AQUIIII!!54 15 33 26 5 53 0 40 1 23 56 16 9 52 55 8 
AQUIIII!!44 AQUIIII!!54 27 9 21 5 44 22 4 18 18 17 56 56 10 27 6 23 19 10 22 19 17 21 AQUIIII!!53 53 9 23 53 55 54 55 8 26 55 
40 7 16 
15 56 19 52 5 54 8 33 21 23 
AQUIIII!!40 55 54 53 16 56 15 21 19 23 33 52 9 8 26 5 
AQUIIII!!53 54 55 52 56 19 23 21 31 33 16 18 27 9 5 8 
AQUIIII!!9 AQUIIII!!26 53 55 8 53 21 54 56 40 54 8 9 33 16 5 55 16 27 52 18 23 19 15 21 5 17 19 56 33 
31 23 
AQUIIII!!15 9 52 23 1 16 56 33 8 5 0 26 54 53 40 55 
AQUIIII!!54 55 9 15 5 0 AQUIIII!!1 8 26 55 56 21 23 26 16 52 54 33 15 8 40 13 19 40 9 
53 16 33 5 56 23 52 
AQUIIII!!40 15 16 26 AQUIIII!!56 53 0 55 54 54 33 56 1 52 13 0 40 5 1 9 33 AQUIIII!!23 15 55 52 16 8 8 8 54 5 55 15 26 
52 9 21 23 9 
0 23 33 16 40 53 5 56 26 
AQUIIII!!53 27 4 6 18 21 3 22 23 17 44 10 19 55 54 7 
AQUIIII!!53 55 6 10 21 44 4 56 54 18 19 7 22 27 17 23 
AQUIIII!!53 8 55 9 19 54 23 31 27 16 5 33 18 52 21 56 
AQUIIII!!10 23 55 27 17 4 AQUIIII!!18 52 19 9 21 33 7 8 22 3 40 44 53 54 6 26 53 55 
5 0 23 54 56 16 AQUIIII!!10 21 23 15 55 27 
17 4 18 19 21 7 22 3 44 54 6 53 
AQUIIII!!27 53 23 52 16 19 56 33 54 18 31 9 5 21 8 55 
AQUIIII!!53 54 8 56 16 9 33 15 40 52 5 23 26 21 19 55 
AQUIIII!!52 9 54 5 55 26 40 53 21 8 15 16 0 23 56 33 
AQUIIII!!54 6 44 2 21 18 23 17 27 7 22 19 4 10 3 53 
AQUIIII!!21 54 52 8 5 23 15 16 33 26 40 56 19 55 53 9 
AQUIIII!!7 55 54 53 44 56 10 27 23 22 17 18 19 8 21 5 
AQUIIII!!40 21 26 5 9 56 19 15 33 23 53 16 8 52 54 55 
AQUIIII!!55 53 9 27 23 17 8 56 19 31 18 21 54 5 16 33 
AQUIIII!!17 22 27 44 18 10 21 3 23 19 4 7 53 6 55 54 
AQUIIII!!4 7 AQUIIII!!27 17 3 22 18 27 AQUIIII!!17 44 8 23 18 55 10 10 53 21 22 3 44 52 23 21 40 19 19 23 4 53 7 5 6 53 1 54 6 55 55 9 54 
26 
0 56 15 33 54 16 
AQUIIII!!4 7 27 3 AQUIIII!!18 17 17 22 27 23 44 10 18 22 10 44 21 21 3 19 23 19 53 4 6 7 54 53 55 6 
55 AQUIIII!!54 53 
9 54 18 55 AQUIIII!!8 53 19 55 17 21 21 54 23 18 31 16 6 27 23 33 44 56 10 5 7 
22 27 19 17 4 56 
AQUIIII!!5 22 27 23 10 18 56 17 6 19 21 44 55 7 53 54 
AQUIIII!!5 22 27 23 10 18 56 17 6 19 21 44 55 7 53 54 
AQUIIII!!5 22 27 23 10 18 56 17 6 19 21 44 55 7 53 54 
AQUIIII!!54 52 8 55 0 23 AQUIIII!!15 52 9 13 9 33 54 40 5 5 16 55 1 26 56 40 26 53 
21 8 15 16 0 23 56 33 
AQUIIII!!4 7 19 3 54 17 10 44 21 23 22 18 27 55 6 53 
AQUIIII!!53 55 21 54 18 6 23 44 10 7 22 27 19 17 4 56 
AQUIIII!!7 53 8 AQUIIII!!27 53 44 8 22 55 54 9 19 19 17 54 23 23 56 31 21 27 55 16 10 5 18 33 5 18 
52 21 56 
AQUIIII!!53 8 55 18 27 19 54 9 52 16 33 23 56 21 5 31 
AQUIIII!!23 10 22 6 18 5 21 17 27 44 19 53 54 56 7 55 
AQUIIII!!53 9 17 31 16 21 55 33 5 54 19 56 23 8 27 18 
AQUIIII!!54 52 53 21 26 33 55 19 40 9 16 8 5 56 23 15 
AQUIIII!!16 23 0 9 56 5 52 15 54 1 33 53 40 8 55 26 
AQUIIII!!21 0 15 40 56 26 54 8 23 16 55 33 5 52 9 53 
AQUIIII!!6 55 56 17 53 7 21 18 23 27 44 54 4 19 22 10 
AQUIIII!!54 52 5 8 55 16 40 15 56 33 9 1 0 26 23 13 
AQUIIII!!9 26 55 53 54 40 8 33 5 16 52 23 15 21 19 56 
AQUIIII!!18 56 27 10 23 21 22 44 55 19 17 5 53 8 54 7 
AQUIIII!!6 44 23 10 17 21 7 18 22 56 27 5 19 53 54 55 
AQUIIII!!54 9 55 56 33 1 23 16 26 13 8 40 0 5 52 15 
AQUIIII!!7 55 54 53 44 56 10 27 23 22 17 18 19 8 21 5 
AQUIIII!!54 53 7 55 27 18 6 44 4 56 23 17 22 21 19 10 
AQUIIII!!15 19 56 54 33 16 9 8 40 23 21 26 5 53 52 55 
AQUIIII!!53 7 54 17 23 19 10 21 22 3 27 18 6 44 55 4 
AQUIIII!!55 9 40 52 26 8 33 0 56 15 1 23 53 54 5 16 
AQUIIII!!8 54 26 23 9 55 40 0 52 13 15 16 33 1 56 5 
AQUIIII!!9 26 56 19 40 16 8 21 23 5 15 33 54 53 52 55 
AQUIIII!!53 6 27 23 10 18 55 19 44 21 17 3 7 4 54 22 
AQUIIII!!54 8 55 22 5 17 18 53 7 56 19 21 44 23 27 10 
AQUIIII!!8 55 54 53 1 9 26 0 52 15 5 56 23 16 40 33 
AQUIIII!!6 54 53 4 22 7 10 27 56 17 55 21 44 19 18 23 
AQUIIII!!54 8 56 23 15 0 53 9 1 40 55 33 5 26 16 52 
AQUIIII!!6 7 53 10 20 44 22 3 18 27 23 2 19 4 21 17 
AQUIIII!!8 33 27 18 56 19 9 31 5 17 21 16 55 53 23 54 
AQUIIII!!20 27 2 4 19 18 23 10 6 44 17 21 22 3 7 53 
AQUIIII!!23 19 27 21 5 18 17 16 33 9 31 55 54 8 56 53 
AQUIIII!!23 19 27 21 5 18 17 16 33 9 31 55 54 8 56 53 
Number of Cuts in the second phase:2909
Number of repeat: 2564 
Violation: 622.000000
Violation: 496.000000
Violation: 257.000000
Violation: 496.000000
Violation: 257.000000
Violation: 113.000000
Violation: 498.000000
Violation: 311.000000
Violation: 594.000000
Violation: 514.000000
Violation: 808.000000
Violation: 121.000000
Violation: 247.000000
Violation: 1479.000000
Violation: 771.000000
Violation: 190.000000
Violation: 770.000000
Violation: 872.000000
Violation: 106.000000
Violation: 404.000000
Violation: 996.000000
Violation: 443.000000
Violation: 360.000000
Violation: 738.000000
Violation: 498.000000
Violation: 113.000000
Violation: 350.000000
Violation: 257.000000
Violation: 625.000000
Violation: 1484.000000
Violation: 512.000000
Violation: 283.000000
Violation: 234.000000
Violation: 363.000000
Violation: 748.000000
Violation: 342.000000
Violation: 625.000000
Violation: 625.000000
Violation: 1484.000000
Violation: 311.000000
Violation: 392.000000
Violation: 869.000000
Violation: 808.000000
Violation: 1292.000000
Violation: 140.000000
Violation: 179.000000
Violation: 123.000000
Violation: 1224.000000
Violation: 277.000000
Violation: 746.000000
Violation: 963.000000
Violation: 1093.000000
Violation: 746.000000
Violation: 296.000000
Violation: 1371.000000
Violation: 490.000000
Violation: 746.000000
Violation: 972.000000
Violation: 413.000000
Violation: 347.000000
Violation: 517.000000
Violation: 806.000000
Violation: 404.000000
Violation: 854.000000
Violation: 142.000000
Violation: 628.000000
Violation: 733.000000
Violation: 513.000000
Violation: 427.000000
Violation: 1597.000000
Violation: 1234.000000
Violation: 115.000000
Violation: 292.000000
Violation: 363.000000
Violation: 496.000000
Violation: 512.000000
Violation: 247.000000
Violation: 247.000000
Violation: 872.000000
Violation: 484.000000
Violation: 806.000000
Violation: 720.000000
Violation: 859.000000
Violation: 1234.000000
Violation: 451.000000
Violation: 411.000000
Violation: 296.000000
Violation: 509.000000
Violation: 234.000000
Violation: 10.000000
Violation: 1219.000000
Violation: 165.000000
Violation: 759.000000
Violation: 496.000000
Violation: 25.000000
Violation: 85.000000
Violation: 862.000000
Violation: 650.000000
Violation: 2135.000000
Violation: 594.000000
Violation: 921.000000
Violation: 353.000000
Violation: 359.000000
Violation: 599.000000
Violation: 512.000000
Violation: 1363.000000
Violation: 121.000000
Violation: 5.000000
Violation: 1137.000000
Violation: 925.000000
Violation: 685.000000
Violation: 522.000000
Violation: 808.000000
Violation: 1137.000000
Violation: 224.000000
Violation: 733.000000
Violation: 363.000000
Violation: 113.000000
Violation: 543.000000
Violation: 980.000000
Violation: 1008.000000
Violation: 921.000000
Violation: 256.000000
Violation: 921.000000
Violation: 854.000000
Violation: 198.000000
Violation: 384.000000
Violation: 1106.000000
Violation: 1247.000000
Violation: 801.000000
Violation: 311.000000
Violation: 49.000000
Violation: 340.000000
Violation: 139.000000
Violation: 710.000000
Violation: 171.000000
Violation: 854.000000
Violation: 759.000000
Violation: 996.000000
Violation: 171.000000
Violation: 1010.000000
Violation: 2109.000000
Violation: 179.000000
Violation: 234.000000
Violation: 826.000000
Violation: 522.000000
Violation: 479.000000
Violation: 16.000000
Violation: 1106.000000
Violation: 996.000000
Violation: 946.000000
Violation: 818.000000
Violation: 1118.000000
Violation: 1173.000000
Violation: 476.000000
Violation: 1184.000000
Violation: 851.000000
Violation: 1137.000000
Violation: 749.000000
Violation: 730.000000
Violation: 978.000000
Violation: 998.000000
Violation: 384.000000
Violation: 983.000000
Violation: 137.000000
Violation: 1371.000000
Violation: 952.000000
Violation: 349.000000
Violation: 853.000000
Violation: 804.000000
Violation: 759.000000
Violation: 678.000000
Violation: 85.000000
Violation: 661.000000
Violation: 385.000000
Violation: 633.000000
Violation: 980.000000
Violation: 880.000000
Violation: 261.000000
Violation: 324.000000
Violation: 1259.000000
Violation: 597.000000
Violation: 599.000000
Violation: 631.000000
Violation: 524.000000
Violation: 635.000000
Violation: 1746.000000
Violation: 669.000000
Violation: 396.000000
Violation: 1106.000000
Violation: 683.000000
Violation: 1222.000000
Violation: 1484.000000
Violation: 710.000000
Violation: 234.000000
Violation: 148.000000
Violation: 309.000000
Violation: 476.000000
Violation: 2133.000000
Violation: 604.000000
Violation: 609.000000
Violation: 804.000000
Violation: 121.000000
Violation: 517.000000
Violation: 517.000000
Violation: 510.000000
Violation: 107.000000
Violation: 667.000000
Violation: 957.000000
Violation: 1260.000000
Violation: 629.000000
Violation: 47.000000
Violation: 358.000000
Violation: 137.000000
Violation: 85.000000
Violation: 2135.000000
Violation: 261.000000
Violation: 796.000000
Violation: 476.000000
Violation: 168.000000
Violation: 645.000000
Violation: 625.000000
Violation: 1085.000000
Violation: 485.000000
Violation: 371.000000
Violation: 253.000000
Violation: 972.000000
Violation: 831.000000
Violation: 1121.000000
Violation: 8.000000
Violation: 617.000000
Violation: 1623.000000
Violation: 700.000000
Violation: 311.000000
Violation: 488.000000
Violation: 731.000000
Violation: 775.000000
Violation: 315.000000
Violation: 733.000000
Violation: 581.000000
Violation: 1316.000000
Violation: 633.000000
Violation: 1208.000000
Violation: 139.000000
Violation: 1369.000000
Violation: 491.000000
Violation: 921.000000
Violation: 396.000000
Violation: 1025.000000
Violation: 672.000000
Violation: 369.000000
Violation: 617.000000
Violation: 597.000000
Violation: 996.000000
Violation: 300.000000
Violation: 782.000000
Violation: 149.000000
Violation: 6.000000
Violation: 549.000000
Violation: 1247.000000
Violation: 1621.000000
Violation: 1508.000000
Violation: 691.000000
Violation: 573.000000
Violation: 793.000000
Violation: 488.000000
Violation: 259.000000
Violation: 996.000000
Violation: 433.000000
Violation: 908.000000
Violation: 514.000000
Violation: 1804.000000
Violation: 558.000000
Violation: 771.000000
Violation: 118.000000
Violation: 484.000000
Violation: 729.000000
Violation: 1137.000000
Violation: 122.000000
Violation: 187.000000
Violation: 669.000000
Violation: 691.000000
Violation: 252.000000
Violation: 936.000000
Violation: 137.000000
Violation: 1008.000000
Violation: 456.000000
Violation: 980.000000
Violation: 967.000000
Violation: 200.000000
Violation: 599.000000
Violation: 371.000000
Violation: 1294.000000
Violation: 1242.000000
Violation: 438.000000
Violation: 487.000000
Violation: 350.000000
Violation: 683.000000
Violation: 294.000000
Violation: 1121.000000
Violation: 106.000000
Violation: 440.000000
Violation: 579.000000
Violation: 710.000000
Violation: 611.000000
Violation: 412.000000
Violation: 136.000000
Violation: 870.000000
Violation: 889.000000
Violation: 620.000000
Violation: 1355.000000
Violation: 455.000000
Violation: 490.000000
Violation: 200.000000
Violation: 647.000000
Violation: 106.000000
Violation: 453.000000
Violation: 456.000000
Violation: 236.000000
Violation: 300.000000
Violation: 635.000000
Violation: 29.000000
Violation: 998.000000
Violation: 715.000000
Violation: 925.000000
Violation: 2133.000000
Violation: 1121.000000
Violation: 606.000000
Violation: 1394.000000
Violation: 605.000000
Violation: 1621.000000
Violation: 214.000000
Violation: 626.000000
Violation: 730.000000
Violation: 123.000000
Violation: 1123.000000
Violation: 1509.000000
Violation: 1163.000000
Violation: 247.000000
Violation: 841.000000
Violation: 1247.000000
Violation: 1168.000000
Violation: 605.000000
Violation: 1020.000000
Violation: 613.000000
2400 16
AQUIIII!!8 54 27 23 44 10 5 22 53 18 19 17 56 21 55 7 
AQUIIII!!26 23 9 19 16 5 15 40 8 21 55 33 54 53 56 52 
AQUIIII!!8 9 55 AQUIIII!!53 5 56 52 40 53 15 54 23 55 52 8 26 0 33 15 19 40 5 23 16 9 54 33 21 56 
1 26 16 
AQUIIII!!55 8 9 54 40 26 23 52 1 16 56 13 0 5 33 15 
AQUIIII!!5 52 53 54 55 8 0 15 40 23 9 33 56 1 26 16 
AQUIIII!!52 55 8 40 9 26 54 53 15 23 33 5 0 21 16 56 
AQUIIII!!19 6 56 17 18 7 21 5 23 44 22 27 10 53 AQUIIII!!55 16 54 21 
9 26 40 52 23 5 33 15 54 56 0 55 53 8 
AQUIIII!!8 9 54 55 26 15 23 33 0 40 5 1 52 53 56 16 
AQUIIII!!10 6 56 17 22 18 21 4 44 27 19 23 53 54 55 7 
AQUIIII!!10 6 56 17 22 18 21 4 44 27 19 23 53 54 55 7 
AQUIIII!!10 6 56 17 22 18 21 4 44 27 19 23 53 54 55 7 
AQUIIII!!9 53 8 40 5 23 54 0 52 21 15 56 26 55 33 16 
AQUIIII!!27 53 54 55 23 6 7 17 10 18 19 44 4 22 21 3 
AQUIIII!!15 8 16 26 9 54 19 40 33 23 53 55 21 5 56 52 
AQUIIII!!15 8 16 26 9 54 19 40 33 23 53 55 21 5 56 52 
AQUIIII!!53 6 54 19 10 3 4 55 23 17 27 18 22 7 21 44 
AQUIIII!!55 9 33 52 15 0 26 54 16 5 56 21 40 53 23 8 
AQUIIII!!53 9 54 22 10 21 5 19 27 17 56 55 23 8 18 44 
AQUIIII!!9 18 17 10 27 44 19 5 22 23 21 53 54 56 55 8 
AQUIIII!!55 17 31 23 16 18 5 27 21 56 33 19 8 53 54 9 
AQUIIII!!55 17 31 23 16 18 5 27 21 56 33 19 8 53 54 9 
AQUIIII!!27 22 56 23 54 44 19 18 10 5 21 17 55 7 6 53 
AQUIIII!!53 9 18 54 21 31 19 17 33 16 27 5 56 8 55 23 
AQUIIII!!16 33 52 56 18 5 55 9 23 27 21 31 19 54 8 53 
AQUIIII!!53 55 52 5 31 23 56 18 16 8 27 9 21 33 19 54 
AQUIIII!!33 5 0 40 21 23 26 8 54 15 16 53 9 56 52 55 
AQUIIII!!33 23 5 15 16 55 26 56 21 40 9 19 8 52 54 53 
AQUIIII!!27 10 18 17 23 4 55 19 56 6 22 21 44 53 7 54 
AQUIIII!!53 55 52 5 31 23 56 18 16 8 27 9 21 33 19 54 
AQUIIII!!53 9 54 22 10 21 5 19 27 17 56 55 23 8 18 44 
AQUIIII!!8 9 53 52 55 54 15 40 16 23 56 33 21 26 19 5 
AQUIIII!!55 5 52 9 54 16 56 23 33 53 1 40 26 8 15 0 
AQUIIII!!27 21 22 55 6 56 44 18 23 17 5 19 10 7 54 53 
AQUIIII!!53 6 54 19 10 3 4 55 23 17 27 18 22 7 21 44 
AQUIIII!!0 52 23 15 9 26 5 16 33 40 55 21 53 54 8 56 
AQUIIII!!17 44 19 18 21 6 23 27 22 4 10 55 54 56 7 53 
AQUIIII!!17 44 19 18 21 6 23 27 22 4 10 55 54 56 7 53 
AQUIIII!!7 21 6 53 56 54 55 5 17 23 18 27 19 44 10 22 
AQUIIII!!54 55 8 19 21 23 22 44 53 7 5 17 27 18 56 10 
AQUIIII!!7 21 6 53 56 54 55 5 17 23 18 27 19 44 10 22 
AQUIIII!!8 54 27 23 44 10 5 22 53 18 19 17 56 21 55 7 
AQUIIII!!55 9 33 52 15 0 26 54 16 5 56 21 40 53 23 8 
AQUIIII!!21 40 55 16 26 0 9 8 33 56 15 5 23 52 53 54 
AQUIIII!!54 9 21 15 52 53 5 56 0 8 16 23 26 55 40 33 
AQUIIII!!6 54 22 7 10 53 17 55 18 27 21 44 4 19 23 56 
AQUIIII!!52 53 55 26 0 9 23 8 56 1 5 40 16 15 33 54 
AQUIIII!!54 53 56 8 9 23 27 22 44 55 19 17 21 18 5 10 
AQUIIII!!55 9 54 23 22 17 44 5 10 53 21 8 18 19 56 27 
AQUIIII!!55 7 19 54 17 27 53 56 10 23 18 44 8 5 21 22 
AQUIIII!!55 8 15 23 9 40 56 21 5 19 53 16 33 54 26 52 
AQUIIII!!9 54 18 8 10 19 53 56 23 44 55 17 22 21 27 5 
AQUIIII!!27 54 53 55 9 17 19 18 23 8 5 33 21 16 56 31 
Number of Cuts in the second phase:794
Number of repeat: 740 
Violation: 522.000000
Violation: 617.000000
Violation: 1060.000000
Violation: 738.000000
Violation: 153.000000
Violation: 171.000000
Violation: 52.000000
Violation: 556.000000
Violation: 717.000000
Violation: 1255.000000
Violation: 805.000000
Violation: 343.000000
Violation: 6.000000
Violation: 1118.000000
Violation: 364.000000
Violation: 661.000000
Violation: 1510.000000
Violation: 428.000000
Violation: 869.000000
Violation: 1627.000000
Violation: 463.000000
Violation: 2222.000000
Violation: 559.000000
Violation: 1738.000000
Violation: 154.000000
Violation: 543.000000
Violation: 121.000000
Violation: 1623.000000
Violation: 1311.000000
Violation: 1806.000000
Violation: 944.000000
Violation: 738.000000
Violation: 514.000000
Violation: 1283.000000
Violation: 121.000000
Violation: 1466.000000
Violation: 244.000000
Violation: 908.000000
Violation: 343.000000
Violation: 1113.000000
Violation: 760.000000
Violation: 534.000000
Violation: 10.000000
Violation: 756.000000
Violation: 1222.000000
Violation: 861.000000
Violation: 1114.000000
Violation: 606.000000
Violation: 512.000000
Violation: 166.000000
Violation: 349.000000
Violation: 302.000000
Violation: 1000.000000
Violation: 1142.000000
took 3.851704
Optimize a model with 768 rows, 906 columns and 11354 nonzeros
Coefficient statistics:
  Matrix range     [1e+00, 4e+01]
  Objective range  [0e+00, 0e+00]
  Bounds range     [1e+00, 4e+01]
  RHS range        [1e+00, 1e+02]
Presolve removed 530 rows and 110 columns
Presolve time: 0.00s
Presolved: 238 rows, 796 columns, 8432 nonzeros

Iteration    Objective       Primal Inf.    Dual Inf.      Time
       0    0.0000000e+00   4.408044e+01   0.000000e+00      0s
     109    0.0000000e+00   0.000000e+00   0.000000e+00      0s

Solved in 109 iterations and 0.01 seconds
Optimal objective  0.000000000e+00
