j3017_4.mm_s1.txt
Academic license - for non-commercial use only
Read LP format model from file lp/j3017_4.mm.lp
Reading time = 0.01 seconds
: 351 rows, 906 columns, 9053 nonzeros
OKGPU
nThreads: 1024 , nBlocks: 12 
Number cuts generated in the phase 1: 9
Number of repeat: 0 
violation 587.000000
violation 545.000000
violation 545.000000
violation 578.000000
violation 286.000000
violation 428.000000
violation 284.000000
violation 284.000000
violation 800.000000
8592 16
AQUIIII!!55 24 27 0 15 21 17 37 12 29 51 50 28 23 1 16 
AQUIIII!!AQUIIII!!55 55 24 28 40 42 16 12 40 21 9 0 2 7 27 17 34 17 15 15 29 AQUIIII!!7 21 29 55 1 34 34 37 10 
15 11 40 2 11 16 16 27 17 
28 42 29 27 10 21 9 AQUIIII!!7 55 2 42 29 
21 28 27 17 10 7 16 34 13 11 9 40 2 
AQUIIII!!48 4 6 50 49 8 19 25 24 37 54 23 3 29 5 22 
AQUIIII!!16 9 10 7 2 17 21 28 29 42 11 40 34 15 27 55 
AQUIIII!!34 12 28 2 27 40 15 16 7 29 10 24 9 AQUIIII!!21 2 17 55 34 
13 9 AQUIIII!!10 15 18 9 28 40 11 17 40 10 20 27 AQUIIII!!27 40 42 29 29 34 21 42 28 28 7 7 10 14 16 42 29 55 AQUIIII!!27 2 
2 AQUIIII!!2 21 0 AQUIIII!!40 9 29 7 11 14 7 21 13 11 55 42 AQUIIII!!18 34 10 27 
42 AQUIIII!!AQUIIII!!7 7 21 9 13 42 34 21 10 37 14 29 14 13 21 17 40 28 13 55 18 9 21 17 16 9 AQUIIII!!
40 27 55 28 2 12 34 20 27 14 11 13 27 11 29 2 29 11 13 21 24 34 40 27 42 10 AQUIIII!!11 27 28 15 9 29 28 18 34 18 34 10 28 9 AQUIIII!!27 7 18 29 40 7 17 40 34 2 34 13 14 10 2 34 55 55 9 9 42 29 11 7 
18 
42 55 14 7 40 34 10 28 

13 40 55 14 14 AQUIIII!!
29 27 11 2 27 2 7 42 9 AQUIIII!!21 11 10 40 11 7 14 AQUIIII!!55 2 55 29 34 42 AQUIIII!!
27 
42 10 17 40 2 14 18 28 27 7 13 29 20 AQUIIII!!9 29 29 15 2 7 37 14 11 7 16 10 AQUIIII!!28 1 2 28 28 27 20 27 27 20 10 21 10 24 28 40 55 55 18 17 21 2 40 
18 9 13 40 27 17 7 14 34 
7 10 9 11 28 13 0 28 29 34 40 13 2 42 2 18 55 21 15 21 16 
42 34 AQUIIII!!12 11 9 12 10 15 34 13 55 42 34 40 16 55 29 
9 10 24 2 
2 55 29 11 11 
40 28 9 55 29 7 
21 55 34 
9 16 AQUIIII!!27 55 AQUIIII!!42 17 55 27 7 9 29 42 29 40 28 55 11 34 2 
17 7 28 11 17 13 7 10 2 13 14 10 21 14 40 42 
34 9 27 21 
AQUIIII!!55 21 34 29 27 7 14 28 11 2 10 18 42 AQUIIII!!40 55 13 9 9 40 
29 2 27 34 17 7 16 11 42 28 10 15 21 
AQUIIII!!55 18 10 42 7 13 2 21 40 11 28 27 14 9 34 29 
AQUIIII!!17 24 23 21 16 AQUIIII!!1 40 0 11 37 27 27 12 10 29 7 AQUIIII!!51 14 34 15 28 28 15 34 55 24 29 50 28 20 
AQUIIII!!9 13 40 13 2 29 40 27 18 21 12 AQUIIII!!42 2 10 AQUIIII!!AQUIIII!!7 27 9 21 29 2 27 42 55 16 0 12 18 17 
7 11 2 0 29 17 14 24 1 7 2 9 37 16 55 9 13 
51 37 11 28 27 27 28 29 42 21 34 40 21 17 14 34 12 40 10 2 55 15 29 10 
16 15 42 21 17 24 55 28 7 
1 34 55 55 

AQUIIII!!55 9 40 AQUIIII!!24 55 27 29 29 2 10 17 12 34 21 28 12 7 24 51 16 21 28 15 1 17 37 2 42 
0 16 15 27 
AQUIIII!!28 2 9 29 7 10 34 42 20 18 40 27 11 13 55 14 
AQUIIII!!AQUIIII!!7 AQUIIII!!2 34 28 9 28 10 15 AQUIIII!!34 34 10 21 21 42 AQUIIII!!7 2 13 10 55 27 21 14 40 29 11 16 7 40 17 29 29 7 10 42 40 11 2 34 29 42 42 21 28 2 17 14 16 11 18 7 13 27 9 11 13 55 34 40 9 29 10 
27 9 14 21 55 18 28 40 17 
AQUIIII!!27 11 
27 15 27 16 9 42 34 28 55 7 2 28 
55 13 
2 29 21 40 11 42 9 10 17 55 
AQUIIII!!29 13 7 AQUIIII!!17 55 40 15 11 9 10 34 40 10 28 21 17 27 12 2 2 16 16 42 34 9 7 55 
24 29 21 27 AQUIIII!!28 55 
15 51 28 16 AQUIIII!!37 55 1 11 27 34 0 10 29 27 21 7 12 40 17 16 2 17 42 AQUIIII!!2 24 55 21 
29 15 9 51 42 2 28 37 13 29 
0 17 1 16 21 12 27 24 28 42 
AQUIIII!!15 42 0 16 27 21 51 29 1 24 28 37 2 12 17 55 
AQUIIII!!55 2 34 10 7 28 9 21 40 29 11 42 13 27 14 18 
AQUIIII!!10 7 2 40 27 AQUIIII!!28 42 55 17 29 1 AQUIIII!!13 21 28 9 24 11 15 12 16 17 21 37 7 34 29 0 55 34 
21 37 24 9 17 40 42 0 2 16 27 27 16 2 51 12 15 55 29 

AQUIIII!!AQUIIII!!7 55 40 21 16 2 42 18 2 40 27 42 34 7 17 10 10 9 28 13 29 15 11 21 27 9 34 29 28 11 14 55 

AQUIIII!!55 37 7 27 1 21 2 12 24 40 17 29 0 15 16 34 
AQUIIII!!17 9 12 24 27 29 16 21 7 37 40 0 2 AQUIIII!!34 27 15 40 55 29 
15 9 28 21 7 12 17 2 24 10 34 16 55 
AQUIIII!!7 42 2 14 AQUIIII!!34 7 13 9 28 10 17 14 9 28 11 34 27 42 11 40 13 29 40 21 2 10 29 55 27 
21 17 55 
AQUIIII!!2 24 29 21 37 12 17 16 1 42 51 27 28 0 15 55 
AQUIIII!!AQUIIII!!18 9 34 29 40 2 11 42 27 11 42 7 34 28 18 14 10 40 28 13 7 27 13 21 20 10 2 9 29 55 55 
14 
AQUIIII!!AQUIIII!!28 18 2 7 10 14 29 7 28 29 27 21 9 17 42 21 27 11 42 2 10 14 11 40 13 9 34 40 55 34 
13 55 
AQUIIII!!2 16 21 28 7 17 34 15 9 27 29 42 40 11 10 55 
AQUIIII!!50 24 29 17 AQUIIII!!51 40 15 42 21 27 12 11 28 28 23 17 27 21 16 16 0 34 1 2 37 55 7 
10 29 15 9 55 
AQUIIII!!55 27 15 29 12 AQUIIII!!21 AQUIIII!!17 15 24 24 7 7 40 12 24 37 17 2 27 9 15 21 34 37 16 16 0 0 17 
29 40 23 0 35 37 1 9 31 34 16 29 50 2 51 12 48 55 49 

AQUIIII!!14 13 11 18 34 29 40 9 42 10 7 27 2 28 21 AQUIIII!!55 37 
23 16 29 27 24 AQUIIII!!1 24 12 0 27 50 29 21 2 28 9 15 15 51 7 17 0 55 12 
16 40 AQUIIII!!34 7 17 2 21 29 37 9 55 13 
27 AQUIIII!!40 7 28 11 18 AQUIIII!!11 34 16 40 14 9 21 20 34 42 18 21 42 10 13 10 42 27 55 29 
17 14 2 13 40 2 28 29 27 10 9 55 28 
7 11 34 55 
AQUIIII!!55 16 15 27 17 40 2 12 34 7 24 21 37 29 0 9 
AQUIIII!!55 29 12 1 50 27 21 16 0 15 23 24 37 17 51 28 
AQUIIII!!55 21 16 29 12 34 27 0 15 40 1 2 37 17 7 24 
AQUIIII!!15 37 28 16 17 29 2 1 0 12 42 27 21 24 51 55 
AQUIIII!!15 37 28 16 17 29 2 1 0 12 42 27 21 24 51 55 
AQUIIII!!55 21 28 12 24 1 37 29 51 42 27 2 16 0 17 15 
AQUIIII!!29 9 34 0 21 7 16 2 37 24 40 12 15 17 27 55 
AQUIIII!!12 24 21 9 2 29 7 34 37 16 0 27 40 15 17 55 
AQUIIII!!55 40 7 13 27 AQUIIII!!42 17 34 10 9 21 11 34 2 40 10 16 14 29 28 AQUIIII!!29 28 55 13 18 17 20 27 7 
7 16 11 13 42 29 10 9 27 2 2 55 42 
34 40 28 9 21 11 
AQUIIII!!2 29 13 7 21 11 28 27 17 9 34 40 14 42 10 55 
AQUIIII!!15 21 40 2 27 17 34 24 1 0 12 29 37 7 16 55 
AQUIIII!!42 37 1 51 2 17 21 16 29 24 0 12 15 27 28 AQUIIII!!55 37 
27 0 24 16 12 28 1 50 51 15 AQUIIII!!17 9 21 17 23 7 29 42 55 11 
16 29 15 10 27 21 34 2 28 40 55 
AQUIIII!!27 16 34 15 40 21 12 2 24 17 7 0 1 37 29 55 
AQUIIII!!55 24 29 12 15 34 21 9 2 37 0 16 40 7 27 17 
AQUIIII!!9 2 29 21 7 10 16 40 42 34 11 17 27 28 55 13 
AQUIIII!!21 34 28 17 40 10 11 29 16 27 13 42 2 7 9 55 
AQUIIII!!55 21 27 16 29 7 13 28 40 11 10 17 9 34 42 2 
AQUIIII!!55 28 51 12 1 50 0 17 15 24 37 29 27 16 21 23 
AQUIIII!!2 27 40 11 34 13 10 29 42 28 7 21 9 18 55 14 
AQUIIII!!55 7 21 11 40 42 17 10 27 13 34 29 2 14 28 9 
AQUIIII!!55 20 13 18 42 2 40 10 14 27 34 9 7 28 29 11 
AQUIIII!!24 51 16 2 12 17 42 29 15 28 27 1 21 0 37 55 
AQUIIII!!55 16 12 29 21 27 2 40 15 1 0 34 24 7 17 37 
AQUIIII!!23 17 24 15 27 51 37 29 16 28 0 12 21 50 1 55 
AQUIIII!!55 1 15 50 28 21 51 17 29 37 27 12 24 0 16 23 
AQUIIII!!55 37 50 29 16 51 21 17 23 12 27 24 15 1 0 28 
AQUIIII!!17 15 24 37 40 2 16 34 27 1 0 29 7 12 21 55 
AQUIIII!!55 0 40 15 24 7 37 27 21 12 17 2 AQUIIII!!9 55 16 27 29 2 34 42 
29 14 28 20 11 7 40 9 18 13 34 10 
AQUIIII!!55 18 21 7 9 10 28 40 11 13 27 29 34 14 42 2 
AQUIIII!!55 40 27 34 1 17 24 29 12 37 21 2 16 15 0 7 
AQUIIII!!55 17 0 23 51 50 21 1 16 29 24 15 12 27 37 28 
AQUIIII!!55 2 40 10 34 20 42 11 29 7 9 28 18 14 13 27 
AQUIIII!!55 10 40 27 21 15 28 7 9 34 16 2 12 24 17 29 
AQUIIII!!55 0 24 2 16 15 27 40 1 34 17 7 29 37 AQUIIII!!21 55 9 12 28 
11 27 42 16 10 17 21 34 7 29 40 15 2 
AQUIIII!!55 0 37 29 51 28 21 17 23 27 16 15 1 50 24 12 
AQUIIII!!55 37 0 12 34 7 24 15 21 16 2 29 17 1 40 27 
AQUIIII!!55 17 27 34 40 7 10 24 29 28 21 15 16 12 2 9 
AQUIIII!!55 42 18 13 7 2 27 21 29 40 28 10 11 34 9 14 
AQUIIII!!55 1 24 17 42 2 12 21 15 27 51 16 0 37 29 28 
AQUIIII!!55 9 18 21 34 29 7 10 13 2 27 40 42 14 11 28 
AQUIIII!!55 21 2 37 7 24 9 34 17 15 16 0 40 27 29 12 
AQUIIII!!55 16 40 27 34 17 12 2 7 24 21 37 29 1 0 15 
AQUIIII!!55 12 15 29 34 24 37 7 2 40 0 16 1 21 27 17 
AQUIIII!!55 13 28 29 10 2 42 11 9 18 40 7 21 27 34 14 
AQUIIII!!55 2 18 20 29 27 7 9 13 11 28 34 14 40 42 10 
AQUIIII!!55 40 29 42 9 11 10 28 17 14 27 2 7 21 34 13 
AQUIIII!!55 21 42 15 40 9 29 AQUIIII!!7 16 55 27 40 10 17 18 34 13 2 28 14 11 
2 42 10 29 28 27 11 9 34 7 21 
AQUIIII!!55 17 7 13 16 9 10 28 40 2 27 34 42 21 11 29 
AQUIIII!!55 11 29 34 17 9 42 28 7 2 40 10 21 27 16 15 
AQUIIII!!55 10 40 27 13 34 29 42 11 2 7 28 9 14 21 18 
AQUIIII!!55 17 34 29 40 7 10 21 42 27 11 14 9 2 28 13 
AQUIIII!!55 15 24 27 28 2 40 10 9 34 29 21 16 7 17 12 
Number of Cuts in the second phase:6016
Number of repeat: 5669 
Violation: 171.000000
Violation: 350.000000
Violation: 327.000000
Violation: 438.000000
Violation: 98.000000
Violation: 403.000000
Violation: 600.000000
Violation: 257.000000
Violation: 514.000000
Violation: 228.000000
Violation: 109.000000
Violation: 400.000000
Violation: 218.000000
Violation: 218.000000
Violation: 102.000000
Violation: 1200.000000
Violation: 171.000000
Violation: 428.000000
Violation: 327.000000
Violation: 179.000000
Violation: 1000.000000
Violation: 257.000000
Violation: 513.000000
Violation: 771.000000
Violation: 200.000000
Violation: 104.000000
Violation: 342.000000
Violation: 184.000000
Violation: 600.000000
Violation: 200.000000
Violation: 513.000000
Violation: 513.000000
Violation: 113.000000
Violation: 406.000000
Violation: 175.000000
Violation: 349.000000
Violation: 771.000000
Violation: 740.000000
Violation: 262.000000
Violation: 171.000000
Violation: 82.000000
Violation: 1000.000000
Violation: 342.000000
Violation: 109.000000
Violation: 611.000000
Violation: 541.000000
Violation: 171.000000
Violation: 342.000000
Violation: 446.000000
Violation: 171.000000
Violation: 425.000000
Violation: 589.000000
Violation: 968.000000
Violation: 463.000000
Violation: 112.000000
Violation: 484.000000
Violation: 730.000000
Violation: 342.000000
Violation: 292.000000
Violation: 350.000000
Violation: 148.000000
Violation: 149.000000
Violation: 393.000000
Violation: 872.000000
Violation: 498.000000
Violation: 112.000000
Violation: 577.000000
Violation: 396.000000
Violation: 113.000000
Violation: 798.000000
Violation: 414.000000
Violation: 408.000000
Violation: 806.000000
Violation: 171.000000
Violation: 611.000000
Violation: 395.000000
Violation: 399.000000
Violation: 327.000000
Violation: 514.000000
Violation: 281.000000
Violation: 397.000000
Violation: 218.000000
Violation: 397.000000
Violation: 218.000000
Violation: 32.000000
Violation: 846.000000
Violation: 155.000000
Violation: 199.000000
Violation: 55.000000
Violation: 166.000000
Violation: 432.000000
Violation: 399.000000
Violation: 428.000000
Violation: 912.000000
Violation: 393.000000
Violation: 341.000000
Violation: 368.000000
Violation: 291.000000
Violation: 226.000000
Violation: 428.000000
Violation: 330.000000
Violation: 4.000000
Violation: 939.000000
Violation: 319.000000
Violation: 763.000000
Violation: 222.000000
Violation: 611.000000
Violation: 763.000000
Violation: 451.000000
Violation: 284.000000
Violation: 564.000000
Violation: 470.000000
Violation: 27.000000
Violation: 762.000000
Violation: 400.000000
Violation: 542.000000
Violation: 404.000000
Violation: 284.000000
Violation: 513.000000
Violation: 164.000000
Violation: 753.000000
Violation: 288.000000
Violation: 3.000000
Violation: 787.000000
Violation: 600.000000
Violation: 939.000000
Violation: 498.000000
Violation: 1084.000000
Violation: 835.000000
Violation: 568.000000
Violation: 626.000000
Violation: 199.000000
Violation: 200.000000
Violation: 257.000000
Violation: 170.000000
Violation: 832.000000
Violation: 654.000000
Violation: 113.000000
Violation: 226.000000
Violation: 199.000000
Violation: 140.000000
Violation: 689.000000
Violation: 98.000000
Violation: 164.000000
Violation: 220.000000
Violation: 825.000000
Violation: 483.000000
Violation: 567.000000
Violation: 98.000000
Violation: 589.000000
Violation: 28.000000
Violation: 398.000000
Violation: 632.000000
Violation: 262.000000
Violation: 600.000000
Violation: 199.000000
Violation: 798.000000
Violation: 1028.000000
Violation: 4.000000
Violation: 168.000000
Violation: 177.000000
Violation: 513.000000
Violation: 27.000000
Violation: 568.000000
Violation: 113.000000
Violation: 428.000000
Violation: 599.000000
Violation: 872.000000
Violation: 516.000000
Violation: 226.000000
Violation: 398.000000
Violation: 342.000000
Violation: 341.000000
Violation: 291.000000
Violation: 113.000000
Violation: 569.000000
Violation: 455.000000
Violation: 436.000000
Violation: 366.000000
Violation: 370.000000
Violation: 456.000000
Violation: 377.000000
Violation: 748.000000
Violation: 170.000000
Violation: 226.000000
Violation: 195.000000
Violation: 748.000000
Violation: 549.000000
Violation: 292.000000
Violation: 14.000000
Violation: 291.000000
Violation: 276.000000
Violation: 318.000000
Violation: 981.000000
Violation: 599.000000
Violation: 348.000000
Violation: 1084.000000
Violation: 678.000000
Violation: 167.000000
Violation: 140.000000
Violation: 198.000000
Violation: 210.000000
Violation: 200.000000
Violation: 231.000000
Violation: 775.000000
Violation: 668.000000
Violation: 567.000000
Violation: 397.000000
Violation: 84.000000
Violation: 394.000000
Violation: 102.000000
Violation: 576.000000
Violation: 392.000000
Violation: 226.000000
Violation: 483.000000
Violation: 763.000000
Violation: 443.000000
Violation: 432.000000
Violation: 773.000000
Violation: 617.000000
Violation: 407.000000
Violation: 199.000000
Violation: 140.000000
Violation: 512.000000
Violation: 293.000000
Violation: 912.000000
Violation: 428.000000
Violation: 113.000000
Violation: 514.000000
Violation: 521.000000
Violation: 371.000000
Violation: 32.000000
Violation: 284.000000
Violation: 606.000000
Violation: 199.000000
Violation: 284.000000
Violation: 747.000000
Violation: 109.000000
Violation: 288.000000
Violation: 178.000000
Violation: 599.000000
Violation: 576.000000
Violation: 263.000000
Violation: 370.000000
Violation: 395.000000
Violation: 233.000000
Violation: 427.000000
Violation: 98.000000
Violation: 175.000000
Violation: 635.000000
Violation: 605.000000
Violation: 747.000000
Violation: 390.000000
Violation: 397.000000
Violation: 397.000000
Violation: 109.000000
Violation: 542.000000
Violation: 568.000000
Violation: 342.000000
Violation: 399.000000
Violation: 82.000000
Violation: 440.000000
Violation: 846.000000
Violation: 285.000000
Violation: 140.000000
Violation: 34.000000
Violation: 199.000000
Violation: 542.000000
Violation: 542.000000
Violation: 1173.000000
Violation: 255.000000
Violation: 537.000000
Violation: 872.000000
Violation: 318.000000
Violation: 671.000000
Violation: 218.000000
Violation: 654.000000
Violation: 1180.000000
Violation: 684.000000
Violation: 112.000000
Violation: 454.000000
Violation: 752.000000
Violation: 71.000000
Violation: 748.000000
Violation: 476.000000
Violation: 388.000000
Violation: 424.000000
Violation: 225.000000
Violation: 325.000000
Violation: 139.000000
Violation: 179.000000
Violation: 250.000000
Violation: 228.000000
Violation: 428.000000
Violation: 631.000000
Violation: 108.000000
Violation: 53.000000
Violation: 514.000000
Violation: 179.000000
Violation: 392.000000
Violation: 547.000000
Violation: 691.000000
Violation: 282.000000
Violation: 284.000000
Violation: 475.000000
Violation: 766.000000
Violation: 155.000000
Violation: 370.000000
Violation: 427.000000
Violation: 226.000000
Violation: 210.000000
Violation: 275.000000
Violation: 541.000000
Violation: 43.000000
Violation: 765.000000
Violation: 228.000000
Violation: 681.000000
Violation: 377.000000
Violation: 599.000000
Violation: 549.000000
Violation: 634.000000
Violation: 284.000000
Violation: 345.000000
Violation: 1364.000000
Violation: 398.000000
Violation: 283.000000
Violation: 255.000000
Violation: 55.000000
Violation: 269.000000
Violation: 261.000000
Violation: 178.000000
Violation: 711.000000
Violation: 572.000000
Violation: 606.000000
Violation: 211.000000
Violation: 569.000000
Violation: 516.000000
Violation: 317.000000
Violation: 262.000000
Violation: 569.000000
Violation: 685.000000
Violation: 288.000000
Violation: 222.000000
Violation: 514.000000
Violation: 27.000000
Violation: 139.000000
Violation: 831.000000
2400 16
AQUIIII!!55 21 1 AQUIIII!!42 55 24 17 2 42 29 12 15 1 12 0 28 24 0 15 27 16 16 51 51 27 37 28 17 2 
29 21 37 
AQUIIII!!34 14 11 2 21 13 29 10 28 40 42 27 9 18 7 55 
AQUIIII!!29 2 27 15 7 34 21 28 11 42 9 40 17 16 10 55 
AQUIIII!!55 17 0 2 21 16 40 29 27 37 12 15 7 34 9 24 
AQUIIII!!11 55 2 29 28 9 21 27 34 7 15 17 40 10 16 42 
AQUIIII!!40 34 20 28 7 42 13 14 10 27 9 2 11 18 29 55 
AQUIIII!!34 16 27 42 28 10 21 9 13 2 11 17 29 7 40 55 
AQUIIII!!17 42 9 21 28 7 2 AQUIIII!!11 55 40 42 13 21 16 11 29 16 34 40 10 9 27 34 55 29 17 
2 28 7 10 27 13 AQUIIII!!
29 27 15 51 50 1 28 24 12 37 23 21 16 17 0 55 
AQUIIII!!55 7 9 34 29 28 16 13 21 10 40 42 2 11 27 17 
AQUIIII!!28 42 21 29 27 7 16 11 40 15 17 34 2 10 AQUIIII!!9 55 55 34 
7 14 13 28 40 2 27 11 42 21 18 29 10 9 
AQUIIII!!7 21 11 34 29 14 13 9 27 42 40 28 18 10 2 55 
AQUIIII!!18 40 27 13 11 7 2 AQUIIII!!28 16 10 40 9 27 14 21 20 37 42 12 29 0 34 55 1 
34 17 2 24 15 29 7 55 
AQUIIII!!28 10 2 21 34 11 40 9 27 17 15 42 29 16 7 55 
AQUIIII!!21 15 16 10 29 24 40 17 12 2 9 27 7 34 28 55 
AQUIIII!!55 10 13 20 34 7 40 14 28 29 9 2 18 11 27 42 
AQUIIII!!18 34 27 29 9 40 21 42 28 11 2 10 7 14 13 55 
AQUIIII!!15 27 34 9 29 7 40 17 24 16 37 2 21 0 12 55 
AQUIIII!!37 0 16 15 40 21 17 34 7 2 24 9 27 29 12 55 
AQUIIII!!55 11 10 27 17 29 9 28 7 34 15 42 21 2 16 40 
AQUIIII!!55 22 2 34 9 18 27 29 11 10 21 7 40 14 28 13 
AQUIIII!!55 2 15 27 10 7 17 9 16 34 42 40 29 21 28 11 
AQUIIII!!6 4 51 50 49 3 24 22 48 37 23 19 5 29 8 25 
AQUIIII!!55 14 7 27 10 21 13 18 34 28 9 11 2 40 42 29 
AQUIIII!!55 16 1 21 27 37 0 15 2 34 29 12 17 7 40 24 
AQUIIII!!55 7 11 2 17 40 27 29 21 9 10 42 28 13 16 34 
AQUIIII!!24 12 17 2 21 16 29 15 37 1 34 7 40 0 27 55 
AQUIIII!!7 40 10 34 42 18 9 28 27 20 14 11 29 2 13 55 
AQUIIII!!55 16 27 1 12 29 23 0 50 24 28 15 37 17 51 21 
AQUIIII!!55 1 27 12 0 28 51 42 29 37 15 2 24 16 17 21 
AQUIIII!!55 15 27 40 0 7 17 12 29 24 2 9 21 34 16 37 
AQUIIII!!34 9 2 40 13 16 10 7 29 17 42 27 28 11 21 55 
AQUIIII!!55 34 27 7 2 21 12 28 9 24 10 16 17 40 15 29 
AQUIIII!!55 12 28 27 9 40 34 24 10 7 2 29 21 15 17 16 
AQUIIII!!55 24 37 21 1 40 2 16 27 0 17 29 7 15 12 34 
Number of Cuts in the second phase:1684
Number of repeat: 1646 
Violation: 55.000000
Violation: 569.000000
Violation: 396.000000
Violation: 43.000000
Violation: 568.000000
Violation: 548.000000
Violation: 148.000000
Violation: 284.000000
Violation: 599.000000
Violation: 162.000000
Violation: 654.000000
Violation: 404.000000
Violation: 392.000000
Violation: 567.000000
Violation: 145.000000
Violation: 1037.000000
Violation: 331.000000
Violation: 341.000000
Violation: 428.000000
Violation: 319.000000
Violation: 748.000000
Violation: 599.000000
Violation: 110.000000
Violation: 462.000000
Violation: 85.000000
Violation: 989.000000
Violation: 231.000000
Violation: 113.000000
Violation: 319.000000
Violation: 370.000000
Violation: 755.000000
Violation: 548.000000
Violation: 446.000000
Violation: 888.000000
Violation: 575.000000
Violation: 740.000000
Violation: 124.000000
Violation: 462.000000
took 4.333139
Optimize a model with 752 rows, 906 columns and 11252 nonzeros
Coefficient statistics:
  Matrix range     [1e+00, 4e+01]
  Objective range  [0e+00, 0e+00]
  Bounds range     [1e+00, 4e+01]
  RHS range        [1e+00, 1e+02]
Presolve removed 354 rows and 108 columns
Presolve time: 0.00s
Presolved: 398 rows, 798 columns, 9383 nonzeros

Iteration    Objective       Primal Inf.    Dual Inf.      Time
       0    0.0000000e+00   4.570005e+01   0.000000e+00      0s
     141    0.0000000e+00   0.000000e+00   0.000000e+00      0s

Solved in 141 iterations and 0.01 seconds
Optimal objective  0.000000000e+00
