j3017_4.mm_s3.txt
Academic license - for non-commercial use only
Read LP format model from file lp/j3017_4.mm.lp
Reading time = 0.00 seconds
: 351 rows, 906 columns, 9053 nonzeros
OKGPU
nThreads: 1024 , nBlocks: 12 
Number cuts generated in the phase 1: 8
Number of repeat: 2 
violation 750.000000
violation 500.000000
violation 404.000000
violation 71.000000
violation 380.000000
violation 800.000000
8592 16
AQUIIII!!48 7 9 11 21 10 13 45 14 23 15 16 5 20 47 27 
AQUIIII!!12 7 17 22 8 18 19 44 46 43 10 25 32 11 23 48 
AQUIIII!!23 16 20 14 45 27 9 11 47 21 13 15 7 5 10 48 
AQUIIII!!20 11 13 23 22 46 7 43 16 10 32 19 9 44 18 48 
AQUIIII!!21 9 23 16 45 27 7 14 15 47 11 10 20 13 48 46 
AQUIIII!!44 18 43 23 17 19 32 AQUIIII!!8 45 46 13 11 23 25 16 7 11 22 AQUIIII!!19 10 44 9 12 16 10 48 19 20 
10 AQUIIII!!32 43 20 46 9 9 43 32 43 25 22 16 20 7 11 23 44 44 18 7 48 22 13 
18 11 19 7 32 48 46 46 23 
13 10 48 
AQUIIII!!22 12 AQUIIII!!48 25 47 19 27 21 28 AQUIIII!!13 17 AQUIIII!!48 11 6 9 4 20 8 16 28 46 9 3 4 15 3 45 14 18 32 45 AQUIIII!!27 46 32 23 19 7 47 12 AQUIIII!!12 6 10 25 23 8 20 44 8 44 
13 22 10 46 2 18 14 19 43 21 1 17 21 
AQUIIII!!17 11 43 7 7 9 7 44 15 AQUIIII!!45 44 21 
48 5 6 23 9 25 8 11 23 20 13 18 16 12 47 20 25 23 10 22 10 13 43 43 48 17 7 10 32 44 
19 14 11 6 46 15 AQUIIII!!7 23 22 18 AQUIIII!!16 44 10 46 14 32 27 22 AQUIIII!!46 
AQUIIII!!AQUIIII!!48 16 48 19 19 7 20 
13 
15 8 28 32 45 7 AQUIIII!!27 18 25 AQUIIII!!10 43 43 25 12 46 32 18 11 22 18 AQUIIII!!11 6 45 6 32 16 9 23 7 48 18 7 AQUIIII!!19 3 
25 10 8 22 43 9 AQUIIII!!20 17 AQUIIII!!AQUIIII!!46 43 46 43 AQUIIII!!22 17 32 4 10 18 27 22 23 10 11 19 7 18 32 46 44 11 43 13 11 44 18 43 25 28 32 25 14 18 7 27 AQUIIII!!46 44 44 14 22 11 12 10 23 46 12 16 13 21 12 25 13 27 44 27 13 43 44 17 15 23 46 20 19 43 44 6 13 13 10 45 21 9 22 32 7 19 43 9 17 22 16 4 14 43 13 14 19 9 20 10 46 48 7 9 9 28 48 10 20 44 9 
16 47 7 48 16 16 23 
11 11 46 22 11 8 20 
20 19 32 7 19 10 23 17 10 48 14 20 44 45 12 48 4 46 16 7 25 
32 43 23 13 
7 8 AQUIIII!!48 9 5 10 16 46 AQUIIII!!43 45 13 
44 6 AQUIIII!!23 45 46 32 16 44 48 18 25 20 46 48 44 20 23 48 7 46 
27 12 23 48 
18 
10 23 44 48 6 10 
19 48 10 23 9 15 

19 20 13 11 8 48 44 AQUIIII!!43 
9 48 18 48 11 17 11 46 
11 13 25 16 21 7 7 AQUIIII!!19 27 17 22 7 48 20 22 23 20 27 23 23 48 32 5 44 14 46 43 45 7 47 48 
45 32 11 
14 48 45 16 
10 47 21 10 15 46 13 20 9 16 
9 13 15 23 7 
AQUIIII!!AQUIIII!!48 48 AQUIIII!!44 46 48 7 23 11 9 22 18 21 46 19 14 32 8 23 11 17 45 43 11 18 12 16 7 32 15 10 7 27 20 46 13 19 10 25 44 20 23 17 44 13 12 
22 10 
43 
AQUIIII!!48 28 17 32 7 6 8 44 22 43 18 12 4 25 19 46 
AQUIIII!!2 44 43 3 19 22 32 12 4 17 18 8 25 28 1 6 
AQUIIII!!16 45 43 46 19 25 32 11 44 9 23 10 13 7 20 48 
AQUIIII!!32 46 20 19 18 23 44 AQUIIII!!22 16 13 15 9 23 10 11 7 13 11 45 43 9 16 21 48 44 
20 AQUIIII!!10 47 14 46 7 AQUIIII!!23 27 46 13 46 27 20 13 48 21 16 
9 14 15 10 9 45 23 11 47 14 45 7 21 AQUIIII!!27 46 10 15 20 20 16 11 11 48 22 7 
18 48 23 
12 13 17 44 43 7 19 32 10 48 
AQUIIII!!32 46 20 19 18 23 44 22 13 9 10 7 11 43 16 48 
AQUIIII!!48 14 13 20 45 10 25 9 7 43 11 16 23 46 AQUIIII!!AQUIIII!!27 48 44 23 
23 22 44 10 32 20 20 AQUIIII!!7 46 46 32 9 7 18 22 19 17 25 43 16 4 22 10 13 18 19 11 
8 44 28 13 6 32 AQUIIII!!19 43 16 7 9 46 10 7 18 17 45 11 44 14 48 12 43 
25 43 13 48 AQUIIII!!46 23 
11 AQUIIII!!23 8 43 9 10 11 20 45 44 27 7 44 32 20 48 44 43 
27 17 14 19 25 25 16 13 12 9 7 23 AQUIIII!!AQUIIII!!10 22 22 27 48 18 9 46 43 6 
45 AQUIIII!!25 10 46 22 18 43 48 23 46 4 
11 10 17 25 44 44 44 11 3 20 13 7 12 AQUIIII!!12 14 8 16 AQUIIII!!16 19 48 19 21 13 45 18 AQUIIII!!28 23 27 AQUIIII!!47 7 45 48 20 32 17 11 
20 10 11 6 8 15 7 17 23 27 46 19 47 AQUIIII!!11 32 14 48 44 10 15 AQUIIII!!48 32 23 20 
43 45 14 21 46 46 6 16 7 46 16 9 43 43 12 27 5 13 5 18 
21 22 10 13 20 23 11 
18 16 44 47 7 7 13 23 15 20 4 9 AQUIIII!!20 13 32 9 AQUIIII!!21 12 6 45 25 14 48 13 AQUIIII!!9 47 28 28 AQUIIII!!18 17 48 11 46 5 13 19 AQUIIII!!48 7 23 48 14 
48 13 20 19 46 48 11 
10 10 10 15 17 7 9 17 15 23 22 
44 19 44 11 46 48 27 AQUIIII!!16 27 
23 7 43 12 46 45 45 48 18 22 25 43 7 47 
25 44 19 AQUIIII!!18 23 13 23 46 22 43 43 47 7 10 3 20 18 4 20 15 9 4 46 32 19 22 6 43 16 22 44 14 32 10 32 9 8 10 8 12 22 9 18 
11 32 17 44 7 7 19 14 21 48 46 28 11 16 
7 
13 
48 32 10 
11 5 12 20 23 21 13 AQUIIII!!27 17 48 48 32 20 18 48 
43 17 
3 12 22 19 25 4 46 44 6 28 8 
AQUIIII!!46 43 48 25 18 12 28 8 6 7 4 17 22 32 19 44 
AQUIIII!!22 43 44 32 11 7 20 9 23 18 16 19 10 13 46 48 
AQUIIII!!19 20 16 11 43 44 10 22 9 7 18 23 13 32 46 48 
AQUIIII!!48 44 46 43 11 AQUIIII!!10 48 23 22 32 17 45 19 19 6 7 12 20 43 25 10 16 23 9 8 13 44 
32 46 25 7 18 
AQUIIII!!17 11 23 19 12 7 10 22 25 32 8 18 44 43 48 46 
AQUIIII!!46 20 44 10 7 13 22 12 11 23 32 17 18 19 43 AQUIIII!!48 14 
13 47 AQUIIII!!11 18 10 10 23 20 5 13 9 7 21 16 45 46 16 43 7 19 27 11 15 AQUIIII!!AQUIIII!!9 20 7 45 48 32 12 7 
23 22 9 44 44 21 22 11 44 AQUIIII!!48 23 15 43 10 27 
7 20 19 16 32 22 AQUIIII!!11 10 23 25 23 17 43 9 14 25 11 10 32 18 AQUIIII!!17 13 48 23 8 44 23 46 13 48 32 12 48 9 46 44 11 
20 
22 11 20 18 16 43 19 19 45 46 13 44 10 10 32 7 19 AQUIIII!!17 48 20 13 14 18 46 7 
11 
43 13 46 AQUIIII!!7 48 11 9 AQUIIII!!
43 20 46 32 32 16 13 22 46 7 44 44 44 19 12 43 43 18 45 10 22 23 17 19 25 23 23 10 13 46 27 AQUIIII!!7 2 48 20 44 11 
10 43 4 17 18 32 48 46 20 
19 6 12 22 AQUIIII!!25 48 18 16 28 
12 23 17 27 8 3 21 
45 AQUIIII!!14 11 10 47 23 11 27 13 9 21 47 45 7 20 14 20 15 7 15 10 46 5 13 9 16 48 48 

AQUIIII!!48 7 11 9 46 27 10 25 AQUIIII!!13 48 14 45 16 20 20 44 45 27 23 14 44 11 43 23 
43 9 13 16 7 25 46 10 
AQUIIII!!43 48 46 14 44 23 16 45 7 9 13 10 25 20 27 11 
AQUIIII!!48 23 17 19 32 10 12 8 44 43 18 46 6 25 7 22 
AQUIIII!!19 6 32 3 22 17 AQUIIII!!4 25 44 2 8 43 AQUIIII!!18 18 9 12 12 43 4 8 11 32 2 16 28 28 25 10 1 3 19 43 46 46 22 44 17 44 
19 7 6 23 
20 45 32 13 25 48 
AQUIIII!!19 23 AQUIIII!!22 48 44 22 7 10 18 19 43 43 9 8 16 23 25 20 AQUIIII!!12 46 44 15 7 32 21 10 17 11 14 13 6 
AQUIIII!!20 32 48 46 18 25 10 46 AQUIIII!!28 27 48 48 8 
11 22 19 44 7 17 23 17 46 13 32 18 16 18 4 45 25 43 AQUIIII!!7 6 4 9 10 32 43 48 14 12 19 
46 22 8 13 44 46 44 3 12 9 
28 43 25 6 16 44 45 
23 7 27 AQUIIII!!20 46 11 10 48 AQUIIII!!23 
48 11 32 25 20 17 7 19 43 32 22 43 7 44 17 12 44 46 19 28 4 22 6 12 8 18 18 
13 48 
AQUIIII!!48 44 9 19 10 20 AQUIIII!!3 32 12 13 32 16 4 23 43 7 8 11 22 46 18 22 28 18 19 43 
25 46 44 6 17 48 
AQUIIII!!43 6 10 12 18 46 44 17 32 23 22 19 25 8 7 48 
AQUIIII!!16 20 46 47 21 10 11 14 15 23 13 9 27 45 7 48 
AQUIIII!!48 9 46 27 14 13 44 23 45 25 11 43 16 7 20 10 
AQUIIII!!10 22 43 16 18 23 11 9 20 13 32 44 19 AQUIIII!!7 25 48 7 46 23 
46 10 19 8 11 44 43 32 17 22 12 18 48 
AQUIIII!!48 20 14 15 11 47 13 27 45 16 21 7 10 23 9 46 
AQUIIII!!48 12 18 46 43 11 8 17 25 32 23 44 22 7 19 10 
AQUIIII!!48 32 13 44 10 AQUIIII!!19 48 7 19 23 7 20 8 17 4 22 12 43 28 9 43 18 25 11 18 46 22 
46 44 32 17 6 
AQUIIII!!20 11 13 9 14 16 44 7 27 10 25 23 45 AQUIIII!!46 48 43 43 48 14 
9 46 44 45 11 10 7 16 23 27 13 25 20 
AQUIIII!!45 15 10 9 13 11 27 47 46 23 21 14 20 16 7 48 
AQUIIII!!48 5 45 10 27 15 47 9 7 21 13 14 23 20 16 11 
AQUIIII!!45 21 11 14 23 13 27 15 5 7 9 20 10 47 16 48 
AQUIIII!!20 9 46 22 23 32 17 13 43 18 7 11 19 44 10 48 AQUIIII!!
25 28 19 8 7 44 32 12 6 22 43 4 17 46 18 48 
AQUIIII!!48 44 9 20 13 46 16 14 15 11 AQUIIII!!23 12 8 27 18 21 44 45 6 7 19 10 32 
4 3 AQUIIII!!22 48 25 7 43 17 46 28 23 25 48 43 46 19 AQUIIII!!
32 32 18 43 12 18 6 12 22 25 10 8 8 17 44 19 22 17 28 
6 7 48 46 44 4 
AQUIIII!!13 27 16 9 20 25 10 7 44 46 23 43 45 14 11 48 
AQUIIII!!46 48 27 16 9 11 7 44 43 45 25 10 AQUIIII!!13 20 23 15 47 14 10 20 AQUIIII!!45 23 7 
18 27 46 9 11 13 13 19 21 11 16 16 23 7 14 22 9 43 48 20 
32 46 44 10 48 
AQUIIII!!48 22 12 19 8 44 17 23 43 11 10 25 18 46 32 7 
AQUIIII!!48 19 10 12 18 7 AQUIIII!!43 48 44 46 17 12 25 23 AQUIIII!!6 32 8 18 2 22 6 32 43 7 46 25 44 23 17 
19 3 22 28 44 10 4 8 43 19 
1 25 18 22 6 32 17 8 12 
AQUIIII!!11 27 9 46 14 21 15 AQUIIII!!16 20 32 45 43 9 13 10 16 7 22 44 18 7 20 13 10 23 23 19 44 48 11 
46 AQUIIII!!48 11 
45 16 27 46 20 23 7 9 25 13 14 44 10 43 48 
AQUIIII!!48 46 AQUIIII!!6 48 43 46 7 12 25 7 23 10 18 8 32 19 12 25 17 17 10 23 8 6 22 18 19 22 44 44 
32 43 
AQUIIII!!48 21 44 11 10 13 9 23 16 7 46 20 27 15 45 14 
AQUIIII!!48 44 46 17 43 22 20 7 13 18 19 23 10 32 11 9 
AQUIIII!!48 7 8 18 6 19 46 12 25 10 32 17 43 44 22 23 
AQUIIII!!46 48 44 10 13 20 23 9 16 27 43 AQUIIII!!14 48 7 43 11 9 45 11 25 46 
14 25 27 7 10 20 23 45 44 13 16 
AQUIIII!!48 23 7 9 13 46 45 16 19 20 43 44 25 10 AQUIIII!!11 48 32 32 
22 AQUIIII!!18 32 11 23 9 8 43 25 11 46 19 17 46 10 16 12 23 44 18 43 19 44 7 20 
10 7 13 22 48 
AQUIIII!!48 14 20 15 10 45 27 5 13 21 7 11 16 47 23 9 
AQUIIII!!48 43 11 20 46 27 23 44 45 14 13 16 25 9 7 10 
AQUIIII!!48 46 13 7 44 19 AQUIIII!!22 15 23 48 20 16 18 20 32 10 12 46 10 27 43 13 17 47 11 45 
23 11 21 9 14 7 
AQUIIII!!48 19 45 7 32 43 44 20 10 46 16 9 AQUIIII!!23 48 13 32 25 11 13 
43 11 10 20 23 17 7 22 19 18 46 9 44 
AQUIIII!!13 7 47 45 21 20 27 16 23 14 11 5 9 10 15 48 
AQUIIII!!48 18 43 17 6 25 44 32 8 23 46 22 7 19 12 10 
AQUIIII!!43 32 45 9 7 13 16 44 20 23 11 25 10 19 48 46 
AQUIIII!!48 43 7 27 46 10 13 11 23 14 16 25 9 44 45 20 AQUIIII!!23 
7 47 15 13 14 5 45 27 11 20 16 21 9 10 48 
AQUIIII!!48 47 10 45 21 7 23 46 13 AQUIIII!!9 48 16 7 20 45 13 27 14 14 23 15 21 11 46 
15 16 10 20 44 9 27 AQUIIII!!11 
9 44 11 15 16 46 7 14 45 21 13 23 27 20 10 48 
AQUIIII!!11 43 46 32 10 22 16 23 9 7 13 20 AQUIIII!!19 9 44 13 18 27 48 23 
46 11 45 43 10 20 14 16 25 7 44 48 
AQUIIII!!48 9 14 23 10 13 7 15 20 46 16 47 11 27 21 45 
AQUIIII!!46 48 18 7 17 10 11 22 12 43 19 13 23 32 AQUIIII!!20 48 44 8 
3 43 19 32 17 44 25 18 4 22 28 12 6 46 
AQUIIII!!48 43 17 46 12 10 7 22 44 32 19 18 23 11 20 13 
AQUIIII!!48 8 43 25 7 17 22 10 12 11 44 18 19 46 23 32 
AQUIIII!!48 13 22 23 10 11 46 17 18 43 12 19 7 44 32 20 
AQUIIII!!48 44 18 43 22 32 23 7 12 8 11 46 10 17 19 25 
AQUIIII!!48 20 11 9 7 19 18 32 16 13 23 46 10 44 43 22 
AQUIIII!!48 20 7 18 44 32 10 22 17 13 43 19 23 46 11 9 
AQUIIII!!43 44 32 17 8 19 23 22 7 25 18 11 10 46 12 48 
AQUIIII!!48 43 25 32 46 44 6 17 8 18 3 19 28 22 4 12 
AQUIIII!!48 14 23 27 46 13 7 10 21 20 16 11 45 15 9 44 
AQUIIII!!48 3 17 44 12 AQUIIII!!4 43 44 32 2 6 43 25 18 19 8 18 28 19 46 46 6 28 22 3 25 32 4 8 22 17 12 

AQUIIII!!16 20 19 22 7 13 43 46 18 23 44 10 9 32 11 48 
AQUIIII!!48 32 7 11 18 44 20 9 22 16 43 13 10 46 19 23 
AQUIIII!!48 16 23 20 45 44 15 11 13 9 27 10 21 14 46 7 
AQUIIII!!48 8 11 12 10 18 19 22 32 25 43 23 46 7 17 44 
AQUIIII!!48 9 23 7 44 18 13 10 22 16 11 43 46 19 32 20 
AQUIIII!!48 44 6 12 25 19 32 18 8 22 46 28 7 17 4 43 
AQUIIII!!48 10 27 23 45 14 46 21 47 16 20 9 13 7 15 11 
AQUIIII!!48 11 21 45 16 23 14 27 13 9 15 20 47 7 10 5 
AQUIIII!!48 25 23 11 10 7 16 43 13 27 14 20 45 46 44 9 
AQUIIII!!48 19 46 18 43 6 44 10 17 AQUIIII!!25 48 32 8 25 12 20 7 10 23 22 45 
46 43 9 13 11 7 44 16 14 27 23 
AQUIIII!!48 16 13 11 46 18 23 32 10 9 43 20 19 22 7 44 
AQUIIII!!48 10 23 46 22 19 43 18 12 32 7 44 11 17 13 20 
AQUIIII!!48 10 23 16 13 20 46 25 7 9 14 45 27 43 11 44 
AQUIIII!!46 48 9 16 23 AQUIIII!!13 48 44 46 11 44 10 22 32 10 25 18 43 8 20 25 7 12 19 23 45 19 
7 32 43 6 17 
AQUIIII!!46 16 AQUIIII!!48 16 13 15 20 48 43 20 9 21 19 14 45 11 25 13 32 44 7 23 11 10 10 46 23 7 44 27 
9 45 
AQUIIII!!44 48 43 9 11 27 46 13 14 10 7 16 25 23 20 45 
AQUIIII!!48 25 46 27 23 45 7 10 16 43 14 44 9 13 20 11 
AQUIIII!!46 48 13 22 19 43 7 18 44 23 20 11 16 32 9 10 
AQUIIII!!48 20 21 7 10 46 9 15 14 27 44 11 23 45 16 13 
AQUIIII!!48 46 20 AQUIIII!!19 48 43 13 13 43 9 45 11 16 7 44 10 10 45 25 23 20 25 11 32 27 44 14 16 46 
23 7 9 
AQUIIII!!48 13 20 21 23 16 10 45 46 47 11 7 15 9 27 14 
AQUIIII!!48 32 43 46 44 13 7 10 16 11 45 20 25 23 19 9 
AQUIIII!!48 46 20 23 43 7 13 11 32 44 12 22 19 10 17 18 
AQUIIII!!46 AQUIIII!!43 48 48 17 7 7 22 23 19 19 46 11 32 10 20 9 12 45 43 13 11 44 44 18 16 10 32 25 13 20 23 

AQUIIII!!48 12 44 25 19 8 22 10 46 18 17 32 11 7 23 43 
AQUIIII!!48 7 44 20 17 11 19 32 18 23 46 9 22 43 13 10 
AQUIIII!!48 13 16 20 11 47 9 10 5 21 15 23 45 27 7 14 
AQUIIII!!48 17 22 46 19 23 32 12 11 20 44 18 43 10 13 7 
AQUIIII!!48 12 43 7 22 10 25 44 18 46 19 6 8 23 17 32 
AQUIIII!!48 22 44 43 23 46 11 9 19 7 32 17 20 18 13 10 
AQUIIII!!16 46 48 45 13 14 27 15 10 44 23 20 11 7 9 21 
AQUIIII!!48 27 13 7 9 20 14 23 47 11 16 45 46 21 10 15 
AQUIIII!!48 15 44 27 20 13 9 16 45 14 7 23 10 AQUIIII!!11 46 48 21 10 
32 45 13 20 44 25 43 9 7 23 11 16 19 46 
Number of Cuts in the second phase:5336
Number of repeat: 5126 
Violation: 500.000000
Violation: 500.000000
Violation: 224.000000
Violation: 687.000000
Violation: 1200.000000
Violation: 458.000000
Violation: 600.000000
Violation: 500.000000
Violation: 229.000000
Violation: 500.000000
Violation: 700.000000
Violation: 229.000000
Violation: 400.000000
Violation: 200.000000
Violation: 200.000000
Violation: 519.000000
Violation: 500.000000
Violation: 295.000000
Violation: 435.000000
Violation: 300.000000
Violation: 109.000000
Violation: 531.000000
Violation: 250.000000
Violation: 1042.000000
Violation: 71.000000
Violation: 600.000000
Violation: 1250.000000
Violation: 200.000000
Violation: 314.000000
Violation: 500.000000
Violation: 200.000000
Violation: 1000.000000
Violation: 500.000000
Violation: 71.000000
Violation: 151.000000
Violation: 250.000000
Violation: 151.000000
Violation: 600.000000
Violation: 500.000000
Violation: 500.000000
Violation: 59.000000
Violation: 302.000000
Violation: 206.000000
Violation: 269.000000
Violation: 109.000000
Violation: 412.000000
Violation: 224.000000
Violation: 259.000000
Violation: 200.000000
Violation: 199.000000
Violation: 400.000000
Violation: 1000.000000
Violation: 500.000000
Violation: 400.000000
Violation: 250.000000
Violation: 200.000000
Violation: 198.000000
Violation: 453.000000
Violation: 100.000000
Violation: 200.000000
Violation: 800.000000
Violation: 600.000000
Violation: 599.000000
Violation: 83.000000
Violation: 630.000000
Violation: 250.000000
Violation: 228.000000
Violation: 199.000000
Violation: 250.000000
Violation: 59.000000
Violation: 1000.000000
Violation: 500.000000
Violation: 675.000000
Violation: 50.000000
Violation: 531.000000
Violation: 1000.000000
Violation: 500.000000
Violation: 314.000000
Violation: 573.000000
Violation: 500.000000
Violation: 100.000000
Violation: 180.000000
Violation: 128.000000
Violation: 151.000000
Violation: 522.000000
Violation: 529.000000
Violation: 458.000000
Violation: 200.000000
Violation: 513.000000
Violation: 600.000000
Violation: 198.000000
Violation: 228.000000
Violation: 522.000000
Violation: 400.000000
Violation: 1200.000000
Violation: 500.000000
Violation: 73.000000
Violation: 600.000000
Violation: 599.000000
Violation: 224.000000
Violation: 500.000000
Violation: 829.000000
Violation: 250.000000
Violation: 109.000000
Violation: 456.000000
Violation: 500.000000
Violation: 414.000000
Violation: 300.000000
Violation: 600.000000
Violation: 708.000000
Violation: 200.000000
Violation: 1200.000000
Violation: 400.000000
Violation: 600.000000
Violation: 302.000000
Violation: 250.000000
Violation: 500.000000
Violation: 200.000000
Violation: 887.000000
Violation: 119.000000
Violation: 206.000000
Violation: 600.000000
Violation: 272.000000
Violation: 200.000000
Violation: 198.000000
Violation: 500.000000
Violation: 71.000000
Violation: 828.000000
Violation: 586.000000
Violation: 599.000000
Violation: 364.000000
Violation: 200.000000
Violation: 700.000000
Violation: 216.000000
Violation: 100.000000
Violation: 658.000000
Violation: 150.000000
Violation: 229.000000
Violation: 200.000000
Violation: 500.000000
Violation: 200.000000
Violation: 71.000000
Violation: 1198.000000
Violation: 199.000000
Violation: 236.000000
Violation: 500.000000
Violation: 1284.000000
Violation: 108.000000
Violation: 200.000000
Violation: 199.000000
Violation: 100.000000
Violation: 489.000000
Violation: 200.000000
Violation: 259.000000
Violation: 200.000000
Violation: 489.000000
Violation: 206.000000
Violation: 410.000000
Violation: 400.000000
Violation: 1250.000000
Violation: 398.000000
Violation: 200.000000
Violation: 1000.000000
Violation: 500.000000
Violation: 224.000000
Violation: 600.000000
Violation: 323.000000
Violation: 500.000000
Violation: 521.000000
Violation: 998.000000
Violation: 250.000000
Violation: 1000.000000
Violation: 573.000000
Violation: 600.000000
Violation: 200.000000
Violation: 600.000000
Violation: 100.000000
Violation: 500.000000
Violation: 109.000000
Violation: 218.000000
Violation: 350.000000
Violation: 83.000000
Violation: 1200.000000
Violation: 498.000000
Violation: 151.000000
Violation: 295.000000
Violation: 424.000000
Violation: 489.000000
Violation: 198.000000
Violation: 522.000000
Violation: 511.000000
Violation: 500.000000
Violation: 600.000000
Violation: 237.000000
Violation: 287.000000
Violation: 200.000000
Violation: 341.000000
Violation: 205.000000
Violation: 708.000000
Violation: 200.000000
Violation: 1198.000000
Violation: 218.000000
Violation: 1044.000000
Violation: 500.000000
Violation: 315.000000
Violation: 200.000000
Violation: 285.000000
Violation: 1500.000000
Violation: 198.000000
Violation: 198.000000
408 16
AQUIIII!!48 46 23 6 19 17 44 12 18 8 10 43 22 32 7 25 
AQUIIII!!46 14 15 27 13 45 7 10 21 AQUIIII!!9 46 20 13 47 14 11 20 16 23 23 15 48 7 
10 27 16 AQUIIII!!45 20 21 15 11 9 9 16 44 45 48 47 
10 7 11 21 14 27 13 46 23 48 
AQUIIII!!43 48 44 25 19 4 18 17 12 6 8 22 46 3 32 28 
AQUIIII!!48 10 11 46 32 43 19 20 23 16 13 9 45 7 25 44 
AQUIIII!!48 15 27 10 9 23 16 11 7 45 14 47 20 5 13 21 
AQUIIII!!48 32 11 17 25 23 44 8 18 12 22 7 46 43 10 19 
AQUIIII!!46 48 10 20 19 18 7 16 9 11 43 32 22 23 13 44 
AQUIIII!!20 23 13 16 32 11 19 9 46 25 45 10 7 43 48 44 
AQUIIII!!32 23 44 13 11 16 20 46 19 10 45 7 9 43 25 48 
AQUIIII!!48 7 10 23 47 21 27 9 20 15 46 45 14 11 16 13 
AQUIIII!!48 27 16 21 14 20 23 7 47 13 9 10 5 11 15 45 
AQUIIII!!15 48 47 11 20 9 16 27 23 10 14 45 13 21 7 46 
Number of Cuts in the second phase:273
Number of repeat: 259 
Violation: 709.000000
Violation: 218.000000
Violation: 631.000000
Violation: 700.000000
Violation: 998.000000
Violation: 500.000000
Violation: 289.000000
Violation: 1424.000000
Violation: 167.000000
Violation: 418.000000
Violation: 49.000000
Violation: 398.000000
Violation: 273.000000
Violation: 750.000000
took 3.569092
Optimize a model with 588 rows, 906 columns and 10112 nonzeros
Coefficient statistics:
  Matrix range     [1e+00, 4e+01]
  Objective range  [0e+00, 0e+00]
  Bounds range     [1e+00, 4e+01]
  RHS range        [1e+00, 1e+02]
Presolve removed 343 rows and 109 columns
Presolve time: 0.01s
Presolved: 245 rows, 797 columns, 8479 nonzeros

Iteration    Objective       Primal Inf.    Dual Inf.      Time
       0    0.0000000e+00   4.408044e+01   0.000000e+00      0s
     130    0.0000000e+00   0.000000e+00   0.000000e+00      0s

Solved in 130 iterations and 0.01 seconds
Optimal objective  0.000000000e+00
