j3017_4.mm_s4.txt
Academic license - for non-commercial use only
Read LP format model from file lp/j3017_4.mm.lp
Reading time = 0.00 seconds
: 351 rows, 906 columns, 9053 nonzeros
OKGPU
nThreads: 1024 , nBlocks: 12 
Number cuts generated in the phase 1: 11
Number of repeat: 4 
violation 750.000000
violation 400.000000
violation 420.000000
violation 249.000000
violation 84.000000
violation 139.000000
violation 800.000000
8592 16
AQUIIII!!53 51 9 AQUIIII!!14 53 11 23 22 15 25 9 15 51 27 31 22 24 10 AQUIIII!!31 11 AQUIIII!!53 10 53 24 51 AQUIIII!!27 13 48 10 13 53 50 50 27 48 15 48 24 25 48 23 
9 10 50 50 13 50 37 47 25 24 25 13 27 25 
14 15 51 31 31 23 16 9 11 51 22 22 23 14 23 31 10 11 13 15 47 11 22 9 27 


AQUIIII!!51 53 23 31 22 27 29 24 48 50 10 47 9 21 11 15 
AQUIIII!!4 31 28 47 38 1 18 20 24 27 8 29 3 21 2 19 
AQUIIII!!29 47 18 28 AQUIIII!!21 11 AQUIIII!!24 22 51 38 29 AQUIIII!!4 14 47 13 19 15 27 20 14 50 23 AQUIIII!!31 15 23 48 48 51 48 17 50 27 48 10 37 8 24 9 24 9 51 11 51 53 10 10 31 15 
27 50 21 27 23 14 24 9 25 50 31 13 22 31 53 22 31 11 
10 11 15 25 27 25 53 16 13 
53 22 
9 AQUIIII!!23 51 53 50 
37 13 14 10 25 22 11 AQUIIII!!31 22 27 16 9 9 11 23 25 15 13 53 
16 23 15 31 17 37 27 10 AQUIIII!!50 53 14 27 9 53 20 
31 24 19 21 48 29 28 11 47 22 AQUIIII!!51 15 AQUIIII!!9 
8 27 AQUIIII!!4 24 AQUIIII!!24 29 31 19 29 24 11 21 AQUIIII!!10 48 47 48 31 AQUIIII!!23 27 19 24 24 21 13 19 51 50 18 19 25 18 31 11 22 22 22 13 21 21 20 24 51 25 28 9 8 20 15 50 47 20 27 31 51 47 20 AQUIIII!!9 11 48 31 15 31 51 AQUIIII!!15 48 29 22 9 47 51 27 23 9 53 47 15 47 38 23 
53 10 37 21 9 28 48 
22 16 AQUIIII!!28 29 53 27 27 
50 15 51 11 22 28 22 13 31 27 53 53 17 11 11 15 

9 47 48 50 37 AQUIIII!!48 AQUIIII!!53 31 15 53 10 48 51 
23 27 11 AQUIIII!!AQUIIII!!24 47 20 AQUIIII!!25 48 10 22 29 22 24 47 29 51 23 10 31 22 27 27 8 50 21 21 22 11 18 51 27 53 19 48 29 31 31 51 13 27 9 48 15 15 47 
24 48 51 16 51 21 25 28 19 20 29 28 29 14 11 14 31 24 8 9 19 28 31 51 53 47 
9 9 31 20 19 27 
9 21 21 19 20 53 22 11 18 47 53 24 28 

28 27 53 
22 20 53 9 
29 18 24 53 
AQUIIII!!53 31 22 18 24 51 9 8 21 47 29 48 28 AQUIIII!!27 20 53 19 11 
20 22 18 27 31 29 24 21 48 51 47 9 28 19 
AQUIIII!!37 28 2 25 38 31 0 12 6 49 52 5 22 1 7 17 
AQUIIII!!AQUIIII!!31 50 24 48 14 22 13 24 9 9 27 47 48 51 15 21 51 AQUIIII!!23 50 48 31 23 27 15 25 15 51 29 10 29 AQUIIII!!10 22 31 20 11 11 51 28 53 53 AQUIIII!!11 50 

15 AQUIIII!!29 47 25 18 21 11 48 31 24 48 24 16 20 22 31 23 20 50 19 9 11 11 22 27 27 31 9 21 22 9 28 53 9 27 
27 17 29 21 28 50 47 22 53 13 
47 10 24 51 37 15 14 53 53 

AQUIIII!!15 23 27 14 50 51 16 11 10 25 9 22 37 13 31 53 
AQUIIII!!11 31 10 23 27 13 9 15 25 37 51 16 22 14 50 53 
AQUIIII!!47 48 27 21 31 24 51 8 20 18 19 4 38 AQUIIII!!29 19 28 29 53 AQUIIII!!21 
22 31 15 27 AQUIIII!!37 18 25 4 20 31 28 9 16 31 22 11 38 8 9 27 24 27 18 13 48 8 50 28 20 23 47 29 10 51 48 14 53 2 17 19 
53 24 
AQUIIII!!21 20 3 29 47 9 
21 11 48 28 27 47 AQUIIII!!51 22 50 27 31 10 22 15 24 24 15 51 53 48 
13 25 23 31 11 50 14 9 53 
AQUIIII!!53 23 25 9 27 31 15 13 50 14 22 37 51 AQUIIII!!10 53 16 23 11 13 
17 37 22 25 9 16 14 27 10 15 31 50 11 
AQUIIII!!38 28 49 25 2 12 37 6 1 7 31 52 0 22 17 5 
AQUIIII!!53 15 27 9 22 13 14 23 11 10 24 25 51 50 31 48 
AQUIIII!!53 51 9 50 10 AQUIIII!!15 14 23 11 15 25 47 27 27 37 24 31 16 48 13 31 22 50 
23 10 17 9 11 13 22 25 53 
AQUIIII!!47 21 2 18 8 3 29 19 AQUIIII!!31 51 20 47 4 53 28 28 38 9 24 48 27 15 1 22 
31 20 29 21 24 11 50 27 
AQUIIII!!AQUIIII!!18 53 28 31 4 28 18 27 29 8 48 27 19 24 22 29 19 21 8 21 31 9 51 48 47 38 20 
20 24 AQUIIII!!53 25 47 23 51 24 
47 AQUIIII!!31 21 9 15 51 20 48 22 31 15 9 10 47 50 22 48 27 13 24 27 29 11 50 53 11 
28 53 51 
AQUIIII!!21 AQUIIII!!28 31 11 AQUIIII!!9 31 11 18 9 13 47 47 22 48 20 19 14 29 31 AQUIIII!!50 24 20 53 24 48 20 9 21 51 15 16 29 27 31 11 25 22 48 22 23 18 51 AQUIIII!!28 15 9 9 27 19 37 21 24 51 53 27 22 AQUIIII!!53 47 51 48 
19 
27 10 20 21 31 53 47 11 28 
31 29 51 28 22 8 27 19 24 11 18 19 
27 4 24 38 29 29 47 18 53 21 
AQUIIII!!20 AQUIIII!!9 48 53 16 51 18 28 19 27 53 20 10 
48 37 51 15 31 31 22 11 21 14 47 23 9 50 8 13 24 22 27 17 28 25 29 53 

AQUIIII!!53 29 23 15 48 21 51 27 31 24 47 22 11 50 9 10 
AQUIIII!!10 50 37 27 22 9 14 31 13 17 15 25 11 16 23 53 
AQUIIII!!19 31 24 15 29 9 22 20 28 11 48 51 27 47 21 53 
AQUIIII!!22 11 16 50 51 13 27 14 37 9 31 23 15 25 10 53 
AQUIIII!!9 48 29 47 8 21 27 24 20 19 22 18 31 28 51 53 
AQUIIII!!48 27 20 47 22 19 29 28 51 9 8 18 21 AQUIIII!!53 31 51 31 24 47 19 53 24 27 
4 AQUIIII!!29 AQUIIII!!48 50 20 22 18 24 24 28 47 38 11 8 48 23 21 
31 15 50 11 AQUIIII!!47 21 38 9 22 20 15 4 29 48 47 27 27 18 13 23 21 48 51 51 28 25 9 19 10 10 8 53 29 31 
31 53 AQUIIII!!AQUIIII!!24 24 51 47 
11 27 8 27 53 24 
50 31 13 20 10 AQUIIII!!25 18 53 47 51 47 51 9 9 31 27 27 15 21 31 48 29 11 22 22 48 9 19 18 28 23 51 48 53 29 53 

21 19 20 28 24 22 
AQUIIII!!53 48 19 11 9 15 51 31 21 22 20 24 27 28 47 29 
AQUIIII!!53 21 51 29 19 28 27 47 31 24 20 18 4 38 8 48 
AQUIIII!!27 28 48 21 38 29 20 31 4 8 24 47 18 51 19 53 
AQUIIII!!53 10 47 24 13 11 51 22 48 AQUIIII!!15 50 51 31 53 9 48 27 29 23 27 25 28 
22 15 9 47 20 21 50 31 24 11 
AQUIIII!!53 15 22 10 27 11 24 31 13 14 50 48 25 9 23 51 
AQUIIII!!29 9 47 15 51 31 48 50 24 23 27 21 10 11 22 53 AQUIIII!!AQUIIII!!
9 11 48 28 24 20 21 29 47 22 27 50 15 27 22 11 15 24 28 48 51 51 29 21 20 31 31 53 50 
9 47 53 
AQUIIII!!24 31 51 23 11 47 27 AQUIIII!!29 51 50 22 11 22 15 15 47 9 21 21 10 48 29 24 10 50 53 9 
23 31 27 48 53 AQUIIII!!
53 51 22 11 21 AQUIIII!!29 47 24 23 28 9 18 21 20 31 27 48 48 31 11 47 10 19 27 9 15 
29 51 50 22 24 53 
AQUIIII!!11 27 16 13 50 17 31 22 37 25 9 14 10 23 15 53 
AQUIIII!!53 23 31 16 13 9 11 17 14 22 37 25 10 27 50 15 
AQUIIII!!47 28 31 11 15 27 22 21 29 9 51 19 24 20 48 53 
AQUIIII!!29 20 AQUIIII!!9 14 51 51 31 37 27 31 48 9 27 15 22 23 15 19 16 11 22 47 11 13 24 50 28 10 21 25 53 53 

AQUIIII!!20 21 53 48 51 18 47 9 28 11 31 22 29 27 24 19 
AQUIIII!!53 18 9 8 47 21 31 48 24 28 19 20 27 51 29 22 
AQUIIII!!29 11 47 24 10 31 50 27 22 15 51 9 21 48 23 53 
AQUIIII!!51 53 20 18 8 24 28 29 22 19 47 21 31 9 27 48 
AQUIIII!!29 50 15 11 22 21 31 48 23 9 51 10 24 27 47 53 
AQUIIII!!51 53 9 47 20 21 11 18 27 22 19 29 24 28 31 48 
AQUIIII!!22 9 AQUIIII!!10 28 51 51 15 24 27 25 31 23 11 50 18 13 20 31 19 37 21 27 48 22 11 29 14 47 16 9 53 53 

AQUIIII!!53 31 25 15 27 47 9 51 10 50 48 22 AQUIIII!!4 13 47 11 28 24 38 23 31 
18 AQUIIII!!21 53 3 51 2 29 48 8 31 20 50 19 9 48 15 24 27 11 
10 23 13 24 14 27 22 25 
AQUIIII!!53 20 51 22 11 21 19 9 29 28 31 24 48 18 27 47 
AQUIIII!!19 31 8 38 24 27 21 AQUIIII!!29 53 28 31 20 9 4 25 51 48 48 47 18 50 47 AQUIIII!!10 53 53 15 37 
16 24 13 23 15 22 27 51 23 11 50 27 22 11 13 17 
14 25 9 31 10 
AQUIIII!!28 48 15 9 19 27 29 20 31 22 51 11 24 21 47 53 
AQUIIII!!53 27 21 38 48 28 24 19 4 29 47 8 20 51 AQUIIII!!31 53 18 47 
23 25 11 10 31 13 51 48 27 22 24 9 15 50 
AQUIIII!!17 53 11 10 13 50 16 14 25 27 31 15 23 37 9 22 
AQUIIII!!51 53 15 48 31 27 47 20 11 28 21 22 24 50 29 9 
AQUIIII!!21 11 20 27 22 19 47 48 51 31 9 24 29 28 18 53 
AQUIIII!!53 22 24 51 9 20 31 11 29 19 21 15 48 28 27 47 
AQUIIII!!53 31 25 24 11 14 22 48 23 50 10 9 27 51 13 15 
AQUIIII!!51 53 31 20 21 28 4 47 38 19 8 24 48 29 18 27 
AQUIIII!!28 48 19 24 31 21 29 22 9 47 27 18 20 11 53 51 
AQUIIII!!53 9 22 AQUIIII!!10 53 50 47 24 51 23 29 48 9 51 24 15 27 14 18 27 22 AQUIIII!!25 20 31 31 21 13 28 48 11 19 28 8 
29 48 24 31 27 
19 22 8 21 20 51 18 47 9 53 
AQUIIII!!53 47 21 23 48 31 15 29 11 50 9 24 27 51 10 22 
AQUIIII!!47 31 28 2 38 24 20 1 29 3 19 4 27 18 8 21 
AQUIIII!!53 19 20 48 8 47 27 51 21 22 31 24 28 18 29 9 
AQUIIII!!53 10 11 22 23 27 14 15 31 9 25 13 37 51 16 50 
AQUIIII!!53 50 29 22 21 11 20 24 31 48 51 27 47 28 9 15 
AQUIIII!!53 25 37 13 15 50 23 27 16 11 31 17 22 9 10 14 
AQUIIII!!53 9 29 11 27 19 22 21 20 28 31 24 47 51 18 48 
AQUIIII!!53 15 27 23 51 9 13 31 47 50 11 24 10 22 25 48 
AQUIIII!!53 50 22 37 11 27 15 13 16 9 17 14 31 23 10 25 
AQUIIII!!53 9 20 29 31 51 28 47 21 24 19 15 27 48 11 22 
AQUIIII!!53 28 47 29 8 51 24 21 38 27 20 18 4 19 48 31 
AQUIIII!!51 53 21 22 AQUIIII!!20 53 19 47 11 11 47 50 27 24 28 9 15 51 9 15 31 31 48 22 29 28 24 27 
48 21 20 29 
AQUIIII!!53 24 22 31 11 10 15 50 13 51 48 23 27 9 25 47 
AQUIIII!!53 21 27 31 18 51 4 20 24 8 29 19 28 38 47 48 
AQUIIII!!53 27 11 9 16 17 37 25 23 14 31 50 AQUIIII!!22 20 13 3 15 47 10 31 
4 8 18 28 29 19 48 51 24 27 38 21 
AQUIIII!!53 28 8 29 51 31 19 24 18 9 21 27 47 22 20 48 
AQUIIII!!51 53 25 9 27 15 11 50 16 23 14 10 22 37 31 13 
AQUIIII!!48 25 9 50 22 24 10 15 23 27 11 31 51 13 47 53 
AQUIIII!!53 9 29 20 24 21 28 19 51 31 18 11 48 27 22 47 
AQUIIII!!37 38 2 25 28 7 52 6 31 12 0 49 22 17 5 1 
AQUIIII!!53 29 8 27 28 48 22 19 47 51 9 24 31 20 18 21 
AQUIIII!!53 10 9 24 25 14 13 23 31 51 48 27 15 11 50 22 
AQUIIII!!51 53 9 15 37 31 27 22 13 50 14 23 16 25 10 11 
AQUIIII!!53 21 22 11 47 27 31 29 20 24 19 28 18 48 51 9 
AQUIIII!!53 14 13 9 10 48 27 50 25 24 11 15 31 51 23 22 
AQUIIII!!53 31 10 22 11 15 23 50 24 13 48 25 9 27 47 51 
AQUIIII!!53 11 10 27 22 14 16 50 37 31 25 23 13 9 51 15 
AQUIIII!!53 20 24 21 11 31 9 27 51 47 28 29 48 18 19 22 
AQUIIII!!53 22 50 13 14 10 23 31 9 16 11 37 25 27 15 51 
AQUIIII!!51 53 37 15 27 25 9 22 14 10 50 31 16 23 13 11 
AQUIIII!!53 25 9 22 14 15 13 24 48 51 11 27 10 23 31 50 
AQUIIII!!53 25 50 27 23 31 10 9 13 48 51 24 15 47 22 11 
AQUIIII!!53 20 47 31 22 9 48 24 50 15 21 28 29 11 27 51 
AQUIIII!!53 11 31 51 20 22 21 47 19 27 15 28 48 29 24 9 
AQUIIII!!53 13 9 25 27 24 23 11 15 50 31 48 10 14 51 22 
AQUIIII!!47 53 51 15 22 21 9 50 48 29 27 20 28 24 31 11 
AQUIIII!!53 27 48 29 47 31 51 15 50 11 24 21 10 9 22 23 
AQUIIII!!2 3 4 47 27 21 19 29 38 24 8 AQUIIII!!18 53 31 15 27 28 13 20 9 1 50 
25 48 22 14 51 11 23 10 31 24 
AQUIIII!!51 53 23 22 15 10 31 11 14 37 27 50 16 13 25 9 
AQUIIII!!51 53 27 10 15 23 11 25 24 31 22 50 48 13 9 14 
Number of Cuts in the second phase:5267
Number of repeat: 5053 
Violation: 284.000000
Violation: 500.000000
Violation: 600.000000
Violation: 250.000000
Violation: 568.000000
Violation: 84.000000
Violation: 500.000000
Violation: 533.000000
Violation: 250.000000
Violation: 83.000000
Violation: 168.000000
Violation: 200.000000
Violation: 750.000000
Violation: 685.000000
Violation: 200.000000
Violation: 500.000000
Violation: 200.000000
Violation: 200.000000
Violation: 1200.000000
Violation: 272.000000
Violation: 333.000000
Violation: 600.000000
Violation: 252.000000
Violation: 245.000000
Violation: 600.000000
Violation: 136.000000
Violation: 1200.000000
Violation: 194.000000
Violation: 354.000000
Violation: 400.000000
Violation: 1050.000000
Violation: 136.000000
Violation: 800.000000
Violation: 156.000000
Violation: 600.000000
Violation: 400.000000
Violation: 250.000000
Violation: 533.000000
Violation: 556.000000
Violation: 500.000000
Violation: 66.000000
Violation: 600.000000
Violation: 1000.000000
Violation: 204.000000
Violation: 34.000000
Violation: 55.000000
Violation: 385.000000
Violation: 1000.000000
Violation: 55.000000
Violation: 400.000000
Violation: 1000.000000
Violation: 284.000000
Violation: 500.000000
Violation: 200.000000
Violation: 55.000000
Violation: 245.000000
Violation: 97.000000
Violation: 600.000000
Violation: 1.000000
Violation: 110.000000
Violation: 55.000000
Violation: 221.000000
Violation: 250.000000
Violation: 136.000000
Violation: 333.000000
Violation: 500.000000
Violation: 500.000000
Violation: 200.000000
Violation: 333.000000
Violation: 500.000000
Violation: 84.000000
Violation: 833.000000
Violation: 250.000000
Violation: 500.000000
Violation: 401.000000
Violation: 333.000000
Violation: 200.000000
Violation: 50.000000
Violation: 167.000000
Violation: 1083.000000
Violation: 251.000000
Violation: 1142.000000
Violation: 700.000000
Violation: 346.000000
Violation: 249.000000
Violation: 200.000000
Violation: 833.000000
Violation: 168.000000
Violation: 33.000000
Violation: 101.000000
Violation: 168.000000
Violation: 200.000000
Violation: 1200.000000
Violation: 100.000000
Violation: 833.000000
Violation: 194.000000
Violation: 200.000000
Violation: 388.000000
Violation: 400.000000
Violation: 165.000000
Violation: 900.000000
Violation: 200.000000
Violation: 284.000000
Violation: 1037.000000
Violation: 833.000000
Violation: 100.000000
Violation: 200.000000
Violation: 84.000000
Violation: 200.000000
Violation: 333.000000
Violation: 1000.000000
Violation: 333.000000
Violation: 204.000000
Violation: 600.000000
Violation: 334.000000
Violation: 600.000000
Violation: 888.000000
Violation: 156.000000
Violation: 33.000000
Violation: 500.000000
Violation: 400.000000
Violation: 200.000000
Violation: 800.000000
Violation: 250.000000
Violation: 1000.000000
Violation: 750.000000
Violation: 214.000000
Violation: 500.000000
Violation: 400.000000
Violation: 167.000000
Violation: 389.000000
Violation: 537.000000
Violation: 200.000000
Violation: 385.000000
Violation: 167.000000
Violation: 100.000000
Violation: 200.000000
Violation: 368.000000
Violation: 200.000000
Violation: 1000.000000
Violation: 31.000000
Violation: 833.000000
Violation: 833.000000
Violation: 200.000000
Violation: 500.000000
Violation: 200.000000
Violation: 233.000000
Violation: 37.000000
Violation: 582.000000
Violation: 1.000000
Violation: 362.000000
Violation: 250.000000
Violation: 829.000000
Violation: 101.000000
Violation: 400.000000
Violation: 360.000000
Violation: 26.000000
Violation: 850.000000
Violation: 200.000000
Violation: 537.000000
Violation: 333.000000
Violation: 1000.000000
Violation: 469.000000
Violation: 833.000000
Violation: 350.000000
Violation: 136.000000
Violation: 250.000000
Violation: 1333.000000
Violation: 200.000000
Violation: 136.000000
Violation: 168.000000
Violation: 200.000000
Violation: 100.000000
Violation: 300.000000
Violation: 191.000000
Violation: 110.000000
Violation: 833.000000
Violation: 400.000000
Violation: 381.000000
Violation: 688.000000
Violation: 888.000000
Violation: 484.000000
Violation: 750.000000
Violation: 397.000000
Violation: 200.000000
Violation: 315.000000
Violation: 450.000000
Violation: 1.000000
Violation: 800.000000
Violation: 433.000000
Violation: 200.000000
Violation: 127.000000
Violation: 500.000000
Violation: 33.000000
Violation: 78.000000
Violation: 571.000000
Violation: 200.000000
Violation: 800.000000
Violation: 681.000000
Violation: 250.000000
Violation: 521.000000
Violation: 600.000000
Violation: 833.000000
Violation: 333.000000
Violation: 600.000000
Violation: 1250.000000
Violation: 500.000000
Violation: 500.000000
Violation: 500.000000
Violation: 200.000000
Violation: 250.000000
Violation: 200.000000
Violation: 33.000000
Violation: 33.000000
408 16
AQUIIII!!51 48 28 31 21 18 29 9 22 11 24 19 20 27 47 53 
AQUIIII!!13 10 48 24 23 27 15 22 50 9 31 25 47 11 51 53 
AQUIIII!!50 27 47 24 15 29 9 22 11 23 48 21 31 51 10 53 
AQUIIII!!51 53 22 47 23 11 24 9 10 15 50 29 27 48 31 21 
AQUIIII!!48 19 38 51 29 4 18 31 27 21 24 20 8 28 47 53 
AQUIIII!!53 48 29 47 20 22 51 24 31 21 9 28 8 27 18 19 
AQUIIII!!53 20 22 51 29 47 11 24 31 27 9 21 50 15 48 28 
Number of Cuts in the second phase:241
Number of repeat: 237 
Violation: 429.000000
Violation: 86.000000
Violation: 107.000000
Violation: 400.000000
took 3.420983
Optimize a model with 586 rows, 906 columns and 10034 nonzeros
Coefficient statistics:
  Matrix range     [1e+00, 4e+01]
  Objective range  [0e+00, 0e+00]
  Bounds range     [1e+00, 4e+01]
  RHS range        [1e+00, 1e+02]
Presolve removed 313 rows and 107 columns
Presolve time: 0.01s
Presolved: 273 rows, 799 columns, 8624 nonzeros

Iteration    Objective       Primal Inf.    Dual Inf.      Time
       0    0.0000000e+00   4.614294e+01   0.000000e+00      0s
     104    0.0000000e+00   0.000000e+00   0.000000e+00      0s

Solved in 104 iterations and 0.01 seconds
Optimal objective  0.000000000e+00
