j3017_4.mm_s4.txt
Academic license - for non-commercial use only
Read LP format model from file lp/j3017_4.mm.lp
Reading time = 0.00 seconds
: 351 rows, 906 columns, 9053 nonzeros
OKGPU
nThreads: 1024 , nBlocks: 12 
Number cuts generated in the phase 1: 11
Number of repeat: 4 
violation 750.000000
violation 400.000000
violation 420.000000
violation 249.000000
violation 84.000000
violation 139.000000
violation 800.000000
6996 16
AQUIIII!!53 29 AQUIIII!!48 53 19 9 AQUIIII!!9 13 53 24 16 18 20 23 19 18 25 9 3 11 51 47 22 20 21 17 4 50 22 52 27 21 10 51 24 14 8 15 27 31 31 12 
50 15 47 
48 27 11 
AQUIIII!!53 51 19 50 22 21 15 10 9 11 27 48 24 31 20 47 AQUIIII!!
51 53 22 11 15 48 9 31 50 23 14 10 17 27 13 16 
AQUIIII!!20 9 19 27 47 3 21 8 29 AQUIIII!!48 50 4 51 18 13 31 AQUIIII!!10 15 24 AQUIIII!!23 AQUIIII!!53 10 22 29 24 AQUIIII!!51 11 14 51 
48 27 18 9 10 9 24 9 11 48 16 25 51 8 19 22 52 47 53 3 13 16 11 51 9 53 27 50 22 48 18 17 23 15 24 31 8 15 31 48 29 53 4 21 14 
21 20 19 17 9 27 21 53 50 
51 27 27 31 53 AQUIIII!!31 
19 21 3 50 AQUIIII!!20 20 53 15 47 AQUIIII!!47 27 23 4 19 47 
22 
27 31 9 15 50 AQUIIII!!27 24 31 27 19 48 23 48 51 31 51 24 50 11 AQUIIII!!13 21 21 AQUIIII!!20 13 8 11 18 53 9 27 47 9 22 22 22 13 31 10 15 18 15 10 2 14 50 48 16 11 21 11 48 53 12 47 
23 20 9 51 20 27 3 21 
50 51 19 47 17 9 22 10 51 25 53 14 4 15 AQUIIII!!
31 18 52 14 14 53 48 11 25 
47 
10 38 AQUIIII!!28 22 11 53 23 
23 27 9 17 22 9 AQUIIII!!27 50 11 15 50 48 15 13 12 47 52 15 24 16 52 31 11 21 16 9 51 25 20 53 13 18 
14 50 AQUIIII!!27 10 21 19 13 17 51 15 53 22 23 53 9 
20 
51 22 47 31 11 10 27 AQUIIII!!50 48 27 53 51 
50 20 9 10 19 21 47 AQUIIII!!22 23 31 AQUIIII!!22 11 13 15 16 48 22 11 AQUIIII!!24 31 13 19 53 10 27 
21 AQUIIII!!14 31 48 11 24 50 23 51 11 9 9 18 9 22 17 AQUIIII!!47 27 25 10 22 50 53 52 48 12 15 27 51 15 18 23 27 15 52 24 20 47 16 51 8 25 48 11 53 9 13 
14 51 4 14 50 53 10 22 21 
17 21 53 53 31 

AQUIIII!!4 53 8 22 9 27 8 47 27 20 11 11 18 19 21 
31 9 19 4 AQUIIII!!20 53 24 19 48 27 47 9 51 51 
24 47 AQUIIII!!15 48 20 11 31 22 50 23 10 9 21 13 22 50 11 16 48 31 
10 14 17 15 51 27 53 
AQUIIII!!53 51 19 48 18 31 8 21 9 22 24 4 47 27 20 11 
AQUIIII!!3 18 21 8 19 27 47 48 38 51 20 53 4 2 31 28 
AQUIIII!!31 AQUIIII!!50 11 23 20 27 18 47 51 13 9 10 24 9 48 20 4 21 19 51 47 11 22 15 27 22 21 AQUIIII!!48 AQUIIII!!8 4 53 31 51 31 
50 47 53 27 28 
22 31 10 48 47 3 23 19 13 8 9 21 11 27 21 18 48 38 20 20 51 2 15 53 53 

AQUIIII!!53 48 21 24 27 20 31 8 15 18 22 9 47 AQUIIII!!19 51 50 11 AQUIIII!!25 
9 48 AQUIIII!!4 23 14 13 47 23 17 21 22 8 16 AQUIIII!!13 53 28 15 48 9 2 12 27 10 19 19 52 11 18 27 27 3 31 38 22 24 21 31 4 14 9 29 18 10 47 21 3 11 48 15 51 51 53 27 31 20 AQUIIII!!
50 8 53 23 47 53 
20 11 51 

27 9 48 15 13 14 47 16 50 31 22 10 53 51 
AQUIIII!!53 31 15 21 27 22 51 11 47 10 20 9 48 24 50 19 
AQUIIII!!53 50 11 AQUIIII!!22 23 24 17 19 9 51 11 13 21 14 10 31 52 48 27 15 22 16 9 25 AQUIIII!!50 
15 10 27 22 20 27 47 23 15 50 51 48 53 16 
14 11 10 13 47 31 AQUIIII!!9 47 51 9 53 23 48 
AQUIIII!!AQUIIII!!14 3 47 21 15 9 22 50 51 9 13 AQUIIII!!8 AQUIIII!!51 24 9 31 10 21 20 4 11 14 47 31 31 48 15 22 27 10 27 22 23 15 9 21 53 11 31 20 48 
21 18 51 19 51 47 27 50 48 29 AQUIIII!!20 13 19 19 53 24 24 27 22 31 53 27 50 10 
11 53 51 15 16 
21 50 10 20 51 47 29 11 48 53 27 31 
53 8 
9 18 AQUIIII!!19 21 24 31 4 9 3 20 48 AQUIIII!!24 25 47 19 9 
15 13 11 23 22 22 27 16 18 10 51 52 47 15 8 11 48 27 53 12 
17 14 50 53 
AQUIIII!!51 53 8 15 9 47 20 18 11 19 24 22 48 27 21 31 
AQUIIII!!29 9 31 8 18 4 51 19 24 27 48 20 3 47 21 53 
AQUIIII!!28 21 0 38 2 19 27 1 4 18 7 8 31 47 3 20 
AQUIIII!!15 11 51 27 16 25 14 13 AQUIIII!!10 14 9 17 52 15 50 11 22 27 23 22 17 13 53 AQUIIII!!48 
31 29 9 9 16 31 23 8 AQUIIII!!50 53 18 10 22 4 51 50 51 53 11 
19 48 13 24 47 27 51 48 31 20 9 10 3 15 47 20 27 21 21 53 23 

AQUIIII!!53 31 9 15 11 51 27 47 22 21 10 48 23 50 13 AQUIIII!!20 
11 23 21 9 13 27 50 10 15 48 22 14 47 51 31 53 
AQUIIII!!9 13 15 31 10 27 47 23 48 AQUIIII!!14 17 14 11 9 22 16 21 11 50 23 51 13 53 15 
52 25 27 10 50 22 51 53 
AQUIIII!!22 11 25 9 23 13 10 52 14 15 17 27 50 51 16 53 
AQUIIII!!47 9 19 51 11 24 31 AQUIIII!!48 15 21 47 15 9 22 27 18 48 27 23 8 11 21 20 AQUIIII!!53 14 53 
31 23 AQUIIII!!13 50 11 10 15 10 27 31 51 22 22 22 11 15 50 10 51 53 25 14 
51 50 23 9 52 48 16 14 16 13 13 9 17 17 
27 53 
AQUIIII!!50 20 21 18 51 19 27 31 22 48 9 24 11 47 15 53 
AQUIIII!!3 31 27 21 18 47 8 20 48 28 2 51 4 19 38 53 AQUIIII!!
18 27 15 11 31 20 24 47 8 19 21 48 9 51 22 53 
AQUIIII!!2 28 21 27 48 19 8 47 18 38 20 3 4 31 51 53 
AQUIIII!!53 21 50 AQUIIII!!15 18 13 11 AQUIIII!!48 13 8 27 21 48 11 23 22 11 10 47 10 9 24 22 20 31 21 31 50 AQUIIII!!20 23 14 53 27 15 22 19 11 27 51 31 21 9 47 9 47 13 
4 48 53 51 51 51 31 53 
20 
50 9 23 10 27 15 47 48 22 
AQUIIII!!15 27 11 19 50 21 51 48 31 47 18 20 9 22 24 53 
AQUIIII!!15 22 50 17 10 31 AQUIIII!!27 53 48 13 51 31 14 27 16 15 23 11 9 9 13 50 11 22 53 48 
23 47 51 20 10 21 
AQUIIII!!53 50 20 11 27 9 23 21 31 15 48 47 51 10 13 22 
AQUIIII!!2 28 31 38 27 51 19 20 4 1 18 8 48 21 3 47 
AQUIIII!!51 53 18 27 24 4 19 9 20 31 48 22 8 47 11 21 
AQUIIII!!AQUIIII!!9 27 31 22 47 21 11 11 8 24 19 51 15 20 27 10 48 19 51 50 22 48 24 47 21 31 18 9 20 15 53 53 

AQUIIII!!18 19 9 20 22 8 24 15 27 31 11 21 48 47 51 53 
AQUIIII!!51 9 27 10 47 16 14 13 50 22 15 23 31 48 11 53 
AQUIIII!!53 AQUIIII!!9 53 24 AQUIIII!!27 18 11 11 31 27 22 50 20 27 47 4 51 9 50 15 19 48 48 20 31 9 47 18 15 8 23 31 51 51 21 19 11 48 47 
14 22 13 24 10 21 53 22 
21 
AQUIIII!!53 51 19 31 48 47 11 50 9 21 24 22 27 15 10 20 
AQUIIII!!53 31 15 22 20 AQUIIII!!48 53 19 23 24 51 AQUIIII!!15 18 52 27 51 9 10 9 17 51 13 47 15 16 11 14 27 17 8 11 9 50 21 27 
10 50 25 16 14 23 13 11 22 25 
22 AQUIIII!!52 53 24 53 
15 11 31 47 18 27 9 48 21 51 22 19 20 8 
AQUIIII!!48 19 18 21 8 31 15 27 24 9 22 51 20 47 11 53 
AQUIIII!!48 10 50 31 14 11 9 15 27 23 16 17 22 13 51 53 
AQUIIII!!19 3 18 29 24 47 20 51 9 21 31 48 8 27 4 53 
AQUIIII!!47 53 21 4 38 51 18 31 8 2 19 3 20 48 27 28 
AQUIIII!!53 22 31 13 23 48 11 51 47 15 9 16 14 50 10 27 
AQUIIII!!9 15 23 11 13 31 27 50 14 10 22 48 16 53 51 47 
AQUIIII!!27 13 9 52 23 17 50 22 25 14 11 10 16 51 15 53 
AQUIIII!!9 31 27 10 22 14 13 50 11 16 51 17 15 23 48 53 
AQUIIII!!53 15 51 9 31 20 19 8 48 47 22 AQUIIII!!21 53 18 21 27 9 24 22 11 15 
19 48 51 47 20 24 18 27 50 11 31 
AQUIIII!!53 51 50 52 25 10 11 16 9 22 13 17 23 14 15 27 
AQUIIII!!51 53 13 9 50 23 27 10 25 14 16 52 22 11 17 15 
AQUIIII!!53 51 18 48 9 3 31 24 47 8 21 4 19 20 27 29 
AQUIIII!!53 16 17 52 27 23 15 12 22 50 11 13 10 25 14 9 
AQUIIII!!53 27 20 4 9 8 31 11 51 22 18 19 24 48 21 47 
AQUIIII!!53 21 10 27 15 51 31 9 20 47 11 50 22 13 AQUIIII!!48 8 23 20 
19 18 3 2 38 27 21 31 48 28 51 53 4 47 
AQUIIII!!53 15 AQUIIII!!22 53 13 27 22 52 27 11 15 10 23 23 47 12 48 9 17 31 9 51 14 21 25 50 50 10 11 16 20 13 

AQUIIII!!51 17 53 15 16 25 14 10 23 9 27 22 52 13 11 50 
AQUIIII!!51 31 10 9 15 47 11 22 13 50 21 23 27 20 48 53 
AQUIIII!!19 38 2 47 20 31 28 3 8 51 21 18 48 AQUIIII!!53 27 4 4 28 53 18 
21 8 47 AQUIIII!!20 51 53 31 4 3 8 2 47 19 21 27 51 48 38 18 
19 48 31 24 27 22 11 20 9 
AQUIIII!!27 31 15 11 21 9 48 10 13 23 20 50 22 47 51 53 
AQUIIII!!53 9 15 47 51 24 11 19 27 50 20 21 31 48 22 10 
AQUIIII!!50 21 47 10 22 31 19 51 24 20 15 48 9 11 27 53 
AQUIIII!!53 11 14 12 10 16 23 25 50 17 13 27 9 22 52 15 
AQUIIII!!53 27 21 31 19 18 47 28 51 8 38 48 4 20 2 3 
AQUIIII!!53 12 17 10 25 22 50 27 13 23 9 11 16 52 15 14 
AQUIIII!!53 8 28 48 3 38 19 47 18 21 20 31 27 4 51 2 
AQUIIII!!53 27 15 16 9 51 10 52 50 23 14 17 25 11 22 13 
AQUIIII!!53 27 16 10 52 50 9 15 23 17 25 13 11 22 12 14 
AQUIIII!!53 16 17 10 22 23 25 13 50 27 9 51 15 52 14 11 
AQUIIII!!51 53 48 10 15 47 31 11 23 27 14 50 13 16 22 9 
AQUIIII!!47 3 1 4 20 28 8 31 2 18 27 0 38 19 21 48 
AQUIIII!!53 31 27 10 9 13 11 48 22 47 14 23 15 51 16 50 
AQUIIII!!17 53 23 27 9 15 11 16 14 12 10 13 52 50 22 25 
AQUIIII!!53 22 8 15 11 51 9 24 18 47 31 19 21 48 27 20 
AQUIIII!!53 52 9 25 13 12 15 14 23 17 22 11 50 10 27 16 
AQUIIII!!53 47 50 27 20 48 24 11 9 10 51 21 31 22 19 15 
AQUIIII!!53 23 27 14 15 10 31 50 21 51 48 13 22 11 47 9 
Number of Cuts in the second phase:4687
Number of repeat: 4473 
Violation: 500.000000
Violation: 168.000000
Violation: 600.000000
Violation: 250.000000
Violation: 200.000000
Violation: 284.000000
Violation: 1200.000000
Violation: 500.000000
Violation: 84.000000
Violation: 200.000000
Violation: 252.000000
Violation: 500.000000
Violation: 600.000000
Violation: 200.000000
Violation: 568.000000
Violation: 400.000000
Violation: 571.000000
Violation: 1000.000000
Violation: 200.000000
Violation: 400.000000
Violation: 200.000000
Violation: 450.000000
Violation: 55.000000
Violation: 200.000000
Violation: 245.000000
Violation: 284.000000
Violation: 194.000000
Violation: 333.000000
Violation: 250.000000
Violation: 55.000000
Violation: 168.000000
Violation: 55.000000
Violation: 500.000000
Violation: 396.000000
Violation: 833.000000
Violation: 600.000000
Violation: 684.000000
Violation: 136.000000
Violation: 500.000000
Violation: 1000.000000
Violation: 132.000000
Violation: 950.000000
Violation: 529.000000
Violation: 101.000000
Violation: 136.000000
Violation: 250.000000
Violation: 1000.000000
Violation: 250.000000
Violation: 350.000000
Violation: 533.000000
Violation: 84.000000
Violation: 500.000000
Violation: 400.000000
Violation: 600.000000
Violation: 200.000000
Violation: 1000.000000
Violation: 800.000000
Violation: 200.000000
Violation: 333.000000
Violation: 700.000000
Violation: 1.000000
Violation: 167.000000
Violation: 1000.000000
Violation: 500.000000
Violation: 100.000000
Violation: 249.000000
Violation: 200.000000
Violation: 66.000000
Violation: 200.000000
Violation: 110.000000
Violation: 500.000000
Violation: 1226.000000
Violation: 388.000000
Violation: 500.000000
Violation: 900.000000
Violation: 750.000000
Violation: 556.000000
Violation: 600.000000
Violation: 33.000000
Violation: 368.000000
Violation: 346.000000
Violation: 221.000000
Violation: 400.000000
Violation: 200.000000
Violation: 100.000000
Violation: 200.000000
Violation: 850.000000
Violation: 194.000000
Violation: 251.000000
Violation: 200.000000
Violation: 272.000000
Violation: 200.000000
Violation: 200.000000
Violation: 1050.000000
Violation: 196.000000
Violation: 595.000000
Violation: 850.000000
Violation: 167.000000
Violation: 100.000000
Violation: 372.000000
Violation: 833.000000
Violation: 150.000000
Violation: 582.000000
Violation: 181.000000
Violation: 750.000000
Violation: 200.000000
Violation: 200.000000
Violation: 433.000000
Violation: 250.000000
Violation: 33.000000
Violation: 315.000000
Violation: 200.000000
Violation: 833.000000
Violation: 633.000000
Violation: 333.000000
Violation: 733.000000
Violation: 26.000000
Violation: 500.000000
Violation: 1250.000000
Violation: 333.000000
Violation: 333.000000
Violation: 300.000000
Violation: 226.000000
Violation: 833.000000
Violation: 933.000000
Violation: 750.000000
Violation: 1250.000000
Violation: 84.000000
Violation: 1200.000000
Violation: 26.000000
Violation: 400.000000
Violation: 333.000000
Violation: 750.000000
Violation: 50.000000
Violation: 533.000000
Violation: 100.000000
Violation: 1000.000000
Violation: 600.000000
Violation: 1200.000000
Violation: 37.000000
Violation: 633.000000
Violation: 500.000000
Violation: 139.000000
Violation: 400.000000
Violation: 333.000000
Violation: 250.000000
Violation: 833.000000
Violation: 250.000000
Violation: 200.000000
Violation: 214.000000
Violation: 233.000000
Violation: 583.000000
Violation: 483.000000
Violation: 138.000000
Violation: 710.000000
Violation: 650.000000
Violation: 1142.000000
Violation: 655.000000
Violation: 350.000000
Violation: 471.000000
Violation: 281.000000
Violation: 800.000000
Violation: 385.000000
Violation: 50.000000
Violation: 500.000000
Violation: 284.000000
Violation: 396.000000
Violation: 500.000000
Violation: 600.000000
Violation: 33.000000
Violation: 333.000000
Violation: 500.000000
Violation: 165.000000
Violation: 533.000000
Violation: 333.000000
Violation: 533.000000
Violation: 191.000000
Violation: 334.000000
Violation: 216.000000
Violation: 727.000000
Violation: 1.000000
Violation: 537.000000
Violation: 306.000000
Violation: 333.000000
Violation: 571.000000
Violation: 500.000000
Violation: 484.000000
Violation: 750.000000
Violation: 622.000000
Violation: 400.000000
Violation: 583.000000
Violation: 600.000000
Violation: 284.000000
Violation: 139.000000
Violation: 368.000000
Violation: 1233.000000
Violation: 433.000000
Violation: 850.000000
Violation: 526.000000
Violation: 200.000000
Violation: 700.000000
Violation: 97.000000
Violation: 200.000000
Violation: 450.000000
Violation: 200.000000
Violation: 500.000000
Violation: 100.000000
Violation: 200.000000
Violation: 333.000000
Violation: 250.000000
Violation: 750.000000
Violation: 103.000000
Violation: 521.000000
Violation: 500.000000
took 2.431218
Optimize a model with 582 rows, 906 columns and 10013 nonzeros
Coefficient statistics:
  Matrix range     [1e+00, 4e+01]
  Objective range  [0e+00, 0e+00]
  Bounds range     [1e+00, 4e+01]
  RHS range        [1e+00, 1e+02]
Presolve removed 329 rows and 107 columns
Presolve time: 0.00s
Presolved: 253 rows, 799 columns, 8517 nonzeros

Iteration    Objective       Primal Inf.    Dual Inf.      Time
       0    0.0000000e+00   4.614294e+01   0.000000e+00      0s
     119    0.0000000e+00   0.000000e+00   0.000000e+00      0s

Solved in 119 iterations and 0.01 seconds
Optimal objective  0.000000000e+00
