j3017_4.mm_s4.txt
Academic license - for non-commercial use only
Read LP format model from file lp/j3017_4.mm.lp
Reading time = 0.00 seconds
: 351 rows, 906 columns, 9053 nonzeros
OKGPU
nThreads: 1024 , nBlocks: 12 
Number cuts generated in the phase 1: 11
Number of repeat: 4 
violation 750.000000
violation 400.000000
violation 420.000000
violation 249.000000
violation 84.000000
violation 139.000000
violation 800.000000
8592 16
AQUIIII!!53 12 17 27 13 16 9 11 50 23 25 22 AQUIIII!!15 53 14 27 52 47 10 
48 51 4 11 24 31 9 19 8 18 22 20 21 
AQUIIII!!53 21 23 47 10 22 27 13 11 9 48 15 51 20 50 31 
AQUIIII!!24 22 11 18 27 31 9 47 8 4 21 20 48 19 53 51 
AQUIIII!!47 18 4 27 20 19 8 2 31 28 38 53 48 51 3 21 
AQUIIII!!48 19 3 20 27 4 18 51 8 31 28 47 38 53 2 21 
AQUIIII!!48 19 3 20 27 4 18 51 8 31 28 47 38 53 2 21 
AQUIIII!!15 16 22 17 10 14 12 52 25 13 50 11 23 9 27 53 
AQUIIII!!13 AQUIIII!!11 47 15 22 17 10 AQUIIII!!48 48 27 51 AQUIIII!!20 27 9 51 18 21 13 19 AQUIIII!!27 23 22 9 15 8 3 31 51 9 50 18 19 50 14 23 20 28 15 23 31 11 31 20 11 53 47 10 50 0 
21 AQUIIII!!27 22 48 21 16 50 4 48 53 31 29 
20 27 9 48 24 27 21 8 38 53 48 47 3 
10 14 47 13 15 2 31 19 1 10 21 4 51 24 
53 31 
11 9 22 AQUIIII!!51 31 47 22 AQUIIII!!53 23 13 
10 23 AQUIIII!!15 14 AQUIIII!!19 47 AQUIIII!!47 AQUIIII!!4 48 15 51 21 31 3 27 AQUIIII!!31 11 10 2 48 8 13 9 22 16 18 11 31 51 8 13 31 21 31 18 47 27 24 14 AQUIIII!!20 22 21 14 9 19 50 51 51 27 24 21 27 48 48 22 21 18 50 9 9 48 3 8 38 19 51 47 27 AQUIIII!!27 16 24 8 48 8 4 11 13 53 31 31 27 11 29 4 AQUIIII!!22 10 
53 23 4 47 47 15 24 15 
48 18 AQUIIII!!AQUIIII!!AQUIIII!!10 9 48 20 11 9 20 27 24 22 11 21 53 27 19 51 20 22 AQUIIII!!21 15 47 50 51 15 23 53 31 11 23 15 28 
11 27 
20 50 16 22 19 27 23 53 10 48 10 47 9 51 50 11 47 53 50 50 
18 9 48 53 18 
15 9 31 31 31 51 14 14 
19 AQUIIII!!9 20 13 9 21 51 AQUIIII!!48 27 50 10 14 10 22 13 27 21 27 17 9 16 14 27 23 8 AQUIIII!!9 51 47 11 22 51 16 21 15 47 25 20 11 47 17 AQUIIII!!53 9 48 24 14 52 22 31 AQUIIII!!51 48 17 22 13 
53 52 47 19 15 10 31 27 11 48 51 50 53 11 13 22 20 22 27 
15 53 53 
10 51 8 9 13 23 31 

14 22 21 16 50 53 20 51 27 15 25 50 
31 4 48 11 9 13 51 47 16 17 9 AQUIIII!!25 10 53 19 
27 11 53 51 53 24 15 23 9 23 14 
14 29 15 11 52 22 13 48 17 16 50 17 51 53 53 52 18 13 

23 3 9 10 53 10 53 
50 
15 25 22 27 12 AQUIIII!!23 53 16 4 AQUIIII!!11 19 53 
31 20 15 AQUIIII!!2 48 53 28 27 20 27 47 31 51 13 18 21 38 21 23 48 9 AQUIIII!!22 8 24 53 10 21 11 51 9 31 50 48 11 18 10 22 51 3 22 4 50 17 47 51 14 23 
47 
9 AQUIIII!!27 11 53 19 52 11 8 15 25 
14 13 27 14 16 10 13 23 25 50 
16 9 27 51 22 52 17 15 
AQUIIII!!53 51 15 50 22 11 10 9 16 17 13 27 31 48 23 14 
AQUIIII!!28 21 53 38 31 47 18 19 48 8 4 27 3 51 20 2 
AQUIIII!!8 2 3 18 27 20 51 19 21 53 47 31 38 4 48 28 
AQUIIII!!48 21 47 8 18 20 19 27 31 3 53 51 38 2 28 4 
AQUIIII!!14 23 15 11 50 9 13 10 31 27 22 21 48 47 51 53 
AQUIIII!!10 21 9 15 51 48 22 20 50 27 31 13 AQUIIII!!23 38 11 4 47 19 53 51 18 
20 21 3 47 28 31 2 AQUIIII!!27 8 53 48 21 53 
27 AQUIIII!!24 15 11 51 20 AQUIIII!!48 10 24 50 22 47 31 31 11 19 11 22 20 9 9 51 31 19 15 50 18 27 
47 47 15 21 18 24 AQUIIII!!27 53 9 11 22 22 50 48 20 48 48 51 8 31 21 19 47 53 15 53 27 20 51 
21 
24 9 19 18 
AQUIIII!!16 14 31 47 10 15 50 22 23 11 51 48 27 9 AQUIIII!!13 15 53 48 AQUIIII!!
20 50 50 21 31 47 21 51 11 AQUIIII!!20 27 11 22 9 19 31 13 AQUIIII!!27 48 23 9 10 8 22 16 15 9 10 51 AQUIIII!!53 13 48 22 16 47 48 11 20 51 27 22 13 23 
21 17 50 9 47 51 22 23 25 4 10 53 27 24 14 10 
11 27 9 15 18 50 31 14 AQUIIII!!51 17 11 31 14 53 15 
52 53 23 13 50 
23 53 21 
9 13 AQUIIII!!22 31 15 AQUIIII!!8 48 53 9 48 27 28 18 10 20 24 47 8 AQUIIII!!51 31 31 2 22 22 11 21 27 27 27 51 18 25 4 51 53 4 16 47 
3 23 19 48 38 10 20 47 11 
19 15 50 21 12 11 9 53 14 
17 52 13 AQUIIII!!53 53 
18 9 24 AQUIIII!!10 22 AQUIIII!!20 AQUIIII!!21 13 13 27 9 31 21 10 47 19 31 48 23 11 50 20 31 15 22 51 14 27 22 50 48 15 47 23 13 11 9 8 27 50 27 16 51 31 17 22 48 23 10 51 AQUIIII!!20 53 15 15 22 51 
48 11 9 
47 9 50 11 21 53 19 53 
11 
51 21 27 47 48 15 AQUIIII!!24 53 31 22 20 14 18 48 53 31 
51 15 AQUIIII!!13 53 AQUIIII!!21 11 22 27 11 17 9 12 52 23 16 16 10 23 10 47 10 50 50 14 9 12 11 13 13 
27 25 52 22 50 9 25 27 15 14 17 23 53 15 

AQUIIII!!4 48 11 18 27 19 21 9 22 20 31 24 8 51 47 53 
AQUIIII!!18 27 48 20 19 8 51 53 28 47 3 38 31 2 4 AQUIIII!!AQUIIII!!21 48 23 11 47 
31 50 15 9 11 13 10 51 13 22 48 10 AQUIIII!!21 50 14 27 21 9 22 47 22 9 27 23 31 23 20 14 16 AQUIIII!!15 53 25 53 51 15 
50 
AQUIIII!!9 10 53 50 52 31 21 11 AQUIIII!!21 11 51 3 24 50 13 20 27 11 15 4 51 9 17 38 48 27 18 27 22 28 53 47 18 2 31 
8 19 24 51 20 51 27 48 31 19 15 47 AQUIIII!!48 19 53 53 47 21 
47 
22 18 20 21 10 31 53 51 
15 22 50 27 20 11 9 48 24 19 
AQUIIII!!18 28 31 8 21 19 51 38 AQUIIII!!20 24 48 47 9 3 27 31 2 19 47 11 53 4 4 27 
48 20 51 18 8 21 22 53 
AQUIIII!!21 19 20 31 18 47 38 27 4 48 2 51 3 8 28 53 
AQUIIII!!15 48 AQUIIII!!11 47 22 23 47 13 14 22 9 51 10 31 31 9 21 11 51 50 13 27 15 23 21 27 AQUIIII!!48 50 53 10 53 3 14 8 
53 9 
47 31 48 18 20 19 27 24 29 4 21 51 
AQUIIII!!8 20 21 48 51 18 11 47 19 27 24 AQUIIII!!9 23 AQUIIII!!15 11 23 31 27 27 22 17 AQUIIII!!12 53 AQUIIII!!15 9 14 
27 14 10 22 48 AQUIIII!!52 50 10 11 50 13 17 13 13 22 22 52 50 20 9 9 15 11 31 AQUIIII!!50 52 27 22 48 51 13 16 25 AQUIIII!!17 15 9 48 10 23 51 11 21 13 25 11 51 AQUIIII!!48 51 19 14 51 25 AQUIIII!!20 31 27 47 23 16 53 16 21 23 12 9 24 16 51 
13 22 52 27 14 15 15 9 31 51 10 22 50 53 31 17 21 47 10 22 10 
27 10 10 15 11 53 17 53 15 22 31 16 27 

22 53 9 50 9 20 
11 25 11 47 50 13 23 50 23 23 50 14 10 9 47 53 11 15 53 15 

48 27 16 14 13 53 
53 
AQUIIII!!53 18 24 20 21 22 15 9 31 27 19 48 51 47 50 11 
AQUIIII!!47 20 3 2 18 38 0 28 8 27 19 1 4 31 21 48 AQUIIII!!
53 51 24 8 31 11 18 21 15 48 20 22 9 19 27 47 
AQUIIII!!47 2 20 19 7 21 1 18 8 4 27 0 3 28 31 38 
AQUIIII!!8 47 51 24 29 4 19 48 21 27 20 AQUIIII!!9 3 21 8 18 4 31 24 53 51 
AQUIIII!!31 51 47 22 3 27 47 48 9 18 29 11 4 9 48 20 20 19 8 53 31 18 
19 24 21 27 53 
AQUIIII!!53 3 28 19 18 2 20 48 8 21 47 31 27 51 38 4 
AQUIIII!!53 24 10 48 22 9 19 21 51 27 11 31 47 20 15 50 
AQUIIII!!4 38 18 31 1 8 21 27 0 3 19 AQUIIII!!28 23 48 16 50 47 AQUIIII!!15 2 8 27 20 47 11 
24 13 AQUIIII!!21 10 11 31 25 31 14 4 AQUIIII!!18 52 51 22 22 9 19 28 15 22 15 20 25 51 20 38 17 10 27 53 27 2 48 
9 9 8 50 53 19 21 11 51 18 
23 48 14 47 16 27 3 52 13 53 
53 17 51 
AQUIIII!!53 4 21 20 29 24 47 27 31 19 18 48 8 9 3 51 
AQUIIII!!21 51 3 31 27 4 8 19 38 48 18 28 2 53 47 20 
AQUIIII!!53 21 19 9 27 18 15 51 20 11 31 47 48 22 24 50 
AQUIIII!!53 10 21 27 47 31 20 19 50 22 51 48 11 24 15 9 
AQUIIII!!53 22 11 31 15 20 27 21 8 18 48 24 47 9 19 51 
AQUIIII!!2 20 47 18 3 1 19 28 38 31 8 27 48 21 0 4 
AQUIIII!!53 51 20 2 8 18 3 28 19 47 31 48 27 4 21 38 
AQUIIII!!9 47 8 27 24 19 31 3 29 21 48 4 AQUIIII!!20 24 18 47 53 8 51 51 
31 27 19 48 9 29 18 3 20 4 21 53 
AQUIIII!!50 17 15 23 9 22 13 25 16 10 11 14 27 52 12 53 
AQUIIII!!23 17 AQUIIII!!31 10 13 14 9 11 10 31 15 51 50 17 22 14 13 11 50 48 16 27 48 16 15 51 27 53 23 
22 9 53 
AQUIIII!!53 AQUIIII!!25 48 AQUIIII!!53 31 16 19 18 11 8 47 9 24 29 27 29 3 20 52 31 9 17 18 8 AQUIIII!!13 47 AQUIIII!!AQUIIII!!14 24 53 4 14 18 31 3 51 21 AQUIIII!!31 51 12 19 3 27 19 50 53 47 48 2 50 27 27 9 27 17 47 28 15 21 15 4 38 20 27 16 11 28 20 23 4 
10 11 20 38 51 22 48 50 8 21 53 47 21 10 10 31 
9 51 14 8 
48 22 52 48 3 23 18 12 19 16 2 4 25 13 51 53 15 53 

13 
23 9 22 27 
AQUIIII!!16 9 47 11 48 51 22 27 31 14 AQUIIII!!10 53 15 21 13 31 50 22 23 48 53 24 
19 15 47 20 27 51 9 18 50 11 
AQUIIII!!53 14 22 50 10 27 48 AQUIIII!!51 51 9 53 16 3 47 48 23 2 11 20 31 4 13 19 15 38 
31 28 18 21 47 27 8 
AQUIIII!!9 51 27 10 21 15 11 20 50 48 47 23 31 13 22 53 
AQUIIII!!48 9 50 15 20 11 22 27 10 21 47 19 24 31 51 53 
AQUIIII!!53 31 3 19 38 21 18 4 20 8 48 51 47 27 2 28 
AQUIIII!!53 27 11 10 51 14 22 AQUIIII!!48 53 8 31 47 47 20 9 28 23 4 31 13 48 16 27 50 19 15 21 
2 3 18 51 38 
AQUIIII!!53 11 15 48 24 27 8 18 9 51 19 47 31 22 20 21 
AQUIIII!!50 47 9 21 11 31 20 19 24 10 AQUIIII!!48 22 18 9 15 19 27 11 53 50 51 20 
31 51 27 21 22 47 15 48 24 53 
AQUIIII!!27 14 31 23 10 48 16 51 17 22 15 11 13 50 9 53 
AQUIIII!!51 53 13 9 14 16 27 47 23 50 22 10 31 48 11 15 
AQUIIII!!53 15 52 9 22 50 27 11 51 13 14 23 17 10 16 25 
AQUIIII!!11 48 22 27 21 31 10 9 50 14 15 13 47 51 23 53 
AQUIIII!!53 8 21 2 31 4 47 3 18 19 20 AQUIIII!!27 38 13 51 9 48 28 16 
17 12 50 27 52 22 23 15 10 25 14 11 53 
AQUIIII!!21 18 27 51 9 29 48 3 20 19 24 31 8 53 4 47 
AQUIIII!!53 17 11 27 AQUIIII!!23 53 13 15 24 22 18 50 15 31 8 16 21 14 20 9 27 51 22 10 11 48 19 
9 48 31 51 47 
AQUIIII!!53 27 50 47 11 31 48 21 22 20 9 19 51 18 15 24 
AQUIIII!!53 48 15 20 24 11 47 8 22 27 21 51 19 9 31 18 
AQUIIII!!21 47 1 2 18 7 31 3 4 27 8 38 0 19 28 20 
AQUIIII!!53 11 25 50 15 14 22 27 12 16 10 9 52 13 23 17 
AQUIIII!!51 22 48 9 50 10 15 16 17 11 13 31 27 23 14 53 
AQUIIII!!51 53 27 11 50 22 48 21 15 19 18 47 24 9 20 31 
AQUIIII!!27 47 51 3 8 21 20 19 29 48 24 9 31 4 18 53 
AQUIIII!!4 47 20 18 31 21 27 19 53 2 51 8 28 38 3 48 
AQUIIII!!53 22 27 AQUIIII!!23 53 17 3 12 51 15 31 50 20 10 48 16 52 28 13 8 11 47 25 21 9 19 14 27 
2 38 18 4 
AQUIIII!!53 17 13 15 16 52 22 14 27 50 10 23 9 11 12 25 
AQUIIII!!53 21 20 51 19 9 27 31 15 24 48 8 11 22 47 18 
AQUIIII!!53 22 31 9 51 23 27 50 48 16 13 47 10 11 14 15 
AQUIIII!!53 19 29 18 47 8 24 4 27 AQUIIII!!48 53 9 8 21 27 31 18 20 21 51 51 3 11 
31 48 15 19 9 22 47 24 20 
AQUIIII!!50 15 17 52 14 27 AQUIIII!!9 53 22 51 13 51 11 11 9 13 16 17 10 AQUIIII!!23 25 53 52 51 23 14 27 53 10 3 
15 47 22 31 27 4 50 9 25 24 16 8 
19 48 18 20 29 21 
AQUIIII!!53 9 15 14 11 17 50 27 23 13 22 25 52 51 10 16 
AQUIIII!!53 47 14 15 10 51 13 48 27 22 9 16 23 50 11 31 
AQUIIII!!31 20 19 29 3 24 48 18 9 4 51 21 27 8 47 53 
AQUIIII!!53 9 23 11 10 51 22 15 31 27 21 13 50 14 48 47 
AQUIIII!!53 13 16 9 14 27 AQUIIII!!23 53 51 21 48 48 31 47 22 22 11 50 27 15 15 10 23 11 51 31 9 
10 AQUIIII!!47 53 13 23 20 31 50 48 
14 51 47 50 11 9 10 22 27 13 15 21 
AQUIIII!!23 51 22 11 15 10 9 21 14 27 47 31 50 13 48 53 
AQUIIII!!53 31 48 15 21 14 10 27 13 47 22 23 11 9 50 51 
AQUIIII!!17 53 50 10 11 16 14 22 9 13 27 52 23 25 15 51 
AQUIIII!!53 48 31 51 27 3 8 9 24 18 21 29 4 19 47 20 
AQUIIII!!53 47 20 51 38 28 31 21 4 2 3 27 8 48 18 19 
AQUIIII!!53 47 10 20 11 15 9 50 23 27 31 21 22 13 51 48 
AQUIIII!!53 10 31 13 23 47 16 50 48 51 14 15 9 22 27 11 
AQUIIII!!51 53 24 50 27 19 15 21 9 31 22 20 11 48 47 18 
AQUIIII!!27 22 20 50 15 48 10 31 21 9 23 13 11 51 47 53 
AQUIIII!!9 24 20 11 21 22 15 31 27 47 48 8 51 18 19 53 
AQUIIII!!53 31 48 47 9 3 19 27 4 21 51 18 20 8 29 24 
AQUIIII!!53 51 22 48 31 11 50 47 27 16 14 10 13 15 AQUIIII!!23 51 9 53 
13 23 48 50 14 31 9 22 10 11 27 15 16 47 
AQUIIII!!53 13 50 48 10 51 15 14 22 11 23 27 9 47 31 21 
AQUIIII!!53 23 11 27 14 15 9 17 50 31 22 16 10 48 13 51 
AQUIIII!!53 51 14 31 17 23 16 11 48 10 13 27 22 50 15 9 
AQUIIII!!53 22 9 14 15 27 16 13 11 23 31 10 48 51 50 17 
AQUIIII!!20 28 53 38 47 2 4 48 8 51 18 27 19 3 31 21 
AQUIIII!!13 50 31 14 15 22 16 17 27 11 10 23 9 48 51 53 
AQUIIII!!53 24 31 15 9 19 50 27 21 47 18 51 20 48 11 22 
AQUIIII!!53 14 47 16 48 15 31 13 10 9 50 23 51 27 22 11 
AQUIIII!!53 11 22 AQUIIII!!27 51 21 53 48 31 24 20 31 27 10 19 19 47 47 24 20 21 51 22 9 9 50 48 15 18 
8 4 11 
AQUIIII!!21 53 47 4 9 20 29 51 8 19 31 24 18 3 27 48 
AQUIIII!!53 51 15 27 14 9 11 23 17 16 13 52 10 25 50 22 
AQUIIII!!53 18 22 20 15 48 11 24 8 9 21 19 27 31 51 47 
AQUIIII!!53 21 24 AQUIIII!!48 53 47 18 9 48 22 29 18 47 11 51 19 8 8 3 20 20 51 4 15 9 31 27 27 31 
AQUIIII!!24 53 21 31 19 
24 AQUIIII!!51 53 22 15 23 10 48 50 15 27 14 19 21 10 48 51 9 22 AQUIIII!!47 53 20 16 48 11 9 13 
15 17 11 22 27 27 9 16 50 50 31 31 17 11 13 23 
51 14 10 
AQUIIII!!53 29 21 51 27 48 3 4 47 19 9 8 20 18 24 31 
AQUIIII!!53 13 21 23 22 10 15 9 48 27 51 50 47 20 11 31 
AQUIIII!!47 21 4 2 3 18 1 28 19 48 8 38 20 0 27 31 
AQUIIII!!51 53 22 10 23 AQUIIII!!53 14 13 17 25 52 11 51 13 11 9 27 16 48 15 50 17 14 16 50 9 22 27 15 23 31 10 

AQUIIII!!53 27 8 11 47 22 18 48 9 31 24 51 21 19 20 15 
AQUIIII!!53 8 51 47 9 18 31 22 24 20 11 21 48 4 19 27 
AQUIIII!!51 53 31 47 48 21 18 3 27 20 4 19 8 9 29 24 
AQUIIII!!53 11 18 48 47 21 31 20 19 51 22 24 50 9 27 15 
AQUIIII!!53 15 20 19 31 18 9 51 48 22 11 21 47 24 27 8 
AQUIIII!!53 51 27 13 50 23 14 22 52 25 15 9 17 16 10 11 
AQUIIII!!51 53 9 11 17 10 15 14 22 13 48 31 16 50 23 27 
AQUIIII!!53 51 23 27 31 15 16 48 50 22 13 10 11 14 9 17 
AQUIIII!!53 18 47 24 9 19 27 31 3 48 29 51 21 20 4 8 
AQUIIII!!53 31 38 19 4 27 20 21 2 3 18 48 51 47 8 28 
AQUIIII!!53 15 13 10 27 23 16 22 51 9 14 47 11 48 50 31 
AQUIIII!!4 47 21 27 3 1 19 38 20 2 18 31 0 8 7 28 
AQUIIII!!53 47 27 3 4 24 19 31 18 29 48 20 8 9 21 51 
AQUIIII!!53 13 25 14 9 50 17 12 22 52 27 23 11 16 15 10 
AQUIIII!!53 16 9 13 14 10 27 15 22 11 31 48 50 17 51 23 
AQUIIII!!47 53 51 22 13 27 20 10 15 48 50 9 23 21 11 31 
Number of Cuts in the second phase:5743
Number of repeat: 5524 
Violation: 136.000000
Violation: 200.000000
Violation: 200.000000
Violation: 168.000000
Violation: 600.000000
Violation: 500.000000
Violation: 500.000000
Violation: 200.000000
Violation: 284.000000
Violation: 84.000000
Violation: 568.000000
Violation: 600.000000
Violation: 284.000000
Violation: 200.000000
Violation: 385.000000
Violation: 1200.000000
Violation: 51.000000
Violation: 1200.000000
Violation: 500.000000
Violation: 245.000000
Violation: 600.000000
Violation: 400.000000
Violation: 299.000000
Violation: 200.000000
Violation: 600.000000
Violation: 500.000000
Violation: 1000.000000
Violation: 55.000000
Violation: 250.000000
Violation: 571.000000
Violation: 252.000000
Violation: 400.000000
Violation: 333.000000
Violation: 400.000000
Violation: 700.000000
Violation: 333.000000
Violation: 200.000000
Violation: 500.000000
Violation: 600.000000
Violation: 250.000000
Violation: 500.000000
Violation: 110.000000
Violation: 533.000000
Violation: 500.000000
Violation: 1050.000000
Violation: 250.000000
Violation: 750.000000
Violation: 284.000000
Violation: 1000.000000
Violation: 55.000000
Violation: 500.000000
Violation: 400.000000
Violation: 334.000000
Violation: 1250.000000
Violation: 1200.000000
Violation: 533.000000
Violation: 368.000000
Violation: 66.000000
Violation: 284.000000
Violation: 1483.000000
Violation: 500.000000
Violation: 333.000000
Violation: 100.000000
Violation: 165.000000
Violation: 633.000000
Violation: 350.000000
Violation: 250.000000
Violation: 346.000000
Violation: 250.000000
Violation: 101.000000
Violation: 200.000000
Violation: 315.000000
Violation: 450.000000
Violation: 800.000000
Violation: 474.000000
Violation: 200.000000
Violation: 750.000000
Violation: 200.000000
Violation: 360.000000
Violation: 168.000000
Violation: 250.000000
Violation: 1100.000000
Violation: 250.000000
Violation: 200.000000
Violation: 200.000000
Violation: 350.000000
Violation: 50.000000
Violation: 167.000000
Violation: 1083.000000
Violation: 84.000000
Violation: 200.000000
Violation: 800.000000
Violation: 750.000000
Violation: 200.000000
Violation: 100.000000
Violation: 471.000000
Violation: 300.000000
Violation: 200.000000
Violation: 1033.000000
Violation: 194.000000
Violation: 1226.000000
Violation: 526.000000
Violation: 1000.000000
Violation: 596.000000
Violation: 556.000000
Violation: 883.000000
Violation: 900.000000
Violation: 600.000000
Violation: 400.000000
Violation: 1000.000000
Violation: 251.000000
Violation: 34.000000
Violation: 100.000000
Violation: 100.000000
Violation: 684.000000
Violation: 533.000000
Violation: 450.000000
Violation: 334.000000
Violation: 100.000000
Violation: 537.000000
Violation: 600.000000
Violation: 33.000000
Violation: 200.000000
Violation: 400.000000
Violation: 272.000000
Violation: 194.000000
Violation: 200.000000
Violation: 333.000000
Violation: 142.000000
Violation: 200.000000
Violation: 450.000000
Violation: 633.000000
Violation: 400.000000
Violation: 500.000000
Violation: 249.000000
Violation: 1250.000000
Violation: 132.000000
Violation: 55.000000
Violation: 200.000000
Violation: 381.000000
Violation: 200.000000
Violation: 33.000000
Violation: 284.000000
Violation: 537.000000
Violation: 368.000000
Violation: 31.000000
Violation: 167.000000
Violation: 400.000000
Violation: 138.000000
Violation: 136.000000
Violation: 204.000000
Violation: 1233.000000
Violation: 214.000000
Violation: 600.000000
Violation: 216.000000
Violation: 582.000000
Violation: 1233.000000
Violation: 655.000000
Violation: 833.000000
Violation: 800.000000
Violation: 191.000000
Violation: 1000.000000
Violation: 500.000000
Violation: 83.000000
Violation: 484.000000
Violation: 84.000000
Violation: 388.000000
Violation: 833.000000
Violation: 233.000000
Violation: 136.000000
Violation: 583.000000
Violation: 43.000000
Violation: 333.000000
Violation: 600.000000
Violation: 483.000000
Violation: 1000.000000
Violation: 50.000000
Violation: 783.000000
Violation: 600.000000
Violation: 196.000000
Violation: 396.000000
Violation: 167.000000
Violation: 226.000000
Violation: 400.000000
Violation: 521.000000
Violation: 396.000000
Violation: 900.000000
Violation: 26.000000
Violation: 33.000000
Violation: 333.000000
Violation: 400.000000
Violation: 571.000000
Violation: 26.000000
Violation: 396.000000
Violation: 500.000000
Violation: 400.000000
Violation: 833.000000
Violation: 700.000000
Violation: 850.000000
Violation: 500.000000
Violation: 200.000000
Violation: 200.000000
Violation: 156.000000
Violation: 600.000000
Violation: 500.000000
Violation: 1250.000000
Violation: 833.000000
Violation: 1142.000000
Violation: 533.000000
Violation: 596.000000
Violation: 600.000000
Violation: 1000.000000
Violation: 97.000000
Violation: 800.000000
Violation: 200.000000
Violation: 622.000000
Violation: 400.000000
Violation: 733.000000
Violation: 37.000000
408 16
AQUIIII!!51 53 24 18 11 22 27 21 50 9 48 31 47 20 19 15 
AQUIIII!!48 31 47 19 18 21 15 50 11 27 9 20 24 22 51 53 
AQUIIII!!15 14 31 16 47 50 51 10 22 9 23 13 27 48 11 53 
AQUIIII!!13 9 31 23 14 48 47 27 51 10 11 21 22 15 50 53 
AQUIIII!!10 17 52 9 14 27 25 16 13 23 50 51 11 15 22 53 
AQUIIII!!4 8 20 9 19 27 51 24 48 11 18 47 22 21 31 53 
AQUIIII!!53 47 9 27 24 11 51 21 19 8 31 20 48 22 15 18 
AQUIIII!!17 50 51 11 10 22 9 16 52 25 27 23 15 14 13 53 
AQUIIII!!53 14 23 51 10 13 21 27 47 50 15 31 22 48 11 9 
AQUIIII!!53 18 3 51 27 47 19 28 4 20 38 8 31 2 21 48 
AQUIIII!!53 18 4 9 19 29 31 51 24 27 48 8 20 47 21 3 
AQUIIII!!53 31 21 9 51 24 22 47 18 27 15 50 19 20 48 11 
AQUIIII!!53 27 4 20 18 24 22 48 51 21 47 31 11 19 8 9 
AQUIIII!!53 21 48 29 31 20 18 19 3 24 27 9 4 51 47 8 
Number of Cuts in the second phase:277
Number of repeat: 273 
Violation: 22.000000
Violation: 333.000000
Violation: 191.000000
Violation: 750.000000
took 3.498086
Optimize a model with 591 rows, 906 columns and 10055 nonzeros
Coefficient statistics:
  Matrix range     [1e+00, 4e+01]
  Objective range  [0e+00, 0e+00]
  Bounds range     [1e+00, 4e+01]
  RHS range        [1e+00, 1e+02]
Presolve removed 333 rows and 107 columns
Presolve time: 0.01s
Presolved: 258 rows, 799 columns, 8537 nonzeros

Iteration    Objective       Primal Inf.    Dual Inf.      Time
       0    0.0000000e+00   4.614294e+01   0.000000e+00      0s
     120    0.0000000e+00   0.000000e+00   0.000000e+00      0s

Solved in 120 iterations and 0.01 seconds
Optimal objective  0.000000000e+00
