A-4.txt_s3.txt
Academic license - for non-commercial use only
Read LP format model from file lp/A-4.txt.lp
Reading time = 0.09 seconds
: 961 rows, 10797 columns, 131727 nonzeros
OKGPU
nThreads: 1024 , nBlocks: 12 
Number cuts generated in the phase 1: 13
Number of repeat: 0 
violation 43.000000
violation 30.000000
violation 10.000000
violation 13.000000
violation 13.000000
violation 198.000000
violation 56.000000
violation 306.000000
violation 785.000000
violation 576.000000
violation 27.000000
violation 714.000000
violation 774.000000
6996 16
AQUIIII!!151 5 143 104 21 94 93 13 87 145 150 AQUIIII!!7 151 92 21 18 68 19 152 68 13 AQUIIII!!
150 154 149 151 93 153 83 153 95 95 29 150 13 83 93 117 100 28 29 154 149 100 
152 AQUIIII!!117 151 5 5 68 150 21 93 
19 13 21 18 7 104 94 153 92 87 68 154 
AQUIIII!!151 93 92 19 5 104 148 94 21 145 18 68 6 7 143 87 
AQUIIII!!13 5 100 21 117 68 29 95 150 83 93 154 153 149 151 152 
AQUIIII!!100 150 29 149 117 154 27 68 152 28 13 95 83 93 153 151 AQUIIII!!
150 153 5 68 92 21 7 154 94 87 152 104 93 13 149 151 
AQUIIII!!92 143 7 94 18 5 13 87 93 145 21 68 104 19 150 151 
AQUIIII!!68 21 13 143 93 19 145 92 87 5 104 7 150 18 94 151 
AQUIIII!!151 18 5 13 21 19 94 7 154 68 87 93 153 92 150 104 
AQUIIII!!29 154 5 149 95 13 68 21 151 117 83 150 153 100 152 93 
AQUIIII!!21 19 154 87 153 92 104 150 13 68 5 93 18 94 7 151 
AQUIIII!!74 118 36 119 35 114 14 33 42 82 34 75 32 1 155 30 
AQUIIII!!74 118 36 119 35 114 14 33 42 82 34 75 32 1 155 30 
AQUIIII!!74 118 36 119 35 114 14 33 42 82 34 75 32 1 155 30 
AQUIIII!!92 143 5 68 154 18 19 94 104 150 7 93 87 13 21 151 
AQUIIII!!87 92 93 154 68 94 13 143 104 19 18 7 5 150 21 151 
AQUIIII!!92 143 5 68 154 18 19 94 104 150 7 93 87 13 21 151 
AQUIIII!!13 150 87 5 154 21 18 153 94 104 7 93 92 19 68 151 
AQUIIII!!92 68 154 150 152 13 149 153 94 21 104 AQUIIII!!87 29 154 7 93 117 153 5 149 151 21 
151 150 152 83 28 95 13 68 93 100 
AQUIIII!!92 148 143 94 7 87 AQUIIII!!19 93 13 29 21 100 6 83 18 68 117 104 152 145 149 5 95 151 5 
150 21 68 154 93 153 151 
AQUIIII!!68 104 94 92 18 21 150 7 152 154 5 13 87 93 153 151 
AQUIIII!!152 93 13 27 95 83 28 100 68 150 153 154 149 29 117 151 
AQUIIII!!151 68 92 154 150 153 5 152 87 93 104 21 94 7 13 18 
AQUIIII!!151 13 150 152 21 153 100 95 28 117 83 154 93 68 29 149 
AQUIIII!!151 95 93 13 21 153 29 100 150 152 117 83 28 154 68 149 
AQUIIII!!94 21 143 93 7 5 19 145 150 68 104 148 87 92 18 151 
AQUIIII!!18 94 7 5 13 19 145 21 68 92 87 93 104 143 150 151 
AQUIIII!!151 93 7 104 21 5 150 92 68 13 153 87 18 154 152 94 
AQUIIII!!151 18 148 92 5 143 68 87 21 7 93 6 145 94 104 19 
AQUIIII!!5 83 154 AQUIIII!!149 5 100 21 68 18 95 145 152 94 13 68 117 93 21 104 150 93 150 19 29 7 153 13 143 151 
87 92 151 
AQUIIII!!151 94 18 7 21 92 148 6 5 93 145 87 68 143 19 104 
AQUIIII!!18 21 5 68 150 153 152 7 93 104 13 92 154 94 87 151 
AQUIIII!!151 13 87 104 154 21 68 150 152 18 5 93 92 94 7 153 
AQUIIII!!152 151 21 100 93 68 83 117 149 150 5 153 154 13 95 29 
AQUIIII!!151 94 13 5 21 104 7 149 152 93 153 92 154 68 150 87 
AQUIIII!!153 21 7 150 13 149 104 68 154 94 5 87 93 92 152 151 
AQUIIII!!154 117 95 93 29 153 100 83 13 149 150 152 21 68 5 151 
AQUIIII!!151 87 5 92 13 94 19 93 18 150 145 7 68 21 143 104 
AQUIIII!!117 150 152 83 95 93 154 149 13 100 68 153 28 29 21 151 
AQUIIII!!153 150 87 94 92 21 149 68 152 5 93 13 154 104 AQUIIII!!7 21 151 92 
94 145 5 87 19 148 150 104 143 68 93 7 18 151 
AQUIIII!!151 87 5 21 154 7 104 13 94 92 93 150 19 68 18 143 
AQUIIII!!149 21 29 13 95 28 117 152 153 83 68 93 100 154 150 151 
AQUIIII!!145 19 21 7 92 5 87 18 93 143 13 68 150 104 94 151 
AQUIIII!!95 29 153 117 154 100 68 28 27 149 93 13 83 150 152 151 
AQUIIII!!150 83 95 151 149 152 28 27 68 13 AQUIIII!!93 100 21 117 94 153 154 152 29 93 
104 68 5 13 154 92 7 87 18 153 150 151 
AQUIIII!!151 153 92 104 150 19 21 7 13 68 5 93 94 18 87 154 
AQUIIII!!94 143 148 5 7 92 93 21 6 87 68 18 145 19 104 151 
AQUIIII!!145 21 94 150 7 143 93 92 104 18 5 148 68 87 19 151 
AQUIIII!!152 151 13 154 149 150 7 21 94 92 153 104 68 93 87 5 
AQUIIII!!152 154 29 26 28 149 117 93 13 AQUIIII!!95 87 153 143 27 83 93 100 145 25 94 68 21 
92 5 19 7 104 18 148 68 6 151 
AQUIIII!!153 94 13 104 87 93 154 150 5 68 149 7 92 152 21 151 
AQUIIII!!151 87 143 150 19 21 68 92 104 93 94 148 5 145 7 18 
AQUIIII!!13 93 87 18 5 150 68 21 154 104 94 153 152 7 92 151 
AQUIIII!!27 95 149 28 153 93 83 150 68 152 100 13 151 117 29 154 
AQUIIII!!151 28 29 152 95 93 154 153 68 83 149 150 117 13 AQUIIII!!21 29 100 154 
117 153 149 21 151 150 152 83 28 95 13 68 93 100 
AQUIIII!!151 68 94 104 7 145 21 148 5 93 150 143 92 87 18 19 
AQUIIII!!151 21 18 68 87 104 5 94 93 145 19 92 7 143 148 AQUIIII!!150 151 
104 143 7 87 18 13 93 21 94 19 68 92 154 150 5 
AQUIIII!!154 151 5 150 149 21 95 100 13 83 152 153 93 68 117 29 
AQUIIII!!151 154 7 13 153 68 94 150 21 87 93 19 5 18 92 104 
AQUIIII!!151 68 87 154 94 93 18 7 150 13 153 21 152 92 5 104 
AQUIIII!!100 28 117 95 13 29 149 153 68 150 154 93 83 21 152 151 
AQUIIII!!92 21 13 7 150 153 18 93 5 19 104 87 94 68 151 154 
AQUIIII!!18 150 19 93 68 154 13 5 21 7 104 153 92 94 87 151 
AQUIIII!!151 6 148 93 87 7 94 18 92 143 104 5 145 21 68 19 
AQUIIII!!68 152 5 87 154 92 93 153 13 149 7 104 21 150 94 151 
AQUIIII!!5 21 68 92 7 143 104 18 87 93 145 19 6 148 94 151 
AQUIIII!!154 151 21 104 94 18 93 87 150 19 13 68 92 153 5 7 
AQUIIII!!151 87 93 154 92 21 13 153 7 152 68 149 94 104 150 5 
AQUIIII!!151 152 154 28 68 29 149 93 95 153 21 13 117 150 100 83 
AQUIIII!!151 152 154 28 68 29 149 93 95 153 21 13 117 150 100 83 
AQUIIII!!151 152 154 28 68 29 149 93 95 153 21 13 117 150 100 83 
AQUIIII!!13 150 7 93 21 153 104 152 87 68 92 94 154 149 5 151 
AQUIIII!!151 18 145 94 5 87 148 150 68 92 143 7 21 93 19 104 
AQUIIII!!151 21 154 7 152 87 104 68 18 93 5 13 94 153 92 150 
AQUIIII!!21 94 92 153 68 93 154 18 104 5 7 152 150 87 13 151 
AQUIIII!!151 150 5 21 92 143 68 87 94 154 93 7 18 19 13 104 
AQUIIII!!151 13 19 150 94 5 18 7 104 143 93 92 87 154 21 68 
AQUIIII!!21 151 29 68 152 83 117 100 5 13 93 153 149 154 150 95 
AQUIIII!!151 29 95 154 21 68 83 28 150 149 93 100 153 152 13 117 
AQUIIII!!92 150 5 68 13 19 21 18 104 87 154 143 93 7 94 151 
AQUIIII!!149 13 150 28 27 68 153 83 100 95 117 152 154 93 29 151 
AQUIIII!!94 150 13 93 92 18 87 104 7 5 19 68 153 151 21 154 
AQUIIII!!151 68 87 19 93 5 92 153 18 104 21 94 7 150 13 154 
AQUIIII!!87 93 92 145 68 5 104 94 21 7 18 148 150 143 19 151 
AQUIIII!!151 93 13 152 21 5 153 87 149 92 104 68 94 150 154 7 
AQUIIII!!150 18 13 5 7 143 92 21 87 104 68 94 154 93 19 151 
AQUIIII!!153 87 13 104 7 94 92 154 19 5 68 18 150 93 21 151 
AQUIIII!!153 87 13 104 7 94 92 154 19 5 68 18 150 93 21 151 
AQUIIII!!153 87 13 104 7 94 92 154 19 5 68 18 150 93 21 151 
AQUIIII!!143 5 68 145 94 92 18 6 21 148 93 87 104 19 7 151 
AQUIIII!!151 93 5 153 117 150 13 21 100 29 154 95 68 149 152 83 
AQUIIII!!95 29 83 152 100 13 154 68 5 117 153 149 150 21 93 151 
AQUIIII!!151 154 7 13 153 68 94 150 21 87 93 19 5 18 92 104 
AQUIIII!!143 94 19 92 148 87 18 21 68 93 5 104 145 7 150 151 
AQUIIII!!154 21 151 13 94 104 68 92 153 7 150 87 93 149 152 5 
AQUIIII!!104 150 93 143 13 92 154 7 5 19 87 18 68 21 94 151 
AQUIIII!!87 21 94 18 145 150 104 19 93 143 68 7 92 13 5 151 
AQUIIII!!21 92 145 94 93 7 143 19 5 18 150 13 87 104 68 151 
AQUIIII!!151 7 93 150 152 5 149 13 92 87 154 153 94 68 104 21 
AQUIIII!!68 87 92 149 94 5 7 93 13 153 154 152 150 104 151 21 
AQUIIII!!5 100 150 153 93 21 68 83 13 29 95 117 149 154 152 151 
AQUIIII!!152 18 153 68 150 7 93 94 104 92 13 5 87 21 154 151 
AQUIIII!!152 18 153 68 150 7 93 94 104 92 13 5 87 21 154 151 
AQUIIII!!7 19 21 92 18 6 145 87 5 93 68 104 143 148 94 151 
AQUIIII!!18 93 6 148 5 87 143 104 21 92 19 94 7 68 145 151 
AQUIIII!!68 148 7 143 150 87 5 21 93 19 18 104 92 145 94 151 
Number of Cuts in the second phase:1627
Number of repeat: 1494 
Violation: 560.000000
Violation: 1190.000000
Violation: 77.000000
Violation: 595.000000
Violation: 192.000000
Violation: 119.000000
Violation: 111.000000
Violation: 145.000000
Violation: 856.000000
Violation: 384.000000
Violation: 812.000000
Violation: 451.000000
Violation: 259.000000
Violation: 791.000000
Violation: 132.000000
Violation: 570.000000
Violation: 340.000000
Violation: 46.000000
Violation: 680.000000
Violation: 1119.000000
Violation: 450.000000
Violation: 214.000000
Violation: 787.000000
Violation: 428.000000
Violation: 758.000000
Violation: 642.000000
Violation: 190.000000
Violation: 226.000000
Violation: 396.000000
Violation: 374.000000
Violation: 1574.000000
Violation: 1088.000000
Violation: 255.000000
Violation: 167.000000
Violation: 460.000000
Violation: 1134.000000
Violation: 346.000000
Violation: 641.000000
Violation: 629.000000
Violation: 219.000000
Violation: 760.000000
Violation: 768.000000
Violation: 1355.000000
Violation: 372.000000
Violation: 149.000000
Violation: 115.000000
Violation: 188.000000
Violation: 634.000000
Violation: 34.000000
Violation: 269.000000
Violation: 164.000000
Violation: 518.000000
Violation: 1165.000000
Violation: 212.000000
Violation: 477.000000
Violation: 380.000000
Violation: 231.000000
Violation: 13.000000
Violation: 153.000000
Violation: 4.000000
Violation: 85.000000
Violation: 622.000000
Violation: 417.000000
Violation: 929.000000
Violation: 287.000000
Violation: 532.000000
Violation: 171.000000
Violation: 1428.000000
Violation: 1564.000000
Violation: 37.000000
Violation: 1048.000000
Violation: 299.000000
Violation: 269.000000
Violation: 306.000000
Violation: 919.000000
Violation: 433.000000
Violation: 56.000000
Violation: 350.000000
Violation: 420.000000
Violation: 284.000000
Violation: 163.000000
Violation: 98.000000
Violation: 825.000000
Violation: 61.000000
Violation: 640.000000
Violation: 350.000000
Violation: 188.000000
Violation: 791.000000
Violation: 986.000000
Violation: 373.000000
Violation: 334.000000
Violation: 18.000000
Violation: 52.000000
Violation: 157.000000
Violation: 291.000000
Violation: 359.000000
Violation: 309.000000
Violation: 22.000000
Violation: 44.000000
Violation: 85.000000
Violation: 265.000000
Violation: 207.000000
Violation: 119.000000
Violation: 78.000000
Violation: 535.000000
Violation: 1054.000000
Violation: 1035.000000
Violation: 6.000000
Violation: 975.000000
Violation: 446.000000
Violation: 19.000000
Violation: 415.000000
Violation: 165.000000
Violation: 960.000000
Violation: 1948.000000
Violation: 844.000000
Violation: 154.000000
Violation: 179.000000
Violation: 69.000000
Violation: 111.000000
Violation: 171.000000
Violation: 562.000000
Violation: 1.000000
Violation: 227.000000
Violation: 1.000000
Violation: 309.000000
Violation: 341.000000
Violation: 240.000000
Violation: 1334.000000
Violation: 624.000000
Violation: 273.000000
Violation: 597.000000
Violation: 179.000000
took 10.514454
Optimize a model with 1168 rows, 10797 columns and 133111 nonzeros
Coefficient statistics:
  Matrix range     [1e-05, 9e+01]
  Objective range  [0e+00, 0e+00]
  Bounds range     [1e+00, 2e+09]
  RHS range        [1e+00, 6e+01]
Warning: Model contains large bounds
         Consider reformulating model or setting NumericFocus parameter
         to avoid numerical issues.

Concurrent LP optimizer: dual simplex and barrier
Showing barrier log only...

Presolve removed 164 rows and 420 columns
Presolve time: 0.04s
Presolved: 1004 rows, 10377 columns, 125574 nonzeros

Ordering time: 0.00s

Barrier statistics:
 AA' NZ     : 5.649e+04
 Factor NZ  : 9.384e+04 (roughly 5 MBytes of memory)
 Factor Ops : 1.013e+07 (less than 1 second per iteration)
 Threads    : 3

                  Objective                Residual
Iter       Primal          Dual         Primal    Dual     Compl     Time
   0   0.00000000e+00 -2.68716627e+07  8.26e+09 0.00e+00  1.42e+06     0s
   1   0.00000000e+00 -5.19628487e+06  2.75e+09 9.69e-03  4.76e+05     0s
   2   0.00000000e+00 -3.18797072e+05  3.52e+08 1.25e-16  6.14e+04     0s
   3   0.00000000e+00 -1.52245064e+03  3.48e+04 1.39e-16  6.15e+00     0s
   4   0.00000000e+00 -1.19156922e+03  2.50e+04 2.48e-06  4.31e+00     0s
   5   0.00000000e+00 -1.22376914e+03  1.63e+04 2.81e-05  3.10e+00     0s
   6   0.00000000e+00 -9.94781867e+02  8.26e+03 1.54e-05  1.53e+00     0s
   7   0.00000000e+00 -8.09472347e+02  3.32e+03 1.41e-07  6.69e-01     0s
   8   0.00000000e+00 -4.85858470e+02  1.32e+03 3.09e-10  2.59e-01     0s
   9   0.00000000e+00 -4.58219876e+02  1.01e+03 2.70e-10  2.01e-01     0s
  10   0.00000000e+00 -4.09023300e+02  7.96e+02 2.13e-10  1.59e-01     0s
  11   0.00000000e+00 -2.82458120e+02  6.34e+02 7.78e-11  1.19e-01     0s

Barrier performed 11 iterations in 0.11 seconds
Barrier solve interrupted - model solved by another algorithm


Solved with dual simplex
Solved in 563 iterations and 0.11 seconds
Optimal objective  0.000000000e+00
