j1201_1.sm_s1.txt
Academic license - for non-commercial use only
Read LP format model from file lp/j1201_1.sm.lp
Reading time = 0.03 seconds
: 1196 rows, 5432 columns, 62759 nonzeros
OKGPU
nThreads: 1024 , nBlocks: 12 
Number cuts generated in the phase 1: 33
Number of repeat: 7 
violation 334.000000
violation 145.000000
violation 234.000000
violation 288.000000
violation 207.000000
violation 63.000000
violation 293.000000
violation 390.000000
violation 467.000000
violation 142.000000
violation 168.000000
violation 458.000000
violation 370.000000
violation 757.000000
violation 859.000000
violation 859.000000
violation 857.000000
violation 637.000000
violation 637.000000
violation 557.000000
violation 164.000000
violation 21.000000
violation 523.000000
violation 445.000000
violation 495.000000
violation 37.000000
8592 16
23 
68 25 32 23 26 26 86 25 32 85 112 116 
85 27 117 116 86 112 24 110 47 75 108 110 36 110 25 23 20 36 108 27 26 111 86 27 112 25 111 111 


AQUIIII!!27 86 AQUIIII!!38 110 49 111 33 40 108 42 66 114 AQUIIII!!88 117 116 41 AQUIIII!!47 81 66 108 116 58 85 35 32 36 34 29 24 112 39 30 115 32 36 113 119 31 85 27 
0 25 116 110 112 85 31 26 66 28 
117 117 118 86 47 81 110 58 111 26 112 118 AQUIIII!!
111 86 25 111 
26 47 AQUIIII!!85 27 36 86 24 110 66 111 25 108 116 66 108 117 117 47 32 116 110 32 112 24 27 36 
85 25 112 26 
AQUIIII!!111 AQUIIII!!112 116 47 47 86 AQUIIII!!86 116 39 108 112 117 30 110 85 114 32 27 85 66 66 26 33 32 27 58 26 108 81 110 117 38 25 36 36 28 24 24 85 40 
25 41 111 31 
0 49 29 113 
AQUIIII!!111 112 116 47 86 108 117 85 27 66 32 26 110 25 36 24 
AQUIIII!!116 28 111 118 117 0 81 30 66 58 29 31 119 110 112 85 
AQUIIII!!111 116 112 119 AQUIIII!!112 66 27 118 23 28 AQUIIII!!110 112 29 24 26 117 108 85 111 25 116 81 116 47 68 110 66 75 31 86 36 58 24 85 25 0 86 108 30 111 117 
26 36 32 27 
110 85 32 
AQUIIII!!112 27 23 110 24 108 25 116 68 75 36 85 86 111 26 32 
AQUIIII!!116 108 110 119 111 112 47 AQUIIII!!27 27 24 86 36 32 68 85 26 117 32 118 85 66 75 25 36 108 26 23 
110 116 112 86 111 
AQUIIII!!110 66 119 81 111 28 116 0 117 85 108 58 118 30 29 112 
AQUIIII!!110 66 119 81 111 28 116 0 117 85 108 58 118 30 29 112 
AQUIIII!!AQUIIII!!110 86 66 108 116 110 75 36 24 85 117 111 32 68 25 25 86 21 108 36 AQUIIII!!24 27 110 26 85 47 23 28 32 112 119 27 26 0 112 111 58 

108 117 81 85 30 29 66 112 111 116 118 
AQUIIII!!AQUIIII!!117 0 27 75 36 26 108 112 110 86 29 21 119 AQUIIII!!108 23 118 85 110 66 32 26 85 36 68 81 36 75 24 86 24 86 112 110 112 116 111 32 25 23 111 108 28 25 AQUIIII!!85 

68 66 111 27 26 116 27 32 AQUIIII!!
111 110 116 86 117 47 111 86 47 118 27 85 36 85 110 116 112 36 25 108 108 
24 66 117 32 25 112 26 
AQUIIII!!23 86 85 24 75 116 108 25 36 68 32 27 110 AQUIIII!!112 112 111 26 26 27 
75 24 110 36 116 25 32 68 108 AQUIIII!!85 58 AQUIIII!!111 81 29 23 38 86 36 119 
66 0 116 66 86 33 110 117 0 30 118 29 119 85 108 28 117 118 85 112 81 31 111 116 112 
AQUIIII!!28 110 
86 AQUIIII!!111 27 47 116 86 27 25 85 47 116 108 36 118 108 117 24 26 66 66 36 117 32 32 85 25 112 112 110 26 111 

AQUIIII!!31 38 34 49 33 88 39 35 58 42 40 41 81 114 113 115 
AQUIIII!!23 86 85 24 75 116 108 25 36 68 32 27 110 112 111 AQUIIII!!26 85 
26 108 111 36 75 68 116 23 110 86 32 27 25 24 112 
AQUIIII!!85 26 108 111 36 75 68 116 23 110 86 32 27 25 24 112 
AQUIIII!!112 111 85 108 116 118 110 36 86 117 32 26 25 66 47 27 
AQUIIII!!23 86 85 24 75 AQUIIII!!116 24 108 25 25 26 36 32 68 86 32 85 27 117 110 66 112 108 111 116 26 27 
47 36 110 111 112 
AQUIIII!!110 117 116 24 36 47 111 32 66 86 108 85 112 27 25 26 
AQUIIII!!85 26 108 AQUIIII!!111 113 81 36 114 75 115 38 68 58 116 34 40 23 33 110 29 86 39 41 32 31 27 30 25 85 49 
24 112 
AQUIIII!!AQUIIII!!112 32 86 AQUIIII!!110 68 26 112 110 75 25 116 25 75 27 86 27 108 85 36 68 85 85 23 24 108 32 23 32 110 23 26 116 21 68 108 111 111 27 26 36 86 24 75 24 
112 25 111 36 

AQUIIII!!AQUIIII!!24 32 112 110 32 111 21 110 108 25 112 111 85 25 75 44 108 26 27 36 23 23 86 24 27 36 68 
47 26 45 116 49 
AQUIIII!!114 115 113 40 38 33 34 49 42 AQUIIII!!81 85 108 39 36 117 35 81 31 66 41 0 58 28 86 88 118 111 
119 29 110 112 116 
AQUIIII!!112 27 24 111 26 116 32 108 36 86 25 47 66 117 85 110 
AQUIIII!!36 75 85 32 26 110 AQUIIII!!27 113 108 68 29 25 30 23 58 21 115 20 86 39 111 34 24 85 
41 114 49 81 40 33 38 31 
AQUIIII!!0 117 118 81 116 85 66 30 31 29 58 119 28 AQUIIII!!112 117 111 110 33 116 
112 47 86 26 66 32 36 25 108 85 111 24 27 
AQUIIII!!85 27 26 75 25 24 68 36 112 21 32 108 86 23 111 110 
AQUIIII!!AQUIIII!!86 117 36 32 47 119 112 85 32 36 116 66 26 116 108 118 117 47 AQUIIII!!25 26 66 25 112 86 110 86 47 24 110 111 85 112 108 85 27 66 27 111 

110 26 36 32 117 108 118 27 116 111 
AQUIIII!!24 21 32 25 26 110 108 86 75 23 20 36 85 68 111 27 AQUIIII!!
58 28 38 29 40 41 113 81 33 49 85 114 39 31 30 115 
AQUIIII!!118 28 0 108 58 85 119 30 116 117 112 81 110 66 29 111 
AQUIIII!!24 112 111 26 25 AQUIIII!!32 116 21 23 85 108 112 68 28 86 85 30 110 66 75 108 36 27 81 
58 110 117 119 0 118 111 29 
AQUIIII!!38 49 58 33 29 40 39 85 34 114 41 81 115 113 30 31 
AQUIIII!!111 25 112 AQUIIII!!68 117 32 86 116 81 36 28 108 110 75 119 23 108 26 118 116 30 85 0 27 66 110 85 24 58 
111 112 29 
AQUIIII!!111 112 108 81 66 58 28 29 118 AQUIIII!!110 36 30 108 119 117 116 28 117 29 0 66 85 81 
86 118 AQUIIII!!0 117 85 116 110 81 112 28 111 110 116 119 119 108 
118 30 0 66 85 58 111 112 29 
AQUIIII!!34 40 85 39 33 AQUIIII!!30 119 58 111 81 112 41 0 35 117 49 31 38 30 31 118 115 85 114 81 113 116 
66 58 28 33 29 
AQUIIII!!111 112 108 81 AQUIIII!!66 24 58 112 28 111 26 29 25 118 32 110 21 23 30 108 68 119 86 116 85 117 110 75 0 36 85 27 

AQUIIII!!115 31 30 41 38 49 114 39 28 33 85 81 AQUIIII!!40 38 58 30 113 81 29 34 
85 58 49 40 113 31 114 115 35 33 41 39 
AQUIIII!!86 27 25 85 47 112 36 32 110 66 116 117 108 111 24 26 
AQUIIII!!86 27 25 85 47 112 36 32 110 66 116 117 108 111 24 26 
AQUIIII!!114 113 115 97 5 34 42 88 6 81 41 35 43 49 58 1 
AQUIIII!!35 30 40 58 85 34 115 33 49 AQUIIII!!38 39 39 114 81 49 41 29 58 113 31 81 114 34 
41 40 31 38 33 85 30 113 115 
AQUIIII!!23 116 86 108 27 25 111 36 110 32 68 85 75 112 24 26 
AQUIIII!!26 112 24 117 110 27 111 116 66 36 85 108 47 25 86 32 
AQUIIII!!113 31 114 30 AQUIIII!!81 112 58 86 28 27 33 111 38 25 85 23 115 68 49 32 40 24 41 26 39 75 AQUIIII!!29 85 32 111 110 
112 108 116 36 66 27 21 117 
110 36 108 86 118 119 85 81 0 
AQUIIII!!114 31 30 40 85 113 33 115 41 39 49 35 34 58 81 38 
AQUIIII!!24 110 116 85 36 86 47 66 117 108 32 26 112 25 111 27 
AQUIIII!!24 110 116 85 36 86 47 66 117 108 32 26 112 25 111 27 
AQUIIII!!66 116 0 118 108 36 28 119 AQUIIII!!110 117 32 81 75 86 68 32 36 111 AQUIIII!!85 85 26 112 112 112 
27 23 25 32 108 21 86 110 116 110 75 111 86 24 111 26 108 23 68 
24 85 36 27 25 
AQUIIII!!81 85 117 116 28 30 29 66 AQUIIII!!118 86 108 21 0 75 110 20 119 111 25 112 27 58 85 
110 36 108 26 32 23 68 24 111 
AQUIIII!!27 24 86 110 111 112 116 75 23 26 32 36 85 68 25 108 
AQUIIII!!30 113 114 31 28 0 85 33 49 81 41 38 39 29 58 40 
AQUIIII!!112 29 111 0 119 85 118 28 31 110 81 117 116 66 AQUIIII!!43 58 58 30 
40 39 5 1 42 81 AQUIIII!!41 27 49 112 34 47 114 118 35 116 113 110 88 86 115 119 
36 111 85 108 117 66 26 32 
AQUIIII!!110 25 112 86 26 116 24 23 27 68 111 32 85 AQUIIII!!108 110 75 81 36 111 
30 29 0 118 AQUIIII!!58 23 116 26 85 68 119 85 117 25 66 86 31 32 28 36 112 75 
108 111 112 24 116 110 27 
AQUIIII!!23 26 68 85 25 86 32 36 75 108 111 112 24 116 110 27 
AQUIIII!!47 26 27 108 36 24 85 86 117 111 32 110 25 66 116 112 
AQUIIII!!119 118 110 28 29 0 117 85 66 111 31 81 58 112 116 30 
AQUIIII!!40 41 35 49 58 43 1 34 42 39 5 88 81 113 115 114 
AQUIIII!!112 111 25 116 108 27 75 85 68 36 23 32 24 86 110 26 
AQUIIII!!112 111 25 116 108 27 75 85 68 36 23 32 24 86 110 26 
AQUIIII!!108 68 23 26 AQUIIII!!86 112 36 110 32 30 20 111 85 108 29 21 58 75 28 117 25 85 24 116 27 66 111 118 0 110 AQUIIII!!119 
81 68 
75 25 86 85 27 36 24 111 112 108 32 21 26 23 110 
AQUIIII!!116 68 112 111 32 23 24 110 108 25 75 86 36 85 27 26 
AQUIIII!!111 110 25 24 112 108 26 21 85 86 32 68 27 75 23 36 
AQUIIII!!23 110 26 36 75 24 86 112 32 25 108 85 68 111 116 27 
AQUIIII!!66 85 58 119 118 81 110 0 28 29 117 31 116 112 30 111 
AQUIIII!!31 113 114 41 40 35 115 30 49 33 58 AQUIIII!!34 85 66 39 85 38 58 81 
119 118 81 110 0 28 29 117 31 116 112 30 111 
AQUIIII!!26 112 111 27 36 75 108 24 32 110 86 25 23 85 68 116 
AQUIIII!!27 111 116 66 36 86 118 25 47 AQUIIII!!112 26 32 112 110 111 108 27 117 36 26 75 85 108 24 
32 110 86 25 23 85 68 116 
AQUIIII!!81 115 39 58 40 31 38 114 49 34 33 41 85 29 30 113 
AQUIIII!!110 116 108 111 32 117 118 AQUIIII!!47 112 36 27 119 116 86 111 85 25 AQUIIII!!117 26 117 32 66 85 110 27 47 110 112 36 26 108 
25 85 36 118 26 86 66 32 86 66 
108 AQUIIII!!47 116 116 111 118 112 111 118 112 86 27 110 
117 66 108 36 0 119 AQUIIII!!32 117 85 81 28 110 85 26 25 
36 86 32 66 108 47 116 118 111 112 27 
AQUIIII!!81 119 118 66 30 110 58 117 0 85 111 28 31 112 116 29 
AQUIIII!!117 85 110 26 25 36 86 32 66 108 47 116 118 111 112 27 
AQUIIII!!35 100 1 34 5 6 49 81 43 58 42 88 97 115 114 113 
AQUIIII!!35 100 1 34 5 6 49 81 43 58 42 88 97 115 114 113 
AQUIIII!!24 25 68 26 110 23 32 85 36 75 108 86 21 27 111 112 
AQUIIII!!29 31 117 81 85 0 33 66 58 119 28 118 112 116 30 111 
AQUIIII!!112 26 27 75 24 110 36 116 25 32 68 108 85 111 23 86 
AQUIIII!!110 112 111 24 23 25 85 68 116 108 27 26 32 36 75 86 
AQUIIII!!25 111 32 36 110 68 75 108 27 85 AQUIIII!!86 110 23 112 24 111 116 24 23 26 25 112 85 
68 116 108 27 26 32 36 75 86 
AQUIIII!!66 118 36 0 81 110 29 85 119 108 86 117 28 116 112 111 
AQUIIII!!110 112 111 24 23 25 85 68 116 108 27 26 32 36 75 86 
AQUIIII!!25 111 32 36 110 68 75 108 27 85 86 23 24 116 26 112 
AQUIIII!!110 117 47 108 116 27 32 66 118 36 119 85 86 112 111 26 
AQUIIII!!32 36 116 86 47 66 85 27 26 110 24 117 108 25 111 112 
AQUIIII!!26 112 108 75 27 25 68 116 36 111 110 24 85 86 32 23 
AQUIIII!!66 118 31 AQUIIII!!29 58 39 117 115 111 81 41 119 85 33 81 85 0 112 40 30 29 116 58 28 
31 49 38 113 114 30 34 33 
AQUIIII!!32 36 116 86 47 66 85 27 26 110 24 117 108 25 111 112 
AQUIIII!!26 112 108 75 27 25 68 116 36 111 110 24 85 86 32 23 
AQUIIII!!116 26 111 85 66 110 108 25 24 86 27 117 112 32 36 47 
AQUIIII!!23 27 112 111 24 36 AQUIIII!!86 85 111 108 112 68 24 116 108 85 25 32 110 110 21 25 86 75 36 75 26 32 
26 27 68 23 
AQUIIII!!23 27 112 111 24 36 86 108 68 116 85 32 110 25 75 26 
AQUIIII!!116 112 29 111 30 110 66 119 117 28 31 81 58 0 118 85 
AQUIIII!!114 113 85 115 33 41 39 31 81 34 58 30 29 49 40 38 
AQUIIII!!117 85 36 24 25 110 116 47 86 66 32 108 26 27 112 111 
AQUIIII!!117 85 36 24 25 110 116 AQUIIII!!47 86 33 66 114 32 108 28 26 38 27 49 112 0 111 
39 81 30 31 41 40 58 85 29 113 
AQUIIII!!32 111 112 116 66 27 117 110 36 108 86 118 119 85 81 0 
AQUIIII!!66 33 81 58 28 118 85 0 119 117 29 31 30 116 111 112 
AQUIIII!!66 33 81 58 28 118 85 0 119 117 29 31 30 116 111 112 
AQUIIII!!26 21 27 111 112 108 AQUIIII!!AQUIIII!!36 112 66 24 27 33 75 86 32 81 36 58 85 119 28 86 111 118 110 0 85 23 117 0 110 25 119 66 68 117 
108 29 85 31 116 30 81 116 118 111 32 
112 
AQUIIII!!113 29 85 30 38 40 28 58 81 39 33 114 31 115 41 49 
AQUIIII!!111 112 AQUIIII!!112 68 36 26 110 111 23 116 47 116 66 25 108 86 24 32 25 75 108 86 117 24 36 27 27 85 110 26 85 
32 
AQUIIII!!112 26 111 116 47 66 86 24 25 108 117 36 27 110 85 32 
AQUIIII!!111 25 112 68 32 86 36 108 75 23 26 116 85 27 110 24 
AQUIIII!!113 115 114 88 81 31 38 49 35 34 33 39 40 41 42 58 
AQUIIII!!26 32 25 110 68 75 36 85 23 24 86 112 111 108 116 27 
AQUIIII!!24 27 111 108 112 110 21 25 75 32 86 85 23 26 36 68 
AQUIIII!!112 111 27 0 36 81 32 116 118 AQUIIII!!110 28 85 113 86 85 119 39 108 33 66 31 117 38 
81 29 115 58 40 49 41 30 114 
AQUIIII!!27 24 108 112 110 26 32 25 111 116 47 86 66 117 36 85 
AQUIIII!!25 111 86 32 27 24 26 66 36 47 110 117 116 108 85 112 
AQUIIII!!86 75 26 AQUIIII!!36 29 116 111 32 112 119 25 85 24 30 68 110 117 85 118 108 108 112 0 28 23 66 110 81 27 58 111 116 

AQUIIII!!86 75 26 36 116 32 25 24 68 85 108 112 23 110 27 111 
AQUIIII!!112 111 86 32 116 85 110 108 119 118 36 27 81 0 117 66 
AQUIIII!!112 27 116 111 25 117 32 110 47 36 108 85 118 26 66 86 
AQUIIII!!35 88 58 43 6 49 5 81 97 34 100 42 1 113 115 114 
AQUIIII!!35 88 58 43 6 49 5 81 97 34 100 42 1 113 115 114 
AQUIIII!!119 0 81 110 117 30 58 29 85 116 118 66 108 28 111 112 
AQUIIII!!119 0 81 110 117 30 58 29 85 116 118 66 AQUIIII!!108 112 28 27 111 112 110 
116 81 0 85 118 86 32 108 66 111 AQUIIII!!119 32 117 112 36 25 
26 75 23 110 111 24 68 116 86 108 27 85 36 
AQUIIII!!112 27 108 32 25 66 85 110 117 24 26 47 116 36 86 111 
AQUIIII!!26 111 86 25 24 32 47 66 27 108 110 85 116 112 36 117 
AQUIIII!!112 24 25 86 85 36 110 32 27 68 23 21 26 108 75 111 
AQUIIII!!116 111 112 85 28 31 29 118 33 119 30 58 66 81 0 117 
AQUIIII!!111 AQUIIII!!25 112 112 28 68 29 32 86 86 81 36 117 108 108 111 75 110 23 0 26 85 116 66 36 85 119 27 116 110 118 24 

AQUIIII!!26 112 111 27 36 75 108 24 32 110 86 25 23 85 68 116 
AQUIIII!!111 112 75 68 23 27 86 32 116 24 110 26 36 108 25 85 
AQUIIII!!112 24 25 75 36 27 110 23 86 32 85 108 68 111 21 26 
AQUIIII!!25 111 24 23 116 27 85 32 112 75 26 68 110 86 108 36 
AQUIIII!!58 38 41 114 49 30 81 39 85 34 33 40 35 115 31 113 
AQUIIII!!32 111 112 75 25 86 36 116 27 26 23 110 24 68 108 85 
AQUIIII!!117 112 110 111 26 116 27 66 47 36 32 86 25 24 85 108 
AQUIIII!!30 113 29 119 39 41 28 31 40 33 85 0 81 58 38 49 
AQUIIII!!66 117 36 26 110 25 111 85 86 47 118 116 32 108 27 112 
AQUIIII!!66 116 112 111 85 117 118 81 110 36 119 0 28 29 86 108 
AQUIIII!!116 111 112 85 28 31 29 118 33 119 30 58 66 81 0 117 
AQUIIII!!27 112 26 86 23 108 36 68 75 111 85 32 25 110 24 21 
AQUIIII!!27 24 108 112 110 26 32 25 111 116 47 86 66 117 36 85 
AQUIIII!!113 29 40 38 85 81 39 115 28 58 30 41 49 31 33 114 
AQUIIII!!112 26 27 75 24 110 36 116 25 32 68 108 85 111 23 86 
AQUIIII!!112 119 111 118 86 0 27 AQUIIII!!36 27 116 26 66 112 32 85 117 108 85 24 108 75 110 21 81 23 
110 32 86 68 25 111 36 
AQUIIII!!112 111 36 81 29 86 110 108 117 66 118 0 116 85 28 119 
AQUIIII!!29 111 112 119 85 30 110 117 118 108 0 28 66 81 58 116 
AQUIIII!!110 112 111 24 23 25 85 68 116 108 27 26 32 36 75 86 
AQUIIII!!25 112 26 85 66 116 47 86 108 24 110 27 32 111 117 36 
AQUIIII!!113 29 28 49 38 0 85 40 81 30 58 41 114 39 31 33 
AQUIIII!!113 28 39 58 30 41 40 29 119 85 31 38 49 81 33 0 
AQUIIII!!112 111 85 108 47 27 119 66 26 32 36 118 86 116 117 110 
AQUIIII!!111 112 110 119 85 108 0 116 66 81 29 118 86 36 117 28 
AQUIIII!!111 112 110 119 85 108 0 116 66 81 29 118 86 36 117 28 
AQUIIII!!111 110 25 24 112 108 26 21 85 86 32 68 27 75 23 36 
AQUIIII!!110 23 36 32 24 108 AQUIIII!!27 111 116 25 75 32 86 112 75 25 26 111 26 68 85 108 68 112 
86 110 36 23 27 21 85 24 
AQUIIII!!112 27 116 111 25 117 32 110 47 36 108 85 118 26 66 86 
AQUIIII!!24 116 112 32 26 68 86 111 25 108 23 85 75 27 36 110 
AQUIIII!!112 27 116 111 25 117 32 110 47 36 108 85 118 26 66 86 
AQUIIII!!111 118 112 36 32 108 119 26 110 66 117 116 86 85 27 47 
AQUIIII!!27 32 24 112 116 111 117 108 47 66 26 36 25 86 110 85 
AQUIIII!!29 113 39 28 81 40 41 119 30 31 58 0 49 85 38 33 
Number of Cuts in the second phase:6562
Number of repeat: 5739 
Violation: 447.000000
Violation: 458.000000
Violation: 674.000000
Violation: 390.000000
Violation: 632.000000
Violation: 226.000000
Violation: 718.000000
Violation: 358.000000
Violation: 83.000000
Violation: 824.000000
Violation: 627.000000
Violation: 176.000000
Violation: 84.000000
Violation: 841.000000
Violation: 714.000000
Violation: 718.000000
Violation: 632.000000
Violation: 321.000000
Violation: 643.000000
Violation: 329.000000
Violation: 646.000000
Violation: 389.000000
Violation: 656.000000
Violation: 454.000000
Violation: 88.000000
Violation: 329.000000
Violation: 817.000000
Violation: 213.000000
Violation: 583.000000
Violation: 356.000000
Violation: 1039.000000
Violation: 129.000000
Violation: 629.000000
Violation: 279.000000
Violation: 1020.000000
Violation: 318.000000
Violation: 245.000000
Violation: 500.000000
Violation: 126.000000
Violation: 187.000000
Violation: 692.000000
Violation: 611.000000
Violation: 658.000000
Violation: 780.000000
Violation: 916.000000
Violation: 432.000000
Violation: 434.000000
Violation: 575.000000
Violation: 177.000000
Violation: 538.000000
Violation: 650.000000
Violation: 461.000000
Violation: 71.000000
Violation: 685.000000
Violation: 279.000000
Violation: 135.000000
Violation: 702.000000
Violation: 15.000000
Violation: 735.000000
Violation: 234.000000
Violation: 221.000000
Violation: 72.000000
Violation: 656.000000
Violation: 743.000000
Violation: 26.000000
Violation: 328.000000
Violation: 432.000000
Violation: 637.000000
Violation: 861.000000
Violation: 378.000000
Violation: 600.000000
Violation: 637.000000
Violation: 240.000000
Violation: 544.000000
Violation: 1233.000000
Violation: 370.000000
Violation: 239.000000
Violation: 399.000000
Violation: 471.000000
Violation: 768.000000
Violation: 708.000000
Violation: 393.000000
Violation: 747.000000
Violation: 461.000000
Violation: 44.000000
Violation: 514.000000
Violation: 116.000000
Violation: 193.000000
Violation: 434.000000
Violation: 453.000000
Violation: 466.000000
Violation: 1042.000000
Violation: 742.000000
Violation: 468.000000
Violation: 557.000000
Violation: 358.000000
Violation: 518.000000
Violation: 258.000000
Violation: 166.000000
Violation: 1288.000000
Violation: 399.000000
Violation: 943.000000
Violation: 13.000000
Violation: 754.000000
Violation: 747.000000
Violation: 716.000000
Violation: 485.000000
Violation: 258.000000
Violation: 506.000000
Violation: 193.000000
Violation: 46.000000
Violation: 274.000000
Violation: 646.000000
Violation: 597.000000
Violation: 1098.000000
Violation: 722.000000
Violation: 56.000000
Violation: 658.000000
Violation: 51.000000
Violation: 384.000000
Violation: 110.000000
Violation: 572.000000
Violation: 188.000000
Violation: 295.000000
Violation: 416.000000
Violation: 678.000000
Violation: 488.000000
Violation: 277.000000
Violation: 381.000000
Violation: 1436.000000
Violation: 617.000000
Violation: 1061.000000
Violation: 876.000000
Violation: 661.000000
Violation: 238.000000
Violation: 103.000000
Violation: 249.000000
Violation: 325.000000
Violation: 32.000000
Violation: 378.000000
Violation: 561.000000
Violation: 395.000000
Violation: 738.000000
Violation: 525.000000
Violation: 1191.000000
Violation: 1515.000000
Violation: 656.000000
Violation: 928.000000
Violation: 273.000000
Violation: 813.000000
Violation: 703.000000
Violation: 424.000000
Violation: 618.000000
Violation: 187.000000
Violation: 1233.000000
Violation: 242.000000
Violation: 1017.000000
Violation: 219.000000
Violation: 1116.000000
Violation: 26.000000
Violation: 487.000000
Violation: 328.000000
Violation: 1488.000000
Violation: 256.000000
Violation: 1355.000000
Violation: 885.000000
Violation: 1108.000000
Violation: 985.000000
Violation: 392.000000
Violation: 87.000000
Violation: 114.000000
Violation: 759.000000
Violation: 1509.000000
Violation: 77.000000
Violation: 154.000000
Violation: 1826.000000
Violation: 1254.000000
Violation: 235.000000
Violation: 426.000000
Violation: 328.000000
Violation: 743.000000
Violation: 515.000000
Violation: 143.000000
Violation: 124.000000
Violation: 999.000000
Violation: 1035.000000
Violation: 573.000000
Violation: 53.000000
Violation: 1661.000000
Violation: 657.000000
Violation: 17.000000
Violation: 410.000000
Violation: 47.000000
Violation: 577.000000
Violation: 1038.000000
Violation: 742.000000
Violation: 432.000000
Violation: 475.000000
Violation: 592.000000
Violation: 75.000000
Violation: 207.000000
Violation: 1061.000000
Violation: 551.000000
Violation: 89.000000
Violation: 1187.000000
Violation: 565.000000
Violation: 529.000000
Violation: 582.000000
Violation: 456.000000
Violation: 651.000000
Violation: 46.000000
Violation: 964.000000
Violation: 425.000000
Violation: 265.000000
Violation: 210.000000
Violation: 811.000000
Violation: 1026.000000
Violation: 663.000000
Violation: 177.000000
Violation: 742.000000
Violation: 1170.000000
Violation: 73.000000
Violation: 895.000000
Violation: 138.000000
Violation: 270.000000
Violation: 353.000000
Violation: 501.000000
Violation: 308.000000
Violation: 421.000000
Violation: 965.000000
Violation: 1182.000000
Violation: 63.000000
Violation: 877.000000
Violation: 43.000000
Violation: 408.000000
Violation: 276.000000
Violation: 871.000000
Violation: 2.000000
Violation: 750.000000
Violation: 319.000000
Violation: 574.000000
Violation: 307.000000
Violation: 572.000000
Violation: 586.000000
Violation: 287.000000
Violation: 68.000000
Violation: 316.000000
Violation: 397.000000
Violation: 334.000000
Violation: 509.000000
Violation: 357.000000
Violation: 395.000000
Violation: 143.000000
Violation: 1089.000000
Violation: 249.000000
Violation: 329.000000
Violation: 143.000000
Violation: 764.000000
Violation: 144.000000
Violation: 544.000000
Violation: 165.000000
Violation: 657.000000
Violation: 4.000000
Violation: 793.000000
Violation: 1233.000000
Violation: 702.000000
Violation: 412.000000
Violation: 814.000000
Violation: 333.000000
Violation: 1055.000000
Violation: 34.000000
Violation: 2030.000000
Violation: 353.000000
Violation: 161.000000
Violation: 1436.000000
Violation: 1295.000000
Violation: 476.000000
Violation: 150.000000
Violation: 592.000000
Violation: 1415.000000
Violation: 540.000000
Violation: 7.000000
Violation: 946.000000
Violation: 879.000000
Violation: 287.000000
Violation: 905.000000
Violation: 40.000000
Violation: 45.000000
Violation: 166.000000
Violation: 431.000000
Violation: 431.000000
Violation: 3.000000
Violation: 524.000000
Violation: 485.000000
Violation: 1095.000000
Violation: 737.000000
Violation: 36.000000
Violation: 1754.000000
Violation: 1244.000000
Violation: 147.000000
Violation: 98.000000
Violation: 1190.000000
Violation: 142.000000
Violation: 517.000000
Violation: 1075.000000
Violation: 957.000000
Violation: 356.000000
Violation: 646.000000
Violation: 55.000000
Violation: 202.000000
Violation: 850.000000
Violation: 399.000000
Violation: 380.000000
Violation: 314.000000
Violation: 636.000000
Violation: 131.000000
Violation: 1233.000000
Violation: 967.000000
Violation: 270.000000
Violation: 372.000000
Violation: 973.000000
Violation: 792.000000
Violation: 413.000000
Violation: 673.000000
Violation: 353.000000
Violation: 278.000000
Violation: 592.000000
Violation: 592.000000
Violation: 25.000000
Violation: 1364.000000
Violation: 525.000000
Violation: 513.000000
Violation: 1275.000000
Violation: 353.000000
Violation: 16.000000
Violation: 268.000000
Violation: 50.000000
Violation: 1273.000000
Violation: 372.000000
Violation: 309.000000
Violation: 379.000000
Violation: 46.000000
Violation: 55.000000
Violation: 8.000000
Violation: 409.000000
Violation: 20.000000
Violation: 493.000000
Violation: 904.000000
Violation: 344.000000
Violation: 517.000000
Violation: 169.000000
Violation: 481.000000
Violation: 755.000000
Violation: 812.000000
Violation: 430.000000
Violation: 559.000000
Violation: 340.000000
Violation: 983.000000
Violation: 436.000000
Violation: 485.000000
Violation: 219.000000
Violation: 346.000000
Violation: 86.000000
Violation: 399.000000
Violation: 798.000000
Violation: 1659.000000
Violation: 204.000000
Violation: 709.000000
Violation: 512.000000
Violation: 351.000000
Violation: 1826.000000
Violation: 702.000000
Violation: 71.000000
Violation: 797.000000
Violation: 1451.000000
Violation: 73.000000
Violation: 367.000000
Violation: 461.000000
Violation: 807.000000
Violation: 938.000000
Violation: 1770.000000
Violation: 972.000000
Violation: 1324.000000
Violation: 689.000000
Violation: 1293.000000
Violation: 278.000000
Violation: 107.000000
Violation: 459.000000
Violation: 637.000000
Violation: 51.000000
Violation: 746.000000
Violation: 459.000000
Violation: 871.000000
Violation: 639.000000
Violation: 247.000000
Violation: 422.000000
Violation: 122.000000
Violation: 495.000000
Violation: 556.000000
Violation: 316.000000
Violation: 655.000000
Violation: 252.000000
Violation: 1100.000000
Violation: 549.000000
Violation: 413.000000
Violation: 105.000000
Violation: 83.000000
Violation: 172.000000
Violation: 973.000000
Violation: 571.000000
Violation: 546.000000
Violation: 877.000000
Violation: 654.000000
Violation: 145.000000
Violation: 1445.000000
Violation: 174.000000
Violation: 655.000000
Violation: 718.000000
Violation: 1556.000000
Violation: 567.000000
Violation: 36.000000
Violation: 577.000000
Violation: 174.000000
Violation: 630.000000
Violation: 982.000000
Violation: 626.000000
Violation: 231.000000
Violation: 246.000000
Violation: 567.000000
Violation: 1273.000000
Violation: 674.000000
Violation: 147.000000
Violation: 470.000000
Violation: 789.000000
Violation: 592.000000
Violation: 664.000000
Violation: 754.000000
Violation: 42.000000
Violation: 256.000000
Violation: 421.000000
Violation: 564.000000
Violation: 192.000000
Violation: 274.000000
Violation: 592.000000
Violation: 919.000000
Violation: 413.000000
Violation: 879.000000
Violation: 320.000000
Violation: 1566.000000
Violation: 735.000000
Violation: 1155.000000
Violation: 893.000000
Violation: 299.000000
Violation: 941.000000
Violation: 380.000000
Violation: 61.000000
Violation: 672.000000
Violation: 208.000000
Violation: 1344.000000
Violation: 112.000000
Violation: 580.000000
Violation: 469.000000
Violation: 879.000000
Violation: 426.000000
Violation: 382.000000
Violation: 804.000000
Violation: 535.000000
Violation: 178.000000
Violation: 1254.000000
Violation: 43.000000
Violation: 393.000000
Violation: 672.000000
Violation: 457.000000
Violation: 352.000000
Violation: 843.000000
Violation: 627.000000
Violation: 709.000000
Violation: 129.000000
Violation: 321.000000
Violation: 212.000000
Violation: 183.000000
Violation: 83.000000
Violation: 586.000000
Violation: 104.000000
Violation: 86.000000
Violation: 80.000000
Violation: 1507.000000
Violation: 387.000000
Violation: 630.000000
Violation: 1426.000000
Violation: 937.000000
Violation: 217.000000
Violation: 263.000000
Violation: 437.000000
Violation: 538.000000
Violation: 907.000000
Violation: 697.000000
Violation: 761.000000
Violation: 137.000000
Violation: 141.000000
Violation: 171.000000
Violation: 929.000000
Violation: 1238.000000
Violation: 1279.000000
Violation: 171.000000
Violation: 751.000000
Violation: 34.000000
Violation: 685.000000
Violation: 246.000000
Violation: 262.000000
Violation: 1232.000000
Violation: 320.000000
Violation: 606.000000
Violation: 929.000000
Violation: 351.000000
Violation: 165.000000
Violation: 4.000000
Violation: 102.000000
Violation: 169.000000
Violation: 383.000000
Violation: 1035.000000
Violation: 87.000000
Violation: 523.000000
Violation: 643.000000
Violation: 706.000000
Violation: 453.000000
Violation: 342.000000
Violation: 390.000000
Violation: 1187.000000
Violation: 167.000000
Violation: 983.000000
Violation: 769.000000
Violation: 531.000000
Violation: 343.000000
Violation: 4.000000
Violation: 373.000000
Violation: 344.000000
Violation: 722.000000
Violation: 12.000000
Violation: 123.000000
Violation: 399.000000
Violation: 551.000000
Violation: 35.000000
Violation: 774.000000
Violation: 746.000000
Violation: 92.000000
Violation: 6.000000
Violation: 1086.000000
Violation: 872.000000
Violation: 513.000000
Violation: 915.000000
Violation: 26.000000
Violation: 348.000000
Violation: 339.000000
Violation: 237.000000
Violation: 1021.000000
Violation: 582.000000
Violation: 1100.000000
Violation: 570.000000
Violation: 1090.000000
Violation: 229.000000
Violation: 29.000000
Violation: 389.000000
Violation: 742.000000
Violation: 658.000000
Violation: 898.000000
Violation: 777.000000
Violation: 182.000000
Violation: 644.000000
Violation: 761.000000
Violation: 444.000000
Violation: 152.000000
Violation: 143.000000
Violation: 822.000000
Violation: 789.000000
Violation: 37.000000
Violation: 152.000000
Violation: 1269.000000
Violation: 597.000000
Violation: 935.000000
Violation: 256.000000
Violation: 646.000000
Violation: 836.000000
Violation: 698.000000
Violation: 1117.000000
Violation: 379.000000
Violation: 461.000000
Violation: 274.000000
Violation: 993.000000
Violation: 726.000000
Violation: 124.000000
Violation: 34.000000
Violation: 469.000000
Violation: 632.000000
Violation: 148.000000
Violation: 519.000000
Violation: 1377.000000
Violation: 39.000000
Violation: 1086.000000
Violation: 1318.000000
Violation: 861.000000
Violation: 144.000000
Violation: 60.000000
Violation: 397.000000
Violation: 1095.000000
Violation: 214.000000
Violation: 669.000000
Violation: 425.000000
Violation: 530.000000
Violation: 1283.000000
Violation: 1737.000000
Violation: 234.000000
Violation: 272.000000
Violation: 355.000000
Violation: 274.000000
Violation: 1046.000000
Violation: 434.000000
Violation: 890.000000
Violation: 890.000000
Violation: 340.000000
Violation: 486.000000
Violation: 971.000000
Violation: 691.000000
Violation: 388.000000
Violation: 833.000000
Violation: 897.000000
Violation: 349.000000
Violation: 750.000000
Violation: 170.000000
Violation: 894.000000
Violation: 896.000000
Violation: 798.000000
Violation: 905.000000
Violation: 1100.000000
Violation: 190.000000
Violation: 955.000000
Violation: 430.000000
Violation: 1221.000000
Violation: 639.000000
Violation: 613.000000
Violation: 366.000000
Violation: 61.000000
Violation: 582.000000
Violation: 750.000000
Violation: 512.000000
Violation: 275.000000
Violation: 906.000000
Violation: 777.000000
Violation: 261.000000
Violation: 995.000000
Violation: 628.000000
Violation: 337.000000
Violation: 531.000000
Violation: 214.000000
Violation: 1100.000000
Violation: 483.000000
Violation: 274.000000
Violation: 1080.000000
Violation: 81.000000
Violation: 762.000000
Violation: 113.000000
Violation: 627.000000
Violation: 587.000000
Violation: 740.000000
Violation: 212.000000
Violation: 747.000000
Violation: 351.000000
Violation: 147.000000
Violation: 519.000000
Violation: 459.000000
Violation: 951.000000
Violation: 592.000000
Violation: 172.000000
Violation: 888.000000
Violation: 426.000000
Violation: 1426.000000
Violation: 218.000000
Violation: 801.000000
Violation: 440.000000
Violation: 147.000000
Violation: 66.000000
Violation: 370.000000
Violation: 967.000000
Violation: 298.000000
Violation: 559.000000
Violation: 632.000000
Violation: 365.000000
Violation: 105.000000
Violation: 1036.000000
Violation: 415.000000
Violation: 1136.000000
Violation: 1108.000000
Violation: 233.000000
Violation: 848.000000
Violation: 919.000000
Violation: 1240.000000
Violation: 265.000000
Violation: 646.000000
Violation: 256.000000
Violation: 233.000000
Violation: 375.000000
Violation: 697.000000
Violation: 333.000000
Violation: 294.000000
Violation: 1328.000000
Violation: 58.000000
Violation: 489.000000
Violation: 777.000000
Violation: 1138.000000
Violation: 187.000000
Violation: 682.000000
Violation: 755.000000
Violation: 262.000000
Violation: 122.000000
Violation: 339.000000
Violation: 121.000000
Violation: 52.000000
Violation: 647.000000
Violation: 636.000000
Violation: 374.000000
Violation: 312.000000
Violation: 761.000000
Violation: 61.000000
Violation: 94.000000
Violation: 1334.000000
Violation: 825.000000
Violation: 631.000000
Violation: 600.000000
Violation: 337.000000
Violation: 1092.000000
Violation: 35.000000
Violation: 769.000000
Violation: 1810.000000
Violation: 414.000000
Violation: 388.000000
Violation: 881.000000
Violation: 1046.000000
Violation: 826.000000
Violation: 166.000000
Violation: 194.000000
Violation: 1080.000000
Violation: 461.000000
Violation: 160.000000
Violation: 1541.000000
Violation: 336.000000
Violation: 680.000000
Violation: 617.000000
Violation: 122.000000
Violation: 26.000000
Violation: 431.000000
Violation: 737.000000
Violation: 336.000000
Violation: 73.000000
Violation: 18.000000
Violation: 632.000000
Violation: 65.000000
Violation: 356.000000
Violation: 160.000000
Violation: 393.000000
Violation: 289.000000
Violation: 717.000000
Violation: 1161.000000
Violation: 288.000000
Violation: 227.000000
Violation: 556.000000
Violation: 868.000000
Violation: 214.000000
Violation: 999.000000
Violation: 135.000000
Violation: 525.000000
Violation: 7.000000
Violation: 432.000000
Violation: 343.000000
Violation: 279.000000
Violation: 864.000000
Violation: 1213.000000
Violation: 97.000000
Violation: 518.000000
Violation: 36.000000
Violation: 313.000000
Violation: 82.000000
Violation: 1285.000000
Violation: 33.000000
Violation: 5.000000
Violation: 316.000000
Violation: 1167.000000
Violation: 284.000000
Violation: 272.000000
Violation: 1686.000000
Violation: 814.000000
Violation: 131.000000
Violation: 819.000000
Violation: 161.000000
Violation: 1515.000000
Violation: 982.000000
Violation: 116.000000
Violation: 362.000000
Violation: 550.000000
Violation: 745.000000
Violation: 1607.000000
Violation: 1285.000000
Violation: 292.000000
Violation: 663.000000
Violation: 396.000000
Violation: 199.000000
Violation: 408.000000
Violation: 1267.000000
Violation: 397.000000
Violation: 771.000000
Violation: 787.000000
Violation: 737.000000
Violation: 1274.000000
Violation: 617.000000
Violation: 722.000000
Violation: 409.000000
Violation: 631.000000
Violation: 215.000000
Violation: 374.000000
Violation: 434.000000
Violation: 587.000000
Violation: 436.000000
Violation: 441.000000
Violation: 694.000000
408 16
AQUIIII!!21 23 68 20 108 36 25 86 110 27 75 32 26 85 24 111 
AQUIIII!!108 24 86 47 32 110 66 25 27 85 117 26 116 36 111 112 
AQUIIII!!111 112 116 30 0 66 31 58 118 110 81 29 117 119 28 85 
AQUIIII!!111 112 116 30 0 66 31 58 118 110 81 29 117 119 28 85 
AQUIIII!!108 110 26 111 23 112 24 36 86 32 25 75 27 116 68 85 
AQUIIII!!30 115 114 85 35 49 31 41 81 39 40 58 113 38 33 34 
AQUIIII!!116 28 86 85 119 118 36 110 108 0 66 117 81 32 112 111 
AQUIIII!!86 118 116 0 81 85 119 28 66 36 110 117 29 111 112 108 
AQUIIII!!27 112 86 108 32 36 110 24 23 116 85 111 26 25 68 75 
AQUIIII!!113 114 30 0 49 33 41 58 38 39 85 40 28 31 29 81 
AQUIIII!!113 114 29 31 58 30 38 81 41 39 28 40 33 85 49 115 
AQUIIII!!108 110 26 111 23 112 24 36 86 32 25 75 27 116 68 85 
AQUIIII!!108 110 26 111 23 112 24 36 86 32 25 75 27 116 68 85 
AQUIIII!!108 110 26 111 23 112 24 36 86 32 25 75 27 116 68 85 
AQUIIII!!115 33 114 40 81 49 39 38 30 85 31 58 41 29 34 113 
AQUIIII!!28 112 31 117 29 30 58 116 81 0 85 110 118 119 66 111 
AQUIIII!!111 112 116 30 0 66 31 58 118 110 81 29 117 119 28 85 
Number of Cuts in the second phase:321
Number of repeat: 294 
Violation: 380.000000
Violation: 504.000000
Violation: 196.000000
Violation: 101.000000
Violation: 702.000000
Violation: 35.000000
Violation: 145.000000
Violation: 894.000000
Violation: 427.000000
Violation: 901.000000
Violation: 1006.000000
Violation: 867.000000
Violation: 548.000000
Violation: 1796.000000
Violation: 615.000000
Violation: 350.000000
Violation: 540.000000
Violation: 1094.000000
Violation: 709.000000
Violation: 1040.000000
Violation: 222.000000
Violation: 1269.000000
Violation: 490.000000
Violation: 885.000000
Violation: 824.000000
Violation: 420.000000
Violation: 314.000000
took 8.952713

Warning: excessive time spent in model updates.
Consider calling update less frequently.

Optimize a model with 2083 rows, 5432 columns and 71091 nonzeros
Coefficient statistics:
  Matrix range     [1e+00, 1e+02]
  Objective range  [0e+00, 0e+00]
  Bounds range     [1e+00, 1e+02]
  RHS range        [1e+00, 6e+01]

Concurrent LP optimizer: dual simplex and barrier
Showing barrier log only...

Presolve removed 425 rows and 256 columns
Presolve time: 0.02s
Presolved: 1658 rows, 5176 columns, 60348 nonzeros

Ordering time: 0.00s

Barrier statistics:
 Dense cols : 53
 AA' NZ     : 4.102e+04
 Factor NZ  : 1.293e+05 (roughly 4 MBytes of memory)
 Factor Ops : 2.317e+07 (less than 1 second per iteration)
 Threads    : 3

                  Objective                Residual
Iter       Primal          Dual         Primal    Dual     Compl     Time
   0   0.00000000e+00 -5.86781250e+01  2.80e+03 0.00e+00  1.02e+00     0s
   1   0.00000000e+00 -1.43992409e+02  6.54e+02 1.39e-02  2.48e-01     0s
   2   0.00000000e+00 -1.31942766e+02  2.77e+02 5.18e-04  9.38e-02     0s
   3   0.00000000e+00 -8.77732930e+01  2.19e+01 7.22e-05  1.35e-02     0s
   4   0.00000000e+00 -4.63878877e+01  6.62e+00 1.47e-05  5.32e-03     0s
   5   0.00000000e+00 -3.04167872e+01  2.41e+00 6.26e-06  2.97e-03     0s
   6   0.00000000e+00 -3.39752361e+00  1.73e-03 9.97e-18  2.91e-04     0s
   7   0.00000000e+00 -3.42913239e-03  3.56e-12 2.51e-17  2.91e-07     0s
   8   0.00000000e+00 -3.42913239e-06  1.37e-12 1.72e-20  2.91e-10     0s
   9   0.00000000e+00 -3.42913274e-12  3.09e-12 1.24e-23  2.91e-16     0s

Barrier solved model in 9 iterations and 0.08 seconds
Optimal objective 0.00000000e+00

Crossover log...

    5006 PPushes remaining with PInf 0.0000000e+00                 0s
       0 PPushes remaining with PInf 0.0000000e+00                 0s

  Push phase complete: Pinf 0.0000000e+00, Dinf 0.0000000e+00      0s

Iteration    Objective       Primal Inf.    Dual Inf.      Time
    5009    0.0000000e+00   0.000000e+00   0.000000e+00      0s
    5009    0.0000000e+00   0.000000e+00   0.000000e+00      0s

Solved with barrier
Solved in 5009 iterations and 0.14 seconds
Optimal objective  0.000000000e+00
