j3017_4.mm_s0.txt
Academic license - for non-commercial use only
Read LP format model from file lp/j3017_4.mm.lp
Reading time = 0.01 seconds
: 351 rows, 906 columns, 9053 nonzeros
OKGPU
nThreads: 1024 , nBlocks: 12 
Number cuts generated in the phase 1: 13
Number of repeat: 0 
violation 714.000000
violation 695.000000
violation 185.000000
violation 585.000000
violation 236.000000
violation 674.000000
violation 674.000000
violation 782.000000
violation 423.000000
violation 27.000000
violation 198.000000
violation 402.000000
violation 750.000000
8592 16
17 8 37 17 51 26 
31 36 34 54 18 10 3 
54 3 23 16 
AQUIIII!!6 26 51 AQUIIII!!43 AQUIIII!!41 49 6 16 49 23 6 43 37 34 51 6 7 26 36 16 54 34 36 8 10 26 
8 50 49 31 9 AQUIIII!!17 17 20 23 3 54 51 3 5 19 49 48 22 
33 6 7 22 4 36 34 49 7 7 33 48 16 41 AQUIIII!!18 54 43 43 19 48 6 36 23 
AQUIIII!!10 26 8 52 54 23 51 54 44 50 18 31 
26 18 26 3 3 20 44 3 44 23 52 41 23 33 48 34 54 54 6 
54 33 
50 
36 7 23 31 AQUIIII!!19 16 54 51 43 51 22 AQUIIII!!17 16 36 48 49 3 54 8 10 51 36 20 49 51 17 
31 9 43 26 10 54 17 AQUIIII!!
49 6 36 54 31 16 18 48 7 50 26 43 34 33 8 23 23 9 36 3 23 19 34 6 8 

44 6 7 41 3 20 22 52 
AQUIIII!!54 3 9 33 5 26 43 23 10 49 36 51 31 17 48 16 
AQUIIII!!AQUIIII!!48 54 54 49 51 49 48 31 33 AQUIIII!!26 10 54 17 36 51 6 26 36 16 5 16 3 3 7 36 9 43 17 17 8 43 51 23 10 31 3 49 16 34 31 
23 48 43 26 
33 9 23 6 
AQUIIII!!48 54 51 49 31 26 AQUIIII!!17 54 6 49 36 48 16 33 7 10 43 8 36 26 23 5 3 34 3 
9 17 51 31 16 23 43 AQUIIII!!
36 7 52 8 3 44 20 6 23 22 34 50 19 18 41 54 
AQUIIII!!43 5 23 48 16 37 49 4 10 33 26 17 36 9 51 54 
AQUIIII!!17 7 51 33 10 6 43 3 36 48 49 16 26 31 23 54 
AQUIIII!!26 16 23 17 48 3 6 49 10 31 AQUIIII!!7 43 17 23 36 51 31 33 34 54 AQUIIII!!18 
29 54 51 16 AQUIIII!!51 7 31 3 3 48 10 10 6 26 49 31 26 43 33 33 49 9 17 3 23 51 36 48 5 17 8 16 36 23 54 43 26 
49 36 5 9 
48 54 
AQUIIII!!31 48 10 3 49 AQUIIII!!36 33 17 17 26 23 43 AQUIIII!!10 33 43 5 16 33 36 51 49 16 6 23 AQUIIII!!26 9 16 43 51 AQUIIII!!23 16 3 9 48 54 10 10 
26 37 49 51 51 9 6 17 48 49 51 36 33 4 26 9 6 43 43 31 31 54 23 48 36 
3 26 10 36 6 16 AQUIIII!!33 23 54 8 
9 49 3 48 37 17 17 18 3 31 19 54 36 54 

51 49 7 AQUIIII!!33 22 6 34 23 50 44 34 58 29 18 20 19 54 11 
41 36 38 8 57 20 53 52 
AQUIIII!!54 8 3 26 49 AQUIIII!!7 34 18 AQUIIII!!48 6 35 31 3 51 47 17 36 2 17 51 29 5 31 6 AQUIIII!!34 34 AQUIIII!!16 51 23 27 33 26 
49 33 23 49 26 9 36 36 10 56 7 8 6 AQUIIII!!4 48 48 33 17 55 3 AQUIIII!!23 8 48 23 31 19 29 9 23 43 36 37 29 8 6 3 49 1 18 18 49 36 54 51 3 21 19 49 7 43 
AQUIIII!!59 34 34 23 18 8 
7 7 51 33 20 6 23 AQUIIII!!37 54 31 8 29 29 
36 16 19 51 51 20 54 7 34 6 18 23 
33 54 31 23 37 
48 6 3 33 49 36 34 34 20 AQUIIII!!49 18 10 37 AQUIIII!!3 49 3 54 19 31 33 19 
6 6 48 36 7 17 7 23 54 29 43 3 
8 51 23 51 48 49 16 33 AQUIIII!!16 43 7 26 54 33 36 26 8 
33 AQUIIII!!31 19 6 54 36 51 51 7 18 18 17 54 52 20 3 
36 34 10 19 3 54 36 
20 49 23 23 41 6 6 37 AQUIIII!!29 3 AQUIIII!!54 54 7 51 36 
50 33 49 37 22 43 16 44 10 26 34 16 8 4 AQUIIII!!33 49 
54 31 5 33 23 10 AQUIIII!!51 17 43 54 17 9 49 8 3 23 4 44 48 48 16 6 6 36 26 22 23 AQUIIII!!17 7 23 51 54 54 
43 7 AQUIIII!!3 
26 36 54 31 36 23 18 5 41 48 48 41 9 19 5 20 18 16 9 34 49 44 37 52 3 10 10 50 6 36 
3 20 26 8 19 51 7 
23 51 43 36 17 22 33 50 
34 
AQUIIII!!48 54 6 36 23 31 49 26 29 34 3 18 7 8 51 17 
AQUIIII!!53 7 52 36 8 3 50 20 44 22 19 6 23 41 18 34 
AQUIIII!!48 17 37 43 23 5 33 26 49 4 10 16 51 9 36 54 
AQUIIII!!6 51 36 37 AQUIIII!!29 54 18 6 23 AQUIIII!!3 51 29 34 17 23 49 19 49 8 26 37 7 36 8 20 48 36 49 9 34 33 33 19 54 16 7 
43 51 37 3 23 33 4 20 5 18 10 AQUIIII!!
54 16 
31 6 9 33 48 17 49 51 36 3 10 26 23 43 54 
AQUIIII!!20 3 6 23 29 33 34 49 18 8 19 7 37 AQUIIII!!36 8 54 23 51 18 
36 48 7 17 31 26 34 29 49 3 AQUIIII!!6 21 59 54 55 25 51 47 
5 15 4 34 27 37 1 38 56 33 2 
AQUIIII!!6 18 51 3 36 19 49 37 20 29 34 23 7 33 8 54 
AQUIIII!!33 48 6 7 23 51 3 43 31 10 17 16 36 AQUIIII!!49 AQUIIII!!34 26 18 54 18 
6 3 8 17 3 6 51 36 41 44 31 19 34 23 26 36 51 22 8 20 50 23 7 29 54 49 
7 48 54 
AQUIIII!!54 36 10 4 16 AQUIIII!!49 AQUIIII!!33 54 48 10 51 7 9 23 AQUIIII!!31 17 48 23 26 43 8 51 17 18 18 43 37 48 34 5 19 49 26 36 29 3 9 23 8 
33 16 7 34 31 6 20 51 36 AQUIIII!!49 33 6 
48 3 33 3 29 36 23 6 26 49 37 33 54 3 9 
19 43 54 51 51 49 
16 AQUIIII!!6 43 17 6 51 31 33 23 17 36 16 10 AQUIIII!!48 54 AQUIIII!!9 36 
27 49 9 AQUIIII!!AQUIIII!!33 33 43 10 43 19 8 2 31 49 AQUIIII!!23 34 15 36 49 23 3 6 37 4 17 26 48 23 51 8 14 23 31 3 44 36 3 38 48 3 8 16 23 7 37 51 54 19 AQUIIII!!16 18 10 34 26 
6 36 49 26 34 1 17 20 6 6 29 55 54 31 8 50 7 
56 36 34 33 34 54 47 20 51 
22 25 18 3 59 7 23 6 21 44 18 
20 7 36 41 54 22 51 
19 41 52 50 54 3 
54 
AQUIIII!!54 48 23 31 17 AQUIIII!!43 6 3 29 18 26 31 8 48 34 34 49 49 AQUIIII!!7 51 54 3 36 49 23 7 17 51 16 8 36 6 19 18 36 
34 33 6 54 23 
31 8 AQUIIII!!26 AQUIIII!!43 7 54 10 51 3 49 3 51 33 48 48 29 36 6 36 
26 17 51 49 23 31 9 43 3 16 48 7 31 23 16 33 5 10 17 26 
54 
AQUIIII!!AQUIIII!!54 48 54 41 23 31 7 8 17 43 18 22 3 26 50 34 8 51 34 AQUIIII!!36 49 54 3 51 49 19 36 17 6 7 36 23 16 18 20 6 34 44 
6 
23 31 8 26 7 51 3 48 29 
AQUIIII!!54 51 9 26 4 10 43 23 37 49 48 17 16 36 5 33 AQUIIII!!
43 48 10 23 36 49 33 17 9 26 16 51 6 3 31 54 
AQUIIII!!43 49 51 10 17 5 4 33 23 36 9 16 37 48 26 54 
AQUIIII!!6 23 49 33 18 19 AQUIIII!!7 34 20 18 51 3 8 31 37 49 36 23 29 AQUIIII!!29 34 54 36 3 6 51 54 23 26 7 
7 51 48 43 17 3 6 36 8 34 54 48 
8 31 26 17 16 49 
AQUIIII!!54 51 49 17 36 26 AQUIIII!!9 43 37 16 43 48 10 16 5 23 31 33 49 48 51 5 3 4 36 
9 33 10 26 17 23 54 
AQUIIII!!17 48 43 23 8 26 34 31 36 51 49 16 7 6 3 54 
AQUIIII!!54 51 49 17 36 26 9 37 43 10 16 23 33 48 5 4 
AQUIIII!!54 51 49 17 36 26 9 37 43 10 16 23 33 48 5 4 
AQUIIII!!34 36 19 52 41 7 44 50 3 8 18 6 20 22 23 54 
AQUIIII!!54 34 6 36 3 48 49 23 19 18 31 8 33 51 7 29 
AQUIIII!!34 50 8 3 19 6 7 41 23 36 22 44 AQUIIII!!18 44 20 50 53 41 52 8 
20 AQUIIII!!22 18 6 8 36 34 34 19 51 23 AQUIIII!!23 31 AQUIIII!!6 19 51 49 29 7 49 8 3 18 29 6 18 34 3 16 54 3 6 51 36 
36 AQUIIII!!26 48 33 33 7 48 7 43 19 17 54 3 51 7 48 17 AQUIIII!!49 3 
AQUIIII!!10 8 26 43 54 36 31 48 31 AQUIIII!!6 23 9 8 3 36 31 53 33 16 49 52 34 51 20 54 51 51 23 16 22 AQUIIII!!
36 54 48 23 23 23 41 
34 23 33 33 31 44 31 49 10 7 49 50 5 48 6 43 57 6 6 17 43 26 19 3 7 36 18 31 26 23 26 10 AQUIIII!!AQUIIII!!
54 49 51 16 36 17 17 9 
43 6 48 9 43 51 43 3 36 16 36 8 51 
16 49 9 54 10 6 33 
33 49 17 54 3 3 
31 48 26 34 16 23 10 26 17 48 31 36 23 7 54 54 

AQUIIII!!54 41 8 44 50 51 AQUIIII!!20 54 19 7 34 8 18 6 6 19 36 44 22 23 3 41 AQUIIII!!7 3 21 23 20 59 22 
27 36 14 AQUIIII!!50 1 18 59 13 51 33 21 34 56 56 
25 47 47 4 34 33 38 15 27 37 55 34 37 2 38 
14 1 25 2 15 55 
AQUIIII!!51 54 23 31 17 7 6 8 26 48 29 49 18 34 3 36 
AQUIIII!!51 54 7 17 23 8 AQUIIII!!31 10 AQUIIII!!48 36 26 3 6 51 34 17 9 9 36 31 31 29 49 23 17 49 43 18 36 49 16 6 33 43 26 AQUIIII!!3 33 
20 26 10 6 16 58 52 48 23 54 51 0 48 54 57 
3 12 
33 34 53 11 22 13 32 36 50 38 
AQUIIII!!7 52 53 57 36 20 34 58 19 22 18 23 8 44 41 50 
AQUIIII!!3 7 19 22 50 AQUIIII!!52 34 6 8 16 36 26 41 49 23 23 44 18 51 20 7 6 36 54 17 
43 31 48 8 34 3 54 
AQUIIII!!54 37 43 5 48 16 10 33 23 17 49 9 51 36 4 26 
AQUIIII!!54 17 36 48 51 26 8 3 34 7 23 31 6 49 29 18 
AQUIIII!!31 7 36 18 3 6 17 8 48 51 34 23 26 29 54 49 
AQUIIII!!48 8 17 31 AQUIIII!!29 54 36 44 49 50 23 18 3 3 19 26 22 34 34 7 20 6 6 51 18 54 7 
8 41 52 23 AQUIIII!!36 54 
8 6 36 19 33 23 7 34 49 20 3 37 18 51 29 
AQUIIII!!54 51 26 43 5 23 17 3 10 16 48 36 31 9 33 49 
AQUIIII!!10 51 26 3 17 49 7 48 31 23 43 33 6 16 36 54 
AQUIIII!!54 7 19 18 23 36 3 8 AQUIIII!!34 54 29 44 33 7 49 34 6 6 48 36 31 19 51 20 
8 52 23 41 22 18 3 50 AQUIIII!!
43 AQUIIII!!4 54 10 51 17 26 37 43 5 5 33 23 48 17 3 51 36 10 23 16 26 48 9 36 49 31 16 9 54 33 
49 
AQUIIII!!54 26 36 48 5 33 43 17 10 51 9 4 23 49 37 16 
AQUIIII!!17 31 48 36 26 51 8 3 34 16 23 43 7 6 49 54 
AQUIIII!!7 44 18 19 6 8 34 22 52 41 3 23 36 50 20 54 
AQUIIII!!54 22 34 41 36 20 44 18 3 6 23 51 8 19 50 7 
AQUIIII!!54 31 51 23 29 3 49 6 19 36 34 48 7 18 8 33 
AQUIIII!!54 23 36 49 43 16 26 34 6 8 48 17 31 3 51 7 
AQUIIII!!54 51 9 26 4 10 43 23 37 49 48 17 16 36 5 33 
AQUIIII!!51 54 36 48 49 3 23 17 10 43 9 31 5 26 33 16 
AQUIIII!!50 36 19 23 44 41 3 18 34 22 6 7 20 8 53 52 
AQUIIII!!50 36 19 23 44 41 3 18 34 22 6 7 20 8 53 52 
AQUIIII!!0 36 38 33 50 12 11 AQUIIII!!53 29 57 7 AQUIIII!!19 33 3 34 51 44 6 8 32 49 52 6 36 58 18 36 20 20 
8 49 19 48 23 34 37 34 18 3 29 54 7 
23 AQUIIII!!51 17 17 34 26 43 31 49 54 26 
31 8 16 51 23 7 36 6 3 54 48 
AQUIIII!!38 1 27 47 37 55 34 25 5 56 4 15 2 33 59 21 
AQUIIII!!54 23 33 48 49 51 17 31 36 26 9 43 6 AQUIIII!!16 54 10 26 3 33 
17 10 43 51 23 31 49 48 16 36 7 6 3 
AQUIIII!!AQUIIII!!3 52 49 53 48 8 36 7 54 58 33 22 43 57 51 44 16 41 10 AQUIIII!!50 23 20 9 54 18 6 29 31 34 37 23 26 17 19 49 36 
36 
33 18 7 51 8 3 20 19 34 23 6 
AQUIIII!!8 7 20 6 44 23 34 22 51 36 18 41 19 3 50 54 
AQUIIII!!54 48 31 51 3 17 23 26 16 6 36 34 8 AQUIIII!!43 54 7 3 49 49 
8 34 31 26 17 36 16 43 7 AQUIIII!!48 21 6 59 51 27 AQUIIII!!23 38 54 
1 33 25 43 37 36 15 49 33 23 55 16 47 4 14 37 4 26 56 5 2 51 AQUIIII!!34 9 59 
48 AQUIIII!!21 10 54 4 17 18 
2 49 5 37 25 8 47 7 37 51 33 19 55 29 AQUIIII!!27 33 51 1 6 54 38 23 8 34 20 3 56 3 7 15 36 33 
34 18 
36 6 29 31 48 23 34 49 19 AQUIIII!!
54 48 31 51 3 17 23 26 16 6 36 34 8 43 7 49 
AQUIIII!!23 34 3 8 31 16 49 17 36 43 6 48 26 7 54 51 
AQUIIII!!54 6 18 34 29 31 19 23 51 3 49 33 48 8 36 7 
AQUIIII!!54 20 19 8 3 51 49 7 18 33 34 23 6 36 29 37 
AQUIIII!!8 54 48 51 49 3 29 31 6 33 18 19 23 36 34 7 
AQUIIII!!54 6 19 7 48 8 34 23 29 36 49 18 33 3 51 31 
AQUIIII!!54 3 49 33 16 48 26 36 9 10 31 51 23 43 AQUIIII!!5 18 17 19 
34 53 50 36 0 22 44 11 38 57 33 58 52 20 
AQUIIII!!54 48 51 17 16 33 10 26 49 31 43 9 36 23 6 3 
AQUIIII!!54 48 51 17 16 33 10 26 49 31 43 9 36 23 6 3 
AQUIIII!!53 8 52 23 36 18 57 44 41 50 20 7 19 58 22 34 
AQUIIII!!48 49 54 51 17 26 3 31 18 29 23 36 7 34 8 6 
AQUIIII!!54 48 51 17 16 33 10 26 49 31 43 9 36 23 6 3 
AQUIIII!!48 49 54 51 17 26 3 31 18 29 23 36 7 34 8 6 
AQUIIII!!48 54 36 34 16 8 51 23 17 49 7 31 43 26 3 6 
AQUIIII!!21 59 15 14 34 33 38 47 45 55 0 13 37 12 56 25 
AQUIIII!!54 3 20 23 37 8 33 29 19 34 18 7 36 49 51 6 
AQUIIII!!47 0 37 21 55 15 33 56 59 45 34 13 38 14 12 25 
AQUIIII!!54 31 29 23 3 51 7 6 49 8 18 36 48 34 33 AQUIIII!!19 
3 49 48 36 54 33 AQUIIII!!43 26 51 48 23 16 51 10 16 23 43 9 49 36 6 6 31 7 26 3 17 33 31 
10 17 54 
AQUIIII!!54 6 48 10 17 16 43 3 26 51 31 33 23 49 7 36 
AQUIIII!!49 54 26 3 43 23 31 17 48 51 16 6 8 36 7 34 
AQUIIII!!48 54 18 17 34 51 49 26 31 7 6 29 36 8 3 23 
AQUIIII!!53 52 7 19 8 20 41 23 34 36 3 22 44 50 18 6 
AQUIIII!!54 8 33 6 34 36 18 51 49 19 31 3 7 48 29 23 
AQUIIII!!54 43 48 23 7 49 10 33 16 36 26 31 6 17 51 3 
AQUIIII!!21 59 AQUIIII!!15 51 2 54 27 29 34 47 4 31 36 37 3 38 19 5 23 55 7 33 33 34 8 56 48 25 18 1 49 
6 
AQUIIII!!54 19 3 22 51 20 44 6 8 34 7 50 41 18 23 36 
AQUIIII!!54 7 41 19 20 50 18 22 52 3 44 23 8 6 34 36 
AQUIIII!!36 51 17 31 9 49 33 16 5 AQUIIII!!48 54 10 8 26 51 49 43 26 3 48 23 6 54 3 
17 43 34 36 31 23 7 16 
AQUIIII!!54 7 49 16 26 23 33 17 6 3 48 31 51 43 10 36 
AQUIIII!!6 8 54 7 23 31 51 36 19 3 18 48 49 29 33 34 
AQUIIII!!54 49 5 36 51 16 33 10 26 17 AQUIIII!!9 54 37 36 43 3 23 7 4 48 37 
8 19 23 20 34 6 33 18 51 29 49 
AQUIIII!!54 5 36 9 43 48 10 4 16 33 17 26 49 51 37 23 
AQUIIII!!48 54 17 9 33 26 5 16 23 37 10 49 36 43 51 4 
AQUIIII!!AQUIIII!!54 54 31 16 26 4 49 43 43 23 51 51 7 26 17 17 3 33 6 10 8 5 34 16 36 49 23 48 37 36 9 
48 
AQUIIII!!21 59 47 34 27 25 2 55 4 14 37 56 1 38 15 33 
AQUIIII!!3 6 48 7 8 49 23 29 AQUIIII!!18 54 51 49 5 34 36 51 19 16 33 33 10 26 36 17 9 31 37 54 43 23 
4 48 
AQUIIII!!54 34 8 31 23 49 6 36 29 26 17 3 51 48 18 7 
AQUIIII!!54 16 9 17 3 26 48 43 10 31 33 49 23 36 6 51 
AQUIIII!!54 31 34 7 48 29 23 19 18 49 33 36 3 8 6 51 
AQUIIII!!48 54 23 31 17 3 33 16 6 43 9 10 36 26 51 49 
AQUIIII!!8 53 52 20 22 36 41 34 44 7 50 57 6 19 18 23 
AQUIIII!!54 33 6 8 18 3 34 7 51 19 37 49 36 29 20 23 
AQUIIII!!54 3 29 6 23 34 36 49 8 19 51 7 37 33 18 20 
AQUIIII!!54 7 36 3 8 34 23 18 52 20 6 50 41 44 22 19 
AQUIIII!!54 36 19 41 8 50 34 22 44 20 6 18 52 23 7 3 
AQUIIII!!3 48 49 16 54 9 36 10 31 26 33 23 17 51 43 6 
AQUIIII!!54 34 31 33 23 19 51 36 18 29 8 6 49 3 7 48 
AQUIIII!!54 3 33 17 48 51 49 36 43 10 26 16 31 7 23 6 
AQUIIII!!54 48 49 17 16 51 36 3 9 33 23 26 10 31 5 43 
AQUIIII!!54 48 49 17 16 51 36 3 9 33 23 26 10 31 5 43 
AQUIIII!!54 48 49 17 16 51 36 3 9 33 23 26 10 31 5 43 
AQUIIII!!54 3 51 26 36 9 16 49 48 6 33 23 10 17 31 43 
AQUIIII!!52 54 20 50 6 18 34 41 23 3 7 44 19 22 36 8 
AQUIIII!!54 10 33 17 49 43 51 3 23 7 6 16 26 36 31 48 
AQUIIII!!1 49 48 2 9 37 4 5 10 17 23 33 27 26 43 16 
AQUIIII!!51 54 48 16 31 17 33 3 10 43 7 23 26 6 36 49 
AQUIIII!!51 54 48 16 31 17 33 3 10 43 7 23 26 6 36 49 
AQUIIII!!26 49 8 18 17 31 29 34 7 23 3 6 48 36 54 51 
Number of Cuts in the second phase:6331
Number of repeat: 5865 
Violation: 269.000000
Violation: 247.000000
Violation: 103.000000
Violation: 641.000000
Violation: 641.000000
Violation: 585.000000
Violation: 348.000000
Violation: 646.000000
Violation: 958.000000
Violation: 293.000000
Violation: 92.000000
Violation: 293.000000
Violation: 194.000000
Violation: 369.000000
Violation: 76.000000
Violation: 470.000000
Violation: 500.000000
Violation: 348.000000
Violation: 178.000000
Violation: 667.000000
Violation: 510.000000
Violation: 674.000000
Violation: 293.000000
Violation: 428.000000
Violation: 278.000000
Violation: 93.000000
Violation: 570.000000
Violation: 390.000000
Violation: 176.000000
Violation: 293.000000
Violation: 606.000000
Violation: 399.000000
Violation: 492.000000
Violation: 500.000000
Violation: 673.000000
Violation: 168.000000
Violation: 531.000000
Violation: 1176.000000
Violation: 104.000000
Violation: 528.000000
Violation: 657.000000
Violation: 1.000000
Violation: 1668.000000
Violation: 154.000000
Violation: 296.000000
Violation: 385.000000
Violation: 428.000000
Violation: 878.000000
Violation: 388.000000
Violation: 92.000000
Violation: 92.000000
Violation: 1575.000000
Violation: 586.000000
Violation: 1505.000000
Violation: 695.000000
Violation: 733.000000
Violation: 571.000000
Violation: 157.000000
Violation: 265.000000
Violation: 602.000000
Violation: 5.000000
Violation: 608.000000
Violation: 586.000000
Violation: 145.000000
Violation: 1282.000000
Violation: 1250.000000
Violation: 348.000000
Violation: 570.000000
Violation: 65.000000
Violation: 216.000000
Violation: 625.000000
Violation: 269.000000
Violation: 346.000000
Violation: 196.000000
Violation: 646.000000
Violation: 185.000000
Violation: 672.000000
Violation: 208.000000
Violation: 804.000000
Violation: 582.000000
Violation: 296.000000
Violation: 1097.000000
Violation: 233.000000
Violation: 1076.000000
Violation: 550.000000
Violation: 142.000000
Violation: 360.000000
Violation: 1667.000000
Violation: 551.000000
Violation: 440.000000
Violation: 45.000000
Violation: 402.000000
Violation: 74.000000
Violation: 93.000000
Violation: 1268.000000
Violation: 93.000000
Violation: 94.000000
Violation: 303.000000
Violation: 386.000000
Violation: 573.000000
Violation: 406.000000
Violation: 520.000000
Violation: 212.000000
Violation: 890.000000
Violation: 92.000000
Violation: 610.000000
Violation: 491.000000
Violation: 573.000000
Violation: 348.000000
Violation: 984.000000
Violation: 176.000000
Violation: 103.000000
Violation: 1084.000000
Violation: 571.000000
Violation: 472.000000
Violation: 399.000000
Violation: 866.000000
Violation: 63.000000
Violation: 291.000000
Violation: 281.000000
Violation: 184.000000
Violation: 315.000000
Violation: 13.000000
Violation: 674.000000
Violation: 1760.000000
Violation: 278.000000
Violation: 460.000000
Violation: 250.000000
Violation: 573.000000
Violation: 573.000000
Violation: 686.000000
Violation: 543.000000
Violation: 1315.000000
Violation: 222.000000
Violation: 571.000000
Violation: 199.000000
Violation: 400.000000
Violation: 673.000000
Violation: 702.000000
Violation: 816.000000
Violation: 185.000000
Violation: 189.000000
Violation: 570.000000
Violation: 572.000000
Violation: 783.000000
Violation: 619.000000
Violation: 696.000000
Violation: 934.000000
Violation: 1000.000000
Violation: 55.000000
Violation: 112.000000
Violation: 698.000000
Violation: 336.000000
Violation: 212.000000
Violation: 315.000000
Violation: 124.000000
Violation: 121.000000
Violation: 674.000000
Violation: 934.000000
Violation: 260.000000
Violation: 630.000000
Violation: 468.000000
Violation: 728.000000
Violation: 373.000000
Violation: 570.000000
Violation: 567.000000
Violation: 459.000000
Violation: 674.000000
Violation: 434.000000
Violation: 654.000000
Violation: 249.000000
Violation: 678.000000
Violation: 540.000000
Violation: 798.000000
Violation: 308.000000
Violation: 871.000000
Violation: 482.000000
Violation: 391.000000
Violation: 412.000000
Violation: 798.000000
Violation: 770.000000
Violation: 642.000000
Violation: 142.000000
Violation: 584.000000
Violation: 416.000000
Violation: 268.000000
Violation: 407.000000
Violation: 680.000000
Violation: 115.000000
Violation: 584.000000
Violation: 491.000000
Violation: 733.000000
Violation: 359.000000
Violation: 574.000000
Violation: 298.000000
Violation: 249.000000
Violation: 252.000000
Violation: 419.000000
Violation: 1022.000000
Violation: 904.000000
Violation: 570.000000
Violation: 1064.000000
Violation: 595.000000
Violation: 313.000000
Violation: 247.000000
Violation: 362.000000
Violation: 104.000000
Violation: 641.000000
Violation: 1269.000000
Violation: 104.000000
Violation: 563.000000
Violation: 550.000000
Violation: 194.000000
Violation: 103.000000
Violation: 571.000000
Violation: 788.000000
Violation: 130.000000
Violation: 856.000000
Violation: 2.000000
Violation: 1284.000000
Violation: 499.000000
Violation: 92.000000
Violation: 782.000000
Violation: 127.000000
Violation: 577.000000
Violation: 315.000000
Violation: 103.000000
Violation: 682.000000
Violation: 399.000000
Violation: 251.000000
Violation: 252.000000
Violation: 780.000000
Violation: 939.000000
Violation: 278.000000
Violation: 271.000000
Violation: 416.000000
Violation: 149.000000
Violation: 268.000000
Violation: 586.000000
Violation: 1316.000000
Violation: 750.000000
Violation: 390.000000
Violation: 1268.000000
Violation: 1115.000000
Violation: 1252.000000
Violation: 472.000000
Violation: 624.000000
Violation: 273.000000
Violation: 269.000000
Violation: 584.000000
Violation: 487.000000
Violation: 345.000000
Violation: 88.000000
Violation: 304.000000
Violation: 452.000000
Violation: 470.000000
Violation: 153.000000
Violation: 281.000000
Violation: 692.000000
Violation: 8.000000
Violation: 91.000000
Violation: 76.000000
Violation: 848.000000
Violation: 986.000000
Violation: 88.000000
Violation: 315.000000
Violation: 1315.000000
Violation: 369.000000
Violation: 361.000000
Violation: 304.000000
Violation: 663.000000
Violation: 249.000000
Violation: 397.000000
Violation: 509.000000
Violation: 610.000000
Violation: 195.000000
Violation: 1.000000
Violation: 124.000000
Violation: 85.000000
Violation: 198.000000
Violation: 438.000000
Violation: 3.000000
Violation: 298.000000
Violation: 509.000000
Violation: 653.000000
Violation: 461.000000
Violation: 866.000000
Violation: 608.000000
Violation: 138.000000
Violation: 480.000000
Violation: 384.000000
Violation: 989.000000
Violation: 193.000000
Violation: 199.000000
Violation: 283.000000
Violation: 608.000000
Violation: 296.000000
Violation: 302.000000
Violation: 395.000000
Violation: 954.000000
Violation: 750.000000
Violation: 104.000000
Violation: 606.000000
Violation: 695.000000
Violation: 158.000000
Violation: 369.000000
Violation: 934.000000
Violation: 782.000000
Violation: 429.000000
Violation: 1144.000000
Violation: 358.000000
Violation: 540.000000
Violation: 677.000000
Violation: 453.000000
Violation: 272.000000
Violation: 389.000000
Violation: 178.000000
Violation: 390.000000
Violation: 488.000000
Violation: 952.000000
Violation: 1050.000000
Violation: 220.000000
Violation: 575.000000
Violation: 1022.000000
Violation: 394.000000
Violation: 292.000000
Violation: 701.000000
Violation: 19.000000
Violation: 661.000000
Violation: 219.000000
Violation: 798.000000
Violation: 572.000000
Violation: 355.000000
Violation: 783.000000
Violation: 369.000000
Violation: 608.000000
Violation: 89.000000
Violation: 327.000000
Violation: 574.000000
Violation: 32.000000
Violation: 696.000000
Violation: 491.000000
Violation: 635.000000
Violation: 304.000000
Violation: 562.000000
Violation: 641.000000
Violation: 197.000000
Violation: 55.000000
Violation: 456.000000
Violation: 1091.000000
Violation: 608.000000
Violation: 773.000000
Violation: 405.000000
Violation: 395.000000
Violation: 424.000000
Violation: 70.000000
Violation: 308.000000
Violation: 783.000000
Violation: 163.000000
Violation: 398.000000
Violation: 127.000000
Violation: 840.000000
Violation: 268.000000
Violation: 315.000000
Violation: 321.000000
Violation: 641.000000
Violation: 359.000000
Violation: 449.000000
Violation: 702.000000
Violation: 464.000000
Violation: 132.000000
Violation: 528.000000
Violation: 297.000000
Violation: 854.000000
Violation: 130.000000
Violation: 320.000000
Violation: 397.000000
Violation: 954.000000
Violation: 1361.000000
Violation: 451.000000
Violation: 378.000000
Violation: 250.000000
Violation: 407.000000
Violation: 225.000000
Violation: 152.000000
Violation: 750.000000
Violation: 424.000000
Violation: 417.000000
Violation: 280.000000
Violation: 1480.000000
Violation: 686.000000
Violation: 608.000000
Violation: 142.000000
Violation: 625.000000
Violation: 27.000000
Violation: 344.000000
Violation: 385.000000
Violation: 449.000000
Violation: 106.000000
Violation: 449.000000
Violation: 390.000000
Violation: 552.000000
Violation: 1315.000000
Violation: 459.000000
Violation: 157.000000
Violation: 356.000000
Violation: 568.000000
Violation: 370.000000
Violation: 419.000000
Violation: 66.000000
Violation: 676.000000
Violation: 28.000000
Violation: 696.000000
Violation: 305.000000
Violation: 534.000000
Violation: 551.000000
Violation: 174.000000
Violation: 639.000000
Violation: 291.000000
Violation: 503.000000
Violation: 203.000000
Violation: 200.000000
Violation: 623.000000
Violation: 284.000000
Violation: 612.000000
Violation: 492.000000
Violation: 396.000000
Violation: 326.000000
Violation: 145.000000
Violation: 696.000000
Violation: 679.000000
Violation: 503.000000
Violation: 258.000000
Violation: 1160.000000
Violation: 132.000000
Violation: 489.000000
Violation: 380.000000
Violation: 260.000000
Violation: 305.000000
Violation: 49.000000
Violation: 594.000000
Violation: 934.000000
Violation: 182.000000
Violation: 459.000000
Violation: 466.000000
Violation: 339.000000
Violation: 105.000000
Violation: 315.000000
Violation: 185.000000
Violation: 480.000000
Violation: 1466.000000
Violation: 654.000000
Violation: 676.000000
Violation: 676.000000
Violation: 280.000000
Violation: 185.000000
Violation: 196.000000
Violation: 594.000000
Violation: 412.000000
Violation: 472.000000
Violation: 394.000000
Violation: 122.000000
Violation: 302.000000
Violation: 386.000000
Violation: 291.000000
Violation: 248.000000
408 16
AQUIIII!!8 6 26 17 34 54 31 23 43 16 7 51 36 48 49 3 
AQUIIII!!34 27 1 33 47 4 15 55 25 38 37 2 5 56 59 21 
AQUIIII!!37 23 43 17 4 10 49 26 27 5 16 9 2 33 1 48 
AQUIIII!!23 6 20 36 52 3 41 44 8 18 22 7 19 50 34 54 
AQUIIII!!48 34 AQUIIII!!8 18 54 49 3 29 18 36 36 17 22 31 23 51 41 3 8 6 51 26 44 23 20 7 34 54 6 
7 50 19 AQUIIII!!
54 48 23 51 10 31 49 43 17 36 33 16 7 26 6 3 
AQUIIII!!54 7 37 34 8 3 20 6 29 51 23 49 33 19 36 18 
AQUIIII!!9 6 49 31 10 23 16 51 48 43 3 33 17 26 36 54 
AQUIIII!!49 3 48 17 10 36 43 31 54 7 23 6 16 26 33 51 
AQUIIII!!54 4 9 36 49 51 10 16 37 26 43 5 33 17 23 48 
AQUIIII!!54 9 49 23 33 43 10 36 31 16 26 6 48 17 3 51 
AQUIIII!!54 48 23 51 10 31 49 43 17 36 33 16 7 26 6 3 
AQUIIII!!54 34 36 20 8 23 7 29 6 49 33 19 51 3 37 18 
AQUIIII!!54 26 33 51 48 31 23 5 10 36 43 3 49 16 9 17 
Number of Cuts in the second phase:290
Number of repeat: 279 
Violation: 83.000000
Violation: 653.000000
Violation: 247.000000
Violation: 271.000000
Violation: 760.000000
Violation: 400.000000
Violation: 388.000000
Violation: 908.000000
Violation: 597.000000
Violation: 48.000000
Violation: 1094.000000
took 4.176024
Optimize a model with 847 rows, 906 columns and 11987 nonzeros
Coefficient statistics:
  Matrix range     [1e+00, 4e+01]
  Objective range  [0e+00, 0e+00]
  Bounds range     [1e+00, 4e+01]
  RHS range        [1e+00, 1e+02]
Presolve removed 574 rows and 115 columns
Presolve time: 0.00s
Presolved: 273 rows, 791 columns, 8547 nonzeros

Iteration    Objective       Primal Inf.    Dual Inf.      Time
       0    0.0000000e+00   4.716969e+01   0.000000e+00      0s
     152    0.0000000e+00   0.000000e+00   0.000000e+00      0s

Solved in 152 iterations and 0.01 seconds
Optimal objective  0.000000000e+00
