j3017_4.mm_s4.txt
Academic license - for non-commercial use only
Read LP format model from file lp/j3017_4.mm.lp
Reading time = 0.00 seconds
: 351 rows, 906 columns, 9053 nonzeros
OKGPU
nThreads: 1024 , nBlocks: 12 
Number cuts generated in the phase 1: 11
Number of repeat: 4 
violation 750.000000
violation 400.000000
violation 420.000000
violation 249.000000
violation 84.000000
violation 139.000000
violation 800.000000
8592 16
AQUIIII!!53 24 28 47 51 21 22 11 20 29 19 48 15 9 31 27 
AQUIIII!!53 48 24 14 31 11 23 9 50 15 10 27 25 13 22 51 
AQUIIII!!53 21 47 4 8 28 24 29 51 19 27 20 18 48 38 31 
AQUIIII!!27 19 28 20 31 18 21 48 29 3 24 38 4 8 2 47 
AQUIIII!!25 17 9 37 13 10 27 50 31 22 16 11 15 14 23 53 
AQUIIII!!53 15 10 47 AQUIIII!!9 22 48 27 31 15 24 13 50 11 50 21 51 25 22 23 48 24 
9 31 11 51 AQUIIII!!28 48 27 51 47 9 29 15 20 21 53 24 
19 28 AQUIIII!!22 20 23 29 AQUIIII!!48 11 24 22 47 31 48 29 27 53 8 24 
51 9 29 31 27 51 38 AQUIIII!!10 4 27 50 51 28 AQUIIII!!11 22 31 53 28 21 18 37 21 15 31 24 21 27 22 29 20 47 51 31 47 15 53 16 19 11 
9 20 53 15 9 
27 19 47 14 48 11 53 25 
23 50 AQUIIII!!47 10 3 13 4 
28 19 21 27 1 AQUIIII!!2 53 29 15 24 18 50 31 24 8 31 38 13 20 25 
9 48 11 47 23 AQUIIII!!51 53 27 19 10 21 22 38 
29 31 20 8 51 28 47 4 27 24 18 48 
AQUIIII!!47 53 51 29 50 22 48 27 23 15 24 9 21 11 31 10 
AQUIIII!!24 47 20 15 9 11 AQUIIII!!51 50 50 27 10 31 27 28 22 15 29 25 22 11 23 48 31 53 9 21 14 13 51 16 
37 53 
AQUIIII!!11 23 AQUIIII!!31 31 19 22 28 17 9 25 48 16 47 50 AQUIIII!!11 18 29 10 47 24 27 20 21 38 27 14 8 20 13 28 22 27 15 37 29 51 51 53 15 31 
48 9 21 53 19 
4 24 53 
AQUIIII!!53 22 27 11 47 24 21 AQUIIII!!51 53 10 11 50 27 9 23 10 9 22 31 15 29 50 15 23 17 48 
16 14 37 13 25 31 
AQUIIII!!4 47 21 31 48 27 51 18 8 24 19 29 28 53 AQUIIII!!38 51 20 53 
27 50 10 13 47 9 22 AQUIIII!!23 53 15 51 31 27 48 24 24 9 25 29 11 21 
15 48 11 28 22 31 AQUIIII!!20 53 47 48 50 31 
51 21 29 22 47 24 9 27 50 15 23 11 10 
AQUIIII!!20 11 47 22 28 24 15 27 9 51 31 29 48 19 21 53 
AQUIIII!!23 15 48 24 51 47 50 31 10 11 21 AQUIIII!!29 53 9 10 27 9 22 51 53 48 
24 27 23 11 22 29 47 50 21 31 15 
AQUIIII!!19 11 15 29 28 27 31 47 24 9 48 22 21 51 53 20 
AQUIIII!!37 15 11 27 50 31 23 10 9 13 16 25 22 14 53 51 
AQUIIII!!51 11 9 27 47 50 10 24 25 13 AQUIIII!!48 22 22 11 15 31 23 48 50 31 28 53 51 
27 15 20 9 47 29 21 24 53 
AQUIIII!!50 11 14 13 10 16 AQUIIII!!22 18 17 8 25 31 37 9 23 27 31 51 15 20 AQUIIII!!27 48 21 9 22 47 53 27 24 51 
19 15 29 22 47 28 31 20 21 48 29 53 9 
50 28 11 24 53 
AQUIIII!!9 31 37 25 13 10 27 23 16 22 50 11 17 14 15 53 
AQUIIII!!AQUIIII!!21 17 27 37 9 23 51 11 19 31 18 27 48 22 16 28 14 31 9 11 10 24 50 20 29 25 47 22 53 
15 13 53 
AQUIIII!!31 23 47 24 27 13 15 25 50 22 9 10 AQUIIII!!11 53 51 48 19 53 18 
4 47 29 27 8 38 20 21 48 28 31 51 24 
AQUIIII!!29 21 24 27 31 23 10 9 22 50 15 51 47 11 48 53 
AQUIIII!!27 15 AQUIIII!!48 16 50 9 9 11 47 13 AQUIIII!!23 23 25 11 21 27 31 11 50 29 9 31 21 48 24 10 19 22 22 15 14 10 20 37 51 24 15 51 53 17 27 
53 22 
47 31 29 28 53 
AQUIIII!!50 10 13 47 15 AQUIIII!!48 AQUIIII!!16 9 4 9 11 38 11 22 18 13 23 27 23 24 29 25 27 31 25 27 19 51 51 50 31 21 31 53 28 10 
8 22 47 14 48 37 20 15 24 53 17 
53 
AQUIIII!!53 18 51 29 20 28 22 48 21 19 31 27 9 47 24 8 
AQUIIII!!9 25 11 10 27 37 22 50 15 31 14 23 16 13 53 51 
AQUIIII!!53 47 11 29 22 27 24 20 31 21 28 48 50 15 51 9 
AQUIIII!!29 9 11 19 15 47 51 21 31 48 28 22 20 24 27 53 
AQUIIII!!51 9 18 48 21 8 27 24 29 28 47 31 19 22 20 53 
AQUIIII!!21 53 29 22 9 11 27 50 31 15 24 51 47 20 28 48 
AQUIIII!!14 23 9 24 50 11 22 15 25 51 10 31 13 27 AQUIIII!!48 31 53 9 
15 29 11 21 24 20 51 27 50 22 28 48 47 53 
AQUIIII!!4 38 8 27 21 19 28 29 20 48 31 18 24 47 51 53 
AQUIIII!!14 9 27 31 15 13 22 50 17 16 10 37 25 23 11 53 
AQUIIII!!51 53 27 47 31 20 22 28 19 9 18 29 24 21 8 48 
AQUIIII!!51 53 48 14 22 25 15 23 9 31 24 11 50 27 10 13 
AQUIIII!!9 29 24 20 48 8 47 AQUIIII!!37 31 13 51 22 21 25 22 50 27 10 18 17 11 28 9 19 31 53 27 
23 16 15 14 53 
AQUIIII!!21 53 AQUIIII!!31 47 20 4 47 28 19 38 11 20 29 51 3 15 19 28 24 9 18 22 27 48 8 24 29 27 48 
31 21 51 
AQUIIII!!51 53 47 21 31 23 10 24 29 11 15 9 27 50 48 22 
AQUIIII!!11 24 20 18 47 48 22 31 9 28 29 19 21 27 53 51 
AQUIIII!!27 21 AQUIIII!!53 22 9 29 48 28 27 9 51 24 47 18 51 19 11 20 29 15 22 19 47 28 31 11 24 31 21 48 
20 53 
AQUIIII!!48 19 24 21 22 18 47 31 29 28 AQUIIII!!20 11 10 27 51 22 9 53 50 
21 24 48 AQUIIII!!28 47 21 9 27 27 50 AQUIIII!!15 53 23 48 22 22 15 9 11 29 24 9 31 31 11 29 27 31 24 11 20 53 15 47 51 51 48 
53 50 
23 51 10 13 25 14 
AQUIIII!!53 24 29 51 47 31 9 11 10 23 15 21 48 27 22 50 
AQUIIII!!47 48 51 29 8 19 4 18 27 20 24 21 38 53 31 28 
AQUIIII!!53 9 15 14 31 22 13 25 17 37 10 16 23 27 11 50 
AQUIIII!!47 29 22 31 21 8 48 27 51 9 19 24 20 18 28 53 
AQUIIII!!9 14 51 16 27 31 23 50 37 13 10 22 11 25 15 53 
AQUIIII!!19 21 27 22 9 24 48 18 51 31 11 47 AQUIIII!!20 18 28 27 29 24 53 47 8 
29 4 21 20 19 38 48 51 28 31 53 
AQUIIII!!53 25 27 11 22 10 15 17 23 13 50 9 31 14 AQUIIII!!37 53 16 50 
10 9 48 23 47 15 AQUIIII!!22 24 27 11 29 21 23 51 13 24 31 31 25 11 22 
47 48 51 9 15 50 10 27 53 
AQUIIII!!53 8 28 38 27 51 18 19 24 21 47 29 20 4 48 31 
AQUIIII!!19 24 18 29 21 28 47 20 27 9 51 31 11 22 48 53 
AQUIIII!!51 53 13 50 31 15 48 14 10 23 27 22 11 9 25 24 
AQUIIII!!53 14 50 15 51 48 9 23 27 24 13 25 22 10 31 11 
AQUIIII!!19 31 38 51 20 28 29 27 48 47 8 21 4 24 18 53 
AQUIIII!!4 2 1 38 20 28 19 24 29 27 8 18 31 21 3 47 
AQUIIII!!47 21 27 11 28 48 9 31 22 51 24 29 18 20 19 53 
AQUIIII!!53 48 13 11 15 22 50 23 27 51 10 24 9 47 25 31 
AQUIIII!!53 8 31 27 18 AQUIIII!!29 27 51 31 28 28 4 29 20 11 47 24 38 50 21 21 48 15 20 19 24 9 48 
22 51 53 47 
AQUIIII!!53 22 20 51 9 21 31 11 27 47 29 19 24 48 28 18 
AQUIIII!!48 24 22 29 51 21 18 31 9 20 8 19 47 27 28 53 
AQUIIII!!53 9 25 17 37 11 31 23 15 13 16 10 27 50 22 14 
AQUIIII!!53 50 31 48 47 24 23 10 27 51 21 15 29 11 9 22 
AQUIIII!!21 53 28 9 31 48 29 11 22 20 19 15 51 24 47 27 
AQUIIII!!53 50 48 11 24 14 31 10 9 25 23 13 15 27 51 22 
AQUIIII!!53 51 48 22 15 13 24 23 9 50 25 27 47 31 11 10 
AQUIIII!!22 25 50 15 48 23 13 27 10 AQUIIII!!9 48 11 15 31 9 51 25 24 22 14 10 53 50 
23 31 27 11 14 13 51 24 53 
AQUIIII!!53 16 22 10 17 27 15 14 9 13 25 50 AQUIIII!!23 19 31 31 37 20 11 38 
21 3 18 29 2 8 27 24 48 28 47 4 
AQUIIII!!51 29 11 24 48 15 10 21 27 31 50 23 22 9 47 53 
AQUIIII!!53 4 48 24 31 8 29 AQUIIII!!18 27 20 20 48 47 21 21 24 38 51 9 28 22 19 47 
18 8 31 19 29 27 28 53 51 
AQUIIII!!9 28 47 8 19 51 48 31 21 20 18 22 29 27 24 53 
AQUIIII!!22 25 10 23 31 11 AQUIIII!!15 53 37 28 16 48 27 8 50 20 9 51 14 AQUIIII!!27 13 AQUIIII!!51 29 51 53 9 53 18 11 
10 47 31 23 22 4 27 20 19 24 9 31 51 28 21 50 48 38 25 47 24 48 29 
11 19 47 18 22 24 31 27 13 21 AQUIIII!!15 
11 53 20 
47 19 29 9 51 48 22 21 31 28 15 27 24 53 
AQUIIII!!20 51 27 11 21 28 22 29 24 31 48 9 47 18 19 53 
AQUIIII!!53 20 21 31 51 24 4 38 8 48 47 18 29 27 28 19 
AQUIIII!!51 53 27 22 48 28 24 9 21 11 29 47 19 15 20 31 
AQUIIII!!51 23 50 47 48 15 22 24 21 9 29 27 31 10 11 53 
AQUIIII!!53 22 11 51 15 31 27 50 24 23 10 47 9 48 AQUIIII!!13 24 25 27 
11 51 20 22 21 31 48 19 47 9 28 29 15 53 AQUIIII!!
19 3 2 20 24 38 27 18 29 31 8 21 28 4 47 1 
AQUIIII!!47 4 3 2 27 1 19 21 29 24 20 38 28 31 8 18 
AQUIIII!!48 27 50 47 28 51 21 15 24 20 22 11 31 29 9 53 
AQUIIII!!53 11 27 22 15 31 51 10 13 37 14 50 16 25 23 9 
AQUIIII!!53 51 48 19 22 24 31 28 9 AQUIIII!!21 29 8 28 27 20 47 24 29 19 18 51 20 31 
18 22 8 9 48 27 47 21 53 
AQUIIII!!53 11 25 9 23 17 AQUIIII!!53 31 13 14 47 31 13 24 50 27 11 10 27 23 50 25 37 15 22 16 48 10 15 51 22 9 

AQUIIII!!53 22 21 47 27 29 11 23 AQUIIII!!50 48 19 51 22 24 31 9 9 15 31 48 10 47 
15 11 20 29 24 51 28 27 21 53 
AQUIIII!!47 18 51 4 19 38 8 29 24 28 20 27 31 48 53 21 
AQUIIII!!47 4 3 51 18 8 19 29 38 27 48 31 24 20 28 21 
AQUIIII!!24 51 27 47 28 11 29 19 31 9 21 20 22 48 18 53 
AQUIIII!!53 10 23 11 9 17 37 13 50 22 27 25 31 AQUIIII!!14 10 22 16 13 24 15 48 
27 14 11 23 50 51 9 31 15 25 53 
AQUIIII!!53 50 9 23 16 14 25 13 37 31 51 22 15 27 11 10 
AQUIIII!!53 50 23 24 AQUIIII!!22 24 51 4 14 28 25 18 15 29 48 47 9 19 13 31 27 8 10 20 31 27 11 38 
51 48 21 53 
AQUIIII!!4 28 18 29 38 31 21 48 20 27 8 24 3 19 47 2 
AQUIIII!!53 47 29 10 15 22 51 31 48 27 11 24 50 21 9 23 
AQUIIII!!27 9 28 22 24 19 48 8 29 31 18 47 20 51 53 21 
AQUIIII!!22 37 AQUIIII!!25 9 15 27 31 28 16 31 10 29 14 24 51 18 13 11 27 21 11 48 9 19 50 22 23 20 53 47 
51 53 
AQUIIII!!27 10 11 9 31 13 51 47 23 25 24 22 15 48 50 53 
AQUIIII!!21 31 50 27 15 29 22 20 47 9 48 24 11 28 53 51 
AQUIIII!!53 24 9 11 27 47 50 22 23 15 10 25 48 51 31 13 
AQUIIII!!51 53 21 27 31 10 23 11 50 9 24 22 48 29 47 15 
AQUIIII!!21 53 24 18 27 AQUIIII!!48 53 31 9 8 4 19 51 20 20 21 29 51 19 47 31 38 48 28 22 
47 15 11 27 29 24 28 
AQUIIII!!53 22 27 31 11 37 9 51 23 16 10 14 25 13 50 15 
AQUIIII!!21 51 53 15 20 50 27 28 29 11 9 47 24 22 31 48 
AQUIIII!!53 18 48 11 29 47 20 31 9 19 27 28 24 51 22 21 
AQUIIII!!48 10 14 51 9 27 23 13 24 50 25 11 15 22 31 53 
AQUIIII!!53 8 9 48 19 51 24 28 47 21 20 22 31 27 29 18 
AQUIIII!!53 51 24 25 10 50 27 48 13 23 14 15 11 22 31 9 
AQUIIII!!15 9 51 27 31 47 19 11 24 48 22 21 29 20 28 53 
AQUIIII!!53 14 AQUIIII!!13 10 20 9 11 19 23 11 9 29 48 50 48 47 25 31 28 21 24 22 31 15 18 24 27 27 51 51 
22 53 
AQUIIII!!53 28 22 9 24 48 11 51 47 21 27 50 31 20 29 15 
AQUIIII!!53 28 9 21 11 20 AQUIIII!!22 27 9 28 15 29 47 19 24 24 31 31 50 15 51 27 48 29 47 21 
22 20 48 11 53 51 
AQUIIII!!53 9 13 31 15 10 27 AQUIIII!!14 29 51 17 11 22 22 11 27 50 16 48 50 24 25 21 47 23 15 37 28 
9 31 20 53 
AQUIIII!!19 31 8 27 20 24 38 4 2 29 18 28 21 47 1 3 
AQUIIII!!48 24 28 21 51 50 27 29 31 9 15 47 11 20 22 53 
AQUIIII!!53 24 47 19 11 51 9 21 18 31 22 28 29 48 20 27 
AQUIIII!!27 20 21 19 51 28 31 18 9 48 11 29 24 22 47 53 
AQUIIII!!27 48 15 24 11 50 9 22 21 29 31 23 10 47 53 51 
AQUIIII!!51 48 29 31 4 20 47 8 24 27 21 18 28 38 19 53 
Number of Cuts in the second phase:3422
Number of repeat: 3231 
Violation: 500.000000
Violation: 568.000000
Violation: 200.000000
Violation: 400.000000
Violation: 600.000000
Violation: 500.000000
Violation: 84.000000
Violation: 1200.000000
Violation: 250.000000
Violation: 136.000000
Violation: 600.000000
Violation: 276.000000
Violation: 250.000000
Violation: 252.000000
Violation: 500.000000
Violation: 284.000000
Violation: 200.000000
Violation: 200.000000
Violation: 400.000000
Violation: 537.000000
Violation: 1000.000000
Violation: 1200.000000
Violation: 245.000000
Violation: 750.000000
Violation: 250.000000
Violation: 400.000000
Violation: 500.000000
Violation: 200.000000
Violation: 78.000000
Violation: 400.000000
Violation: 315.000000
Violation: 249.000000
Violation: 250.000000
Violation: 168.000000
Violation: 185.000000
Violation: 655.000000
Violation: 110.000000
Violation: 200.000000
Violation: 333.000000
Violation: 284.000000
Violation: 34.000000
Violation: 1000.000000
Violation: 600.000000
Violation: 223.000000
Violation: 600.000000
Violation: 200.000000
Violation: 1200.000000
Violation: 1000.000000
Violation: 300.000000
Violation: 556.000000
Violation: 84.000000
Violation: 500.000000
Violation: 194.000000
Violation: 800.000000
Violation: 200.000000
Violation: 200.000000
Violation: 333.000000
Violation: 1250.000000
Violation: 55.000000
Violation: 66.000000
Violation: 600.000000
Violation: 600.000000
Violation: 368.000000
Violation: 1250.000000
Violation: 1000.000000
Violation: 250.000000
Violation: 400.000000
Violation: 433.000000
Violation: 1200.000000
Violation: 1000.000000
Violation: 333.000000
Violation: 1000.000000
Violation: 200.000000
Violation: 750.000000
Violation: 333.000000
Violation: 50.000000
Violation: 1200.000000
Violation: 500.000000
Violation: 101.000000
Violation: 500.000000
Violation: 600.000000
Violation: 200.000000
Violation: 1.000000
Violation: 136.000000
Violation: 284.000000
Violation: 251.000000
Violation: 684.000000
Violation: 1000.000000
Violation: 400.000000
Violation: 1000.000000
Violation: 350.000000
Violation: 1000.000000
Violation: 194.000000
Violation: 400.000000
Violation: 356.000000
Violation: 250.000000
Violation: 226.000000
Violation: 168.000000
Violation: 50.000000
Violation: 334.000000
Violation: 55.000000
Violation: 1000.000000
Violation: 37.000000
Violation: 445.000000
Violation: 150.000000
Violation: 200.000000
Violation: 165.000000
Violation: 200.000000
Violation: 500.000000
Violation: 84.000000
Violation: 185.000000
Violation: 83.000000
Violation: 1200.000000
Violation: 249.000000
Violation: 272.000000
Violation: 105.000000
Violation: 83.000000
Violation: 833.000000
Violation: 250.000000
Violation: 1000.000000
Violation: 245.000000
Violation: 385.000000
Violation: 608.000000
Violation: 650.000000
Violation: 200.000000
Violation: 450.000000
Violation: 33.000000
Violation: 346.000000
Violation: 517.000000
Violation: 44.000000
Violation: 100.000000
Violation: 381.000000
Violation: 1200.000000
Violation: 943.000000
Violation: 484.000000
Violation: 400.000000
Violation: 31.000000
Violation: 83.000000
Violation: 33.000000
Violation: 83.000000
Violation: 800.000000
Violation: 1000.000000
Violation: 533.000000
Violation: 400.000000
Violation: 37.000000
Violation: 400.000000
Violation: 385.000000
Violation: 26.000000
Violation: 600.000000
Violation: 33.000000
Violation: 100.000000
Violation: 333.000000
Violation: 2.000000
Violation: 200.000000
Violation: 600.000000
Violation: 500.000000
Violation: 168.000000
Violation: 400.000000
Violation: 600.000000
Violation: 84.000000
Violation: 136.000000
Violation: 83.000000
Violation: 200.000000
Violation: 200.000000
Violation: 250.000000
Violation: 284.000000
Violation: 333.000000
Violation: 333.000000
Violation: 750.000000
Violation: 26.000000
Violation: 833.000000
Violation: 1050.000000
Violation: 1233.000000
Violation: 168.000000
Violation: 250.000000
Violation: 450.000000
Violation: 200.000000
Violation: 447.000000
Violation: 84.000000
Violation: 33.000000
Violation: 136.000000
Violation: 533.000000
Violation: 33.000000
Violation: 55.000000
Violation: 200.000000
Violation: 900.000000
Violation: 583.000000
Violation: 600.000000
Violation: 400.000000
Violation: 198.000000
Violation: 200.000000
2400 16
AQUIIII!!53 9 29 31 AQUIIII!!20 53 22 27 18 4 19 29 21 51 48 47 24 24 21 28 51 48 20 27 8 11 28 
19 38 47 31 18 
AQUIIII!!53 9 28 21 47 19 29 27 24 11 20 31 51 15 22 48 
AQUIIII!!53 21 48 29 18 51 47 19 31 27 28 11 9 22 24 20 
AQUIIII!!13 47 22 23 9 27 11 50 24 25 15 51 31 48 10 53 
AQUIIII!!53 14 50 24 51 10 23 48 31 25 11 22 27 15 13 9 
AQUIIII!!53 21 AQUIIII!!23 53 31 11 29 27 10 48 48 24 27 31 51 15 15 10 11 13 22 9 24 25 47 23 9 22 50 50 
51 47 
AQUIIII!!50 48 22 31 24 23 13 47 9 10 11 25 15 27 AQUIIII!!51 9 53 31 
50 14 16 25 13 AQUIIII!!17 18 23 31 15 20 10 22 11 11 37 9 27 47 22 28 53 27 AQUIIII!!
24 21 48 10 21 50 29 23 51 47 19 22 53 31 
51 15 9 24 27 11 48 29 53 
AQUIIII!!29 38 18 51 27 21 8 28 AQUIIII!!24 9 20 21 31 28 19 19 48 51 4 20 47 48 3 47 
11 31 29 15 22 24 27 53 
AQUIIII!!10 48 11 23 25 31 50 9 22 24 14 15 27 51 13 53 
AQUIIII!!27 25 22 11 15 10 17 37 16 50 31 14 13 23 9 53 
AQUIIII!!47 22 9 19 29 51 20 24 28 21 31 27 18 48 11 53 
AQUIIII!!29 27 48 8 9 22 47 28 18 51 20 21 24 19 31 53 
AQUIIII!!21 10 22 24 15 47 29 23 31 11 51 27 48 50 9 53 
AQUIIII!!53 31 48 27 29 51 21 18 19 28 47 9 8 24 22 20 
AQUIIII!!51 24 48 19 29 31 18 8 38 47 21 28 27 4 20 53 
AQUIIII!!21 53 31 20 22 24 15 47 11 9 48 29 19 51 27 28 
AQUIIII!!9 48 11 27 50 10 21 23 47 29 15 22 24 31 53 51 
AQUIIII!!21 53 8 31 47 22 20 28 27 29 19 24 51 9 18 48 
AQUIIII!!53 48 11 50 9 15 22 47 28 31 24 29 27 51 20 21 
AQUIIII!!53 24 19 29 8 47 27 31 48 38 28 20 4 21 51 18 
AQUIIII!!29 47 19 48 51 24 4 27 8 38 28 21 31 18 53 20 AQUIIII!!
24 48 29 38 28 4 19 8 27 47 51 31 18 21 20 53 
AQUIIII!!53 AQUIIII!!22 53 21 48 27 47 48 9 24 20 50 11 51 51 24 15 27 29 15 28 22 47 29 20 21 11 31 9 19 31 28 

AQUIIII!!53 23 16 51 22 15 13 14 50 37 31 11 27 10 25 9 
AQUIIII!!51 11 22 9 27 48 15 21 28 20 31 47 29 50 24 53 
AQUIIII!!10 25 23 22 51 31 47 48 15 11 27 9 50 13 24 53 
AQUIIII!!53 48 51 27 20 18 47 21 38 24 28 19 4 8 29 31 
AQUIIII!!53 15 31 48 28 29 19 20 27 21 9 24 22 11 47 51 
AQUIIII!!19 21 AQUIIII!!28 53 29 22 31 28 8 9 27 29 48 20 38 31 20 50 3 24 18 47 24 27 4 48 2 11 47 51 
15 21 
AQUIIII!!21 53 28 20 15 47 9 51 29 31 22 24 48 11 19 27 
AQUIIII!!53 25 11 15 23 37 50 9 22 17 16 10 14 31 27 13 
Number of Cuts in the second phase:945
Number of repeat: 923 
Violation: 433.000000
Violation: 600.000000
Violation: 100.000000
Violation: 397.000000
Violation: 333.000000
Violation: 100.000000
Violation: 219.000000
Violation: 284.000000
Violation: 250.000000
Violation: 33.000000
Violation: 600.000000
Violation: 833.000000
Violation: 501.000000
Violation: 500.000000
Violation: 1250.000000
Violation: 633.000000
Violation: 433.000000
Violation: 500.000000
Violation: 33.000000
Violation: 1200.000000
Violation: 350.000000
Violation: 805.000000
took 3.527163
Optimize a model with 581 rows, 906 columns and 9927 nonzeros
Coefficient statistics:
  Matrix range     [1e+00, 4e+01]
  Objective range  [0e+00, 0e+00]
  Bounds range     [1e+00, 4e+01]
  RHS range        [1e+00, 1e+02]
Presolve removed 319 rows and 107 columns
Presolve time: 0.01s
Presolved: 262 rows, 799 columns, 8563 nonzeros

Iteration    Objective       Primal Inf.    Dual Inf.      Time
       0    0.0000000e+00   4.395544e+01   0.000000e+00      0s
     134    0.0000000e+00   0.000000e+00   0.000000e+00      0s

Solved in 134 iterations and 0.01 seconds
Optimal objective  0.000000000e+00
