j3017_4.mm_s5.txt
Academic license - for non-commercial use only
Read LP format model from file lp/j3017_4.mm.lp
Reading time = 0.00 seconds
: 351 rows, 906 columns, 9053 nonzeros
OKGPU
nThreads: 1024 , nBlocks: 12 
Number cuts generated in the phase 1: 12
Number of repeat: 4 
violation 500.000000
violation 428.000000
violation 750.000000
violation 375.000000
violation 425.000000
violation 425.000000
violation 425.000000
violation 820.000000
8592 16
3 1 6 25 10 48 22 5 33 
AQUIIII!!45 46 33 48 16 10 34 23 19 17 0 20 22 47 18 49 
AQUIIII!!20 15 24 48 46 34 17 44 16 23 45 47 18 33 49 19 
AQUIIII!!49 48 34 19 18 45 46 24 AQUIIII!!10 49 15 33 20 17 22 20 47 17 23 16 34 AQUIIII!!
19 49 17 33 18 47 23 46 48 45 1 47 10 18 33 34 0 22 10 19 20 46 48 1 0 23 45 

AQUIIII!!48 45 18 10 17 19 34 33 24 49 46 47 15 23 20 16 
AQUIIII!!44 47 33 23 46 20 24 34 45 16 18 19 48 15 17 49 
AQUIIII!!34 16 33 19 17 46 20 15 18 47 AQUIIII!!42 AQUIIII!!23 18 1 43 44 23 32 20 44 10 19 45 33 43 
47 15 45 16 46 46 22 23 17 33 20 48 19 34 18 24 48 17 34 47 0 45 49 

AQUIIII!!49 34 22 47 25 48 45 1 0 20 2 33 10 46 3 13 
AQUIIII!!AQUIIII!!16 33 47 45 23 15 20 19 22 18 47 33 0 34 17 23 34 46 24 10 17 48 46 1 20 19 48 18 AQUIIII!!45 49 AQUIIII!!49 44 
48 22 20 49 10 3 33 
46 33 47 25 AQUIIII!!48 34 49 1 1 0 20 46 1 34 10 34 2 47 48 13 22 22 3 0 AQUIIII!!46 25 45 49 AQUIIII!!33 45 13 16 47 49 0 2 46 45 AQUIIII!!
49 10 10 33 49 19 2 
0 5 13 20 34 33 4 47 48 10 25 3 1 47 3 48 23 
22 1 0 10 34 20 23 2 17 46 6 45 2 22 18 48 13 19 18 4 22 47 34 
25 33 0 45 

AQUIIII!!15 12 16 17 14 41 42 32 18 39 27 43 11 AQUIIII!!21 49 44 33 9 48 
22 25 3 45 13 47 10 46 AQUIIII!!34 49 4 2 1 33 2 13 0 
1 5 34 7 3 0 31 AQUIIII!!4 6 48 AQUIIII!!8 47 49 22 49 34 10 23 2 
10 10 19 1 33 23 46 20 45 46 20 22 48 24 33 AQUIIII!!47 18 49 18 19 19 16 1 34 17 22 45 15 45 0 
37 
48 2 13 46 34 0 47 20 10 33 
AQUIIII!!16 45 47 46 48 34 22 17 23 20 33 10 18 0 19 49 
AQUIIII!!2 37 3 33 7 13 6 22 5 34 1 10 AQUIIII!!4 34 0 20 48 15 49 
24 23 47 46 48 45 17 AQUIIII!!49 10 10 49 22 16 20 48 19 2 33 1 18 0 34 
47 37 19 46 45 33 13 
AQUIIII!!19 49 17 18 47 48 16 24 34 46 44 45 23 20 15 33 
AQUIIII!!25 0 5 48 22 4 10 3 2 33 47 13 34 1 6 49 
AQUIIII!!49 45 17 34 48 20 23 0 46 10 22 33 1 19 47 18 
AQUIIII!!49 20 48 10 13 34 46 25 1 22 45 3 2 33 47 0 
AQUIIII!!49 25 34 0 46 48 22 47 33 13 10 1 4 2 3 5 
AQUIIII!!AQUIIII!!44 45 18 33 19 AQUIIII!!32 42 16 48 14 15 1 16 47 43 33 20 23 15 47 17 34 19 46 18 48 45 19 34 20 10 24 17 20 21 46 
33 0 45 23 44 22 23 34 18 49 17 
49 
AQUIIII!!0 AQUIIII!!22 6 AQUIIII!!47 2 5 10 33 33 31 48 13 6 3 AQUIIII!!47 8 25 22 1 3 1 13 37 1 48 33 10 2 13 34 0 25 45 10 7 20 34 22 2 46 33 4 13 10 0 2 22 19 49 4 3 
34 5 AQUIIII!!46 34 49 43 47 49 
42 4 
15 0 12 32 1 17 45 16 48 11 39 49 27 
21 AQUIIII!!41 8 45 14 47 44 34 9 46 
19 AQUIIII!!2 45 10 10 34 1 48 33 2 22 19 0 23 AQUIIII!!AQUIIII!!18 48 49 2 33 AQUIIII!!37 1 2 20 13 22 34 1 3 20 20 0 22 0 49 47 4 17 4 
0 3 1 47 46 46 AQUIIII!!13 49 23 47 49 33 
10 3 34 25 33 2 48 46 25 22 19 13 48 13 10 16 48 20 45 45 18 10 22 34 33 48 49 25 22 46 
47 33 10 46 
45 47 0 1 49 0 
34 45 
AQUIIII!!22 10 34 6 33 4 2 3 AQUIIII!!0 49 7 48 5 48 45 13 18 37 15 1 17 49 19 
16 23 44 20 46 33 34 24 47 AQUIIII!!
49 22 45 48 3 46 13 33 34 1 2 10 25 47 0 20 
AQUIIII!!44 45 17 32 23 15 19 20 33 42 AQUIIII!!15 21 45 43 46 18 34 43 20 46 23 18 44 16 47 34 
32 17 42 33 19 16 
AQUIIII!!20 49 47 46 48 19 23 18 45 17 0 34 22 10 33 1 
AQUIIII!!49 48 16 46 47 17 18 24 20 15 19 34 23 44 45 33 
AQUIIII!!17 15 47 46 48 19 33 18 20 44 45 34 24 16 23 43 
AQUIIII!!1 34 46 18 47 48 10 20 23 19 0 33 22 45 2 49 
AQUIIII!!49 48 4 22 13 46 1 34 45 33 AQUIIII!!25 32 0 47 21 2 14 3 12 10 41 
39 11 16 AQUIIII!!15 10 AQUIIII!!8 9 22 44 27 47 21 42 12 20 18 7 1 42 19 43 43 17 37 44 41 0 9 14 45 32 
16 46 27 2 11 15 34 39 48 
13 33 AQUIIII!!AQUIIII!!49 24 24 
33 17 23 47 16 18 44 15 43 44 20 16 34 34 15 23 19 33 45 46 17 45 AQUIIII!!18 48 49 47 49 0 33 48 20 19 46 19 18 
34 
1 45 22 46 2 48 47 20 23 10 
AQUIIII!!18 34 10 20 46 0 33 17 23 47 22 49 45 16 48 19 
AQUIIII!!10 3 34 0 AQUIIII!!AQUIIII!!25 49 49 33 3 3 22 33 4 2 0 33 48 6 AQUIIII!!5 5 8 49 1 13 22 20 0 6 2 15 1 1 22 17 10 47 37 4 16 7 13 33 5 49 34 
31 45 48 34 47 AQUIIII!!10 13 44 0 6 4 23 13 
2 18 22 7 48 48 34 
4 46 2 24 AQUIIII!!13 46 19 3 
25 34 34 33 3 10 47 31 22 1 1 33 5 45 2 10 7 49 4 0 
8 6 49 
AQUIIII!!18 AQUIIII!!16 46 17 48 34 45 15 20 49 45 19 23 18 10 34 23 48 47 24 17 47 24 10 33 33 15 20 16 19 
46 49 
AQUIIII!!48 2 10 22 5 34 0 25 4 3 33 AQUIIII!!13 48 46 4 47 7 1 6 49 3 
13 10 1 2 5 37 34 22 33 0 49 
AQUIIII!!18 22 20 45 23 47 17 10 48 46 33 0 34 16 19 49 
AQUIIII!!18 22 20 45 AQUIIII!!23 19 47 0 17 10 48 48 20 46 23 33 18 0 47 34 22 16 34 19 1 49 45 
10 33 46 17 49 
AQUIIII!!47 15 16 46 20 19 17 18 34 43 33 48 23 24 45 44 AQUIIII!!
49 47 45 10 33 1 13 25 48 AQUIIII!!22 4 46 3 48 2 16 34 49 0 44 46 20 
47 24 45 17 23 33 15 18 19 34 
AQUIIII!!25 33 47 34 48 22 13 0 5 3 2 4 46 1 10 49 
AQUIIII!!49 16 17 18 10 20 23 47 19 48 24 33 45 34 46 15 
AQUIIII!!48 18 47 15 17 49 34 46 33 19 24 10 45 23 20 16 
AQUIIII!!7 3 4 37 0 1 34 22 33 48 6 10 5 2 13 49 
AQUIIII!!49 2 37 47 45 34 48 0 10 33 20 19 22 1 13 46 
AQUIIII!!47 3 0 22 AQUIIII!!46 15 34 19 1 18 25 2 16 10 48 48 10 33 47 4 17 13 20 45 49 49 
45 46 23 24 34 33 
AQUIIII!!48 45 17 33 18 10 15 AQUIIII!!AQUIIII!!24 49 34 13 34 33 31 16 17 10 10 19 47 4 23 47 0 20 46 19 22 20 0 5 18 23 8 22 49 46 AQUIIII!!6 45 49 
48 33 47 16 34 34 
10 18 2 45 1 46 20 7 22 3 48 1 49 19 
0 2 23 33 
AQUIIII!!6 1 10 4 31 8 22 33 0 5 34 13 7 3 2 49 
AQUIIII!!16 18 48 24 17 47 15 10 34 20 45 33 46 23 19 49 
AQUIIII!!49 5 31 4 0 AQUIIII!!33 16 10 18 6 48 13 24 17 3 47 1 15 2 10 AQUIIII!!34 22 49 20 7 0 45 34 48 33 46 23 8 23 AQUIIII!!47 
45 19 22 49 49 44 20 
19 46 20 47 45 18 18 34 33 2 23 10 46 17 19 15 AQUIIII!!34 48 34 24 33 16 13 1 
47 
46 20 3 45 22 10 33 2 25 48 0 1 49 
AQUIIII!!49 46 10 22 48 3 0 33 13 47 25 45 4 34 1 2 AQUIIII!!
49 6 37 7 48 22 AQUIIII!!2 18 13 34 3 20 AQUIIII!!0 23 47 34 10 18 33 22 23 5 46 45 4 33 10 10 17 33 1 16 
15 48 24 45 48 47 46 19 16 0 20 49 17 
AQUIIII!!AQUIIII!!19 17 19 34 45 49 49 17 47 
18 18 47 20 48 48 16 24 10 34 33 46 49 44 0 45 23 1 20 22 15 19 33 34 
23 46 
AQUIIII!!48 33 46 4 3 22 2 0 34 10 1 47 13 25 5 49 
AQUIIII!!49 34 4 10 13 7 0 37 3 22 33 2 6 1 5 48 
AQUIIII!!9 44 21 12 18 42 43 17 41 14 32 16 27 11 15 39 
AQUIIII!!49 33 22 AQUIIII!!1 18 0 46 25 48 13 49 10 AQUIIII!!5 33 19 22 46 47 48 10 0 0 2 4 45 34 34 23 47 3 16 10 47 17 AQUIIII!!1 
20 18 33 23 20 45 34 46 19 23 17 
34 44 48 15 AQUIIII!!22 43 49 33 22 24 49 AQUIIII!!20 46 
20 18 45 48 45 16 17 17 46 33 18 19 19 44 46 43 16 16 32 0 48 33 45 19 10 17 20 47 42 47 23 47 34 18 34 
23 
15 
AQUIIII!!2 13 34 25 10 3 22 48 5 1 33 6 47 4 0 49 
AQUIIII!!10 13 22 8 34 4 3 1 6 AQUIIII!!31 49 2 45 5 18 33 10 0 22 7 20 49 1 AQUIIII!!
19 20 0 45 46 47 33 2 15 47 16 23 18 48 33 34 48 
23 46 24 44 34 19 17 49 
AQUIIII!!49 33 47 46 2 48 20 13 45 37 34 1 0 22 10 19 
AQUIIII!!49 5 47 13 3 2 0 22 10 34 48 25 33 AQUIIII!!6 24 4 48 1 45 
47 15 23 16 18 19 33 20 10 17 AQUIIII!!34 4 46 49 49 34 
25 10 22 33 0 13 3 1 2 45 46 48 47 
AQUIIII!!4 49 34 25 10 22 33 0 13 3 1 2 45 46 48 47 
AQUIIII!!49 0 45 19 18 34 48 23 33 20 47 1 2 46 22 10 
AQUIIII!!10 33 48 34 22 13 2 1 47 0 37 46 20 19 45 49 
AQUIIII!!10 33 48 34 22 13 2 1 47 0 37 46 20 19 45 49 
AQUIIII!!49 2 34 4 1 3 33 5 22 37 48 7 10 13 6 0 
AQUIIII!!49 45 13 34 33 25 2 1 48 10 3 0 22 20 47 46 
AQUIIII!!27 42 39 6 15 14 11 32 AQUIIII!!12 49 21 33 7 3 43 1 8 2 34 41 22 9 7 44 5 
0 6 48 13 4 37 10 
AQUIIII!!49 19 2 37 AQUIIII!!20 13 15 33 47 24 22 34 19 45 10 45 48 20 1 46 46 0 
23 34 48 16 33 10 49 17 18 47 
AQUIIII!!34 13 46 2 4 3 48 22 25 47 45 10 33 1 0 49 
AQUIIII!!49 34 10 48 18 24 17 33 AQUIIII!!47 49 17 20 23 23 46 19 16 16 10 46 24 45 34 15 45 
AQUIIII!!33 48 34 20 1 15 46 47 10 19 18 0 
13 2 45 19 48 37 47 20 22 33 49 
AQUIIII!!45 44 24 43 34 15 17 20 16 18 33 48 47 19 23 46 
AQUIIII!!42 8 15 11 6 7 14 12 41 43 27 39 21 32 44 9 
AQUIIII!!0 48 1 45 22 19 46 13 34 37 10 20 33 47 2 49 
AQUIIII!!0 25 1 2 5 4 10 48 22 33 13 6 47 34 3 49 
AQUIIII!!45 15 33 24 19 18 47 34 46 44 20 23 49 AQUIIII!!16 48 48 47 17 49 2 
22 6 33 1 5 13 10 34 25 3 4 0 
AQUIIII!!45 20 49 15 17 34 48 47 18 16 24 10 46 23 33 19 
AQUIIII!!25 3 22 48 34 4 33 AQUIIII!!13 49 2 25 46 13 1 3 47 10 2 0 10 5 33 49 46 47 
0 1 5 34 22 4 48 
AQUIIII!!44 9 17 21 32 27 11 14 43 15 16 41 39 12 42 18 
AQUIIII!!49 10 48 34 5 46 47 13 3 2 1 0 AQUIIII!!4 2 25 45 33 22 22 47 
33 18 1 48 0 34 46 20 19 23 10 49 
AQUIIII!!1 48 34 46 20 AQUIIII!!23 45 17 18 10 48 18 16 0 20 33 46 45 49 47 23 22 22 49 10 19 47 
17 0 34 33 19 
AQUIIII!!49 45 46 47 20 34 23 19 48 18 22 16 10 17 33 0 
AQUIIII!!48 0 22 4 33 5 2 13 6 1 34 3 7 37 10 49 
AQUIIII!!49 34 48 19 47 20 2 45 37 1 0 10 46 13 33 22 
AQUIIII!!33 48 13 22 37 34 1 0 10 2 47 45 46 19 20 49 
AQUIIII!!19 49 17 15 47 18 48 46 45 16 33 44 23 34 24 20 
AQUIIII!!49 16 44 33 20 45 15 18 46 48 AQUIIII!!24 33 23 48 47 13 19 22 34 37 17 34 
1 0 10 2 47 45 46 19 20 49 
AQUIIII!!33 20 AQUIIII!!10 23 49 0 25 17 45 34 2 45 1 33 19 22 46 13 22 49 47 47 3 48 1 18 46 
10 34 AQUIIII!!0 32 48 4 42 
7 14 5 11 43 40 12 26 21 27 6 8 9 44 
AQUIIII!!49 19 1 22 45 37 48 2 13 46 34 0 47 20 10 33 
AQUIIII!!46 17 15 23 18 16 48 34 45 19 33 20 24 47 44 49 
AQUIIII!!49 6 37 22 2 5 33 4 34 3 0 7 48 1 13 10 
AQUIIII!!49 25 3 2 46 10 34 47 48 45 1 33 13 4 22 0 
AQUIIII!!46 19 18 49 45 22 16 23 47 AQUIIII!!20 45 10 15 10 48 23 17 33 24 33 17 0 16 34 34 19 
47 48 49 18 46 20 
AQUIIII!!23 43 47 18 17 46 34 AQUIIII!!24 49 33 34 15 47 20 10 19 0 16 20 48 45 45 48 44 18 
33 19 1 17 22 23 46 
AQUIIII!!0 19 1 2 48 10 45 AQUIIII!!13 42 20 22 14 33 16 46 32 37 47 41 34 27 49 15 
39 7 11 43 8 12 21 9 AQUIIII!!44 
23 43 47 18 17 46 34 24 33 15 20 19 16 AQUIIII!!48 49 45 19 24 44 47 
33 16 48 23 45 18 AQUIIII!!20 15 45 34 49 46 17 48 10 19 
18 33 17 0 34 46 10 22 47 20 23 16 
AQUIIII!!19 49 48 22 34 45 13 20 37 33 0 10 47 2 1 46 
AQUIIII!!17 48 24 45 19 16 47 49 46 18 15 20 33 34 23 10 
AQUIIII!!1 37 7 33 2 10 3 6 34 22 4 5 48 13 0 49 
AQUIIII!!15 20 18 17 33 46 47 19 45 34 23 16 44 AQUIIII!!48 AQUIIII!!18 24 46 24 49 16 47 23 0 
10 20 34 25 47 22 48 10 46 13 45 48 15 34 33 3 AQUIIII!!AQUIIII!!17 2 10 47 20 33 33 46 19 45 34 49 1 18 23 
49 48 33 
19 10 24 19 20 1 AQUIIII!!15 49 23 45 45 45 16 22 18 20 34 13 2 49 2 17 48 48 47 47 34 3 46 22 0 
25 0 10 49 4 33 AQUIIII!!
1 49 46 22 
25 3 2 48 4 0 33 34 1 10 45 47 46 13 
AQUIIII!!48 47 49 2 10 1 23 20 46 22 33 18 19 34 45 0 
AQUIIII!!49 17 34 47 10 46 23 22 0 45 19 33 18 1 48 20 
AQUIIII!!2 25 6 22 47 33 5 4 0 1 34 10 48 13 3 49 
AQUIIII!!49 24 46 17 23 47 34 AQUIIII!!20 49 48 20 15 48 10 33 13 16 34 46 45 25 19 1 18 22 10 45 3 
2 33 47 0 
AQUIIII!!0 20 22 48 46 34 23 2 19 10 18 33 47 45 1 49 
AQUIIII!!15 20 33 23 24 34 16 49 19 47 18 44 45 48 AQUIIII!!46 6 17 4 
10 1 33 5 3 37 48 13 34 0 2 7 22 49 
AQUIIII!!48 47 45 46 19 17 10 34 16 24 33 23 18 20 49 15 
AQUIIII!!47 10 34 1 0 25 33 3 20 13 22 2 45 48 49 46 
AQUIIII!!47 10 34 1 0 25 33 3 20 13 22 2 45 AQUIIII!!48 6 49 13 46 25 
47 34 3 0 1 2 48 33 5 10 4 22 49 
AQUIIII!!2 31 AQUIIII!!3 13 19 34 46 4 7 20 10 22 2 1 48 5 33 22 0 6 1 8 47 49 
0 10 45 23 34 33 18 49 
AQUIIII!!49 5 AQUIIII!!22 3 25 33 0 48 48 6 13 7 10 4 1 1 2 0 3 4 22 47 10 34 34 6 13 33 2 
37 5 49 AQUIIII!!
34 24 33 AQUIIII!!18 23 44 16 17 45 15 33 46 34 10 20 46 17 48 19 23 16 18 15 20 47 19 45 24 48 49 47 
49 
AQUIIII!!49 46 48 10 18 20 19 45 1 2 0 33 47 34 22 23 
AQUIIII!!47 18 17 10 23 19 AQUIIII!!22 12 34 43 14 33 8 48 16 46 15 42 20 27 0 7 39 16 21 45 32 49 41 11 
9 44 
AQUIIII!!49 45 20 10 0 1 AQUIIII!!48 10 47 33 3 25 46 3 33 13 25 34 1 22 2 48 46 4 
13 47 34 2 45 22 0 49 
AQUIIII!!49 3 6 1 31 2 22 10 5 33 0 4 34 8 13 7 
AQUIIII!!AQUIIII!!19 2 24 23 16 46 44 18 48 34 45 33 33 48 20 45 0 47 1 20 10 46 22 19 15 47 18 34 AQUIIII!!49 49 23 
49 17 
31 7 22 5 8 33 AQUIIII!!34 20 10 45 19 6 34 2 1 13 10 18 4 0 0 33 3 46 1 23 
47 22 48 17 49 
AQUIIII!!23 34 47 24 16 33 46 45 20 10 48 17 19 18 15 49 
AQUIIII!!45 48 16 24 23 20 33 15 46 34 18 49 17 19 47 44 
AQUIIII!!49 13 5 0 1 6 33 34 47 48 22 25 2 4 AQUIIII!!47 3 33 10 46 17 
23 18 20 15 45 16 10 34 19 24 48 49 
AQUIIII!!49 0 3 1 47 22 33 10 5 4 25 6 48 34 2 13 
AQUIIII!!17 45 47 24 15 46 20 34 33 16 44 23 48 43 18 19 
AQUIIII!!19 47 49 46 17 22 33 10 34 16 20 18 0 45 48 23 
AQUIIII!!19 49 17 33 18 48 15 10 24 47 20 46 16 45 34 23 
AQUIIII!!49 20 23 22 AQUIIII!!33 5 34 10 22 0 1 17 13 47 34 16 18 33 19 3 46 25 48 45 10 
4 46 2 0 48 49 47 
AQUIIII!!49 22 37 13 33 2 4 10 3 48 1 0 6 34 5 7 
AQUIIII!!1 3 0 2 22 48 34 13 4 37 7 6 10 5 33 49 
AQUIIII!!46 17 23 22 34 10 19 16 33 48 47 20 18 0 45 49 
AQUIIII!!48 17 49 46 47 45 18 22 20 0 34 16 19 23 33 10 
AQUIIII!!10 22 37 45 1 48 34 13 19 47 46 20 2 0 33 49 
AQUIIII!!45 2 48 46 19 22 34 0 18 10 20 1 47 23 33 49 
Number of Cuts in the second phase:4360
Number of repeat: 3820 
Violation: 750.000000
Violation: 742.000000
Violation: 140.000000
Violation: 375.000000
Violation: 1106.000000
Violation: 285.000000
Violation: 428.000000
Violation: 246.000000
Violation: 500.000000
Violation: 607.000000
Violation: 125.000000
Violation: 285.000000
Violation: 284.000000
Violation: 570.000000
Violation: 818.000000
Violation: 642.000000
Violation: 1207.000000
Violation: 888.000000
Violation: 140.000000
Violation: 284.000000
Violation: 464.000000
Violation: 68.000000
Violation: 375.000000
Violation: 928.000000
Violation: 140.000000
Violation: 926.000000
Violation: 375.000000
Violation: 940.000000
Violation: 625.000000
Violation: 375.000000
Violation: 2052.000000
Violation: 420.000000
Violation: 352.000000
Violation: 284.000000
Violation: 659.000000
Violation: 285.000000
Violation: 1250.000000
Violation: 375.000000
Violation: 425.000000
Violation: 568.000000
Violation: 375.000000
Violation: 543.000000
Violation: 1375.000000
Violation: 655.000000
Violation: 375.000000
Violation: 547.000000
Violation: 125.000000
Violation: 568.000000
Violation: 519.000000
Violation: 832.000000
Violation: 140.000000
Violation: 125.000000
Violation: 386.000000
Violation: 281.000000
Violation: 405.000000
Violation: 570.000000
Violation: 1291.000000
Violation: 710.000000
Violation: 140.000000
Violation: 315.000000
Violation: 672.000000
Violation: 972.000000
Violation: 140.000000
Violation: 749.000000
Violation: 896.000000
Violation: 1102.000000
Violation: 565.000000
Violation: 140.000000
Violation: 500.000000
Violation: 727.000000
Violation: 500.000000
Violation: 742.000000
Violation: 710.000000
Violation: 386.000000
Violation: 420.000000
Violation: 515.000000
Violation: 875.000000
Violation: 106.000000
Violation: 1096.000000
Violation: 280.000000
Violation: 570.000000
Violation: 178.000000
Violation: 88.000000
Violation: 655.000000
Violation: 1492.000000
Violation: 1030.000000
Violation: 34.000000
Violation: 940.000000
Violation: 280.000000
Violation: 460.000000
Violation: 355.000000
Violation: 375.000000
Violation: 710.000000
Violation: 140.000000
Violation: 1112.000000
Violation: 1125.000000
Violation: 749.000000
Violation: 390.000000
Violation: 998.000000
Violation: 1386.000000
Violation: 1236.000000
Violation: 140.000000
Violation: 631.000000
Violation: 283.000000
Violation: 705.000000
Violation: 1212.000000
Violation: 140.000000
Violation: 526.000000
Violation: 280.000000
Violation: 420.000000
Violation: 1677.000000
Violation: 625.000000
Violation: 782.000000
Violation: 510.000000
Violation: 620.000000
Violation: 214.000000
Violation: 125.000000
Violation: 710.000000
Violation: 283.000000
Violation: 837.000000
Violation: 570.000000
Violation: 510.000000
Violation: 500.000000
Violation: 140.000000
Violation: 548.000000
Violation: 700.000000
Violation: 457.000000
Violation: 570.000000
Violation: 280.000000
Violation: 125.000000
Violation: 560.000000
Violation: 140.000000
Violation: 375.000000
Violation: 336.000000
Violation: 178.000000
Violation: 7.000000
Violation: 659.000000
Violation: 498.000000
Violation: 712.000000
Violation: 1104.000000
Violation: 745.000000
Violation: 935.000000
Violation: 420.000000
Violation: 700.000000
Violation: 710.000000
Violation: 1052.000000
Violation: 565.000000
Violation: 481.000000
Violation: 490.000000
Violation: 515.000000
Violation: 1420.000000
Violation: 1197.000000
Violation: 284.000000
Violation: 1340.000000
Violation: 677.000000
Violation: 630.000000
Violation: 1000.000000
Violation: 425.000000
Violation: 1345.000000
Violation: 1208.000000
Violation: 285.000000
Violation: 1638.000000
Violation: 705.000000
Violation: 495.000000
Violation: 655.000000
Violation: 175.000000
Violation: 1124.000000
Violation: 675.000000
Violation: 1130.000000
Violation: 755.000000
Violation: 922.000000
Violation: 560.000000
Violation: 867.000000
Violation: 315.000000
Violation: 140.000000
Violation: 264.000000
Violation: 44.000000
Violation: 856.000000
Violation: 811.000000
Violation: 793.000000
Violation: 490.000000
Violation: 420.000000
Violation: 710.000000
Violation: 375.000000
Violation: 935.000000
Violation: 499.000000
Violation: 570.000000
Violation: 640.000000
Violation: 655.000000
Violation: 480.000000
Violation: 845.000000
Violation: 943.000000
Violation: 650.000000
Violation: 515.000000
Violation: 359.000000
Violation: 560.000000
Violation: 280.000000
Violation: 340.000000
Violation: 101.000000
Violation: 112.000000
Violation: 386.000000
Violation: 444.000000
Violation: 106.000000
Violation: 125.000000
Violation: 1096.000000
Violation: 500.000000
Violation: 106.000000
Violation: 554.000000
Violation: 385.000000
Violation: 500.000000
Violation: 250.000000
Violation: 480.000000
Violation: 777.000000
Violation: 606.000000
Violation: 212.000000
Violation: 515.000000
Violation: 408.000000
Violation: 111.000000
Violation: 765.000000
Violation: 777.000000
Violation: 246.000000
Violation: 1015.000000
Violation: 708.000000
Violation: 705.000000
Violation: 497.000000
Violation: 101.000000
Violation: 1062.000000
Violation: 386.000000
Violation: 705.000000
Violation: 427.000000
Violation: 920.000000
Violation: 724.000000
Violation: 246.000000
Violation: 782.000000
Violation: 464.000000
Violation: 610.000000
Violation: 211.000000
Violation: 625.000000
Violation: 462.000000
Violation: 525.000000
Violation: 705.000000
Violation: 1000.000000
Violation: 280.000000
Violation: 745.000000
Violation: 140.000000
Violation: 518.000000
Violation: 534.000000
Violation: 530.000000
Violation: 1315.000000
Violation: 888.000000
Violation: 140.000000
Violation: 140.000000
Violation: 487.000000
Violation: 565.000000
Violation: 1046.000000
Violation: 565.000000
Violation: 806.000000
Violation: 640.000000
Violation: 280.000000
Violation: 1030.000000
Violation: 710.000000
Violation: 710.000000
Violation: 442.000000
Violation: 1346.000000
Violation: 231.000000
Violation: 749.000000
Violation: 140.000000
Violation: 750.000000
Violation: 405.000000
Violation: 390.000000
Violation: 1124.000000
Violation: 990.000000
Violation: 420.000000
Violation: 420.000000
Violation: 479.000000
Violation: 231.000000
Violation: 497.000000
Violation: 445.000000
Violation: 285.000000
Violation: 780.000000
Violation: 1630.000000
Violation: 750.000000
Violation: 370.000000
Violation: 650.000000
Violation: 710.000000
Violation: 745.000000
Violation: 1002.000000
Violation: 765.000000
Violation: 750.000000
Violation: 497.000000
Violation: 1770.000000
Violation: 650.000000
Violation: 231.000000
Violation: 511.000000
Violation: 84.000000
Violation: 638.000000
Violation: 1000.000000
Violation: 750.000000
Violation: 280.000000
Violation: 659.000000
Violation: 457.000000
Violation: 1352.000000
Violation: 616.000000
Violation: 140.000000
Violation: 840.000000
Violation: 642.000000
Violation: 1142.000000
Violation: 386.000000
Violation: 1017.000000
Violation: 1055.000000
Violation: 1257.000000
Violation: 784.000000
Violation: 1197.000000
Violation: 427.000000
Violation: 375.000000
Violation: 280.000000
Violation: 655.000000
Violation: 929.000000
Violation: 14.000000
Violation: 1021.000000
Violation: 1190.000000
Violation: 462.000000
Violation: 659.000000
Violation: 125.000000
Violation: 420.000000
Violation: 140.000000
Violation: 318.000000
Violation: 502.000000
Violation: 370.000000
Violation: 655.000000
Violation: 741.000000
Violation: 655.000000
Violation: 255.000000
Violation: 1396.000000
Violation: 514.000000
Violation: 425.000000
Violation: 386.000000
Violation: 637.000000
Violation: 450.000000
Violation: 782.000000
Violation: 70.000000
Violation: 458.000000
Violation: 178.000000
Violation: 381.000000
Violation: 420.000000
Violation: 195.000000
Violation: 386.000000
Violation: 700.000000
Violation: 140.000000
Violation: 862.000000
Violation: 219.000000
Violation: 280.000000
Violation: 710.000000
Violation: 499.000000
Violation: 386.000000
Violation: 424.000000
Violation: 845.000000
Violation: 500.000000
Violation: 175.000000
Violation: 596.000000
Violation: 1096.000000
Violation: 884.000000
Violation: 318.000000
Violation: 418.000000
Violation: 218.000000
Violation: 497.000000
Violation: 68.000000
Violation: 284.000000
Violation: 246.000000
Violation: 793.000000
Violation: 986.000000
Violation: 1060.000000
Violation: 476.000000
Violation: 455.000000
Violation: 235.000000
Violation: 471.000000
Violation: 106.000000
Violation: 742.000000
Violation: 915.000000
Violation: 173.000000
Violation: 375.000000
Violation: 246.000000
Violation: 219.000000
Violation: 250.000000
Violation: 564.000000
Violation: 837.000000
Violation: 862.000000
Violation: 637.000000
Violation: 45.000000
Violation: 1000.000000
Violation: 676.000000
Violation: 638.000000
Violation: 503.000000
Violation: 640.000000
Violation: 378.000000
Violation: 820.000000
Violation: 862.000000
Violation: 515.000000
Violation: 775.000000
Violation: 375.000000
Violation: 508.000000
Violation: 772.000000
Violation: 285.000000
Violation: 856.000000
Violation: 570.000000
Violation: 655.000000
Violation: 881.000000
Violation: 576.000000
Violation: 425.000000
Violation: 922.000000
Violation: 570.000000
Violation: 480.000000
Violation: 375.000000
Violation: 139.000000
Violation: 280.000000
Violation: 301.000000
Violation: 369.000000
Violation: 125.000000
Violation: 671.000000
Violation: 705.000000
Violation: 945.000000
Violation: 246.000000
Violation: 386.000000
Violation: 1090.000000
Violation: 352.000000
Violation: 420.000000
Violation: 526.000000
Violation: 273.000000
Violation: 140.000000
Violation: 545.000000
Violation: 1352.000000
Violation: 399.000000
Violation: 195.000000
Violation: 515.000000
Violation: 135.000000
Violation: 247.000000
Violation: 1096.000000
Violation: 460.000000
Violation: 564.000000
Violation: 142.000000
Violation: 642.000000
Violation: 710.000000
Violation: 1250.000000
Violation: 1207.000000
Violation: 677.000000
Violation: 1300.000000
Violation: 554.000000
Violation: 922.000000
Violation: 650.000000
Violation: 315.000000
Violation: 665.000000
Violation: 225.000000
Violation: 1009.000000
Violation: 375.000000
Violation: 650.000000
Violation: 671.000000
Violation: 176.000000
Violation: 777.000000
Violation: 425.000000
Violation: 135.000000
Violation: 490.000000
Violation: 625.000000
Violation: 922.000000
Violation: 631.000000
Violation: 457.000000
Violation: 356.000000
Violation: 737.000000
Violation: 441.000000
Violation: 213.000000
Violation: 427.000000
Violation: 888.000000
Violation: 240.000000
Violation: 582.000000
Violation: 207.000000
Violation: 541.000000
Violation: 626.000000
Violation: 655.000000
Violation: 493.000000
Violation: 682.000000
Violation: 729.000000
Violation: 659.000000
Violation: 756.000000
Violation: 1125.000000
Violation: 166.000000
Violation: 845.000000
Violation: 845.000000
Violation: 427.000000
Violation: 140.000000
Violation: 541.000000
Violation: 771.000000
Violation: 284.000000
Violation: 700.000000
Violation: 392.000000
Violation: 280.000000
Violation: 33.000000
Violation: 285.000000
Violation: 233.000000
Violation: 386.000000
Violation: 726.000000
Violation: 487.000000
Violation: 125.000000
Violation: 151.000000
Violation: 444.000000
Violation: 1196.000000
Violation: 867.000000
Violation: 965.000000
Violation: 76.000000
Violation: 370.000000
Violation: 497.000000
Violation: 318.000000
Violation: 221.000000
Violation: 34.000000
Violation: 69.000000
Violation: 799.000000
Violation: 915.000000
Violation: 705.000000
Violation: 280.000000
Violation: 265.000000
Violation: 117.000000
Violation: 420.000000
Violation: 159.000000
Violation: 140.000000
Violation: 1102.000000
Violation: 956.000000
Violation: 1427.000000
Violation: 565.000000
Violation: 655.000000
Violation: 133.000000
Violation: 247.000000
Violation: 525.000000
Violation: 953.000000
Violation: 1405.000000
Violation: 448.000000
Violation: 777.000000
Violation: 246.000000
Violation: 615.000000
Violation: 745.000000
Violation: 710.000000
Violation: 492.000000
Violation: 977.000000
408 16
AQUIIII!!16 33 17 46 23 34 24 19 45 48 15 20 47 10 18 49 
AQUIIII!!1 47 33 0 45 34 2 46 4 48 13 3 10 22 25 49 
AQUIIII!!16 10 47 20 17 0 19 48 18 34 22 46 23 33 45 49 
AQUIIII!!48 15 18 24 47 20 45 17 34 23 44 33 16 46 19 49 
AQUIIII!!48 15 18 24 47 20 45 17 34 23 44 33 16 46 19 49 
AQUIIII!!33 19 17 15 23 24 20 16 34 47 48 18 49 45 46 44 
AQUIIII!!49 33 47 25 2 10 5 6 13 34 3 4 48 0 22 1 
AQUIIII!!49 19 47 46 34 37 33 45 1 22 13 20 2 48 0 10 
AQUIIII!!47 16 45 44 24 34 15 48 49 33 23 17 19 20 46 18 
AQUIIII!!49 20 0 48 45 46 18 47 33 34 22 10 19 16 17 23 
AQUIIII!!22 2 13 45 47 20 33 10 37 48 0 1 46 19 34 49 
AQUIIII!!44 45 17 34 15 33 19 48 20 46 47 24 23 16 43 18 
AQUIIII!!17 19 47 22 46 0 23 1 34 10 18 48 33 20 45 49 
AQUIIII!!47 18 46 15 45 24 44 17 48 16 20 49 23 34 33 19 
AQUIIII!!49 48 47 23 33 1 19 20 0 34 18 17 45 22 46 10 
AQUIIII!!49 34 22 46 3 13 4 2 25 5 10 47 1 0 33 48 
AQUIIII!!47 49 46 33 34 10 3 2 22 25 4 0 13 5 1 48 
AQUIIII!!15 45 16 47 48 34 23 17 44 19 33 46 18 24 43 20 
Number of Cuts in the second phase:215
Number of repeat: 190 
Violation: 1025.000000
Violation: 1025.000000
Violation: 1352.000000
Violation: 769.000000
Violation: 705.000000
Violation: 140.000000
Violation: 80.000000
Violation: 935.000000
Violation: 631.000000
Violation: 1112.000000
Violation: 777.000000
Violation: 245.000000
Violation: 650.000000
Violation: 1451.000000
Violation: 910.000000
Violation: 1120.000000
Violation: 555.000000
Violation: 210.000000
Violation: 996.000000
Violation: 318.000000
Violation: 391.000000
Violation: 705.000000
Violation: 525.000000
Violation: 515.000000
Violation: 235.000000
took 3.359866
Optimize a model with 929 rows, 906 columns and 12413 nonzeros
Coefficient statistics:
  Matrix range     [1e+00, 6e+01]
  Objective range  [0e+00, 0e+00]
  Bounds range     [1e+00, 4e+01]
  RHS range        [1e+00, 1e+02]
Presolve removed 294 rows and 107 columns
Presolve time: 0.00s
Presolved: 635 rows, 799 columns, 10786 nonzeros

Iteration    Objective       Primal Inf.    Dual Inf.      Time
       0    0.0000000e+00   4.620005e+01   0.000000e+00      0s
     137    0.0000000e+00   0.000000e+00   0.000000e+00      0s

Solved in 137 iterations and 0.01 seconds
Optimal objective  0.000000000e+00
