j3017_4.mm_s4.txt
Academic license - for non-commercial use only
Read LP format model from file lp/j3017_4.mm.lp
Reading time = 0.01 seconds
: 351 rows, 906 columns, 9053 nonzeros
OKGPU
nThreads: 1024 , nBlocks: 12 
Number cuts generated in the phase 1: 11
Number of repeat: 4 
violation 750.000000
violation 400.000000
violation 420.000000
violation 249.000000
violation 84.000000
violation 139.000000
violation 800.000000
8592 16
AQUIIII!!53 27 24 22 4 51 19 47 48 AQUIIII!!AQUIIII!!11 53 53 20 47 20 21 48 21 31 50 24 9 15 11 8 27 18 18 9 20 19 
AQUIIII!!31 51 53 31 47 16 10 27 22 13 22 50 21 48 11 10 9 22 27 8 23 15 AQUIIII!!15 
51 53 51 47 4 
23 51 13 19 9 3 11 47 14 2 48 20 31 18 
38 28 48 31 27 8 AQUIIII!!21 51 
53 15 50 23 14 21 47 10 9 27 11 22 31 48 AQUIIII!!13 
51 53 20 11 13 15 21 23 10 9 22 48 50 47 31 27 
AQUIIII!!11 48 23 15 47 27 22 50 9 31 10 14 13 AQUIIII!!21 28 51 AQUIIII!!19 53 9 21 
15 27 14 48 23 8 17 2 AQUIIII!!13 38 15 AQUIIII!!25 20 28 21 22 18 8 23 52 31 2 31 51 20 50 10 3 1 27 47 53 0 16 47 48 38 4 51 48 10 AQUIIII!!
19 50 27 51 3 13 16 11 31 11 14 18 53 14 25 27 
9 23 4 27 22 AQUIIII!!21 22 50 47 48 53 13 AQUIIII!!

11 51 11 15 53 13 9 2 52 AQUIIII!!17 28 10 11 16 3 17 21 10 51 27 27 50 53 38 48 15 
8 23 24 19 14 22 18 52 18 AQUIIII!!20 9 50 19 AQUIIII!!31 AQUIIII!!22 51 20 48 4 48 25 20 47 3 50 27 47 15 22 10 29 21 31 53 47 22 27 47 
51 9 8 31 20 19 
9 11 31 31 51 21 51 4 53 8 48 14 AQUIIII!!AQUIIII!!
9 24 9 48 9 11 4 47 22 11 19 51 AQUIIII!!AQUIIII!!AQUIIII!!27 21 18 18 27 27 2 18 24 27 23 22 15 19 27 53 31 48 21 21 20 
53 51 4 9 20 13 
51 31 51 15 21 3 19 11 53 47 8 20 48 51 
AQUIIII!!47 19 31 24 8 28 18 8 19 9 31 47 AQUIIII!!27 48 8 24 18 21 51 10 48 21 15 4 38 15 21 31 24 48 47 20 24 19 20 22 18 11 50 9 10 22 11 53 47 53 11 50 
31 
47 AQUIIII!!8 53 13 24 22 AQUIIII!!
23 4 51 51 47 8 AQUIIII!!22 21 14 48 53 9 18 24 15 
15 27 AQUIIII!!27 51 31 29 52 22 19 53 50 AQUIIII!!14 AQUIIII!!9 50 48 
16 27 9 11 51 27 50 47 21 21 20 51 24 31 15 27 AQUIIII!!17 21 53 9 13 53 15 10 9 13 51 
11 11 20 13 21 20 47 15 27 9 23 11 31 25 23 51 47 47 25 20 53 17 19 27 16 11 10 
48 12 18 10 14 48 52 14 22 47 27 22 15 19 53 4 50 14 
24 13 48 9 31 27 27 22 8 10 21 23 22 3 9 23 11 31 9 50 
53 4 10 19 11 AQUIIII!!18 
51 22 20 16 31 53 2 48 53 47 53 
53 
19 
48 
8 1 18 38 31 28 4 51 21 27 3 
AQUIIII!!53 9 19 27 31 11 51 24 4 8 20 47 22 21 48 18 
AQUIIII!!47 20 1 27 18 48 51 2 8 19 28 4 3 38 31 21 
AQUIIII!!9 27 31 20 4 8 48 21 18 19 29 51 24 3 47 53 
AQUIIII!!10 11 13 27 22 50 15 21 23 47 48 51 9 31 AQUIIII!!14 15 53 48 
47 22 51 10 50 31 21 27 9 20 11 24 19 53 
AQUIIII!!11 23 27 22 50 47 21 9 31 10 51 48 20 13 AQUIIII!!15 53 53 9 
13 23 51 15 10 50 16 27 14 22 11 31 47 48 
AQUIIII!!23 12 11 14 50 16 27 9 AQUIIII!!22 16 17 22 10 13 13 12 25 15 52 14 10 25 50 53 27 
52 AQUIIII!!17 15 48 AQUIIII!!9 10 23 13 47 11 15 50 53 
22 21 10 11 11 51 9 AQUIIII!!17 15 12 7 9 50 28 25 13 14 4 23 52 23 27 31 27 22 16 21 53 31 18 
14 27 53 19 
38 AQUIIII!!8 31 1 9 0 22 2 AQUIIII!!47 47 20 11 AQUIIII!!3 19 27 14 20 15 38 11 
24 19 27 AQUIIII!!20 3 AQUIIII!!9 13 50 4 18 52 27 15 24 51 21 25 20 AQUIIII!!10 48 8 18 51 27 18 27 8 28 10 51 16 51 11 47 23 53 3 AQUIIII!!15 4 
50 9 29 51 16 53 9 21 47 48 9 13 31 9 31 23 51 AQUIIII!!50 22 48 31 15 10 14 53 15 24 2 27 22 31 17 22 48 21 53 19 53 48 13 21 8 
10 
47 48 11 21 50 20 50 21 19 28 47 27 51 AQUIIII!!53 47 19 22 17 23 

48 51 4 31 10 11 38 23 53 14 AQUIIII!!20 AQUIIII!!16 53 53 

27 48 31 10 9 48 50 47 14 47 50 3 17 27 9 27 25 29 31 27 18 4 11 11 51 31 51 15 51 2 13 19 
13 15 3 22 23 24 14 22 20 16 53 21 8 9 
18 52 53 

AQUIIII!!15 14 27 22 10 9 23 13 47 AQUIIII!!51 53 31 31 11 15 48 14 50 AQUIIII!!16 10 53 47 53 23 
11 47 50 48 51 51 16 50 23 13 48 21 13 9 27 15 22 31 9 22 
27 AQUIIII!!14 13 10 22 11 14 
9 31 15 16 10 11 50 23 27 48 47 51 53 
AQUIIII!!53 51 22 31 27 50 11 16 17 14 23 10 13 15 48 9 
AQUIIII!!31 19 24 9 4 18 27 48 47 21 3 20 29 8 51 53 
AQUIIII!!53 15 11 13 16 31 14 AQUIIII!!9 51 AQUIIII!!27 31 53 23 19 27 17 27 13 22 50 17 22 51 16 48 50 10 21 10 11 20 48 52 9 
14 18 50 15 51 11 47 15 24 22 53 25 
9 23 
AQUIIII!!8 27 21 51 48 31 4 9 29 19 18 20 24 47 53 3 
AQUIIII!!53 11 AQUIIII!!AQUIIII!!22 22 15 23 27 20 16 31 48 11 9 31 23 9 14 13 24 50 21 50 52 51 13 22 50 17 27 51 15 19 15 27 10 10 47 11 9 
25 48 53 14 
51 17 10 16 53 
AQUIIII!!13 27 14 23 11 48 47 31 15 9 50 10 21 22 53 AQUIIII!!51 50 
9 14 52 17 10 12 AQUIIII!!27 27 22 13 11 31 23 11 13 15 15 21 25 10 16 9 53 14 
23 48 47 22 50 53 51 
AQUIIII!!51 AQUIIII!!47 20 AQUIIII!!13 27 18 20 11 9 20 51 21 19 19 27 31 9 48 24 9 23 47 50 47 21 10 51 18 22 48 15 31 22 15 27 15 11 11 31 53 48 50 
21 AQUIIII!!53 24 10 
22 15 8 53 11 
50 16 12 9 25 52 17 14 AQUIIII!!27 27 AQUIIII!!48 23 53 11 14 22 51 15 13 48 16 53 9 9 
21 50 13 31 23 20 31 15 AQUIIII!!51 27 11 10 19 18 22 21 47 47 15 50 47 53 22 20 
19 31 11 50 24 22 
48 27 24 10 9 51 53 
AQUIIII!!53 51 15 27 21 10 22 23 31 47 9 50 14 13 11 48 
AQUIIII!!53 9 10 AQUIIII!!22 53 11 21 27 10 AQUIIII!!51 24 48 53 47 31 11 48 50 13 20 14 51 9 23 31 15 13 27 22 15 48 19 21 23 27 47 
51 14 31 10 11 50 50 47 
15 9 16 22 
AQUIIII!!22 11 9 27 21 51 47 48 31 8 15 20 18 19 24 53 
AQUIIII!!50 AQUIIII!!52 50 16 19 27 AQUIIII!!21 15 13 48 22 20 AQUIIII!!23 23 9 27 22 50 24 10 51 47 10 31 31 51 21 51 18 22 10 15 14 48 9 22 27 25 17 11 15 27 15 9 9 51 AQUIIII!!11 48 17 53 47 13 11 14 
20 27 13 50 53 53 12 13 

23 17 16 15 11 9 31 16 53 AQUIIII!!14 
53 AQUIIII!!AQUIIII!!22 21 53 47 23 10 20 24 11 50 15 15 15 50 52 27 21 47 11 11 20 23 10 22 19 13 25 27 47 53 11 51 31 
9 48 48 51 AQUIIII!!9 13 53 10 22 51 51 50 27 47 50 31 31 20 21 22 18 48 10 27 20 53 23 8 

9 19 
11 AQUIIII!!48 53 22 15 9 21 21 9 27 24 50 31 10 
24 47 48 19 22 51 31 20 11 15 
AQUIIII!!21 48 8 22 9 27 11 24 AQUIIII!!31 3 19 38 47 27 18 28 51 8 4 4 20 47 53 21 
51 48 31 18 20 19 2 53 
AQUIIII!!22 27 50 31 17 9 23 51 13 14 10 15 16 48 11 53 
AQUIIII!!53 47 31 21 9 50 24 27 51 15 19 20 22 18 11 48 
AQUIIII!!53 48 8 15 9 18 31 47 24 19 22 21 20 51 27 11 
AQUIIII!!53 11 50 10 27 15 22 17 48 13 16 14 9 31 23 51 
AQUIIII!!9 27 51 15 23 17 25 22 14 16 10 13 52 50 11 53 
AQUIIII!!27 48 22 21 11 18 19 9 24 31 47 8 15 20 53 51 
AQUIIII!!9 19 24 3 48 8 21 51 31 18 27 AQUIIII!!20 29 53 53 15 4 19 47 
51 48 47 50 31 11 27 22 21 24 10 20 9 
AQUIIII!!51 53 4 28 20 19 21 8 18 2 48 38 27 47 31 3 
AQUIIII!!51 19 4 3 20 18 21 31 48 47 38 2 27 8 28 53 
AQUIIII!!53 50 31 10 47 22 23 14 51 48 13 9 11 15 27 21 
AQUIIII!!51 53 10 15 9 AQUIIII!!48 48 13 50 27 22 24 27 21 31 11 9 47 19 31 23 47 14 51 
10 15 22 20 11 21 50 53 
AQUIIII!!53 47 51 24 48 20 22 19 9 15 18 27 8 21 11 31 
AQUIIII!!53 47 11 27 19 AQUIIII!!31 9 19 22 24 48 15 47 AQUIIII!!20 50 15 27 21 50 8 24 22 10 51 51 23 
9 AQUIIII!!13 48 53 52 14 29 47 16 20 23 17 18 9 12 21 22 27 31 51 9 3 14 25 4 27 53 11 21 
10 13 53 10 
31 15 48 11 50 AQUIIII!!
31 21 9 48 51 11 19 50 24 18 47 27 22 20 15 53 
AQUIIII!!53 51 10 22 31 50 27 14 23 48 13 47 9 15 11 21 
AQUIIII!!53 13 23 31 51 14 15 48 22 47 10 11 50 16 27 9 
AQUIIII!!47 51 48 15 11 27 16 22 14 31 13 23 10 50 9 53 
AQUIIII!!53 9 19 51 47 48 20 18 8 24 3 21 4 27 29 31 
AQUIIII!!38 18 28 21 4 2 48 8 51 27 19 31 53 47 20 3 
AQUIIII!!50 51 13 15 22 27 21 23 48 11 47 31 10 14 9 53 
AQUIIII!!53 51 22 14 16 17 15 13 31 23 48 9 27 10 50 11 
AQUIIII!!53 4 3 31 51 47 19 9 20 48 29 18 21 24 27 8 
AQUIIII!!53 51 13 14 9 15 52 10 22 50 27 16 11 17 25 23 
AQUIIII!!53 22 31 51 48 50 9 27 10 20 13 23 15 21 47 11 
AQUIIII!!53 9 22 31 50 17 10 16 23 13 11 15 51 27 48 14 
AQUIIII!!47 15 50 10 22 48 AQUIIII!!31 27 23 19 16 18 13 9 9 47 14 8 51 20 27 15 11 24 53 21 
22 31 51 48 11 53 
AQUIIII!!51 53 50 15 23 10 31 11 9 47 22 21 48 14 13 27 
AQUIIII!!19 20 1 48 31 8 3 51 18 38 2 27 28 21 47 4 
AQUIIII!!53 17 10 22 51 15 13 27 14 23 50 48 16 11 9 31 
AQUIIII!!53 13 22 27 9 11 23 50 15 51 14 10 47 48 31 16 
AQUIIII!!15 24 8 21 20 27 11 22 48 19 47 31 18 51 9 53 
AQUIIII!!53 48 22 47 24 31 21 19 51 50 27 20 11 10 9 15 
AQUIIII!!53 15 10 11 22 23 AQUIIII!!50 53 47 11 22 9 31 13 20 20 19 21 18 31 15 48 27 51 50 47 27 9 
24 48 51 21 
AQUIIII!!53 23 22 10 15 48 21 9 11 14 47 31 13 51 50 27 
AQUIIII!!8 48 20 21 24 31 29 9 51 47 19 3 27 4 18 53 
AQUIIII!!47 21 53 51 4 3 8 29 27 9 18 24 31 48 20 19 AQUIIII!!
53 20 10 51 47 9 27 50 11 13 22 31 21 23 15 48 
AQUIIII!!53 10 22 16 17 31 9 51 14 23 27 50 15 11 48 13 
AQUIIII!!53 24 47 22 27 20 48 18 9 8 21 11 31 51 19 4 
AQUIIII!!53 10 15 47 9 27 48 31 21 13 23 51 50 22 20 11 
AQUIIII!!21 1 47 8 31 18 2 4 27 AQUIIII!!38 18 0 20 3 28 48 0 28 48 19 4 20 8 
38 1 2 19 31 27 3 47 21 
AQUIIII!!47 53 4 24 9 31 48 19 AQUIIII!!11 22 27 51 51 8 48 18 4 21 27 22 20 24 
47 11 8 21 20 18 19 9 31 53 
AQUIIII!!53 51 50 23 17 9 11 31 27 14 10 15 16 13 22 48 
AQUIIII!!53 10 15 11 17 23 16 13 51 9 50 22 27 52 25 14 
AQUIIII!!53 15 27 21 18 24 8 9 11 51 47 31 19 20 48 22 
AQUIIII!!48 51 15 23 22 10 20 47 21 31 50 9 27 13 11 53 
AQUIIII!!18 29 21 3 47 31 4 20 19 9 48 8 51 24 27 53 
AQUIIII!!53 27 21 20 3 18 29 8 48 31 9 24 47 4 19 51 
AQUIIII!!53 4 47 2 20 48 18 19 28 38 21 27 3 8 31 51 
AQUIIII!!53 21 3 47 8 24 9 48 31 19 4 51 27 18 20 29 
AQUIIII!!53 51 11 10 20 48 27 31 15 47 22 21 23 9 13 50 
AQUIIII!!53 20 48 27 AQUIIII!!15 53 51 15 10 8 24 51 50 21 9 47 21 18 11 11 19 22 31 31 47 9 22 19 
48 24 20 27 
AQUIIII!!53 17 23 14 27 22 16 13 52 15 12 9 10 11 50 25 
AQUIIII!!53 48 31 27 10 47 21 19 9 22 11 20 51 50 24 15 
AQUIIII!!11 20 15 19 47 31 24 21 10 48 9 27 22 50 53 51 
AQUIIII!!20 47 4 9 8 48 21 53 31 11 18 22 24 19 27 51 
AQUIIII!!53 51 47 21 31 20 4 9 3 8 29 18 48 19 24 27 
AQUIIII!!53 47 15 11 51 50 22 48 23 10 21 27 13 31 9 14 
AQUIIII!!53 15 11 31 19 47 18 24 51 8 22 21 48 20 27 9 
AQUIIII!!51 53 20 21 24 47 27 19 8 18 31 29 48 9 3 4 
AQUIIII!!53 9 23 51 14 11 25 50 10 27 16 52 17 15 22 13 
AQUIIII!!29 8 48 4 18 24 31 20 21 27 3 19 9 47 53 51 
AQUIIII!!53 51 18 27 2 4 48 8 38 3 19 28 31 20 21 47 
AQUIIII!!53 15 50 22 31 48 23 9 13 AQUIIII!!14 53 51 48 10 18 27 19 21 3 47 4 AQUIIII!!24 11 21 20 
21 4 47 47 31 18 8 2 51 27 38 9 28 29 
3 19 7 31 0 8 20 27 1 
AQUIIII!!53 10 50 16 15 52 11 13 12 25 AQUIIII!!9 53 14 13 23 22 17 27 27 22 9 
48 23 16 10 47 50 51 15 11 14 31 
AQUIIII!!53 28 19 4 2 3 38 20 18 31 27 51 48 21 47 8 
AQUIIII!!53 51 AQUIIII!!15 9 53 21 48 47 15 48 22 11 11 22 50 18 51 19 10 20 16 31 24 23 27 31 
27 50 14 9 13 47 
AQUIIII!!53 25 14 23 27 50 51 16 17 9 52 13 15 22 11 10 
AQUIIII!!53 50 AQUIIII!!22 10 53 14 51 27 47 11 13 22 16 11 48 51 47 48 24 15 9 27 31 15 23 
20 31 21 9 50 10 19 
AQUIIII!!17 53 15 14 11 13 22 23 52 16 10 27 25 51 50 9 
AQUIIII!!53 11 27 48 4 51 8 19 31 21 47 22 18 9 24 20 
AQUIIII!!53 2 27 38 8 19 20 47 28 51 4 48 21 3 31 18 
AQUIIII!!51 53 18 8 31 47 24 27 4 3 29 19 9 48 20 21 
AQUIIII!!53 50 27 17 13 16 25 11 52 10 12 23 14 9 22 15 
AQUIIII!!53 22 27 48 19 15 24 11 47 31 20 9 18 21 51 AQUIIII!!8 53 
31 15 10 50 22 9 13 11 51 27 47 21 48 20 23 
Number of Cuts in the second phase:5803
Number of repeat: 5594 
Violation: 500.000000
Violation: 500.000000
Violation: 84.000000
Violation: 600.000000
Violation: 136.000000
Violation: 600.000000
Violation: 600.000000
Violation: 284.000000
Violation: 500.000000
Violation: 252.000000
Violation: 200.000000
Violation: 1000.000000
Violation: 168.000000
Violation: 568.000000
Violation: 110.000000
Violation: 200.000000
Violation: 1200.000000
Violation: 400.000000
Violation: 200.000000
Violation: 500.000000
Violation: 250.000000
Violation: 245.000000
Violation: 200.000000
Violation: 55.000000
Violation: 107.000000
Violation: 200.000000
Violation: 1000.000000
Violation: 66.000000
Violation: 200.000000
Violation: 500.000000
Violation: 533.000000
Violation: 600.000000
Violation: 55.000000
Violation: 900.000000
Violation: 200.000000
Violation: 556.000000
Violation: 84.000000
Violation: 400.000000
Violation: 1050.000000
Violation: 168.000000
Violation: 250.000000
Violation: 833.000000
Violation: 1000.000000
Violation: 700.000000
Violation: 500.000000
Violation: 600.000000
Violation: 315.000000
Violation: 333.000000
Violation: 700.000000
Violation: 1.000000
Violation: 521.000000
Violation: 200.000000
Violation: 100.000000
Violation: 450.000000
Violation: 400.000000
Violation: 200.000000
Violation: 500.000000
Violation: 571.000000
Violation: 500.000000
Violation: 334.000000
Violation: 500.000000
Violation: 500.000000
Violation: 34.000000
Violation: 400.000000
Violation: 400.000000
Violation: 200.000000
Violation: 368.000000
Violation: 50.000000
Violation: 200.000000
Violation: 194.000000
Violation: 200.000000
Violation: 526.000000
Violation: 196.000000
Violation: 800.000000
Violation: 400.000000
Violation: 136.000000
Violation: 600.000000
Violation: 33.000000
Violation: 86.000000
Violation: 250.000000
Violation: 684.000000
Violation: 39.000000
Violation: 167.000000
Violation: 250.000000
Violation: 1100.000000
Violation: 249.000000
Violation: 251.000000
Violation: 299.000000
Violation: 100.000000
Violation: 156.000000
Violation: 214.000000
Violation: 533.000000
Violation: 200.000000
Violation: 1000.000000
Violation: 284.000000
Violation: 200.000000
Violation: 1150.000000
Violation: 385.000000
Violation: 1142.000000
Violation: 400.000000
Violation: 167.000000
Violation: 600.000000
Violation: 165.000000
Violation: 396.000000
Violation: 500.000000
Violation: 600.000000
Violation: 200.000000
Violation: 334.000000
Violation: 484.000000
Violation: 200.000000
Violation: 571.000000
Violation: 500.000000
Violation: 346.000000
Violation: 284.000000
Violation: 655.000000
Violation: 710.000000
Violation: 600.000000
Violation: 284.000000
Violation: 167.000000
Violation: 500.000000
Violation: 250.000000
Violation: 533.000000
Violation: 250.000000
Violation: 684.000000
Violation: 272.000000
Violation: 200.000000
Violation: 55.000000
Violation: 250.000000
Violation: 800.000000
Violation: 1000.000000
Violation: 284.000000
Violation: 450.000000
Violation: 1200.000000
Violation: 600.000000
Violation: 50.000000
Violation: 97.000000
Violation: 132.000000
Violation: 500.000000
Violation: 200.000000
Violation: 333.000000
Violation: 221.000000
Violation: 833.000000
Violation: 1000.000000
Violation: 101.000000
Violation: 396.000000
Violation: 418.000000
Violation: 226.000000
Violation: 106.000000
Violation: 194.000000
Violation: 600.000000
Violation: 1000.000000
Violation: 26.000000
Violation: 600.000000
Violation: 51.000000
Violation: 333.000000
Violation: 1250.000000
Violation: 1000.000000
Violation: 283.000000
Violation: 333.000000
Violation: 400.000000
Violation: 191.000000
Violation: 138.000000
Violation: 500.000000
Violation: 283.000000
Violation: 84.000000
Violation: 500.000000
Violation: 381.000000
Violation: 196.000000
Violation: 33.000000
Violation: 750.000000
Violation: 226.000000
Violation: 200.000000
Violation: 204.000000
Violation: 200.000000
Violation: 133.000000
Violation: 396.000000
Violation: 31.000000
Violation: 533.000000
Violation: 372.000000
Violation: 768.000000
Violation: 359.000000
Violation: 33.000000
Violation: 110.000000
Violation: 142.000000
Violation: 231.000000
Violation: 833.000000
Violation: 850.000000
Violation: 168.000000
Violation: 333.000000
Violation: 600.000000
Violation: 350.000000
Violation: 533.000000
Violation: 396.000000
Violation: 600.000000
Violation: 200.000000
Violation: 582.000000
Violation: 600.000000
Violation: 600.000000
Violation: 223.000000
Violation: 200.000000
Violation: 33.000000
Violation: 684.000000
Violation: 250.000000
Violation: 600.000000
Violation: 350.000000
Violation: 800.000000
Violation: 600.000000
Violation: 50.000000
Violation: 750.000000
8592 16
AQUIIII!!53 AQUIIII!!51 53 16 48 48 4 51 31 3 13 18 11 20 17 27 27 28 9 8 14 19 22 47 15 AQUIIII!!21 53 10 38 AQUIIII!!50 48 31 53 23 4 27 2 
11 18 
11 31 22 8 48 31 AQUIIII!!19 27 53 15 20 23 20 51 20 8 21 21 9 9 50 24 47 47 21 24 51 51 22 27 47 31 19 48 18 
9 
15 22 11 10 13 
AQUIIII!!51 53 47 20 48 15 19 21 11 24 9 31 50 10 22 27 
AQUIIII!!47 53 51 31 15 8 11 19 9 20 27 22 48 18 24 21 
AQUIIII!!27 15 9 21 10 19 24 48 50 11 51 31 22 47 20 53 
AQUIIII!!18 8 9 48 24 3 AQUIIII!!20 24 29 19 51 48 19 18 21 27 31 20 27 8 53 47 47 22 4 
11 9 31 21 4 AQUIIII!!53 47 38 51 AQUIIII!!3 
11 AQUIIII!!AQUIIII!!AQUIIII!!18 21 20 9 28 48 27 48 19 9 48 20 21 50 31 19 38 4 15 15 4 31 31 9 29 8 48 27 31 27 47 47 2 20 18 13 51 24 1 19 31 48 18 19 8 22 3 47 11 21 8 51 21 22 28 21 2 51 18 3 4 53 23 8 51 20 51 53 47 10 27 


27 20 53 24 
53 AQUIIII!!53 
8 48 AQUIIII!!AQUIIII!!4 51 25 3 23 22 18 31 10 51 9 11 29 22 13 AQUIIII!!21 11 15 8 19 13 51 20 31 21 17 18 AQUIIII!!47 47 52 31 10 18 27 23 48 21 20 50 19 15 9 24 3 21 27 14 9 48 15 50 
16 20 27 47 48 53 53 AQUIIII!!AQUIIII!!2 
31 
50 27 11 21 24 48 9 28 13 22 15 48 19 27 47 38 15 22 20 9 27 4 23 AQUIIII!!51 20 23 51 31 4 11 22 8 53 AQUIIII!!47 51 16 11 10 
50 9 19 47 27 53 51 18 
51 13 AQUIIII!!20 38 53 31 27 AQUIIII!!11 
27 15 10 20 AQUIIII!!24 28 12 14 12 4 AQUIIII!!18 50 21 50 AQUIIII!!16 50 8 15 13 51 8 8 10 16 19 28 25 53 20 31 14 27 18 22 48 22 
48 50 38 48 9 21 10 4 20 22 27 23 9 17 2 AQUIIII!!3 11 AQUIIII!!21 31 28 48 22 14 25 2 AQUIIII!!47 18 13 48 31 52 47 48 19 13 53 21 13 21 51 16 47 22 10 27 15 47 51 23 10 9 47 50 2 31 10 11 23 
3 22 23 27 22 19 15 21 53 17 15 11 31 10 AQUIIII!!50 31 AQUIIII!!38 47 23 
51 52 53 25 51 AQUIIII!!15 27 48 9 27 
22 53 27 53 14 14 47 31 9 48 
AQUIIII!!53 51 13 27 47 
9 53 8 50 11 AQUIIII!!AQUIIII!!15 27 11 
48 3 50 23 22 22 23 51 19 50 27 27 15 47 4 
9 13 15 16 11 14 23 17 27 13 11 8 53 14 AQUIIII!!23 47 53 17 
21 22 9 11 9 
50 25 15 25 19 9 16 14 21 51 15 10 51 20 31 52 9 52 24 27 22 50 53 48 27 16 17 13 31 51 15 27 12 14 13 10 11 11 
12 31 20 53 
19 13 23 14 11 9 52 18 9 22 18 31 AQUIIII!!10 47 24 10 18 14 11 14 20 24 53 53 22 23 15 53 21 
16 51 27 48 51 53 
16 16 8 

53 9 25 
13 11 50 31 9 48 47 11 53 17 AQUIIII!!
23 10 15 AQUIIII!!9 52 52 AQUIIII!!25 AQUIIII!!51 12 13 51 24 31 22 11 12 47 27 53 16 16 9 47 
17 23 18 48 15 27 15 21 50 17 19 14 9 31 14 13 20 10 8 15 27 50 3 21 22 9 20 48 25 11 19 22 10 27 29 8 53 52 18 11 
22 51 53 53 4 

24 53 
AQUIIII!!24 20 22 47 50 27 18 15 19 51 31 21 11 9 48 53 
AQUIIII!!20 27 11 22 47 18 24 9 50 AQUIIII!!19 9 31 25 15 52 48 27 22 21 11 53 17 51 50 
15 23 10 13 14 16 51 53 
AQUIIII!!53 27 20 51 22 50 9 31 48 21 AQUIIII!!10 53 23 10 27 15 11 22 13 13 31 47 11 
50 AQUIIII!!47 21 23 15 20 14 16 15 9 47 48 51 11 
18 8 19 31 AQUIIII!!9 20 22 8 27 31 48 21 24 24 27 51 51 53 19 
29 3 4 9 18 48 47 53 
AQUIIII!!AQUIIII!!51 53 11 16 51 14 9 AQUIIII!!31 AQUIIII!!24 29 50 20 24 21 27 4 19 19 48 8 10 31 22 47 9 9 22 10 24 47 48 AQUIIII!!AQUIIII!!47 11 27 31 18 13 13 31 15 11 23 22 3 50 15 11 8 15 27 10 17 20 53 
9 47 27 
48 47 51 20 AQUIIII!!20 31 21 21 16 48 19 27 10 27 21 21 15 48 48 50 9 3 31 23 11 AQUIIII!!50 14 2 47 19 53 19 3 22 47 21 
51 18 31 53 AQUIIII!!48 18 53 AQUIIII!!4 38 51 13 27 4 22 24 
2 
14 9 48 20 AQUIIII!!38 4 24 23 AQUIIII!!31 8 11 18 51 8 17 1 9 22 0 53 51 52 8 47 28 23 
19 11 25 10 48 20 22 21 27 
15 22 51 10 9 AQUIIII!!11 16 51 31 4 15 16 48 9 27 13 18 AQUIIII!!48 9 10 28 13 47 53 47 22 23 53 50 22 21 20 29 31 
11 27 15 3 52 AQUIIII!!50 9 20 50 53 24 14 17 19 27 13 48 12 51 53 14 27 51 27 
53 31 3 10 
53 31 47 19 AQUIIII!!AQUIIII!!AQUIIII!!53 
16 13 23 20 51 53 
11 51 27 13 8 4 50 13 25 17 9 21 15 12 51 9 AQUIIII!!4 31 8 11 15 48 48 20 31 50 21 31 20 31 47 29 27 10 27 48 9 22 24 23 10 47 13 11 27 20 53 50 15 23 9 
19 18 14 21 48 21 18 21 22 16 9 9 47 15 27 22 
22 51 10 
11 31 27 23 23 48 20 53 51 AQUIIII!!50 50 
15 13 11 53 22 
10 
47 47 9 AQUIIII!!53 31 53 
50 9 23 11 14 31 11 15 15 50 27 22 16 13 48 AQUIIII!!17 10 53 10 51 16 53 51 
14 27 23 50 27 47 31 51 48 11 9 
18 24 21 19 48 15 22 20 
AQUIIII!!51 53 31 27 48 15 10 47 50 9 14 21 23 11 13 22 
AQUIIII!!18 20 48 4 8 2 21 27 19 3 28 38 47 31 51 AQUIIII!!53 47 
10 31 AQUIIII!!48 10 19 22 50 13 11 23 21 14 51 9 24 25 9 16 15 27 27 52 20 50 22 12 53 11 
15 53 17 
AQUIIII!!4 31 19 20 AQUIIII!!27 18 8 21 28 8 38 19 2 0 3 20 21 1 AQUIIII!!18 7 20 27 48 27 51 47 48 53 3 21 47 28 AQUIIII!!31 
31 22 AQUIIII!!29 2 25 53 8 4 17 31 3 38 16 20 19 
AQUIIII!!27 24 4 11 10 47 48 9 11 13 50 24 21 14 51 22 18 9 14 10 52 53 27 48 13 47 15 29 23 27 51 9 3 51 
15 9 51 53 31 4 
23 18 50 8 16 AQUIIII!!47 53 21 19 
8 
7 20 19 2 18 0 4 3 27 38 47 31 28 1 
AQUIIII!!53 14 13 22 52 51 27 9 25 10 23 50 17 11 16 15 
AQUIIII!!53 22 11 AQUIIII!!24 31 4 18 50 8 19 14 31 15 27 20 51 48 47 9 21 11 9 51 13 
23 48 47 22 27 AQUIIII!!AQUIIII!!10 20 16 21 21 27 47 53 50 11 
4 31 18 47 AQUIIII!!24 13 15 48 9 23 23 31 AQUIIII!!14 14 51 22 27 10 20 13 11 15 21 19 11 22 31 9 9 27 47 53 16 48 
3 10 51 29 50 24 8 51 8 53 22 19 25 
48 17 18 9 27 4 52 53 53 51 

AQUIIII!!14 16 31 10 22 50 11 47 15 13 9 23 51 AQUIIII!!27 51 48 53 53 27 
48 20 28 31 2 19 38 3 21 47 8 18 4 
AQUIIII!!53 51 13 22 23 48 47 10 11 16 31 50 27 14 15 9 AQUIIII!!
31 AQUIIII!!18 21 8 47 19 4 27 51 51 20 20 11 28 18 2 22 47 53 53 31 48 3 48 4 24 21 27 38 8 
9 19 
AQUIIII!!15 10 31 50 23 22 47 11 51 27 14 48 21 9 13 53 
AQUIIII!!50 11 47 31 9 16 51 14 10 22 48 23 27 13 15 53 
AQUIIII!!48 31 21 24 9 20 18 47 27 11 51 8 22 19 15 53 
AQUIIII!!38 0 20 27 31 3 28 8 7 AQUIIII!!18 51 4 22 19 25 2 11 1 17 10 47 9 21 15 
27 50 16 52 13 23 14 53 
AQUIIII!!AQUIIII!!22 24 31 31 17 27 48 21 50 15 11 20 13 48 51 11 15 19 23 18 10 22 16 50 14 47 27 9 9 51 53 
53 
AQUIIII!!4 27 48 31 18 AQUIIII!!21 50 24 20 22 22 19 AQUIIII!!48 47 51 15 9 19 21 20 18 47 51 9 11 27 47 8 24 24 53 22 
21 11 27 20 15 48 31 AQUIIII!!51 11 53 50 53 24 
19 47 18 51 31 9 9 27 53 20 
15 50 19 11 48 18 22 21 31 
AQUIIII!!51 47 15 50 14 9 23 27 11 10 13 31 48 22 21 53 
AQUIIII!!50 25 22 23 52 13 10 27 11 51 15 14 17 9 16 53 
AQUIIII!!2 AQUIIII!!19 53 31 9 28 20 48 48 51 51 47 27 38 18 3 4 21 31 27 21 18 19 20 3 8 4 8 29 24 53 
47 
AQUIIII!!11 9 31 27 51 19 48 21 15 20 22 18 47 8 24 53 
AQUIIII!!31 51 20 27 18 24 47 48 19 21 4 22 11 8 9 53 
AQUIIII!!53 50 23 9 13 10 15 14 16 48 51 11 27 31 22 47 
AQUIIII!!21 38 31 3 4 48 2 20 47 18 27 51 28 AQUIIII!!17 19 51 8 53 53 48 14 
27 15 9 16 31 13 50 22 11 10 23 
AQUIIII!!50 AQUIIII!!11 23 14 17 9 27 16 AQUIIII!!25 17 17 22 10 53 15 13 50 12 23 9 27 16 52 16 15 25 23 10 22 51 12 13 50 15 9 11 52 14 53 14 22 
53 27 
10 52 25 13 11 
AQUIIII!!9 13 14 23 16 11 51 22 AQUIIII!!50 53 27 11 15 24 52 AQUIIII!!51 25 53 22 10 19 19 17 31 47 53 21 15 
48 20 AQUIIII!!47 50 21 18 47 22 20 9 24 50 11 24 48 27 9 15 31 19 20 8 48 
51 51 27 18 15 27 31 11 21 9 22 18 
53 
AQUIIII!!27 4 28 3 31 2 47 20 48 38 19 21 8 51 18 53 
AQUIIII!!53 24 AQUIIII!!AQUIIII!!10 20 51 47 9 53 48 29 11 21 22 47 18 27 18 31 50 9 3 19 22 21 4 24 47 9 15 8 19 31 21 48 20 31 8 51 11 24 20 
19 27 51 15 53 27 
48 
AQUIIII!!48 31 21 47 24 9 19 18 8 22 AQUIIII!!51 23 11 22 15 25 27 27 20 17 53 9 
13 11 15 10 51 52 16 50 14 53 
AQUIIII!!11 23 15 22 14 31 48 47 16 9 27 10 50 13 53 51 
AQUIIII!!53 10 27 13 17 16 11 9 12 50 14 25 15 52 22 23 
AQUIIII!!11 15 24 27 21 51 48 31 18 19 47 20 22 9 50 53 
AQUIIII!!53 22 11 17 14 51 15 25 27 23 52 9 16 10 50 13 
AQUIIII!!51 47 9 11 31 48 22 24 18 19 AQUIIII!!20 11 8 48 21 22 27 15 47 53 8 
27 18 9 24 20 31 AQUIIII!!53 19 50 15 15 27 13 21 52 53 25 9 11 51 22 17 
23 14 10 12 16 
AQUIIII!!22 9 15 21 24 47 48 31 20 11 50 19 51 27 18 53 
AQUIIII!!53 13 47 22 20 AQUIIII!!31 53 48 50 9 23 27 9 10 22 15 16 21 27 51 13 11 51 50 11 23 31 
17 15 10 48 14 
AQUIIII!!29 3 21 47 19 48 8 4 51 20 18 27 31 24 9 53 
AQUIIII!!8 48 18 4 27 3 20 24 19 21 9 47 31 29 53 51 
AQUIIII!!53 10 31 51 16 11 23 48 14 27 17 13 50 22 9 15 
AQUIIII!!17 53 22 11 52 50 27 9 14 12 16 13 15 10 23 25 
AQUIIII!!31 47 15 51 27 9 22 48 21 10 23 11 50 20 13 53 
AQUIIII!!13 23 27 15 10 50 48 11 51 31 16 22 17 9 14 53 
AQUIIII!!23 27 14 AQUIIII!!50 53 47 27 13 9 9 52 15 17 22 22 21 14 10 10 51 15 51 11 13 31 16 48 23 53 11 
25 50 
AQUIIII!!53 31 22 9 27 11 15 47 19 21 48 50 20 24 18 51 
AQUIIII!!53 24 10 51 15 11 48 31 19 20 47 50 9 21 27 22 
AQUIIII!!51 53 23 13 11 14 15 22 9 16 50 17 31 10 48 27 
AQUIIII!!53 16 48 27 14 23 50 51 10 9 15 31 47 22 11 13 
AQUIIII!!53 9 22 50 15 17 27 16 14 10 31 23 48 11 51 13 
AQUIIII!!53 11 27 48 22 19 8 24 31 18 20 51 21 9 47 15 
AQUIIII!!47 21 4 28 27 0 19 2 38 48 31 1 18 20 8 3 
AQUIIII!!53 8 3 38 31 18 21 28 4 20 19 27 47 2 48 51 
AQUIIII!!53 50 9 17 23 11 10 16 48 22 31 15 14 27 13 51 
AQUIIII!!53 18 31 19 11 50 51 21 22 27 20 9 24 15 48 47 
AQUIIII!!53 22 11 51 9 48 19 4 21 18 27 8 20 47 24 31 
AQUIIII!!53 14 9 52 17 16 50 10 27 23 15 11 25 51 22 13 
AQUIIII!!53 16 25 9 17 13 23 27 15 10 52 11 14 50 22 12 
AQUIIII!!53 27 24 50 47 20 9 48 21 51 22 19 11 31 10 15 
AQUIIII!!53 20 21 22 11 47 51 18 AQUIIII!!9 53 19 31 24 51 9 31 24 27 22 8 15 48 48 10 4 19 21 
27 50 20 47 11 
AQUIIII!!53 51 50 11 22 13 10 9 48 14 31 47 23 27 15 21 
AQUIIII!!53 9 50 20 19 11 48 22 31 10 15 24 27 47 51 21 
AQUIIII!!3 20 47 19 38 1 7 27 21 4 8 18 0 28 2 31 
AQUIIII!!53 50 16 51 22 17 14 27 15 31 11 13 48 23 9 10 
AQUIIII!!53 13 12 16 15 22 23 52 50 27 17 14 11 25 10 9 
AQUIIII!!53 28 48 2 8 27 19 18 4 51 3 47 31 38 21 20 
AQUIIII!!53 10 13 31 23 48 11 15 9 22 21 14 27 50 51 47 
AQUIIII!!53 15 24 31 11 51 47 10 22 50 9 21 20 48 27 19 
AQUIIII!!51 53 19 31 9 11 48 20 24 22 47 50 27 15 21 18 
AQUIIII!!53 47 21 11 20 22 51 10 24 9 27 48 31 15 19 50 
AQUIIII!!53 51 27 52 13 25 11 10 50 17 15 14 16 9 22 23 
AQUIIII!!53 16 10 12 15 17 11 27 50 14 22 25 23 9 13 52 
AQUIIII!!53 27 10 16 22 23 47 15 51 48 13 31 11 14 50 9 
AQUIIII!!53 23 17 50 22 27 25 13 9 14 11 16 15 10 51 52 
AQUIIII!!11 48 51 24 9 20 15 50 18 22 31 19 47 27 21 53 
AQUIIII!!53 15 9 51 8 24 21 31 47 11 48 18 27 22 20 19 
AQUIIII!!53 52 9 11 13 14 50 15 25 23 16 27 22 10 51 17 
AQUIIII!!53 3 38 4 47 48 19 51 31 21 18 28 2 8 20 27 
Number of Cuts in the second phase:5681
Number of repeat: 5596 
Violation: 221.000000
Violation: 500.000000
Violation: 50.000000
Violation: 800.000000
Violation: 650.000000
Violation: 200.000000
Violation: 142.000000
Violation: 50.000000
Violation: 200.000000
Violation: 655.000000
Violation: 400.000000
Violation: 400.000000
Violation: 33.000000
Violation: 500.000000
Violation: 181.000000
Violation: 733.000000
Violation: 33.000000
Violation: 333.000000
Violation: 250.000000
Violation: 110.000000
Violation: 750.000000
Violation: 933.000000
Violation: 1083.000000
Violation: 333.000000
Violation: 100.000000
Violation: 185.000000
Violation: 83.000000
Violation: 245.000000
Violation: 20.000000
Violation: 833.000000
Violation: 750.000000
Violation: 200.000000
Violation: 83.000000
Violation: 1226.000000
Violation: 200.000000
Violation: 850.000000
Violation: 365.000000
Violation: 474.000000
Violation: 650.000000
Violation: 333.000000
Violation: 191.000000
Violation: 26.000000
Violation: 396.000000
Violation: 583.000000
Violation: 300.000000
Violation: 400.000000
Violation: 100.000000
Violation: 450.000000
Violation: 1450.000000
Violation: 245.000000
Violation: 633.000000
Violation: 84.000000
Violation: 250.000000
Violation: 333.000000
Violation: 300.000000
Violation: 596.000000
Violation: 185.000000
Violation: 900.000000
Violation: 983.000000
Violation: 833.000000
Violation: 200.000000
Violation: 136.000000
Violation: 933.000000
Violation: 114.000000
Violation: 368.000000
Violation: 950.000000
Violation: 484.000000
Violation: 110.000000
Violation: 1083.000000
Violation: 400.000000
Violation: 388.000000
Violation: 50.000000
Violation: 33.000000
Violation: 102.000000
Violation: 833.000000
Violation: 900.000000
Violation: 97.000000
Violation: 360.000000
Violation: 348.000000
Violation: 214.000000
Violation: 400.000000
Violation: 933.000000
Violation: 833.000000
Violation: 800.000000
Violation: 200.000000
816 16
AQUIIII!!9 11 16 52 23 50 27 17 22 15 25 10 51 13 14 53 
AQUIIII!!11 48 47 27 22 4 24 20 21 18 31 AQUIIII!!51 9 15 8 17 19 25 53 16 
23 10 13 51 27 50 14 22 11 52 9 53 
AQUIIII!!53 9 11 22 14 27 17 13 52 50 15 10 51 25 16 23 
AQUIIII!!14 50 23 27 17 11 15 10 22 13 52 9 12 25 16 53 
AQUIIII!!18 27 48 3 20 51 2 19 28 8 47 21 31 53 38 4 
AQUIIII!!20 11 15 19 51 24 22 18 9 47 27 21 31 8 48 53 
AQUIIII!!51 53 11 21 18 22 24 15 20 9 48 8 31 47 19 27 
AQUIIII!!3 8 27 47 9 31 51 18 4 24 48 19 29 20 21 53 
AQUIIII!!53 31 11 27 9 15 23 47 22 51 13 21 14 50 48 10 
AQUIIII!!24 21 31 9 20 50 47 22 15 51 27 11 19 48 18 53 
AQUIIII!!53 51 47 4 27 48 3 28 21 38 2 18 19 31 8 20 
AQUIIII!!51 53 10 31 9 11 27 14 16 23 13 50 22 48 47 15 
AQUIIII!!53 27 15 17 51 22 10 16 9 52 11 25 23 14 50 13 
AQUIIII!!51 53 3 4 27 21 24 8 47 48 18 31 19 20 9 29 
AQUIIII!!53 27 47 51 21 48 22 10 11 50 13 23 31 20 9 15 
Number of Cuts in the second phase:548
Number of repeat: 540 
Violation: 50.000000
Violation: 1000.000000
Violation: 1083.000000
Violation: 433.000000
Violation: 400.000000
Violation: 333.000000
Violation: 400.000000
Violation: 136.000000
took 5.205215
Optimize a model with 670 rows, 906 columns and 10448 nonzeros
Coefficient statistics:
  Matrix range     [1e+00, 4e+01]
  Objective range  [0e+00, 0e+00]
  Bounds range     [1e+00, 4e+01]
  RHS range        [1e+00, 1e+02]
Presolve removed 402 rows and 107 columns
Presolve time: 0.00s
Presolved: 268 rows, 799 columns, 8586 nonzeros

Iteration    Objective       Primal Inf.    Dual Inf.      Time
       0    0.0000000e+00   4.614294e+01   0.000000e+00      0s
     105    0.0000000e+00   0.000000e+00   0.000000e+00      0s

Solved in 105 iterations and 0.01 seconds
Optimal objective  0.000000000e+00
