j1201_1.sm_s1.txt
Academic license - for non-commercial use only
Read LP format model from file lp/j1201_1.sm.lp
Reading time = 0.03 seconds
: 1196 rows, 5432 columns, 62759 nonzeros
OKGPU
nThreads: 1024 , nBlocks: 12 
Number cuts generated in the phase 1: 33
Number of repeat: 7 
violation 334.000000
violation 145.000000
violation 234.000000
violation 288.000000
violation 207.000000
violation 63.000000
violation 293.000000
violation 390.000000
violation 467.000000
violation 142.000000
violation 168.000000
violation 458.000000
violation 370.000000
violation 757.000000
violation 859.000000
violation 859.000000
violation 857.000000
violation 637.000000
violation 637.000000
violation 557.000000
violation 164.000000
violation 21.000000
violation 523.000000
violation 445.000000
violation 495.000000
violation 37.000000
8592 8
AQUIIII!!85 40 39 81 41 115 114 113 
AQUIIII!!85 40 39 81 41 115 AQUIIII!!114 36 113 75 111 
108 116 110 86 112 
AQUIIII!!81 42 58 35 115 114 34 113 AQUIIII!!
81 41 114 115 85 AQUIIII!!113 117 34 86 35 
116 108 112 110 111 85 
AQUIIII!!116 112 111 AQUIIII!!86 86 118 117 119 117 116 85 112 
110 85 108 111 
AQUIIII!!36 75 116 110 86 111 108 112 
AQUIIII!!81 85 113 AQUIIII!!AQUIIII!!115 35 113 81 115 114 41 AQUIIII!!85 114 34 81 41 41 114 34 41 81 34 113 AQUIIII!!35 35 85 
114 
115 35 115 114 115 113 85 
40 34 41 113 AQUIIII!!85 81 
34 85 81 115 
39 114 41 AQUIIII!!113 81 40 85 
AQUIIII!!34 42 114 58 AQUIIII!!113 115 86 113 114 75 115 35 36 AQUIIII!!41 35 111 27 81 
108 111 34 116 110 
112 36 110 75 
86 32 108 AQUIIII!!AQUIIII!!
117 34 118 110 35 85 42 AQUIIII!!111 114 112 81 116 115 58 86 AQUIIII!!113 113 AQUIIII!!
41 112 114 86 AQUIIII!!85 116 115 36 111 86 34 
75 108 85 40 86 111 AQUIIII!!81 117 85 
110 AQUIIII!!117 117 110 110 112 32 86 85 
AQUIIII!!112 108 117 116 111 111 108 108 111 
116 110 118 111 112 
110 86 85 116 112 117 116 112 AQUIIII!!86 85 
110 118 108 
86 119 75 
36 116 112 111 
AQUIIII!!116 85 112 111 117 108 86 110 AQUIIII!!
AQUIIII!!81 41 34 35 40 34 85 AQUIIII!!81 114 111 113 115 86 41 AQUIIII!!114 116 85 113 112 112 
115 110 118 
110 86 85 116 117 111 
108 85 117 AQUIIII!!
AQUIIII!!58 86 113 116 114 118 115 85 34 117 81 111 42 112 35 110 

AQUIIII!!114 115 113 41 85 34 40 AQUIIII!!81 
40 81 41 AQUIIII!!34 117 85 85 114 115 108 113 111 
110 AQUIIII!!86 110 116 86 116 112 111 
112 108 75 36 
AQUIIII!!116 117 118 AQUIIII!!110 86 86 108 AQUIIII!!85 85 86 112 110 111 110 117 
112 85 AQUIIII!!111 117 115 116 35 116 
34 AQUIIII!!108 114 41 81 111 113 85 112 58 40 
42 
81 34 114 115 113 
AQUIIII!!36 75 116 110 86 111 108 112 
AQUIIII!!40 81 41 34 85 114 115 113 
AQUIIII!!86 110 85 117 116 108 111 112 
AQUIIII!!108 110 75 32 36 86 112 111 
AQUIIII!!42 81 115 34 114 35 58 113 
AQUIIII!!85 81 41 113 114 35 115 34 
AQUIIII!!111 27 32 110 36 108 86 AQUIIII!!AQUIIII!!75 112 117 111 
86 85 85 108 108 110 116 116 112 86 110 117 111 

AQUIIII!!86 85 117 118 AQUIIII!!116 110 AQUIIII!!110 111 41 111 AQUIIII!!116 112 81 111 118 116 112 35 117 110 
86 112 115 85 117 114 
108 85 85 86 113 AQUIIII!!
36 34 75 
108 86 116 112 111 110 
AQUIIII!!36 AQUIIII!!75 86 116 75 110 36 111 108 112 111 86 112 108 110 
116 
AQUIIII!!86 36 116 110 AQUIIII!!81 75 112 42 AQUIIII!!115 108 58 111 35 42 
113 34 114 115 34 81 58 113 
35 114 
AQUIIII!!85 117 111 116 86 112 108 110 
AQUIIII!!36 AQUIIII!!75 117 108 86 86 85 116 108 112 116 111 112 110 110 
111 
AQUIIII!!86 75 36 108 111 112 110 116 
AQUIIII!!113 115 114 40 41 AQUIIII!!34 34 85 40 81 44 
45 115 114 41 113 
AQUIIII!!111 116 AQUIIII!!86 41 112 34 85 40 117 85 108 81 110 114 
113 115 
AQUIIII!!117 86 85 108 116 112 110 111 AQUIIII!!
111 108 85 112 110 AQUIIII!!116 86 85 117 116 AQUIIII!!
108 32 117 86 86 36 110 108 111 110 112 AQUIIII!!75 
85 112 111 111 112 
116 AQUIIII!!86 86 118 119 119 117 117 85 
118 116 112 AQUIIII!!111 
81 34 41 35 113 AQUIIII!!85 32 114 75 115 110 
108 36 86 112 111 
AQUIIII!!41 34 40 85 81 114 113 115 
AQUIIII!!35 114 41 34 113 115 81 85 
AQUIIII!!86 119 117 85 118 116 112 AQUIIII!!111 108 
112 AQUIIII!!44 35 110 115 117 114 116 113 45 34 111 41 
AQUIIII!!85 111 112 81 110 
86 75 108 32 36 
AQUIIII!!35 34 113 115 114 85 41 81 
AQUIIII!!85 118 116 117 119 86 111 112 AQUIIII!!AQUIIII!!
110 35 108 115 86 114 116 113 85 34 AQUIIII!!117 111 41 112 112 110 85 86 111 75 81 
108 
32 36 
AQUIIII!!36 86 110 116 111 108 75 112 
AQUIIII!!112 119 116 111 86 117 118 85 
AQUIIII!!85 117 112 86 110 AQUIIII!!108 111 AQUIIII!!116 36 112 75 111 85 86 116 
116 112 110 110 117 111 86 108 
118 
AQUIIII!!110 118 86 117 85 112 116 111 
AQUIIII!!110 75 112 111 116 36 AQUIIII!!108 41 86 85 
115 81 35 114 113 34 
AQUIIII!!85 108 117 116 111 86 112 110 
AQUIIII!!40 39 41 85 114 81 AQUIIII!!115 110 113 118 
86 117 85 112 116 111 
AQUIIII!!85 108 86 117 111 112 AQUIIII!!116 111 110 
112 110 116 117 AQUIIII!!86 85 108 108 85 86 117 
111 112 116 110 
AQUIIII!!111 116 112 85 117 86 118 119 
AQUIIII!!AQUIIII!!110 117 108 112 118 116 119 111 85 116 85 112 AQUIIII!!117 AQUIIII!!86 86 116 118 111 
112 86 85 
117 110 85 111 119 108 116 86 112 117 111 

AQUIIII!!117 86 85 AQUIIII!!118 112 111 112 116 119 110 111 116 
117 86 108 85 
AQUIIII!!110 108 75 36 86 116 111 112 
AQUIIII!!117 118 119 85 116 112 86 111 
AQUIIII!!36 75 32 86 110 112 108 111 
AQUIIII!!36 110 75 108 86 32 111 27 
AQUIIII!!115 113 34 85 114 35 41 81 
AQUIIII!!81 113 114 115 58 35 42 34 
AQUIIII!!118 85 117 110 86 111 112 116 
AQUIIII!!36 110 75 112 111 108 AQUIIII!!116 81 42 86 58 
113 35 115 34 114 
AQUIIII!!108 AQUIIII!!86 110 86 117 112 116 111 AQUIIII!!111 110 116 85 116 117 112 86 119 
108 85 117 118 AQUIIII!!85 
115 112 113 111 114 
85 AQUIIII!!41 117 34 81 85 35 
110 111 116 112 86 108 
AQUIIII!!117 85 86 110 116 112 111 118 
AQUIIII!!117 119 118 86 111 112 116 85 
AQUIIII!!42 81 115 34 114 58 35 113 
AQUIIII!!110 117 108 86 112 111 85 116 
AQUIIII!!117 85 118 112 111 86 116 110 
AQUIIII!!36 75 86 32 108 110 AQUIIII!!27 81 111 41 
114 34 113 115 85 35 
AQUIIII!!27 111 75 32 86 36 110 108 AQUIIII!!
114 113 85 115 81 35 41 34 
AQUIIII!!85 86 117 111 118 112 110 116 
AQUIIII!!116 111 112 110 86 117 108 85 
AQUIIII!!113 AQUIIII!!114 110 34 AQUIIII!!35 36 41 117 86 115 85 86 108 81 75 108 
112 112 111 111 116 110 
116 85 
AQUIIII!!110 36 86 108 75 112 111 116 
AQUIIII!!114 35 AQUIIII!!81 116 111 113 112 110 34 86 115 117 108 85 85 
41 
AQUIIII!!117 AQUIIII!!85 AQUIIII!!40 86 86 39 119 112 41 118 111 85 112 115 118 116 81 117 113 85 111 AQUIIII!!114 
116 
119 34 
113 81 114 35 115 42 58 AQUIIII!!
85 118 86 117 112 AQUIIII!!111 AQUIIII!!117 119 112 86 116 111 
108 116 112 85 111 118 110 86 119 116 117 85 

AQUIIII!!86 75 AQUIIII!!110 36 36 108 86 32 108 75 110 112 111 111 112 116 

AQUIIII!!114 41 115 113 34 81 35 85 
AQUIIII!!42 113 35 44 34 45 115 114 
AQUIIII!!86 75 36 108 AQUIIII!!32 115 110 114 111 113 112 41 
81 AQUIIII!!85 86 40 112 34 111 
118 85 119 117 116 
AQUIIII!!86 110 116 112 111 117 85 118 
AQUIIII!!AQUIIII!!86 117 75 86 36 110 108 116 32 108 112 110 85 111 111 112 

AQUIIII!!112 111 85 116 118 117 110 86 
AQUIIII!!35 113 114 85 34 115 81 41 
AQUIIII!!117 86 110 116 108 112 85 111 
AQUIIII!!112 111 117 118 86 85 119 116 
AQUIIII!!118 116 111 112 110 85 117 AQUIIII!!86 85 
112 111 116 108 117 86 110 
AQUIIII!!86 36 75 111 108 32 112 110 
AQUIIII!!108 110 86 36 75 32 111 112 
AQUIIII!!118 116 111 112 110 85 117 86 
AQUIIII!!114 115 58 113 42 35 81 34 
AQUIIII!!112 111 116 85 118 86 119 117 
AQUIIII!!114 AQUIIII!!115 112 113 111 42 116 81 35 85 58 AQUIIII!!118 34 21 
86 20 119 24 117 19 
23 53 86 25 
AQUIIII!!110 86 36 AQUIIII!!116 115 108 41 112 114 111 113 85 75 40 
39 81 
AQUIIII!!111 118 112 116 110 85 86 117 
AQUIIII!!110 86 36 116 108 112 111 75 
AQUIIII!!27 111 75 36 AQUIIII!!108 116 110 112 32 86 111 
85 86 117 118 110 
AQUIIII!!116 111 112 85 118 86 117 119 
AQUIIII!!85 118 117 112 116 111 110 86 
AQUIIII!!112 86 111 117 108 110 85 116 
AQUIIII!!58 42 113 81 AQUIIII!!34 115 114 81 115 113 35 114 
40 85 34 41 
AQUIIII!!111 108 110 116 86 112 85 117 
AQUIIII!!111 AQUIIII!!110 112 112 86 85 117 85 116 116 111 108 
117 118 86 110 
AQUIIII!!118 86 110 117 111 112 85 116 
AQUIIII!!114 115 113 85 35 34 41 81 
AQUIIII!!86 112 111 110 116 108 117 85 
AQUIIII!!118 116 111 110 112 86 AQUIIII!!114 85 35 117 115 
58 113 34 42 81 
AQUIIII!!114 115 113 41 85 34 40 81 
AQUIIII!!85 115 114 113 40 41 39 81 
AQUIIII!!81 115 114 113 40 39 41 85 
AQUIIII!!AQUIIII!!75 112 112 111 111 85 108 117 86 110 36 86 32 110 118 
116 
AQUIIII!!116 110 85 111 AQUIIII!!112 58 118 115 117 113 86 114 
81 35 AQUIIII!!42 112 34 111 
75 36 108 110 86 116 
AQUIIII!!AQUIIII!!86 85 111 34 112 40 75 81 108 41 36 115 116 113 110 114 

AQUIIII!!111 118 112 116 110 85 86 117 
AQUIIII!!AQUIIII!!111 44 112 45 85 118 116 110 110 117 117 111 86 112 118 116 

AQUIIII!!117 110 AQUIIII!!86 112 85 112 116 118 111 116 111 117 
110 85 86 108 
AQUIIII!!112 118 111 85 110 86 AQUIIII!!116 116 112 117 111 86 
118 119 117 AQUIIII!!85 
112 111 116 85 118 110 86 117 
AQUIIII!!116 112 111 86 118 117 85 119 
AQUIIII!!58 115 114 35 34 113 42 81 
AQUIIII!!40 85 41 34 113 114 115 81 
AQUIIII!!112 110 85 116 111 118 117 86 
AQUIIII!!110 112 75 116 111 86 36 108 
AQUIIII!!32 110 112 108 111 75 86 36 
AQUIIII!!112 111 108 75 36 110 32 86 AQUIIII!!
113 41 115 114 34 85 40 81 
AQUIIII!!112 111 108 75 36 110 32 86 
AQUIIII!!115 35 85 34 113 114 81 41 
AQUIIII!!116 111 112 110 86 117 108 85 
AQUIIII!!111 75 116 108 112 86 110 36 
AQUIIII!!75 111 112 110 108 86 36 116 
AQUIIII!!86 36 75 110 32 108 111 112 
AQUIIII!!27 111 110 108 36 32 86 75 
AQUIIII!!114 81 34 35 113 115 58 42 
AQUIIII!!108 111 116 112 86 75 110 36 
AQUIIII!!112 116 111 117 110 85 86 108 
AQUIIII!!42 34 81 35 58 115 113 114 
AQUIIII!!42 34 81 35 58 115 113 114 
AQUIIII!!35 115 113 85 114 34 81 41 
AQUIIII!!111 75 112 36 108 116 86 110 
AQUIIII!!112 111 110 75 86 36 108 116 
AQUIIII!!112 111 110 75 86 36 108 116 
AQUIIII!!114 115 113 40 41 85 34 81 
AQUIIII!!111 112 36 32 86 110 108 75 
AQUIIII!!111 AQUIIII!!108 112 27 116 32 111 75 108 86 86 36 85 110 117 
110 
AQUIIII!!86 112 111 110 116 108 117 85 
AQUIIII!!112 111 117 118 116 110 86 85 
AQUIIII!!86 112 110 108 116 111 36 75 
AQUIIII!!85 111 112 116 86 118 119 117 
Number of Cuts in the second phase:6722
Number of repeat: 6265 
Violation: 84.000000
Violation: 389.000000
Violation: 629.000000
Violation: 592.000000
Violation: 702.000000
Violation: 718.000000
Violation: 714.000000
Violation: 329.000000
Violation: 1098.000000
Violation: 519.000000
Violation: 632.000000
Violation: 718.000000
Violation: 358.000000
Violation: 390.000000
Violation: 876.000000
Violation: 600.000000
Violation: 51.000000
Violation: 226.000000
Violation: 370.000000
Violation: 650.000000
Violation: 658.000000
Violation: 279.000000
Violation: 518.000000
Violation: 771.000000
Violation: 824.000000
Violation: 358.000000
Violation: 466.000000
Violation: 1042.000000
Violation: 747.000000
Violation: 279.000000
Violation: 702.000000
Violation: 232.000000
Violation: 239.000000
Violation: 555.000000
Violation: 356.000000
Violation: 26.000000
Violation: 632.000000
Violation: 325.000000
Violation: 187.000000
Violation: 486.000000
Violation: 738.000000
Violation: 248.000000
Violation: 72.000000
Violation: 329.000000
Violation: 249.000000
Violation: 762.000000
Violation: 421.000000
Violation: 575.000000
Violation: 143.000000
Violation: 955.000000
Violation: 637.000000
Violation: 708.000000
Violation: 686.000000
Violation: 637.000000
Violation: 383.000000
Violation: 946.000000
Violation: 1094.000000
Violation: 207.000000
Violation: 110.000000
Violation: 574.000000
Violation: 116.000000
Violation: 656.000000
Violation: 245.000000
Violation: 789.000000
Violation: 1017.000000
Violation: 471.000000
Violation: 114.000000
Violation: 399.000000
Violation: 646.000000
Violation: 656.000000
Violation: 500.000000
Violation: 298.000000
Violation: 716.000000
Violation: 656.000000
Violation: 700.000000
Violation: 672.000000
Violation: 256.000000
Violation: 716.000000
Violation: 909.000000
Violation: 583.000000
Violation: 378.000000
Violation: 671.000000
Violation: 851.000000
Violation: 75.000000
Violation: 249.000000
Violation: 525.000000
Violation: 890.000000
Violation: 1012.000000
Violation: 344.000000
Violation: 780.000000
Violation: 232.000000
Violation: 270.000000
Violation: 1488.000000
Violation: 328.000000
Violation: 277.000000
Violation: 544.000000
Violation: 517.000000
Violation: 149.000000
Violation: 632.000000
Violation: 44.000000
Violation: 140.000000
Violation: 557.000000
Violation: 353.000000
Violation: 395.000000
Violation: 657.000000
Violation: 893.000000
Violation: 824.000000
Violation: 1170.000000
Violation: 72.000000
Violation: 861.000000
Violation: 316.000000
Violation: 643.000000
Violation: 318.000000
Violation: 309.000000
Violation: 353.000000
Violation: 299.000000
Violation: 964.000000
Violation: 485.000000
Violation: 238.000000
Violation: 521.000000
Violation: 1167.000000
Violation: 135.000000
Violation: 392.000000
Violation: 828.000000
Violation: 381.000000
Violation: 519.000000
Violation: 393.000000
Violation: 71.000000
Violation: 747.000000
Violation: 2.000000
Violation: 966.000000
Violation: 81.000000
Violation: 295.000000
Violation: 1103.000000
Violation: 176.000000
Violation: 166.000000
Violation: 835.000000
Violation: 8.000000
Violation: 644.000000
Violation: 529.000000
Violation: 1035.000000
Violation: 177.000000
Violation: 154.000000
Violation: 637.000000
Violation: 17.000000
Violation: 461.000000
Violation: 320.000000
Violation: 167.000000
Violation: 252.000000
Violation: 1770.000000
Violation: 432.000000
Violation: 258.000000
Violation: 738.000000
Violation: 129.000000
Violation: 490.000000
Violation: 88.000000
Violation: 374.000000
Violation: 258.000000
Violation: 595.000000
Violation: 657.000000
Violation: 1355.000000
Violation: 965.000000
Violation: 374.000000
Violation: 79.000000
Violation: 262.000000
Violation: 422.000000
Violation: 656.000000
Violation: 22.000000
Violation: 26.000000
Violation: 337.000000
Violation: 471.000000
Violation: 517.000000
Violation: 459.000000
Violation: 459.000000
Violation: 874.000000
Violation: 17.000000
Violation: 698.000000
Violation: 814.000000
Violation: 101.000000
Violation: 387.000000
Violation: 230.000000
Violation: 770.000000
Violation: 328.000000
Violation: 336.000000
Violation: 982.000000
Violation: 611.000000
Violation: 46.000000
Violation: 1026.000000
Violation: 213.000000
Violation: 182.000000
Violation: 15.000000
Violation: 103.000000
Violation: 462.000000
Violation: 240.000000
Violation: 45.000000
Violation: 628.000000
Violation: 426.000000
Violation: 25.000000
Violation: 256.000000
Violation: 187.000000
Violation: 674.000000
Violation: 96.000000
Violation: 1436.000000
Violation: 459.000000
Violation: 556.000000
Violation: 630.000000
Violation: 160.000000
Violation: 145.000000
Violation: 199.000000
Violation: 797.000000
Violation: 689.000000
Violation: 270.000000
Violation: 566.000000
Violation: 221.000000
Violation: 74.000000
Violation: 577.000000
Violation: 145.000000
Violation: 916.000000
Violation: 714.000000
Violation: 981.000000
Violation: 798.000000
Violation: 253.000000
Violation: 1038.000000
Violation: 829.000000
Violation: 720.000000
Violation: 514.000000
Violation: 433.000000
Violation: 702.000000
Violation: 424.000000
Violation: 445.000000
Violation: 731.000000
Violation: 546.000000
Violation: 355.000000
Violation: 132.000000
Violation: 652.000000
Violation: 779.000000
Violation: 857.000000
Violation: 227.000000
Violation: 800.000000
Violation: 353.000000
Violation: 706.000000
Violation: 490.000000
Violation: 378.000000
Violation: 651.000000
Violation: 32.000000
Violation: 1000.000000
Violation: 346.000000
Violation: 335.000000
Violation: 973.000000
Violation: 253.000000
Violation: 77.000000
Violation: 122.000000
Violation: 467.000000
Violation: 21.000000
Violation: 813.000000
Violation: 722.000000
Violation: 257.000000
Violation: 255.000000
Violation: 896.000000
Violation: 316.000000
Violation: 43.000000
Violation: 664.000000
Violation: 288.000000
Violation: 27.000000
Violation: 768.000000
Violation: 178.000000
Violation: 1283.000000
Violation: 875.000000
Violation: 520.000000
Violation: 164.000000
Violation: 61.000000
Violation: 83.000000
Violation: 484.000000
Violation: 507.000000
Violation: 970.000000
Violation: 94.000000
Violation: 430.000000
Violation: 171.000000
Violation: 190.000000
Violation: 611.000000
Violation: 83.000000
Violation: 128.000000
Violation: 630.000000
Violation: 702.000000
Violation: 938.000000
Violation: 219.000000
Violation: 656.000000
Violation: 229.000000
Violation: 425.000000
Violation: 412.000000
Violation: 34.000000
Violation: 193.000000
Violation: 777.000000
Violation: 141.000000
Violation: 759.000000
Violation: 96.000000
Violation: 204.000000
Violation: 627.000000
Violation: 16.000000
Violation: 354.000000
Violation: 643.000000
Violation: 528.000000
Violation: 849.000000
Violation: 1344.000000
Violation: 53.000000
Violation: 353.000000
Violation: 98.000000
Violation: 250.000000
Violation: 47.000000
Violation: 656.000000
Violation: 484.000000
Violation: 343.000000
Violation: 861.000000
Violation: 372.000000
Violation: 188.000000
Violation: 673.000000
Violation: 815.000000
Violation: 94.000000
Violation: 166.000000
Violation: 158.000000
Violation: 432.000000
Violation: 592.000000
Violation: 135.000000
Violation: 177.000000
Violation: 161.000000
Violation: 967.000000
Violation: 438.000000
Violation: 343.000000
Violation: 534.000000
Violation: 44.000000
Violation: 726.000000
Violation: 481.000000
Violation: 87.000000
Violation: 815.000000
Violation: 467.000000
Violation: 1088.000000
Violation: 512.000000
Violation: 482.000000
Violation: 525.000000
Violation: 488.000000
Violation: 430.000000
Violation: 512.000000
Violation: 320.000000
Violation: 1152.000000
Violation: 1034.000000
Violation: 399.000000
Violation: 160.000000
Violation: 168.000000
Violation: 233.000000
Violation: 4.000000
Violation: 272.000000
Violation: 356.000000
Violation: 68.000000
Violation: 756.000000
Violation: 409.000000
Violation: 321.000000
Violation: 20.000000
Violation: 646.000000
Violation: 405.000000
Violation: 168.000000
Violation: 127.000000
Violation: 478.000000
Violation: 617.000000
Violation: 2.000000
Violation: 630.000000
Violation: 26.000000
Violation: 500.000000
Violation: 90.000000
Violation: 588.000000
Violation: 627.000000
Violation: 165.000000
Violation: 234.000000
Violation: 702.000000
Violation: 11.000000
Violation: 160.000000
Violation: 145.000000
Violation: 985.000000
Violation: 223.000000
Violation: 567.000000
Violation: 501.000000
Violation: 1273.000000
Violation: 880.000000
Violation: 36.000000
Violation: 260.000000
Violation: 258.000000
Violation: 1108.000000
Violation: 287.000000
Violation: 263.000000
Violation: 494.000000
Violation: 234.000000
Violation: 460.000000
Violation: 643.000000
Violation: 702.000000
Violation: 370.000000
Violation: 435.000000
Violation: 320.000000
Violation: 915.000000
Violation: 218.000000
Violation: 755.000000
Violation: 148.000000
Violation: 760.000000
Violation: 485.000000
Violation: 829.000000
Violation: 317.000000
Violation: 1002.000000
Violation: 176.000000
Violation: 649.000000
Violation: 705.000000
Violation: 371.000000
Violation: 124.000000
Violation: 763.000000
Violation: 960.000000
Violation: 328.000000
Violation: 86.000000
Violation: 269.000000
Violation: 320.000000
Violation: 16.000000
Violation: 6.000000
Violation: 397.000000
Violation: 755.000000
Violation: 444.000000
Violation: 518.000000
Violation: 270.000000
Violation: 436.000000
Violation: 80.000000
Violation: 237.000000
Violation: 595.000000
Violation: 707.000000
Violation: 210.000000
Violation: 605.000000
Violation: 481.000000
Violation: 217.000000
Violation: 152.000000
Violation: 174.000000
Violation: 276.000000
Violation: 919.000000
Violation: 53.000000
Violation: 105.000000
Violation: 257.000000
Violation: 644.000000
Violation: 534.000000
Violation: 187.000000
Violation: 299.000000
Violation: 696.000000
Violation: 387.000000
Violation: 51.000000
Violation: 107.000000
Violation: 517.000000
Violation: 513.000000
Violation: 420.000000
Violation: 559.000000
Violation: 132.000000
Violation: 213.000000
Violation: 39.000000
Violation: 131.000000
Violation: 172.000000
Violation: 237.000000
5400 8
AQUIIII!!36 AQUIIII!!86 41 110 81 111 114 75 113 108 115 34 112 35 116 85 

AQUIIII!!86 36 75 112 111 108 110 116 
AQUIIII!!81 41 113 115 35 85 114 34 
AQUIIII!!117 85 110 112 116 108 111 86 
AQUIIII!!86 75 36 110 112 116 108 111 
AQUIIII!!AQUIIII!!58 110 81 112 42 111 115 113 118 34 116 AQUIIII!!35 85 75 114 86 
86 117 36 
108 AQUIIII!!116 111 116 112 110 112 111 85 86 
108 117 110 
AQUIIII!!86 111 116 112 117 85 118 119 AQUIIII!!
75 86 36 108 116 112 110 111 
AQUIIII!!110 111 32 112 75 86 AQUIIII!!36 112 108 AQUIIII!!
111 AQUIIII!!112 110 111 112 116 119 85 116 36 111 85 86 116 117 75 118 86 108 118 119 AQUIIII!!

86 40 117 41 
81 34 85 113 115 114 
AQUIIII!!35 85 41 34 81 114 113 115 
AQUIIII!!40 81 41 34 85 115 114 AQUIIII!!113 81 
40 41 34 113 AQUIIII!!AQUIIII!!115 AQUIIII!!35 40 114 85 115 41 85 41 113 81 
34 34 85 AQUIIII!!85 114 114 115 113 81 AQUIIII!!40 85 115 113 AQUIIII!!34 75 113 114 115 34 86 81 
114 
81 36 41 81 40 
108 41 85 116 34 114 112 35 113 
110 115 111 41 

AQUIIII!!108 110 75 AQUIIII!!86 110 36 111 108 112 32 75 112 
116 111 36 86 
AQUIIII!!117 86 AQUIIII!!110 36 118 116 85 108 111 110 112 75 116 86 
112 111 
AQUIIII!!108 AQUIIII!!110 112 75 116 86 110 36 108 32 112 86 111 111 
75 36 
AQUIIII!!116 110 117 85 86 111 112 AQUIIII!!108 40 
81 41 34 85 115 114 AQUIIII!!113 81 
113 35 115 34 AQUIIII!!114 42 75 58 86 36 
108 116 112 110 111 
AQUIIII!!34 115 114 35 81 113 85 41 
AQUIIII!!AQUIIII!!112 86 116 111 111 112 110 110 117 85 86 116 85 118 AQUIIII!!108 117 86 

112 111 117 108 85 AQUIIII!!116 36 110 75 
111 AQUIIII!!86 85 110 81 108 35 116 115 112 113 
34 114 41 
AQUIIII!!85 86 117 112 111 108 110 116 
AQUIIII!!85 117 AQUIIII!!112 108 AQUIIII!!85 110 114 117 111 115 110 116 113 112 40 108 86 34 116 86 85 111 
81 
41 
AQUIIII!!36 75 86 116 112 110 111 108 
AQUIIII!!86 117 85 110 116 111 112 108 
AQUIIII!!81 42 58 AQUIIII!!113 36 34 75 114 86 115 116 35 112 
110 111 108 
AQUIIII!!117 86 85 116 111 112 110 118 
AQUIIII!!113 115 114 34 58 81 35 42 
AQUIIII!!40 34 41 85 114 115 81 113 
AQUIIII!!81 115 114 113 41 34 85 35 
AQUIIII!!58 81 34 35 42 113 115 114 
AQUIIII!!116 108 AQUIIII!!112 58 81 86 110 34 35 111 42 36 113 75 115 
114 
AQUIIII!!108 112 110 AQUIIII!!116 117 85 86 111 116 86 117 118 
85 110 111 AQUIIII!!112 75 
110 111 108 112 116 36 86 
AQUIIII!!119 116 111 AQUIIII!!112 85 85 86 117 110 86 108 118 117 
112 111 116 
AQUIIII!!111 AQUIIII!!110 85 108 116 116 85 112 111 108 110 86 112 117 
117 86 
AQUIIII!!85 86 110 108 117 112 111 116 
AQUIIII!!110 116 85 108 111 112 117 AQUIIII!!86 86 
110 75 108 36 111 112 116 
AQUIIII!!35 115 114 34 41 113 81 85 
AQUIIII!!116 108 111 86 110 112 75 36 
AQUIIII!!81 85 114 115 113 35 34 41 
AQUIIII!!108 85 117 110 111 112 116 86 
AQUIIII!!85 117 111 116 112 86 108 110 
AQUIIII!!111 116 112 85 118 86 110 117 
AQUIIII!!36 75 112 108 116 111 86 110 
AQUIIII!!AQUIIII!!AQUIIII!!36 116 35 34 75 111 58 86 112 42 111 118 81 112 86 113 115 32 85 114 110 110 
108 117 

AQUIIII!!35 81 34 42 115 113 58 114 
AQUIIII!!35 34 58 AQUIIII!!42 112 81 111 113 AQUIIII!!115 110 81 114 116 40 
85 36 41 86 34 75 114 108 115 113 

AQUIIII!!115 114 113 85 34 81 35 41 
AQUIIII!!118 AQUIIII!!85 AQUIIII!!85 117 58 108 110 42 111 110 117 35 112 112 115 116 86 34 116 111 81 
86 113 
114 
AQUIIII!!116 85 117 108 110 112 111 86 
AQUIIII!!113 114 81 115 40 41 39 85 
AQUIIII!!108 36 86 75 110 111 32 112 
AQUIIII!!113 35 115 34 114 81 85 AQUIIII!!41 81 AQUIIII!!
34 118 111 35 112 85 41 116 86 114 85 115 119 113 117 

AQUIIII!!35 114 81 115 AQUIIII!!34 108 113 75 85 86 41 110 
36 116 112 111 
AQUIIII!!81 34 35 85 41 114 115 113 
AQUIIII!!81 114 34 115 35 113 41 85 
AQUIIII!!113 115 114 40 41 85 39 81 
AQUIIII!!42 35 58 34 113 115 114 81 
AQUIIII!!58 42 35 115 34 113 81 114 
AQUIIII!!85 116 112 111 117 118 AQUIIII!!66 81 110 41 
AQUIIII!!34 117 114 110 35 118 85 86 115 116 113 85 
112 111 
AQUIIII!!85 117 86 118 119 111 112 116 AQUIIII!!
42 81 114 113 115 35 34 58 
AQUIIII!!58 42 114 34 35 AQUIIII!!113 36 81 86 115 112 
110 75 116 108 111 
AQUIIII!!117 85 86 116 118 112 119 111 
AQUIIII!!118 116 110 111 112 85 86 117 
AQUIIII!!112 116 86 111 110 117 108 85 
AQUIIII!!117 85 118 112 86 111 110 116 
AQUIIII!!41 85 81 40 39 114 113 AQUIIII!!115 
112 116 86 111 110 117 108 85 
AQUIIII!!42 81 113 35 58 114 34 115 
AQUIIII!!34 114 113 115 85 35 81 41 
AQUIIII!!113 114 115 85 41 81 40 34 
AQUIIII!!108 85 117 116 112 86 110 111 
AQUIIII!!119 86 117 118 116 85 112 111 
AQUIIII!!85 39 40 81 41 115 113 114 
AQUIIII!!85 39 40 81 41 115 113 114 
AQUIIII!!86 110 112 116 111 108 36 75 
AQUIIII!!108 86 36 110 32 111 112 75 
AQUIIII!!111 116 112 119 117 85 86 118 
AQUIIII!!116 111 112 75 86 110 108 36 
AQUIIII!!36 75 108 110 112 86 111 116 
AQUIIII!!36 75 108 110 112 86 111 116 
AQUIIII!!35 42 34 81 113 114 58 115 
AQUIIII!!112 AQUIIII!!110 111 111 116 108 112 32 110 36 86 86 108 75 36 
75 
AQUIIII!!111 116 112 110 86 108 36 75 
AQUIIII!!35 34 115 114 113 58 81 AQUIIII!!42 86 
110 118 117 111 116 85 112 
AQUIIII!!116 117 110 86 85 108 112 111 
AQUIIII!!112 116 111 110 117 86 85 108 
AQUIIII!!112 85 111 116 117 110 118 86 
AQUIIII!!115 113 85 114 40 39 41 81 
AQUIIII!!118 111 112 116 86 85 119 117 
AQUIIII!!115 113 85 114 34 41 81 40 
AQUIIII!!112 111 119 116 85 117 86 118 
AQUIIII!!AQUIIII!!34 112 41 111 114 110 115 116 113 36 35 86 81 75 85 108 

AQUIIII!!111 110 116 112 36 108 75 86 
AQUIIII!!58 35 34 113 115 114 81 42 
AQUIIII!!86 118 117 85 110 AQUIIII!!116 112 112 110 111 108 
111 75 116 36 86 
AQUIIII!!86 118 117 85 110 116 112 111 
AQUIIII!!111 116 85 112 118 86 117 119 
AQUIIII!!114 113 115 34 58 35 81 42 
AQUIIII!!111 116 112 85 118 86 110 117 
AQUIIII!!113 115 114 34 58 81 35 42 
AQUIIII!!116 108 110 111 75 112 36 86 
AQUIIII!!36 86 108 75 32 112 110 111 
AQUIIII!!36 86 108 75 32 112 110 111 
AQUIIII!!112 111 118 85 86 116 119 117 
AQUIIII!!116 111 112 118 86 85 110 AQUIIII!!117 116 
111 86 112 36 110 75 108 
AQUIIII!!110 112 118 116 111 117 85 86 
AQUIIII!!115 81 113 114 34 35 85 41 
AQUIIII!!34 115 114 35 113 81 41 85 
AQUIIII!!110 86 111 108 116 112 75 36 
AQUIIII!!113 114 40 39 41 115 85 81 
AQUIIII!!112 111 117 85 108 110 86 116 
AQUIIII!!118 112 111 117 110 116 85 86 
AQUIIII!!111 112 36 116 86 75 108 110 
AQUIIII!!35 114 115 34 113 81 41 85 
AQUIIII!!23 21 19 20 122 86 24 53 
AQUIIII!!25 21 20 19 23 53 24 86 
AQUIIII!!41 35 113 114 34 115 81 85 
AQUIIII!!114 115 35 34 113 81 58 42 
AQUIIII!!86 111 112 116 117 118 110 85 
AQUIIII!!111 112 86 32 36 110 108 75 
AQUIIII!!27 111 108 36 32 86 110 75 
AQUIIII!!114 35 113 115 81 34 58 42 
AQUIIII!!115 58 114 34 113 35 81 42 
AQUIIII!!116 111 112 75 86 110 108 36 
AQUIIII!!112 111 AQUIIII!!110 115 75 114 32 36 113 108 85 86 34 
81 35 41 
AQUIIII!!112 111 110 75 32 36 108 86 
AQUIIII!!110 112 116 86 111 108 85 117 
AQUIIII!!85 112 111 117 86 110 108 116 
AQUIIII!!111 27 108 110 36 32 86 75 
AQUIIII!!111 75 112 36 108 32 86 110 
AQUIIII!!35 115 114 113 34 81 42 58 
AQUIIII!!111 116 112 119 117 85 86 118 
AQUIIII!!112 108 111 110 36 86 75 116 
AQUIIII!!111 108 112 116 110 36 75 86 
AQUIIII!!85 112 108 110 116 111 117 86 
AQUIIII!!111 116 118 112 119 117 85 86 
AQUIIII!!112 111 86 118 85 117 116 119 
AQUIIII!!115 114 34 41 35 113 85 81 
AQUIIII!!112 86 111 119 116 118 117 85 
Number of Cuts in the second phase:4210
Number of repeat: 4142 
Violation: 71.000000
Violation: 376.000000
Violation: 645.000000
Violation: 123.000000
Violation: 469.000000
Violation: 706.000000
Violation: 1238.000000
Violation: 409.000000
Violation: 273.000000
Violation: 256.000000
Violation: 521.000000
Violation: 104.000000
Violation: 38.000000
Violation: 308.000000
Violation: 110.000000
Violation: 582.000000
Violation: 242.000000
Violation: 585.000000
Violation: 1022.000000
Violation: 864.000000
Violation: 750.000000
Violation: 4.000000
Violation: 590.000000
Violation: 577.000000
Violation: 131.000000
Violation: 471.000000
Violation: 316.000000
Violation: 475.000000
Violation: 72.000000
Violation: 256.000000
Violation: 513.000000
Violation: 393.000000
Violation: 194.000000
Violation: 355.000000
Violation: 685.000000
Violation: 894.000000
Violation: 826.000000
Violation: 328.000000
Violation: 283.000000
Violation: 364.000000
Violation: 210.000000
Violation: 362.000000
Violation: 193.000000
Violation: 1036.000000
Violation: 858.000000
Violation: 616.000000
Violation: 103.000000
Violation: 142.000000
Violation: 256.000000
Violation: 1158.000000
Violation: 122.000000
Violation: 607.000000
Violation: 453.000000
Violation: 246.000000
Violation: 344.000000
Violation: 274.000000
Violation: 332.000000
Violation: 1034.000000
Violation: 534.000000
Violation: 676.000000
Violation: 13.000000
Violation: 46.000000
Violation: 188.000000
Violation: 502.000000
Violation: 985.000000
Violation: 585.000000
Violation: 229.000000
Violation: 769.000000
took 5.730393

Warning: excessive time spent in model updates.
Consider calling update less frequently.

Optimize a model with 1758 rows, 5432 columns and 67811 nonzeros
Coefficient statistics:
  Matrix range     [1e+00, 1e+02]
  Objective range  [0e+00, 0e+00]
  Bounds range     [1e+00, 1e+02]
  RHS range        [1e+00, 4e+01]

Concurrent LP optimizer: dual simplex and barrier
Showing barrier log only...

Presolve removed 411 rows and 256 columns
Presolve time: 0.02s
Presolved: 1347 rows, 5176 columns, 57097 nonzeros

Ordering time: 0.00s

Barrier statistics:
 Dense cols : 49
 AA' NZ     : 3.767e+04
 Factor NZ  : 1.140e+05 (roughly 4 MBytes of memory)
 Factor Ops : 1.795e+07 (less than 1 second per iteration)
 Threads    : 3

                  Objective                Residual
Iter       Primal          Dual         Primal    Dual     Compl     Time
   0   0.00000000e+00 -5.86781250e+01  2.38e+03 0.00e+00  8.39e-01     0s
   1   0.00000000e+00 -1.41669473e+02  6.30e+02 1.13e-02  2.23e-01     0s
   2   0.00000000e+00 -1.24071973e+02  1.48e+02 9.68e-04  5.51e-02     0s
   3   0.00000000e+00 -5.78854535e+01  1.57e+01 6.35e-05  8.73e-03     0s
   4   0.00000000e+00 -2.00950830e+01  4.10e+00 1.39e-17  2.25e-03     0s
   5   0.00000000e+00 -3.66787266e+00  1.35e-01 3.47e-18  3.28e-04     0s
   6   0.00000000e+00 -1.26057778e-02  1.17e-11 2.29e-17  1.10e-06     0s
   7   0.00000000e+00 -1.26057790e-08  4.77e-12 1.73e-19  1.10e-12     0s
   8   0.00000000e+00 -1.26057790e-11  6.17e-13 2.17e-23  1.10e-15     0s

Barrier solved model in 8 iterations and 0.06 seconds
Optimal objective 0.00000000e+00

Crossover log...

       0 DPushes remaining with DInf 0.0000000e+00                 0s

    4993 PPushes remaining with PInf 0.0000000e+00                 0s
       0 PPushes remaining with PInf 0.0000000e+00                 0s

  Push phase complete: Pinf 0.0000000e+00, Dinf 0.0000000e+00      0s

Iteration    Objective       Primal Inf.    Dual Inf.      Time
    5007    0.0000000e+00   0.000000e+00   0.000000e+00      0s
    5007    0.0000000e+00   0.000000e+00   0.000000e+00      0s

Solved with barrier
Solved in 5007 iterations and 0.13 seconds
Optimal objective  0.000000000e+00
