j3017_4.mm_s1.txt
Academic license - for non-commercial use only
Read LP format model from file lp/j3017_4.mm.lp
Reading time = 0.01 seconds
: 351 rows, 906 columns, 9053 nonzeros
OKGPU
nThreads: 1024 , nBlocks: 12 
Number cuts generated in the phase 1: 9
Number of repeat: 0 
violation 587.000000
violation 545.000000
violation 545.000000
violation 578.000000
violation 286.000000
violation 428.000000
violation 284.000000
violation 284.000000
violation 800.000000
8592 16
AQUIIII!!55 15 29 12 0 42 28 51 21 17 2 1 37 24 16 27 
AQUIIII!!55 2 16 13 17 21 40 7 10 27 42 28 11 9 29 34 
AQUIIII!!55 15 51 37 28 16 0 29 17 50 24 1 23 12 27 21 
AQUIIII!!55 29 14 10 13 11 20 28 7 34 9 2 27 18 40 42 
AQUIIII!!55 14 18 11 28 42 34 27 13 21 2 7 10 9 29 40 
AQUIIII!!40 14 9 27 17 21 28 29 10 7 11 13 42 2 34 55 
AQUIIII!!55 13 40 11 2 9 28 27 AQUIIII!!29 55 14 40 17 21 28 42 9 34 42 10 13 7 17 
29 11 2 21 10 7 27 16 34 
AQUIIII!!55 21 27 24 17 28 12 AQUIIII!!55 10 29 29 10 2 18 16 11 40 40 7 2 9 42 15 34 34 9 
14 13 27 7 21 28 AQUIIII!!
55 1 16 42 51 28 15 12 24 2 37 17 0 27 29 21 
AQUIIII!!15 50 17 23 AQUIIII!!51 27 0 17 27 37 24 29 40 28 7 16 15 12 21 24 1 2 21 37 55 9 
12 0 29 34 55 16 
AQUIIII!!55 2 20 29 42 28 18 34 7 14 27 10 40 9 13 11 AQUIIII!!
37 1 12 7 15 16 29 34 2 17 27 24 21 40 0 55 
AQUIIII!!2 10 27 11 29 40 14 28 18 7 13 42 20 9 34 55 
AQUIIII!!55 2 28 37 1 21 17 29 0 51 12 15 16 27 24 42 
AQUIIII!!55 9 42 14 11 29 28 27 34 7 13 2 10 40 21 18 
AQUIIII!!55 27 14 17 42 2 13 21 7 29 34 9 28 10 11 40 
AQUIIII!!15 24 21 42 37 28 2 17 0 27 51 12 1 16 29 55 
AQUIIII!!55 51 12 24 29 17 42 21 1 16 37 0 27 15 28 2 
AQUIIII!!27 37 1 16 24 34 7 29 17 40 21 0 15 12 2 55 
AQUIIII!!29 10 16 9 17 34 40 2 21 7 15 12 28 24 27 55 
AQUIIII!!55 28 29 15 7 17 34 16 2 9 24 27 40 21 10 12 
AQUIIII!!55 0 2 9 29 27 21 40 24 17 12 7 37 34 16 15 
AQUIIII!!55 29 15 2 7 11 28 16 40 21 10 9 34 17 27 42 
AQUIIII!!34 42 18 2 29 13 40 7 9 14 28 20 11 10 27 55 
AQUIIII!!40 16 10 2 9 24 AQUIIII!!21 AQUIIII!!18 27 14 9 17 20 29 7 9 34 12 28 27 29 18 11 AQUIIII!!15 10 42 27 34 28 27 12 28 14 42 15 55 2 16 13 10 
37 7 40 29 13 34 7 17 11 20 23 29 55 51 2 
50 40 0 AQUIIII!!55 21 
9 7 28 1 13 24 28 55 42 
10 40 16 21 34 2 29 11 27 17 55 
AQUIIII!!27 21 1 24 51 2 16 15 37 42 29 28 0 12 17 55 
AQUIIII!!10 28 18 40 13 7 34 42 11 29 2 20 27 9 55 14 
AQUIIII!!11 13 27 10 17 29 42 28 34 7 9 2 21 40 AQUIIII!!16 0 55 29 
28 21 24 42 2 37 15 27 51 17 16 1 12 55 
AQUIIII!!55 27 0 21 2 40 34 15 9 24 29 37 16 7 12 17 
AQUIIII!!53 22 19 37 49 35 24 23 6 8 5 29 4 54 3 48 
AQUIIII!!9 29 21 11 28 34 42 16 40 17 7 13 27 2 10 55 
AQUIIII!!55 28 10 7 11 13 14 29 AQUIIII!!27 55 34 16 21 27 17 1 21 9 2 42 42 2 17 40 24 
28 0 15 37 29 51 12 
AQUIIII!!55 42 29 17 13 9 21 14 34 10 27 7 28 11 2 40 
AQUIIII!!48 3 49 25 24 19 4 8 37 23 54 5 50 29 22 6 
AQUIIII!!55 17 16 0 42 24 51 27 37 2 1 15 21 12 29 28 
AQUIIII!!17 7 27 10 29 16 42 9 28 13 21 34 2 40 55 11 
AQUIIII!!55 29 9 42 27 10 18 40 34 14 28 7 2 13 11 21 
AQUIIII!!55 40 2 42 13 29 20 18 34 14 10 11 7 9 27 28 
AQUIIII!!55 14 18 13 28 40 11 34 7 29 20 10 27 9 42 2 
AQUIIII!!11 42 9 28 13 17 21 2 29 16 40 34 7 27 10 55 
AQUIIII!!55 7 40 10 27 21 28 11 16 17 29 2 42 34 9 13 
AQUIIII!!55 16 AQUIIII!!29 21 21 27 24 17 51 0 28 15 2 37 51 24 AQUIIII!!29 37 15 55 12 1 1 13 42 12 2 7 
42 9 28 29 0 42 16 34 27 17 17 28 55 40 10 
14 2 11 27 21 
AQUIIII!!16 15 34 7 2 17 27 0 24 21 29 AQUIIII!!7 40 40 12 28 1 29 37 34 55 17 
27 2 15 21 9 12 16 10 24 55 
AQUIIII!!15 17 16 0 21 27 34 7 2 24 37 9 29 AQUIIII!!40 16 1 12 2 55 37 
27 29 15 24 40 21 17 34 7 0 12 55 
AQUIIII!!55 21 1 37 27 2 42 28 0 17 24 29 51 16 15 12 
AQUIIII!!34 16 21 10 28 42 40 7 11 17 15 27 29 9 2 55 
AQUIIII!!55 14 40 10 17 11 28 21 2 13 27 7 29 34 42 9 
AQUIIII!!7 20 28 27 11 34 9 29 40 42 10 18 2 13 55 14 
AQUIIII!!31 32 49 43 19 4 8 23 37 48 5 AQUIIII!!1 24 55 6 16 50 51 28 
51 37 27 23 24 1 0 15 29 AQUIIII!!48 50 54 17 49 21 22 12 25 
23 5 19 24 29 8 4 37 3 50 6 
AQUIIII!!55 12 37 51 27 0 42 16 24 29 21 28 2 15 1 17 
AQUIIII!!42 34 2 28 40 20 14 7 18 9 27 13 11 10 29 55 
AQUIIII!!29 13 42 AQUIIII!!28 24 7 49 11 2 37 14 48 10 20 5 AQUIIII!!18 8 27 9 9 1 29 34 19 40 34 55 51 2 
32 12 43 40 31 7 23 24 0 10 50 27 6 16 
17 21 15 28 55 
AQUIIII!!17 29 21 10 28 11 34 40 14 13 9 42 7 2 27 55 
AQUIIII!!11 21 42 7 29 34 10 27 9 28 40 13 AQUIIII!!17 55 2 24 16 37 55 12 
17 15 29 7 34 16 2 27 40 0 9 21 
AQUIIII!!55 29 10 11 7 27 13 42 16 21 17 2 9 40 28 34 
AQUIIII!!55 17 34 7 42 14 2 11 21 27 29 9 40 13 28 10 
AQUIIII!!53 47 54 14 33 20 3 4 37 22 29 13 52 34 40 18 
AQUIIII!!15 21 29 2 17 10 27 7 9 42 34 11 40 28 16 55 
AQUIIII!!52 54 47 14 53 3 4 29 33 37 18 40 20 34 22 5 
AQUIIII!!2 9 7 37 29 21 40 16 15 34 17 12 24 0 27 55 
AQUIIII!!29 13 27 AQUIIII!!17 27 42 34 7 2 11 40 21 24 28 15 40 29 16 9 9 17 10 34 10 2 28 55 16 
12 7 21 55 
AQUIIII!!3 48 19 37 23 5 6 35 53 49 24 29 54 8 22 4 
AQUIIII!!27 51 23 17 24 1 15 12 21 28 29 50 0 37 16 55 
AQUIIII!!55 14 2 7 10 29 21 40 13 27 34 9 28 17 AQUIIII!!42 2 11 0 
29 27 17 1 15 12 7 16 34 40 21 24 37 55 
AQUIIII!!13 17 27 7 21 10 34 42 14 29 28 40 9 2 11 55 
AQUIIII!!13 17 27 7 21 10 34 42 14 29 28 40 9 2 11 55 
AQUIIII!!28 34 13 21 10 9 14 2 27 42 7 17 29 11 40 55 
AQUIIII!!55 1 7 29 12 21 2 37 40 17 16 34 27 0 15 24 
AQUIIII!!27 40 2 14 28 17 34 7 9 42 13 21 10 29 11 55 
AQUIIII!!55 29 13 42 7 40 14 11 18 27 34 20 2 28 9 10 
AQUIIII!!2 0 27 7 AQUIIII!!29 14 17 21 37 17 15 2 9 40 34 34 12 42 21 9 40 7 24 27 16 11 55 10 
29 13 28 55 
AQUIIII!!55 1 0 29 12 24 34 21 15 27 7 16 AQUIIII!!40 11 37 28 2 40 17 
27 9 17 42 13 7 21 29 34 14 2 10 55 
AQUIIII!!7 13 29 2 21 11 28 17 42 40 10 16 27 9 34 55 
AQUIIII!!9 40 42 28 29 21 34 7 2 11 18 14 27 13 10 55 
AQUIIII!!4 8 25 29 5 19 23 49 37 22 24 50 6 3 48 51 
AQUIIII!!55 15 0 7 12 16 29 40 24 21 17 1 34 2 AQUIIII!!37 55 27 
14 7 2 11 13 9 18 28 27 20 29 34 42 10 40 
AQUIIII!!55 7 34 13 40 42 14 27 9 10 17 2 11 28 21 29 
AQUIIII!!7 37 34 1 40 12 2 0 17 24 15 21 27 29 16 55 
AQUIIII!!34 9 2 13 10 20 29 18 28 42 11 40 27 7 14 55 
AQUIIII!!29 2 21 12 15 37 27 17 9 0 40 24 7 34 55 16 
AQUIIII!!55 40 0 34 15 37 12 17 21 27 2 16 7 1 29 24 
AQUIIII!!7 10 9 29 13 2 34 27 40 17 42 28 21 11 16 55 
AQUIIII!!17 34 7 42 40 16 2 10 9 29 21 15 28 27 11 55 
AQUIIII!!55 21 9 34 18 27 13 2 29 7 42 14 40 10 11 28 
AQUIIII!!55 40 34 17 28 9 15 21 2 12 29 27 24 10 7 16 
AQUIIII!!55 28 13 2 9 40 21 7 27 16 17 10 29 34 42 11 
AQUIIII!!55 16 9 28 27 29 21 17 15 7 40 2 24 10 34 12 
AQUIIII!!11 9 27 42 21 13 40 10 7 16 17 2 28 29 34 55 
AQUIIII!!55 10 7 29 34 15 28 11 16 21 27 9 17 2 42 40 
AQUIIII!!55 29 10 27 40 2 21 28 7 11 9 17 42 34 15 16 
AQUIIII!!55 9 11 29 7 40 10 16 17 2 21 13 27 28 34 42 
AQUIIII!!55 1 15 12 17 37 16 51 23 27 24 21 28 29 50 0 
AQUIIII!!55 29 12 24 21 40 16 34 1 17 37 0 2 7 27 15 
AQUIIII!!9 14 34 42 27 40 11 29 18 20 28 2 10 7 13 55 
AQUIIII!!55 29 34 AQUIIII!!28 9 20 14 40 34 14 42 18 27 10 40 7 11 2 29 13 18 11 20 27 28 2 9 10 42 7 
13 55 
AQUIIII!!55 34 7 11 28 40 9 27 29 21 42 2 10 13 17 14 
AQUIIII!!55 13 42 34 40 28 AQUIIII!!20 55 27 2 29 40 14 34 29 7 11 9 16 18 7 9 12 10 24 2 21 
27 17 28 15 10 
AQUIIII!!13 55 20 14 27 7 40 11 34 42 2 10 18 9 28 29 
AQUIIII!!28 42 10 20 27 18 2 34 40 11 29 14 9 7 13 55 
AQUIIII!!55 17 2 29 9 34 28 12 40 10 21 16 27 15 24 7 
Number of Cuts in the second phase:3922
Number of repeat: 3605 
Violation: 254.000000
Violation: 328.000000
Violation: 257.000000
Violation: 226.000000
Violation: 846.000000
Violation: 184.000000
Violation: 255.000000
Violation: 226.000000
Violation: 1200.000000
Violation: 600.000000
Violation: 171.000000
Violation: 513.000000
Violation: 513.000000
Violation: 164.000000
Violation: 771.000000
Violation: 403.000000
Violation: 220.000000
Violation: 327.000000
Violation: 342.000000
Violation: 342.000000
Violation: 327.000000
Violation: 218.000000
Violation: 109.000000
Violation: 771.000000
Violation: 408.000000
Violation: 339.000000
Violation: 179.000000
Violation: 200.000000
Violation: 438.000000
Violation: 342.000000
Violation: 470.000000
Violation: 228.000000
Violation: 200.000000
Violation: 257.000000
Violation: 787.000000
Violation: 514.000000
Violation: 218.000000
Violation: 149.000000
Violation: 168.000000
Violation: 1200.000000
Violation: 1156.000000
Violation: 82.000000
Violation: 513.000000
Violation: 292.000000
Violation: 853.000000
Violation: 102.000000
Violation: 514.000000
Violation: 98.000000
Violation: 600.000000
Violation: 498.000000
Violation: 262.000000
Violation: 199.000000
Violation: 564.000000
Violation: 635.000000
Violation: 199.000000
Violation: 257.000000
Violation: 541.000000
Violation: 730.000000
Violation: 292.000000
Violation: 400.000000
Violation: 342.000000
Violation: 109.000000
Violation: 175.000000
Violation: 171.000000
Violation: 521.000000
Violation: 730.000000
Violation: 112.000000
Violation: 611.000000
Violation: 435.000000
Violation: 98.000000
Violation: 398.000000
Violation: 763.000000
Violation: 763.000000
Violation: 626.000000
Violation: 510.000000
Violation: 284.000000
Violation: 171.000000
Violation: 748.000000
Violation: 872.000000
Violation: 1084.000000
Violation: 446.000000
Violation: 113.000000
Violation: 170.000000
Violation: 599.000000
Violation: 288.000000
Violation: 600.000000
Violation: 511.000000
Violation: 713.000000
Violation: 513.000000
Violation: 589.000000
Violation: 341.000000
Violation: 1000.000000
Violation: 226.000000
Violation: 218.000000
Violation: 98.000000
Violation: 400.000000
Violation: 587.000000
Violation: 341.000000
Violation: 370.000000
Violation: 140.000000
Violation: 685.000000
Violation: 542.000000
Violation: 724.000000
Violation: 432.000000
Violation: 397.000000
Violation: 392.000000
Violation: 210.000000
Violation: 276.000000
Violation: 812.000000
Violation: 476.000000
Violation: 394.000000
Violation: 285.000000
Violation: 412.000000
Violation: 773.000000
Violation: 178.000000
Violation: 313.000000
Violation: 611.000000
Violation: 599.000000
Violation: 763.000000
Violation: 269.000000
Violation: 425.000000
Violation: 262.000000
Violation: 284.000000
Violation: 485.000000
Violation: 3.000000
Violation: 171.000000
Violation: 171.000000
Violation: 218.000000
Violation: 510.000000
Violation: 339.000000
Violation: 800.000000
Violation: 569.000000
Violation: 397.000000
Violation: 195.000000
Violation: 599.000000
Violation: 463.000000
Violation: 342.000000
Violation: 872.000000
Violation: 428.000000
Violation: 148.000000
Violation: 342.000000
Violation: 155.000000
Violation: 388.000000
Violation: 654.000000
Violation: 188.000000
Violation: 298.000000
Violation: 170.000000
Violation: 600.000000
Violation: 620.000000
Violation: 171.000000
Violation: 753.000000
Violation: 511.000000
Violation: 200.000000
Violation: 364.000000
Violation: 990.000000
Violation: 1090.000000
Violation: 545.000000
Violation: 284.000000
Violation: 714.000000
Violation: 1084.000000
Violation: 284.000000
Violation: 981.000000
Violation: 5.000000
Violation: 291.000000
Violation: 366.000000
Violation: 806.000000
Violation: 177.000000
Violation: 428.000000
Violation: 398.000000
Violation: 284.000000
Violation: 773.000000
Violation: 210.000000
Violation: 1028.000000
Violation: 684.000000
Violation: 370.000000
Violation: 616.000000
Violation: 1165.000000
Violation: 339.000000
Violation: 275.000000
Violation: 428.000000
Violation: 443.000000
Violation: 589.000000
Violation: 713.000000
Violation: 85.000000
Violation: 654.000000
Violation: 113.000000
Violation: 399.000000
Violation: 620.000000
Violation: 98.000000
Violation: 359.000000
Violation: 770.000000
Violation: 348.000000
Violation: 939.000000
Violation: 350.000000
Violation: 752.000000
Violation: 147.000000
Violation: 113.000000
Violation: 762.000000
Violation: 623.000000
Violation: 288.000000
Violation: 30.000000
Violation: 681.000000
Violation: 615.000000
Violation: 330.000000
Violation: 542.000000
Violation: 350.000000
Violation: 368.000000
Violation: 869.000000
Violation: 798.000000
Violation: 327.000000
Violation: 376.000000
Violation: 617.000000
Violation: 370.000000
Violation: 542.000000
Violation: 626.000000
Violation: 513.000000
Violation: 59.000000
Violation: 200.000000
Violation: 384.000000
Violation: 370.000000
Violation: 938.000000
Violation: 371.000000
Violation: 284.000000
Violation: 405.000000
Violation: 606.000000
Violation: 312.000000
Violation: 747.000000
Violation: 456.000000
Violation: 568.000000
Violation: 157.000000
Violation: 342.000000
Violation: 400.000000
Violation: 341.000000
Violation: 428.000000
Violation: 512.000000
Violation: 145.000000
Violation: 654.000000
Violation: 256.000000
Violation: 798.000000
Violation: 394.000000
Violation: 222.000000
Violation: 872.000000
Violation: 512.000000
Violation: 456.000000
Violation: 654.000000
Violation: 514.000000
Violation: 968.000000
Violation: 103.000000
Violation: 424.000000
Violation: 222.000000
Violation: 199.000000
Violation: 724.000000
Violation: 349.000000
Violation: 843.000000
Violation: 225.000000
Violation: 43.000000
Violation: 287.000000
Violation: 485.000000
Violation: 102.000000
Violation: 542.000000
Violation: 370.000000
Violation: 617.000000
Violation: 339.000000
Violation: 446.000000
Violation: 370.000000
Violation: 340.000000
Violation: 199.000000
Violation: 436.000000
Violation: 112.000000
Violation: 771.000000
Violation: 775.000000
Violation: 370.000000
Violation: 342.000000
Violation: 226.000000
Violation: 456.000000
Violation: 1000.000000
Violation: 294.000000
Violation: 345.000000
Violation: 101.000000
Violation: 397.000000
Violation: 393.000000
Violation: 513.000000
Violation: 325.000000
Violation: 498.000000
Violation: 397.000000
Violation: 206.000000
Violation: 414.000000
Violation: 113.000000
Violation: 542.000000
Violation: 342.000000
Violation: 198.000000
Violation: 340.000000
Violation: 370.000000
Violation: 1037.000000
Violation: 55.000000
Violation: 261.000000
Violation: 572.000000
Violation: 1298.000000
Violation: 568.000000
Violation: 939.000000
Violation: 669.000000
Violation: 105.000000
Violation: 497.000000
Violation: 108.000000
Violation: 113.000000
Violation: 542.000000
Violation: 114.000000
Violation: 164.000000
Violation: 543.000000
Violation: 199.000000
Violation: 226.000000
Violation: 1069.000000
Violation: 420.000000
Violation: 176.000000
Violation: 915.000000
Violation: 178.000000
Violation: 407.000000
8592 16
AQUIIII!!55 29 12 17 16 23 21 27 50 15 0 51 24 37 28 1 
AQUIIII!!55 13 28 27 18 7 14 29 9 10 20 42 2 34 40 11 
AQUIIII!!AQUIIII!!15 55 21 37 9 7 17 29 40 21 34 10 27 16 2 15 40 17 42 0 28 11 16 27 
2 34 29 AQUIIII!!40 7 24 17 29 1 12 9 AQUIIII!!55 55 28 29 
2 14 13 18 34 9 27 27 20 10 14 34 2 11 40 13 7 28 11 42 7 10 
42 21 55 
AQUIIII!!55 27 29 42 40 21 28 7 15 34 9 11 2 17 10 16 
AQUIIII!!50 6 51 0 32 8 23 31 48 24 12 37 49 19 43 1 
AQUIIII!!21 40 7 12 0 34 24 29 15 9 2 27 17 16 37 55 
AQUIIII!!55 21 29 16 40 2 34 10 27 17 7 9 11 15 28 42 
AQUIIII!!55 21 23 17 16 51 50 1 28 15 27 24 0 29 37 12 
AQUIIII!!29 10 34 2 14 28 40 7 AQUIIII!!55 9 40 18 27 34 20 2 42 10 9 11 13 14 27 29 13 21 55 28 7 
42 11 17 
AQUIIII!!12 0 15 16 21 9 7 40 29 17 2 24 34 37 27 55 
AQUIIII!!55 29 34 10 17 13 11 2 AQUIIII!!42 55 9 28 21 29 16 10 27 11 28 42 40 34 7 13 
40 27 14 9 7 2 18 21 
AQUIIII!!15 42 27 0 29 12 21 24 2 1 17 51 16 37 28 55 
AQUIIII!!42 27 37 16 24 21 12 28 29 51 17 15 0 2 1 55 
AQUIIII!!16 10 27 29 2 9 13 40 17 34 7 21 42 11 28 55 
AQUIIII!!55 11 10 42 27 13 40 7 9 21 29 28 2 14 34 18 
AQUIIII!!55 37 17 1 28 15 21 51 0 24 16 42 27 2 29 12 
AQUIIII!!29 2 15 0 7 24 12 40 21 37 34 27 16 1 17 55 
AQUIIII!!55 17 16 24 12 40 AQUIIII!!21 55 27 28 9 1 28 16 15 34 17 15 10 37 2 51 7 29 29 42 
27 24 12 2 0 21 
AQUIIII!!37 27 42 17 1 21 28 51 24 0 2 15 12 29 16 55 
AQUIIII!!AQUIIII!!2 55 7 42 29 34 12 21 15 9 27 40 21 10 16 15 40 28 17 2 34 17 0 27 24 1 11 37 29 55 7 
16 
AQUIIII!!23 0 1 17 21 24 12 37 29 28 15 51 27 50 55 16 
AQUIIII!!2 42 17 34 9 29 7 21 16 15 27 11 28 40 AQUIIII!!10 29 55 34 
28 13 11 7 42 2 27 18 10 9 21 40 55 14 
AQUIIII!!55 27 21 34 16 7 9 15 29 10 42 11 40 17 AQUIIII!!55 2 10 28 27 
2 40 9 18 20 42 28 13 29 11 34 14 7 
AQUIIII!!51 55 0 29 27 AQUIIII!!16 13 24 55 21 42 15 11 1 29 17 34 28 7 42 9 12 14 2 2 37 40 
10 28 21 27 17 
AQUIIII!!16 7 24 29 21 9 2 12 17 27 37 34 40 15 0 55 
AQUIIII!!27 21 2 17 0 29 16 7 12 34 AQUIIII!!15 55 24 9 40 37 2 40 17 55 42 
13 10 7 11 14 28 21 29 9 27 34 
AQUIIII!!13 11 29 34 2 28 42 7 21 18 40 14 10 9 27 55 
AQUIIII!!2 15 29 1 7 12 24 40 27 0 21 17 34 16 37 55 
AQUIIII!!40 21 42 9 27 34 17 16 28 2 29 7 10 11 15 55 
AQUIIII!!10 21 40 2 42 29 34 7 17 27 28 11 16 15 9 55 
AQUIIII!!55 AQUIIII!!2 16 34 12 40 1 7 0 9 29 2 21 40 11 17 29 34 27 15 14 27 13 24 28 7 18 42 37 
20 10 55 
AQUIIII!!55 15 21 0 29 40 7 1 16 2 17 12 34 27 24 37 
AQUIIII!!55 29 42 28 10 21 AQUIIII!!27 55 17 2 9 7 14 9 13 18 11 40 2 29 7 14 40 34 34 13 
21 11 10 27 28 42 
AQUIIII!!53 54 47 13 42 52 11 18 3 20 29 22 14 40 28 34 
AQUIIII!!55 34 28 10 12 24 17 7 40 27 29 15 2 21 16 9 
AQUIIII!!55 7 17 34 40 37 1 12 2 29 24 16 27 21 0 15 
AQUIIII!!17 42 0 2 1 21 28 16 27 51 AQUIIII!!29 15 37 21 24 15 7 12 9 55 17 
24 29 0 2 37 12 27 34 40 16 55 
AQUIIII!!55 15 27 42 29 37 1 16 51 17 28 24 2 21 12 0 
AQUIIII!!34 10 29 40 17 13 27 14 21 28 9 11 7 2 42 55 
AQUIIII!!55 10 9 2 28 42 27 18 29 40 21 13 34 11 7 14 
AQUIIII!!55 14 42 10 7 2 9 11 34 21 13 29 18 27 28 40 
AQUIIII!!55 11 29 10 14 40 7 18 9 AQUIIII!!42 55 13 34 9 2 28 28 21 27 2 20 29 
42 16 10 7 15 40 34 11 27 17 
AQUIIII!!9 27 15 17 0 24 2 12 34 7 16 37 21 29 40 55 
AQUIIII!!55 2 16 17 10 13 40 27 7 28 34 42 11 21 29 9 
AQUIIII!!55 28 16 7 15 21 42 10 2 34 9 29 11 27 17 40 
AQUIIII!!55 24 40 17 28 7 10 2 12 21 27 29 15 34 16 9 
AQUIIII!!1 29 24 21 7 16 2 17 27 37 0 40 34 12 15 55 
AQUIIII!!15 21 24 2 16 40 10 9 17 28 12 7 34 27 29 55 
AQUIIII!!55 11 10 2 42 27 18 9 14 40 21 29 13 34 7 28 
AQUIIII!!10 34 28 40 18 21 27 11 7 2 42 14 9 13 29 55 
AQUIIII!!24 17 37 34 15 16 9 7 40 29 21 0 27 12 2 55 
AQUIIII!!55 16 21 2 7 10 40 15 11 28 17 34 29 9 27 42 
AQUIIII!!55 7 13 20 42 34 27 10 29 2 40 14 18 28 11 9 
AQUIIII!!34 7 11 42 2 9 40 10 29 27 17 15 21 28 16 55 
AQUIIII!!21 13 34 42 40 10 28 7 2 29 14 18 11 27 9 55 
AQUIIII!!55 16 42 21 37 0 51 2 28 12 15 17 1 24 27 29 
AQUIIII!!55 27 40 37 21 16 0 34 24 12 7 15 17 2 29 9 
AQUIIII!!55 0 28 29 16 24 2 1 17 51 42 12 37 21 27 15 
AQUIIII!!34 28 2 7 13 18 10 20 42 40 29 9 14 11 27 55 
AQUIIII!!55 24 29 17 27 9 34 21 2 16 7 12 10 15 40 28 
AQUIIII!!40 15 12 0 27 1 37 21 16 34 29 24 2 7 17 55 
AQUIIII!!55 7 10 17 2 34 9 29 11 16 42 13 28 21 40 27 
AQUIIII!!40 2 1 29 7 34 21 12 24 37 16 27 15 17 0 55 
AQUIIII!!55 15 7 2 34 29 17 21 28 10 27 12 40 16 9 24 
AQUIIII!!16 40 37 2 34 27 0 29 17 21 24 15 12 1 7 55 
AQUIIII!!AQUIIII!!55 29 11 40 55 27 10 21 2 21 16 9 13 34 7 11 16 28 28 9 2 42 17 29 34 15 10 42 
7 27 17 40 
AQUIIII!!55 15 10 28 17 34 12 24 2 29 40 27 21 9 16 7 
AQUIIII!!55 37 24 12 21 51 2 28 15 27 29 0 42 16 1 17 
AQUIIII!!55 37 12 15 51 17 0 24 16 27 23 21 28 50 1 29 
AQUIIII!!55 16 15 17 12 0 21 24 42 28 29 1 2 51 27 37 
AQUIIII!!55 9 28 27 13 11 16 42 7 29 40 10 21 34 2 17 
AQUIIII!!14 29 27 18 34 7 28 13 40 42 2 21 9 10 11 55 
AQUIIII!!AQUIIII!!17 16 27 21 15 23 1 51 27 AQUIIII!!28 17 37 37 0 0 2 0 21 15 2 15 37 51 12 28 29 16 17 28 27 24 42 12 29 24 50 42 12 1 1 21 29 51 55 55 16 24 

55 
AQUIIII!!18 11 27 9 28 34 42 13 40 21 2 10 29 7 14 55 
AQUIIII!!18 11 27 9 28 34 42 13 40 21 2 10 29 7 14 55 
AQUIIII!!55 16 17 40 21 2 10 7 13 9 42 34 28 29 27 11 
AQUIIII!!34 2 27 10 29 AQUIIII!!11 55 9 11 42 34 21 13 7 29 14 28 40 17 28 9 18 40 7 13 2 55 10 
42 21 27 16 
AQUIIII!!42 34 29 11 40 AQUIIII!!28 18 21 13 15 14 27 9 2 20 0 10 37 2 7 51 27 12 55 1 
24 AQUIIII!!34 17 2 28 27 29 10 42 29 16 11 55 9 
42 21 7 14 40 28 18 13 55 
AQUIIII!!2 34 40 21 10 13 11 27 17 29 9 7 28 16 42 55 AQUIIII!!
40 17 34 1 12 15 37 16 29 27 21 7 0 24 2 55 
AQUIIII!!21 29 24 9 27 2 12 17 28 34 15 7 40 16 10 55 
AQUIIII!!13 55 7 14 29 34 10 42 20 28 11 40 27 2 18 9 
AQUIIII!!55 28 10 13 14 20 11 7 40 2 34 27 9 18 42 29 
AQUIIII!!29 34 7 10 27 28 20 40 13 9 14 18 2 42 55 11 AQUIIII!!55 
42 21 10 18 34 27 40 2 13 14 7 28 9 29 11 
AQUIIII!!10 2 29 24 27 34 21 15 12 17 40 28 9 7 55 16 
AQUIIII!!40 7 18 11 29 34 42 21 27 28 9 14 13 2 10 55 
AQUIIII!!17 24 12 27 37 9 2 AQUIIII!!29 13 7 55 15 2 21 42 40 10 34 7 0 27 55 28 16 29 
21 14 17 34 11 40 9 
AQUIIII!!7 15 29 21 27 9 34 24 28 2 10 12 16 40 17 55 
AQUIIII!!51 37 28 15 16 17 21 1 0 AQUIIII!!29 6 12 48 24 50 27 3 42 49 2 54 55 29 
25 37 8 5 22 24 23 4 19 
AQUIIII!!55 12 29 9 15 24 17 21 34 27 7 0 37 40 2 16 
AQUIIII!!55 12 27 29 7 16 24 17 1 34 37 0 21 2 40 15 
AQUIIII!!2 42 15 17 12 16 29 51 28 24 37 27 21 1 0 55 
AQUIIII!!17 12 21 2 34 7 15 16 27 1 40 29 37 0 24 55 
AQUIIII!!55 1 0 21 42 51 15 37 29 2 12 28 17 16 24 27 
AQUIIII!!16 10 40 27 9 28 15 42 2 34 17 29 7 21 11 55 
AQUIIII!!AQUIIII!!15 27 37 7 16 21 51 37 42 1 0 29 17 15 2 12 28 2 1 16 12 17 21 34 27 24 24 40 29 0 55 55 

AQUIIII!!55 14 AQUIIII!!2 29 55 10 11 34 13 9 40 9 28 7 7 21 34 11 27 17 42 28 13 14 27 40 
42 21 10 2 29 17 
AQUIIII!!55 11 29 2 9 42 28 18 10 40 20 7 27 13 14 34 
AQUIIII!!48 3 54 8 22 25 37 29 19 50 24 5 23 49 4 6 
AQUIIII!!37 27 12 50 16 15 21 23 24 28 29 0 1 51 17 55 
AQUIIII!!16 55 24 37 17 0 29 27 12 28 51 2 42 21 1 15 
AQUIIII!!55 17 16 0 50 1 51 23 15 12 24 28 37 29 AQUIIII!!55 27 29 21 13 
14 27 9 21 28 34 10 42 17 11 7 40 2 
AQUIIII!!15 12 34 40 2 37 0 29 16 21 24 9 7 27 17 55 
AQUIIII!!24 2 1 16 27 37 12 15 40 29 7 21 0 17 34 55 
AQUIIII!!29 18 9 2 11 10 14 7 34 42 40 28 27 20 13 55 
Number of Cuts in the second phase:3920
Number of repeat: 3801 
Violation: 426.000000
Violation: 939.000000
Violation: 199.000000
Violation: 401.000000
Violation: 817.000000
Violation: 835.000000
Violation: 11.000000
Violation: 569.000000
Violation: 252.000000
Violation: 427.000000
Violation: 603.000000
Violation: 318.000000
Violation: 173.000000
Violation: 255.000000
Violation: 319.000000
Violation: 506.000000
Violation: 36.000000
Violation: 217.000000
Violation: 52.000000
Violation: 252.000000
Violation: 660.000000
Violation: 53.000000
Violation: 285.000000
Violation: 370.000000
Violation: 432.000000
Violation: 455.000000
Violation: 284.000000
Violation: 454.000000
Violation: 682.000000
Violation: 677.000000
Violation: 561.000000
Violation: 138.000000
Violation: 399.000000
Violation: 60.000000
Violation: 171.000000
Violation: 636.000000
Violation: 55.000000
Violation: 409.000000
Violation: 140.000000
Violation: 611.000000
Violation: 385.000000
Violation: 611.000000
Violation: 979.000000
Violation: 472.000000
Violation: 369.000000
Violation: 452.000000
Violation: 227.000000
Violation: 310.000000
Violation: 428.000000
Violation: 1145.000000
Violation: 57.000000
Violation: 541.000000
Violation: 290.000000
Violation: 558.000000
Violation: 370.000000
Violation: 112.000000
Violation: 199.000000
Violation: 389.000000
Violation: 509.000000
Violation: 199.000000
Violation: 1298.000000
Violation: 528.000000
Violation: 395.000000
Violation: 514.000000
Violation: 317.000000
Violation: 572.000000
Violation: 1180.000000
Violation: 563.000000
Violation: 234.000000
Violation: 143.000000
Violation: 112.000000
Violation: 284.000000
Violation: 455.000000
Violation: 174.000000
Violation: 999.000000
Violation: 225.000000
Violation: 405.000000
Violation: 85.000000
Violation: 165.000000
Violation: 689.000000
Violation: 84.000000
Violation: 828.000000
Violation: 55.000000
Violation: 634.000000
Violation: 832.000000
Violation: 55.000000
Violation: 4.000000
Violation: 168.000000
Violation: 454.000000
Violation: 246.000000
Violation: 462.000000
Violation: 455.000000
Violation: 240.000000
Violation: 53.000000
Violation: 54.000000
Violation: 339.000000
Violation: 498.000000
Violation: 395.000000
Violation: 820.000000
Violation: 645.000000
Violation: 364.000000
Violation: 168.000000
Violation: 226.000000
Violation: 1200.000000
Violation: 746.000000
Violation: 740.000000
Violation: 262.000000
Violation: 769.000000
Violation: 284.000000
Violation: 71.000000
Violation: 939.000000
Violation: 97.000000
Violation: 262.000000
Violation: 846.000000
Violation: 222.000000
Violation: 265.000000
Violation: 113.000000
Violation: 452.000000
Violation: 529.000000
816 16
AQUIIII!!55 17 1 28 15 51 16 12 29 24 23 21 50 27 37 0 
AQUIIII!!55 16 40 17 2 10 34 11 9 28 15 27 42 29 7 21 
AQUIIII!!16 28 12 21 17 29 15 27 1 42 37 AQUIIII!!24 28 51 40 0 7 2 21 55 10 
17 16 42 29 27 34 11 13 2 9 55 
AQUIIII!!14 40 9 42 11 34 13 28 10 7 27 20 2 29 18 55 
AQUIIII!!55 11 2 34 29 28 18 14 27 13 42 9 7 10 40 21 
AQUIIII!!49 31 4 1 5 19 32 48 43 24 23 8 37 6 51 50 
AQUIIII!!7 28 15 10 17 40 9 29 11 42 34 21 16 2 27 55 
AQUIIII!!55 29 34 2 42 40 11 9 15 10 7 21 16 17 27 28 
AQUIIII!!55 16 7 12 0 37 2 34 40 1 29 21 27 15 24 17 
AQUIIII!!40 9 2 27 18 7 10 14 42 28 29 11 34 21 55 13 
Number of Cuts in the second phase:349
Number of repeat: 335 
Violation: 625.000000
Violation: 228.000000
Violation: 287.000000
Violation: 424.000000
Violation: 631.000000
Violation: 297.000000
Violation: 114.000000
Violation: 225.000000
Violation: 210.000000
Violation: 200.000000
Violation: 568.000000
Violation: 84.000000
Violation: 318.000000
Violation: 253.000000
took 6.098396
Optimize a model with 817 rows, 906 columns and 11452 nonzeros
Coefficient statistics:
  Matrix range     [1e+00, 4e+01]
  Objective range  [0e+00, 0e+00]
  Bounds range     [1e+00, 4e+01]
  RHS range        [1e+00, 1e+02]
Presolve removed 390 rows and 108 columns
Presolve time: 0.00s
Presolved: 427 rows, 798 columns, 9495 nonzeros

Iteration    Objective       Primal Inf.    Dual Inf.      Time
       0    0.0000000e+00   4.570005e+01   0.000000e+00      0s
     141    0.0000000e+00   0.000000e+00   0.000000e+00      0s

Solved in 141 iterations and 0.01 seconds
Optimal objective  0.000000000e+00
