j3017_4.mm_s3.txt
Academic license - for non-commercial use only
Read LP format model from file lp/j3017_4.mm.lp
Reading time = 0.01 seconds
: 351 rows, 906 columns, 9053 nonzeros
OKGPU
nThreads: 1024 , nBlocks: 12 
Number cuts generated in the phase 1: 8
Number of repeat: 2 
violation 750.000000
violation 500.000000
violation 404.000000
violation 71.000000
violation 380.000000
violation 800.000000
8592 16
AQUIIII!!48 8 23 12 44 19 25 11 43 46 7 AQUIIII!!10 48 22 10 17 20 18 25 32 46 
16 44 23 19 AQUIIII!!11 48 9 20 7 27 32 AQUIIII!!11 48 13 10 10 AQUIIII!!45 13 15 43 48 44 14 AQUIIII!!
9 12 13 48 AQUIIII!!15 19 10 9 48 11 23 10 10 16 17 16 9 20 7 18 27 21 45 46 46 46 45 45 18 14 14 46 22 20 27 44 16 32 22 43 23 44 43 19 11 21 
6 25 7 23 13 
43 17 AQUIIII!!9 44 48 23 7 25 20 32 10 23 7 46 13 46 7 21 11 
8 14 44 
AQUIIII!!
45 AQUIIII!!48 27 11 48 16 32 21 13 16 17 11 9 7 7 47 18 23 5 22 47 23 43 15 15 10 20 7 25 9 45 19 
14 8 20 44 10 23 13 46 27 6 
12 
AQUIIII!!46 48 11 27 25 7 16 14 23 44 45 43 13 10 20 9 
AQUIIII!!46 48 44 11 19 9 43 20 25 16 13 7 45 10 32 AQUIIII!!23 46 
43 48 32 22 20 AQUIIII!!10 23 48 17 43 11 46 44 22 13 6 12 8 7 19 19 17 18 4 
3 18 32 44 28 25 12 
AQUIIII!!43 11 22 19 16 9 13 10 20 7 46 18 44 32 23 48 
AQUIIII!!13 AQUIIII!!46 11 21 AQUIIII!!45 47 45 27 9 7 7 14 32 11 15 13 27 16 11 21 14 10 44 9 7 46 20 20 20 25 23 13 19 16 10 23 45 23 48 9 44 
15 10 48 16 
43 46 48 
AQUIIII!!44 7 11 46 19 AQUIIII!!20 48 13 7 27 9 10 32 20 45 45 11 44 43 21 23 13 46 25 9 14 10 16 23 16 15 48 

AQUIIII!!20 16 7 15 27 13 45 9 44 14 11 21 10 23 48 46 
AQUIIII!!18 22 44 AQUIIII!!19 48 14 8 7 4 9 10 25 23 13 43 21 6 11 16 32 15 28 20 46 7 45 17 47 27 12 
46 48 AQUIIII!!
48 11 AQUIIII!!23 48 45 25 14 17 16 32 7 43 10 4 27 6 15 44 9 28 20 12 13 22 5 7 47 19 21 8 
46 18 
AQUIIII!!48 46 10 27 AQUIIII!!13 48 9 13 16 20 45 47 7 AQUIIII!!5 20 48 11 23 12 23 21 14 25 11 7 21 15 27 18 47 43 14 7 
10 19 46 16 15 17 32 9 45 11 44 
10 22 23 8 
AQUIIII!!46 48 7 11 27 20 16 21 9 23 45 47 15 10 13 14 
AQUIIII!!45 AQUIIII!!10 7 15 10 20 45 14 11 11 47 23 27 13 13 44 16 46 21 9 14 16 15 27 5 7 20 21 23 9 48 48 

AQUIIII!!14 25 45 11 10 27 44 AQUIIII!!46 7 16 19 11 23 20 43 32 20 18 13 23 9 16 22 7 44 48 
9 10 46 43 13 48 
AQUIIII!!19 32 17 43 8 18 7 AQUIIII!!12 13 6 19 22 44 44 17 25 20 28 11 4 43 AQUIIII!!46 22 48 15 32 
7 46 13 10 27 12 18 45 23 14 7 16 48 9 
11 47 21 23 5 20 10 48 
AQUIIII!!9 20 AQUIIII!!10 48 25 23 11 19 46 13 9 47 16 45 14 AQUIIII!!32 48 44 11 10 20 20 46 13 19 10 11 23 7 13 7 32 27 18 43 
23 16 17 7 45 44 46 15 43 22 21 12 48 

AQUIIII!!48 13 20 7 46 25 19 32 23 45 44 16 11 10 AQUIIII!!9 48 43 4 
18 12 44 32 25 6 28 43 19 22 17 46 AQUIIII!!8 48 3 32 
6 17 12 3 22 44 8 18 28 25 19 46 4 43 
AQUIIII!!10 7 18 20 19 17 46 13 9 23 43 22 32 44 11 48 
AQUIIII!!21 9 46 23 44 45 7 20 10 13 27 AQUIIII!!11 17 15 19 16 18 14 AQUIIII!!48 25 
32 8 18 43 43 7 23 46 22 4 28 44 6 13 44 9 12 22 19 AQUIIII!!32 11 16 48 17 
10 7 32 10 23 20 7 46 43 48 13 
22 18 20 11 19 44 9 46 48 
AQUIIII!!14 15 44 11 9 23 10 21 20 7 AQUIIII!!AQUIIII!!46 22 13 32 16 11 12 27 7 11 45 8 20 AQUIIII!!13 25 43 46 48 17 12 23 
19 43 44 23 6 43 46 18 45 10 10 25 7 8 10 18 22 44 27 46 19 14 25 44 48 9 17 
16 32 23 48 7 AQUIIII!!
AQUIIII!!48 48 48 
10 16 23 27 20 20 21 14 45 21 15 47 16 9 7 15 11 45 27 23 AQUIIII!!47 14 48 10 AQUIIII!!6 9 13 48 3 13 11 19 46 7 7 12 
17 46 46 12 4 
8 6 25 8 17 18 44 19 32 43 28 22 43 46 22 32 18 44 
23 10 25 
AQUIIII!!19 48 10 43 44 7 11 17 22 23 12 18 20 46 32 13 
AQUIIII!!9 32 13 11 10 7 23 46 44 22 19 43 17 18 20 48 
AQUIIII!!19 48 6 18 10 7 AQUIIII!!44 22 10 8 43 32 46 46 12 17 7 23 18 25 43 44 
19 22 13 9 11 17 20 32 23 48 
AQUIIII!!18 28 19 32 12 0 4 8 22 3 6 17 25 43 2 1 
AQUIIII!!20 11 AQUIIII!!15 48 16 9 9 23 10 47 14 14 7 11 10 21 7 45 15 27 16 27 13 5 23 20 47 45 AQUIIII!!13 48 48 21 46 9 
16 
23 13 47 7 27 21 45 10 15 11 14 20 5 
AQUIIII!!28 43 25 3 44 22 46 12 32 4 19 8 6 18 17 48 
AQUIIII!!43 22 28 32 6 17 18 8 19 44 25 7 12 4 46 48 AQUIIII!!
23 AQUIIII!!9 48 11 17 7 46 32 8 10 18 18 22 46 3 44 19 6 20 44 16 25 43 28 19 4 22 32 13 12 48 43 

AQUIIII!!48 10 25 44 19 32 7 18 8 46 12 23 43 22 11 17 
AQUIIII!!48 16 9 44 46 23 18 11 32 20 13 43 10 22 19 7 
AQUIIII!!46 43 48 44 25 27 23 9 10 16 13 11 45 14 20 7 
AQUIIII!!32 44 AQUIIII!!22 44 4 48 25 43 43 4 8 46 18 25 7 17 12 7 17 6 28 8 6 18 48 28 19 12 46 19 
22 AQUIIII!!32 22 
8 17 32 6 AQUIIII!!46 17 4 19 28 20 44 12 18 11 25 12 13 43 23 3 32 48 44 19 43 
18 10 7 22 46 48 
AQUIIII!!48 10 43 11 9 7 13 23 16 46 18 44 19 22 20 32 
AQUIIII!!32 17 3 8 4 25 22 19 6 18 12 46 28 43 44 48 
AQUIIII!!AQUIIII!!21 46 14 17 13 6 46 18 27 32 23 AQUIIII!!15 7 25 47 22 28 10 44 12 20 25 44 9 12 6 45 AQUIIII!!8 11 17 44 43 7 43 20 23 16 19 7 19 48 7 45 
10 32 10 48 18 AQUIIII!!46 
22 43 11 9 4 14 32 8 25 10 46 9 23 48 27 22 16 
7 13 11 43 20 23 19 AQUIIII!!48 16 44 
46 9 11 18 14 13 10 44 46 48 43 20 
AQUIIII!!25 22 23 7 46 13 13 16 9 45 27 7 48 20 
43 44 32 10 19 17 11 18 23 48 
AQUIIII!!23 20 15 10 21 14 13 7 11 45 44 AQUIIII!!46 13 17 9 20 16 11 27 44 48 7 
18 32 43 10 9 23 19 22 46 48 
AQUIIII!!20 15 16 46 7 9 45 14 13 10 27 11 23 47 21 48 
AQUIIII!!16 9 20 27 23 7 13 11 44 43 45 14 25 10 48 46 
AQUIIII!!12 43 19 6 28 17 44 18 25 AQUIIII!!4 48 9 46 7 3 47 8 15 22 14 27 32 11 48 16 
45 5 23 10 20 21 13 
AQUIIII!!7 23 32 12 8 6 17 44 25 19 43 10 46 18 22 48 
AQUIIII!!11 44 18 46 AQUIIII!!10 46 8 12 17 19 25 3 32 18 19 6 43 17 22 12 4 7 22 23 25 48 44 
8 32 28 43 48 
AQUIIII!!AQUIIII!!48 20 25 46 23 18 43 23 13 44 20 AQUIIII!!7 AQUIIII!!8 27 9 9 44 46 22 10 19 19 32 11 32 13 7 14 12 AQUIIII!!19 43 22 10 21 45 43 43 46 48 11 16 44 16 44 10 6 15 20 32 17 7 7 16 
46 25 10 7 9 18 10 45 23 46 17 13 44 25 23 48 23 20 11 
48 13 9 48 
45 
14 11 27 
AQUIIII!!20 17 18 AQUIIII!!43 13 8 32 AQUIIII!!22 12 6 48 AQUIIII!!7 7 4 11 11 28 17 43 45 12 12 23 47 44 3 22 21 28 6 44 18 13 10 32 25 23 48 4 19 16 46 32 17 9 19 46 25 27 
48 8 7 
44 46 46 10 43 20 19 14 18 15 22 48 

AQUIIII!!48 5 16 27 45 23 14 15 20 21 9 13 7 11 10 47 
AQUIIII!!48 12 19 46 23 7 44 6 32 17 10 43 25 8 18 22 
AQUIIII!!48 46 17 8 44 6 3 28 4 12 22 32 18 19 43 25 
AQUIIII!!46 3 4 6 22 44 8 32 43 12 17 18 25 28 48 19 
AQUIIII!!43 10 22 17 23 11 44 7 32 12 13 20 19 18 48 46 
AQUIIII!!46 7 AQUIIII!!48 27 32 23 44 20 10 16 23 43 9 22 13 18 11 8 17 15 19 10 46 45 7 21 25 47 6 12 14 
48 
AQUIIII!!AQUIIII!!48 11 45 14 13 23 21 13 15 44 9 11 45 16 7 47 16 23 27 7 27 46 46 10 20 21 10 14 9 
20 15 48 
AQUIIII!!13 20 21 11 46 23 14 44 15 9 45 27 16 7 10 AQUIIII!!48 45 
23 11 19 25 32 9 13 46 10 43 20 44 16 7 48 
AQUIIII!!9 AQUIIII!!11 48 43 27 16 10 13 46 45 14 7 7 27 13 10 21 9 15 20 AQUIIII!!25 22 20 23 10 11 12 16 45 7 44 47 44 
20 5 23 11 14 17 13 23 46 48 32 43 
18 48 AQUIIII!!19 48 
16 AQUIIII!!47 20 48 7 16 21 AQUIIII!!9 5 14 48 7 13 10 15 15 11 10 27 19 9 46 45 25 27 44 11 11 32 23 23 13 
13 20 10 45 14 43 46 7 23 44 
45 21 9 16 20 
AQUIIII!!48 46 20 9 23 13 32 7 43 10 16 19 44 11 18 22 
AQUIIII!!48 46 10 23 20 13 16 9 11 15 14 47 45 7 21 27 
AQUIIII!!8 12 18 6 4 25 22 43 32 46 17 28 44 19 7 48 
AQUIIII!!44 10 19 43 7 23 46 12 22 32 18 20 11 13 17 48 
AQUIIII!!19 7 22 11 AQUIIII!!43 11 17 25 9 10 13 20 32 13 10 44 20 23 18 46 32 23 16 44 9 48 7 46 19 
43 45 48 
AQUIIII!!48 45 21 11 15 9 23 13 27 7 AQUIIII!!16 14 44 46 46 13 10 11 14 10 20 20 15 47 7 23 
45 9 21 16 27 48 
AQUIIII!!46 48 19 16 13 7 10 9 AQUIIII!!44 10 22 45 7 23 23 25 44 32 19 11 46 20 17 43 32 
6 8 25 12 18 43 48 AQUIIII!!
48 44 11 18 25 43 7 32 19 12 46 17 23 8 10 22 
AQUIIII!!48 43 17 10 23 AQUIIII!!19 48 8 32 6 8 25 19 44 4 18 18 12 12 7 43 22 22 46 7 6 25 
28 46 17 32 44 
AQUIIII!!48 21 23 20 9 14 47 10 7 45 15 27 16 11 13 5 
AQUIIII!!46 48 25 7 10 44 32 13 19 45 11 9 43 23 16 20 
AQUIIII!!48 23 10 AQUIIII!!18 17 32 32 12 7 44 43 17 6 7 19 13 44 20 10 AQUIIII!!19 44 46 11 8 27 43 16 23 46 7 18 22 46 25 
13 22 10 12 21 48 15 
20 23 11 45 9 14 48 
AQUIIII!!46 48 10 20 44 32 23 9 16 43 22 19 11 13 18 7 
AQUIIII!!48 19 44 10 11 23 46 22 32 20 7 18 16 43 9 13 
AQUIIII!!21 23 45 27 16 15 13 47 9 14 7 20 11 5 10 48 
AQUIIII!!16 7 47 15 11 20 14 23 45 21 13 9 46 27 10 48 
AQUIIII!!48 4 25 3 6 32 43 8 17 44 22 12 19 28 46 18 
AQUIIII!!48 20 13 23 18 11 7 9 22 16 32 10 44 43 19 46 
AQUIIII!!44 11 46 32 22 17 10 19 23 18 7 8 43 12 25 48 
AQUIIII!!5 27 7 20 45 9 10 13 21 47 11 16 15 23 14 48 
AQUIIII!!7 46 45 47 14 13 11 15 10 21 9 23 27 20 48 16 
AQUIIII!!23 10 7 45 27 14 20 15 21 47 9 5 11 16 13 48 
AQUIIII!!48 22 20 11 AQUIIII!!7 43 19 12 6 19 AQUIIII!!13 32 23 9 13 12 17 11 10 22 19 18 43 25 32 17 44 4 10 46 18 
8 32 20 18 44 28 22 7 46 46 17 23 48 44 
3 43 2 
AQUIIII!!48 44 23 10 17 7 46 13 19 43 22 32 12 11 20 18 
AQUIIII!!12 28 8 17 43 22 25 18 46 32 6 3 4 19 44 AQUIIII!!48 5 14 
23 9 20 21 47 27 16 7 10 15 45 13 11 48 
AQUIIII!!AQUIIII!!48 10 8 7 22 20 4 27 32 13 6 44 17 14 12 9 44 11 25 23 3 21 28 15 18 16 19 45 43 48 46 46 

AQUIIII!!48 16 20 AQUIIII!!27 48 AQUIIII!!23 25 48 9 45 AQUIIII!!28 13 45 48 3 44 13 44 46 11 7 23 46 32 43 12 16 10 43 10 22 25 20 18 25 11 7 44 19 32 4 11 13 10 23 17 14 9 32 46 46 7 43 16 
19 AQUIIII!!6 43 
48 8 19 4 18 9 6 
20 18 22 7 28 44 
22 12 32 46 8 44 25 19 17 43 
AQUIIII!!48 7 46 22 25 19 6 12 8 23 18 10 43 32 44 17 
AQUIIII!!32 20 13 19 44 18 46 10 9 7 23 16 22 11 43 48 
AQUIIII!!17 25 19 22 44 18 12 7 46 23 43 32 8 11 10 AQUIIII!!48 46 
6 4 19 28 17 43 44 18 22 32 7 12 8 25 48 
AQUIIII!!7 46 23 11 9 45 14 27 13 10 15 20 21 47 16 48 
AQUIIII!!48 16 9 44 AQUIIII!!46 48 10 23 17 18 22 11 43 32 23 20 7 32 13 44 43 18 10 46 22 11 19 8 25 7 12 
19 
AQUIIII!!9 10 20 22 7 18 13 19 23 11 32 43 46 44 17 48 
AQUIIII!!48 19 25 22 18 44 32 AQUIIII!!8 11 28 10 17 13 12 7 46 32 6 4 19 43 44 7 23 AQUIIII!!
45 1 46 43 43 18 20 17 25 32 28 9 2 48 3 16 4 
8 25 0 12 19 22 6 
AQUIIII!!32 19 7 18 13 20 43 9 44 10 11 22 23 46 16 48 
AQUIIII!!32 19 7 18 13 20 43 9 44 10 11 22 23 46 16 48 
AQUIIII!!18 16 32 22 7 10 23 9 46 19 13 11 43 44 AQUIIII!!20 17 48 32 
25 6 28 22 3 4 8 44 43 18 12 19 48 46 
AQUIIII!!48 15 7 20 21 10 27 45 44 16 13 9 46 14 23 11 
AQUIIII!!48 17 23 19 13 20 11 9 22 32 46 7 44 43 10 18 
AQUIIII!!46 48 7 11 44 43 20 25 9 45 10 13 16 23 19 32 
AQUIIII!!17 43 12 23 11 25 32 22 10 19 46 18 44 7 8 48 
AQUIIII!!13 20 45 11 16 10 25 9 43 19 32 23 7 44 48 46 
AQUIIII!!48 22 8 3 28 18 4 46 17 32 43 44 6 25 12 19 
AQUIIII!!46 AQUIIII!!16 44 48 43 13 48 7 32 21 18 27 20 10 22 15 9 14 AQUIIII!!16 11 48 7 45 7 20 19 44 9 46 27 23 9 10 46 47 11 
16 13 23 23 AQUIIII!!10 48 
45 32 20 10 11 44 43 20 25 46 13 43 14 18 
19 7 23 11 17 12 22 13 
AQUIIII!!44 22 43 32 23 11 18 19 12 7 20 46 17 13 10 48 
AQUIIII!!19 48 9 16 45 32 46 43 13 23 7 20 10 44 25 11 
AQUIIII!!19 48 44 25 9 16 7 13 32 43 45 10 46 20 23 11 
AQUIIII!!7 43 12 25 23 44 32 10 8 17 46 11 22 19 18 48 
AQUIIII!!14 13 10 7 46 9 23 43 25 20 11 44 27 16 45 48 
AQUIIII!!48 13 43 44 46 17 18 32 9 7 20 11 22 19 23 10 
AQUIIII!!16 20 15 46 10 27 13 11 45 23 21 7 44 9 14 48 
AQUIIII!!48 3 32 19 8 12 4 25 28 18 22 17 44 43 6 46 
AQUIIII!!46 10 21 7 14 45 9 20 16 27 23 13 11 47 15 48 
AQUIIII!!48 5 10 45 16 15 11 27 47 23 9 7 21 20 13 14 
AQUIIII!!2 43 0 17 19 1 28 18 4 32 22 3 25 AQUIIII!!6 48 8 20 12 10 11 
22 23 43 32 7 17 46 13 18 19 44 12 
AQUIIII!!46 16 AQUIIII!!48 45 48 13 10 11 43 6 9 43 44 22 25 32 10 19 23 32 17 20 7 25 23 44 
18 46 12 8 7 19 
AQUIIII!!13 18 22 AQUIIII!!22 19 10 16 44 23 11 11 43 9 23 43 7 20 32 17 44 19 46 12 10 7 20 32 48 
18 13 46 48 
AQUIIII!!45 46 25 11 23 20 9 10 44 43 7 32 13 16 48 19 
AQUIIII!!48 43 16 22 46 11 9 13 18 7 20 32 44 10 19 23 
AQUIIII!!48 45 14 7 20 15 23 44 11 9 27 10 16 21 13 46 
AQUIIII!!46 32 19 7 44 43 22 10 20 17 11 18 13 23 12 48 
AQUIIII!!16 44 25 20 32 AQUIIII!!19 48 46 8 7 23 10 43 17 45 10 23 46 9 7 11 6 13 25 48 22 
12 19 43 44 18 32 
AQUIIII!!48 5 21 47 9 10 11 45 16 23 27 14 7 15 20 13 
AQUIIII!!46 48 47 11 16 14 45 20 10 9 27 13 23 15 21 AQUIIII!!7 
48 32 6 22 46 43 28 18 8 44 17 7 25 4 19 12 
AQUIIII!!47 7 27 14 13 23 45 21 46 15 11 20 10 9 16 48 
AQUIIII!!48 44 17 32 9 23 43 20 7 13 19 10 11 46 18 22 
AQUIIII!!12 6 18 46 43 17 32 28 4 8 44 25 22 19 3 48 
AQUIIII!!48 44 46 32 22 18 25 8 4 28 12 19 6 43 7 17 
AQUIIII!!48 18 46 44 25 19 32 6 12 23 7 17 22 43 8 10 
AQUIIII!!48 45 11 9 16 46 7 15 13 20 47 23 10 21 14 27 
AQUIIII!!48 45 7 9 46 25 10 13 19 11 20 23 44 32 43 16 
AQUIIII!!25 46 13 44 20 16 9 10 11 27 43 7 14 23 45 48 
AQUIIII!!48 14 20 11 7 23 45 15 10 46 16 21 44 9 27 13 
AQUIIII!!18 17 28 6 8 32 25 7 46 43 44 12 22 4 19 48 AQUIIII!!
48 19 28 32 25 12 3 4 46 18 22 6 43 17 8 44 
AQUIIII!!48 45 21 27 9 13 46 16 47 11 14 15 20 23 7 10 
AQUIIII!!25 10 8 46 23 22 32 19 43 11 12 17 7 18 44 48 
AQUIIII!!22 43 23 8 46 44 25 12 10 17 32 7 19 11 18 48 
Number of Cuts in the second phase:3376
Number of repeat: 3174 
Violation: 500.000000
Violation: 295.000000
Violation: 200.000000
Violation: 73.000000
Violation: 1200.000000
Violation: 500.000000
Violation: 519.000000
Violation: 250.000000
Violation: 600.000000
Violation: 229.000000
Violation: 302.000000
Violation: 700.000000
Violation: 250.000000
Violation: 500.000000
Violation: 687.000000
Violation: 250.000000
Violation: 224.000000
Violation: 414.000000
Violation: 400.000000
Violation: 500.000000
Violation: 600.000000
Violation: 458.000000
Violation: 200.000000
Violation: 513.000000
Violation: 600.000000
Violation: 229.000000
Violation: 269.000000
Violation: 609.000000
Violation: 500.000000
Violation: 224.000000
Violation: 400.000000
Violation: 109.000000
Violation: 302.000000
Violation: 71.000000
Violation: 199.000000
Violation: 500.000000
Violation: 600.000000
Violation: 682.000000
Violation: 1000.000000
Violation: 400.000000
Violation: 200.000000
Violation: 323.000000
Violation: 500.000000
Violation: 500.000000
Violation: 500.000000
Violation: 200.000000
Violation: 600.000000
Violation: 151.000000
Violation: 206.000000
Violation: 151.000000
Violation: 200.000000
Violation: 500.000000
Violation: 1200.000000
Violation: 250.000000
Violation: 700.000000
Violation: 1200.000000
Violation: 200.000000
Violation: 1200.000000
Violation: 180.000000
Violation: 1198.000000
Violation: 400.000000
Violation: 751.000000
Violation: 1000.000000
Violation: 500.000000
Violation: 600.000000
Violation: 500.000000
Violation: 200.000000
Violation: 599.000000
Violation: 500.000000
Violation: 224.000000
Violation: 586.000000
Violation: 1200.000000
Violation: 600.000000
Violation: 200.000000
Violation: 531.000000
Violation: 1000.000000
Violation: 198.000000
Violation: 200.000000
Violation: 404.000000
Violation: 522.000000
Violation: 887.000000
Violation: 109.000000
Violation: 228.000000
Violation: 400.000000
Violation: 500.000000
Violation: 205.000000
Violation: 1200.000000
Violation: 109.000000
Violation: 200.000000
Violation: 44.000000
Violation: 829.000000
Violation: 500.000000
Violation: 200.000000
Violation: 600.000000
Violation: 500.000000
Violation: 1250.000000
Violation: 1000.000000
Violation: 71.000000
Violation: 314.000000
Violation: 1200.000000
Violation: 229.000000
Violation: 295.000000
Violation: 309.000000
Violation: 200.000000
Violation: 218.000000
Violation: 1000.000000
Violation: 483.000000
Violation: 1000.000000
Violation: 1000.000000
Violation: 500.000000
Violation: 500.000000
Violation: 750.000000
Violation: 200.000000
Violation: 750.000000
Violation: 1000.000000
Violation: 412.000000
Violation: 500.000000
Violation: 750.000000
Violation: 700.000000
Violation: 150.000000
Violation: 1000.000000
Violation: 84.000000
Violation: 1250.000000
Violation: 1000.000000
Violation: 250.000000
Violation: 200.000000
Violation: 599.000000
Violation: 100.000000
Violation: 400.000000
Violation: 272.000000
Violation: 400.000000
Violation: 1198.000000
Violation: 1044.000000
Violation: 228.000000
Violation: 600.000000
Violation: 100.000000
Violation: 1000.000000
Violation: 250.000000
Violation: 1000.000000
Violation: 151.000000
Violation: 200.000000
Violation: 250.000000
Violation: 83.000000
Violation: 700.000000
Violation: 456.000000
Violation: 700.000000
Violation: 309.000000
Violation: 1044.000000
Violation: 998.000000
Violation: 700.000000
Violation: 500.000000
Violation: 600.000000
Violation: 198.000000
Violation: 458.000000
Violation: 206.000000
Violation: 314.000000
Violation: 599.000000
Violation: 658.000000
Violation: 337.000000
Violation: 83.000000
Violation: 216.000000
Violation: 198.000000
Violation: 229.000000
Violation: 315.000000
Violation: 295.000000
Violation: 500.000000
Violation: 200.000000
Violation: 224.000000
Violation: 1100.000000
Violation: 709.000000
Violation: 228.000000
Violation: 198.000000
Violation: 1250.000000
Violation: 200.000000
Violation: 182.000000
Violation: 250.000000
Violation: 531.000000
Violation: 200.000000
Violation: 108.000000
Violation: 529.000000
Violation: 700.000000
Violation: 500.000000
Violation: 250.000000
Violation: 198.000000
Violation: 453.000000
Violation: 83.000000
Violation: 500.000000
Violation: 513.000000
Violation: 400.000000
Violation: 599.000000
Violation: 206.000000
Violation: 1000.000000
Violation: 200.000000
Violation: 109.000000
Violation: 279.000000
Violation: 224.000000
Violation: 750.000000
Violation: 887.000000
Violation: 71.000000
Violation: 500.000000
Violation: 418.000000
Violation: 500.000000
8592 16
11 9 18 7 43 13 10 32 46 
AQUIIII!!13 20 23 46 22 AQUIIII!!19 16 AQUIIII!!11 13 27 18 44 AQUIIII!!15 7 9 8 11 9 20 4 46 44 45 19 23 43 14 44 45 16 11 43 16 10 27 AQUIIII!!22 32 9 46 10 28 48 21 AQUIIII!!18 7 21 
14 23 17 17 23 20 9 18 10 47 15 20 25 44 13 7 22 46 12 10 10 48 6 7 23 43 32 48 46 19 11 12 

19 48 25 7 
18 16 44 32 32 13 22 48 46 
8 11 7 43 48 AQUIIII!!48 
43 11 18 22 17 32 AQUIIII!!23 13 16 44 10 10 46 22 9 7 13 19 20 18 
19 44 AQUIIII!!7 23 20 20 10 9 11 32 22 43 32 11 44 48 46 AQUIIII!!46 48 43 18 46 
19 44 22 7 12 11 18 AQUIIII!!17 9 13 23 19 16 32 18 10 23 7 43 20 13 43 13 48 19 
23 
32 AQUIIII!!48 17 20 46 22 11 20 45 13 46 7 44 11 25 44 23 32 7 43 10 9 16 10 9 19 48 
AQUIIII!!
48 43 25 4 32 46 22 28 12 7 44 6 18 17 19 8 
AQUIIII!!43 46 48 32 23 18 10 7 25 44 19 12 22 8 17 6 
AQUIIII!!7 32 43 19 AQUIIII!!44 11 22 32 6 7 28 25 17 43 18 22 12 19 8 46 25 12 4 23 46 8 48 10 17 
44 18 48 
AQUIIII!!7 23 AQUIIII!!20 9 44 45 45 11 11 46 10 10 27 13 9 21 43 14 16 44 14 27 25 16 13 20 48 7 46 23 
48 15 
AQUIIII!!46 AQUIIII!!13 32 AQUIIII!!14 10 23 45 47 44 7 11 11 27 27 46 21 15 23 10 16 20 20 47 19 23 45 16 11 21 43 9 9 15 7 10 16 13 7 14 22 48 5 18 13 
20 9 48 48 

AQUIIII!!46 48 19 44 7 9 18 10 23 32 16 13 20 11 22 43 
AQUIIII!!46 7 20 AQUIIII!!13 7 AQUIIII!!10 22 11 43 10 12 16 45 25 9 13 11 25 32 44 27 20 32 44 46 18 23 43 16 11 10 7 45 46 25 19 14 44 8 48 43 23 
19 17 48 23 
9 48 
AQUIIII!!11 9 10 44 13 7 19 16 25 20 32 45 43 23 46 48 
AQUIIII!!22 19 43 11 17 23 18 32 13 7 9 44 10 20 48 46 
AQUIIII!!32 AQUIIII!!11 43 23 11 45 44 43 23 9 20 25 18 16 17 10 22 46 13 44 46 19 10 13 19 20 9 7 32 48 7 48 

AQUIIII!!12 46 43 17 32 8 25 44 7 19 4 18 6 22 28 48 
AQUIIII!!48 10 18 43 9 AQUIIII!!32 48 20 46 17 25 13 44 46 10 19 11 22 32 23 17 11 43 44 23 7 8 
19 7 18 22 12 
AQUIIII!!19 48 20 11 7 9 22 43 10 44 18 23 46 16 13 32 
AQUIIII!!48 7 10 13 11 9 5 20 15 14 16 47 23 45 27 21 
AQUIIII!!13 45 23 9 AQUIIII!!10 AQUIIII!!23 16 10 13 20 45 32 15 10 44 22 47 14 12 7 AQUIIII!!7 46 14 7 48 21 11 17 15 20 27 11 45 21 9 44 10 46 15 19 48 23 23 20 AQUIIII!!14 27 
18 AQUIIII!!46 13 13 43 48 23 16 21 10 20 48 11 25 47 15 
22 7 13 7 7 10 48 9 44 11 
20 46 14 17 11 16 12 9 46 18 44 16 19 45 32 27 27 23 21 
6 46 43 48 AQUIIII!!8 

48 19 AQUIIII!!48 12 11 22 12 7 18 46 11 10 18 46 8 44 44 23 17 19 13 32 43 20 17 25 23 22 32 
10 43 7 
AQUIIII!!48 11 10 9 46 45 20 15 21 47 23 27 14 13 16 7 
AQUIIII!!48 10 7 43 12 22 23 19 18 8 44 32 6 17 25 46 
AQUIIII!!7 25 18 6 32 8 12 4 43 17 46 22 28 19 44 48 
AQUIIII!!AQUIIII!!15 18 27 43 20 13 14 20 44 23 10 7 22 16 11 9 32 11 46 10 46 44 21 16 13 9 45 7 48 19 
23 48 
AQUIIII!!48 46 20 44 11 25 27 13 45 9 23 10 16 14 7 43 
AQUIIII!!48 14 9 11 45 13 46 21 44 27 16 23 10 20 7 15 
AQUIIII!!25 17 32 11 8 12 19 23 18 46 10 22 7 44 48 43 
AQUIIII!!6 28 17 8 AQUIIII!!32 46 4 48 27 22 10 7 23 46 7 19 AQUIIII!!13 12 9 22 25 20 18 11 45 44 15 43 43 11 48 14 18 
47 20 16 21 17 
10 46 12 19 7 44 23 32 13 48 
AQUIIII!!22 46 18 11 10 7 16 43 23 13 9 32 AQUIIII!!19 43 20 11 44 20 48 19 
22 23 44 10 46 13 18 12 7 32 17 48 
AQUIIII!!7 46 28 19 44 6 4 32 22 18 25 8 12 43 AQUIIII!!17 48 48 
22 6 12 28 19 32 43 46 3 18 AQUIIII!!17 48 4 9 25 7 8 43 13 44 10 
25 14 27 20 45 11 44 23 46 16 
AQUIIII!!16 48 44 10 AQUIIII!!9 46 11 48 AQUIIII!!20 AQUIIII!!9 46 15 46 7 19 45 48 44 48 23 16 10 6 21 47 11 4 27 27 19 32 14 20 18 28 46 23 43 25 14 7 23 44 7 13 20 8 11 
22 43 9 13 18 13 16 17 21 32 22 10 
12 45 AQUIIII!!7 15 46 

32 16 7 18 13 11 10 20 19 22 9 23 44 43 48 
AQUIIII!!46 9 23 11 25 7 44 43 45 13 20 10 27 14 16 48 
AQUIIII!!48 18 19 32 17 44 28 3 8 4 43 6 25 12 46 22 
AQUIIII!!19 48 12 6 17 22 25 8 23 10 18 46 44 7 43 32 
AQUIIII!!45 21 47 20 27 10 5 13 15 7 23 14 11 9 16 48 
AQUIIII!!45 21 47 20 27 10 5 13 15 7 23 AQUIIII!!14 46 11 9 19 11 16 48 32 
25 43 45 10 13 9 20 7 44 23 48 16 
AQUIIII!!10 5 16 AQUIIII!!48 21 46 45 11 14 23 20 44 47 43 9 17 20 11 32 23 22 7 19 13 13 15 12 27 18 48 10 7 

AQUIIII!!48 11 23 20 22 17 10 7 44 43 46 19 AQUIIII!!18 44 9 43 13 32 16 10 
11 19 23 18 46 13 7 20 22 9 32 48 
AQUIIII!!48 16 11 13 46 23 32 44 9 10 43 18 20 19 7 22 
AQUIIII!!7 11 9 44 13 16 20 14 15 46 23 AQUIIII!!45 10 10 45 11 21 AQUIIII!!15 27 23 10 48 20 
22 47 27 16 9 23 13 5 32 7 14 AQUIIII!!9 16 48 46 21 32 13 48 
43 7 20 8 18 25 11 12 7 6 19 46 44 44 48 18 
19 4 43 17 22 28 
AQUIIII!!43 44 48 46 18 19 12 25 22 17 32 6 8 4 AQUIIII!!3 13 28 46 
43 45 19 10 32 11 9 23 25 44 7 AQUIIII!!20 10 16 32 48 18 
9 7 22 AQUIIII!!44 20 13 16 10 19 17 11 19 43 46 13 46 23 23 32 48 22 
18 7 44 43 11 AQUIIII!!20 48 9 43 48 
20 23 10 22 44 19 32 13 7 11 46 9 18 16 
AQUIIII!!48 23 16 21 13 7 46 10 45 9 47 27 11 15 14 20 
AQUIIII!!43 32 23 22 9 11 13 19 18 44 20 7 46 17 10 48 
AQUIIII!!20 14 45 23 27 13 46 7 25 9 44 11 10 43 16 48 
AQUIIII!!11 45 15 47 46 27 23 21 9 10 20 7 16 14 13 AQUIIII!!48 48 
13 11 21 5 23 20 47 27 7 14 9 45 10 15 16 
AQUIIII!!48 46 23 22 12 10 17 44 43 18 11 32 8 25 7 19 
AQUIIII!!48 9 10 16 23 20 46 7 27 45 21 AQUIIII!!47 15 18 13 16 11 7 14 
19 44 43 46 11 13 22 10 23 32 20 9 48 
AQUIIII!!7 13 43 AQUIIII!!25 10 AQUIIII!!21 23 8 9 46 18 14 9 25 46 20 12 11 45 17 45 44 14 13 7 27 27 43 10 16 6 11 19 47 46 7 16 23 23 44 32 20 10 48 22 48 
48 15 

AQUIIII!!AQUIIII!!48 48 8 AQUIIII!!16 43 20 13 32 AQUIIII!!19 32 25 48 12 20 46 32 7 44 46 25 10 19 18 11 17 17 18 45 12 7 22 43 3 17 46 23 4 10 25 23 6 6 10 44 22 43 9 28 11 44 44 19 8 18 19 
23 43 7 12 
13 22 32 46 
48 
AQUIIII!!48 18 8 46 44 17 3 28 19 22 12 6 4 25 32 43 
AQUIIII!!48 19 43 23 22 32 12 7 20 17 10 13 44 18 46 11 
AQUIIII!!18 11 19 13 AQUIIII!!46 10 11 32 12 22 8 9 7 43 44 43 7 44 20 10 23 46 17 22 48 
17 32 23 19 18 25 48 
AQUIIII!!46 48 18 7 11 10 43 20 44 22 9 16 32 13 19 23 AQUIIII!!
19 32 AQUIIII!!4 32 12 28 28 17 6 2 43 4 3 25 19 25 22 17 18 44 8 18 0 22 12 6 8 3 46 43 48 1 

AQUIIII!!48 46 12 43 18 25 8 19 17 4 32 3 22 44 6 28 
AQUIIII!!9 13 32 17 22 19 11 18 7 10 44 43 23 20 46 48 
AQUIIII!!7 13 11 AQUIIII!!10 48 21 20 13 AQUIIII!!9 7 48 23 9 11 27 10 47 27 46 14 10 11 45 32 5 25 15 23 46 48 19 7 16 22 
45 18 43 16 20 9 17 44 20 
13 14 44 43 23 
AQUIIII!!48 25 AQUIIII!!9 7 10 7 13 27 11 43 10 20 21 46 20 44 9 14 23 45 27 23 47 13 14 16 45 11 5 
15 48 16 
AQUIIII!!25 3 44 28 6 AQUIIII!!4 48 12 15 16 32 21 8 23 47 19 20 13 17 45 22 10 27 18 9 48 46 7 46 11 43 14 

AQUIIII!!4 18 25 46 32 7 22 28 43 6 12 8 17 19 44 48 
AQUIIII!!32 11 19 44 43 8 23 10 25 12 46 18 22 17 7 48 
AQUIIII!!44 46 9 43 22 20 19 32 7 18 10 13 16 23 11 48 
AQUIIII!!18 20 16 10 19 32 7 46 23 9 22 13 11 43 44 48 
AQUIIII!!11 47 14 7 10 9 20 AQUIIII!!48 27 19 15 10 46 45 12 5 32 7 21 20 16 43 22 13 23 23 18 17 48 11 
44 13 
AQUIIII!!7 6 23 19 44 12 18 22 43 10 17 25 8 32 46 48 
AQUIIII!!48 12 23 43 19 46 22 13 44 18 11 10 7 20 17 32 
AQUIIII!!48 32 11 22 9 13 7 18 43 20 10 46 23 44 16 19 
AQUIIII!!4 8 6 25 19 17 22 18 43 32 28 3 44 46 12 48 
AQUIIII!!46 48 20 23 11 13 25 14 9 10 16 43 27 44 45 7 
AQUIIII!!20 14 11 47 23 15 7 9 21 16 10 45 27 13 46 48 
AQUIIII!!46 48 8 32 44 25 43 17 7 18 11 12 19 23 22 10 
AQUIIII!!44 10 23 9 13 32 11 7 46 19 22 20 18 43 17 48 
AQUIIII!!AQUIIII!!46 48 8 19 18 16 11 28 22 19 43 4 46 6 32 23 22 7 43 18 3 44 12 20 17 9 32 10 44 13 25 
48 
AQUIIII!!9 16 11 23 22 18 44 7 46 32 43 19 13 10 20 48 
AQUIIII!!48 27 14 46 16 47 7 20 15 21 11 10 13 45 23 9 
AQUIIII!!7 46 13 45 14 21 11 27 16 10 47 9 20 23 15 48 
AQUIIII!!22 3 17 44 4 12 32 8 43 28 18 6 46 25 48 19 
AQUIIII!!8 43 46 32 AQUIIII!!7 12 19 28 46 25 23 18 43 3 25 18 6 10 22 8 19 32 44 17 22 4 17 44 11 12 48 48 

AQUIIII!!48 25 46 43 10 44 23 13 20 11 7 9 45 19 16 32 
AQUIIII!!32 17 46 4 44 3 28 22 8 43 6 19 12 18 25 48 
AQUIIII!!23 43 11 45 19 44 13 25 46 9 10 20 7 32 16 48 
AQUIIII!!48 17 18 28 12 19 32 AQUIIII!!43 22 44 8 25 18 22 46 19 4 7 6 17 8 43 7 44 
12 6 46 25 4 32 28 48 
AQUIIII!!46 20 45 10 25 AQUIIII!!23 48 22 7 17 14 32 9 9 27 43 11 19 18 44 10 13 11 16 46 43 7 20 48 44 
13 23 
AQUIIII!!48 25 9 44 10 19 23 46 32 16 45 7 43 13 20 11 
AQUIIII!!48 47 9 7 20 23 11 13 27 14 16 5 21 10 45 15 
AQUIIII!!6 23 44 8 17 25 22 18 19 43 32 7 12 10 48 AQUIIII!!46 48 
44 43 17 25 12 6 18 4 32 28 3 8 46 22 19 
AQUIIII!!48 23 19 7 12 17 43 25 10 AQUIIII!!6 10 8 13 18 11 22 7 44 20 32 47 46 15 
23 45 27 16 14 AQUIIII!!21 48 5 7 10 9 12 48 18 
25 44 19 22 32 46 8 43 11 23 17 
AQUIIII!!18 22 17 43 13 11 9 44 10 23 7 46 20 32 19 AQUIIII!!48 22 
28 4 18 25 AQUIIII!!7 16 6 9 32 43 7 44 21 8 17 13 12 10 48 46 11 19 20 AQUIIII!!
48 27 25 23 8 46 28 14 18 47 12 45 32 15 22 48 
19 4 7 44 6 43 46 17 
AQUIIII!!46 48 23 43 19 32 22 18 7 9 20 44 11 17 10 13 
AQUIIII!!48 19 4 6 44 3 8 12 32 25 43 17 18 22 46 28 
AQUIIII!!48 46 14 13 45 20 27 15 23 7 21 16 10 44 9 11 
AQUIIII!!48 47 21 16 13 20 15 9 10 23 45 14 7 11 AQUIIII!!46 17 27 
25 43 28 12 19 46 8 6 18 32 3 22 4 44 48 
AQUIIII!!21 14 27 11 10 46 20 47 AQUIIII!!45 48 13 23 9 10 23 32 16 22 15 6 7 44 48 43 
AQUIIII!!12 48 7 17 25 25 AQUIIII!!19 44 16 46 32 27 22 8 20 12 7 18 AQUIIII!!46 11 17 10 18 16 
21 19 20 9 6 23 14 4 13 47 7 45 28 7 47 8 23 10 43 15 27 
5 AQUIIII!!11 48 7 
45 46 21 25 AQUIIII!!10 9 25 6 15 23 8 6 14 17 18 10 5 12 44 32 13 46 8 43 48 22 AQUIIII!!18 
19 43 32 44 7 17 22 43 6 17 23 12 19 44 48 48 7 
AQUIIII!!
18 48 12 20 8 15 46 14 4 27 19 11 28 47 25 9 22 45 32 23 48 
46 16 13 7 21 10 
AQUIIII!!48 8 28 AQUIIII!!32 46 25 48 10 22 25 3 17 46 8 23 43 19 18 44 7 19 43 17 22 4 11 32 44 18 6 12 12 

AQUIIII!!AQUIIII!!48 47 48 20 15 9 9 32 10 19 14 7 13 23 7 46 11 27 16 16 13 11 10 23 25 21 45 20 45 43 
44 46 
AQUIIII!!43 44 19 8 18 28 3 46 6 17 4 22 32 12 25 48 
AQUIIII!!48 7 44 19 22 17 8 4 43 6 18 28 32 25 12 46 
AQUIIII!!AQUIIII!!4 48 5 48 20 19 45 43 15 44 47 18 14 12 21 28 10 7 16 25 13 32 23 6 11 46 27 22 9 17 7 8 

AQUIIII!!46 43 20 22 7 13 32 44 9 11 19 10 17 18 23 48 
AQUIIII!!43 27 44 23 14 20 25 7 45 9 46 10 16 13 11 48 
AQUIIII!!17 7 10 18 22 19 11 46 8 25 44 43 23 32 12 48 
AQUIIII!!48 43 25 12 22 17 23 44 10 11 46 19 7 8 18 32 
AQUIIII!!48 21 23 15 14 20 11 AQUIIII!!10 46 13 13 AQUIIII!!7 44 13 16 43 20 45 11 20 7 17 27 32 7 9 10 18 
32 46 12 12 44 23 23 22 17 43 18 10 19 48 22 19 46 11 
44 48 
AQUIIII!!48 18 7 13 43 46 12 11 44 23 20 19 32 22 17 10 
AQUIIII!!25 28 3 4 8 6 12 46 17 22 43 AQUIIII!!19 48 44 32 7 18 46 48 27 
11 14 9 45 10 20 47 23 16 13 15 21 
AQUIIII!!48 44 46 21 27 45 9 7 11 16 20 14 13 10 23 15 
AQUIIII!!48 15 16 21 23 47 20 13 45 10 27 9 46 7 11 14 
AQUIIII!!43 16 10 25 11 23 45 9 19 44 13 32 20 7 48 46 
AQUIIII!!19 43 AQUIIII!!11 45 25 15 23 10 12 20 7 9 32 AQUIIII!!22 16 19 44 AQUIIII!!14 45 8 17 21 25 17 43 23 7 10 28 16 23 18 46 7 48 47 13 32 46 13 44 19 
27 11 18 11 9 44 46 10 4 48 46 22 
32 6 20 7 43 8 48 12 
25 48 
AQUIIII!!AQUIIII!!7 48 44 32 13 11 22 32 9 44 18 46 19 10 17 43 11 22 7 23 10 19 16 18 9 43 20 13 
20 23 48 46 
AQUIIII!!32 28 19 3 22 18 0 2 12 25 4 17 AQUIIII!!8 AQUIIII!!43 46 6 13 14 23 1 9 16 43 43 11 11 20 
13 44 7 25 10 10 44 19 20 32 23 46 9 45 45 27 7 25 48 48 
16 
AQUIIII!!12 25 23 18 22 32 8 6 10 7 44 17 19 43 46 48 
AQUIIII!!32 18 46 44 9 19 13 23 10 22 20 17 7 43 11 48 
AQUIIII!!10 20 23 9 5 13 27 45 16 47 15 14 11 7 21 48 
AQUIIII!!48 22 23 32 9 46 44 18 11 43 17 19 20 13 7 10 
AQUIIII!!7 45 25 14 10 44 11 46 13 20 23 43 27 9 16 48 
AQUIIII!!46 48 8 6 44 43 25 18 17 12 28 4 32 19 22 7 
AQUIIII!!48 25 17 8 6 44 32 19 46 18 43 4 22 7 12 28 
AQUIIII!!48 10 21 7 46 9 16 20 15 14 11 23 27 13 45 44 
AQUIIII!!48 25 23 17 43 12 18 19 46 44 7 11 32 10 22 8 
AQUIIII!!45 16 23 7 19 32 44 46 10 13 9 25 43 11 20 48 
AQUIIII!!46 11 43 22 12 AQUIIII!!18 48 44 13 17 11 20 19 18 10 22 7 19 17 44 32 43 23 20 48 32 
7 10 9 13 46 23 
AQUIIII!!48 44 25 12 7 8 4 28 46 18 22 32 6 19 17 43 
AQUIIII!!32 7 17 8 43 12 25 19 18 22 28 6 46 44 48 4 
AQUIIII!!48 23 22 46 11 13 43 44 18 9 10 19 17 32 20 7 
AQUIIII!!44 43 48 16 9 27 7 11 25 13 14 20 46 23 10 45 AQUIIII!!
10 20 23 25 46 11 7 44 45 43 27 16 9 13 14 48 
AQUIIII!!13 7 27 20 21 14 16 47 9 11 45 10 15 23 46 48 
AQUIIII!!20 9 23 19 43 44 22 46 7 11 18 32 13 10 16 48 
AQUIIII!!10 9 32 23 43 11 18 16 44 20 7 19 13 22 46 48 
AQUIIII!!23 7 10 45 19 25 13 46 44 20 32 43 11 9 48 16 
AQUIIII!!20 21 10 27 16 11 5 9 13 23 14 45 47 7 48 15 
AQUIIII!!2 43 0 3 8 19 17 4 22 6 1 32 25 12 28 18 
AQUIIII!!43 1 8 19 25 17 6 22 18 32 2 3 4 28 0 12 
AQUIIII!!43 48 44 46 32 6 19 8 17 18 12 7 25 23 10 22 
AQUIIII!!48 7 12 17 44 32 19 4 25 43 8 18 28 6 46 22 
AQUIIII!!45 11 21 27 5 47 13 9 20 15 23 10 7 16 14 48 
AQUIIII!!48 16 23 45 7 25 9 32 46 19 44 11 20 10 43 13 
AQUIIII!!44 6 18 46 12 4 28 17 43 8 3 32 22 25 19 48 
Number of Cuts in the second phase:3429
Number of repeat: 3343 
Violation: 350.000000
Violation: 511.000000
Violation: 71.000000
Violation: 599.000000
Violation: 500.000000
Violation: 487.000000
Violation: 71.000000
Violation: 50.000000
Violation: 1200.000000
Violation: 416.000000
Violation: 273.000000
Violation: 50.000000
Violation: 399.000000
Violation: 422.000000
Violation: 600.000000
Violation: 600.000000
Violation: 800.000000
Violation: 151.000000
Violation: 250.000000
Violation: 656.000000
Violation: 458.000000
Violation: 1000.000000
Violation: 1000.000000
Violation: 600.000000
Violation: 1000.000000
Violation: 500.000000
Violation: 83.000000
Violation: 100.000000
Violation: 200.000000
Violation: 400.000000
Violation: 750.000000
Violation: 300.000000
Violation: 500.000000
Violation: 531.000000
Violation: 400.000000
Violation: 737.000000
Violation: 198.000000
Violation: 1000.000000
Violation: 200.000000
Violation: 600.000000
Violation: 73.000000
Violation: 379.000000
Violation: 573.000000
Violation: 700.000000
Violation: 218.000000
Violation: 479.000000
Violation: 750.000000
Violation: 1100.000000
Violation: 1198.000000
Violation: 151.000000
Violation: 119.000000
Violation: 199.000000
Violation: 199.000000
Violation: 500.000000
Violation: 519.000000
Violation: 800.000000
Violation: 380.000000
Violation: 300.000000
Violation: 600.000000
Violation: 205.000000
Violation: 73.000000
Violation: 273.000000
Violation: 198.000000
Violation: 682.000000
Violation: 750.000000
Violation: 750.000000
Violation: 200.000000
Violation: 600.000000
Violation: 500.000000
Violation: 687.000000
Violation: 521.000000
Violation: 998.000000
Violation: 200.000000
Violation: 200.000000
Violation: 83.000000
Violation: 700.000000
Violation: 200.000000
Violation: 289.000000
Violation: 83.000000
Violation: 172.000000
Violation: 398.000000
Violation: 700.000000
Violation: 500.000000
Violation: 1424.000000
Violation: 200.000000
Violation: 256.000000
2808 16
AQUIIII!!48 11 14 10 45 9 5 20 21 7 47 13 AQUIIII!!27 48 23 45 16 21 15 16 
27 20 23 7 10 13 11 44 46 9 14 15 
AQUIIII!!48 43 10 12 22 6 18 46 8 19 23 32 17 25 7 44 
AQUIIII!!AQUIIII!!12 46 20 19 22 17 11 11 43 43 7 32 19 12 46 7 32 22 44 18 18 20 23 13 17 44 10 10 23 13 48 48 

AQUIIII!!48 18 22 44 19 9 13 20 43 46 10 11 23 32 7 17 
AQUIIII!!48 21 47 16 10 15 27 46 13 7 23 45 11 9 20 14 
AQUIIII!!48 16 9 11 44 10 46 7 27 15 45 13 20 14 21 23 
AQUIIII!!3 6 12 25 46 28 17 22 32 8 19 44 4 43 18 48 
AQUIIII!!17 4 46 6 8 44 3 12 32 19 43 18 28 25 22 48 
AQUIIII!!48 43 11 9 44 16 19 13 32 10 46 45 23 7 25 20 
AQUIIII!!19 48 8 43 44 32 7 22 17 12 28 46 25 18 4 6 
AQUIIII!!48 21 46 44 13 7 15 14 45 20 27 9 16 23 11 10 
AQUIIII!!10 9 32 AQUIIII!!13 25 44 13 23 9 20 10 25 46 7 27 45 43 16 20 46 14 43 11 23 48 7 19 11 
44 16 45 48 
AQUIIII!!48 45 AQUIIII!!9 32 7 17 46 13 23 44 44 10 AQUIIII!!20 22 48 10 9 22 11 46 12 13 11 23 16 20 32 18 27 44 7 25 7 23 43 8 19 11 14 43 
46 48 19 
10 43 18 17 25 
AQUIIII!!46 48 18 22 19 17 43 12 44 28 25 8 32 4 7 6 
AQUIIII!!7 16 44 10 45 25 23 13 43 32 20 46 9 11 19 48 
AQUIIII!!9 44 16 43 10 32 45 25 46 23 7 19 11 20 13 48 
AQUIIII!!28 22 32 17 8 6 46 4 18 12 25 44 48 19 3 43 
AQUIIII!!10 14 7 44 25 23 13 45 20 43 9 27 16 11 46 48 
AQUIIII!!25 28 43 8 18 32 4 6 3 46 17 44 22 12 19 48 
AQUIIII!!44 46 16 45 19 7 13 11 9 43 10 23 20 32 25 48 
AQUIIII!!16 9 20 32 10 13 23 18 19 44 7 22 43 11 46 48 
AQUIIII!!12 44 8 7 17 25 43 22 6 19 18 32 4 28 46 48 
AQUIIII!!48 23 20 9 44 43 25 45 10 16 11 14 13 27 46 7 
AQUIIII!!48 9 16 14 23 45 7 46 10 15 44 21 11 20 27 13 
AQUIIII!!AQUIIII!!25 10 46 23 9 32 23 43 AQUIIII!!20 19 43 44 AQUIIII!!17 7 11 6 18 22 16 12 46 44 10 3 12 11 43 32 8 18 19 28 44 46 13 22 22 10 32 18 25 13 45 8 6 17 7 17 7 19 48 4 48 32 
25 
23 0 12 2 20 1 48 43 
19 
AQUIIII!!23 46 25 14 11 13 9 43 45 27 10 20 16 44 7 48 
AQUIIII!!48 17 46 43 13 19 23 18 12 44 20 10 22 32 11 7 
AQUIIII!!6 28 18 8 19 3 12 43 32 22 44 17 46 4 25 48 
AQUIIII!!11 22 19 32 20 7 10 12 18 23 17 13 46 44 48 43 
AQUIIII!!48 46 22 9 11 13 19 20 17 43 18 23 44 7 32 10 
AQUIIII!!15 48 27 21 46 11 13 47 16 20 7 9 10 23 45 14 
AQUIIII!!48 22 25 19 6 32 18 8 4 43 12 44 17 28 7 46 
AQUIIII!!18 23 7 44 25 19 43 12 11 10 32 22 8 46 17 48 
AQUIIII!!48 44 7 17 9 18 11 22 23 13 19 10 32 20 43 46 
AQUIIII!!48 15 23 27 10 14 11 45 13 46 16 9 20 47 7 21 
AQUIIII!!48 15 20 16 45 27 46 21 7 10 47 14 23 11 9 13 
AQUIIII!!22 19 8 6 44 25 18 43 3 12 17 4 28 46 32 48 
AQUIIII!!48 46 14 7 27 11 15 20 45 44 23 16 9 10 21 13 
AQUIIII!!44 45 14 20 46 16 15 11 21 10 23 13 7 27 9 48 
AQUIIII!!13 11 21 9 46 15 7 14 20 27 16 10 23 44 45 48 
AQUIIII!!48 16 9 11 44 10 46 7 27 15 45 13 20 14 21 23 
AQUIIII!!19 25 12 7 32 17 44 4 8 46 22 18 28 43 6 48 
AQUIIII!!48 10 20 23 17 18 44 13 7 11 46 32 43 22 19 12 
AQUIIII!!2 43 18 1 0 25 28 17 22 3 4 12 8 32 19 6 
AQUIIII!!3 28 19 4 17 8 12 6 25 18 1 AQUIIII!!32 6 22 10 0 18 2 46 43 22 
17 43 8 19 23 32 7 12 25 44 48 
AQUIIII!!7 23 22 18 10 25 19 12 17 44 32 8 43 46 6 48 
AQUIIII!!48 32 25 19 13 16 44 23 46 20 9 43 45 11 7 10 
AQUIIII!!48 6 19 17 46 12 43 8 22 28 25 18 7 44 32 4 
AQUIIII!!11 5 16 47 13 45 21 10 23 20 14 15 27 7 9 48 
AQUIIII!!18 23 17 7 10 25 19 12 22 8 46 32 6 44 48 43 
AQUIIII!!23 46 11 45 20 19 13 44 16 43 25 32 7 9 10 48 
AQUIIII!!48 13 10 9 18 20 23 43 32 46 22 7 44 11 16 19 
AQUIIII!!46 44 4 48 28 22 25 18 32 43 6 17 19 8 12 7 
AQUIIII!!48 11 25 43 32 17 18 12 19 7 8 23 44 22 46 10 
AQUIIII!!48 32 7 18 23 43 17 13 20 46 19 10 11 12 44 22 
AQUIIII!!10 23 22 18 46 43 11 8 19 32 7 12 44 17 25 48 
Number of Cuts in the second phase:1156
Number of repeat: 1138 
Violation: 250.000000
Violation: 200.000000
Violation: 500.000000
Violation: 453.000000
Violation: 410.000000
Violation: 1000.000000
Violation: 1200.000000
Violation: 416.000000
Violation: 64.000000
Violation: 489.000000
Violation: 1050.000000
Violation: 398.000000
Violation: 522.000000
Violation: 338.000000
Violation: 73.000000
Violation: 200.000000
Violation: 1200.000000
Violation: 489.000000
took 5.231427
Optimize a model with 670 rows, 906 columns and 10345 nonzeros
Coefficient statistics:
  Matrix range     [1e+00, 4e+01]
  Objective range  [0e+00, 0e+00]
  Bounds range     [1e+00, 4e+01]
  RHS range        [1e+00, 1e+02]
Presolve removed 429 rows and 109 columns
Presolve time: 0.00s
Presolved: 241 rows, 797 columns, 8458 nonzeros

Iteration    Objective       Primal Inf.    Dual Inf.      Time
       0    0.0000000e+00   4.408044e+01   0.000000e+00      0s
     130    0.0000000e+00   0.000000e+00   0.000000e+00      0s

Solved in 130 iterations and 0.01 seconds
Optimal objective  0.000000000e+00
