j3017_4.mm_s3.txt
Academic license - for non-commercial use only
Read LP format model from file lp/j3017_4.mm.lp
Reading time = 0.01 seconds
: 351 rows, 906 columns, 9053 nonzeros
OKGPU
nThreads: 1024 , nBlocks: 12 
Number cuts generated in the phase 1: 8
Number of repeat: 2 
violation 750.000000
violation 500.000000
violation 404.000000
violation 71.000000
violation 380.000000
violation 800.000000
8592 16
AQUIIII!!48 32 44 19 20 10 46 7 23 22 17 18 43 28 12 25 
AQUIIII!!48 28 32 46 43 6 20 17 25 22 18 8 12 19 44 23 
AQUIIII!!48 23 9 32 7 22 11 25 20 13 44 46 10 AQUIIII!!27 46 19 48 43 23 
28 22 AQUIIII!!19 19 8 48 44 20 12 44 25 AQUIIII!!22 17 48 7 13 18 20 27 43 11 23 18 10 18 32 46 32 
11 22 10 19 7 32 25 AQUIIII!!43 43 27 46 46 48 17 
44 25 20 20 25 44 23 19 7 6 
8 12 22 28 17 43 32 23 18 
AQUIIII!!48 46 11 20 9 7 27 25 32 45 23 44 21 13 16 10 
AQUIIII!!46 32 11 20 25 44 18 7 19 AQUIIII!!17 22 27 9 27 20 10 46 23 11 43 7 AQUIIII!!48 AQUIIII!!21 
43 10 18 23 44 44 44 45 7 13 AQUIIII!!13 12 25 43 32 11 17 25 44 19 43 23 18 27 16 8 AQUIIII!!27 20 22 48 20 7 25 19 46 
10 12 22 22 46 7 32 32 23 7 10 18 32 9 20 23 11 48 25 
28 19 43 AQUIIII!!22 46 32 25 14 20 17 19 17 23 10 48 48 44 11 
46 28 27 8 
48 9 
7 AQUIIII!!20 9 16 25 15 10 23 16 37 22 45 43 29 11 21 20 13 48 7 
32 46 44 13 27 23 48 
AQUIIII!!13 44 19 AQUIIII!!48 27 16 21 10 AQUIIII!!44 9 11 27 11 20 45 46 10 22 32 AQUIIII!!7 25 7 10 23 44 AQUIIII!!46 20 43 46 13 23 23 23 32 7 13 25 22 16 27 27 
43 25 7 9 32 11 11 45 7 18 25 9 48 44 AQUIIII!!48 
20 32 45 28 44 44 27 11 20 19 32 25 17 21 23 13 46 32 20 6 20 48 10 18 23 13 46 
46 22 16 25 9 10 19 48 43 21 
8 48 12 

AQUIIII!!48 21 13 25 27 11 9 23 AQUIIII!!46 32 48 45 7 16 22 19 10 12 7 23 17 20 10 46 18 20 44 AQUIIII!!32 
25 48 28 20 44 46 43 
23 7 21 45 AQUIIII!!44 48 32 23 13 13 11 9 10 25 9 20 16 10 25 46 27 7 
27 32 43 44 11 22 19 
AQUIIII!!48 46 25 10 44 43 27 22 19 11 23 13 20 7 18 32 
AQUIIII!!46 43 48 7 11 9 13 44 27 20 16 32 10 22 25 23 
AQUIIII!!11 10 27 44 19 9 20 7 23 22 13 32 43 25 46 48 
AQUIIII!!11 20 27 32 46 25 43 9 13 7 23 44 22 16 10 48 
AQUIIII!!48 46 32 23 44 28 43 17 8 18 25 22 6 12 20 19 
AQUIIII!!48 37 10 11 14 7 21 27 23 15 29 13 45 20 16 9 AQUIIII!!
12 43 19 32 25 20 44 17 18 8 28 46 7 22 23 48 
AQUIIII!!13 AQUIIII!!32 13 11 AQUIIII!!39 22 48 45 10 23 10 9 20 20 16 27 13 23 44 45 27 37 25 9 29 43 23 16 9 7 11 15 27 19 46 21 10 11 7 14 20 25 7 
48 14 46 21 
48 
AQUIIII!!7 11 20 AQUIIII!!13 22 44 25 9 17 10 23 27 7 32 28 25 44 23 20 16 21 46 45 32 46 AQUIIII!!48 18 48 
43 17 25 12 22 8 20 32 19 43 48 44 28 
19 18 23 7 46 12 10 
AQUIIII!!48 46 9 32 19 13 22 25 23 7 11 AQUIIII!!48 43 46 27 25 10 12 44 AQUIIII!!23 20 48 18 
20 17 44 AQUIIII!!44 23 32 48 21 46 8 9 19 44 46 17 43 11 20 32 45 18 28 10 22 12 32 7 7 7 
20 25 25 27 28 13 43 16 22 
19 8 23 
AQUIIII!!16 48 13 10 11 46 43 25 44 23 9 7 32 27 22 20 
AQUIIII!!44 43 32 12 19 28 22 18 AQUIIII!!48 23 32 20 6 46 25 25 10 19 8 7 23 20 AQUIIII!!43 17 22 25 44 46 27 9 11 48 44 13 9 
10 
AQUIIII!!22 48 22 23 27 27 11 46 13 17 10 19 32 20 20 18 11 23 43 44 43 7 25 19 32 7 48 
46 
AQUIIII!!22 44 23 19 20 43 32 27 7 11 18 13 25 10 48 46 
AQUIIII!!48 AQUIIII!!16 48 21 28 13 32 11 12 39 22 9 23 46 25 10 20 20 18 23 44 25 17 7 19 27 8 45 46 14 43 
7 
AQUIIII!!48 22 18 AQUIIII!!44 48 8 46 28 32 43 18 6 23 32 25 12 7 20 13 17 19 25 AQUIIII!!10 46 19 44 23 48 27 19 20 20 
25 43 43 11 22 22 46 
10 11 32 44 7 27 23 9 13 
AQUIIII!!22 11 44 17 43 18 23 32 27 25 46 10 19 AQUIIII!!7 44 46 20 48 19 25 
22 20 32 8 18 23 AQUIIII!!28 9 17 11 12 27 43 13 7 10 48 32 
22 46 20 16 7 23 25 43 44 48 
AQUIIII!!48 23 27 19 46 11 9 20 10 7 22 44 13 32 43 25 
AQUIIII!!48 46 23 25 9 44 19 13 32 11 20 27 43 7 22 10 
AQUIIII!!48 19 23 28 44 25 32 18 46 17 12 8 6 22 43 20 
AQUIIII!!43 44 18 32 7 19 23 28 17 8 12 22 25 AQUIIII!!20 17 AQUIIII!!48 18 46 48 43 
13 22 10 23 32 25 25 10 43 20 44 7 32 27 46 19 7 11 9 AQUIIII!!27 23 44 44 48 22 7 
46 9 27 11 22 16 10 20 46 
13 23 43 11 AQUIIII!!20 48 16 43 12 25 44 32 17 48 19 18 
20 23 32 28 46 8 7 25 22 
AQUIIII!!46 AQUIIII!!48 48 19 19 25 25 44 18 18 6 10 8 20 46 17 43 7 44 28 12 23 20 43 32 32 17 12 23 22 22 
28 
AQUIIII!!23 21 20 11 16 29 45 7 9 37 13 10 15 27 14 48 
AQUIIII!!44 8 25 18 12 43 20 28 32 17 7 22 46 19 23 48 
AQUIIII!!48 39 25 16 7 45 10 20 23 27 46 13 21 11 14 9 
AQUIIII!!25 10 20 22 18 44 23 11 27 7 32 13 43 19 46 48 
AQUIIII!!48 7 27 25 9 20 16 13 45 14 23 11 10 21 39 46 
AQUIIII!!48 22 19 43 13 7 20 44 46 25 32 10 11 9 23 27 
AQUIIII!!48 43 6 25 23 17 44 22 32 12 46 20 18 28 8 19 
AQUIIII!!23 44 11 AQUIIII!!25 48 13 32 10 11 46 9 27 13 21 44 32 27 9 16 45 7 16 20 45 20 21 7 23 48 10 
46 25 
AQUIIII!!48 25 32 12 46 22 7 18 8 43 44 17 20 19 28 23 
AQUIIII!!23 9 19 22 20 10 44 46 25 11 7 27 13 43 32 48 
AQUIIII!!48 21 20 16 9 45 37 14 10 23 11 15 13 29 7 27 
AQUIIII!!48 20 22 19 12 17 25 32 23 46 28 6 8 44 18 43 
AQUIIII!!48 46 19 28 44 43 10 32 18 17 12 20 25 7 23 22 
AQUIIII!!48 27 44 20 19 43 13 10 11 32 25 46 7 22 23 9 AQUIIII!!
48 44 23 9 20 25 27 46 21 32 7 45 11 13 10 16 
AQUIIII!!43 11 7 23 27 44 17 AQUIIII!!25 23 10 11 22 44 18 20 13 20 21 32 7 19 45 48 16 46 32 
10 27 25 9 46 AQUIIII!!48 18 
12 46 6 28 20 44 17 19 43 23 AQUIIII!!48 8 21 22 27 32 45 25 23 48 11 
7 46 16 25 10 20 9 14 39 13 
AQUIIII!!48 22 17 AQUIIII!!28 46 6 18 44 46 32 12 23 19 28 23 32 12 8 25 25 22 44 43 20 20 43 
7 18 19 17 8 AQUIIII!!48 48 9 
16 13 45 44 27 7 21 46 10 23 20 25 32 11 
AQUIIII!!48 32 6 8 AQUIIII!!18 48 22 12 17 18 12 43 25 28 17 25 23 20 43 46 23 44 19 20 44 28 
32 10 7 22 46 19 
AQUIIII!!28 17 20 8 23 43 25 46 44 18 7 22 19 32 12 48 
AQUIIII!!46 48 32 7 20 25 44 23 27 10 11 19 43 18 22 17 
AQUIIII!!15 48 29 45 11 37 13 9 10 27 21 14 16 7 23 20 
AQUIIII!!9 13 21 11 20 16 45 7 27 10 39 14 23 25 48 AQUIIII!!44 46 43 
46 12 32 28 6 18 23 17 22 25 20 8 48 19 
AQUIIII!!21 7 27 23 37 11 10 13 9 14 20 15 45 16 29 48 
AQUIIII!!48 10 9 32 7 46 45 11 21 13 23 20 16 25 27 44 
AQUIIII!!7 25 20 43 17 12 AQUIIII!!23 48 7 22 11 32 20 10 43 19 16 10 28 25 44 27 46 23 18 13 48 22 
46 9 32 44 AQUIIII!!
22 28 8 6 23 AQUIIII!!12 48 17 23 46 7 44 27 25 32 32 20 43 43 13 18 19 18 48 44 
25 AQUIIII!!11 48 19 20 18 20 44 46 19 10 17 22 25 
43 23 22 28 AQUIIII!!32 48 12 10 46 46 22 8 27 6 9 
20 16 AQUIIII!!44 46 25 48 7 27 11 23 13 13 AQUIIII!!43 10 48 32 16 9 23 45 23 32 10 
9 32 21 25 46 7 11 25 13 44 20 27 11 22 
43 20 16 44 7 
AQUIIII!!48 44 32 43 23 22 19 25 12 18 20 7 10 17 28 46 
AQUIIII!!22 20 19 17 44 46 27 18 43 10 32 7 11 25 23 48 
AQUIIII!!48 20 46 39 25 7 13 45 10 23 21 27 11 16 9 14 
AQUIIII!!7 16 27 13 45 10 9 23 11 14 15 29 20 37 21 48 
AQUIIII!!16 48 14 11 23 13 45 9 20 15 29 7 10 37 21 27 
AQUIIII!!46 48 43 AQUIIII!!19 9 28 13 25 46 8 23 6 11 23 44 12 43 22 27 18 32 44 22 17 25 20 10 32 7 
20 19 48 
AQUIIII!!48 25 7 28 46 17 AQUIIII!!22 48 20 20 23 43 29 19 13 12 10 10 7 32 37 44 27 18 21 
23 14 16 15 9 45 11 
AQUIIII!!44 20 16 21 32 11 13 7 23 25 27 10 45 9 48 46 
AQUIIII!!48 20 10 AQUIIII!!11 10 19 21 32 45 44 27 23 29 37 22 15 27 11 18 9 43 20 25 13 13 7 46 14 7 16 
23 48 
AQUIIII!!48 16 27 45 23 29 9 21 10 11 20 15 14 13 7 37 
AQUIIII!!48 12 8 43 32 25 23 22 18 20 44 17 46 28 19 6 
AQUIIII!!48 23 27 10 22 17 44 11 25 7 32 19 18 43 20 46 
AQUIIII!!48 45 14 25 13 27 16 20 46 11 10 9 21 39 23 7 
AQUIIII!!25 20 43 23 13 19 7 10 27 32 44 18 11 22 46 48 
AQUIIII!!48 23 25 7 20 43 AQUIIII!!10 17 25 44 8 32 28 22 18 18 22 46 43 27 23 19 12 11 44 
17 7 19 20 32 46 48 AQUIIII!!
32 27 7 46 22 AQUIIII!!25 23 27 11 15 44 20 13 19 11 10 37 43 21 20 14 18 9 48 
45 16 29 10 AQUIIII!!7 44 23 46 13 22 48 28 
43 25 19 23 32 AQUIIII!!17 22 10 46 12 11 20 23 7 25 18 13 48 16 
43 44 27 9 7 32 20 10 48 
AQUIIII!!AQUIIII!!44 46 20 22 27 23 9 12 46 18 23 32 16 10 43 43 22 44 13 25 10 20 11 7 7 28 19 25 17 32 48 48 

AQUIIII!!21 45 27 9 15 14 13 AQUIIII!!11 23 37 20 16 20 18 29 46 7 43 10 28 23 48 44 
7 17 12 10 25 22 32 19 48 
AQUIIII!!25 9 13 21 7 44 16 45 11 27 46 23 20 10 32 48 
AQUIIII!!19 48 25 6 18 22 28 46 44 43 32 20 17 8 12 23 
AQUIIII!!48 7 44 23 25 19 32 43 27 10 20 13 46 22 9 11 
AQUIIII!!48 11 23 25 27 45 9 21 16 7 20 14 46 13 10 39 
AQUIIII!!48 11 18 10 27 20 19 44 46 25 7 32 23 43 17 22 
AQUIIII!!22 8 28 25 23 12 AQUIIII!!46 48 18 10 17 14 43 27 7 21 32 11 19 37 20 7 44 45 16 48 
20 23 13 9 15 29 
AQUIIII!!11 19 43 44 46 13 9 7 25 32 10 23 20 27 22 48 
AQUIIII!!22 44 43 11 25 20 9 27 7 16 10 32 46 13 23 48 
AQUIIII!!46 43 20 32 10 12 22 7 25 23 44 18 19 17 28 48 
AQUIIII!!48 32 43 25 23 44 7 13 27 46 20 19 10 11 22 9 
AQUIIII!!32 28 43 20 12 7 44 19 25 8 22 18 17 46 23 48 
AQUIIII!!48 28 17 32 6 22 8 46 23 44 18 25 43 12 20 19 
AQUIIII!!48 11 9 45 20 23 16 13 10 39 14 25 46 27 7 21 
AQUIIII!!10 44 19 12 18 46 17 7 25 20 43 28 32 22 23 48 
AQUIIII!!48 22 32 12 46 23 28 18 25 17 43 44 8 7 19 20 
AQUIIII!!48 8 43 6 12 28 44 25 23 20 46 17 19 22 18 32 
AQUIIII!!16 48 46 13 9 32 20 25 23 11 27 21 10 44 45 7 
AQUIIII!!10 7 22 27 13 23 9 46 44 25 20 43 11 32 19 48 
AQUIIII!!46 48 AQUIIII!!9 44 11 20 23 25 46 27 22 23 25 7 7 16 32 17 44 12 21 28 45 13 18 10 8 
19 32 43 20 48 
AQUIIII!!44 10 46 27 45 23 20 16 13 11 21 25 7 32 9 48 
AQUIIII!!AQUIIII!!16 21 48 14 20 9 46 39 23 7 22 23 11 27 10 19 46 7 45 27 11 13 10 20 13 25 48 43 
18 25 44 32 
AQUIIII!!48 11 7 20 13 44 22 43 10 19 9 46 27 25 32 23 
AQUIIII!!12 23 20 22 19 44 25 43 28 17 46 32 8 7 18 48 
AQUIIII!!48 43 25 10 22 32 44 11 18 13 19 7 27 20 23 46 
AQUIIII!!16 11 13 23 10 32 20 7 43 46 22 9 25 27 44 48 
AQUIIII!!48 7 45 32 21 46 13 9 20 23 25 16 27 11 10 44 
AQUIIII!!28 AQUIIII!!23 45 19 46 22 21 14 43 27 25 20 44 39 32 AQUIIII!!23 20 48 16 44 7 13 18 18 11 23 12 10 25 25 17 32 9 11 10 7 7 46 48 20 48 
46 
17 43 10 19 27 22 
AQUIIII!!48 18 32 23 11 25 44 46 10 20 19 27 43 7 17 22 
AQUIIII!!48 10 23 20 21 AQUIIII!!14 48 16 7 13 7 15 27 9 45 37 25 21 39 27 13 45 46 20 11 10 23 9 
29 14 11 16 
AQUIIII!!17 12 6 19 23 8 44 20 46 18 22 28 32 25 43 48 
AQUIIII!!19 48 23 22 AQUIIII!!10 48 46 13 43 15 20 20 37 44 9 27 11 11 45 7 21 16 13 14 25 27 18 29 32 7 10 
23 
AQUIIII!!48 18 20 22 32 46 44 13 25 23 7 11 19 10 27 43 
AQUIIII!!22 18 32 19 43 10 27 13 44 25 11 23 7 20 48 46 
AQUIIII!!45 27 21 9 11 10 44 25 23 13 32 16 7 20 46 48 
AQUIIII!!14 20 25 11 13 16 10 46 7 9 21 23 45 27 39 48 
AQUIIII!!48 15 13 7 29 11 21 23 9 16 37 10 45 20 14 27 
AQUIIII!!13 25 44 45 27 46 9 7 20 11 23 21 10 32 16 48 
AQUIIII!!46 48 44 20 19 18 7 23 22 27 11 25 32 13 43 10 
AQUIIII!!48 21 20 10 9 23 16 45 44 32 25 11 27 7 13 46 
AQUIIII!!7 18 22 44 20 27 32 25 17 19 11 10 23 43 46 48 
Number of Cuts in the second phase:3083
Number of repeat: 2934 
Violation: 500.000000
Violation: 500.000000
Violation: 500.000000
Violation: 687.000000
Violation: 400.000000
Violation: 229.000000
Violation: 1200.000000
Violation: 295.000000
Violation: 600.000000
Violation: 458.000000
Violation: 456.000000
Violation: 500.000000
Violation: 600.000000
Violation: 109.000000
Violation: 224.000000
Violation: 250.000000
Violation: 200.000000
Violation: 1200.000000
Violation: 229.000000
Violation: 302.000000
Violation: 519.000000
Violation: 250.000000
Violation: 500.000000
Violation: 500.000000
Violation: 200.000000
Violation: 400.000000
Violation: 750.000000
Violation: 73.000000
Violation: 200.000000
Violation: 224.000000
Violation: 71.000000
Violation: 500.000000
Violation: 200.000000
Violation: 599.000000
Violation: 599.000000
Violation: 200.000000
Violation: 400.000000
Violation: 1200.000000
Violation: 600.000000
Violation: 250.000000
Violation: 1000.000000
Violation: 1000.000000
Violation: 500.000000
Violation: 682.000000
Violation: 531.000000
Violation: 500.000000
Violation: 71.000000
Violation: 151.000000
Violation: 500.000000
Violation: 600.000000
Violation: 109.000000
Violation: 200.000000
Violation: 500.000000
Violation: 1000.000000
Violation: 250.000000
Violation: 1200.000000
Violation: 198.000000
Violation: 151.000000
Violation: 71.000000
Violation: 150.000000
Violation: 500.000000
Violation: 600.000000
Violation: 84.000000
Violation: 100.000000
Violation: 600.000000
Violation: 600.000000
Violation: 573.000000
Violation: 500.000000
Violation: 513.000000
Violation: 400.000000
Violation: 586.000000
Violation: 400.000000
Violation: 250.000000
Violation: 200.000000
Violation: 1000.000000
Violation: 259.000000
Violation: 151.000000
Violation: 250.000000
Violation: 500.000000
Violation: 1198.000000
Violation: 500.000000
Violation: 218.000000
Violation: 500.000000
Violation: 200.000000
Violation: 216.000000
Violation: 84.000000
Violation: 531.000000
Violation: 529.000000
Violation: 200.000000
Violation: 109.000000
Violation: 1000.000000
Violation: 200.000000
Violation: 500.000000
Violation: 1489.000000
Violation: 1000.000000
Violation: 1200.000000
Violation: 1200.000000
Violation: 109.000000
Violation: 200.000000
Violation: 1000.000000
Violation: 599.000000
Violation: 302.000000
Violation: 500.000000
Violation: 205.000000
Violation: 500.000000
Violation: 206.000000
Violation: 489.000000
Violation: 200.000000
Violation: 500.000000
Violation: 200.000000
Violation: 500.000000
Violation: 250.000000
Violation: 309.000000
Violation: 500.000000
Violation: 600.000000
Violation: 675.000000
Violation: 151.000000
Violation: 228.000000
Violation: 109.000000
Violation: 100.000000
Violation: 400.000000
Violation: 1000.000000
Violation: 200.000000
Violation: 1000.000000
Violation: 800.000000
Violation: 119.000000
Violation: 272.000000
Violation: 600.000000
Violation: 323.000000
Violation: 418.000000
Violation: 1000.000000
Violation: 400.000000
Violation: 44.000000
Violation: 750.000000
Violation: 83.000000
Violation: 71.000000
Violation: 1044.000000
Violation: 228.000000
Violation: 206.000000
Violation: 1000.000000
Violation: 198.000000
Violation: 1000.000000
Violation: 302.000000
Violation: 250.000000
Violation: 500.000000
Violation: 458.000000
Violation: 400.000000
Violation: 1000.000000
Violation: 500.000000
8592 16
AQUIIII!!48 25 10 11 27 AQUIIII!!46 48 16 32 39 46 14 20 20 44 9 22 AQUIIII!!7 16 48 21 25 AQUIIII!!23 45 27 48 7 13 23 13 21 23 43 20 32 37 
9 10 15 10 13 14 13 27 9 7 20 7 11 21 27 
10 46 29 11 16 25 23 16 45 45 11 9 AQUIIII!!44 46 

48 19 43 18 10 44 27 23 7 22 13 25 11 32 20 
AQUIIII!!8 19 43 32 20 AQUIIII!!7 28 17 23 18 46 25 7 28 22 44 32 12 AQUIIII!!AQUIIII!!18 20 23 22 23 22 44 43 18 48 12 13 22 46 8 44 7 
25 46 10 32 17 12 AQUIIII!!28 25 43 20 17 11 20 46 10 7 19 16 7 45 27 48 25 23 9 
19 44 27 32 20 9 43 10 AQUIIII!!48 48 13 
11 
16 46 44 23 11 13 20 AQUIIII!!46 48 21 20 9 7 39 27 25 45 25 46 32 13 25 14 32 23 43 10 16 27 21 AQUIIII!!44 7 48 11 10 48 10 

23 22 16 11 22 9 7 
20 43 13 23 27 44 32 25 16 9 46 48 
AQUIIII!!48 25 23 32 10 44 13 19 27 22 7 43 11 46 18 20 
AQUIIII!!23 25 43 44 28 32 46 8 7 19 20 17 12 18 22 48 
AQUIIII!!48 39 21 27 45 10 20 14 46 23 25 16 13 7 11 9 
AQUIIII!!48 46 11 23 43 19 9 7 10 20 AQUIIII!!25 48 44 46 27 23 32 16 22 11 13 44 
7 10 22 9 32 27 20 13 25 43 
AQUIIII!!29 27 9 13 23 45 21 7 37 14 16 20 11 10 48 15 
AQUIIII!!23 22 44 28 20 43 7 32 12 46 17 10 18 25 19 48 
AQUIIII!!48 22 18 25 10 19 11 46 23 7 20 17 27 43 44 32 
AQUIIII!!48 32 23 46 8 22 18 28 12 44 25 20 43 17 19 6 AQUIIII!!
48 16 44 45 AQUIIII!!20 27 20 46 13 45 23 10 32 25 16 21 9 9 AQUIIII!!10 7 48 29 44 11 14 
12 46 23 20 32 11 8 13 28 19 15 22 17 37 43 6 27 18 25 21 23 7 
48 
AQUIIII!!12 32 43 20 19 44 18 28 8 22 23 17 25 6 46 48 
AQUIIII!!48 46 8 32 28 23 6 43 44 22 20 17 12 25 19 18 
AQUIIII!!22 25 9 43 20 32 7 13 46 11 23 19 10 27 44 48 
AQUIIII!!48 28 25 17 18 23 6 22 44 12 32 20 46 8 43 19 
AQUIIII!!23 13 44 46 43 9 10 11 20 25 27 7 32 22 19 48 
AQUIIII!!20 44 18 10 AQUIIII!!28 48 46 28 22 17 7 23 19 23 43 17 44 19 12 20 32 46 32 12 8 22 43 18 25 25 7 
AQUIIII!!48 43 
12 18 23 44 8 17 19 32 20 22 25 7 AQUIIII!!28 10 46 48 25 
11 43 46 AQUIIII!!13 48 23 18 22 44 44 25 9 46 16 8 32 23 27 12 7 19 17 20 20 48 22 
28 32 43 7 
AQUIIII!!48 28 46 23 8 44 18 7 43 17 19 22 20 32 12 25 
AQUIIII!!48 23 16 11 45 14 13 7 21 20 37 29 15 10 9 27 
AQUIIII!!16 48 9 7 23 27 29 21 11 14 10 45 15 37 20 13 
AQUIIII!!46 48 8 20 18 44 12 43 17 23 7 32 25 19 22 28 
AQUIIII!!8 22 6 18 43 19 46 28 25 17 20 44 12 23 32 48 
AQUIIII!!48 10 14 7 16 23 AQUIIII!!13 48 20 39 16 25 10 21 11 20 11 25 39 45 27 14 46 46 23 45 13 9 21 
9 27 7 
AQUIIII!!48 27 32 19 10 7 25 44 23 22 18 43 46 20 11 13 
AQUIIII!!17 12 20 25 19 23 6 8 28 46 32 18 22 43 44 48 
AQUIIII!!20 23 AQUIIII!!27 48 7 16 45 13 13 32 11 27 AQUIIII!!43 43 7 46 48 21 46 37 44 13 14 20 11 15 32 10 9 19 29 7 25 25 23 10 20 19 11 9 9 10 
23 22 22 44 48 27 

AQUIIII!!27 44 16 10 46 32 7 43 13 23 20 9 22 25 11 AQUIIII!!48 43 
32 25 23 AQUIIII!!8 48 46 10 20 7 22 13 12 25 AQUIIII!!17 32 18 28 22 43 19 27 18 23 20 44 10 16 6 43 20 48 11 27 
46 44 AQUIIII!!AQUIIII!!23 43 7 48 44 27 7 32 18 9 27 20 13 
22 23 10 15 19 32 45 37 25 23 11 7 46 21 46 AQUIIII!!10 11 44 10 14 22 19 16 25 17 48 13 23 25 9 
16 11 29 27 48 20 21 

46 45 44 13 9 7 32 11 20 48 
AQUIIII!!48 20 25 45 46 21 16 27 11 9 44 32 13 10 23 7 
AQUIIII!!48 16 10 46 44 9 11 25 43 22 20 32 27 13 7 23 
AQUIIII!!10 32 13 20 7 46 22 43 27 25 44 23 9 11 16 48 
AQUIIII!!48 16 46 13 10 23 7 32 25 27 AQUIIII!!11 10 44 45 32 20 13 21 20 9 7 
46 22 43 27 25 44 23 9 11 16 48 
AQUIIII!!7 13 27 43 9 32 46 23 44 19 10 22 25 20 11 48 
AQUIIII!!48 13 7 23 25 46 9 14 11 21 45 10 39 27 20 16 
AQUIIII!!20 27 32 10 44 23 19 AQUIIII!!25 7 7 43 43 20 17 32 22 22 18 18 46 23 11 28 48 8 
12 44 25 17 46 19 48 
AQUIIII!!48 28 8 12 46 25 23 17 18 32 43 20 6 44 22 19 
AQUIIII!!46 48 22 13 27 7 25 43 11 20 32 23 19 9 10 44 
AQUIIII!!44 6 12 22 17 23 8 18 20 32 28 46 43 25 19 48 
AQUIIII!!27 23 11 44 18 13 25 19 32 20 43 7 10 22 AQUIIII!!46 48 48 46 
20 43 10 11 7 13 25 32 44 16 AQUIIII!!22 9 27 10 9 14 23 45 
13 21 AQUIIII!!20 48 39 46 25 43 11 AQUIIII!!6 7 28 23 23 25 25 46 16 32 17 27 23 22 48 22 44 12 46 28 8 
17 43 20 6 8 32 12 20 18 44 18 19 19 
48 
AQUIIII!!11 44 7 9 25 43 22 10 32 13 19 27 20 23 48 46 
AQUIIII!!28 20 17 22 7 44 43 18 AQUIIII!!12 48 25 9 19 27 32 46 11 23 10 32 20 21 8 13 48 46 
44 7 16 23 25 45 
AQUIIII!!32 18 43 46 22 7 28 12 8 23 44 25 20 17 48 19 
AQUIIII!!18 19 23 32 10 7 20 46 17 44 25 12 22 43 28 48 
AQUIIII!!48 25 28 20 10 17 23 7 22 44 43 18 46 32 12 19 
AQUIIII!!44 46 12 7 23 18 25 22 28 20 8 19 17 32 43 48 
AQUIIII!!48 46 25 13 14 9 21 16 23 39 11 45 7 20 27 10 
AQUIIII!!9 13 45 46 16 11 27 10 20 23 25 7 14 39 21 48 
AQUIIII!!48 46 32 17 AQUIIII!!44 48 11 46 43 9 45 19 16 10 7 20 27 11 25 13 7 20 21 22 10 23 25 18 14 27 23 
39 
AQUIIII!!43 22 20 32 46 7 12 44 25 19 23 28 18 10 17 48 
AQUIIII!!23 22 46 19 17 11 18 20 43 44 10 27 25 32 7 48 
AQUIIII!!11 44 13 46 27 22 7 23 10 20 9 19 43 25 32 48 
AQUIIII!!16 46 22 32 43 20 25 44 7 23 13 27 9 11 10 48 
AQUIIII!!48 16 20 13 43 10 22 27 23 46 44 25 9 7 32 11 
AQUIIII!!48 16 27 15 45 10 AQUIIII!!37 46 7 48 20 44 14 12 9 20 23 8 13 25 11 17 29 28 21 43 
23 19 22 32 7 18 
AQUIIII!!12 43 32 44 20 17 7 18 22 23 46 25 8 19 28 48 
AQUIIII!!48 13 14 16 20 9 27 10 45 21 46 25 7 39 11 23 
AQUIIII!!48 8 43 19 17 12 20 28 46 32 7 18 44 23 25 22 
AQUIIII!!37 9 AQUIIII!!21 20 9 27 16 10 29 13 7 7 23 11 23 44 45 14 32 15 10 11 48 20 
21 27 13 45 25 46 16 48 
AQUIIII!!48 23 9 21 13 11 16 39 45 46 14 20 25 7 10 27 
AQUIIII!!48 46 32 25 20 28 10 23 12 22 43 19 18 7 17 44 
AQUIIII!!48 13 39 23 10 7 14 11 45 9 27 25 46 16 21 20 
AQUIIII!!43 46 20 27 17 23 18 11 22 25 19 7 10 44 32 48 
AQUIIII!!10 20 21 14 29 16 13 23 15 45 7 37 27 9 11 48 
AQUIIII!!22 19 27 46 43 10 13 32 44 18 20 23 25 11 7 48 
AQUIIII!!23 20 18 43 46 25 12 28 32 10 17 22 7 44 48 19 
AQUIIII!!19 44 20 43 27 18 7 11 10 23 32 25 46 17 22 48 
AQUIIII!!13 27 46 23 10 44 7 11 32 20 22 9 25 16 43 48 
AQUIIII!!16 20 44 11 22 9 25 43 23 10 32 7 46 13 27 48 
AQUIIII!!48 46 23 11 7 44 21 9 13 20 27 16 10 25 45 32 
AQUIIII!!13 9 20 16 11 14 AQUIIII!!45 48 7 23 10 23 21 46 15 25 21 7 27 27 39 20 48 
9 10 29 45 13 37 11 16 14 
AQUIIII!!7 44 20 22 27 11 10 18 43 46 23 19 25 32 17 48 
AQUIIII!!32 44 22 12 28 8 23 18 19 20 43 46 17 25 7 48 
AQUIIII!!18 22 8 25 19 12 17 20 23 28 44 32 43 AQUIIII!!11 7 32 19 48 7 46 25 27 
20 18 23 17 22 43 44 46 10 48 
AQUIIII!!48 25 20 27 21 11 32 13 9 45 16 7 10 46 23 44 
AQUIIII!!46 13 32 23 44 11 16 10 7 22 9 43 25 27 20 48 
AQUIIII!!46 48 10 32 22 43 16 25 20 27 11 9 23 7 13 44 
AQUIIII!!18 17 19 27 25 11 43 46 22 10 20 23 44 32 7 48 
AQUIIII!!20 17 32 11 27 46 22 23 7 19 18 10 44 25 43 48 
AQUIIII!!27 16 45 15 9 20 14 7 11 29 10 23 37 13 21 48 
AQUIIII!!AQUIIII!!46 16 48 48 17 43 AQUIIII!!22 46 29 18 23 20 44 10 AQUIIII!!21 48 7 28 9 21 23 6 25 25 14 23 27 32 15 7 8 22 10 16 12 11 16 9 9 43 32 23 10 13 19 13 37 27 32 7 11 45 20 20 44 27 45 25 44 11 20 48 

13 
46 
AQUIIII!!48 17 43 28 22 12 19 32 18 25 6 20 23 8 44 AQUIIII!!46 48 
9 13 32 25 22 7 10 44 46 20 27 11 43 19 23 
AQUIIII!!48 10 18 32 46 22 20 28 19 44 25 43 12 23 17 7 
AQUIIII!!44 21 46 10 25 9 32 45 23 13 16 27 20 11 7 48 
AQUIIII!!19 23 20 43 7 46 10 22 25 11 27 44 32 17 18 48 
AQUIIII!!48 28 18 43 17 46 19 7 44 32 22 25 23 8 20 AQUIIII!!12 48 
22 20 19 7 46 44 18 23 32 43 27 11 10 17 25 
AQUIIII!!48 13 AQUIIII!!27 48 25 43 46 44 23 23 10 22 16 11 46 32 20 7 32 10 44 11 9 7 9 13 
21 25 20 16 27 45 
AQUIIII!!28 23 19 25 46 20 12 43 17 32 44 18 8 22 7 48 
AQUIIII!!11 39 45 23 20 21 7 14 25 27 9 13 46 10 48 16 
AQUIIII!!48 11 25 9 20 44 16 23 32 13 45 46 7 27 10 21 
AQUIIII!!14 21 16 7 27 45 23 13 10 29 20 9 15 37 11 48 
AQUIIII!!18 19 6 17 32 20 46 25 8 12 AQUIIII!!28 48 22 9 44 44 32 23 20 43 27 48 7 
46 16 45 25 11 10 23 13 21 
AQUIIII!!46 48 43 32 22 27 25 18 7 44 23 10 17 19 11 20 
AQUIIII!!46 20 18 27 25 17 23 43 22 44 11 10 32 7 48 19 
AQUIIII!!18 22 12 28 19 8 44 17 6 43 46 32 20 AQUIIII!!25 8 23 18 48 25 
23 32 43 17 12 6 20 44 19 46 22 28 48 
AQUIIII!!9 32 23 11 21 27 10 13 16 7 46 45 44 20 25 48 
AQUIIII!!27 9 13 16 11 46 20 25 7 21 10 AQUIIII!!45 23 23 10 39 13 14 20 48 45 
27 21 9 14 11 25 39 7 46 48 16 
AQUIIII!!48 13 46 22 32 44 10 23 16 20 11 9 27 43 7 25 
AQUIIII!!46 44 32 20 19 10 11 7 23 25 43 22 13 18 27 48 
AQUIIII!!48 23 43 27 32 10 7 9 13 25 44 22 19 46 20 11 
AQUIIII!!17 AQUIIII!!48 28 27 19 9 16 43 22 44 11 44 46 46 23 32 25 32 13 22 20 10 25 43 18 23 7 12 
8 6 20 48 
AQUIIII!!18 43 32 19 25 44 10 7 22 23 11 27 20 46 17 48 
AQUIIII!!48 44 32 19 22 12 6 AQUIIII!!25 25 17 20 43 19 46 20 13 23 23 18 46 8 10 28 11 
27 43 22 9 44 7 32 48 
AQUIIII!!48 27 10 43 18 44 20 13 22 32 25 11 46 19 7 23 
AQUIIII!!48 23 10 46 12 20 18 19 32 44 43 7 22 28 17 25 
AQUIIII!!48 44 13 7 20 32 46 16 10 22 27 25 23 43 11 9 
AQUIIII!!19 48 32 10 20 22 25 46 11 7 44 23 27 9 43 13 
AQUIIII!!48 23 9 10 AQUIIII!!43 17 27 12 25 46 7 28 44 19 13 8 46 6 32 44 16 25 11 32 20 43 22 23 
20 18 22 48 
AQUIIII!!48 32 18 25 19 20 17 28 23 7 44 46 10 12 43 22 
AQUIIII!!10 46 43 25 9 20 27 7 11 22 13 44 16 32 23 48 
AQUIIII!!10 45 20 39 25 27 21 23 11 16 13 14 7 9 46 48 
AQUIIII!!20 19 22 AQUIIII!!44 48 27 32 25 43 19 10 22 23 11 46 7 18 17 23 32 18 7 46 27 48 
43 25 17 10 20 44 11 
AQUIIII!!43 46 48 44 23 27 25 11 7 20 9 32 22 10 16 13 
AQUIIII!!48 10 32 22 7 44 20 46 27 23 43 13 25 11 9 19 
AQUIIII!!18 19 22 44 12 8 25 17 20 32 6 46 23 43 28 48 
AQUIIII!!44 32 22 7 27 9 46 19 13 43 10 25 11 23 20 48 
AQUIIII!!46 18 27 7 17 25 10 32 23 11 22 19 43 44 20 48 
AQUIIII!!46 12 43 22 8 28 18 19 6 20 25 17 32 44 23 48 
AQUIIII!!48 13 22 10 46 11 43 27 19 25 20 23 7 44 32 18 
AQUIIII!!7 9 32 25 43 27 16 44 20 13 22 23 11 46 10 48 
AQUIIII!!13 22 20 46 18 27 44 25 43 32 11 10 23 7 19 48 
AQUIIII!!48 27 16 29 45 23 11 15 9 20 7 21 14 13 10 37 
AQUIIII!!43 20 18 7 25 28 32 44 17 8 12 22 23 19 46 48 
Number of Cuts in the second phase:3109
Number of repeat: 3055 
Violation: 599.000000
Violation: 750.000000
Violation: 250.000000
Violation: 500.000000
Violation: 418.000000
Violation: 260.000000
Violation: 422.000000
Violation: 522.000000
Violation: 600.000000
Violation: 453.000000
Violation: 200.000000
Violation: 180.000000
Violation: 200.000000
Violation: 500.000000
Violation: 109.000000
Violation: 200.000000
Violation: 675.000000
Violation: 1200.000000
Violation: 285.000000
Violation: 522.000000
Violation: 709.000000
Violation: 500.000000
Violation: 302.000000
Violation: 250.000000
Violation: 400.000000
Violation: 1198.000000
Violation: 500.000000
Violation: 302.000000
Violation: 609.000000
Violation: 500.000000
Violation: 100.000000
Violation: 83.000000
Violation: 151.000000
Violation: 71.000000
Violation: 200.000000
Violation: 500.000000
Violation: 206.000000
Violation: 224.000000
Violation: 500.000000
Violation: 400.000000
Violation: 573.000000
Violation: 412.000000
Violation: 500.000000
Violation: 521.000000
Violation: 259.000000
Violation: 249.000000
Violation: 273.000000
Violation: 289.000000
Violation: 200.000000
Violation: 84.000000
Violation: 79.000000
Violation: 1000.000000
Violation: 200.000000
Violation: 228.000000
816 16
AQUIIII!!6 28 4 32 8 18 3 19 23 22 20 25 17 12 43 2 
AQUIIII!!23 25 46 44 19 18 12 22 32 28 7 20 8 43 17 48 
AQUIIII!!13 23 22 27 9 43 19 7 32 11 25 20 44 46 10 48 
AQUIIII!!44 46 32 18 20 7 13 23 27 11 19 25 43 22 10 48 
AQUIIII!!21 10 45 29 37 9 7 27 20 13 14 11 23 15 16 48 
AQUIIII!!48 44 16 25 23 10 21 32 9 7 11 27 45 13 46 20 
AQUIIII!!48 19 28 18 46 20 32 17 8 44 25 22 23 12 43 6 
AQUIIII!!20 44 19 28 23 17 12 10 43 22 18 25 46 7 32 48 
AQUIIII!!46 18 8 23 43 12 44 17 7 19 28 20 32 25 22 48 
AQUIIII!!48 44 27 10 18 17 25 22 46 20 32 19 23 7 11 43 
AQUIIII!!48 20 46 27 10 16 39 45 7 13 25 21 14 23 11 9 
AQUIIII!!48 11 13 18 46 7 25 19 27 23 20 44 22 32 10 43 
AQUIIII!!48 46 19 32 27 25 13 7 22 9 43 44 10 20 23 11 
AQUIIII!!19 13 44 22 43 46 23 7 25 27 20 9 11 32 10 48 
AQUIIII!!32 6 46 18 17 20 25 8 12 22 23 28 43 44 19 48 
AQUIIII!!48 23 43 10 7 9 25 11 46 22 20 44 27 13 32 16 
AQUIIII!!25 9 27 10 20 43 11 22 23 44 16 13 32 7 46 48 
AQUIIII!!48 20 23 22 11 44 10 19 43 27 18 13 25 7 46 32 
AQUIIII!!20 9 7 16 45 13 39 10 25 27 23 11 14 46 21 48 
AQUIIII!!48 10 32 9 25 23 44 7 16 13 43 46 22 27 20 11 
AQUIIII!!48 18 20 11 32 46 23 22 7 44 27 25 43 19 17 10 
AQUIIII!!14 27 16 15 23 7 9 45 13 21 10 11 29 20 37 48 
Number of Cuts in the second phase:317
Number of repeat: 312 
Violation: 198.000000
Violation: 1250.000000
Violation: 458.000000
Violation: 200.000000
Violation: 451.000000
took 5.084653
Optimize a model with 572 rows, 906 columns and 9918 nonzeros
Coefficient statistics:
  Matrix range     [1e+00, 4e+01]
  Objective range  [0e+00, 0e+00]
  Bounds range     [1e+00, 4e+01]
  RHS range        [1e+00, 1e+02]
Presolve removed 332 rows and 109 columns
Presolve time: 0.00s
Presolved: 240 rows, 797 columns, 8455 nonzeros

Iteration    Objective       Primal Inf.    Dual Inf.      Time
       0    0.0000000e+00   4.408044e+01   0.000000e+00      0s
     130    0.0000000e+00   0.000000e+00   0.000000e+00      0s

Solved in 130 iterations and 0.01 seconds
Optimal objective  0.000000000e+00
