A-4.txt_s2.txt
Academic license - for non-commercial use only
Read LP format model from file lp/A-4.txt.lp
Reading time = 0.05 seconds
: 961 rows, 10797 columns, 131727 nonzeros
OKGPU
nThreads: 1024 , nBlocks: 12 
Number cuts generated in the phase 1: 12
Number of repeat: 1 
violation 263.000000
violation 199.000000
violation 174.000000
violation 174.000000
violation 104.000000
violation 45.000000
violation 336.000000
violation 308.000000
violation 773.000000
violation 50.000000
violation 559.000000
8592 16
AQUIIII!!142 18 96 78 20 31 29 5 21 144 88 55 139 19 45 134 
AQUIIII!!142 139 5 134 144 21 29 31 20 78 88 19 55 45 18 96 
AQUIIII!!142 7 137 139 64 135 21 86 88 6 134 8 29 136 20 AQUIIII!!89 142 
64 88 8 6 86 20 29 139 89 135 21 134 7 136 19 
AQUIIII!!142 61 10 134 139 136 135 9 6 64 7 75 89 8 137 29 
AQUIIII!!64 136 8 7 10 134 6 9 89 75 137 61 135 29 139 142 
AQUIIII!!139 137 29 10 89 64 135 6 61 9 134 8 136 7 75 142 
AQUIIII!!29 8 9 75 6 21 139 137 136 135 134 7 61 64 89 142 
AQUIIII!!8 61 9 137 7 136 10 114 89 6 75 AQUIIII!!139 139 0 9 135 136 1 142 135 
8 6 75 0 89 10 61 114 1 137 7 142 
AQUIIII!!142 19 20 89 45 21 6 88 86 144 134 29 5 18 139 64 
AQUIIII!!142 29 AQUIIII!!139 142 135 29 64 21 6 7 8 64 61 19 7 6 75 139 136 135 134 89 137 5 AQUIIII!!89 20 142 9 86 137 21 134 139 
18 21 88 135 
134 89 61 64 9 7 8 75 AQUIIII!!142 136 6 29 89 6 75 
135 137 7 10 9 1 136 AQUIIII!!114 142 0 88 11 7 61 19 8 135 
21 AQUIIII!!6 142 139 64 5 135 89 61 86 9 29 29 18 89 134 6 64 137 20 136 
8 139 134 21 7 75 
AQUIIII!!88 89 7 136 21 135 64 6 29 134 137 139 20 86 8 142 
AQUIIII!!8 19 6 88 64 135 86 21 7 29 136 89 139 20 134 142 
AQUIIII!!142 AQUIIII!!18 AQUIIII!!134 10 142 6 139 88 137 139 136 6 19 137 144 135 9 64 134 89 45 AQUIIII!!75 86 1 7 7 5 61 29 21 89 20 8 6 136 29 64 75 86 89 61 
7 29 9 5 8 89 AQUIIII!!64 10 139 19 89 6 135 18 137 
114 135 29 0 88 61 142 134 135 
20 64 139 75 142 136 21 8 
139 6 10 9 7 134 142 
AQUIIII!!0 9 135 75 1 114 11 6 89 136 61 8 137 7 10 142 
AQUIIII!!142 19 18 AQUIIII!!20 144 89 86 64 19 88 5 7 21 18 20 6 6 89 45 21 139 5 134 139 29 134 86 144 88 29 64 
142 
AQUIIII!!89 10 11 6 114 75 137 61 136 0 1 135 9 AQUIIII!!8 7 142 142 61 
6 1 75 137 0 89 114 136 135 9 10 8 AQUIIII!!11 7 142 AQUIIII!!
7 61 142 86 64 9 29 134 8 139 6 135 21 6 139 21 45 89 20 137 88 75 18 29 89 136 144 134 19 
64 5 
AQUIIII!!86 6 7 29 88 64 139 136 89 135 19 20 8 134 21 142 
AQUIIII!!86 6 7 29 88 64 139 136 89 135 19 20 8 134 21 142 
AQUIIII!!142 18 6 19 21 144 88 86 89 20 29 139 5 134 64 45 
AQUIIII!!19 88 5 134 86 20 21 139 64 29 144 89 18 6 7 142 
AQUIIII!!10 6 134 114 137 75 8 139 136 61 135 89 0 7 9 142 
AQUIIII!!21 AQUIIII!!136 142 18 135 6 29 86 75 88 61 5 7 64 8 29 89 89 139 137 134 64 20 6 144 9 45 19 139 21 134 
142 
AQUIIII!!142 1 75 135 11 10 114 6 8 61 136 89 7 0 137 9 
AQUIIII!!142 89 20 134 8 135 86 6 88 139 29 19 136 21 7 64 
AQUIIII!!135 136 7 8 137 64 89 29 9 139 21 75 6 134 61 142 
AQUIIII!!142 19 6 20 88 89 7 64 139 134 5 86 29 135 18 21 
AQUIIII!!136 134 137 0 9 114 139 7 8 6 89 75 135 10 61 142 
AQUIIII!!64 86 88 139 135 89 20 134 6 29 7 18 5 21 19 142 
AQUIIII!!142 29 64 89 20 88 86 136 134 137 139 6 135 8 7 21 
AQUIIII!!142 11 1 61 10 7 0 6 75 89 137 9 135 136 8 114 
AQUIIII!!142 137 64 135 29 139 9 134 61 6 8 10 89 75 136 7 
AQUIIII!!11 137 8 135 9 1 61 114 10 136 7 6 0 89 75 142 
AQUIIII!!142 64 139 18 19 88 7 6 20 5 135 29 21 134 89 86 
AQUIIII!!114 134 89 136 6 75 9 139 0 7 135 137 61 8 AQUIIII!!10 142 142 8 
10 0 89 137 75 139 6 114 135 134 61 136 7 9 
AQUIIII!!142 9 0 114 136 137 135 11 1 75 10 89 7 8 61 6 
AQUIIII!!7 89 136 0 75 114 1 135 9 11 8 10 137 6 61 142 
AQUIIII!!142 7 114 61 139 135 9 10 6 75 0 137 136 8 134 89 
AQUIIII!!142 10 9 0 114 61 139 135 6 89 137 7 134 136 8 75 
AQUIIII!!29 8 135 21 61 134 75 6 136 9 64 7 137 139 89 142 
AQUIIII!!88 78 139 134 5 18 55 29 21 31 144 19 20 45 96 142 
AQUIIII!!139 19 144 6 29 89 20 64 88 5 21 86 18 7 134 142 
AQUIIII!!142 6 64 20 86 7 136 8 89 21 29 88 134 135 139 137 
AQUIIII!!6 88 86 139 18 89 20 21 45 19 144 5 29 64 134 142 
AQUIIII!!114 1 0 137 89 10 9 61 75 6 136 139 7 135 8 142 
AQUIIII!!142 21 136 8 29 137 135 139 134 75 89 7 9 6 64 61 
AQUIIII!!19 135 20 8 21 134 86 6 7 64 29 136 139 89 88 142 
AQUIIII!!142 29 134 64 6 8 10 139 135 89 61 9 136 75 7 137 
AQUIIII!!142 88 21 64 AQUIIII!!29 6 142 139 88 135 134 89 134 19 20 89 7 86 7 8 20 136 6 19 
21 18 29 139 64 136 135 86 
AQUIIII!!7 134 10 8 61 89 6 64 139 29 9 135 75 137 136 142 
AQUIIII!!29 137 20 134 135 8 88 7 136 86 64 89 21 6 139 142 
AQUIIII!!64 88 21 89 86 20 7 139 144 18 5 6 134 19 29 142 
AQUIIII!!139 88 20 6 136 19 21 7 29 64 134 135 89 8 86 142 
AQUIIII!!8 19 134 86 21 6 139 20 7 64 88 29 136 135 89 142 
AQUIIII!!142 8 89 6 64 29 20 134 135 86 136 137 139 88 7 21 
AQUIIII!!142 61 139 134 137 8 7 89 75 10 135 9 64 136 29 6 
AQUIIII!!139 8 137 61 6 7 89 0 114 9 75 136 10 135 1 142 
AQUIIII!!19 134 139 20 5 21 89 7 86 88 6 18 64 135 29 142 
AQUIIII!!142 78 134 29 55 96 88 19 139 20 31 45 5 21 144 18 
AQUIIII!!134 89 18 20 86 64 6 88 19 144 139 5 7 21 29 142 
AQUIIII!!29 64 10 6 137 7 136 135 134 75 139 8 61 9 89 142 
AQUIIII!!89 61 114 135 0 139 9 136 10 8 6 137 75 7 1 142 
AQUIIII!!142 5 18 55 139 96 20 45 78 88 21 134 31 29 19 144 
AQUIIII!!142 134 5 64 6 89 18 21 45 144 139 19 29 86 20 88 
AQUIIII!!142 29 61 8 6 134 136 AQUIIII!!64 142 137 7 89 29 6 139 135 135 9 9 139 61 10 134 75 137 21 7 8 
89 64 75 136 
AQUIIII!!142 64 89 7 6 8 61 134 10 139 136 75 137 135 29 9 
AQUIIII!!142 5 6 29 134 139 64 86 89 144 19 20 88 21 18 7 
AQUIIII!!142 89 29 6 137 20 134 21 136 64 8 135 139 88 7 86 
AQUIIII!!64 21 89 6 5 139 18 135 7 86 88 29 134 19 20 142 
AQUIIII!!142 21 136 8 29 137 135 139 134 75 89 7 9 6 64 61 
AQUIIII!!88 139 5 86 7 134 19 64 29 18 144 89 20 21 6 142 
AQUIIII!!8 114 139 75 6 7 9 61 134 10 136 137 89 135 0 142 
AQUIIII!!142 134 6 5 89 135 20 139 19 21 88 18 7 64 86 29 
AQUIIII!!21 19 18 6 139 29 86 88 20 64 7 89 5 134 144 142 
AQUIIII!!142 89 88 86 21 7 134 136 139 19 6 64 135 18 29 20 
AQUIIII!!21 19 18 6 139 29 86 88 20 64 7 89 5 134 144 142 
AQUIIII!!86 135 29 19 89 136 139 7 64 20 88 21 6 134 8 142 
AQUIIII!!61 89 134 7 135 139 137 29 64 9 136 6 10 75 8 142 
AQUIIII!!135 139 134 89 61 7 64 9 8 136 21 137 75 6 29 142 
AQUIIII!!29 88 7 134 89 18 64 86 139 20 144 5 19 6 21 142 
AQUIIII!!142 8 9 10 137 135 134 139 89 0 136 75 114 61 7 6 
AQUIIII!!6 18 20 144 139 134 64 29 21 86 45 19 88 5 89 142 
AQUIIII!!18 134 29 19 21 64 7 6 86 135 88 20 5 139 89 142 
AQUIIII!!142 89 139 6 88 19 136 86 135 20 29 134 18 64 7 21 
AQUIIII!!89 61 0 136 1 139 9 75 114 10 7 135 137 142 6 8 
AQUIIII!!142 1 75 139 0 135 89 61 8 9 137 6 114 136 10 7 
AQUIIII!!139 18 144 29 5 19 64 6 20 7 134 86 88 89 142 21 
AQUIIII!!142 136 89 0 1 7 137 6 8 114 135 61 9 10 11 75 
AQUIIII!!19 6 86 18 45 139 64 134 21 89 144 29 88 20 5 142 
AQUIIII!!61 89 21 134 64 136 7 139 9 135 29 137 75 6 8 142 
AQUIIII!!96 19 144 29 88 78 18 21 45 55 134 5 139 31 20 142 
AQUIIII!!0 61 75 114 135 137 89 9 7 134 6 136 139 10 8 142 
AQUIIII!!64 136 137 6 7 75 9 29 21 135 134 89 61 8 139 142 
AQUIIII!!8 11 75 135 114 61 136 6 1 9 0 10 137 89 7 142 
AQUIIII!!1 137 89 11 8 61 135 6 75 9 0 7 136 114 10 142 
AQUIIII!!29 88 64 136 134 21 7 8 19 20 6 86 139 135 89 142 
AQUIIII!!142 5 45 64 19 21 18 139 6 134 88 144 29 20 89 86 
AQUIIII!!5 6 134 7 20 88 135 139 86 89 64 18 29 19 21 142 
AQUIIII!!142 29 64 144 139 7 89 21 19 18 20 86 6 5 134 88 
AQUIIII!!61 8 0 6 139 136 9 114 135 75 137 1 7 10 89 142 
AQUIIII!!8 134 7 89 10 61 29 139 135 136 137 75 9 64 6 142 
AQUIIII!!135 137 7 136 10 89 9 29 8 139 6 61 64 75 134 142 
AQUIIII!!139 6 10 7 75 114 9 89 61 1 8 137 136 135 0 142 
AQUIIII!!75 7 0 9 135 1 136 10 8 114 139 89 137 6 61 142 
Number of Cuts in the second phase:1377
Number of repeat: 1291 
Violation: 1487.000000
Violation: 51.000000
Violation: 87.000000
Violation: 305.000000
Violation: 107.000000
Violation: 455.000000
Violation: 508.000000
Violation: 1182.000000
Violation: 591.000000
Violation: 254.000000
Violation: 8.000000
Violation: 17.000000
Violation: 182.000000
Violation: 90.000000
Violation: 12.000000
Violation: 94.000000
Violation: 157.000000
Violation: 165.000000
Violation: 215.000000
Violation: 364.000000
Violation: 178.000000
Violation: 192.000000
Violation: 167.000000
Violation: 546.000000
Violation: 794.000000
Violation: 385.000000
Violation: 840.000000
Violation: 8.000000
Violation: 813.000000
Violation: 289.000000
Violation: 392.000000
Violation: 174.000000
Violation: 180.000000
Violation: 636.000000
Violation: 170.000000
Violation: 79.000000
Violation: 175.000000
Violation: 12.000000
Violation: 422.000000
Violation: 695.000000
Violation: 203.000000
Violation: 180.000000
Violation: 420.000000
Violation: 172.000000
Violation: 31.000000
Violation: 9.000000
Violation: 3.000000
Violation: 229.000000
Violation: 136.000000
Violation: 378.000000
Violation: 1319.000000
Violation: 50.000000
Violation: 33.000000
Violation: 50.000000
Violation: 407.000000
Violation: 362.000000
Violation: 1158.000000
Violation: 263.000000
Violation: 135.000000
Violation: 610.000000
Violation: 864.000000
Violation: 100.000000
Violation: 92.000000
Violation: 156.000000
Violation: 30.000000
Violation: 167.000000
Violation: 90.000000
Violation: 135.000000
Violation: 910.000000
Violation: 151.000000
Violation: 347.000000
Violation: 5.000000
Violation: 521.000000
Violation: 164.000000
Violation: 158.000000
Violation: 171.000000
Violation: 478.000000
Violation: 279.000000
Violation: 422.000000
Violation: 172.000000
Violation: 24.000000
Violation: 383.000000
Violation: 1158.000000
Violation: 180.000000
Violation: 591.000000
Violation: 581.000000
7404 16
AQUIIII!!142 20 78 96 88 134 19 55 45 29 31 21 139 5 144 18 
AQUIIII!!142 64 9 AQUIIII!!29 142 136 137 64 6 135 89 75 8 75 7 21 9 134 29 139 89 139 61 10 6 136 7 134 
61 137 8 135 
AQUIIII!!142 21 7 134 18 144 29 139 6 64 89 20 19 5 AQUIIII!!88 86 142 
20 6 19 89 64 18 134 86 139 7 21 136 135 88 29 
AQUIIII!!6 139 64 134 20 88 5 89 29 18 7 21 86 135 19 142 
AQUIIII!!139 6 64 86 144 88 29 18 20 7 134 19 5 21 89 142 AQUIIII!!
142 144 20 19 21 88 18 96 55 78 45 134 31 139 29 5 
AQUIIII!!21 139 64 29 8 135 19 7 136 6 134 88 20 89 86 142 
AQUIIII!!AQUIIII!!142 18 19 144 6 21 89 5 20 134 139 6 89 45 AQUIIII!!29 18 142 86 135 21 7 88 29 64 64 88 89 139 86 134 20 21 144 88 19 5 29 7 134 64 142 139 86 
8 
20 136 137 6 AQUIIII!!
142 61 135 9 89 7 75 29 134 8 136 21 137 64 139 6 
AQUIIII!!142 86 21 5 19 64 29 144 7 134 18 88 AQUIIII!!89 142 139 144 6 20 20 19 
21 88 18 96 55 78 45 134 31 139 29 5 
AQUIIII!!142 135 7 29 86 20 6 AQUIIII!!21 142 18 144 88 89 136 19 64 7 89 86 19 21 139 29 134 139 
6 20 88 5 64 18 134 
AQUIIII!!21 142 8 135 137 64 29 61 7 6 9 134 139 136 89 75 
AQUIIII!!142 144 89 AQUIIII!!19 142 7 21 86 75 137 21 29 135 139 29 6 8 64 20 9 88 5 6 64 7 18 61 134 134 
136 139 89 
AQUIIII!!5 86 29 64 89 144 19 6 20 134 7 88 21 18 139 142 
AQUIIII!!8 20 19 29 88 64 89 134 21 139 136 7 6 86 135 142 
AQUIIII!!139 134 18 144 6 20 AQUIIII!!19 88 142 21 6 29 75 64 134 89 9 5 8 86 136 7 0 142 
114 137 10 61 139 7 89 135 
AQUIIII!!142 134 88 137 89 21 7 86 20 136 139 29 6 64 8 135 
AQUIIII!!142 61 7 137 9 136 6 134 29 135 AQUIIII!!89 142 75 89 10 134 139 20 8 88 64 6 
137 21 8 135 29 86 139 64 7 136 
AQUIIII!!142 139 29 137 7 136 89 20 21 6 86 64 88 134 8 135 
AQUIIII!!142 96 20 29 144 21 55 88 45 78 5 19 134 18 31 139 
AQUIIII!!6 89 20 88 19 144 5 139 86 21 134 29 64 7 18 142 
AQUIIII!!21 6 136 8 135 139 64 134 7 20 86 19 89 29 88 142 
AQUIIII!!142 135 0 137 75 8 AQUIIII!!10 142 61 89 6 10 139 6 7 139 136 61 9 0 114 135 134 8 89 7 
137 75 9 136 114 134 
AQUIIII!!9 0 114 AQUIIII!!1 142 29 11 61 134 135 88 6 75 89 6 45 10 7 144 5 89 19 136 20 8 21 137 64 142 139 
18 86 
AQUIIII!!142 5 21 88 89 18 64 135 29 20 86 6 139 7 19 134 
AQUIIII!!142 86 29 135 139 20 7 134 19 64 136 88 18 89 6 21 
AQUIIII!!142 139 31 21 19 88 144 78 20 29 45 55 5 96 18 134 
AQUIIII!!142 19 29 20 139 5 64 134 6 144 88 89 18 45 86 21 
AQUIIII!!29 136 88 86 135 18 21 20 89 134 7 139 6 64 19 142 
AQUIIII!!7 64 134 61 29 89 137 8 136 75 6 135 139 9 21 142 
AQUIIII!!142 45 29 88 144 31 18 134 96 55 78 21 139 20 19 5 
AQUIIII!!137 1 114 135 11 9 10 89 0 8 61 AQUIIII!!75 142 136 88 7 20 136 6 134 142 6 
137 89 139 86 29 7 21 135 64 8 
AQUIIII!!10 136 135 61 75 7 89 137 8 134 29 9 139 64 6 142 
AQUIIII!!136 64 139 29 9 10 75 6 134 137 89 7 61 8 135 142 
AQUIIII!!136 88 89 7 21 86 64 19 139 6 20 135 29 18 134 142 
AQUIIII!!142 89 134 135 29 7 75 136 9 139 10 8 137 6 64 61 
AQUIIII!!142 139 136 8 89 29 64 20 21 6 88 7 137 135 134 86 
AQUIIII!!8 64 19 135 20 7 29 21 86 139 136 6 89 134 88 142 
AQUIIII!!75 7 9 8 29 10 139 136 134 6 89 64 137 135 61 142 
AQUIIII!!29 5 20 19 86 89 88 135 7 139 6 18 64 21 134 142 
AQUIIII!!8 136 6 7 10 75 9 137 1 0 139 135 61 114 89 142 
AQUIIII!!142 9 75 64 139 89 10 136 29 8 137 7 6 135 134 61 
AQUIIII!!142 29 137 134 64 139 136 20 8 86 135 21 7 89 6 88 
AQUIIII!!7 10 75 137 134 61 139 0 9 8 135 114 136 6 89 142 AQUIIII!!
88 5 29 19 18 144 21 134 89 6 20 139 86 64 45 142 
AQUIIII!!64 6 136 134 61 10 135 7 8 9 29 89 75 137 139 142 
AQUIIII!!142 136 75 139 0 135 114 1 8 89 7 137 6 10 9 61 
AQUIIII!!142 136 139 8 89 29 86 19 20 7 134 6 21 88 64 135 
AQUIIII!!135 10 9 114 0 75 8 7 137 139 89 136 61 6 134 142 
AQUIIII!!142 75 135 6 21 29 8 139 136 134 89 61 9 137 64 7 
AQUIIII!!142 134 137 89 114 6 0 136 8 10 139 135 9 75 7 61 
AQUIIII!!78 96 29 19 20 18 134 55 21 31 139 5 45 144 88 142 
AQUIIII!!6 86 64 7 135 89 88 136 29 20 21 134 19 139 8 142 
AQUIIII!!142 19 89 88 20 64 5 21 18 45 86 144 134 6 29 139 
AQUIIII!!64 61 75 135 8 29 9 7 134 6 136 139 10 137 89 142 
AQUIIII!!114 137 0 1 61 89 139 9 7 6 136 10 135 8 75 142 
AQUIIII!!142 10 89 137 61 9 7 75 139 114 0 136 8 135 6 1 
AQUIIII!!142 45 19 5 139 96 29 21 88 144 134 20 55 78 31 18 
AQUIIII!!96 20 139 88 134 21 29 5 31 55 18 19 45 78 142 144 
AQUIIII!!142 29 86 7 8 64 89 137 88 6 139 134 136 135 20 21 
AQUIIII!!75 8 136 10 6 137 9 1 7 0 139 135 114 61 89 142 
AQUIIII!!114 61 135 6 11 136 137 0 9 1 8 10 7 89 75 142 
AQUIIII!!0 136 61 10 114 135 139 75 7 8 137 89 6 9 1 142 
AQUIIII!!6 20 21 19 18 89 86 134 64 139 88 29 7 5 144 142 
AQUIIII!!139 29 55 21 96 45 144 78 31 88 18 134 5 AQUIIII!!19 21 20 142 142 20 
139 64 89 19 7 136 8 29 134 88 86 135 6 
AQUIIII!!75 7 29 89 134 21 8 61 137 139 9 64 135 136 6 142 
AQUIIII!!20 86 21 6 7 136 29 134 139 64 88 89 135 142 8 137 
AQUIIII!!7 29 21 134 139 5 20 18 89 86 88 19 6 64 135 142 
AQUIIII!!75 7 139 137 8 89 10 29 61 6 9 134 136 64 135 142 
AQUIIII!!75 7 8 11 0 1 61 136 9 10 135 114 137 6 89 142 
AQUIIII!!18 64 29 88 134 139 5 21 6 19 86 89 45 20 144 142 
AQUIIII!!142 21 29 20 45 19 144 88 5 86 134 139 89 18 64 6 
AQUIIII!!139 0 134 75 6 8 61 135 136 7 89 9 137 10 114 142 
AQUIIII!!88 64 19 134 7 139 86 20 6 136 135 18 89 21 29 142 
AQUIIII!!7 136 142 88 18 86 135 19 20 21 29 89 139 134 6 64 
AQUIIII!!75 136 114 6 139 89 137 9 135 7 61 8 1 0 10 142 
AQUIIII!!29 134 19 20 88 96 45 55 144 5 78 18 AQUIIII!!31 142 139 136 75 21 7 142 0 
6 89 61 1 8 114 10 137 139 9 135 
AQUIIII!!31 144 14 13 140 15 71 141 16 143 96 88 30 28 69 45 
AQUIIII!!142 137 75 135 139 9 21 29 136 89 7 64 6 134 61 8 
AQUIIII!!142 139 135 114 8 7 137 136 134 10 89 9 6 61 0 75 
AQUIIII!!142 18 86 5 7 64 134 29 139 88 135 19 21 20 89 6 
AQUIIII!!18 89 88 134 5 86 144 139 19 64 20 21 6 29 7 142 
AQUIIII!!142 9 137 10 11 6 61 75 89 135 1 136 0 7 114 8 
AQUIIII!!142 5 88 29 144 6 139 7 20 86 18 89 134 21 19 64 
AQUIIII!!142 18 45 6 19 5 89 21 20 64 134 139 86 88 144 29 
AQUIIII!!29 20 86 21 64 6 135 89 88 139 7 137 136 134 8 142 
AQUIIII!!10 61 1 6 135 114 9 11 8 136 75 7 89 137 0 142 
AQUIIII!!29 134 19 21 136 64 18 135 88 7 6 89 86 20 139 142 
AQUIIII!!142 0 8 10 134 6 135 137 136 75 139 61 7 9 114 89 
AQUIIII!!136 89 139 20 8 7 29 134 135 19 86 21 64 88 6 142 
AQUIIII!!142 19 50 52 29 49 18 134 136 20 21 7 51 135 6 139 
Number of Cuts in the second phase:1208
Number of repeat: 1167 
Violation: 619.000000
Violation: 73.000000
Violation: 375.000000
Violation: 164.000000
Violation: 105.000000
Violation: 164.000000
Violation: 11.000000
Violation: 137.000000
Violation: 338.000000
Violation: 1172.000000
Violation: 390.000000
Violation: 172.000000
Violation: 354.000000
Violation: 1118.000000
Violation: 135.000000
Violation: 407.000000
Violation: 22.000000
Violation: 278.000000
Violation: 87.000000
Violation: 508.000000
Violation: 97.000000
Violation: 249.000000
Violation: 642.000000
Violation: 1172.000000
Violation: 40.000000
Violation: 577.000000
Violation: 25.000000
Violation: 976.000000
Violation: 38.000000
Violation: 83.000000
Violation: 92.000000
Violation: 164.000000
Violation: 744.000000
Violation: 39.000000
Violation: 123.000000
Violation: 441.000000
Violation: 158.000000
Violation: 128.000000
Violation: 155.000000
Violation: 314.000000
Violation: 348.000000
took 14.049230
Optimize a model with 1147 rows, 10797 columns and 133349 nonzeros
Coefficient statistics:
  Matrix range     [1e-05, 9e+01]
  Objective range  [0e+00, 0e+00]
  Bounds range     [1e+00, 2e+09]
  RHS range        [1e+00, 6e+01]
Warning: Model contains large bounds
         Consider reformulating model or setting NumericFocus parameter
         to avoid numerical issues.

Concurrent LP optimizer: dual simplex and barrier
Showing barrier log only...

Presolve removed 156 rows and 420 columns
Presolve time: 0.04s
Presolved: 991 rows, 10377 columns, 125817 nonzeros

Ordering time: 0.00s

Barrier statistics:
 AA' NZ     : 5.772e+04
 Factor NZ  : 1.049e+05 (roughly 5 MBytes of memory)
 Factor Ops : 1.427e+07 (less than 1 second per iteration)
 Threads    : 3

                  Objective                Residual
Iter       Primal          Dual         Primal    Dual     Compl     Time
   0   0.00000000e+00 -2.68716634e+07  7.25e+09 0.00e+00  1.25e+06     0s
   1   0.00000000e+00 -4.40860439e+06  2.58e+09 5.46e-03  4.46e+05     0s
   2   0.00000000e+00 -2.26323743e+05  6.48e+08 1.80e-16  1.13e+05     0s
   3   0.00000000e+00 -1.45522287e+03  3.20e+04 2.22e-16  5.64e+00     0s
   4   0.00000000e+00 -1.15267524e+03  2.43e+04 2.48e-06  4.14e+00     0s
   5   0.00000000e+00 -1.40830798e+03  1.80e+04 8.86e-05  3.53e+00     0s
   6   0.00000000e+00 -1.00655318e+03  2.97e+03 3.72e-05  6.17e-01     0s
   7   0.00000000e+00 -6.55058808e+02  2.61e+03 5.39e-06  4.61e-01     0s
   8   0.00000000e+00 -3.20590824e+02  1.60e+03 4.43e-08  2.63e-01     0s
   9   0.00000000e+00 -1.91371928e+02  4.56e+02 6.22e-09  7.70e-02     0s
  10   0.00000000e+00 -8.35038791e+01  8.47e+01 8.92e-10  1.62e-02     0s
  11   0.00000000e+00 -4.26211383e+01  4.02e+01 3.70e-10  7.63e-03     0s
  12   0.00000000e+00 -3.09448015e+01  1.21e+01 2.43e-10  3.06e-03     0s
  13   0.00000000e+00 -2.06924004e+01  6.51e+00 1.48e-10  1.76e-03     0s
  14   0.00000000e+00 -1.70225458e+01  3.39e+00 1.18e-10  1.19e-03     0s
  15   0.00000000e+00 -1.58600974e+01  2.17e+00 1.09e-10  9.90e-04     0s

Barrier performed 15 iterations in 0.12 seconds
Barrier solve interrupted - model solved by another algorithm


Solved with dual simplex
Solved in 667 iterations and 0.12 seconds
Optimal objective  0.000000000e+00
