A-4.txt_s3.txt
Academic license - for non-commercial use only
Read LP format model from file lp/A-4.txt.lp
Reading time = 0.05 seconds
: 961 rows, 10797 columns, 131727 nonzeros
OKGPU
nThreads: 1024 , nBlocks: 12 
Number cuts generated in the phase 1: 13
Number of repeat: 0 
violation 43.000000
violation 30.000000
violation 10.000000
violation 13.000000
violation 13.000000
violation 198.000000
violation 56.000000
violation 306.000000
violation 785.000000
violation 576.000000
violation 27.000000
violation 714.000000
violation 774.000000
8592 16
AQUIIII!!151 104 18 94 92 19 21 5 150 68 13 154 7 87 93 153 
AQUIIII!!151 AQUIIII!!153 93 151 AQUIIII!!150 104 151 13 7 154 5 87 18 154 68 152 93 5 92 104 149 93 19 83 21 7 153 21 5 13 92 94 87 AQUIIII!!29 149 94 151 152 154 
100 13 149 68 150 95 150 68 93 95 153 152 
117 68 21 117 
83 AQUIIII!!151 153 104 145 100 92 21 150 29 AQUIIII!!21 7 151 28 19 29 150 18 149 13 93 68 154 143 154 13 68 83 
94 100 5 117 87 93 
13 21 150 95 153 28 152 
AQUIIII!!154 29 100 13 95 152 93 151 150 83 153 21 68 AQUIIII!!117 21 5 151 104 149 92 93 
19 87 150 5 143 18 145 13 7 68 94 
AQUIIII!!21 18 143 87 5 92 94 93 68 145 19 104 6 148 7 151 
AQUIIII!!27 117 29 149 153 68 100 150 13 93 95 28 152 83 154 151 
AQUIIII!!94 5 87 21 92 93 7 154 150 153 13 104 68 18 152 151 
AQUIIII!!149 152 68 26 117 28 13 95 100 27 25 93 83 153 29 154 
AQUIIII!!104 92 7 149 94 21 13 93 153 154 87 68 152 150 5 151 
AQUIIII!!13 87 94 19 21 18 92 150 5 68 104 93 145 143 7 151 
AQUIIII!!68 92 150 145 87 104 7 93 5 94 148 21 18 143 19 151 
AQUIIII!!93 83 5 149 150 117 100 29 95 68 13 154 153 21 152 151 
AQUIIII!!87 68 5 19 92 18 143 154 104 94 13 AQUIIII!!7 21 21 68 AQUIIII!!87 93 93 150 154 150 92 5 151 94 153 143 
83 93 68 13 100 7 21 5 13 154 150 18 117 104 95 19 149 151 152 
151 29 
AQUIIII!!5 AQUIIII!!92 93 94 94 19 19 21 7 13 18 5 18 21 154 143 AQUIIII!!68 145 150 29 7 148 92 149 6 87 143 93 28 104 68 151 117 
87 13 104 93 151 
154 153 AQUIIII!!151 100 143 19 95 13 150 104 87 152 92 93 68 94 83 154 150 151 5 18 21 7 21 
68 
AQUIIII!!5 18 143 94 104 150 21 92 13 7 93 68 154 19 87 151 
AQUIIII!!152 154 150 7 18 92 21 68 5 94 87 93 104 13 153 151 
AQUIIII!!143 AQUIIII!!104 145 68 94 7 87 21 13 7 21 5 150 94 87 92 19 5 93 93 148 154 19 150 18 18 151 68 
104 143 92 151 AQUIIII!!
94 92 5 19 104 148 150 93 18 21 7 68 143 87 145 151 AQUIIII!!
5 AQUIIII!!150 7 152 68 18 149 93 5 92 92 154 94 153 152 AQUIIII!!7 154 94 151 150 104 153 13 AQUIIII!!68 150 93 150 87 5 87 21 21 117 104 153 13 29 21 154 151 13 153 117 
151 21 5 
83 13 152 83 149 29 95 149 152 154 95 100 93 100 68 93 68 
151 
AQUIIII!!94 87 148 18 93 92 5 143 145 19 104 21 7 AQUIIII!!68 151 150 6 151 93 
87 19 68 94 104 5 143 145 18 148 7 92 21 
AQUIIII!!151 13 19 87 7 68 93 94 92 150 104 18 153 5 154 21 
AQUIIII!!151 92 87 6 145 104 143 7 5 21 68 93 18 19 94 148 
AQUIIII!!100 83 25 152 74 95 AQUIIII!!17 154 28 87 92 26 21 93 5 117 18 153 143 68 27 19 149 7 29 93 154 104 
13 94 150 151 
AQUIIII!!28 152 150 154 95 149 153 83 100 68 29 93 117 27 13 151 
AQUIIII!!152 150 13 104 94 5 154 93 87 7 153 92 18 21 68 151 
AQUIIII!!150 83 13 68 100 153 AQUIIII!!27 94 152 19 149 104 145 93 150 AQUIIII!!28 18 29 95 92 100 143 93 117 68 13 26 7 154 21 29 83 93 117 154 87 68 148 
153 5 151 149 
28 150 95 152 21 AQUIIII!!151 13 
28 153 150 93 149 100 154 29 117 95 83 68 151 21 152 
AQUIIII!!29 100 93 13 154 83 117 68 153 149 28 150 95 152 21 151 
AQUIIII!!AQUIIII!!87 104 13 5 7 6 152 92 21 87 7 150 5 68 18 143 104 145 94 148 94 93 21 92 68 18 19 153 93 151 154 151 

AQUIIII!!151 143 150 68 21 145 5 104 87 93 148 19 7 92 94 18 
AQUIIII!!152 5 21 68 150 117 13 154 93 83 29 149 95 100 153 151 
AQUIIII!!92 21 87 94 153 152 7 104 150 93 5 154 149 13 68 151 
AQUIIII!!AQUIIII!!154 92 21 6 7 68 92 145 94 93 93 94 153 18 19 87 7 104 87 150 104 13 5 5 148 68 18 19 151 21 
143 151 
AQUIIII!!29 28 117 83 68 27 AQUIIII!!149 151 93 18 153 152 150 153 94 100 21 154 13 5 13 154 104 150 152 7 95 87 151 92 93 
68 
AQUIIII!!152 87 5 150 18 93 68 92 154 94 153 7 21 13 104 151 
AQUIIII!!117 154 68 29 95 AQUIIII!!28 92 153 145 143 150 13 19 68 83 94 21 93 100 18 149 87 152 21 93 148 151 7 
5 AQUIIII!!150 104 151 93 151 18 AQUIIII!!
148 21 5 13 21 92 92 153 19 104 87 150 143 68 94 87 145 5 7 18 68 93 104 152 6 154 
7 AQUIIII!!145 94 104 151 150 
94 93 AQUIIII!!68 AQUIIII!!5 92 148 93 87 145 29 148 68 87 19 152 93 5 19 154 143 94 117 7 153 143 18 21 13 21 92 28 151 150 
7 83 68 100 6 104 149 18 AQUIIII!!27 151 92 95 68 
151 104 
94 150 149 5 21 93 152 154 7 13 153 87 151 AQUIIII!!
92 7 68 148 87 18 21 93 94 19 5 104 6 145 143 151 
AQUIIII!!151 94 93 5 21 145 7 143 19 150 104 68 92 18 87 13 
AQUIIII!!104 7 94 153 150 5 92 68 152 21 13 149 154 87 93 151 
AQUIIII!!153 149 117 154 68 29 95 83 27 150 28 152 13 93 100 151 
AQUIIII!!92 94 18 145 21 6 87 143 19 5 148 93 104 7 68 151 
AQUIIII!!150 68 149 93 95 27 83 100 117 13 153 154 29 152 28 151 
AQUIIII!!95 83 21 93 153 152 100 117 150 68 154 149 29 13 28 151 
AQUIIII!!68 154 94 104 13 5 153 AQUIIII!!93 151 150 150 18 154 83 7 152 21 153 92 13 19 68 87 21 151 93 
28 117 149 95 100 29 
AQUIIII!!151 95 68 29 93 100 117 150 83 28 21 13 153 149 154 152 
AQUIIII!!151 92 154 18 68 19 13 94 87 104 150 21 7 5 93 143 
AQUIIII!!93 83 21 117 13 95 AQUIIII!!28 151 150 21 100 150 68 13 149 5 154 149 152 104 29 7 153 152 151 154 
87 92 68 153 93 94 
AQUIIII!!151 93 5 87 7 150 104 153 92 21 68 94 149 154 152 13 
AQUIIII!!104 92 68 143 148 7 87 150 19 21 5 94 93 18 145 151 
AQUIIII!!28 153 100 149 154 150 27 68 93 117 83 13 29 152 95 151 
AQUIIII!!154 117 149 95 21 13 152 150 100 83 28 29 93 153 68 151 
AQUIIII!!143 94 68 93 150 7 21 145 18 104 92 87 5 19 148 151 
AQUIIII!!AQUIIII!!104 151 154 94 18 68 153 150 21 145 150 87 68 93 152 104 93 13 5 5 7 13 21 94 19 92 92 87 143 7 18 151 

AQUIIII!!151 152 93 28 27 13 29 154 117 95 153 149 100 83 150 68 
AQUIIII!!104 19 94 92 148 6 21 143 18 7 5 145 93 68 87 151 
AQUIIII!!93 92 13 AQUIIII!!7 151 68 92 87 93 18 7 19 68 153 87 104 94 21 5 154 21 94 13 150 150 5 18 151 104 
143 19 145 
AQUIIII!!68 150 18 93 94 104 7 92 5 87 154 153 13 152 21 151 
AQUIIII!!151 5 153 92 104 150 68 149 21 87 AQUIIII!!154 154 93 21 94 7 29 13 13 152 150 
153 93 95 100 117 149 152 28 83 68 151 
AQUIIII!!151 19 143 21 68 7 13 5 18 92 94 87 154 104 93 150 
AQUIIII!!92 104 93 7 87 150 153 68 21 13 5 154 18 94 151 152 
AQUIIII!!87 104 21 18 19 145 68 92 148 7 94 150 93 5 143 151 
AQUIIII!!154 29 149 74 153 26 17 83 152 117 27 95 100 28 93 25 
AQUIIII!!151 21 150 13 5 149 104 7 152 154 87 92 68 153 93 94 
AQUIIII!!151 5 7 92 6 18 145 87 19 68 148 94 21 93 104 143 
AQUIIII!!145 87 92 104 143 148 21 5 6 93 7 94 18 19 68 151 
AQUIIII!!151 13 92 150 94 5 7 21 18 87 154 19 68 153 104 93 
AQUIIII!!151 68 92 145 93 87 5 21 7 18 150 94 19 148 143 104 
AQUIIII!!151 18 94 92 93 87 150 7 145 13 5 19 68 143 21 104 
AQUIIII!!93 150 18 68 153 94 87 13 7 5 21 92 154 152 104 151 
AQUIIII!!27 149 83 13 29 150 93 68 117 95 28 152 154 153 100 151 
AQUIIII!!151 21 94 18 143 104 13 7 87 150 93 92 19 5 154 68 
AQUIIII!!104 152 18 92 5 93 150 154 87 68 13 153 94 7 21 151 
AQUIIII!!143 104 68 92 18 150 145 7 93 13 87 94 21 19 5 151 
AQUIIII!!151 21 143 68 5 104 148 93 19 94 150 92 145 7 18 87 
AQUIIII!!143 145 68 104 148 92 5 87 150 7 94 19 93 21 18 151 
AQUIIII!!AQUIIII!!104 104 87 68 150 19 13 13 94 18 154 153 7 152 94 92 87 93 150 5 7 153 68 5 149 93 151 154 21 92 
21 151 
AQUIIII!!151 145 18 148 143 7 150 68 104 5 87 92 94 21 AQUIIII!!19 93 100 
149 117 83 29 154 68 28 95 153 13 152 21 150 93 151 
AQUIIII!!153 154 13 94 68 21 5 150 19 87 104 18 92 93 7 151 
AQUIIII!!151 21 92 18 13 7 93 150 87 94 154 143 5 19 68 104 
AQUIIII!!151 19 7 143 21 5 150 104 87 68 18 92 93 148 94 145 
AQUIIII!!151 154 104 153 93 5 150 94 7 92 68 13 18 19 AQUIIII!!151 87 94 21 87 
13 150 7 153 68 5 18 154 104 92 21 152 93 
AQUIIII!!151 154 104 153 93 5 150 94 7 92 68 13 18 19 87 21 
AQUIIII!!150 87 145 5 94 19 21 68 104 93 AQUIIII!!143 18 93 7 92 5 148 18 151 68 
150 92 143 87 21 104 148 7 94 19 145 151 
AQUIIII!!21 92 19 94 7 5 87 13 153 104 150 18 68 154 93 151 
AQUIIII!!151 7 18 93 145 94 21 92 5 19 143 6 87 68 148 104 
AQUIIII!!150 29 28 83 13 100 149 27 68 93 117 153 154 95 152 151 
AQUIIII!!151 68 92 104 145 19 143 94 150 7 148 93 18 87 21 5 
AQUIIII!!154 29 117 100 150 21 151 93 153 152 95 83 149 13 28 68 
AQUIIII!!151 153 95 13 100 149 29 152 21 93 154 83 68 150 117 5 
AQUIIII!!151 143 92 21 18 6 19 145 93 148 87 7 104 94 68 5 
AQUIIII!!151 117 13 152 27 153 95 29 150 93 149 154 68 28 83 100 
AQUIIII!!151 29 83 13 152 117 95 93 153 28 21 68 149 100 150 154 
AQUIIII!!93 117 95 154 153 100 29 83 13 5 150 68 152 149 151 21 
AQUIIII!!151 68 150 83 13 100 21 29 153 152 149 95 93 117 28 154 
AQUIIII!!151 21 143 68 5 104 148 93 19 94 150 92 145 7 18 87 
AQUIIII!!151 5 7 18 94 68 104 143 148 87 6 21 93 145 19 92 
AQUIIII!!151 68 154 104 18 94 5 143 13 92 87 19 150 21 7 93 
AQUIIII!!151 21 87 145 94 104 18 68 19 143 148 92 5 7 6 93 
AQUIIII!!151 19 68 143 18 104 87 5 92 145 93 21 148 94 7 150 
AQUIIII!!151 5 153 95 117 149 29 154 21 93 152 100 68 13 83 150 
AQUIIII!!151 149 154 95 117 83 29 13 150 153 28 152 93 100 68 21 
AQUIIII!!21 151 145 68 150 19 104 5 7 143 93 87 92 18 148 94 
AQUIIII!!151 153 29 27 152 150 28 83 95 13 100 154 68 93 117 149 
AQUIIII!!151 143 145 68 150 87 92 104 7 AQUIIII!!94 151 21 93 13 68 5 104 19 92 148 18 145 93 
5 7 18 94 143 19 150 87 21 
AQUIIII!!145 150 87 5 7 21 93 143 68 19 18 92 104 94 148 151 
AQUIIII!!29 68 153 21 93 28 149 100 150 152 83 95 13 154 117 151 
AQUIIII!!151 92 5 13 143 94 150 145 68 19 104 21 7 93 18 87 
AQUIIII!!151 87 104 154 21 18 143 92 93 150 5 68 13 94 7 19 
AQUIIII!!151 5 7 18 94 143 145 93 150 68 19 87 13 104 21 92 
AQUIIII!!151 153 68 95 150 5 100 21 154 152 117 83 149 29 13 93 
AQUIIII!!151 13 28 154 93 100 149 95 153 152 150 68 117 29 83 27 
AQUIIII!!151 104 143 19 87 150 18 21 13 7 92 94 68 93 5 145 
AQUIIII!!151 93 92 94 154 68 7 AQUIIII!!151 153 29 13 152 93 18 154 87 83 21 117 150 13 21 5 68 5 19 95 104 100 149 
153 150 
AQUIIII!!151 152 93 28 27 13 29 154 117 95 153 149 100 83 150 68 
AQUIIII!!151 117 149 83 21 150 5 154 68 153 152 100 95 93 29 13 
AQUIIII!!151 21 13 154 94 87 7 92 153 5 150 68 18 104 93 152 
AQUIIII!!151 18 7 87 143 93 21 104 68 19 154 13 5 92 150 94 
AQUIIII!!151 149 7 150 13 92 152 154 153 93 87 68 5 94 21 104 
AQUIIII!!150 93 149 154 95 100 153 29 117 13 28 152 68 83 27 151 
AQUIIII!!151 150 94 18 13 5 87 104 92 154 93 19 68 21 7 153 
AQUIIII!!29 154 74 152 149 93 95 117 28 27 25 26 17 83 153 100 
Number of Cuts in the second phase:3095
Number of repeat: 2935 
Violation: 231.000000
Violation: 119.000000
Violation: 384.000000
Violation: 1564.000000
Violation: 145.000000
Violation: 856.000000
Violation: 380.000000
Violation: 428.000000
Violation: 417.000000
Violation: 642.000000
Violation: 192.000000
Violation: 560.000000
Violation: 340.000000
Violation: 1190.000000
Violation: 595.000000
Violation: 346.000000
Violation: 157.000000
Violation: 374.000000
Violation: 451.000000
Violation: 16.000000
Violation: 214.000000
Violation: 1025.000000
Violation: 758.000000
Violation: 680.000000
Violation: 190.000000
Violation: 154.000000
Violation: 77.000000
Violation: 960.000000
Violation: 570.000000
Violation: 536.000000
Violation: 634.000000
Violation: 34.000000
Violation: 528.000000
Violation: 151.000000
Violation: 629.000000
Violation: 196.000000
Violation: 948.000000
Violation: 111.000000
Violation: 1088.000000
Violation: 791.000000
Violation: 309.000000
Violation: 768.000000
Violation: 532.000000
Violation: 309.000000
Violation: 219.000000
Violation: 4.000000
Violation: 652.000000
Violation: 365.000000
Violation: 906.000000
Violation: 201.000000
Violation: 132.000000
Violation: 760.000000
Violation: 491.000000
Violation: 44.000000
Violation: 821.000000
Violation: 226.000000
Violation: 18.000000
Violation: 1355.000000
Violation: 80.000000
Violation: 46.000000
Violation: 396.000000
Violation: 1574.000000
Violation: 343.000000
Violation: 793.000000
Violation: 226.000000
Violation: 473.000000
Violation: 415.000000
Violation: 919.000000
Violation: 975.000000
Violation: 85.000000
Violation: 98.000000
Violation: 1.000000
Violation: 179.000000
Violation: 564.000000
Violation: 54.000000
Violation: 153.000000
Violation: 787.000000
Violation: 115.000000
Violation: 1165.000000
Violation: 606.000000
Violation: 90.000000
Violation: 52.000000
Violation: 244.000000
Violation: 299.000000
Violation: 756.000000
Violation: 250.000000
Violation: 574.000000
Violation: 69.000000
Violation: 518.000000
Violation: 130.000000
Violation: 287.000000
Violation: 107.000000
Violation: 347.000000
Violation: 37.000000
Violation: 421.000000
Violation: 436.000000
Violation: 167.000000
Violation: 171.000000
Violation: 692.000000
Violation: 424.000000
Violation: 126.000000
Violation: 789.000000
Violation: 34.000000
Violation: 91.000000
Violation: 198.000000
Violation: 19.000000
Violation: 171.000000
Violation: 345.000000
Violation: 382.000000
Violation: 324.000000
Violation: 149.000000
Violation: 542.000000
Violation: 330.000000
Violation: 68.000000
Violation: 555.000000
Violation: 946.000000
Violation: 1144.000000
Violation: 641.000000
Violation: 133.000000
Violation: 988.000000
Violation: 438.000000
Violation: 179.000000
Violation: 344.000000
Violation: 196.000000
Violation: 388.000000
Violation: 161.000000
Violation: 397.000000
Violation: 188.000000
Violation: 61.000000
Violation: 640.000000
Violation: 501.000000
Violation: 100.000000
Violation: 748.000000
Violation: 514.000000
Violation: 127.000000
Violation: 440.000000
Violation: 460.000000
Violation: 50.000000
Violation: 359.000000
Violation: 78.000000
Violation: 44.000000
Violation: 929.000000
Violation: 247.000000
Violation: 309.000000
Violation: 1054.000000
Violation: 350.000000
Violation: 161.000000
Violation: 90.000000
Violation: 92.000000
Violation: 1198.000000
Violation: 386.000000
Violation: 256.000000
Violation: 391.000000
Violation: 791.000000
Violation: 289.000000
Violation: 88.000000
Violation: 94.000000
Violation: 261.000000
Violation: 353.000000
Violation: 163.000000
8592 16
AQUIIII!!151 95 83 154 150 100 152 27 29 68 149 13 93 28 117 153 
AQUIIII!!151 154 117 152 83 13 100 AQUIIII!!29 151 21 7 149 148 153 93 143 28 145 93 AQUIIII!!5 68 151 6 95 93 92 150 19 7 
87 21 21 143 68 68 94 104 104 94 18 
87 5 148 19 6 145 18 92 
AQUIIII!!AQUIIII!!151 151 87 6 145 7 68 68 148 94 5 5 18 93 148 104 92 92 143 143 93 6 145 7 104 94 19 87 21 18 
19 21 
AQUIIII!!151 68 7 87 150 104 18 19 93 5 21 13 94 145 92 143 
AQUIIII!!151 150 AQUIIII!!93 151 94 100 153 117 18 154 92 150 87 149 154 152 152 153 7 28 104 93 13 83 68 29 21 5 13 27 
95 68 
AQUIIII!!151 154 92 7 21 5 87 94 13 149 93 153 68 104 152 150 
AQUIIII!!151 AQUIIII!!28 151 29 154 13 117 150 152 154 83 93 13 149 100 68 29 100 21 153 149 117 153 83 28 93 152 95 68 27 95 150 

AQUIIII!!152 151 87 68 149 93 5 104 13 153 94 21 7 92 150 154 
AQUIIII!!151 154 92 7 21 5 87 94 13 149 93 153 68 104 152 150 
AQUIIII!!100 93 27 149 95 83 117 68 26 13 25 28 154 153 152 29 
AQUIIII!!150 100 117 95 93 68 153 149 27 152 28 83 AQUIIII!!13 152 29 13 154 93 151 
28 117 100 149 95 29 68 83 153 150 21 151 154 
AQUIIII!!152 13 93 28 117 100 149 95 29 68 83 153 150 21 151 154 
AQUIIII!!17 153 25 26 27 117 83 149 28 74 93 100 152 95 29 154 
AQUIIII!!154 AQUIIII!!5 150 7 100 AQUIIII!!152 117 13 95 13 93 104 154 68 68 153 117 150 149 93 92 27 153 152 87 28 153 152 83 29 149 13 AQUIIII!!21 29 21 87 93 154 83 150 151 94 149 
21 151 95 
68 150 154 153 100 13 28 92 68 5 151 94 
104 7 19 93 18 151 
AQUIIII!!100 68 152 95 83 5 153 151 117 21 149 150 13 AQUIIII!!93 7 5 29 68 154 87 
145 143 94 6 18 92 104 21 93 148 19 151 
AQUIIII!!29 153 83 152 95 AQUIIII!!149 154 100 149 21 AQUIIII!!21 5 154 5 83 13 104 150 68 153 13 7 117 95 93 149 93 100 13 AQUIIII!!68 18 150 21 29 68 152 151 87 117 
21 92 154 94 5 153 7 94 93 151 152 87 
93 153 92 150 150 68 104 151 5 13 
19 151 154 
AQUIIII!!94 21 150 154 18 104 153 5 7 152 13 92 87 68 93 151 
AQUIIII!!92 19 5 87 104 68 143 21 7 145 148 94 93 18 6 151 AQUIIII!!
13 149 104 92 7 93 94 152 153 68 5 154 87 21 150 151 
AQUIIII!!93 68 AQUIIII!!151 154 93 87 13 104 152 18 150 153 92 21 154 68 150 152 153 149 94 21 13 7 87 5 5 94 
104 92 7 151 
AQUIIII!!151 87 5 152 21 150 7 18 92 153 68 94 93 104 13 AQUIIII!!154 150 
117 93 29 21 83 153 AQUIIII!!100 68 21 5 AQUIIII!!143 154 21 95 18 153 5 152 AQUIIII!!68 13 7 104 149 145 68 151 7 19 145 
154 148 149 19 104 92 87 143 92 94 18 150 148 AQUIIII!!68 93 104 68 93 7 94 100 152 5 87 29 5 92 150 13 117 151 151 94 150 

6 95 93 83 87 154 151 152 21 153 
13 21 93 149 AQUIIII!!28 93 151 AQUIIII!!94 
29 68 152 68 7 28 AQUIIII!!117 151 13 153 27 21 21 95 13 104 152 150 154 18 93 83 68 149 87 93 154 117 150 150 153 29 95 153 13 149 100 19 100 83 5 5 151 
92 
154 151 
AQUIIII!!21 19 5 18 148 87 92 145 143 6 104 93 68 94 7 151 
AQUIIII!!AQUIIII!!150 19 104 68 93 104 5 87 21 92 153 93 87 153 18 7 154 13 AQUIIII!!94 7 87 152 154 5 5 13 68 150 92 94 21 149 94 21 68 151 92 151 
7 
13 93 154 AQUIIII!!153 151 83 104 153 150 117 18 149 19 152 151 100 
95 29 21 68 93 150 13 28 154 
AQUIIII!!151 83 149 28 154 152 93 27 13 100 95 29 150 153 68 117 
AQUIIII!!151 19 104 68 143 93 18 21 13 145 94 92 7 87 5 150 
AQUIIII!!29 154 152 149 13 95 117 68 5 93 83 150 21 100 151 153 
AQUIIII!!149 87 13 5 153 104 68 150 21 7 92 93 152 94 154 151 
AQUIIII!!19 68 94 21 18 104 93 13 87 150 7 5 92 143 145 151 
AQUIIII!!153 13 95 29 152 93 117 83 154 150 AQUIIII!!149 21 5 27 19 68 87 100 104 28 92 151 153 
68 18 7 13 154 94 AQUIIII!!93 151 150 83 151 152 5 
149 93 68 154 153 150 21 29 100 13 117 95 
AQUIIII!!145 7 93 AQUIIII!!92 154 18 151 143 117 68 29 87 150 95 19 21 68 104 5 13 148 93 94 149 21 153 151 150 
28 100 152 83 
AQUIIII!!117 28 29 13 68 153 83 154 150 152 93 95 27 149 100 151 
AQUIIII!!104 19 13 94 87 150 68 93 153 5 18 92 7 151 154 21 AQUIIII!!
152 7 AQUIIII!!94 151 18 87 150 93 13 154 153 104 87 68 152 68 104 5 153 93 5 154 21 92 7 21 13 151 94 
18 92 150 
AQUIIII!!5 145 18 143 93 68 6 148 87 19 94 92 104 21 7 151 
AQUIIII!!83 149 150 27 100 93 95 153 152 13 68 117 154 28 29 151 
AQUIIII!!68 13 93 143 5 7 150 87 18 94 21 104 92 19 154 151 
AQUIIII!!104 154 92 87 93 7 21 5 153 152 13 94 150 18 68 151 
AQUIIII!!87 104 94 6 143 7 18 145 92 AQUIIII!!19 13 5 68 148 143 21 AQUIIII!!21 93 93 68 5 151 21 104 
94 68 104 92 94 87 18 18 150 154 143 150 19 5 93 19 7 87 151 92 
145 7 148 151 
AQUIIII!!18 68 87 7 153 13 5 19 94 154 21 150 104 93 92 151 
AQUIIII!!93 104 87 143 92 7 18 94 150 5 13 19 21 145 68 151 AQUIIII!!
92 104 150 153 152 5 68 13 7 154 93 87 21 18 94 AQUIIII!!151 19 
94 104 92 143 21 150 5 18 13 87 93 68 AQUIIII!!7 87 154 6 151 92 
148 5 145 94 AQUIIII!!19 150 143 18 68 143 7 92 18 19 21 104 104 5 93 7 151 68 
87 94 145 13 93 21 151 
AQUIIII!!151 104 19 68 154 5 13 143 7 87 18 93 94 21 92 150 
AQUIIII!!151 21 18 92 19 87 94 104 145 7 143 13 68 150 93 5 
AQUIIII!!151 18 150 87 94 143 68 19 21 7 145 148 104 93 5 92 
AQUIIII!!30 155 32 22 33 74 34 118 1 82 75 114 42 119 36 35 
AQUIIII!!100 150 83 68 93 153 149 27 154 13 95 152 28 117 29 151 
AQUIIII!!93 87 21 5 150 13 68 92 94 149 152 104 154 153 7 151 
AQUIIII!!150 153 117 29 100 149 95 68 28 13 154 21 83 93 151 152 
AQUIIII!!AQUIIII!!117 151 29 93 68 87 95 83 18 152 153 94 100 19 154 92 149 27 68 28 145 93 21 150 13 104 151 7 
13 5 143 150 
AQUIIII!!94 148 19 5 68 7 93 145 6 21 87 18 92 143 104 151 
AQUIIII!!151 13 117 150 68 95 153 83 154 AQUIIII!!152 151 93 93 21 87 100 154 7 149 92 5 104 29 143 13 
94 18 68 19 150 5 21 
AQUIIII!!83 100 153 154 AQUIIII!!68 145 92 117 150 93 18 5 68 21 21 13 5 149 143 150 104 95 13 152 19 151 87 29 93 
7 AQUIIII!!94 93 150 151 
153 104 13 21 92 68 5 18 94 87 7 19 151 154 
AQUIIII!!153 19 18 68 94 150 154 104 92 5 13 93 87 7 21 151 
AQUIIII!!92 150 94 18 5 19 7 13 87 104 154 143 21 AQUIIII!!93 151 21 68 13 151 5 
149 87 153 93 68 7 104 152 154 94 150 92 
AQUIIII!!154 29 149 152 27 25 26 93 17 117 100 153 95 28 83 74 
AQUIIII!!18 145 94 87 150 7 93 5 21 68 148 19 92 104 143 151 AQUIIII!!
92 145 21 5 104 87 94 18 150 93 7 143 68 19 13 AQUIIII!!151 143 
21 5 94 18 150 93 68 19 92 104 7 87 148 145 151 
AQUIIII!!151 87 104 154 7 152 5 94 13 68 18 93 21 150 92 153 
AQUIIII!!151 94 21 5 19 150 154 13 7 93 92 87 18 153 68 104 
AQUIIII!!151 29 83 95 117 150 149 21 100 5 68 93 153 154 152 13 
AQUIIII!!155 30 114 34 119 118 36 35 14 42 74 33 1 75 32 82 
AQUIIII!!93 83 68 95 28 13 100 27 153 150 152 117 149 151 29 154 
AQUIIII!!145 13 104 AQUIIII!!93 153 143 149 68 95 150 92 83 7 154 87 21 19 28 5 94 100 18 13 21 117 151 
68 29 93 152 150 151 
AQUIIII!!145 13 104 93 143 68 150 92 7 87 19 5 94 18 21 151 
AQUIIII!!151 150 100 149 13 29 28 117 152 93 83 95 27 153 154 68 
AQUIIII!!151 93 6 145 143 68 5 87 7 148 21 92 94 18 104 19 
AQUIIII!!151 145 104 5 94 21 92 143 18 19 68 150 93 87 13 7 
AQUIIII!!151 100 68 154 153 13 149 29 93 21 117 150 83 95 152 28 
AQUIIII!!154 151 7 94 68 93 153 5 13 21 150 19 18 104 87 92 
AQUIIII!!151 28 150 68 117 95 153 152 83 27 13 149 29 154 100 93 
AQUIIII!!28 117 100 93 13 150 153 68 149 152 21 95 29 154 83 151 
AQUIIII!!151 13 87 68 7 104 93 5 152 149 21 150 153 94 154 92 
AQUIIII!!93 92 94 7 150 AQUIIII!!18 151 145 21 68 5 87 7 19 13 21 94 143 104 5 104 18 148 150 151 19 
68 92 93 143 145 87 
AQUIIII!!87 18 5 19 92 93 68 150 143 7 145 21 13 104 94 151 
AQUIIII!!19 148 143 5 94 145 7 68 69 92 87 18 150 21 93 151 
AQUIIII!!21 150 104 93 154 143 19 87 68 92 7 18 94 13 5 151 
AQUIIII!!151 13 93 149 68 95 153 28 83 154 29 100 150 117 152 21 
AQUIIII!!151 21 150 92 93 104 154 19 153 18 87 5 68 13 7 94 
AQUIIII!!152 150 27 149 83 117 13 154 95 29 100 28 68 93 153 151 
AQUIIII!!151 154 100 152 117 149 93 83 68 150 5 21 29 95 153 13 
AQUIIII!!152 29 151 13 21 153 154 117 5 83 149 100 93 95 68 AQUIIII!!151 150 
154 100 152 117 149 93 83 68 150 5 21 29 95 153 13 
AQUIIII!!68 18 5 6 87 104 21 148 7 93 92 19 94 143 145 151 
AQUIIII!!117 28 13 152 154 68 150 100 149 153 83 29 95 93 151 21 
AQUIIII!!151 94 92 93 87 21 7 154 104 19 18 13 150 5 68 153 
AQUIIII!!154 117 149 68 13 152 21 29 100 150 153 83 93 95 5 151 
AQUIIII!!154 153 149 93 68 5 7 94 152 87 92 13 150 104 21 151 
AQUIIII!!29 13 83 117 149 95 152 68 154 93 27 100 150 153 28 151 
AQUIIII!!152 151 13 7 150 94 18 92 93 21 154 87 104 153 68 5 
AQUIIII!!151 83 68 21 152 13 95 117 153 29 154 149 5 150 93 100 
AQUIIII!!151 93 13 152 153 92 154 5 104 18 7 150 68 94 21 87 
AQUIIII!!151 21 150 5 117 153 13 100 95 93 152 29 83 154 149 68 
AQUIIII!!152 154 151 149 68 92 153 13 93 5 87 7 21 150 104 94 
AQUIIII!!68 18 153 154 7 94 93 92 150 13 5 21 104 87 19 151 
AQUIIII!!151 87 93 21 154 19 150 68 94 18 13 92 104 7 5 153 
AQUIIII!!92 150 104 68 7 18 5 93 87 94 13 19 143 21 151 154 
AQUIIII!!151 21 5 93 94 18 150 7 92 AQUIIII!!143 151 87 145 19 18 13 93 68 104 104 68 145 94 
148 7 21 87 150 19 143 92 5 
AQUIIII!!151 5 104 145 21 19 7 68 92 87 93 148 18 150 94 143 
AQUIIII!!151 154 68 92 19 104 94 13 7 18 93 21 143 150 87 5 
AQUIIII!!151 154 68 92 19 104 94 13 7 18 93 21 143 150 87 5 
AQUIIII!!151 94 93 7 104 150 154 13 21 92 5 87 19 18 68 143 
AQUIIII!!150 152 68 18 13 153 154 94 7 5 21 92 104 87 93 151 
AQUIIII!!104 143 7 68 13 18 92 87 154 19 94 5 21 150 93 151 
AQUIIII!!AQUIIII!!151 151 100 5 149 153 150 149 95 100 152 21 154 29 21 154 13 117 153 152 83 68 117 83 93 93 68 150 28 13 29 95 

AQUIIII!!151 93 21 5 19 94 7 148 68 143 145 104 92 87 6 18 
AQUIIII!!151 100 153 152 150 93 95 83 28 149 13 154 117 29 21 68 
AQUIIII!!151 5 87 18 154 7 68 21 153 104 152 93 94 150 13 92 
AQUIIII!!152 151 21 92 150 94 68 93 87 104 149 13 7 154 153 5 
AQUIIII!!151 153 83 93 95 100 152 5 150 29 154 21 68 13 117 149 
AQUIIII!!151 92 68 104 145 21 7 87 150 143 5 93 94 148 19 18 
AQUIIII!!151 21 154 7 92 87 68 104 153 5 93 18 13 94 152 150 
AQUIIII!!151 19 104 93 92 13 87 21 18 154 7 5 150 153 68 94 
AQUIIII!!151 13 92 154 149 21 104 68 152 150 7 94 93 87 153 5 
AQUIIII!!151 7 104 94 143 21 145 18 87 93 148 5 68 AQUIIII!!92 151 19 68 6 145 
104 150 21 19 92 13 93 7 94 18 143 87 5 
AQUIIII!!151 153 5 13 92 152 149 154 21 104 68 150 93 7 94 87 
AQUIIII!!151 94 92 5 145 6 148 93 18 87 19 104 7 21 68 143 
AQUIIII!!151 21 150 92 93 104 154 19 153 18 87 5 68 13 7 94 
AQUIIII!!151 143 21 5 93 148 145 104 94 7 19 150 68 92 18 87 
AQUIIII!!151 5 87 104 18 148 93 21 143 92 19 145 7 150 94 68 
AQUIIII!!145 5 7 68 150 143 13 94 104 93 92 21 87 18 19 151 
AQUIIII!!151 93 143 87 5 154 13 150 7 104 18 21 19 68 92 94 
AQUIIII!!151 143 148 94 19 7 5 93 68 145 18 87 92 104 21 6 
AQUIIII!!151 19 5 21 13 104 92 93 154 7 143 18 94 68 150 87 
AQUIIII!!21 13 29 154 153 152 93 100 28 83 150 149 68 95 117 151 
AQUIIII!!68 94 21 152 104 154 149 5 153 150 92 93 13 87 7 151 
AQUIIII!!151 13 87 5 94 143 154 68 19 21 18 104 93 92 150 7 
AQUIIII!!87 13 68 7 104 92 18 19 21 154 150 93 5 153 94 151 
AQUIIII!!151 150 87 104 21 94 143 13 154 5 19 92 7 18 93 68 
AQUIIII!!151 154 5 149 95 21 153 AQUIIII!!83 151 152 21 93 7 13 87 29 93 100 68 150 150 117 104 68 19 
5 18 92 13 153 154 94 
AQUIIII!!21 151 28 68 95 83 152 93 150 29 117 149 13 153 100 154 
AQUIIII!!151 154 5 149 95 21 153 83 152 93 13 29 100 150 117 68 
AQUIIII!!68 94 104 87 7 153 18 13 154 152 150 93 5 92 21 151 
AQUIIII!!5 18 87 94 92 13 153 104 7 150 93 21 154 152 68 151 
AQUIIII!!151 93 21 19 87 13 5 92 7 150 94 154 143 104 68 18 
AQUIIII!!92 104 150 13 68 5 94 7 93 145 87 19 143 18 21 151 
AQUIIII!!92 104 150 13 68 5 94 7 93 145 87 19 143 18 21 151 
AQUIIII!!151 152 83 153 68 28 27 100 29 13 95 93 150 149 117 154 
AQUIIII!!151 94 68 6 AQUIIII!!143 151 18 68 19 7 93 149 21 21 148 153 104 93 152 7 145 92 87 154 5 5 92 87 
94 13 104 150 
AQUIIII!!151 21 18 92 19 87 94 104 145 7 143 13 68 150 93 5 
AQUIIII!!151 21 7 87 93 68 150 104 19 5 18 92 13 153 154 94 
AQUIIII!!151 92 154 150 93 152 13 153 18 104 87 21 7 94 68 5 
Number of Cuts in the second phase:3142
Number of repeat: 3088 
Violation: 547.000000
Violation: 425.000000
Violation: 144.000000
Violation: 321.000000
Violation: 434.000000
Violation: 191.000000
Violation: 85.000000
Violation: 731.000000
Violation: 193.000000
Violation: 1201.000000
Violation: 212.000000
Violation: 128.000000
Violation: 59.000000
Violation: 400.000000
Violation: 328.000000
Violation: 661.000000
Violation: 246.000000
Violation: 44.000000
Violation: 540.000000
Violation: 165.000000
Violation: 1035.000000
Violation: 141.000000
Violation: 679.000000
Violation: 269.000000
Violation: 267.000000
Violation: 181.000000
Violation: 109.000000
Violation: 891.000000
Violation: 543.000000
Violation: 462.000000
Violation: 822.000000
Violation: 30.000000
Violation: 822.000000
Violation: 624.000000
Violation: 845.000000
Violation: 825.000000
Violation: 613.000000
Violation: 1008.000000
Violation: 1120.000000
Violation: 188.000000
Violation: 19.000000
Violation: 562.000000
Violation: 204.000000
Violation: 373.000000
Violation: 404.000000
Violation: 76.000000
Violation: 782.000000
Violation: 1948.000000
Violation: 902.000000
Violation: 3.000000
Violation: 110.000000
Violation: 471.000000
Violation: 266.000000
Violation: 628.000000
2808 16
AQUIIII!!151 148 5 104 145 18 92 94 150 143 87 7 93 68 AQUIIII!!21 19 151 
92 18 143 7 145 87 5 93 94 104 68 148 150 21 19 
AQUIIII!!151 150 7 154 104 13 149 153 94 21 152 92 68 87 93 5 
AQUIIII!!151 93 68 7 145 18 94 104 87 21 5 92 19 13 143 150 
AQUIIII!!92 68 94 93 5 104 87 154 21 149 13 7 150 153 151 152 
AQUIIII!!119 35 118 1 33 75 74 82 114 42 14 32 34 36 155 30 
AQUIIII!!93 94 154 152 87 92 AQUIIII!!104 143 7 7 21 19 150 104 153 92 13 145 149 150 5 68 68 87 151 93 
21 18 148 5 94 151 
AQUIIII!!104 143 7 92 68 94 148 145 19 18 87 21 150 93 5 151 
AQUIIII!!153 117 152 13 AQUIIII!!95 7 21 87 151 92 83 18 93 5 150 93 68 21 149 68 28 152 100 13 154 94 29 104 
150 153 154 151 
AQUIIII!!7 21 143 6 104 AQUIIII!!5 92 93 87 94 93 18 13 148 7 87 145 68 68 92 104 19 5 145 19 151 
150 18 143 21 94 151 
AQUIIII!!13 94 93 150 19 87 68 154 7 5 18 143 21 92 104 151 
AQUIIII!!117 13 95 149 153 83 150 68 152 27 93 100 154 28 29 151 
AQUIIII!!145 21 148 18 87 143 68 92 19 104 7 5 93 94 150 151 
AQUIIII!!150 94 92 104 68 93 154 149 21 87 153 13 AQUIIII!!7 18 5 150 151 5 152 92 
13 93 7 94 19 143 104 68 87 21 151 154 
AQUIIII!!93 68 92 21 143 18 94 7 19 13 150 104 5 87 151 154 
AQUIIII!!152 5 153 150 13 117 95 154 100 29 149 83 68 93 21 151 
AQUIIII!!151 93 5 145 68 7 18 143 19 92 21 150 87 148 104 94 
AQUIIII!!154 29 150 13 151 95 152 100 83 117 21 28 153 149 93 68 
AQUIIII!!68 154 83 28 153 150 152 21 117 29 13 93 100 95 149 151 
AQUIIII!!154 68 93 29 150 27 95 100 13 117 83 153 149 28 152 151 
AQUIIII!!153 5 21 68 93 104 87 92 94 13 154 18 19 7 150 151 
AQUIIII!!150 93 68 83 5 153 21 100 95 117 29 152 13 154 149 151 
AQUIIII!!83 152 100 150 13 117 149 28 68 93 153 21 29 95 154 151 
AQUIIII!!150 92 93 21 104 154 153 7 94 13 152 149 68 87 5 151 
AQUIIII!!28 149 153 68 83 21 93 150 152 29 117 100 13 95 154 151 
AQUIIII!!94 92 104 AQUIIII!!68 153 6 117 5 29 145 5 7 13 21 152 148 68 87 93 143 100 18 95 93 154 19 150 151 21 
149 83 151 
AQUIIII!!18 93 21 87 150 7 154 94 143 5 13 92 19 68 104 151 
AQUIIII!!93 104 7 94 92 154 153 18 150 68 13 5 21 152 87 151 
AQUIIII!!117 154 21 150 83 13 95 93 28 100 29 152 153 149 68 151 
AQUIIII!!154 AQUIIII!!13 151 152 117 95 68 117 152 29 154 21 100 93 83 153 93 68 28 83 21 150 95 100 150 149 13 28 29 151 149 
153 
AQUIIII!!151 94 87 21 18 92 5 104 19 154 13 7 153 93 68 150 
AQUIIII!!92 94 5 154 150 13 152 21 7 153 149 87 68 104 93 151 
AQUIIII!!104 7 68 13 149 153 154 93 152 150 94 87 21 5 92 151 
AQUIIII!!151 100 93 83 152 28 154 68 29 13 153 95 150 149 27 117 
AQUIIII!!68 19 148 21 7 87 104 94 93 145 5 150 92 143 18 151 
AQUIIII!!145 143 21 5 7 19 92 93 104 94 68 150 87 18 148 151 
AQUIIII!!151 5 104 21 87 153 13 92 68 19 94 93 7 154 150 18 
AQUIIII!!151 5 94 154 92 104 13 21 153 18 152 7 87 93 150 68 
AQUIIII!!94 68 18 154 153 19 150 5 93 21 104 13 87 7 92 151 
AQUIIII!!152 151 94 7 87 93 153 92 13 150 21 68 5 154 104 18 
AQUIIII!!151 19 68 92 94 21 13 87 104 93 5 18 7 154 150 153 
AQUIIII!!151 83 68 117 29 28 100 153 13 152 149 93 150 95 21 154 
AQUIIII!!151 94 21 7 154 13 92 68 104 5 150 87 18 19 153 93 
AQUIIII!!93 145 68 7 104 94 21 6 148 143 5 87 19 92 18 151 
AQUIIII!!155 30 118 114 119 22 74 82 75 35 42 33 2 32 34 36 
AQUIIII!!150 149 152 21 68 13 92 5 93 7 104 153 94 154 87 151 
Number of Cuts in the second phase:1034
Number of repeat: 1021 
Violation: 357.000000
Violation: 555.000000
Violation: 317.000000
Violation: 204.000000
Violation: 336.000000
Violation: 268.000000
Violation: 333.000000
Violation: 1202.000000
Violation: 310.000000
Violation: 1134.000000
Violation: 372.000000
Violation: 118.000000
Violation: 200.000000
took 18.368742

Warning: excessive time spent in model updates.
Consider calling update less frequently.

Optimize a model with 1262 rows, 10797 columns and 134300 nonzeros
Coefficient statistics:
  Matrix range     [1e-05, 9e+01]
  Objective range  [0e+00, 0e+00]
  Bounds range     [1e+00, 2e+09]
  RHS range        [1e+00, 6e+01]
Warning: Model contains large bounds
         Consider reformulating model or setting NumericFocus parameter
         to avoid numerical issues.

Concurrent LP optimizer: dual simplex and barrier
Showing barrier log only...

Presolve removed 170 rows and 420 columns
Presolve time: 0.04s
Presolved: 1092 rows, 10377 columns, 126705 nonzeros

Ordering time: 0.00s

Barrier statistics:
 Dense cols : 24
 AA' NZ     : 5.034e+04
 Factor NZ  : 8.538e+04 (roughly 5 MBytes of memory)
 Factor Ops : 8.276e+06 (less than 1 second per iteration)
 Threads    : 3

                  Objective                Residual
Iter       Primal          Dual         Primal    Dual     Compl     Time
   0   0.00000000e+00 -2.68716627e+07  8.26e+09 0.00e+00  1.42e+06     0s
   1   0.00000000e+00 -5.15445050e+06  2.91e+09 9.57e-03  5.03e+05     0s
   2   0.00000000e+00 -2.98501726e+05  7.91e+08 5.00e-16  1.38e+05     0s
   3   0.00000000e+00 -1.52861505e+03  3.43e+04 6.11e-16  6.06e+00     0s
   4   0.00000000e+00 -1.18489875e+03  2.54e+04 2.38e-06  4.38e+00     0s
   5   0.00000000e+00 -1.56454344e+03  2.17e+04 1.27e-04  4.14e+00     0s
   6   0.00000000e+00 -1.08409293e+03  1.76e+03 5.27e-05  4.05e-01     0s

Barrier performed 6 iterations in 0.10 seconds
Barrier solve interrupted - model solved by another algorithm


Solved with dual simplex
Solved in 547 iterations and 0.10 seconds
Optimal objective  0.000000000e+00
