j3017_4.mm_s2.txt
Academic license - for non-commercial use only
Read LP format model from file lp/j3017_4.mm.lp
Reading time = 0.01 seconds
: 351 rows, 906 columns, 9053 nonzeros
OKGPU
nThreads: 1024 , nBlocks: 12 
Number cuts generated in the phase 1: 6
Number of repeat: 1 
violation 490.000000
violation 749.000000
violation 702.000000
violation 738.000000
violation 428.000000
8592 16
AQUIIII!!55 54 53 19 56 AQUIIII!!21 55 44 8 56 18 18 10 33 17 5 16 5 54 22 23 23 53 52 27 9 7 27 19 6 31 
21 
AQUIIII!!53 52 55 33 15 21 AQUIIII!!19 52 23 53 54 9 15 54 AQUIIII!!26 40 54 16 8 9 40 26 53 21 56 8 8 16 33 1 5 15 55 
23 56 0 55 9 23 5 26 56 52 
33 16 0 5 40 
AQUIIII!!33 54 55 53 56 16 21 19 31 9 8 5 23 27 52 18 
AQUIIII!!54 52 53 55 5 23 33 9 56 16 8 26 1 15 40 0 
AQUIIII!!19 17 10 6 22 23 4 3 7 18 27 21 44 55 54 53 
AQUIIII!!44 7 23 5 56 21 22 17 19 10 54 18 27 55 53 AQUIIII!!8 18 
4 17 27 23 22 44 21 19 6 56 53 10 7 55 54 
AQUIIII!!53 7 19 21 55 10 17 5 56 54 44 18 23 22 27 6 
AQUIIII!!53 55 7 21 22 17 56 8 27 23 10 19 44 18 54 5 
AQUIIII!!AQUIIII!!6 55 55 53 53 54 22 0 44 26 56 56 21 23 54 9 19 27 52 17 1 7 33 23 16 18 8 10 5 5 40 
15 
AQUIIII!!7 55 54 17 AQUIIII!!21 6 4 54 18 53 53 3 3 4 22 10 44 27 10 22 19 2 6 18 23 44 27 17 
19 21 7 23 
AQUIIII!!54 23 33 40 15 19 26 16 52 53 5 56 8 9 55 21 
AQUIIII!!AQUIIII!!21 10 33 18 19 22 56 19 54 17 26 27 15 56 16 23 40 5 52 23 6 5 44 8 21 53 53 9 55 55 7 
54 
AQUIIII!!16 15 19 52 55 21 26 33 56 5 AQUIIII!!23 21 9 17 40 53 53 33 18 8 16 54 AQUIIII!!5 
21 23 AQUIIII!!33 AQUIIII!!19 19 54 54 53 31 56 18 8 22 56 54 19 17 5 9 26 10 27 27 27 15 23 21 21 8 17 16 5 18 55 40 54 55 9 44 52 55 10 56 
23 
23 5 22 8 7 53 56 9 44 55 19 
8 AQUIIII!!53 9 52 
53 AQUIIII!!54 55 21 9 26 54 5 8 16 21 15 23 40 16 33 15 56 5 55 56 8 40 23 0 19 
52 26 33 53 
AQUIIII!!7 54 44 17 18 23 56 55 4 21 19 27 10 53 6 22 AQUIIII!!
53 6 54 4 10 21 23 3 27 44 17 19 7 2 18 22 
AQUIIII!!6 53 23 21 4 18 AQUIIII!!22 8 19 55 7 54 27 15 56 5 17 52 44 0 55 26 10 40 54 
56 16 9 1 33 23 53 
AQUIIII!!21 5 33 9 19 31 23 16 56 8 18 54 55 52 27 53 
AQUIIII!!15 23 16 0 1 56 54 55 53 52 8 33 5 40 26 9 
AQUIIII!!6 53 21 19 2 18 3 44 20 23 17 7 22 10 27 4 
AQUIIII!!54 8 55 21 52 5 18 9 53 56 27 33 19 16 23 31 
AQUIIII!!17 18 23 10 22 AQUIIII!!5 56 54 AQUIIII!!27 53 55 44 9 8 53 8 19 7 56 7 21 21 33 8 54 19 22 55 55 18 53 5 
19 23 10 27 23 16 56 21 AQUIIII!!27 55 52 44 31 5 23 54 18 53 
17 54 
56 21 19 44 9 17 5 18 10 27 AQUIIII!!22 19 53 8 31 
5 18 56 52 23 8 27 16 33 21 55 54 9 
AQUIIII!!7 8 55 53 54 19 56 17 21 22 18 10 27 5 23 44 AQUIIII!!
19 53 31 5 18 56 52 23 8 27 16 33 21 55 54 9 
AQUIIII!!44 5 56 18 22 9 21 23 8 10 17 19 55 53 54 27 
AQUIIII!!53 7 54 56 22 23 17 6 19 10 18 44 5 27 55 21 
AQUIIII!!15 26 33 40 5 9 16 0 23 56 8 1 53 55 54 52 
AQUIIII!!27 8 21 AQUIIII!!23 18 33 19 55 27 18 3 56 23 17 20 AQUIIII!!19 55 4 31 54 7 52 5 1 22 16 53 10 26 54 0 44 56 53 33 21 9 23 2 15 
AQUIIII!!40 17 7 16 54 53 9 44 8 6 55 5 23 

18 5 56 21 53 27 8 19 22 17 10 
AQUIIII!!54 5 44 22 55 8 21 18 19 10 23 27 56 17 53 9 
AQUIIII!!56 15 16 53 40 55 0 23 5 52 26 8 21 33 54 9 
AQUIIII!!56 54 53 21 44 19 17 27 5 55 22 10 18 23 AQUIIII!!8 9 7 54 
1 16 55 26 13 0 40 5 23 33 56 52 15 8 
AQUIIII!!55 8 27 18 54 31 21 9 33 17 23 56 19 53 5 16 
AQUIIII!!33 23 53 16 56 21 31 8 17 27 5 18 19 54 9 55 
AQUIIII!!18 4 27 10 21 19 56 22 17 44 6 7 53 54 23 55 
AQUIIII!!18 4 27 10 21 19 56 22 17 AQUIIII!!44 27 6 22 7 23 53 17 54 23 54 55 21 
56 19 44 10 18 5 7 6 53 55 
AQUIIII!!54 9 53 8 1 15 56 55 23 26 52 33 16 0 5 AQUIIII!!54 40 23 
53 55 33 8 16 56 40 26 15 9 52 19 5 21 
AQUIIII!!10 4 3 6 44 19 18 17 23 21 27 7 22 54 53 55 
AQUIIII!!53 7 54 44 17 23 10 22 8 21 27 18 19 5 56 55 
AQUIIII!!16 33 21 53 55 23 56 26 5 19 40 52 8 15 54 9 
AQUIIII!!7 18 6 19 17 22 4 21 10 27 56 23 54 55 44 53 
AQUIIII!!33 15 8 23 5 16 19 9 52 40 26 55 54 56 AQUIIII!!21 54 53 9 
53 33 23 5 52 16 15 8 26 AQUIIII!!40 55 53 56 7 19 19 10 56 55 5 8 21 44 27 
17 18 23 21 22 54 
AQUIIII!!23 9 15 52 26 19 40 33 AQUIIII!!16 17 8 27 5 18 55 21 56 23 53 6 AQUIIII!!54 44 27 21 54 19 
10 9 5 5 22 8 19 33 56 16 53 31 7 23 55 
18 17 53 56 55 54 21 
AQUIIII!!54 40 55 53 15 16 56 26 33 8 52 9 23 21 0 5 
AQUIIII!!8 54 15 33 23 56 26 5 52 19 16 40 9 55 21 53 
AQUIIII!!0 9 52 16 1 23 8 15 40 56 26 5 53 54 33 55 
AQUIIII!!16 21 9 19 54 31 5 8 23 33 56 18 27 52 53 55 
AQUIIII!!52 11 56 13 26 8 5 35 16 0 1 40 15 33 55 9 
AQUIIII!!53 7 54 44 17 23 10 22 8 21 27 18 19 5 56 55 
AQUIIII!!55 7 53 8 17 5 27 19 22 23 21 18 44 10 56 54 
AQUIIII!!8 55 52 33 19 16 5 9 56 54 31 23 AQUIIII!!27 6 18 54 21 3 53 7 
10 53 18 19 2 23 AQUIIII!!21 54 8 17 53 27 5 55 4 1 22 16 33 44 56 
23 0 26 52 15 40 9 
AQUIIII!!5 21 8 23 55 17 10 56 19 22 44 18 27 9 53 54 
AQUIIII!!55 7 53 8 17 5 27 19 22 23 21 18 44 10 56 54 
AQUIIII!!54 8 26 15 55 16 53 9 23 40 5 56 33 0 52 21 
AQUIIII!!5 16 21 19 9 18 53 AQUIIII!!31 52 54 27 55 33 33 8 23 9 15 56 26 52 5 1 55 16 8 13 40 54 0 
56 23 
AQUIIII!!55 5 19 21 23 27 56 8 44 18 17 22 10 9 53 54 
AQUIIII!!27 22 56 55 21 8 5 23 17 18 53 44 19 10 9 54 
AQUIIII!!55 53 9 18 54 16 56 23 27 19 5 8 21 52 AQUIIII!!33 31 54 
6 22 19 44 23 10 53 21 7 17 2 4 3 18 27 
AQUIIII!!53 5 54 55 6 19 27 10 7 17 21 22 18 44 23 56 
AQUIIII!!AQUIIII!!33 54 16 18 8 44 19 10 31 17 5 23 52 19 18 22 53 7 9 56 23 4 27 21 56 55 27 21 53 54 55 
6 
AQUIIII!!33 16 8 19 31 5 52 18 53 9 23 27 56 55 21 54 
AQUIIII!!44 19 10 56 18 17 22 21 8 5 27 53 23 7 55 54 
AQUIIII!!44 19 10 56 18 17 22 21 8 5 27 53 23 7 55 54 
AQUIIII!!8 55 56 23 40 1 33 13 15 54 52 5 0 16 9 26 
AQUIIII!!9 53 23 54 5 0 16 26 40 56 33 8 55 15 21 52 
AQUIIII!!54 8 5 31 9 55 21 27 56 17 23 33 53 18 19 16 
AQUIIII!!9 53 52 56 23 21 54 33 26 40 8 5 55 15 16 19 
AQUIIII!!53 55 7 5 21 10 44 18 56 27 19 17 8 54 23 22 
AQUIIII!!53 6 23 4 21 27 7 18 56 44 19 22 54 10 17 55 
AQUIIII!!26 19 56 23 40 33 54 21 5 16 15 52 53 9 55 8 
AQUIIII!!16 1 26 8 15 33 0 52 54 23 40 56 5 9 53 55 
AQUIIII!!16 1 26 8 15 33 0 52 54 23 40 56 5 9 53 55 AQUIIII!!23 
9 33 56 16 40 1 15 52 26 0 8 54 55 53 5 
AQUIIII!!19 56 5 21 8 16 31 AQUIIII!!33 26 23 15 27 0 18 55 55 52 52 8 9 40 54 23 53 AQUIIII!!
16 18 1 AQUIIII!!19 33 23 6 9 56 33 27 5 56 23 16 9 40 4 54 1 10 15 53 52 21 26 
44 0 8 22 54 17 55 53 55 5 53 
7 54 56 
AQUIIII!!9 54 52 53 1 23 16 0 8 26 5 56 40 55 15 33 
AQUIIII!!9 26 15 56 33 16 19 40 8 55 23 53 5 52 54 21 
AQUIIII!!26 15 0 23 54 5 52 8 56 16 21 40 33 55 9 53 
AQUIIII!!16 5 40 23 53 8 33 52 21 15 26 55 56 19 54 9 
AQUIIII!!10 17 4 44 7 22 23 27 18 19 3 21 6 54 55 53 
AQUIIII!!55 9 8 26 16 53 52 19 23 40 15 5 54 33 56 21 AQUIIII!!
10 17 4 44 7 22 23 27 18 19 3 21 6 54 55 53 
AQUIIII!!54 52 53 55 5 23 33 9 56 16 8 26 1 15 40 0 
AQUIIII!!9 54 15 5 23 19 16 56 33 21 52 53 55 8 26 40 
AQUIIII!!8 52 AQUIIII!!53 55 56 54 21 52 5 15 AQUIIII!!55 53 54 16 56 19 6 23 15 56 16 23 44 40 40 19 21 33 23 9 9 21 AQUIIII!!8 54 6 17 5 26 54 53 26 
53 19 7 10 10 33 23 
55 19 27 17 4 44 18 21 22 18 
27 55 7 3 4 22 
AQUIIII!!8 54 5 1 52 15 0 55 40 33 23 53 56 9 16 26 
AQUIIII!!21 56 54 6 53 55 17 27 AQUIIII!!18 52 AQUIIII!!19 21 7 22 55 53 23 5 44 4 53 54 7 40 21 26 44 19 10 16 10 
19 5 8 27 54 55 23 17 15 18 56 6 9 56 33 22 
23 
AQUIIII!!54 53 9 8 56 33 19 55 5 23 27 16 21 52 31 18 
AQUIIII!!54 9 16 52 15 55 8 1 5 40 33 56 0 23 26 53 
AQUIIII!!8 55 54 15 5 52 0 26 40 56 16 9 1 33 23 53 
AQUIIII!!54 8 23 15 1 26 0 9 56 33 52 5 53 16 55 40 
AQUIIII!!16 40 33 9 15 21 8 52 56 19 5 26 23 54 53 55 
AQUIIII!!6 54 55 17 27 10 56 44 22 21 23 18 53 7 4 19 
AQUIIII!!26 56 16 52 55 23 5 15 1 0 8 40 33 54 53 9 
AQUIIII!!53 21 8 55 54 9 18 19 27 56 33 31 23 5 16 52 
AQUIIII!!9 5 16 23 8 19 18 17 27 56 21 33 54 55 31 53 
AQUIIII!!17 22 9 21 8 18 AQUIIII!!19 8 10 54 23 53 5 52 56 23 44 56 55 21 53 0 54 40 27 33 
5 55 15 26 16 9 
AQUIIII!!4 21 54 18 10 27 3 22 44 23 19 7 17 55 6 53 
AQUIIII!!23 53 55 54 10 56 7 18 19 22 44 17 21 4 27 6 
AQUIIII!!17 21 19 55 27 33 56 9 5 23 16 31 18 8 53 54 
AQUIIII!!6 55 53 22 44 56 21 54 19 27 AQUIIII!!17 7 17 23 21 18 19 10 5 55 
27 33 56 9 5 23 16 31 18 8 53 54 
AQUIIII!!54 9 53 8 1 15 56 55 23 26 52 33 16 0 5 40 
AQUIIII!!35 16 5 52 33 40 0 15 13 1 56 11 26 9 55 8 
AQUIIII!!54 7 56 19 53 8 AQUIIII!!22 54 21 6 53 23 44 55 23 18 10 27 5 55 44 17 17 18 5 56 10 21 7 
AQUIIII!!19 8 27 54 22 33 56 
9 18 19 31 55 23 5 27 52 53 21 16 
Number of Cuts in the second phase:2879
Number of repeat: 2529 
Violation: 311.000000
Violation: 363.000000
Violation: 1121.000000
Violation: 311.000000
Violation: 594.000000
Violation: 347.000000
Violation: 622.000000
Violation: 496.000000
Violation: 311.000000
Violation: 980.000000
Violation: 179.000000
Violation: 808.000000
Violation: 771.000000
Violation: 498.000000
Violation: 342.000000
Violation: 113.000000
Violation: 1134.000000
Violation: 496.000000
Violation: 113.000000
Violation: 972.000000
Violation: 257.000000
Violation: 669.000000
Violation: 190.000000
Violation: 1371.000000
Violation: 404.000000
Violation: 625.000000
Violation: 247.000000
Violation: 296.000000
Violation: 292.000000
Violation: 451.000000
Violation: 476.000000
Violation: 296.000000
Violation: 543.000000
Violation: 498.000000
Violation: 921.000000
Violation: 514.000000
Violation: 512.000000
Violation: 514.000000
Violation: 257.000000
Violation: 808.000000
Violation: 859.000000
Violation: 123.000000
Violation: 859.000000
Violation: 796.000000
Violation: 625.000000
Violation: 443.000000
Violation: 1117.000000
Violation: 558.000000
Violation: 669.000000
Violation: 309.000000
Violation: 517.000000
Violation: 996.000000
Violation: 972.000000
Violation: 512.000000
Violation: 496.000000
Violation: 667.000000
Violation: 870.000000
Violation: 851.000000
Violation: 1008.000000
Violation: 625.000000
Violation: 289.000000
Violation: 512.000000
Violation: 594.000000
Violation: 908.000000
Violation: 759.000000
Violation: 921.000000
Violation: 746.000000
Violation: 108.000000
Violation: 770.000000
Violation: 748.000000
Violation: 804.000000
Violation: 47.000000
Violation: 1597.000000
Violation: 554.000000
Violation: 872.000000
Violation: 1484.000000
Violation: 1029.000000
Violation: 257.000000
Violation: 1855.000000
Violation: 496.000000
Violation: 884.000000
Violation: 859.000000
Violation: 121.000000
Violation: 972.000000
Violation: 214.000000
Violation: 234.000000
Violation: 569.000000
Violation: 234.000000
Violation: 1111.000000
Violation: 647.000000
Violation: 448.000000
Violation: 247.000000
Violation: 513.000000
Violation: 1510.000000
Violation: 247.000000
Violation: 1137.000000
Violation: 730.000000
Violation: 985.000000
Violation: 134.000000
Violation: 1433.000000
Violation: 113.000000
Violation: 1316.000000
Violation: 983.000000
Violation: 801.000000
Violation: 190.000000
Violation: 8.000000
Violation: 1234.000000
Violation: 363.000000
Violation: 85.000000
Violation: 808.000000
Violation: 85.000000
Violation: 247.000000
Violation: 1029.000000
Violation: 1154.000000
Violation: 746.000000
Violation: 603.000000
Violation: 349.000000
Violation: 121.000000
Violation: 804.000000
Violation: 179.000000
Violation: 902.000000
Violation: 1394.000000
Violation: 13.000000
Violation: 650.000000
Violation: 1393.000000
Violation: 1106.000000
Violation: 404.000000
Violation: 757.000000
Violation: 1010.000000
Violation: 1106.000000
Violation: 371.000000
Violation: 669.000000
Violation: 234.000000
Violation: 683.000000
Violation: 1085.000000
Violation: 497.000000
Violation: 1094.000000
Violation: 476.000000
Violation: 396.000000
Violation: 453.000000
Violation: 1138.000000
Violation: 1000.000000
Violation: 691.000000
Violation: 756.000000
Violation: 611.000000
Violation: 171.000000
Violation: 428.000000
Violation: 620.000000
Violation: 500.000000
Violation: 1224.000000
Violation: 255.000000
Violation: 925.000000
Violation: 617.000000
Violation: 746.000000
Violation: 198.000000
Violation: 635.000000
Violation: 1137.000000
Violation: 808.000000
Violation: 1123.000000
Violation: 261.000000
Violation: 159.000000
Violation: 994.000000
Violation: 564.000000
Violation: 641.000000
Violation: 179.000000
Violation: 633.000000
Violation: 1621.000000
Violation: 743.000000
Violation: 484.000000
Violation: 1137.000000
Violation: 153.000000
Violation: 609.000000
Violation: 311.000000
Violation: 804.000000
Violation: 85.000000
Violation: 85.000000
Violation: 261.000000
Violation: 1518.000000
Violation: 85.000000
Violation: 1484.000000
Violation: 1495.000000
Violation: 1247.000000
Violation: 1247.000000
Violation: 171.000000
Violation: 85.000000
Violation: 907.000000
Violation: 1008.000000
Violation: 996.000000
Violation: 69.000000
Violation: 360.000000
Violation: 22.000000
Violation: 573.000000
Violation: 726.000000
Violation: 691.000000
Violation: 179.000000
Violation: 404.000000
Violation: 121.000000
Violation: 255.000000
Violation: 1508.000000
Violation: 393.000000
Violation: 996.000000
Violation: 366.000000
Violation: 130.000000
Violation: 22.000000
Violation: 257.000000
Violation: 872.000000
Violation: 197.000000
Violation: 168.000000
Violation: 275.000000
Violation: 471.000000
Violation: 434.000000
Violation: 137.000000
Violation: 599.000000
Violation: 1371.000000
Violation: 983.000000
Violation: 106.000000
Violation: 782.000000
Violation: 625.000000
Violation: 599.000000
Violation: 730.000000
Violation: 1025.000000
Violation: 859.000000
Violation: 651.000000
Violation: 696.000000
Violation: 318.000000
Violation: 1165.000000
Violation: 513.000000
Violation: 398.000000
Violation: 2.000000
Violation: 10.000000
Violation: 234.000000
Violation: 440.000000
Violation: 1433.000000
Violation: 283.000000
Violation: 599.000000
Violation: 729.000000
Violation: 710.000000
Violation: 1667.000000
Violation: 1173.000000
Violation: 634.000000
Violation: 844.000000
Violation: 353.000000
Violation: 118.000000
Violation: 300.000000
Violation: 759.000000
Violation: 769.000000
Violation: 440.000000
Violation: 1623.000000
Violation: 324.000000
Violation: 998.000000
Violation: 1123.000000
Violation: 23.000000
Violation: 998.000000
Violation: 746.000000
Violation: 106.000000
Violation: 281.000000
Violation: 524.000000
Violation: 1512.000000
Violation: 355.000000
Violation: 605.000000
Violation: 993.000000
Violation: 757.000000
Violation: 996.000000
Violation: 510.000000
Violation: 219.000000
Violation: 113.000000
Violation: 1174.000000
Violation: 647.000000
Violation: 249.000000
Violation: 327.000000
Violation: 115.000000
Violation: 627.000000
Violation: 759.000000
Violation: 792.000000
Violation: 334.000000
Violation: 488.000000
Violation: 685.000000
Violation: 318.000000
Violation: 717.000000
Violation: 266.000000
Violation: 543.000000
Violation: 153.000000
Violation: 537.000000
Violation: 556.000000
Violation: 1118.000000
Violation: 549.000000
Violation: 413.000000
Violation: 396.000000
Violation: 965.000000
Violation: 10.000000
Violation: 685.000000
Violation: 836.000000
Violation: 456.000000
Violation: 179.000000
Violation: 385.000000
Violation: 180.000000
Violation: 1219.000000
Violation: 1484.000000
Violation: 604.000000
Violation: 1258.000000
Violation: 426.000000
Violation: 1466.000000
Violation: 743.000000
Violation: 804.000000
Violation: 517.000000
Violation: 581.000000
Violation: 1121.000000
Violation: 1405.000000
Violation: 49.000000
Violation: 842.000000
Violation: 26.000000
Violation: 620.000000
Violation: 13.000000
Violation: 978.000000
Violation: 1106.000000
Violation: 967.000000
Violation: 1589.000000
Violation: 28.000000
Violation: 972.000000
Violation: 762.000000
Violation: 738.000000
Violation: 1163.000000
Violation: 1041.000000
Violation: 513.000000
Violation: 354.000000
Violation: 179.000000
Violation: 432.000000
Violation: 793.000000
Violation: 677.000000
Violation: 422.000000
Violation: 242.000000
Violation: 931.000000
Violation: 484.000000
Violation: 883.000000
Violation: 870.000000
Violation: 673.000000
Violation: 846.000000
Violation: 552.000000
Violation: 345.000000
Violation: 908.000000
Violation: 692.000000
Violation: 921.000000
Violation: 292.000000
Violation: 1371.000000
Violation: 196.000000
Violation: 496.000000
Violation: 967.000000
Violation: 740.000000
Violation: 877.000000
Violation: 355.000000
8592 16
AQUIIII!!7 54 56 19 8 22 53 23 18 10 27 5 55 21 17 44 AQUIIII!!
7 53 18 54 10 6 22 21 19 4 23 56 55 27 17 44 
AQUIIII!!55 53 9 17 44 23 22 54 10 8 19 18 5 21 56 27 
AQUIIII!!54 55 52 21 5 26 40 8 19 AQUIIII!!16 33 54 9 55 53 8 15 56 0 23 15 
26 56 AQUIIII!!5 55 21 53 9 27 52 54 16 18 33 7 40 56 53 6 23 23 
5 10 19 44 17 22 21 
AQUIIII!!23 8 10 44 27 17 56 19 5 18 22 54 53 55 9 21 
AQUIIII!!15 8 23 0 56 40 21 16 53 33 26 5 52 9 54 55 
AQUIIII!!55 16 52 5 1 26 40 56 15 9 0 33 23 53 AQUIIII!!8 15 54 8 
23 0 56 40 21 16 53 33 26 5 52 9 54 55 AQUIIII!!
55 16 52 5 1 26 AQUIIII!!40 16 56 5 15 56 9 26 0 23 33 9 23 33 53 55 8 40 54 
15 21 19 52 53 8 54 
AQUIIII!!16 5 56 26 23 9 33 55 40 15 21 19 52 53 8 54 
AQUIIII!!53 9 21 16 23 54 27 5 18 33 8 31 55 19 56 17 
AQUIIII!!53 6 17 4 22 10 21 55 3 7 54 18 27 44 23 19 
AQUIIII!!8 55 56 26 13 9 15 52 33 23 40 54 5 0 1 16 
AQUIIII!!9 53 55 16 19 56 31 17 27 21 54 18 33 23 8 AQUIIII!!5 56 
7 55 54 10 44 18 5 27 53 19 21 17 22 8 23 
AQUIIII!!5 15 26 16 33 56 54 19 40 23 21 53 8 55 52 9 
AQUIIII!!1 9 0 26 5 40 16 33 AQUIIII!!23 7 15 19 8 17 56 10 52 44 55 27 54 21 53 3 
23 18 4 22 6 54 55 AQUIIII!!53 16 
AQUIIII!!56 19 9 27 19 21 55 4 31 18 23 10 52 17 18 55 21 56 27 23 5 6 33 44 8 53 53 22 54 7 
54 
AQUIIII!!7 19 17 10 44 27 21 3 23 AQUIIII!!18 54 6 4 55 53 22 44 21 6 56 27 54 18 7 55 5 53 22 19 
23 10 17 
AQUIIII!!53 8 56 22 23 7 19 44 17 AQUIIII!!18 56 10 7 5 54 54 53 27 44 55 22 21 55 AQUIIII!!
10 55 5 54 27 53 21 19 6 17 23 9 18 5 19 31 17 56 
16 18 23 27 21 8 33 
AQUIIII!!54 55 21 56 27 AQUIIII!!44 8 23 55 17 54 53 53 18 5 7 10 19 19 4 22 6 9 10 21 22 44 
18 17 56 23 27 
AQUIIII!!53 9 55 54 33 15 1 40 23 16 5 56 26 0 52 8 
AQUIIII!!21 22 10 5 27 56 44 18 17 54 55 23 19 7 53 8 
AQUIIII!!21 0 9 26 52 16 5 33 23 40 54 56 53 15 55 8 
AQUIIII!!7 54 6 53 23 22 21 4 18 56 55 27 19 17 10 44 
AQUIIII!!6 7 55 53 17 22 56 21 19 23 18 10 44 5 27 54 
AQUIIII!!55 56 21 53 22 54 44 17 5 10 27 8 19 23 9 18 
AQUIIII!!53 21 8 54 55 23 44 18 9 10 19 5 56 22 17 27 
AQUIIII!!19 8 31 18 21 33 56 23 5 17 16 9 54 53 55 27 
AQUIIII!!40 52 53 26 8 55 5 23 54 19 21 16 56 9 15 33 
AQUIIII!!31 27 9 56 5 16 17 33 21 19 18 53 23 54 55 8 
AQUIIII!!7 54 55 AQUIIII!!10 31 44 18 27 27 9 17 56 56 22 53 5 23 16 19 4 17 6 21 33 
21 19 18 53 23 54 55 8 
AQUIIII!!31 27 9 56 5 16 17 33 21 19 18 AQUIIII!!53 7 23 54 44 55 21 8 18 
23 56 22 53 19 5 10 27 17 54 55 6 
AQUIIII!!13 23 8 0 33 52 40 5 15 16 1 26 56 54 9 55 
AQUIIII!!8 53 55 5 17 10 AQUIIII!!27 22 13 44 23 56 7 8 23 0 54 19 33 21 52 18 
40 5 15 16 1 26 56 54 9 55 
AQUIIII!!55 53 8 56 27 5 19 22 44 23 54 18 21 10 17 9 
AQUIIII!!55 6 7 18 19 27 44 54 22 23 17 10 4 53 21 3 
AQUIIII!!8 55 54 53 5 10 AQUIIII!!19 6 22 54 9 55 21 18 44 10 18 27 17 21 56 22 23 53 27 17 
44 4 3 19 7 23 
AQUIIII!!53 21 8 54 55 23 44 18 9 10 19 5 56 22 17 27 
AQUIIII!!27 18 17 22 23 5 10 44 19 21 53 7 55 6 56 54 
AQUIIII!!27 18 17 22 23 AQUIIII!!5 19 10 44 44 17 19 21 21 22 53 AQUIIII!!5 55 7 56 55 8 8 6 1 10 11 56 18 40 54 9 23 
56 55 AQUIIII!!15 53 52 33 7 16 5 5 54 19 52 27 23 13 
9 0 26 16 35 56 
21 40 15 33 55 8 53 26 54 
AQUIIII!!23 9 18 19 AQUIIII!!27 33 55 16 23 8 56 31 21 5 40 52 52 21 15 56 33 54 0 5 53 8 55 26 
16 54 9 53 
AQUIIII!!53 55 7 10 6 23 22 17 19 3 18 44 54 4 27 21 
AQUIIII!!55 9 44 21 8 17 5 19 18 23 53 54 56 27 22 10 
AQUIIII!!53 9 55 54 33 15 1 40 23 16 5 56 26 AQUIIII!!0 21 52 53 8 54 
55 8 56 9 52 23 40 5 26 16 33 0 15 
AQUIIII!!27 31 56 16 5 8 55 18 53 19 52 23 21 33 9 54 
AQUIIII!!44 54 23 53 22 17 19 6 10 5 27 18 56 21 55 7 
AQUIIII!!8 21 44 22 18 5 17 27 19 23 10 56 53 54 55 9 
AQUIIII!!8 21 44 22 18 5 17 27 AQUIIII!!19 1 23 8 10 52 56 AQUIIII!!53 40 56 54 53 55 55 53 16 7 9 0 22 
6 26 18 23 23 4 33 44 15 10 17 56 19 54 5 27 55 21 54 
9 
AQUIIII!!54 52 55 23 53 9 15 40 8 56 5 33 21 26 16 0 
AQUIIII!!55 53 54 56 44 10 17 21 22 27 6 23 7 19 5 18 
AQUIIII!!8 55 54 53 5 10 19 22 9 AQUIIII!!21 9 44 55 18 54 17 23 56 17 23 44 27 10 
56 19 22 53 5 21 27 18 8 
AQUIIII!!23 40 56 33 52 19 16 26 15 55 54 8 9 21 53 5 
AQUIIII!!7 53 27 18 44 5 55 AQUIIII!!17 53 8 22 19 54 21 7 23 55 54 56 56 5 22 10 6 
23 17 18 21 27 44 19 10 
AQUIIII!!55 8 53 54 15 40 5 23 52 9 33 0 16 26 56 21 
AQUIIII!!22 3 53 23 44 18 19 AQUIIII!!54 27 52 55 17 15 21 23 55 5 56 10 16 7 33 4 19 8 54 26 6 21 
9 53 40 
AQUIIII!!54 8 19 56 15 55 26 53 21 16 5 52 40 23 33 9 
AQUIIII!!23 21 56 18 17 9 16 5 19 31 8 27 55 54 33 53 
AQUIIII!!54 52 55 23 53 9 15 40 8 56 5 33 21 26 16 0 
AQUIIII!!31 18 23 33 27 16 56 19 17 8 21 AQUIIII!!5 19 53 AQUIIII!!54 44 55 55 21 8 9 
18 53 54 22 15 6 40 17 5 23 54 52 10 9 23 33 3 0 AQUIIII!!27 16 31 26 4 18 56 23 2 33 21 53 27 
16 7 56 19 
17 8 21 5 53 54 55 9 
AQUIIII!!31 18 23 33 27 16 56 19 17 8 21 5 53 54 55 9 
AQUIIII!!AQUIIII!!54 55 6 55 54 53 8 44 17 21 10 56 44 27 27 18 19 7 22 5 22 5 19 53 23 21 10 23 17 18 
56 9 
AQUIIII!!52 54 9 40 56 0 26 23 33 53 5 1 16 15 55 8 
AQUIIII!!55 54 5 52 21 8 33 53 16 18 9 56 27 31 19 23 
AQUIIII!!9 56 40 21 8 0 16 15 23 33 5 55 54 52 26 53 
AQUIIII!!16 23 40 56 5 53 8 15 54 33 21 19 52 26 55 9 
AQUIIII!!21 23 22 44 17 27 56 7 5 53 19 10 18 8 55 54 
AQUIIII!!21 23 22 44 17 27 56 7 5 AQUIIII!!53 56 19 10 9 18 21 8 23 55 53 54 
54 55 52 5 19 18 33 16 8 27 31 
AQUIIII!!9 0 56 5 26 33 23 16 15 55 40 8 21 53 52 54 
AQUIIII!!8 55 53 16 5 18 31 54 9 33 27 56 21 23 19 52 
AQUIIII!!53 55 7 5 44 27 6 21 54 22 56 10 18 23 19 17 
AQUIIII!!55 22 19 3 17 18 21 23 10 4 44 7 27 54 6 53 
AQUIIII!!55 22 19 3 17 18 21 23 10 4 44 7 27 54 6 53 
AQUIIII!!9 54 8 5 27 33 18 53 52 21 19 56 55 23 16 31 
AQUIIII!!5 21 55 44 27 10 19 8 23 18 17 56 22 54 AQUIIII!!53 55 7 53 
8 5 56 16 15 1 0 33 40 9 26 23 52 54 
AQUIIII!!8 55 33 1 5 9 26 23 54 15 52 16 AQUIIII!!0 7 56 6 53 53 40 55 
10 17 18 AQUIIII!!4 23 27 17 33 54 27 23 16 3 8 19 31 18 22 56 21 55 44 19 
5 21 54 9 53 
AQUIIII!!53 55 7 5 44 27 6 21 54 22 56 10 18 23 19 17 
AQUIIII!!7 44 27 21 17 18 3 19 6 10 22 4 54 53 23 55 
AQUIIII!!56 17 21 10 27 44 23 55 18 8 22 19 5 54 7 53 
AQUIIII!!55 9 23 22 10 18 53 8 27 5 56 19 44 21 17 54 
AQUIIII!!8 55 53 16 5 18 31 54 9 33 27 56 21 23 19 52 
AQUIIII!!55 6 21 56 53 19 44 27 23 22 7 54 10 4 18 17 
AQUIIII!!1 33 15 56 40 16 5 0 13 8 26 23 52 54 9 55 
AQUIIII!!1 33 15 56 40 16 5 0 13 8 26 23 52 54 9 55 
AQUIIII!!31 16 52 18 23 55 27 9 19 33 5 21 8 53 56 54 
AQUIIII!!8 55 53 27 9 10 17 18 22 19 21 54 56 5 44 23 
AQUIIII!!55 8 53 54 15 40 5 23 52 9 33 0 16 26 56 21 
AQUIIII!!16 15 21 0 33 54 9 56 23 52 5 26 55 40 53 8 
AQUIIII!!54 7 55 56 27 5 23 AQUIIII!!8 19 54 21 21 18 44 55 53 53 10 10 19 18 27 9 22 17 56 17 23 6 5 22 
44 
AQUIIII!!33 9 18 31 16 56 5 23 8 54 21 19 27 53 52 55 
AQUIIII!!5 53 55 54 56 31 33 19 21 27 17 8 16 23 9 18 
AQUIIII!!9 53 55 16 19 56 31 17 27 21 54 18 33 23 8 5 
AQUIIII!!53 8 18 7 21 44 10 17 27 5 23 19 55 54 22 56 
AQUIIII!!54 6 17 18 44 27 55 10 4 21 22 7 19 53 23 3 
AQUIIII!!44 6 17 19 10 18 22 23 27 56 7 53 5 21 55 54 
AQUIIII!!56 5 23 21 33 15 16 26 53 52 40 9 19 8 54 55 
AQUIIII!!56 21 53 54 9 52 26 5 16 55 33 23 15 19 40 8 
AQUIIII!!27 18 6 17 19 5 23 22 10 54 44 56 53 21 55 7 
AQUIIII!!9 54 0 33 55 40 23 15 5 53 16 1 26 52 8 56 
AQUIIII!!55 8 53 54 15 40 5 23 52 9 33 0 16 26 56 21 
AQUIIII!!54 9 8 1 55 40 13 0 26 15 AQUIIII!!52 7 23 55 5 56 53 16 44 33 27 
23 6 22 18 21 3 19 10 17 4 54 
AQUIIII!!33 9 16 56 27 21 18 17 19 23 31 8 54 55 5 53 
AQUIIII!!6 18 22 19 56 23 21 27 53 44 17 4 10 54 7 55 
AQUIIII!!9 55 54 23 17 44 10 56 19 22 53 5 21 27 18 8 
AQUIIII!!8 54 55 17 19 27 7 44 10 53 23 5 22 18 56 21 
AQUIIII!!7 44 56 55 23 18 22 17 53 27 4 10 19 21 6 54 
AQUIIII!!56 21 8 55 19 23 9 5 16 33 15 26 52 54 40 53 
Number of Cuts in the second phase:2905
Number of repeat: 2720 
Violation: 967.000000
Violation: 629.000000
Violation: 626.000000
Violation: 738.000000
Violation: 1384.000000
Violation: 731.000000
Violation: 733.000000
Violation: 718.000000
Violation: 683.000000
Violation: 738.000000
Violation: 1623.000000
Violation: 381.000000
Violation: 2109.000000
Violation: 96.000000
Violation: 121.000000
Violation: 352.000000
Violation: 1121.000000
Violation: 596.000000
Violation: 512.000000
Violation: 1917.000000
Violation: 432.000000
Violation: 955.000000
Violation: 936.000000
Violation: 1109.000000
Violation: 9.000000
Violation: 1429.000000
Violation: 340.000000
Violation: 1055.000000
Violation: 1113.000000
Violation: 1281.000000
Violation: 1204.000000
Violation: 224.000000
Violation: 1354.000000
Violation: 1456.000000
Violation: 746.000000
Violation: 632.000000
Violation: 259.000000
Violation: 106.000000
Violation: 479.000000
Violation: 463.000000
Violation: 559.000000
Violation: 635.000000
Violation: 234.000000
Violation: 872.000000
Violation: 1121.000000
Violation: 9.000000
Violation: 826.000000
Violation: 667.000000
Violation: 253.000000
Violation: 894.000000
Violation: 675.000000
Violation: 1394.000000
Violation: 620.000000
Violation: 838.000000
Violation: 498.000000
Violation: 1135.000000
Violation: 975.000000
Violation: 622.000000
Violation: 1434.000000
Violation: 613.000000
Violation: 1510.000000
Violation: 200.000000
Violation: 137.000000
Violation: 211.000000
Violation: 617.000000
Violation: 952.000000
Violation: 153.000000
Violation: 247.000000
Violation: 867.000000
Violation: 611.000000
Violation: 767.000000
Violation: 1234.000000
Violation: 1735.000000
Violation: 317.000000
Violation: 1006.000000
Violation: 857.000000
Violation: 1164.000000
Violation: 851.000000
Violation: 259.000000
Violation: 277.000000
Violation: 47.000000
Violation: 319.000000
Violation: 259.000000
Violation: 369.000000
Violation: 514.000000
Violation: 506.000000
Violation: 510.000000
Violation: 125.000000
Violation: 813.000000
Violation: 534.000000
Violation: 455.000000
Violation: 1219.000000
Violation: 217.000000
Violation: 669.000000
Violation: 368.000000
Violation: 744.000000
Violation: 300.000000
Violation: 611.000000
Violation: 696.000000
Violation: 581.000000
Violation: 574.000000
Violation: 358.000000
Violation: 438.000000
Violation: 914.000000
Violation: 609.000000
Violation: 868.000000
Violation: 710.000000
Violation: 532.000000
Violation: 997.000000
Violation: 206.000000
Violation: 650.000000
Violation: 1242.000000
Violation: 344.000000
Violation: 40.000000
Violation: 496.000000
Violation: 627.000000
Violation: 306.000000
Violation: 957.000000
Violation: 123.000000
Violation: 549.000000
Violation: 451.000000
Violation: 330.000000
Violation: 543.000000
Violation: 959.000000
Violation: 467.000000
Violation: 354.000000
Violation: 371.000000
Violation: 109.000000
Violation: 139.000000
Violation: 559.000000
Violation: 745.000000
Violation: 135.000000
Violation: 1184.000000
Violation: 869.000000
Violation: 1128.000000
Violation: 1159.000000
Violation: 748.000000
Violation: 136.000000
Violation: 605.000000
Violation: 597.000000
Violation: 422.000000
Violation: 617.000000
Violation: 2133.000000
Violation: 710.000000
Violation: 46.000000
Violation: 524.000000
Violation: 872.000000
Violation: 831.000000
Violation: 522.000000
Violation: 168.000000
Violation: 675.000000
Violation: 988.000000
Violation: 173.000000
Violation: 1060.000000
Violation: 68.000000
Violation: 857.000000
Violation: 10.000000
Violation: 641.000000
Violation: 445.000000
Violation: 131.000000
Violation: 1996.000000
Violation: 1200.000000
Violation: 309.000000
Violation: 573.000000
Violation: 136.000000
Violation: 2109.000000
Violation: 462.000000
Violation: 350.000000
Violation: 1057.000000
Violation: 808.000000
Violation: 118.000000
Violation: 749.000000
Violation: 559.000000
Violation: 1479.000000
Violation: 1203.000000
Violation: 893.000000
Violation: 1484.000000
Violation: 1390.000000
Violation: 852.000000
Violation: 569.000000
Violation: 682.000000
Violation: 1141.000000
Violation: 392.000000
Violation: 606.000000
Violation: 343.000000
816 16
AQUIIII!!55 8 23 19 54 22 18 9 44 5 27 21 17 10 56 53 
AQUIIII!!8 23 18 16 19 21 27 54 33 31 56 55 5 17 53 9 
AQUIIII!!9 56 53 55 23 19 27 8 17 18 16 33 5 31 21 54 
AQUIIII!!21 53 54 55 27 17 7 18 19 4 56 10 22 44 23 6 
AQUIIII!!52 56 31 27 19 33 16 18 8 55 23 5 21 9 54 53 
AQUIIII!!40 19 23 33 15 56 8 16 52 21 26 9 55 53 54 5 
AQUIIII!!52 54 53 23 33 9 55 40 19 26 15 56 AQUIIII!!21 55 8 8 16 23 5 16 
5 15 21 54 40 26 33 53 56 9 52 0 
AQUIIII!!21 44 10 6 17 7 27 19 22 3 4 23 18 55 53 54 
AQUIIII!!55 8 26 40 15 1 23 56 54 33 16 52 0 5 9 53 
AQUIIII!!56 23 15 54 9 0 16 1 8 53 55 33 5 40 52 26 
AQUIIII!!44 18 10 22 3 19 53 27 7 4 21 23 17 55 54 6 
AQUIIII!!54 53 8 44 19 5 9 23 22 27 10 17 56 18 21 55 
AQUIIII!!3 55 44 19 10 17 21 27 4 18 6 23 22 54 7 53 
AQUIIII!!3 55 44 19 10 17 21 27 4 18 6 23 22 54 7 53 
AQUIIII!!10 18 5 44 56 7 23 21 27 19 17 6 53 55 54 22 
AQUIIII!!10 18 5 44 56 7 23 21 27 19 17 6 53 55 54 22 
Number of Cuts in the second phase:295
Number of repeat: 276 
Violation: 248.000000
Violation: 732.000000
Violation: 540.000000
Violation: 928.000000
Violation: 1171.000000
Violation: 1479.000000
Violation: 1255.000000
Violation: 490.000000
Violation: 1384.000000
Violation: 105.000000
Violation: 530.000000
Violation: 652.000000
Violation: 1510.000000
Violation: 1052.000000
Violation: 672.000000
Violation: 11.000000
Violation: 413.000000
Violation: 534.000000
Violation: 616.000000
took 5.502274
Optimize a model with 923 rows, 906 columns and 12392 nonzeros
Coefficient statistics:
  Matrix range     [1e+00, 4e+01]
  Objective range  [0e+00, 0e+00]
  Bounds range     [1e+00, 4e+01]
  RHS range        [1e+00, 1e+02]
Presolve removed 682 rows and 110 columns
Presolve time: 0.00s
Presolved: 241 rows, 796 columns, 8441 nonzeros

Iteration    Objective       Primal Inf.    Dual Inf.      Time
       0    0.0000000e+00   4.395544e+01   0.000000e+00      0s
     125    0.0000000e+00   0.000000e+00   0.000000e+00      0s

Solved in 125 iterations and 0.01 seconds
Optimal objective  0.000000000e+00
