A-4.txt_s3.txt
Academic license - for non-commercial use only
Read LP format model from file lp/A-4.txt.lp
Reading time = 0.05 seconds
: 961 rows, 10797 columns, 131727 nonzeros
OKGPU
nThreads: 1024 , nBlocks: 12 
Number cuts generated in the phase 1: 13
Number of repeat: 0 
violation 43.000000
violation 30.000000
violation 10.000000
violation 13.000000
violation 13.000000
violation 198.000000
violation 56.000000
violation 306.000000
violation 785.000000
violation 576.000000
violation 27.000000
violation 714.000000
violation 774.000000
8592 8
AQUIIII!!AQUIIII!!151 151 87 13 5 93 7 95 94 21 21 150 68 83 93 100 

AQUIIII!!93 5 21 94 7 68 87 151 
AQUIIII!!21 150 100 83 95 5 93 151 AQUIIII!!
5 87 94 68 AQUIIII!!93 AQUIIII!!95 7 154 154 21 93 95 83 151 150 100 
83 150 13 100 13 151 93 
151 
AQUIIII!!21 150 95 100 93 AQUIIII!!5 21 83 100 151 83 5 
95 93 150 AQUIIII!!151 
94 87 5 93 21 AQUIIII!!68 5 7 93 151 94 
87 AQUIIII!!21 83 95 68 13 7 150 151 100 
93 21 151 AQUIIII!!
95 100 93 150 AQUIIII!!154 13 13 93 83 95 151 100 
150 AQUIIII!!83 7 151 AQUIIII!!68 21 21 21 
150 AQUIIII!!5 100 93 93 95 13 87 AQUIIII!!83 100 94 94 151 13 95 93 AQUIIII!!
150 93 21 94 154 151 87 87 5 
83 7 68 151 AQUIIII!!5 7 151 
151 7 21 21 
68 68 94 93 5 151 93 87 

AQUIIII!!83 95 5 21 100 93 150 151 AQUIIII!!
83 150 95 13 21 93 100 151 
AQUIIII!!151 95 93 83 21 100 150 AQUIIII!!5 151 
7 21 87 93 5 94 AQUIIII!!68 151 
150 95 83 100 93 21 5 
AQUIIII!!21 151 93 100 83 95 150 5 
AQUIIII!!21 151 93 150 100 13 95 83 
AQUIIII!!95 83 150 93 13 100 151 154 
AQUIIII!!83 150 93 5 21 95 100 151 
AQUIIII!!21 100 93 150 83 95 5 151 
AQUIIII!!95 93 150 AQUIIII!!83 7 21 5 100 93 5 87 151 68 
21 94 151 
AQUIIII!!13 83 21 100 95 150 AQUIIII!!93 93 151 95 
13 150 100 21 83 AQUIIII!!13 151 
150 100 93 95 83 151 154 
AQUIIII!!83 AQUIIII!!21 5 150 93 5 100 93 AQUIIII!!95 151 100 100 83 93 95 150 150 151 95 21 154 
13 151 83 

AQUIIII!!21 93 95 83 100 150 5 151 
AQUIIII!!13 150 95 100 83 154 93 151 
AQUIIII!!93 100 5 83 95 150 151 21 
AQUIIII!!93 7 94 68 5 21 87 151 
AQUIIII!!151 AQUIIII!!93 151 13 93 95 100 83 150 5 154 100 150 83 21 95 

AQUIIII!!100 93 150 21 13 83 95 151 
AQUIIII!!151 100 95 93 83 5 150 21 
AQUIIII!!21 95 100 83 93 5 150 151 
AQUIIII!!93 154 95 83 13 150 100 151 AQUIIII!!
83 95 93 100 5 150 21 151 
AQUIIII!!151 93 13 83 95 154 100 150 
AQUIIII!!150 5 83 21 95 93 100 151 
AQUIIII!!83 95 AQUIIII!!13 87 100 68 150 93 93 94 154 7 151 5 
21 151 
AQUIIII!!87 7 94 93 21 5 68 151 
AQUIIII!!151 21 93 150 13 100 83 95 
AQUIIII!!154 93 13 83 100 95 150 151 
AQUIIII!!151 13 83 150 154 100 93 95 
AQUIIII!!151 87 68 5 93 94 21 7 
AQUIIII!!100 95 83 150 21 5 93 151 
AQUIIII!!151 95 13 83 100 93 150 154 
AQUIIII!!93 5 150 100 83 95 21 151 
AQUIIII!!93 5 150 100 83 95 21 151 
AQUIIII!!151 93 94 87 5 7 68 21 
AQUIIII!!100 13 150 83 93 AQUIIII!!21 83 95 95 151 100 
93 13 150 154 151 
AQUIIII!!100 95 93 83 150 21 5 151 
AQUIIII!!94 5 93 68 7 21 87 151 
AQUIIII!!21 95 150 100 83 93 5 AQUIIII!!151 151 
100 95 93 13 21 150 83 
AQUIIII!!150 93 95 21 13 83 100 AQUIIII!!21 151 5 
7 68 87 94 93 151 
AQUIIII!!68 7 93 5 94 21 87 151 
AQUIIII!!151 150 13 154 100 AQUIIII!!93 95 83 5 95 21 
100 150 93 83 151 
AQUIIII!!21 150 100 95 5 93 83 151 
AQUIIII!!151 13 93 100 AQUIIII!!150 95 83 93 95 100 154 83 
21 150 5 151 
AQUIIII!!7 68 87 5 21 94 93 151 
AQUIIII!!83 13 95 150 154 100 93 151 
AQUIIII!!21 5 100 95 93 83 150 151 
AQUIIII!!151 150 100 13 83 95 154 93 
AQUIIII!!AQUIIII!!87 93 7 100 21 94 150 93 13 21 95 68 83 5 151 151 

AQUIIII!!151 21 100 13 83 AQUIIII!!150 21 95 5 93 95 
93 150 100 83 151 
AQUIIII!!93 100 83 13 150 95 21 151 
AQUIIII!!150 83 93 95 13 100 21 151 
AQUIIII!!151 150 5 95 21 93 83 100 
AQUIIII!!151 68 5 93 7 94 87 21 
AQUIIII!!87 94 21 5 68 7 93 151 
AQUIIII!!5 150 21 95 83 100 93 151 
AQUIIII!!21 151 95 150 83 100 5 93 
AQUIIII!!93 83 150 21 100 95 5 151 
AQUIIII!!151 21 150 AQUIIII!!100 151 13 95 83 21 95 5 93 93 
83 100 150 
AQUIIII!!93 83 100 95 21 13 150 151 
AQUIIII!!151 95 150 5 93 21 83 100 
AQUIIII!!151 100 21 95 83 93 5 150 
AQUIIII!!151 93 83 150 95 100 154 13 
AQUIIII!!151 7 21 68 87 5 94 93 
AQUIIII!!151 13 83 93 95 154 100 150 
AQUIIII!!151 87 68 94 7 93 5 21 
AQUIIII!!151 94 93 5 87 7 21 68 
AQUIIII!!21 151 94 7 93 68 5 87 
AQUIIII!!151 68 7 21 94 5 87 93 
AQUIIII!!151 100 83 13 95 93 21 150 
AQUIIII!!95 5 21 150 93 100 83 151 
AQUIIII!!151 21 93 68 94 AQUIIII!!5 151 87 100 7 95 
21 93 83 5 150 
AQUIIII!!151 154 150 93 95 13 100 83 
AQUIIII!!151 154 150 93 95 13 100 83 
AQUIIII!!151 94 21 5 93 7 87 68 
AQUIIII!!151 154 83 13 150 95 93 100 
AQUIIII!!154 151 13 93 83 150 100 95 
AQUIIII!!151 93 150 154 95 13 83 100 
AQUIIII!!151 95 13 93 154 83 100 150 
AQUIIII!!151 100 150 21 93 13 83 95 
AQUIIII!!151 95 93 83 154 100 150 13 
AQUIIII!!151 150 93 100 21 95 83 13 
AQUIIII!!21 95 13 83 93 150 100 151 
AQUIIII!!5 100 21 93 95 83 150 151 
AQUIIII!!151 93 100 95 154 13 83 150 
AQUIIII!!93 95 83 150 100 21 13 151 
AQUIIII!!151 100 95 150 13 154 93 83 
AQUIIII!!21 7 93 68 94 5 87 151 
AQUIIII!!151 95 100 154 83 93 150 13 
AQUIIII!!151 154 13 100 93 95 150 83 
AQUIIII!!151 13 83 150 100 95 93 154 
AQUIIII!!151 154 13 100 93 95 150 83 
AQUIIII!!151 150 83 93 95 5 21 100 
AQUIIII!!151 93 154 95 100 83 150 13 
AQUIIII!!151 150 100 93 83 154 13 95 
AQUIIII!!21 151 87 7 68 5 93 94 
AQUIIII!!151 21 93 68 94 5 87 7 
AQUIIII!!151 95 150 13 100 93 83 154 
AQUIIII!!151 93 83 100 95 150 13 154 
Number of Cuts in the second phase:2788
Number of repeat: 2714 
Violation: 451.000000
Violation: 560.000000
Violation: 380.000000
Violation: 384.000000
Violation: 417.000000
Violation: 119.000000
Violation: 346.000000
Violation: 1564.000000
Violation: 34.000000
Violation: 595.000000
Violation: 374.000000
Violation: 190.000000
Violation: 77.000000
Violation: 214.000000
Violation: 634.000000
Violation: 145.000000
Violation: 226.000000
Violation: 428.000000
Violation: 192.000000
Violation: 46.000000
Violation: 1190.000000
Violation: 244.000000
Violation: 856.000000
Violation: 532.000000
Violation: 642.000000
Violation: 456.000000
Violation: 309.000000
Violation: 37.000000
Violation: 132.000000
Violation: 680.000000
Violation: 80.000000
Violation: 111.000000
Violation: 570.000000
Violation: 758.000000
Violation: 919.000000
Violation: 37.000000
Violation: 4.000000
Violation: 50.000000
Violation: 110.000000
Violation: 365.000000
Violation: 250.000000
Violation: 340.000000
Violation: 629.000000
Violation: 1355.000000
Violation: 541.000000
Violation: 219.000000
Violation: 640.000000
Violation: 386.000000
Violation: 59.000000
Violation: 104.000000
Violation: 149.000000
Violation: 157.000000
Violation: 1165.000000
Violation: 115.000000
Violation: 344.000000
Violation: 181.000000
Violation: 18.000000
Violation: 299.000000
Violation: 975.000000
Violation: 130.000000
Violation: 126.000000
Violation: 1.000000
Violation: 564.000000
Violation: 167.000000
Violation: 171.000000
Violation: 63.000000
Violation: 133.000000
Violation: 294.000000
Violation: 128.000000
Violation: 144.000000
Violation: 305.000000
Violation: 291.000000
Violation: 929.000000
Violation: 151.000000
8592 8
AQUIIII!!151 87 68 21 7 94 93 5 
AQUIIII!!AQUIIII!!151 151 150 21 95 95 93 83 83 100 100 93 13 21 13 
150 
AQUIIII!!151 100 93 95 21 150 83 5 
AQUIIII!!69 5 7 AQUIIII!!92 94 AQUIIII!!68 100 68 21 21 93 5 87 83 87 93 95 151 7 151 150 

13 151 154 
AQUIIII!!5 21 68 7 94 AQUIIII!!87 100 93 150 151 93 
13 154 AQUIIII!!83 93 95 151 150 
83 95 100 13 154 AQUIIII!!151 95 
13 93 83 150 100 AQUIIII!!154 150 151 AQUIIII!!
13 100 93 21 83 150 95 93 100 95 83 21 5 AQUIIII!!151 151 21 
AQUIIII!!5 
83 93 68 100 87 21 94 95 7 151 93 
150 13 151 AQUIIII!!
150 154 93 13 100 83 95 151 
AQUIIII!!83 AQUIIII!!13 150 AQUIIII!!93 AQUIIII!!95 13 95 150 93 100 150 100 150 83 13 AQUIIII!!95 93 21 100 150 95 100 151 93 21 95 
5 83 93 151 83 151 
83 151 AQUIIII!!154 100 94 21 
13 
5 21 87 151 7 
93 21 68 151 
AQUIIII!!100 93 83 AQUIIII!!21 AQUIIII!!83 93 95 95 100 150 93 95 13 154 21 100 151 AQUIIII!!150 150 AQUIIII!!
95 13 5 151 100 151 93 83 
21 13 151 93 83 
83 150 5 95 150 21 151 100 

AQUIIII!!83 150 93 100 95 154 13 151 
AQUIIII!!151 154 93 83 100 13 150 95 
AQUIIII!!151 5 95 93 21 150 83 100 
AQUIIII!!154 150 83 93 13 100 95 151 
AQUIIII!!93 87 7 21 5 68 94 151 
AQUIIII!!94 7 21 68 93 AQUIIII!!87 5 5 151 83 
95 150 93 100 21 151 
AQUIIII!!100 83 13 95 93 150 154 151 
AQUIIII!!100 95 83 150 AQUIIII!!13 150 93 100 154 13 151 83 
95 93 151 21 
AQUIIII!!94 87 AQUIIII!!7 93 AQUIIII!!93 150 7 21 95 87 5 13 21 68 21 94 151 83 
5 100 151 68 
93 151 AQUIIII!!
100 95 13 150 83 21 93 151 
AQUIIII!!AQUIIII!!13 150 83 95 AQUIIII!!93 83 21 AQUIIII!!5 21 93 21 151 93 5 95 21 100 95 7 100 150 100 151 94 151 150 AQUIIII!!

87 83 100 93 151 13 
68 21 5 93 
95 150 83 151 AQUIIII!!151 
AQUIIII!!68 5 151 93 150 94 93 87 21 95 7 100 
83 21 13 
AQUIIII!!68 AQUIIII!!AQUIIII!!87 95 13 94 150 5 7 21 95 5 150 83 93 21 93 100 93 21 83 100 151 151 
151 

AQUIIII!!151 150 100 95 5 93 83 21 
AQUIIII!!5 93 21 150 AQUIIII!!100 150 83 95 93 151 100 
83 21 5 95 151 AQUIIII!!
151 95 93 150 100 AQUIIII!!83 151 5 100 AQUIIII!!150 21 150 21 
95 93 83 83 95 93 13 21 
13 100 151 
AQUIIII!!87 21 7 94 93 5 68 151 
AQUIIII!!13 83 154 95 100 150 93 151 
AQUIIII!!151 83 95 150 93 21 13 100 
AQUIIII!!151 150 83 95 21 100 93 13 
AQUIIII!!5 94 93 21 87 68 7 151 
AQUIIII!!151 13 21 95 83 150 100 93 
AQUIIII!!151 93 5 7 87 94 21 68 
AQUIIII!!151 5 AQUIIII!!21 151 95 13 93 100 150 150 100 95 AQUIIII!!83 83 93 
21 7 93 87 21 
5 94 68 151 
AQUIIII!!21 83 150 95 93 13 100 151 
AQUIIII!!151 150 83 95 21 93 5 AQUIIII!!151 100 100 
13 154 83 150 95 93 
AQUIIII!!150 13 95 83 154 100 93 151 
AQUIIII!!68 5 21 93 87 7 94 151 
AQUIIII!!AQUIIII!!150 21 5 95 93 83 83 100 100 93 95 13 21 150 151 151 

AQUIIII!!5 94 AQUIIII!!87 83 21 13 7 68 93 93 150 151 100 
95 151 21 
AQUIIII!!13 100 83 95 93 150 154 151 
AQUIIII!!95 154 150 100 13 93 83 151 
AQUIIII!!151 7 AQUIIII!!5 151 93 21 21 5 68 83 94 93 150 87 
100 95 
AQUIIII!!21 151 5 68 7 94 93 87 
AQUIIII!!151 21 AQUIIII!!95 151 100 21 13 83 13 150 150 93 83 
100 95 93 
AQUIIII!!151 5 95 83 150 21 93 100 AQUIIII!!
151 93 5 150 100 21 83 95 
AQUIIII!!150 83 93 13 100 95 154 151 
AQUIIII!!5 68 87 21 93 94 7 151 
AQUIIII!!151 13 95 150 100 154 83 93 
AQUIIII!!21 5 93 83 95 150 100 151 
AQUIIII!!93 154 100 150 13 95 83 AQUIIII!!151 151 
13 150 154 93 100 95 83 
AQUIIII!!151 83 95 100 150 21 13 93 
AQUIIII!!94 68 21 93 87 5 7 151 
AQUIIII!!151 21 5 83 93 150 100 95 
AQUIIII!!93 83 13 95 150 100 154 151 
AQUIIII!!100 93 21 95 13 150 83 151 
AQUIIII!!150 5 93 100 AQUIIII!!83 7 95 94 151 21 21 93 
87 68 5 151 
AQUIIII!!21 83 5 100 150 95 93 151 
AQUIIII!!154 151 95 83 100 150 93 13 
AQUIIII!!100 95 150 83 93 21 13 151 
AQUIIII!!13 95 150 100 83 93 21 151 
AQUIIII!!13 95 150 100 83 93 21 151 
AQUIIII!!94 7 68 21 93 5 87 151 
AQUIIII!!151 100 95 150 154 13 83 93 
AQUIIII!!93 13 83 150 100 21 95 151 
AQUIIII!!151 5 21 93 7 68 94 87 
AQUIIII!!83 13 100 93 95 150 21 151 
AQUIIII!!151 100 150 13 154 93 83 95 
AQUIIII!!21 93 100 150 95 83 5 151 
AQUIIII!!151 94 7 93 21 87 68 5 
AQUIIII!!151 7 87 5 21 68 94 93 
AQUIIII!!100 154 13 83 150 95 93 151 
AQUIIII!!151 100 150 93 154 95 83 13 
AQUIIII!!151 13 150 93 100 95 21 83 
AQUIIII!!151 83 95 154 150 93 13 100 
AQUIIII!!151 150 93 83 95 5 100 21 
AQUIIII!!151 83 13 100 150 95 21 93 
AQUIIII!!151 93 95 83 150 100 21 13 
AQUIIII!!151 95 13 93 83 21 150 100 
AQUIIII!!21 151 93 150 100 5 95 83 
AQUIIII!!151 150 21 95 83 100 13 93 
AQUIIII!!151 154 93 83 100 13 150 95 
AQUIIII!!151 150 21 13 93 95 100 83 
AQUIIII!!151 150 60 45 44 61 13 154 
AQUIIII!!151 68 7 21 5 87 94 93 
AQUIIII!!151 93 150 100 13 95 21 83 
AQUIIII!!151 93 83 21 13 95 150 100 
AQUIIII!!151 83 100 93 150 95 21 5 
AQUIIII!!151 13 100 154 150 95 83 93 
AQUIIII!!151 95 150 100 21 5 93 83 
AQUIIII!!151 95 5 93 100 83 150 21 
Number of Cuts in the second phase:2856
Number of repeat: 2847 
Violation: 382.000000
Violation: 760.000000
Violation: 345.000000
Violation: 524.000000
Violation: 13.000000
Violation: 328.000000
Violation: 86.000000
Violation: 69.000000
Violation: 67.000000
2808 8
AQUIIII!!151 150 5 95 21 93 100 83 
AQUIIII!!13 100 150 93 83 95 21 151 
AQUIIII!!150 83 13 93 21 95 100 151 
AQUIIII!!94 93 7 5 68 87 21 151 
AQUIIII!!94 93 7 AQUIIII!!5 93 68 150 87 95 21 AQUIIII!!100 151 100 21 
93 13 83 83 95 151 21 
150 13 151 
AQUIIII!!13 95 AQUIIII!!93 93 100 150 154 5 83 95 150 83 151 AQUIIII!!100 
21 21 94 151 68 
87 7 5 93 151 
AQUIIII!!5 93 100 21 95 150 83 151 
AQUIIII!!100 150 13 154 95 83 93 151 
AQUIIII!!150 93 100 83 AQUIIII!!21 83 13 93 95 100 151 150 
13 154 95 151 
AQUIIII!!151 150 13 93 83 21 100 95 
AQUIIII!!7 21 87 68 94 93 5 151 
AQUIIII!!21 93 68 94 87 5 7 151 
AQUIIII!!150 5 93 95 100 21 83 151 
AQUIIII!!93 100 5 83 150 95 151 21 
AQUIIII!!13 154 100 95 150 83 93 151 
AQUIIII!!5 93 83 150 95 21 100 151 
AQUIIII!!21 5 150 100 83 95 93 151 
AQUIIII!!151 83 13 93 100 95 154 150 
AQUIIII!!151 5 150 100 95 21 83 93 
AQUIIII!!94 87 93 5 AQUIIII!!21 150 68 93 7 83 151 AQUIIII!!13 
151 100 13 154 154 95 83 151 95 
150 93 100 
AQUIIII!!150 95 13 21 83 93 100 151 
AQUIIII!!13 83 21 95 150 93 100 151 
AQUIIII!!21 151 93 13 95 83 100 150 AQUIIII!!
95 150 13 21 93 83 100 151 
AQUIIII!!150 13 83 100 95 93 154 151 
AQUIIII!!95 150 21 100 93 83 5 151 
AQUIIII!!151 83 93 5 100 21 95 150 
AQUIIII!!151 21 5 100 93 95 83 150 
AQUIIII!!151 94 21 93 5 7 87 68 
AQUIIII!!151 5 68 21 94 87 7 93 
AQUIIII!!151 93 95 154 100 150 13 83 
AQUIIII!!151 93 100 95 83 5 150 21 
AQUIIII!!151 13 100 154 93 95 150 83 
AQUIIII!!151 100 95 150 83 93 13 21 
AQUIIII!!13 83 100 150 95 93 151 154 
AQUIIII!!151 100 83 154 13 93 95 150 
AQUIIII!!151 93 100 150 5 21 95 83 
Number of Cuts in the second phase:937
Number of repeat: 937 
took 11.459299
Optimize a model with 1118 rows, 10797 columns and 132639 nonzeros
Coefficient statistics:
  Matrix range     [1e-05, 9e+01]
  Objective range  [0e+00, 0e+00]
  Bounds range     [1e+00, 2e+09]
  RHS range        [1e+00, 6e+01]
Warning: Model contains large bounds
         Consider reformulating model or setting NumericFocus parameter
         to avoid numerical issues.

Concurrent LP optimizer: dual simplex and barrier
Showing barrier log only...

Presolve removed 160 rows and 420 columns
Presolve time: 0.04s
Presolved: 958 rows, 10377 columns, 125125 nonzeros

Ordering time: 0.00s

Barrier statistics:
 AA' NZ     : 4.984e+04
 Factor NZ  : 8.596e+04 (roughly 5 MBytes of memory)
 Factor Ops : 9.170e+06 (less than 1 second per iteration)
 Threads    : 3

                  Objective                Residual
Iter       Primal          Dual         Primal    Dual     Compl     Time
   0   0.00000000e+00 -2.68716626e+07  8.26e+09 0.00e+00  1.42e+06     0s
   1   0.00000000e+00 -4.36952818e+06  2.85e+09 4.43e-03  4.92e+05     0s
   2   0.00000000e+00 -1.83567462e+05  1.58e+08 1.67e-16  2.73e+04     0s
   3   0.00000000e+00 -1.39518200e+03  3.30e+04 1.80e-16  5.78e+00     0s
   4   0.00000000e+00 -1.13739258e+03  2.60e+04 2.69e-06  4.36e+00     0s
   5   0.00000000e+00 -1.50379044e+03  5.53e+03 1.10e-04  1.40e+00     0s
   6   0.00000000e+00 -7.80358656e+02  4.17e+03 1.39e-05  7.54e-01     0s
   7   0.00000000e+00 -5.00952172e+02  1.27e+03 6.11e-08  2.42e-01     0s
   8   0.00000000e+00 -4.15604210e+02  6.11e+02 3.77e-08  1.22e-01     0s
   9   0.00000000e+00 -1.85219260e+02  1.68e+02 3.67e-09  3.53e-02     0s
  10   0.00000000e+00 -7.59115240e+01  3.87e+01 1.02e-09  9.41e-03     0s
  11   0.00000000e+00 -3.32324895e+01  1.35e+01 3.51e-10  3.45e-03     0s

Barrier performed 11 iterations in 0.11 seconds
Barrier solve interrupted - model solved by another algorithm


Solved with dual simplex
Solved in 571 iterations and 0.11 seconds
Optimal objective  0.000000000e+00
