j3017_4.mm_s8.txt
Academic license - for non-commercial use only
Read LP format model from file lp/j3017_4.mm.lp
Reading time = 0.00 seconds
: 351 rows, 906 columns, 9053 nonzeros
OKGPU
nThreads: 1024 , nBlocks: 12 
Number cuts generated in the phase 1: 14
Number of repeat: 4 
violation 271.000000
violation 689.000000
violation 542.000000
violation 726.000000
violation 592.000000
violation 413.000000
violation 250.000000
violation 250.000000
violation 400.000000
violation 650.000000
8592 16
AQUIIII!!61 30 20 AQUIIII!!36 61 58 AQUIIII!!24 AQUIIII!!41 61 1 61 59 20 58 58 19 53 55 23 18 60 21 30 53 55 60 5 32 55 30 9 59 32 28 28 30 24 60 1 59 22 19 20 51 6 51 36 21 35 41 23 59 22 21 5 60 
58 36 53 1 22 22 8 

56 
AQUIIII!!61 1 AQUIIII!!61 59 53 56 6 22 23 6 5 1 28 60 30 22 58 9 24 5 55 30 8 59 60 28 23 56 36 58 
35 24 
AQUIIII!!36 51 30 22 21 55 58 32 18 60 19 53 61 20 41 59 
AQUIIII!!23 28 1 24 22 21 5 20 36 61 30 60 55 53 59 58 
AQUIIII!!20 5 22 28 23 58 30 21 1 24 36 55 59 53 60 61 
AQUIIII!!1 24 59 58 28 8 30 36 6 56 5 55 60 23 61 22 
AQUIIII!!59 AQUIIII!!41 58 32 60 22 30 58 32 20 21 30 41 20 21 22 19 51 36 36 51 17 55 19 1 55 53 59 61 18 60 53 

AQUIIII!!60 22 55 30 21 AQUIIII!!51 23 18 20 58 AQUIIII!!28 19 22 30 36 AQUIIII!!AQUIIII!!24 53 20 10 53 1 60 59 42 23 60 18 41 57 36 55 19 53 6 55 30 58 32 AQUIIII!!30 56 36 55 61 23 28 24 32 5 
8 20 51 58 28 59 1 1 24 41 31 53 28 58 58 8 22 6 21 36 9 21 30 5 61 60 59 20 5 35 60 
60 21 5 22 22 59 56 61 59 
1 61 22 23 
9 61 
24 AQUIIII!!61 30 
58 59 1 AQUIIII!!22 22 60 55 23 5 AQUIIII!!36 AQUIIII!!36 21 24 2 59 28 53 10 28 5 23 21 58 57 6 58 23 23 60 55 56 30 6 42 5 59 24 24 1 22 22 53 55 56 28 60 61 AQUIIII!!1 53 
8 5 55 6 61 AQUIIII!!36 9 23 31 
1 28 61 60 
8 20 24 24 24 21 22 1 36 35 AQUIIII!!30 61 23 28 30 61 6 58 30 35 
1 59 53 23 22 6 30 58 24 56 22 60 AQUIIII!!56 5 5 5 24 9 9 59 9 58 59 1 28 28 1 8 10 60 6 
35 61 AQUIIII!!56 61 
28 22 
5 53 22 5 59 24 8 6 21 23 23 60 25 1 AQUIIII!!61 30 
10 55 56 28 28 36 1 AQUIIII!!58 31 60 60 9 24 AQUIIII!!59 22 5 5 6 AQUIIII!!57 1 53 42 42 61 AQUIIII!!10 23 35 23 
2 57 60 59 36 5 5 23 6 28 59 28 8 8 55 51 24 1 22 1 AQUIIII!!61 28 36 AQUIIII!!6 
6 59 59 61 22 31 59 58 24 53 58 9 41 30 20 8 1 2 60 18 6 AQUIIII!!55 56 58 60 22 1 53 30 56 22 21 24 56 58 20 28 24 61 24 30 
23 59 21 61 53 
58 22 1 22 19 5 22 9 30 56 23 60 36 30 58 36 30 5 61 
55 5 36 
32 60 28 61 23 21 
28 23 55 6 AQUIIII!!6 24 61 61 55 28 
53 10 61 31 
42 56 57 5 8 24 1 22 9 60 23 6 
AQUIIII!!30 51 20 22 36 61 32 59 53 41 21 60 19 58 55 1 
AQUIIII!!53 58 24 1 59 23 22 36 5 6 28 AQUIIII!!30 6 56 28 60 5 55 AQUIIII!!61 56 1 
22 60 36 6 1 22 23 23 8 24 59 61 28 59 55 58 30 53 56 55 5 30 24 36 60 58 
61 
AQUIIII!!5 1 30 58 53 20 36 24 59 23 21 22 AQUIIII!!61 1 28 28 55 6 60 58 53 
21 55 5 22 36 24 30 60 23 59 61 
AQUIIII!!53 58 24 1 59 23 22 36 5 6 28 30 56 60 55 61 
AQUIIII!!61 22 60 6 35 23 1 59 56 10 9 AQUIIII!!28 5 41 24 8 16 25 19 
30 17 58 36 22 51 32 21 18 4 55 20 53 
AQUIIII!!6 1 28 59 53 22 55 60 23 AQUIIII!!30 59 5 24 24 56 23 58 28 36 36 AQUIIII!!61 58 58 22 
36 55 30 60 41 21 22 53 18 5 60 20 59 1 55 30 53 61 AQUIIII!!51 
19 20 20 0 32 22 21 36 61 17 
16 32 51 21 19 41 30 18 53 4 55 
AQUIIII!!55 60 23 24 53 58 28 56 6 22 30 AQUIIII!!AQUIIII!!1 59 53 59 55 21 36 23 30 5 28 36 61 24 23 58 
24 21 5 5 1 53 22 30 59 20 AQUIIII!!28 30 22 20 21 36 60 19 1 58 53 60 55 32 61 61 20 

60 36 51 59 41 55 1 58 22 61 AQUIIII!!
36 60 19 53 51 22 58 AQUIIII!!32 61 55 28 20 60 21 6 30 58 18 30 41 59 59 56 61 
1 8 22 5 36 24 55 23 
AQUIIII!!32 41 1 22 21 19 58 51 30 36 20 60 53 59 55 61 
AQUIIII!!22 32 41 30 20 36 21 51 55 58 61 60 53 18 59 19 
AQUIIII!!19 51 59 18 53 36 60 20 22 30 41 55 32 21 58 61 
AQUIIII!!10 35 22 28 6 59 23 60 1 AQUIIII!!5 9 25 22 AQUIIII!!10 24 24 8 8 28 28 21 56 56 36 9 35 1 61 58 24 6 1 
22 59 23 6 53 55 60 AQUIIII!!5 25 61 30 8 5 59 28 23 60 56 61 61 31 
57 
6 23 22 24 9 10 1 60 42 5 
AQUIIII!!61 51 19 32 59 60 53 22 21 30 58 41 36 20 1 55 
AQUIIII!!55 59 32 60 51 19 21 30 22 36 58 1 20 41 53 61 
AQUIIII!!59 21 22 24 55 23 6 53 60 58 5 30 1 36 28 61 
AQUIIII!!22 AQUIIII!!8 60 61 9 41 19 42 AQUIIII!!32 2 59 19 55 55 6 21 53 32 31 58 20 59 36 28 30 36 1 10 18 22 51 56 60 
57 58 23 51 1 21 24 22 5 30 61 20 
41 53 61 
AQUIIII!!28 AQUIIII!!53 35 25 59 60 6 56 21 1 10 AQUIIII!!55 30 8 5 AQUIIII!!36 35 6 60 1 59 55 24 59 AQUIIII!!24 51 22 28 23 56 58 58 10 9 9 22 1 30 8 60 60 5 22 41 5 23 23 28 23 61 22 22 61 
25 24 24 36 
59 56 18 AQUIIII!!28 6 22 32 30 AQUIIII!!9 32 22 1 53 8 21 61 58 35 41 19 
56 30 35 1 59 55 6 28 60 58 25 AQUIIII!!8 21 36 58 6 20 5 59 9 5 61 61 59 56 18 

60 60 51 30 23 19 35 5 20 10 9 60 24 23 53 61 22 61 
6 
28 59 8 1 24 61 
AQUIIII!!21 55 53 1 41 AQUIIII!!36 61 59 30 58 5 51 58 60 30 36 32 21 19 23 20 22 22 28 61 60 
55 53 1 20 24 59 
AQUIIII!!35 24 22 6 30 AQUIIII!!56 22 58 18 9 51 28 20 23 41 1 53 60 19 59 60 8 55 5 59 61 58 
32 21 30 36 61 
AQUIIII!!58 30 22 55 56 28 5 24 23 60 53 59 1 6 36 61 
AQUIIII!!61 60 AQUIIII!!30 55 20 36 32 59 18 30 58 22 36 53 20 22 41 58 19 51 21 59 61 51 32 
53 21 41 1 19 55 60 
AQUIIII!!1 9 31 24 22 2 8 28 6 57 23 AQUIIII!!5 31 56 42 42 8 10 2 61 1 
57 AQUIIII!!10 61 6 24 22 22 28 20 24 5 56 5 23 9 28 23 55 61 58 
60 1 36 AQUIIII!!59 32 1 53 51 30 59 22 21 58 41 
36 30 AQUIIII!!21 55 61 55 30 20 53 20 60 AQUIIII!!19 32 61 
22 20 58 36 32 51 55 59 21 51 53 60 18 53 21 AQUIIII!!19 41 10 36 58 22 60 22 60 30 59 19 31 18 5 61 41 6 

23 8 1 24 42 28 57 9 56 AQUIIII!!59 61 28 
58 30 5 24 36 AQUIIII!!6 5 1 59 23 58 55 24 22 36 60 30 21 60 53 53 61 1 
61 55 22 23 28 20 21 
AQUIIII!!22 20 58 51 32 21 19 59 30 1 41 36 53 61 55 60 
AQUIIII!!5 56 6 23 60 10 8 57 24 AQUIIII!!31 60 9 24 1 55 22 59 42 58 28 36 61 22 
6 5 30 28 AQUIIII!!1 55 8 53 56 23 23 1 61 22 
59 5 60 61 24 36 20 58 30 28 21 
AQUIIII!!61 24 35 5 22 23 8 58 59 6 28 1 9 30 60 56 
AQUIIII!!21 51 41 30 18 22 32 60 36 58 55 53 19 59 20 AQUIIII!!17 19 
21 22 58 36 51 18 41 32 30 61 53 20 55 59 60 
AQUIIII!!24 36 58 21 6 60 28 59 61 5 30 55 1 23 53 22 
AQUIIII!!61 20 58 36 21 32 19 60 1 55 59 22 30 41 53 51 
AQUIIII!!61 6 58 35 60 5 8 30 24 59 28 9 23 56 22 1 
AQUIIII!!61 56 24 10 23 35 1 59 28 9 22 6 8 60 5 25 
AQUIIII!!55 18 53 AQUIIII!!59 22 51 23 19 53 60 55 32 1 20 24 30 6 36 59 22 28 41 21 21 5 58 58 17 61 
36 30 60 
AQUIIII!!53 58 18 55 22 32 16 21 19 4 41 17 20 36 51 30 
AQUIIII!!4 20 53 19 55 30 16 18 41 22 0 32 36 21 17 51 
AQUIIII!!61 28 23 6 30 5 9 35 8 56 60 AQUIIII!!59 23 24 20 22 5 1 22 58 28 
59 30 58 36 21 53 24 1 60 55 AQUIIII!!61 6 
24 8 30 58 1 28 23 9 56 59 60 22 35 AQUIIII!!5 58 61 53 
59 24 1 30 21 36 5 20 61 22 55 23 60 28 
AQUIIII!!22 20 30 17 18 21 51 32 41 36 4 19 AQUIIII!!58 59 53 1 16 56 55 24 
8 55 5 22 30 58 23 28 60 36 6 61 
AQUIIII!!56 28 5 1 31 24 9 23 8 2 6 42 57 22 10 61 
AQUIIII!!9 AQUIIII!!1 21 23 1 10 55 28 28 24 5 56 24 8 53 6 58 5 30 2 59 60 22 20 42 36 57 23 31 22 61 61 

AQUIIII!!21 6 58 60 36 59 5 28 22 24 23 30 55 1 53 61 
AQUIIII!!61 42 57 5 6 60 1 31 24 8 22 23 9 10 56 28 
AQUIIII!!18 20 22 32 36 19 51 41 30 21 59 60 53 55 58 61 
AQUIIII!!AQUIIII!!61 6 58 59 55 55 60 56 41 22 58 36 8 18 24 22 5 19 28 30 23 60 32 36 51 30 21 1 59 61 20 
53 
AQUIIII!!61 41 53 55 59 36 19 60 32 20 AQUIIII!!51 61 58 10 21 57 22 5 1 24 30 23 
31 9 8 56 22 42 28 6 60 1 
AQUIIII!!21 30 5 58 24 55 28 53 23 60 59 36 22 1 20 61 
AQUIIII!!23 5 28 1 6 36 60 56 22 55 59 24 30 58 8 61 
AQUIIII!!41 18 53 22 60 51 36 55 20 30 59 58 32 21 19 61 
AQUIIII!!22 23 9 30 28 6 35 59 24 5 58 60 1 56 AQUIIII!!8 AQUIIII!!61 61 61 23 
22 35 24 6 1 22 56 9 60 AQUIIII!!56 10 8 25 5 9 59 59 42 28 28 5 6 23 9 28 8 25 5 6 60 57 35 1 31 
10 23 24 10 8 1 
56 22 24 60 61 
AQUIIII!!AQUIIII!!22 61 56 8 60 9 23 5 5 10 56 42 28 28 59 8 36 6 6 31 55 23 24 1 30 24 1 57 58 2 22 61 

AQUIIII!!61 20 53 60 55 32 59 30 1 19 51 41 21 58 36 22 
AQUIIII!!6 23 55 28 22 58 5 60 36 59 24 56 1 30 53 61 
AQUIIII!!58 51 59 30 21 53 36 1 32 41 60 22 19 20 61 55 
AQUIIII!!20 32 53 60 61 58 59 18 19 AQUIIII!!55 21 41 55 36 61 30 19 51 41 22 22 59 21 36 
18 20 30 32 53 60 58 51 
AQUIIII!!20 19 53 61 58 41 21 AQUIIII!!55 60 30 61 19 22 53 59 36 32 22 60 51 59 36 41 51 55 32 18 20 
18 21 58 30 
AQUIIII!!58 8 9 1 56 30 28 23 24 6 60 59 22 5 35 61 
AQUIIII!!61 24 28 59 22 6 35 60 5 9 1 30 23 56 8 AQUIIII!!58 61 
5 28 23 6 59 58 60 35 9 8 22 24 1 56 30 
AQUIIII!!51 55 32 58 59 41 20 60 53 19 61 22 21 18 36 30 
AQUIIII!!61 36 23 1 6 56 22 30 58 59 53 60 28 5 24 55 
AQUIIII!!61 24 1 5 20 53 23 36 55 21 59 22 30 28 60 58 
AQUIIII!!60 19 30 59 22 55 36 53 21 32 18 20 58 41 51 61 
AQUIIII!!61 60 1 55 56 36 59 8 22 6 23 5 30 28 58 24 
AQUIIII!!60 24 28 58 22 56 5 23 59 30 6 1 36 55 61 53 
AQUIIII!!61 20 32 59 41 22 30 1 36 53 60 19 51 58 55 21 
AQUIIII!!55 53 56 1 28 23 5 22 36 58 24 60 61 59 30 6 
AQUIIII!!61 1 55 5 58 22 6 53 28 59 23 24 21 36 60 30 
AQUIIII!!53 20 55 61 21 22 5 60 30 28 23 24 58 59 1 36 
AQUIIII!!61 20 53 60 55 32 59 30 1 19 51 41 21 58 36 22 
AQUIIII!!53 1 55 21 41 58 32 60 36 22 20 61 51 30 19 59 
AQUIIII!!51 19 22 1 21 30 36 61 20 60 41 58 53 55 59 32 
AQUIIII!!61 31 24 60 57 6 42 9 56 23 28 22 1 5 8 10 
AQUIIII!!61 6 9 60 28 56 22 59 1 5 24 35 8 23 10 25 
AQUIIII!!55 59 53 17 20 19 51 41 21 AQUIIII!!32 18 61 58 30 25 36 60 10 22 
22 23 24 60 1 5 28 35 9 8 6 56 59 
AQUIIII!!61 58 60 53 32 18 30 22 19 59 51 21 41 20 36 55 
AQUIIII!!61 6 28 59 21 55 23 60 22 36 24 30 53 1 58 5 
AQUIIII!!61 5 53 30 56 6 24 59 55 23 28 60 22 58 36 1 
AQUIIII!!60 61 41 19 32 59 55 21 53 58 20 36 30 1 22 51 
AQUIIII!!23 6 57 31 8 10 60 9 1 24 28 22 42 5 56 61 
AQUIIII!!61 2 28 22 57 6 42 24 AQUIIII!!10 17 9 16 5 4 31 55 1 53 23 18 8 19 56 58 
36 41 30 21 51 22 32 20 
AQUIIII!!61 22 9 56 8 2 57 6 1 5 42 28 24 23 31 10 
AQUIIII!!61 30 9 56 24 8 5 28 6 35 1 60 22 59 23 58 
AQUIIII!!61 36 58 20 1 60 22 21 5 24 53 55 23 59 28 30 
AQUIIII!!61 36 20 19 21 59 51 58 30 32 41 53 1 55 22 60 
AQUIIII!!61 1 30 28 23 36 55 5 8 58 56 60 59 22 24 6 
AQUIIII!!61 23 24 6 AQUIIII!!55 22 60 1 61 53 59 56 20 30 30 5 AQUIIII!!5 36 61 36 60 23 55 28 42 59 1 28 28 22 22 58 8 23 
56 21 1 53 6 24 31 58 57 
10 AQUIIII!!9 61 5 6 24 42 9 60 
56 24 31 28 8 57 10 2 5 22 23 1 
AQUIIII!!61 58 53 28 22 24 5 23 59 60 1 36 21 6 30 55 
AQUIIII!!61 57 9 8 5 22 2 56 1 23 28 6 42 24 10 31 
Number of Cuts in the second phase:6372
Number of repeat: 5780 
Violation: 271.000000
Violation: 306.000000
Violation: 815.000000
Violation: 326.000000
Violation: 271.000000
Violation: 671.000000
Violation: 84.000000
Violation: 355.000000
Violation: 500.000000
Violation: 300.000000
Violation: 407.000000
Violation: 600.000000
Violation: 418.000000
Violation: 451.000000
Violation: 544.000000
Violation: 336.000000
Violation: 542.000000
Violation: 271.000000
Violation: 418.000000
Violation: 171.000000
Violation: 249.000000
Violation: 107.000000
Violation: 657.000000
Violation: 450.000000
Violation: 304.000000
Violation: 363.000000
Violation: 343.000000
Violation: 378.000000
Violation: 634.000000
Violation: 525.000000
Violation: 250.000000
Violation: 948.000000
Violation: 100.000000
Violation: 363.000000
Violation: 905.000000
Violation: 89.000000
Violation: 213.000000
Violation: 550.000000
Violation: 984.000000
Violation: 300.000000
Violation: 430.000000
Violation: 883.000000
Violation: 600.000000
Violation: 511.000000
Violation: 723.000000
Violation: 500.000000
Violation: 812.000000
Violation: 633.000000
Violation: 908.000000
Violation: 809.000000
Violation: 128.000000
Violation: 413.000000
Violation: 211.000000
Violation: 100.000000
Violation: 466.000000
Violation: 1033.000000
Violation: 549.000000
Violation: 452.000000
Violation: 455.000000
Violation: 1100.000000
Violation: 159.000000
Violation: 150.000000
Violation: 100.000000
Violation: 750.000000
Violation: 733.000000
Violation: 528.000000
Violation: 449.000000
Violation: 850.000000
Violation: 255.000000
Violation: 426.000000
Violation: 883.000000
Violation: 300.000000
Violation: 550.000000
Violation: 409.000000
Violation: 363.000000
Violation: 250.000000
Violation: 550.000000
Violation: 633.000000
Violation: 84.000000
Violation: 517.000000
Violation: 400.000000
Violation: 371.000000
Violation: 463.000000
Violation: 452.000000
Violation: 371.000000
Violation: 550.000000
Violation: 250.000000
Violation: 134.000000
Violation: 200.000000
Violation: 863.000000
Violation: 371.000000
Violation: 1263.000000
Violation: 790.000000
Violation: 528.000000
Violation: 713.000000
Violation: 432.000000
Violation: 459.000000
Violation: 989.000000
Violation: 663.000000
Violation: 552.000000
Violation: 1075.000000
Violation: 550.000000
Violation: 111.000000
Violation: 100.000000
Violation: 207.000000
Violation: 1005.000000
Violation: 904.000000
Violation: 314.000000
Violation: 471.000000
Violation: 437.000000
Violation: 550.000000
Violation: 84.000000
Violation: 918.000000
Violation: 1034.000000
Violation: 372.000000
Violation: 719.000000
Violation: 750.000000
Violation: 849.000000
Violation: 100.000000
Violation: 984.000000
Violation: 333.000000
Violation: 113.000000
Violation: 1105.000000
Violation: 634.000000
Violation: 71.000000
Violation: 563.000000
Violation: 813.000000
Violation: 778.000000
Violation: 380.000000
Violation: 250.000000
Violation: 200.000000
Violation: 844.000000
Violation: 33.000000
Violation: 450.000000
Violation: 500.000000
Violation: 771.000000
Violation: 100.000000
Violation: 241.000000
Violation: 350.000000
Violation: 1171.000000
Violation: 285.000000
Violation: 805.000000
Violation: 792.000000
Violation: 948.000000
Violation: 371.000000
Violation: 717.000000
Violation: 100.000000
Violation: 371.000000
Violation: 7.000000
Violation: 1134.000000
Violation: 494.000000
Violation: 11.000000
Violation: 669.000000
Violation: 678.000000
Violation: 346.000000
Violation: 200.000000
Violation: 450.000000
Violation: 7.000000
Violation: 634.000000
Violation: 384.000000
Violation: 634.000000
Violation: 309.000000
Violation: 771.000000
Violation: 884.000000
Violation: 363.000000
Violation: 784.000000
Violation: 485.000000
Violation: 370.000000
Violation: 333.000000
Violation: 741.000000
Violation: 613.000000
Violation: 1284.000000
Violation: 196.000000
Violation: 463.000000
Violation: 634.000000
Violation: 350.000000
Violation: 494.000000
Violation: 285.000000
Violation: 326.000000
Violation: 700.000000
Violation: 302.000000
Violation: 983.000000
Violation: 335.000000
Violation: 400.000000
Violation: 100.000000
Violation: 863.000000
Violation: 1013.000000
Violation: 350.000000
Violation: 1400.000000
Violation: 750.000000
Violation: 457.000000
Violation: 92.000000
Violation: 550.000000
Violation: 84.000000
Violation: 691.000000
Violation: 460.000000
Violation: 113.000000
Violation: 250.000000
Violation: 163.000000
Violation: 821.000000
Violation: 471.000000
Violation: 271.000000
Violation: 378.000000
Violation: 384.000000
Violation: 284.000000
Violation: 122.000000
Violation: 313.000000
Violation: 671.000000
Violation: 850.000000
Violation: 1000.000000
Violation: 663.000000
Violation: 250.000000
Violation: 795.000000
Violation: 60.000000
Violation: 250.000000
Violation: 863.000000
Violation: 1283.000000
Violation: 202.000000
Violation: 521.000000
Violation: 299.000000
Violation: 463.000000
Violation: 189.000000
Violation: 222.000000
Violation: 650.000000
Violation: 452.000000
Violation: 271.000000
Violation: 552.000000
Violation: 1063.000000
Violation: 171.000000
Violation: 372.000000
Violation: 383.000000
Violation: 549.000000
Violation: 1159.000000
Violation: 350.000000
Violation: 173.000000
Violation: 633.000000
Violation: 350.000000
Violation: 884.000000
Violation: 300.000000
Violation: 21.000000
Violation: 363.000000
Violation: 463.000000
Violation: 813.000000
Violation: 463.000000
Violation: 400.000000
Violation: 634.000000
Violation: 19.000000
Violation: 485.000000
Violation: 78.000000
Violation: 983.000000
Violation: 496.000000
Violation: 384.000000
Violation: 100.000000
Violation: 83.000000
Violation: 384.000000
Violation: 650.000000
Violation: 360.000000
Violation: 530.000000
Violation: 383.000000
Violation: 634.000000
Violation: 283.000000
Violation: 434.000000
Violation: 134.000000
Violation: 400.000000
Violation: 371.000000
Violation: 150.000000
Violation: 1130.000000
Violation: 760.000000
Violation: 550.000000
Violation: 271.000000
Violation: 484.000000
Violation: 71.000000
Violation: 749.000000
Violation: 685.000000
Violation: 334.000000
Violation: 734.000000
Violation: 7.000000
Violation: 634.000000
Violation: 463.000000
Violation: 784.000000
Violation: 521.000000
Violation: 100.000000
Violation: 541.000000
Violation: 263.000000
Violation: 769.000000
Violation: 207.000000
Violation: 750.000000
Violation: 521.000000
Violation: 848.000000
Violation: 1334.000000
Violation: 734.000000
Violation: 633.000000
Violation: 631.000000
Violation: 95.000000
Violation: 500.000000
Violation: 363.000000
Violation: 783.000000
Violation: 484.000000
Violation: 430.000000
Violation: 178.000000
Violation: 900.000000
Violation: 484.000000
Violation: 363.000000
Violation: 484.000000
Violation: 21.000000
Violation: 270.000000
Violation: 363.000000
Violation: 883.000000
Violation: 722.000000
Violation: 271.000000
Violation: 200.000000
Violation: 399.000000
Violation: 50.000000
Violation: 571.000000
Violation: 734.000000
Violation: 710.000000
Violation: 284.000000
Violation: 883.000000
Violation: 249.000000
Violation: 233.000000
Violation: 563.000000
Violation: 928.000000
Violation: 663.000000
Violation: 909.000000
Violation: 452.000000
Violation: 271.000000
Violation: 541.000000
Violation: 350.000000
Violation: 900.000000
Violation: 20.000000
Violation: 586.000000
Violation: 213.000000
Violation: 563.000000
Violation: 721.000000
Violation: 162.000000
Violation: 233.000000
Violation: 716.000000
Violation: 719.000000
Violation: 1308.000000
Violation: 419.000000
Violation: 544.000000
Violation: 378.000000
Violation: 533.000000
Violation: 7.000000
Violation: 21.000000
Violation: 22.000000
Violation: 250.000000
Violation: 685.000000
Violation: 241.000000
Violation: 113.000000
Violation: 426.000000
Violation: 362.000000
Violation: 100.000000
Violation: 883.000000
Violation: 300.000000
Violation: 796.000000
Violation: 112.000000
Violation: 309.000000
Violation: 391.000000
Violation: 263.000000
Violation: 306.000000
Violation: 621.000000
Violation: 400.000000
Violation: 283.000000
Violation: 84.000000
Violation: 558.000000
Violation: 486.000000
Violation: 150.000000
Violation: 428.000000
Violation: 300.000000
Violation: 1063.000000
Violation: 485.000000
Violation: 650.000000
Violation: 99.000000
Violation: 884.000000
Violation: 191.000000
Violation: 463.000000
Violation: 613.000000
Violation: 884.000000
Violation: 200.000000
Violation: 463.000000
Violation: 633.000000
Violation: 7.000000
Violation: 120.000000
Violation: 133.000000
Violation: 534.000000
Violation: 372.000000
Violation: 134.000000
Violation: 128.000000
Violation: 1013.000000
Violation: 400.000000
Violation: 631.000000
Violation: 21.000000
Violation: 452.000000
Violation: 1134.000000
Violation: 337.000000
Violation: 300.000000
Violation: 734.000000
Violation: 100.000000
Violation: 557.000000
Violation: 250.000000
Violation: 633.000000
Violation: 784.000000
Violation: 559.000000
Violation: 1384.000000
Violation: 1383.000000
Violation: 271.000000
Violation: 634.000000
Violation: 211.000000
Violation: 884.000000
Violation: 233.000000
Violation: 392.000000
Violation: 884.000000
Violation: 271.000000
Violation: 360.000000
Violation: 400.000000
Violation: 121.000000
Violation: 20.000000
Violation: 634.000000
Violation: 533.000000
Violation: 371.000000
Violation: 599.000000
Violation: 363.000000
Violation: 202.000000
Violation: 178.000000
Violation: 99.000000
Violation: 1063.000000
Violation: 449.000000
Violation: 21.000000
Violation: 1584.000000
Violation: 159.000000
Violation: 211.000000
Violation: 263.000000
Violation: 689.000000
Violation: 525.000000
Violation: 271.000000
Violation: 159.000000
Violation: 733.000000
Violation: 719.000000
Violation: 559.000000
Violation: 218.000000
Violation: 734.000000
Violation: 1080.000000
Violation: 300.000000
Violation: 111.000000
Violation: 650.000000
Violation: 613.000000
Violation: 600.000000
Violation: 200.000000
Violation: 921.000000
Violation: 633.000000
Violation: 309.000000
Violation: 327.000000
Violation: 451.000000
Violation: 84.000000
Violation: 800.000000
Violation: 500.000000
Violation: 158.000000
Violation: 392.000000
Violation: 434.000000
Violation: 178.000000
Violation: 963.000000
Violation: 1055.000000
Violation: 350.000000
Violation: 633.000000
Violation: 34.000000
Violation: 500.000000
Violation: 784.000000
Violation: 384.000000
Violation: 809.000000
Violation: 634.000000
Violation: 783.000000
Violation: 541.000000
Violation: 1134.000000
Violation: 659.000000
Violation: 600.000000
Violation: 9.000000
Violation: 571.000000
Violation: 191.000000
Violation: 363.000000
Violation: 391.000000
Violation: 308.000000
Violation: 1284.000000
Violation: 583.000000
Violation: 419.000000
Violation: 983.000000
Violation: 550.000000
Violation: 634.000000
Violation: 585.000000
Violation: 249.000000
Violation: 642.000000
Violation: 463.000000
Violation: 363.000000
Violation: 500.000000
Violation: 650.000000
Violation: 559.000000
Violation: 103.000000
Violation: 435.000000
Violation: 1159.000000
Violation: 805.000000
Violation: 600.000000
Violation: 598.000000
Violation: 452.000000
Violation: 1066.000000
Violation: 1558.000000
Violation: 113.000000
Violation: 1086.000000
Violation: 265.000000
Violation: 558.000000
Violation: 500.000000
Violation: 400.000000
Violation: 763.000000
Violation: 884.000000
Violation: 559.000000
Violation: 333.000000
Violation: 521.000000
Violation: 1086.000000
Violation: 756.000000
Violation: 171.000000
Violation: 231.000000
Violation: 649.000000
Violation: 734.000000
Violation: 644.000000
Violation: 163.000000
Violation: 321.000000
Violation: 750.000000
Violation: 250.000000
Violation: 422.000000
Violation: 784.000000
Violation: 100.000000
Violation: 1075.000000
Violation: 189.000000
Violation: 630.000000
Violation: 175.000000
Violation: 585.000000
Violation: 550.000000
Violation: 719.000000
Violation: 900.000000
Violation: 413.000000
Violation: 557.000000
Violation: 83.000000
Violation: 383.000000
Violation: 1134.000000
Violation: 371.000000
Violation: 335.000000
Violation: 684.000000
Violation: 136.000000
Violation: 250.000000
Violation: 730.000000
Violation: 233.000000
Violation: 199.000000
Violation: 378.000000
Violation: 42.000000
Violation: 100.000000
Violation: 530.000000
Violation: 301.000000
Violation: 550.000000
Violation: 107.000000
Violation: 457.000000
Violation: 700.000000
Violation: 698.000000
Violation: 571.000000
Violation: 34.000000
Violation: 474.000000
Violation: 784.000000
Violation: 108.000000
Violation: 1134.000000
Violation: 409.000000
Violation: 1086.000000
Violation: 370.000000
Violation: 350.000000
Violation: 249.000000
Violation: 400.000000
Violation: 20.000000
Violation: 600.000000
Violation: 530.000000
Violation: 120.000000
Violation: 435.000000
Violation: 89.000000
Violation: 1309.000000
Violation: 921.000000
Violation: 270.000000
Violation: 734.000000
Violation: 307.000000
Violation: 300.000000
Violation: 1133.000000
Violation: 11.000000
Violation: 586.000000
Violation: 634.000000
Violation: 371.000000
Violation: 463.000000
Violation: 645.000000
8592 16
AQUIIII!!61 32 19 22 51 60 20 41 18 AQUIIII!!59 61 36 24 55 42 58 AQUIIII!!8 30 61 5 53 24 23 21 10 22 56 
28 31 1 2 23 1 6 2 57 57 6 31 9 9 10 5 28 56 42 22 8 

AQUIIII!!55 61 19 53 60 41 59 21 18 36 30 20 58 32 22 51 AQUIIII!!
18 30 51 21 36 59 60 20 55 41 58 22 53 19 32 61 
AQUIIII!!32 53 60 19 61 55 41 59 AQUIIII!!20 58 22 36 30 51 1 1 21 20 58 30 51 AQUIIII!!59 55 36 59 
21 60 19 53 41 58 22 61 60 22 53 55 32 5 61 1 
24 56 23 AQUIIII!!28 36 AQUIIII!!6 18 36 59 30 30 30 21 51 
22 36 16 22 51 58 53 21 17 19 19 61 59 60 32 53 1 58 20 55 41 20 32 41 55 

AQUIIII!!59 36 24 21 5 20 22 58 60 61 30 55 23 28 1 53 
AQUIIII!!59 32 22 51 36 58 60 AQUIIII!!30 21 56 30 53 61 28 41 36 24 19 59 55 23 1 22 6 20 5 53 1 
58 60 61 AQUIIII!!55 60 
21 22 30 1 55 59 24 58 AQUIIII!!28 53 36 20 20 23 21 36 60 5 30 61 32 
22 19 59 41 1 53 55 51 58 61 
AQUIIII!!AQUIIII!!5 56 24 60 55 24 1 6 59 36 5 AQUIIII!!28 23 58 1 30 58 22 23 56 28 9 22 53 24 30 60 59 57 AQUIIII!!6 61 59 28 
36 6 10 23 58 42 61 5 31 53 23 6 55 24 56 AQUIIII!!1 55 60 24 5 
53 35 22 5 30 8 6 61 22 28 
60 58 AQUIIII!!60 21 6 23 28 55 59 36 AQUIIII!!23 22 1 19 1 28 61 56 60 AQUIIII!!60 
9 32 56 24 30 5 53 56 8 55 21 61 22 36 
41 1 30 1 58 58 24 55 53 28 AQUIIII!!59 5 6 25 18 60 36 35 8 30 30 22 1 20 58 59 22 23 36 61 59 28 61 51 

8 22 56 61 10 
9 59 23 60 24 5 6 61 
AQUIIII!!22 28 23 24 1 AQUIIII!!AQUIIII!!6 61 9 41 24 36 59 2 59 56 19 10 21 21 6 22 55 22 55 53 8 1 42 5 51 5 53 30 31 58 58 1 60 28 60 36 23 61 20 57 32 
61 30 

AQUIIII!!61 56 24 42 5 23 31 1 2 10 9 57 28 6 22 8 AQUIIII!!
61 55 20 32 53 30 59 58 41 22 1 36 21 19 51 60 
AQUIIII!!55 17 53 59 58 36 20 41 16 21 32 30 19 18 22 51 
AQUIIII!!55 60 22 23 58 61 53 59 28 21 36 24 1 20 30 5 
AQUIIII!!55 53 20 19 61 1 58 51 59 30 32 22 21 41 36 60 
AQUIIII!!58 21 19 51 22 30 36 59 53 20 18 55 60 32 41 61 
AQUIIII!!58 51 17 30 20 32 41 36 21 59 18 22 60 53 55 19 
AQUIIII!!22 58 60 53 20 36 55 32 21 19 1 51 41 30 59 61 
AQUIIII!!22 24 58 AQUIIII!!28 32 36 59 23 22 6 36 53 21 55 19 30 59 20 53 5 1 30 56 51 60 41 61 55 
18 60 58 61 
AQUIIII!!AQUIIII!!61 61 AQUIIII!!28 23 51 30 59 6 58 61 58 56 19 60 8 8 55 55 24 23 58 55 36 22 60 56 5 59 60 6 24 32 28 22 30 41 5 36 59 20 1 1 

53 22 36 21 30 AQUIIII!!18 41 
58 19 32 36 30 51 60 22 59 1 21 55 61 20 53 
AQUIIII!!30 28 53 21 22 36 1 23 AQUIIII!!22 20 60 59 21 5 32 58 19 24 51 55 55 60 1 36 61 41 
59 AQUIIII!!30 20 10 35 53 59 58 5 61 22 
9 56 AQUIIII!!8 5 1 36 6 28 60 58 23 25 30 24 60 28 59 61 6 
1 24 23 55 21 22 53 61 
AQUIIII!!61 30 5 28 6 22 56 59 AQUIIII!!1 61 8 6 58 60 AQUIIII!!60 24 35 9 24 24 22 9 31 9 23 57 
10 23 5 8 30 28 56 8 42 1 28 23 
58 1 56 35 6 5 AQUIIII!!22 59 59 36 60 58 61 53 
22 55 28 5 6 1 60 30 24 21 23 61 
AQUIIII!!59 60 53 AQUIIII!!55 61 61 6 24 9 21 24 1 5 5 35 6 30 30 28 22 22 23 58 56 36 58 23 1 28 60 
8 59 
AQUIIII!!58 22 28 1 36 30 23 5 59 20 21 60 24 53 55 61 
AQUIIII!!53 41 32 1 55 21 22 60 30 51 36 58 61 20 59 19 
AQUIIII!!22 32 53 60 41 AQUIIII!!20 56 36 5 AQUIIII!!55 28 19 18 23 22 30 6 20 19 60 51 21 1 59 30 25 21 51 9 58 36 8 61 59 41 AQUIIII!!24 
58 53 22 18 24 10 22 17 35 59 55 61 28 55 
60 32 30 53 56 16 58 
6 5 59 23 36 1 61 
AQUIIII!!30 28 60 21 55 59 22 36 5 53 58 1 AQUIIII!!23 22 24 5 20 9 61 
23 24 28 AQUIIII!!42 20 31 58 8 55 1 53 57 41 56 22 2 30 10 59 6 21 61 36 
32 19 51 18 60 61 
AQUIIII!!61 59 24 8 23 60 35 5 56 6 25 9 10 28 1 22 
AQUIIII!!61 AQUIIII!!57 5 61 10 28 2 5 6 36 9 60 31 24 22 55 28 56 1 59 56 8 8 1 6 24 23 30 23 42 
22 58 
AQUIIII!!53 36 51 22 60 20 59 1 55 41 30 19 32 21 58 61 
AQUIIII!!1 58 24 60 55 30 28 5 36 53 23 22 20 59 21 61 
AQUIIII!!58 51 AQUIIII!!36 61 21 41 59 30 51 20 18 30 19 41 59 22 58 22 53 32 19 36 32 21 1 20 60 60 53 55 55 61 

AQUIIII!!1 9 6 60 57 22 24 31 56 10 8 5 23 28 42 61 
AQUIIII!!59 28 35 24 5 30 23 58 9 22 60 8 6 1 56 61 
AQUIIII!!10 1 8 24 56 25 9 23 28 59 35 6 5 22 60 61 
AQUIIII!!6 AQUIIII!!22 28 8 23 AQUIIII!!56 2 30 58 AQUIIII!!6 60 28 58 1 24 60 AQUIIII!!42 55 36 8 30 24 58 53 20 1 22 59 24 1 51 31 55 20 5 56 41 5 55 36 22 57 56 21 23 55 5 AQUIIII!!30 22 28 8 58 56 24 23 61 9 1 58 
6 1 10 32 5 5 22 61 60 23 59 
23 21 28 8 36 53 60 28 59 19 30 24 61 61 59 36 

36 22 59 61 60 
1 AQUIIII!!6 21 55 60 30 1 61 24 
53 28 55 20 30 5 36 22 59 58 23 61 
AQUIIII!!18 16 54 53 4 36 41 20 19 0 51 17 22 21 32 30 
AQUIIII!!51 21 53 41 22 58 20 59 60 32 55 30 36 1 19 61 
AQUIIII!!61 30 6 59 1 60 58 36 24 28 21 53 55 5 AQUIIII!!23 61 22 
36 59 20 19 58 30 51 1 53 60 22 21 41 55 32 
AQUIIII!!61 55 58 6 1 21 36 28 5 59 53 30 23 22 24 60 
AQUIIII!!24 21 6 53 22 60 23 30 AQUIIII!!59 42 28 1 55 28 5 5 1 57 36 9 58 60 61 6 
8 10 22 31 23 24 56 61 
AQUIIII!!6 1 30 24 5 60 22 23 59 28 21 58 36 53 55 61 
AQUIIII!!5 56 8 1 22 58 6 AQUIIII!!30 24 59 5 36 60 23 21 55 58 30 60 53 28 AQUIIII!!22 24 1 23 61 9 1 
6 28 10 55 60 6 25 AQUIIII!!59 28 6 36 5 1 61 59 8 30 
35 24 56 5 23 60 22 24 22 61 23 
59 28 21 58 36 AQUIIII!!53 61 55 61 24 
5 1 56 59 35 28 8 60 10 AQUIIII!!6 61 25 31 22 10 23 9 56 
42 60 1 24 6 23 5 8 28 9 22 57 
AQUIIII!!6 60 23 28 35 59 25 5 24 56 22 8 10 9 1 61 
AQUIIII!!61 21 30 58 23 59 20 5 53 60 28 55 1 36 22 24 
AQUIIII!!61 5 57 28 31 9 10 1 22 42 6 8 24 2 56 23 
AQUIIII!!58 59 53 18 55 30 32 17 51 20 22 36 60 21 41 19 
AQUIIII!!17 53 59 55 58 41 30 20 19 32 22 18 51 21 36 16 
AQUIIII!!61 53 51 60 20 22 19 36 59 30 32 55 41 1 21 58 
AQUIIII!!61 21 41 22 59 30 1 19 36 58 51 20 32 53 55 60 
AQUIIII!!61 32 36 22 AQUIIII!!53 61 18 53 20 28 30 24 55 AQUIIII!!36 58 61 1 51 2 55 21 21 23 60 59 6 19 5 28 41 60 59 8 22 
31 58 56 30 57 23 24 20 10 
5 1 22 42 9 
AQUIIII!!61 30 51 20 AQUIIII!!53 22 53 32 1 55 55 19 60 60 58 36 41 36 58 22 18 6 21 61 59 
5 23 59 24 56 28 30 
AQUIIII!!53 55 1 23 22 28 61 60 24 5 30 21 58 59 36 20 
AQUIIII!!61 55 6 21 5 36 58 22 30 AQUIIII!!AQUIIII!!59 61 61 1 1 23 41 28 30 23 21 28 36 60 60 24 5 19 8 58 53 32 58 53 56 60 22 59 51 1 59 30 20 55 55 
6 
36 22 24 
AQUIIII!!61 53 23 1 58 55 5 6 24 60 56 28 59 36 22 30 
AQUIIII!!20 21 53 1 5 24 30 36 22 59 28 58 23 60 55 61 
AQUIIII!!54 53 4 21 19 30 22 51 20 18 16 17 32 0 41 36 
AQUIIII!!61 53 59 6 60 22 30 56 23 58 24 5 55 36 1 28 
AQUIIII!!60 61 55 53 1 21 6 59 36 22 28 30 23 24 5 58 
AQUIIII!!20 60 19 61 58 53 59 18 55 22 41 30 51 32 36 21 
AQUIIII!!53 59 60 58 61 56 28 24 5 6 30 36 1 23 22 55 
AQUIIII!!30 20 61 53 18 55 60 59 51 41 21 58 22 32 19 36 
AQUIIII!!55 59 17 53 22 20 19 58 18 51 30 32 60 41 21 36 
AQUIIII!!61 5 22 42 31 24 8 23 9 28 56 6 57 1 2 10 
AQUIIII!!31 8 10 5 56 1 24 57 AQUIIII!!2 61 5 22 59 23 58 9 36 30 42 28 28 23 6 53 24 61 1 
60 6 56 55 22 
AQUIIII!!61 1 25 22 9 60 56 5 28 24 23 6 8 35 10 59 
AQUIIII!!61 5 1 30 23 56 28 22 6 24 60 59 58 55 36 53 
AQUIIII!!59 61 20 60 1 51 32 53 19 55 41 58 22 21 30 36 
AQUIIII!!22 53 55 59 36 60 61 58 23 1 24 5 6 21 30 28 
AQUIIII!!61 58 30 24 36 28 60 5 21 22 23 59 53 1 6 55 
AQUIIII!!61 22 23 58 53 59 28 60 20 5 21 1 30 36 24 55 
AQUIIII!!61 2 23 57 6 28 8 9 24 5 56 1 22 10 31 42 
AQUIIII!!61 58 8 55 1 30 36 6 60 5 28 24 23 56 22 59 
AQUIIII!!22 1 53 28 20 24 59 60 58 55 23 30 21 5 36 61 
AQUIIII!!61 53 20 19 18 60 59 22 21 41 32 55 30 51 58 36 
AQUIIII!!61 58 23 1 60 21 53 22 5 24 36 55 59 30 28 20 
AQUIIII!!61 24 23 30 1 9 22 28 8 6 58 60 5 59 35 56 
AQUIIII!!61 60 8 22 56 58 59 23 30 6 24 35 9 28 5 1 
AQUIIII!!61 24 55 23 28 21 1 30 53 6 22 60 58 36 5 59 
AQUIIII!!61 60 1 30 22 36 41 20 21 55 59 32 53 58 51 19 
AQUIIII!!61 24 23 59 5 55 1 60 22 58 56 28 53 36 30 6 
AQUIIII!!61 30 8 6 23 1 55 5 28 59 58 24 60 22 56 36 
AQUIIII!!61 30 59 60 6 8 5 9 28 56 23 58 22 24 1 35 
AQUIIII!!61 36 30 22 1 23 24 56 60 28 8 59 5 6 55 58 
AQUIIII!!61 21 5 55 20 53 23 36 22 58 30 24 60 59 28 1 
AQUIIII!!60 53 58 55 59 61 20 18 19 51 41 30 22 32 21 36 
AQUIIII!!53 61 22 58 59 28 55 60 1 56 6 30 5 36 23 24 
AQUIIII!!53 61 22 58 59 28 55 60 1 56 6 30 5 36 23 24 
AQUIIII!!61 20 28 23 22 58 60 21 55 5 36 53 24 30 1 59 
AQUIIII!!61 51 59 60 18 32 53 21 41 22 20 36 19 58 55 30 
AQUIIII!!61 24 53 28 58 23 5 55 1 22 59 36 60 6 30 21 
AQUIIII!!61 10 23 9 22 28 1 8 31 56 5 24 6 60 42 57 
Number of Cuts in the second phase:6351
Number of repeat: 6050 
Violation: 1383.000000
Violation: 500.000000
Violation: 1221.000000
Violation: 363.000000
Violation: 586.000000
Violation: 1534.000000
Violation: 211.000000
Violation: 250.000000
Violation: 684.000000
Violation: 57.000000
Violation: 500.000000
Violation: 936.000000
Violation: 350.000000
Violation: 495.000000
Violation: 371.000000
Violation: 934.000000
Violation: 749.000000
Violation: 422.000000
Violation: 134.000000
Violation: 436.000000
Violation: 48.000000
Violation: 100.000000
Violation: 733.000000
Violation: 733.000000
Violation: 336.000000
Violation: 963.000000
Violation: 932.000000
Violation: 336.000000
Violation: 534.000000
Violation: 675.000000
Violation: 634.000000
Violation: 383.000000
Violation: 457.000000
Violation: 671.000000
Violation: 384.000000
Violation: 663.000000
Violation: 198.000000
Violation: 644.000000
Violation: 719.000000
Violation: 413.000000
Violation: 211.000000
Violation: 1134.000000
Violation: 634.000000
Violation: 1234.000000
Violation: 7.000000
Violation: 350.000000
Violation: 809.000000
Violation: 211.000000
Violation: 185.000000
Violation: 1205.000000
Violation: 172.000000
Violation: 734.000000
Violation: 363.000000
Violation: 521.000000
Violation: 550.000000
Violation: 384.000000
Violation: 57.000000
Violation: 750.000000
Violation: 214.000000
Violation: 478.000000
Violation: 534.000000
Violation: 884.000000
Violation: 421.000000
Violation: 270.000000
Violation: 391.000000
Violation: 384.000000
Violation: 1158.000000
Violation: 435.000000
Violation: 789.000000
Violation: 234.000000
Violation: 537.000000
Violation: 828.000000
Violation: 658.000000
Violation: 448.000000
Violation: 271.000000
Violation: 633.000000
Violation: 642.000000
Violation: 102.000000
Violation: 263.000000
Violation: 655.000000
Violation: 571.000000
Violation: 29.000000
Violation: 884.000000
Violation: 466.000000
Violation: 249.000000
Violation: 309.000000
Violation: 371.000000
Violation: 913.000000
Violation: 370.000000
Violation: 734.000000
Violation: 483.000000
Violation: 909.000000
Violation: 484.000000
Violation: 308.000000
Violation: 255.000000
Violation: 559.000000
Violation: 378.000000
Violation: 363.000000
Violation: 213.000000
Violation: 763.000000
Violation: 371.000000
Violation: 100.000000
Violation: 563.000000
Violation: 907.000000
Violation: 559.000000
Violation: 884.000000
Violation: 484.000000
Violation: 871.000000
Violation: 271.000000
Violation: 830.000000
Violation: 1034.000000
Violation: 657.000000
Violation: 249.000000
Violation: 313.000000
Violation: 328.000000
Violation: 633.000000
Violation: 200.000000
Violation: 113.000000
Violation: 378.000000
Violation: 984.000000
Violation: 821.000000
Violation: 834.000000
Violation: 534.000000
Violation: 384.000000
Violation: 271.000000
Violation: 316.000000
Violation: 559.000000
Violation: 1241.000000
Violation: 249.000000
Violation: 121.000000
Violation: 421.000000
Violation: 451.000000
Violation: 334.000000
Violation: 270.000000
Violation: 184.000000
Violation: 21.000000
Violation: 109.000000
Violation: 291.000000
Violation: 1559.000000
Violation: 433.000000
Violation: 47.000000
Violation: 935.000000
Violation: 659.000000
Violation: 147.000000
Violation: 326.000000
Violation: 425.000000
Violation: 542.000000
Violation: 657.000000
Violation: 28.000000
Violation: 422.000000
Violation: 448.000000
Violation: 133.000000
Violation: 276.000000
Violation: 363.000000
Violation: 871.000000
Violation: 383.000000
Violation: 384.000000
Violation: 906.000000
Violation: 78.000000
Violation: 741.000000
Violation: 493.000000
Violation: 1034.000000
Violation: 1357.000000
Violation: 500.000000
Violation: 1221.000000
Violation: 1084.000000
Violation: 383.000000
Violation: 100.000000
Violation: 805.000000
Violation: 566.000000
Violation: 234.000000
Violation: 250.000000
Violation: 542.000000
Violation: 150.000000
Violation: 436.000000
Violation: 21.000000
Violation: 1308.000000
Violation: 339.000000
Violation: 300.000000
Violation: 463.000000
Violation: 200.000000
Violation: 118.000000
Violation: 362.000000
Violation: 221.000000
Violation: 571.000000
Violation: 734.000000
Violation: 100.000000
Violation: 471.000000
Violation: 371.000000
Violation: 158.000000
Violation: 708.000000
Violation: 271.000000
Violation: 113.000000
Violation: 900.000000
Violation: 1284.000000
Violation: 121.000000
Violation: 765.000000
Violation: 435.000000
Violation: 200.000000
Violation: 557.000000
Violation: 200.000000
Violation: 383.000000
Violation: 585.000000
Violation: 142.000000
Violation: 762.000000
Violation: 133.000000
Violation: 669.000000
Violation: 763.000000
Violation: 909.000000
Violation: 658.000000
Violation: 984.000000
Violation: 136.000000
Violation: 750.000000
Violation: 293.000000
Violation: 611.000000
Violation: 134.000000
Violation: 736.000000
Violation: 234.000000
Violation: 54.000000
Violation: 250.000000
Violation: 75.000000
Violation: 634.000000
Violation: 66.000000
Violation: 335.000000
Violation: 971.000000
Violation: 699.000000
Violation: 460.000000
Violation: 478.000000
Violation: 1313.000000
Violation: 1233.000000
Violation: 533.000000
Violation: 1430.000000
Violation: 336.000000
Violation: 1134.000000
Violation: 21.000000
Violation: 950.000000
Violation: 144.000000
Violation: 187.000000
Violation: 634.000000
Violation: 659.000000
Violation: 634.000000
Violation: 383.000000
Violation: 350.000000
Violation: 909.000000
Violation: 306.000000
Violation: 783.000000
Violation: 435.000000
Violation: 270.000000
Violation: 600.000000
Violation: 633.000000
Violation: 157.000000
Violation: 542.000000
Violation: 333.000000
Violation: 99.000000
Violation: 950.000000
Violation: 1033.000000
Violation: 563.000000
Violation: 385.000000
Violation: 883.000000
Violation: 585.000000
Violation: 150.000000
Violation: 430.000000
Violation: 202.000000
Violation: 234.000000
Violation: 299.000000
Violation: 834.000000
Violation: 313.000000
Violation: 510.000000
Violation: 384.000000
Violation: 471.000000
Violation: 997.000000
Violation: 584.000000
Violation: 1133.000000
Violation: 441.000000
Violation: 1133.000000
Violation: 270.000000
Violation: 10.000000
Violation: 750.000000
Violation: 868.000000
Violation: 983.000000
Violation: 200.000000
Violation: 100.000000
Violation: 93.000000
Violation: 371.000000
Violation: 805.000000
Violation: 484.000000
Violation: 616.000000
Violation: 109.000000
Violation: 908.000000
Violation: 421.000000
Violation: 791.000000
Violation: 150.000000
Violation: 1200.000000
Violation: 113.000000
Violation: 533.000000
Violation: 1159.000000
Violation: 462.000000
Violation: 734.000000
Violation: 483.000000
Violation: 900.000000
Violation: 408.000000
2808 16
AQUIIII!!18 19 53 61 32 22 41 51 59 60 58 36 21 55 20 30 
AQUIIII!!19 55 18 61 22 21 59 30 36 32 41 60 51 53 20 58 
AQUIIII!!61 55 60 59 53 58 20 19 41 32 21 1 51 36 30 22 
AQUIIII!!36 21 23 20 24 5 1 60 28 30 53 59 22 55 58 61 
AQUIIII!!61 55 60 59 53 58 20 19 41 32 21 1 51 36 30 22 
AQUIIII!!21 36 AQUIIII!!30 16 20 30 28 0 23 21 1 18 59 20 53 32 58 41 24 19 5 51 22 36 61 17 60 22 55 54 
4 53 
AQUIIII!!9 60 1 6 24 10 28 5 56 35 8 59 25 22 23 61 AQUIIII!!
60 30 8 9 56 24 23 35 6 5 AQUIIII!!1 24 28 56 22 6 59 23 58 AQUIIII!!60 61 18 59 
60 25 22 1 58 5 20 22 53 9 21 10 19 28 41 8 59 35 55 61 51 
32 36 30 61 
AQUIIII!!61 60 55 6 24 1 58 8 23 28 22 5 36 59 56 30 
AQUIIII!!19 AQUIIII!!18 60 59 32 51 41 36 53 30 59 22 55 53 61 55 19 60 30 32 51 21 58 61 36 41 22 58 20 20 21 
18 
AQUIIII!!22 21 41 1 55 51 60 36 20 19 59 53 58 32 AQUIIII!!30 35 61 9 
59 30 28 56 1 24 5 58 60 23 8 6 22 61 
AQUIIII!!6 1 22 5 10 56 42 57 23 24 28 8 9 60 31 61 
AQUIIII!!61 22 53 28 60 1 55 24 59 5 23 30 21 36 6 58 
AQUIIII!!55 19 58 60 41 51 30 59 22 36 32 53 1 21 20 61 
AQUIIII!!59 6 1 36 5 53 58 30 21 22 24 28 23 60 55 61 
AQUIIII!!24 23 58 22 56 5 28 AQUIIII!!1 61 9 6 6 56 60 8 35 24 8 25 AQUIIII!!59 5 59 30 9 28 61 1 60 
28 30 35 22 60 56 10 55 59 36 22 58 23 53 
1 23 5 24 6 61 
AQUIIII!!59 6 1 36 5 53 58 AQUIIII!!30 61 21 56 22 23 24 58 28 8 23 30 60 55 55 28 36 61 22 
59 24 1 6 5 60 
AQUIIII!!20 55 1 53 60 24 22 36 28 61 30 5 21 58 23 59 
AQUIIII!!32 36 58 22 20 59 60 41 1 55 19 53 51 21 30 61 
AQUIIII!!61 18 30 41 22 51 55 53 36 60 21 58 20 19 59 32 
AQUIIII!!6 59 1 28 8 60 58 9 35 24 23 5 22 30 56 61 
AQUIIII!!55 53 60 61 28 6 59 1 22 21 5 58 24 30 23 36 
AQUIIII!!53 19 18 61 32 55 22 51 36 20 21 58 59 41 60 30 
AQUIIII!!61 2 57 8 42 56 1 6 22 28 23 24 31 5 9 10 
AQUIIII!!58 22 53 55 36 61 23 60 59 21 5 6 30 28 1 24 
AQUIIII!!21 55 53 30 28 20 60 24 22 58 23 59 36 5 1 61 
AQUIIII!!16 30 51 20 32 18 22 36 58 19 17 41 21 4 53 55 
AQUIIII!!61 58 41 51 AQUIIII!!36 23 30 1 20 6 60 24 21 56 18 8 53 10 32 22 19 31 55 28 22 9 59 42 
60 5 57 61 
AQUIIII!!61 56 55 58 24 22 1 6 5 59 36 23 30 53 60 28 
AQUIIII!!61 22 53 28 60 1 55 24 59 5 23 30 21 36 6 58 
AQUIIII!!61 56 25 60 6 8 22 5 28 24 35 23 9 10 59 1 
AQUIIII!!61 53 21 20 51 AQUIIII!!55 23 19 22 28 41 5 30 25 32 24 60 59 10 36 9 58 1 6 59 60 
56 22 35 1 8 61 
AQUIIII!!61 24 59 1 30 58 23 6 9 8 35 60 56 22 5 28 
AQUIIII!!36 5 58 22 53 1 55 60 28 30 24 23 21 59 20 61 
AQUIIII!!61 5 10 23 6 31 57 42 22 60 9 8 56 1 28 24 
AQUIIII!!56 10 1 60 31 42 24 6 28 23 8 9 57 5 22 61 
AQUIIII!!61 6 1 23 30 24 60 36 56 5 22 58 55 53 59 28 
AQUIIII!!61 22 56 8 30 24 60 59 6 36 5 1 55 23 58 28 
AQUIIII!!61 41 22 55 51 18 60 21 32 53 59 19 36 20 58 30 
AQUIIII!!61 25 5 10 28 59 24 22 23 8 35 56 1 9 6 60 
AQUIIII!!59 61 28 58 53 60 23 22 30 5 56 55 1 36 24 6 
AQUIIII!!61 36 21 41 19 60 58 20 51 55 30 22 59 53 1 32 
AQUIIII!!20 60 53 19 55 41 30 32 51 18 36 21 61 58 22 59 
AQUIIII!!61 1 60 53 21 58 55 5 30 24 23 22 36 6 28 59 
AQUIIII!!61 1 23 36 58 60 30 22 28 53 59 56 24 5 55 6 
AQUIIII!!21 53 51 61 55 20 60 59 18 36 41 32 58 22 19 30 
AQUIIII!!61 58 24 1 9 AQUIIII!!60 61 8 22 28 24 22 55 56 36 6 60 5 23 59 8 30 5 23 1 35 30 
58 59 56 28 6 
Number of Cuts in the second phase:2088
Number of repeat: 2001 
Violation: 1175.000000
Violation: 500.000000
Violation: 350.000000
Violation: 133.000000
Violation: 607.000000
Violation: 421.000000
Violation: 1113.000000
Violation: 763.000000
Violation: 783.000000
Violation: 885.000000
Violation: 1309.000000
Violation: 467.000000
Violation: 670.000000
Violation: 471.000000
Violation: 971.000000
Violation: 500.000000
Violation: 13.000000
Violation: 650.000000
Violation: 659.000000
Violation: 834.000000
Violation: 78.000000
Violation: 497.000000
Violation: 113.000000
Violation: 118.000000
Violation: 362.000000
Violation: 483.000000
Violation: 463.000000
Violation: 100.000000
Violation: 909.000000
Violation: 221.000000
Violation: 834.000000
Violation: 359.000000
Violation: 399.000000
Violation: 541.000000
Violation: 450.000000
Violation: 1019.000000
Violation: 112.000000
Violation: 207.000000
Violation: 100.000000
Violation: 550.000000
Violation: 34.000000
Violation: 541.000000
Violation: 172.000000
Violation: 550.000000
Violation: 78.000000
Violation: 733.000000
Violation: 583.000000
Violation: 335.000000
Violation: 419.000000
Violation: 333.000000
Violation: 1034.000000
Violation: 500.000000
Violation: 900.000000
Violation: 105.000000
Violation: 145.000000
Violation: 450.000000
Violation: 1033.000000
Violation: 399.000000
Violation: 1021.000000
Violation: 302.000000
Violation: 513.000000
Violation: 334.000000
Violation: 613.000000
Violation: 384.000000
Violation: 541.000000
Violation: 300.000000
Violation: 700.000000
Violation: 634.000000
Violation: 219.000000
Violation: 421.000000
Violation: 96.000000
Violation: 633.000000
Violation: 271.000000
Violation: 1283.000000
Violation: 419.000000
Violation: 521.000000
Violation: 394.000000
Violation: 28.000000
Violation: 550.000000
Violation: 584.000000
Violation: 34.000000
Violation: 821.000000
Violation: 1086.000000
Violation: 271.000000
Violation: 547.000000
Violation: 843.000000
Violation: 336.000000
took 5.967237
Optimize a model with 1355 rows, 906 columns and 15645 nonzeros
Coefficient statistics:
  Matrix range     [1e+00, 4e+01]
  Objective range  [0e+00, 0e+00]
  Bounds range     [1e+00, 4e+01]
  RHS range        [1e+00, 1e+02]
Presolve removed 957 rows and 109 columns
Presolve time: 0.00s
Presolved: 398 rows, 797 columns, 9292 nonzeros

Iteration    Objective       Primal Inf.    Dual Inf.      Time
       0    0.0000000e+00   4.476255e+01   0.000000e+00      0s
     114    0.0000000e+00   0.000000e+00   0.000000e+00      0s

Solved in 114 iterations and 0.01 seconds
Optimal objective  0.000000000e+00
