j3017_4.mm_s1.txt
Academic license - for non-commercial use only
Read LP format model from file lp/j3017_4.mm.lp
Reading time = 0.01 seconds
: 351 rows, 906 columns, 9053 nonzeros
OKGPU
nThreads: 1024 , nBlocks: 12 
Number cuts generated in the phase 1: 9
Number of repeat: 0 
violation 587.000000
violation 545.000000
violation 545.000000
violation 578.000000
violation 286.000000
violation 428.000000
violation 284.000000
violation 284.000000
violation 800.000000
8592 16
AQUIIII!!55 2 27 21 AQUIIII!!55 14 28 34 11 40 18 14 2 29 13 42 40 13 7 10 42 11 18 34 7 21 9 9 
29 28 27 10 
AQUIIII!!13 55 18 27 10 20 42 7 29 34 40 11 14 28 2 9 
AQUIIII!!37 27 0 12 15 24 16 17 34 2 21 40 9 29 7 55 
AQUIIII!!10 34 21 42 AQUIIII!!55 17 24 9 27 40 14 27 2 9 37 21 13 0 15 AQUIIII!!2 17 34 29 29 12 16 11 7 40 29 18 
7 42 11 9 28 13 55 14 
21 AQUIIII!!10 21 7 13 2 27 27 2 AQUIIII!!28 7 15 34 29 AQUIIII!!51 40 10 7 2 55 40 42 16 
17 11 27 11 12 13 42 42 17 37 14 29 17 2 28 40 1 9 27 24 34 14 21 55 34 28 
9 29 21 0 10 55 28 
55 
AQUIIII!!17 13 7 29 16 21 9 10 40 27 42 28 34 2 11 AQUIIII!!55 2 
29 15 24 7 40 37 9 27 17 0 12 16 34 21 55 
AQUIIII!!34 0 9 24 7 37 21 17 27 12 16 15 29 2 AQUIIII!!40 55 2 55 34 21 
27 29 9 40 11 16 10 15 AQUIIII!!17 42 7 28 12 7 
40 27 29 0 16 2 17 34 9 15 21 24 37 55 
AQUIIII!!55 2 21 9 AQUIIII!!27 55 7 10 14 9 17 13 11 42 42 40 40 21 34 2 10 11 28 14 29 17 13 27 
34 28 7 29 
AQUIIII!!55 28 40 14 13 27 20 34 9 42 2 29 10 18 7 11 
AQUIIII!!50 55 23 37 29 51 27 16 17 28 15 1 0 24 12 21 
AQUIIII!!11 55 9 2 27 34 AQUIIII!!17 AQUIIII!!16 9 40 15 13 10 29 1 42 21 34 0 28 42 21 16 13 AQUIIII!!40 7 28 29 
7 AQUIIII!!12 15 10 29 27 42 27 29 18 34 2 50 9 40 29 17 28 34 11 24 17 10 17 51 2 7 16 37 40 14 28 21 10 27 55 23 21 
9 55 27 21 
11 28 11 16 42 7 2 55 55 
13 
AQUIIII!!37 16 42 AQUIIII!!12 55 21 7 24 27 AQUIIII!!51 9 55 2 15 21 29 40 1 28 34 28 17 21 27 9 24 15 2 40 0 16 12 17 17 42 55 16 2 
10 27 28 11 29 34 
13 7 10 29 
AQUIIII!!21 2 27 40 14 29 9 34 7 42 28 11 13 10 18 55 
AQUIIII!!55 40 27 7 21 2 12 24 29 34 15 37 16 9 17 0 AQUIIII!!55 
17 16 21 9 42 7 15 10 27 40 34 29 28 2 11 
AQUIIII!!42 11 29 20 9 28 18 10 34 13 14 27 40 2 7 55 
AQUIIII!!0 50 37 23 24 29 15 28 16 27 1 17 21 12 51 AQUIIII!!55 16 
2 34 7 28 40 21 10 42 27 17 AQUIIII!!11 0 9 15 50 29 37 55 
23 24 29 15 28 16 27 1 17 AQUIIII!!21 55 7 12 28 51 18 AQUIIII!!AQUIIII!!14 55 55 7 40 34 1 
13 27 21 2 14 42 2 13 21 12 10 9 29 2 11 9 42 34 18 24 27 28 10 27 42 29 28 11 
29 16 20 17 40 0 55 15 
51 37 
AQUIIII!!55 24 0 29 37 1 16 27 AQUIIII!!24 17 42 7 1 15 2 34 12 2 29 40 15 12 51 21 37 
27 21 0 28 16 17 55 
AQUIIII!!55 27 10 29 28 42 18 13 14 21 7 40 34 11 2 9 
AQUIIII!!10 40 17 9 29 42 34 28 7 21 13 16 2 11 27 55 
AQUIIII!!55 7 2 9 10 17 40 15 11 28 27 29 16 21 34 42 
AQUIIII!!55 34 15 16 AQUIIII!!AQUIIII!!0 7 AQUIIII!!7 28 27 55 29 11 21 2 40 10 9 37 16 28 17 11 9 17 21 17 2 9 40 21 12 34 27 29 1 24 13 27 42 24 15 40 28 
29 2 17 16 34 12 7 42 10 29 7 2 40 55 34 

14 21 13 27 10 55 
AQUIIII!!55 28 16 2 13 9 11 34 21 27 42 7 10 40 29 17 
AQUIIII!!10 2 34 42 14 28 27 21 11 29 7 13 40 17 9 55 
AQUIIII!!2 28 AQUIIII!!11 15 40 34 1 40 27 13 2 14 7 7 17 42 20 0 29 21 27 16 9 12 18 AQUIIII!!37 10 55 29 55 17 
24 12 34 2 55 9 
37 27 34 29 21 16 40 15 0 7 24 
AQUIIII!!55 2 17 9 7 29 34 11 10 40 27 42 28 21 13 14 
AQUIIII!!55 13 2 42 40 28 34 10 17 29 14 27 21 9 11 7 
AQUIIII!!15 29 24 28 12 2 16 7 10 34 17 9 40 27 21 55 
AQUIIII!!55 12 21 1 16 15 0 27 37 24 51 28 29 23 50 17 
AQUIIII!!55 7 29 12 17 16 34 1 21 15 37 40 24 27 2 0 
AQUIIII!!AQUIIII!!11 55 21 55 10 24 28 27 1 13 27 28 15 18 16 14 23 9 50 2 7 17 0 34 40 37 29 29 20 51 12 42 

AQUIIII!!55 29 21 17 24 10 9 15 16 7 40 2 34 12 28 27 
AQUIIII!!7 10 28 40 17 27 42 13 9 34 14 11 2 29 21 AQUIIII!!55 55 
24 27 17 40 7 12 15 16 10 34 2 9 29 28 21 
AQUIIII!!55 21 23 12 15 0 16 29 50 51 17 1 24 28 AQUIIII!!37 55 27 29 
37 27 17 21 40 7 16 34 15 2 AQUIIII!!12 55 0 16 24 40 1 34 
29 12 1 0 7 15 17 2 27 21 24 37 
AQUIIII!!55 AQUIIII!!28 9 2 7 28 34 17 2 29 29 42 42 21 16 15 9 40 10 16 17 21 27 11 11 7 10 40 
27 13 AQUIIII!!34 15 55 2 
17 16 42 1 51 28 0 37 29 12 24 21 27 55 
AQUIIII!!7 42 11 27 AQUIIII!!40 55 20 42 9 18 9 10 27 29 14 28 11 13 2 13 34 7 14 2 55 20 
29 10 40 18 28 34 
AQUIIII!!55 29 2 42 10 13 21 28 7 14 11 9 40 27 34 17 
AQUIIII!!24 16 34 17 15 29 0 37 40 1 7 12 27 21 2 55 
AQUIIII!!51 21 17 24 15 29 28 1 50 23 27 16 37 12 0 55 
AQUIIII!!55 34 11 2 14 42 29 27 18 9 40 28 7 10 20 13 
AQUIIII!!4 49 53 8 24 29 37 19 23 22 54 6 3 AQUIIII!!35 55 48 7 5 
40 16 12 37 2 29 27 15 17 24 21 34 1 0 
AQUIIII!!28 34 7 17 9 2 10 24 21 29 16 12 15 40 27 55 
AQUIIII!!55 9 28 21 2 29 40 17 10 7 11 14 27 13 34 42 AQUIIII!!
55 42 14 9 10 7 13 34 11 21 27 28 18 29 40 2 
AQUIIII!!55 2 10 29 16 27 12 15 9 21 34 7 28 40 17 24 
AQUIIII!!55 7 34 21 42 11 10 13 9 29 17 40 27 14 2 28 
AQUIIII!!55 10 42 16 2 34 11 21 40 29 9 28 7 27 15 17 
AQUIIII!!55 0 37 29 23 21 12 28 17 50 16 51 1 27 15 24 
AQUIIII!!7 15 17 28 34 10 16 40 12 2 9 27 29 24 21 55 
AQUIIII!!27 11 42 7 18 20 34 9 10 2 28 13 29 40 55 14 
AQUIIII!!50 6 29 49 22 37 3 54 23 19 5 25 8 24 4 48 
AQUIIII!!55 28 1 29 16 0 51 17 37 24 21 12 50 27 23 15 
AQUIIII!!55 2 28 17 9 40 29 34 7 27 42 11 16 21 10 13 
AQUIIII!!55 16 9 2 29 17 21 28 11 34 42 40 15 27 10 7 
AQUIIII!!9 16 11 10 40 28 21 34 42 AQUIIII!!27 55 29 40 7 24 17 21 2 34 55 16 13 12 
10 2 27 29 7 17 9 15 28 
AQUIIII!!29 16 40 15 21 1 24 37 27 7 17 0 12 34 2 55 
AQUIIII!!29 27 2 7 11 34 AQUIIII!!42 55 28 10 15 40 21 1 13 23 18 17 9 29 20 50 14 51 55 
16 37 28 24 0 27 12 
AQUIIII!!55 16 11 2 27 34 42 28 29 40 10 21 9 17 7 13 
AQUIIII!!13 55 20 14 27 11 2 34 42 28 18 29 10 40 9 7 
AQUIIII!!55 17 15 51 24 27 1 0 29 12 2 21 37 28 16 42 
AQUIIII!!55 29 10 34 42 17 27 16 13 9 40 11 21 2 28 7 
AQUIIII!!27 9 40 15 28 7 10 2 29 16 42 21 17 11 34 55 
AQUIIII!!17 29 9 0 34 27 21 16 7 15 40 12 37 24 2 55 
AQUIIII!!29 9 14 27 13 18 AQUIIII!!53 2 37 34 8 20 29 6 42 3 7 54 40 19 48 10 23 28 24 11 35 55 22 5 
4 49 
AQUIIII!!50 51 55 28 27 23 24 0 29 12 16 17 1 37 21 15 
AQUIIII!!55 13 2 40 27 14 21 28 7 10 42 9 34 11 29 17 
AQUIIII!!13 55 20 34 9 2 7 10 14 29 11 18 42 27 28 40 
AQUIIII!!55 40 37 24 29 7 27 0 12 2 17 9 21 34 16 15 
AQUIIII!!23 51 24 1 0 21 37 17 27 28 29 15 50 12 55 16 
AQUIIII!!28 2 29 7 21 9 13 40 10 27 42 11 18 14 34 55 
AQUIIII!!55 7 18 2 13 9 42 34 27 40 20 28 14 29 10 11 
AQUIIII!!55 24 42 2 0 27 29 28 37 16 51 21 AQUIIII!!17 55 1 13 12 11 15 9 
7 2 28 42 27 14 10 40 18 21 34 29 
AQUIIII!!55 1 50 16 28 27 0 17 23 51 21 12 29 15 37 24 
AQUIIII!!55 13 34 11 14 10 28 40 2 7 18 9 27 21 29 42 
AQUIIII!!55 34 9 40 11 42 7 10 16 21 2 27 28 29 17 13 
AQUIIII!!18 29 42 9 13 27 7 34 11 14 28 10 40 20 47 2 
AQUIIII!!55 10 21 2 40 29 17 7 42 28 16 11 34 15 27 9 
AQUIIII!!55 9 11 40 34 42 17 13 28 21 7 2 27 10 29 16 
AQUIIII!!55 16 29 34 27 0 24 2 21 7 17 1 15 12 40 37 
AQUIIII!!55 29 15 21 2 9 0 12 40 7 16 24 34 17 27 37 
AQUIIII!!2 40 34 28 18 10 42 27 21 11 7 14 29 13 9 55 
AQUIIII!!15 12 24 2 7 21 10 17 9 34 40 29 27 28 55 16 
AQUIIII!!7 9 40 27 11 21 34 42 18 2 14 13 29 10 28 55 
AQUIIII!!16 55 0 27 17 29 23 1 51 12 15 50 28 24 37 21 
AQUIIII!!29 12 1 17 24 34 40 0 21 16 37 2 15 7 27 55 
AQUIIII!!55 28 29 9 40 18 13 27 34 2 10 11 14 42 20 7 
AQUIIII!!2 37 0 27 24 16 1 17 28 15 42 29 21 12 55 51 
AQUIIII!!19 1 51 37 48 23 24 8 5 4 43 32 49 31 6 50 
AQUIIII!!34 21 11 9 40 27 10 14 13 2 29 42 28 7 17 55 
AQUIIII!!55 2 15 27 12 24 34 9 21 17 28 16 10 29 7 40 
AQUIIII!!9 11 7 21 2 13 18 34 28 27 14 42 10 29 40 55 
AQUIIII!!55 9 21 10 34 40 15 42 29 7 11 16 28 27 17 2 
AQUIIII!!17 28 2 29 37 27 24 21 12 1 51 15 42 0 55 16 
Number of Cuts in the second phase:3880
Number of repeat: 3552 
Violation: 255.000000
Violation: 284.000000
Violation: 403.000000
Violation: 1200.000000
Violation: 342.000000
Violation: 514.000000
Violation: 218.000000
Violation: 228.000000
Violation: 600.000000
Violation: 257.000000
Violation: 171.000000
Violation: 226.000000
Violation: 617.000000
Violation: 210.000000
Violation: 327.000000
Violation: 397.000000
Violation: 175.000000
Violation: 252.000000
Violation: 770.000000
Violation: 327.000000
Violation: 218.000000
Violation: 846.000000
Violation: 184.000000
Violation: 200.000000
Violation: 171.000000
Violation: 771.000000
Violation: 820.000000
Violation: 200.000000
Violation: 514.000000
Violation: 53.000000
Violation: 513.000000
Violation: 364.000000
Violation: 342.000000
Violation: 292.000000
Violation: 98.000000
Violation: 179.000000
Violation: 513.000000
Violation: 1090.000000
Violation: 171.000000
Violation: 763.000000
Violation: 218.000000
Violation: 349.000000
Violation: 438.000000
Violation: 226.000000
Violation: 654.000000
Violation: 113.000000
Violation: 171.000000
Violation: 200.000000
Violation: 257.000000
Violation: 397.000000
Violation: 287.000000
Violation: 102.000000
Violation: 262.000000
Violation: 425.000000
Violation: 254.000000
Violation: 339.000000
Violation: 631.000000
Violation: 400.000000
Violation: 600.000000
Violation: 171.000000
Violation: 428.000000
Violation: 330.000000
Violation: 404.000000
Violation: 428.000000
Violation: 443.000000
Violation: 787.000000
Violation: 400.000000
Violation: 654.000000
Violation: 283.000000
Violation: 342.000000
Violation: 724.000000
Violation: 328.000000
Violation: 626.000000
Violation: 171.000000
Violation: 263.000000
Violation: 599.000000
Violation: 685.000000
Violation: 155.000000
Violation: 542.000000
Violation: 339.000000
Violation: 109.000000
Violation: 831.000000
Violation: 318.000000
Violation: 343.000000
Violation: 370.000000
Violation: 775.000000
Violation: 164.000000
Violation: 109.000000
Violation: 599.000000
Violation: 513.000000
Violation: 470.000000
Violation: 58.000000
Violation: 84.000000
Violation: 798.000000
Violation: 611.000000
Violation: 432.000000
Violation: 394.000000
Violation: 98.000000
Violation: 568.000000
Violation: 113.000000
Violation: 398.000000
Violation: 753.000000
Violation: 104.000000
Violation: 624.000000
Violation: 366.000000
Violation: 1084.000000
Violation: 1200.000000
Violation: 990.000000
Violation: 616.000000
Violation: 412.000000
Violation: 55.000000
Violation: 564.000000
Violation: 82.000000
Violation: 292.000000
Violation: 408.000000
Violation: 632.000000
Violation: 341.000000
Violation: 561.000000
Violation: 752.000000
Violation: 178.000000
Violation: 255.000000
Violation: 730.000000
Violation: 485.000000
Violation: 199.000000
Violation: 806.000000
Violation: 587.000000
Violation: 428.000000
Violation: 261.000000
Violation: 542.000000
Violation: 730.000000
Violation: 981.000000
Violation: 763.000000
Violation: 409.000000
Violation: 226.000000
Violation: 654.000000
Violation: 454.000000
Violation: 1364.000000
Violation: 542.000000
Violation: 512.000000
Violation: 1174.000000
Violation: 102.000000
Violation: 1028.000000
Violation: 149.000000
Violation: 339.000000
Violation: 681.000000
Violation: 620.000000
Violation: 611.000000
Violation: 231.000000
Violation: 288.000000
Violation: 257.000000
Violation: 589.000000
Violation: 428.000000
Violation: 689.000000
Violation: 1084.000000
Violation: 545.000000
Violation: 762.000000
Violation: 148.000000
Violation: 113.000000
Violation: 370.000000
Violation: 572.000000
Violation: 43.000000
Violation: 342.000000
Violation: 662.000000
Violation: 424.000000
Violation: 633.000000
Violation: 342.000000
Violation: 108.000000
Violation: 105.000000
Violation: 1000.000000
Violation: 388.000000
Violation: 514.000000
Violation: 327.000000
Violation: 446.000000
Violation: 599.000000
Violation: 513.000000
Violation: 285.000000
Violation: 712.000000
Violation: 341.000000
Violation: 199.000000
Violation: 828.000000
Violation: 541.000000
Violation: 262.000000
Violation: 938.000000
Violation: 398.000000
Violation: 763.000000
Violation: 200.000000
Violation: 255.000000
Violation: 626.000000
Violation: 620.000000
Violation: 284.000000
Violation: 587.000000
Violation: 600.000000
Violation: 164.000000
Violation: 370.000000
Violation: 85.000000
Violation: 1200.000000
Violation: 463.000000
Violation: 226.000000
Violation: 200.000000
Violation: 27.000000
Violation: 145.000000
Violation: 654.000000
Violation: 97.000000
Violation: 1000.000000
Violation: 872.000000
Violation: 510.000000
Violation: 113.000000
Violation: 616.000000
Violation: 428.000000
Violation: 284.000000
Violation: 349.000000
Violation: 1548.000000
Violation: 681.000000
Violation: 263.000000
Violation: 228.000000
Violation: 965.000000
Violation: 511.000000
Violation: 284.000000
Violation: 1145.000000
Violation: 611.000000
Violation: 350.000000
Violation: 513.000000
Violation: 54.000000
Violation: 218.000000
Violation: 141.000000
Violation: 348.000000
Violation: 428.000000
Violation: 113.000000
Violation: 407.000000
Violation: 724.000000
Violation: 339.000000
Violation: 568.000000
Violation: 542.000000
Violation: 108.000000
Violation: 384.000000
Violation: 681.000000
Violation: 284.000000
Violation: 288.000000
Violation: 548.000000
Violation: 869.000000
Violation: 336.000000
Violation: 432.000000
Violation: 368.000000
Violation: 111.000000
Violation: 342.000000
Violation: 748.000000
Violation: 800.000000
Violation: 569.000000
Violation: 498.000000
Violation: 397.000000
Violation: 199.000000
Violation: 97.000000
Violation: 456.000000
Violation: 97.000000
Violation: 873.000000
Violation: 506.000000
Violation: 1156.000000
Violation: 350.000000
Violation: 98.000000
Violation: 428.000000
Violation: 454.000000
Violation: 511.000000
Violation: 748.000000
Violation: 348.000000
Violation: 643.000000
Violation: 63.000000
Violation: 541.000000
Violation: 400.000000
Violation: 84.000000
Violation: 476.000000
Violation: 370.000000
Violation: 617.000000
Violation: 766.000000
Violation: 513.000000
Violation: 359.000000
Violation: 200.000000
Violation: 872.000000
Violation: 393.000000
Violation: 113.000000
Violation: 371.000000
Violation: 713.000000
Violation: 576.000000
Violation: 611.000000
Violation: 678.000000
Violation: 341.000000
Violation: 112.000000
Violation: 397.000000
Violation: 498.000000
Violation: 254.000000
Violation: 747.000000
Violation: 771.000000
Violation: 199.000000
Violation: 691.000000
Violation: 27.000000
Violation: 436.000000
Violation: 748.000000
Violation: 528.000000
Violation: 384.000000
Violation: 284.000000
Violation: 713.000000
Violation: 446.000000
Violation: 436.000000
Violation: 58.000000
Violation: 246.000000
Violation: 547.000000
Violation: 91.000000
Violation: 370.000000
Violation: 178.000000
Violation: 635.000000
Violation: 912.000000
Violation: 542.000000
Violation: 35.000000
Violation: 275.000000
Violation: 569.000000
Violation: 939.000000
Violation: 455.000000
Violation: 765.000000
Violation: 393.000000
Violation: 773.000000
Violation: 915.000000
Violation: 226.000000
Violation: 568.000000
Violation: 514.000000
Violation: 397.000000
Violation: 542.000000
Violation: 170.000000
Violation: 216.000000
Violation: 600.000000
7404 16
AQUIIII!!55 15 29 27 40 17 7 24 0 21 AQUIIII!!37 55 2 50 34 1 12 21 9 37 16 17 
24 AQUIIII!!23 55 28 13 51 40 0 42 15 14 27 7 16 28 AQUIIII!!12 55 27 29 20 9 
29 2 34 10 28 29 18 17 27 21 2 11 13 34 10 
14 11 42 7 AQUIIII!!40 55 9 34 
14 7 27 13 21 40 11 2 17 29 28 10 9 42 
AQUIIII!!14 55 2 7 42 17 10 28 11 27 21 40 29 13 9 34 
AQUIIII!!1 37 12 42 27 0 24 AQUIIII!!51 12 2 15 28 21 24 29 37 17 29 15 1 16 21 55 34 
0 7 27 17 40 2 16 55 
AQUIIII!!14 29 18 34 AQUIIII!!42 50 40 AQUIIII!!24 2 55 21 21 27 51 40 13 10 28 9 13 16 42 2 37 9 11 7 11 0 17 15 7 10 28 27 28 34 12 20 16 27 1 55 29 23 

29 17 55 
AQUIIII!!55 21 34 7 27 24 17 40 1 2 0 29 37 12 15 16 
AQUIIII!!55 16 27 24 29 50 15 37 0 1 51 17 23 12 21 28 
AQUIIII!!28 12 24 15 2 0 16 29 42 37 21 1 17 51 27 55 
AQUIIII!!11 28 29 2 17 21 AQUIIII!!10 42 14 2 42 10 9 15 13 29 7 11 27 34 40 27 34 17 55 AQUIIII!!7 
15 28 21 40 17 21 2 16 7 9 29 27 55 9 
10 42 40 16 28 34 11 55 
AQUIIII!!55 16 AQUIIII!!17 28 9 AQUIIII!!11 27 55 27 34 10 34 40 34 9 2 40 2 17 2 27 21 7 18 13 13 29 28 42 42 10 7 21 40 10 9 29 21 
29 28 14 14 7 11 42 55 
11 13 
AQUIIII!!55 7 9 37 AQUIIII!!16 9 15 27 12 34 29 40 27 2 21 17 2 AQUIIII!!21 34 55 13 40 9 42 17 7 42 24 10 29 0 29 
2 28 18 14 10 11 28 55 14 
11 27 13 40 7 20 34 
AQUIIII!!55 1 34 0 2 37 24 15 27 16 40 21 12 17 29 7 
AQUIIII!!13 42 40 17 28 34 27 14 21 9 2 7 29 10 11 55 
AQUIIII!!55 34 7 21 14 11 42 9 40 27 18 2 13 10 28 29 
AQUIIII!!7 10 28 16 17 13 27 40 21 2 34 11 42 29 9 55 
AQUIIII!!21 10 27 11 AQUIIII!!34 7 42 12 14 27 2 40 13 40 16 9 24 2 21 28 29 7 28 17 10 29 34 55 17 
15 9 55 
AQUIIII!!28 13 18 42 29 34 27 2 21 11 14 AQUIIII!!7 55 9 29 10 7 40 27 55 34 
28 10 42 9 11 18 20 14 2 13 40 
AQUIIII!!2 27 7 9 34 10 21 42 28 17 11 29 40 16 15 55 
AQUIIII!!55 51 29 1 2 27 28 37 12 15 0 16 21 17 42 24 
AQUIIII!!10 28 14 29 27 11 2 42 7 9 17 13 34 40 21 55 
AQUIIII!!55 24 0 AQUIIII!!29 21 40 29 7 2 7 9 27 21 2 27 16 17 15 12 0 34 24 37 37 15 1 16 34 
40 12 17 AQUIIII!!55 55 
42 28 11 29 9 27 34 13 7 2 40 16 17 21 10 
AQUIIII!!55 15 34 10 11 27 42 40 9 21 2 28 7 16 17 29 
AQUIIII!!21 27 29 17 9 7 15 42 34 16 10 40 28 2 55 11 
AQUIIII!!16 7 40 27 1 21 AQUIIII!!2 55 15 15 12 10 0 17 37 21 34 29 2 24 7 29 12 17 9 55 24 
34 27 28 16 40 
AQUIIII!!55 AQUIIII!!2 55 27 34 37 2 17 13 0 18 12 11 16 21 21 7 24 14 7 10 15 27 28 34 42 29 40 40 29 1 9 

AQUIIII!!55 16 17 12 27 40 7 15 9 34 21 29 0 24 2 37 
AQUIIII!!11 27 10 2 21 17 7 15 16 42 29 40 34 28 9 55 
AQUIIII!!7 28 21 42 16 15 27 10 40 2 29 9 34 17 11 55 
AQUIIII!!40 9 15 27 16 2 11 29 17 42 7 34 28 21 10 55 
AQUIIII!!55 40 27 24 10 7 16 17 2 34 12 29 9 15 21 28 
AQUIIII!!55 9 2 16 10 11 29 15 34 17 40 28 27 21 7 42 
AQUIIII!!21 28 10 27 17 9 2 7 42 40 13 11 29 34 14 55 
AQUIIII!!40 37 27 0 24 34 2 9 17 16 21 29 7 12 15 55 
AQUIIII!!49 37 22 5 24 8 19 25 23 6 50 51 29 4 3 48 
AQUIIII!!21 28 29 11 9 27 10 17 42 16 7 34 2 40 15 55 
AQUIIII!!15 21 23 27 0 1 17 28 51 50 12 24 29 16 AQUIIII!!37 21 55 28 
24 12 1 50 17 29 51 15 23 0 27 37 16 55 
AQUIIII!!40 28 13 2 9 7 29 42 27 18 20 10 34 14 11 55 
AQUIIII!!55 2 20 27 10 29 11 40 42 9 34 18 13 28 14 7 
AQUIIII!!55 29 24 51 27 16 17 21 28 1 37 2 42 0 12 15 
AQUIIII!!55 27 40 28 10 7 2 17 9 14 42 29 34 21 11 13 
AQUIIII!!14 18 13 7 29 9 10 2 40 28 42 11 20 34 27 55 
AQUIIII!!55 9 34 40 2 7 15 28 10 27 12 16 21 17 29 24 
AQUIIII!!55 34 7 40 21 13 11 29 28 10 27 2 17 16 42 AQUIIII!!9 55 
2 34 7 16 27 13 21 10 17 42 28 9 11 29 40 
AQUIIII!!21 17 7 16 40 42 27 34 29 9 10 13 11 28 2 55 
AQUIIII!!55 17 34 12 27 2 15 0 1 29 21 16 24 7 37 40 
AQUIIII!!55 16 24 12 51 15 AQUIIII!!27 55 28 18 28 21 2 34 42 29 37 7 2 42 13 1 40 0 27 17 11 
14 29 21 10 9 
AQUIIII!!29 19 37 24 3 54 6 8 23 35 AQUIIII!!5 17 48 1 53 22 2 4 27 49 7 
0 12 16 15 37 29 24 21 40 34 55 
AQUIIII!!29 1 12 27 16 34 40 17 21 15 24 7 37 2 0 55 
AQUIIII!!11 10 7 34 42 18 27 2 28 21 14 29 13 9 40 55 
AQUIIII!!11 13 18 10 27 34 14 29 40 7 28 9 42 2 21 55 
AQUIIII!!55 10 2 27 34 21 28 7 29 16 17 12 15 9 24 40 
AQUIIII!!55 17 7 10 AQUIIII!!12 21 40 40 16 9 10 2 29 28 34 11 27 34 7 15 15 27 21 16 42 28 24 29 2 
9 17 55 
AQUIIII!!27 28 16 9 17 7 29 21 11 42 34 2 40 10 13 55 
AQUIIII!!17 29 12 34 16 2 40 21 24 15 7 9 0 27 37 55 
AQUIIII!!55 0 24 51 15 37 17 27 12 42 21 28 29 1 2 16 
AQUIIII!!2 37 12 28 17 27 15 24 1 42 0 16 29 51 21 55 
AQUIIII!!55 40 7 42 10 29 18 27 2 9 13 11 28 20 14 34 
AQUIIII!!55 2 40 29 11 9 7 14 27 10 42 34 13 21 28 18 
AQUIIII!!55 11 13 29 7 9 18 34 40 28 10 21 27 14 2 42 
AQUIIII!!55 40 2 24 9 7 12 16 0 37 29 15 34 AQUIIII!!21 55 17 37 27 27 
42 15 29 21 28 16 51 12 0 24 1 17 2 
AQUIIII!!7 13 27 10 40 28 17 42 9 21 29 16 34 11 2 55 
AQUIIII!!15 24 10 40 7 27 28 29 34 21 16 17 2 12 9 55 
AQUIIII!!16 55 17 27 21 34 0 12 AQUIIII!!9 13 15 11 40 2 24 18 2 34 37 9 29 14 7 7 
10 28 42 20 29 40 27 55 
AQUIIII!!55 12 27 34 15 9 0 21 29 37 24 16 17 40 2 7 
AQUIIII!!16 55 40 42 28 9 11 27 17 34 2 13 29 21 7 10 
AQUIIII!!12 7 24 34 29 40 16 27 9 2 37 17 21 15 0 55 
AQUIIII!!55 21 29 2 14 34 10 42 9 11 40 27 17 28 7 13 
AQUIIII!!13 55 27 34 40 29 14 9 10 11 42 2 7 18 20 28 
AQUIIII!!15 40 21 7 0 12 24 37 27 34 17 16 29 1 2 55 
AQUIIII!!21 13 7 42 16 2 17 29 11 28 10 27 40 34 9 55 
AQUIIII!!55 17 21 27 2 9 0 12 37 16 15 7 34 24 40 29 
AQUIIII!!12 37 2 15 0 40 21 29 34 17 9 7 24 27 55 16 
AQUIIII!!16 55 11 42 9 34 27 15 10 17 28 29 7 40 21 2 
AQUIIII!!2 17 27 1 28 15 24 42 0 51 29 37 21 16 12 55 
AQUIIII!!55 28 7 11 27 10 13 21 34 9 40 17 14 29 2 42 
AQUIIII!!29 0 24 21 37 51 17 12 15 1 16 27 28 2 42 55 
AQUIIII!!2 12 27 24 37 21 17 16 15 29 34 9 0 7 40 55 
AQUIIII!!2 7 42 21 27 10 28 40 34 9 14 17 29 13 11 55 
AQUIIII!!15 40 7 21 9 17 24 27 34 28 10 2 12 29 16 55 
AQUIIII!!9 34 28 21 2 7 11 29 14 42 27 13 18 40 10 55 
AQUIIII!!9 42 21 40 18 34 14 7 27 29 2 28 13 10 11 55 
AQUIIII!!40 34 12 27 0 29 16 2 1 17 7 21 15 37 24 55 
AQUIIII!!34 1 24 15 0 12 27 17 40 29 37 16 21 7 2 55 
AQUIIII!!9 27 29 21 40 7 17 11 28 2 42 16 10 34 55 13 
Number of Cuts in the second phase:3323
Number of repeat: 3215 
Violation: 432.000000
Violation: 342.000000
Violation: 328.000000
Violation: 291.000000
Violation: 510.000000
Violation: 606.000000
Violation: 339.000000
Violation: 266.000000
Violation: 763.000000
Violation: 853.000000
Violation: 483.000000
Violation: 498.000000
Violation: 548.000000
Violation: 543.000000
Violation: 112.000000
Violation: 599.000000
Violation: 200.000000
Violation: 170.000000
Violation: 395.000000
Violation: 370.000000
Violation: 948.000000
Violation: 275.000000
Violation: 342.000000
Violation: 521.000000
Violation: 406.000000
Violation: 232.000000
Violation: 168.000000
Violation: 359.000000
Violation: 739.000000
Violation: 342.000000
Violation: 313.000000
Violation: 314.000000
Violation: 341.000000
Violation: 436.000000
Violation: 103.000000
Violation: 483.000000
Violation: 169.000000
Violation: 318.000000
Violation: 995.000000
Violation: 569.000000
Violation: 1090.000000
Violation: 775.000000
Violation: 428.000000
Violation: 514.000000
Violation: 140.000000
Violation: 55.000000
Violation: 620.000000
Violation: 226.000000
Violation: 111.000000
Violation: 341.000000
Violation: 939.000000
Violation: 55.000000
Violation: 199.000000
Violation: 32.000000
Violation: 426.000000
Violation: 283.000000
Violation: 346.000000
Violation: 798.000000
Violation: 236.000000
Violation: 431.000000
Violation: 939.000000
Violation: 569.000000
Violation: 294.000000
Violation: 162.000000
Violation: 147.000000
Violation: 255.000000
Violation: 454.000000
Violation: 485.000000
Violation: 55.000000
Violation: 370.000000
Violation: 542.000000
Violation: 748.000000
Violation: 394.000000
Violation: 603.000000
Violation: 226.000000
Violation: 623.000000
Violation: 428.000000
Violation: 456.000000
Violation: 770.000000
Violation: 454.000000
Violation: 284.000000
Violation: 71.000000
Violation: 939.000000
Violation: 85.000000
Violation: 319.000000
Violation: 222.000000
Violation: 171.000000
Violation: 280.000000
Violation: 339.000000
Violation: 5.000000
Violation: 285.000000
Violation: 11.000000
Violation: 318.000000
Violation: 319.000000
Violation: 499.000000
Violation: 36.000000
Violation: 114.000000
Violation: 291.000000
Violation: 291.000000
Violation: 377.000000
Violation: 175.000000
Violation: 113.000000
Violation: 310.000000
Violation: 342.000000
Violation: 226.000000
Violation: 747.000000
Violation: 216.000000
Violation: 284.000000
took 4.711663
Optimize a model with 803 rows, 906 columns and 11347 nonzeros
Coefficient statistics:
  Matrix range     [1e+00, 4e+01]
  Objective range  [0e+00, 0e+00]
  Bounds range     [1e+00, 4e+01]
  RHS range        [1e+00, 1e+02]
Presolve removed 393 rows and 108 columns
Presolve time: 0.00s
Presolved: 410 rows, 798 columns, 9406 nonzeros

Iteration    Objective       Primal Inf.    Dual Inf.      Time
       0    0.0000000e+00   4.570005e+01   0.000000e+00      0s
     137    0.0000000e+00   0.000000e+00   0.000000e+00      0s

Solved in 137 iterations and 0.01 seconds
Optimal objective  0.000000000e+00
