j3017_4.mm_s4.txt
Academic license - for non-commercial use only
Read LP format model from file lp/j3017_4.mm.lp
Reading time = 0.01 seconds
: 351 rows, 906 columns, 9053 nonzeros
OKGPU
nThreads: 1024 , nBlocks: 12 
Number cuts generated in the phase 1: 11
Number of repeat: 4 
violation 750.000000
violation 400.000000
violation 420.000000
violation 249.000000
violation 84.000000
violation 139.000000
violation 800.000000
8592 16
AQUIIII!!53 27 29 24 15 51 48 9 28 21 11 20 47 31 50 22 
AQUIIII!!51 53 19 15 24 28 29 31 11 21 48 9 47 27 22 20 
AQUIIII!!18 11 27 AQUIIII!!9 AQUIIII!!21 15 51 53 22 28 24 AQUIIII!!29 19 53 11 48 31 22 20 23 51 47 22 27 51 15 9 11 31 28 48 10 27 47 22 48 29 50 48 31 9 21 29 21 20 28 47 15 21 
24 11 47 29 51 19 24 53 19 

24 31 20 9 27 53 
AQUIIII!!4 1 47 28 18 8 31 2 24 20 3 27 19 21 29 38 
AQUIIII!!47 51 53 27 48 11 29 24 9 15 50 31 22 21 28 20 
AQUIIII!!18 8 28 9 27 24 47 22 48 19 51 31 29 20 21 53 
AQUIIII!!51 29 AQUIIII!!23 47 31 AQUIIII!!22 50 53 9 16 11 17 27 50 9 10 27 48 47 14 24 29 25 21 11 21 15 13 10 11 15 22 23 22 48 31 53 9 37 
50 24 10 27 23 
31 15 53 51 
AQUIIII!!53 27 4 47 31 21 28 24 8 20 38 18 48 51 19 29 
AQUIIII!!51 4 47 24 19 21 18 28 27 48 31 38 29 8 20 53 
AQUIIII!!53 24 27 29 28 21 11 20 51 47 31 22 19 48 9 18 
AQUIIII!!53 10 15 51 25 9 13 27 14 50 22 AQUIIII!!23 53 24 10 48 24 11 9 31 11 
27 51 48 13 15 31 25 14 50 22 23 
AQUIIII!!AQUIIII!!53 53 20 21 21 4 9 31 24 19 18 51 51 27 27 28 47 29 28 18 48 38 29 8 8 20 31 48 22 47 19 24 

AQUIIII!!53 19 18 AQUIIII!!20 20 22 53 27 38 48 24 29 48 31 18 AQUIIII!!51 21 11 53 51 21 21 AQUIIII!!27 24 22 31 51 28 48 47 8 31 27 9 4 29 
19 19 19 29 47 28 29 15 28 15 20 
27 11 47 31 9 47 24 48 11 
21 9 22 20 24 28 51 53 
AQUIIII!!22 37 10 11 31 51 9 16 14 13 15 50 27 23 25 53 
AQUIIII!!53 11 48 10 24 15 29 50 51 23 9 27 31 22 47 21 
AQUIIII!!29 10 9 27 AQUIIII!!24 28 47 11 31 31 27 15 51 22 11 50 48 AQUIIII!!21 21 13 23 24 24 48 29 11 53 50 51 9 51 15 20 
10 47 23 15 27 22 14 53 25 
50 22 9 48 31 53 
AQUIIII!!53 31 10 50 47 23 AQUIIII!!15 53 22 21 48 20 27 47 11 31 24 48 21 22 51 11 9 15 29 24 
51 9 50 29 28 27 
AQUIIII!!47 53 51 24 18 48 29 31 8 27 38 19 4 20 28 21 
AQUIIII!!AQUIIII!!21 24 27 25 47 10 10 51 11 11 23 9 31 15 48 50 24 23 51 13 50 22 9 47 22 27 29 48 15 31 53 53 

AQUIIII!!53 24 29 20 11 9 31 19 48 28 21 27 22 47 18 51 
AQUIIII!!AQUIIII!!53 51 51 53 29 25 20 23 21 22 47 50 9 13 48 11 19 9 11 14 27 10 31 28 37 18 31 24 15 22 27 
16 
AQUIIII!!10 15 11 24 9 51 50 22 31 14 25 23 27 13 48 53 
AQUIIII!!53 23 15 37 10 11 9 31 16 14 22 13 25 27 50 51 
AQUIIII!!53 8 19 21 51 24 27 20 18 28 29 47 38 48 31 4 
AQUIIII!!13 11 9 15 31 AQUIIII!!25 27 10 17 13 22 31 AQUIIII!!16 25 37 21 9 50 20 15 23 18 14 27 31 50 14 53 47 22 
23 19 24 24 10 38 51 8 11 29 48 51 53 4 AQUIIII!!
48 25 27 31 28 27 53 15 
23 50 AQUIIII!!16 9 14 37 10 11 AQUIIII!!AQUIIII!!22 16 27 22 13 11 13 24 22 37 31 23 19 13 10 22 51 9 15 23 20 17 11 AQUIIII!!15 29 51 53 53 27 9 50 
13 14 48 27 25 25 8 25 17 47 50 24 18 22 10 14 31 9 17 23 48 37 53 31 28 
53 9 21 10 
53 AQUIIII!!15 
50 29 14 51 31 21 27 31 11 27 16 48 
24 8 18 47 28 20 9 19 22 AQUIIII!!53 53 
31 11 51 50 22 9 24 47 AQUIIII!!27 53 15 27 48 48 21 18 10 29 23 19 29 21 
47 9 22 11 31 20 51 28 24 
AQUIIII!!53 48 8 20 47 21 29 24 19 27 51 18 31 38 28 4 
AQUIIII!!20 53 29 22 24 48 11 19 31 28 21 47 9 18 27 51 
AQUIIII!!53 9 24 22 20 18 28 19 27 11 31 51 29 47 21 48 
AQUIIII!!53 13 10 24 48 14 25 27 15 23 51 11 AQUIIII!!31 53 9 22 22 19 50 29 
51 31 47 24 28 9 21 18 27 20 48 8 
AQUIIII!!53 9 28 24 31 51 22 21 8 48 47 27 AQUIIII!!19 29 22 18 9 20 
15 20 48 50 28 31 27 29 24 47 21 11 51 53 
AQUIIII!!53 27 AQUIIII!!9 13 16 22 31 47 27 11 10 13 50 AQUIIII!!25 51 53 14 24 31 23 15 11 17 15 48 22 19 23 11 48 31 37 29 10 15 25 20 9 50 22 53 

28 21 24 27 51 9 47 
AQUIIII!!53 24 31 9 27 51 21 22 29 19 18 48 20 28 8 47 
AQUIIII!!53 9 22 13 23 14 50 10 51 11 15 31 48 27 24 25 
AQUIIII!!31 9 24 20 19 28 47 18 29 22 8 27 21 48 51 53 
AQUIIII!!51 18 21 20 31 4 27 24 8 28 38 29 19 48 47 3 
AQUIIII!!53 11 22 31 27 16 37 14 23 13 AQUIIII!!10 53 9 19 51 29 25 31 15 21 50 27 
4 47 20 38 24 8 51 28 18 48 
AQUIIII!!22 15 AQUIIII!!24 50 48 27 11 47 28 9 19 24 31 51 20 9 31 21 15 47 29 29 27 51 20 11 53 21 
28 48 22 53 
AQUIIII!!53 20 11 24 28 15 47 21 48 22 9 27 31 AQUIIII!!51 29 53 50 31 
19 AQUIIII!!29 51 53 20 48 47 18 28 51 4 21 22 47 48 28 15 29 9 AQUIIII!!27 53 24 24 11 47 38 9 21 AQUIIII!!19 27 19 15 31 
18 25 8 31 27 20 29 50 
13 51 17 21 9 28 37 8 14 11 20 16 48 10 24 23 27 22 22 31 
53 
AQUIIII!!53 13 22 31 10 11 14 15 50 9 23 51 24 27 48 25 
AQUIIII!!27 19 24 29 20 31 51 9 48 21 28 22 47 11 15 53 
AQUIIII!!48 9 31 24 29 8 20 51 21 28 47 19 22 27 18 53 
AQUIIII!!11 22 13 14 27 15 9 AQUIIII!!10 53 31 23 AQUIIII!!37 31 29 16 21 11 51 19 27 23 22 25 48 27 50 51 15 53 13 24 
9 50 24 28 15 51 25 48 22 31 47 20 9 47 10 11 
53 
AQUIIII!!53 24 47 AQUIIII!!22 53 20 13 21 31 48 31 15 27 51 10 9 23 27 48 8 25 29 22 18 51 19 24 28 9 
50 47 11 
AQUIIII!!53 51 22 9 20 28 11 47 27 50 24 21 48 31 29 15 
AQUIIII!!20 53 21 11 19 47 29 22 51 18 31 9 28 27 24 48 
AQUIIII!!53 28 22 21 31 20 51 18 27 29 8 48 24 19 47 9 
AQUIIII!!53 31 21 48 24 29 20 8 28 51 19 9 22 18 47 27 
AQUIIII!!47 18 29 31 48 19 27 24 51 8 38 28 4 21 20 53 
AQUIIII!!27 19 31 21 29 38 3 8 24 20 2 18 28 1 47 4 
AQUIIII!!53 51 27 21 28 20 11 48 29 24 47 50 15 9 22 31 
AQUIIII!!31 13 27 23 16 37 50 22 11 14 15 9 25 10 51 53 
AQUIIII!!53 22 9 27 51 28 24 31 48 19 11 20 47 21 15 29 
AQUIIII!!53 24 11 23 27 10 48 15 9 29 31 51 50 21 47 22 
AQUIIII!!31 27 48 10 24 47 9 50 22 51 23 11 15 29 21 53 
AQUIIII!!51 8 20 19 29 47 24 28 27 31 18 9 22 21 48 53 
AQUIIII!!27 31 48 28 9 11 15 24 47 21 50 22 29 53 51 20 
AQUIIII!!53 11 9 16 13 23 10 22 31 37 17 15 25 27 50 14 
AQUIIII!!51 53 10 27 25 23 15 13 16 14 11 AQUIIII!!37 53 50 9 22 22 31 15 9 51 AQUIIII!!
24 8 13 27 14 51 10 48 AQUIIII!!31 19 4 27 31 47 25 47 21 50 18 8 11 29 28 23 27 29 48 24 20 
28 38 19 4 3 24 18 21 31 53 20 
48 51 38 
AQUIIII!!29 27 19 31 8 51 18 28 21 22 20 48 9 47 24 53 
AQUIIII!!25 22 37 16 14 23 50 31 51 27 13 15 AQUIIII!!9 22 11 51 10 27 53 28 
19 18 9 47 11 29 20 31 24 48 21 53 
AQUIIII!!51 48 47 15 28 20 27 11 9 29 31 22 19 24 21 53 
AQUIIII!!20 27 21 9 24 22 28 50 11 15 51 47 31 29 48 53 
AQUIIII!!18 22 24 28 51 27 11 29 20 48 47 9 31 19 21 53 
AQUIIII!!31 29 11 23 47 24 27 15 50 48 21 22 51 9 10 53 
AQUIIII!!53 47 27 20 8 48 51 21 22 24 28 31 19 18 AQUIIII!!31 29 23 9 27 
15 48 AQUIIII!!21 14 9 9 47 25 51 50 10 10 29 22 50 51 22 37 24 11 11 23 53 16 
27 31 15 13 53 
AQUIIII!!27 15 24 50 47 51 23 22 31 25 AQUIIII!!11 24 10 21 48 13 51 9 28 53 48 
15 AQUIIII!!29 53 31 22 47 47 20 9 21 22 28 11 15 19 9 27 11 19 20 24 53 51 
27 31 48 29 
AQUIIII!!37 9 17 10 AQUIIII!!14 11 15 22 25 13 13 16 23 50 10 22 27 11 31 23 15 25 27 37 16 14 31 50 53 9 
17 53 
AQUIIII!!53 21 48 19 31 47 20 9 29 22 18 51 28 27 8 24 
AQUIIII!!14 27 25 48 10 31 22 11 13 50 24 23 15 9 53 51 
AQUIIII!!53 9 31 51 22 24 47 48 28 20 11 27 29 19 18 21 
AQUIIII!!9 28 29 31 19 21 20 22 27 51 8 47 48 18 24 53 
AQUIIII!!53 27 14 51 24 10 13 9 22 11 48 25 31 15 50 23 
AQUIIII!!53 27 9 11 AQUIIII!!28 53 24 27 19 22 21 48 31 15 51 29 11 48 9 22 24 15 47 47 31 20 20 
21 51 29 50 28 
AQUIIII!!53 27 10 23 51 9 11 24 22 21 31 15 48 47 50 29 
AQUIIII!!20 53 11 21 31 28 51 27 22 24 18 19 29 9 47 48 
AQUIIII!!53 22 23 48 11 9 24 10 14 15 31 25 27 13 51 50 
AQUIIII!!51 53 50 27 25 23 13 48 10 22 31 24 9 47 15 11 
AQUIIII!!53 31 23 27 10 51 9 24 11 50 22 47 25 48 15 13 
AQUIIII!!27 29 11 28 9 31 18 51 19 21 47 24 22 48 20 53 
AQUIIII!!53 51 14 23 50 9 27 25 15 11 37 16 10 31 13 22 
AQUIIII!!29 47 9 48 10 23 31 50 22 11 24 27 15 21 53 51 
AQUIIII!!9 14 10 15 31 16 25 22 17 50 37 23 11 27 13 53 
AQUIIII!!14 23 25 50 27 13 10 15 AQUIIII!!51 31 53 11 22 16 15 9 24 37 22 13 53 27 
25 11 51 31 50 9 48 10 23 47 
AQUIIII!!31 23 13 51 9 50 24 48 27 14 10 11 22 15 25 53 
AQUIIII!!53 10 48 51 31 9 11 23 22 24 14 27 15 50 13 25 
AQUIIII!!AQUIIII!!9 22 8 50 20 47 47 9 31 51 21 24 18 25 24 11 48 13 29 15 28 23 22 31 51 27 19 10 27 48 53 53 

AQUIIII!!53 31 24 38 27 20 19 21 48 51 18 4 8 28 29 47 
AQUIIII!!27 9 48 AQUIIII!!29 11 47 9 31 28 51 21 24 47 50 21 15 22 29 11 24 28 31 20 22 27 19 AQUIIII!!48 15 53 51 53 23 20 
10 53 22 
27 16 17 14 13 9 15 25 11 50 31 37 
AQUIIII!!53 25 37 22 11 14 16 27 13 9 15 23 51 10 50 31 
AQUIIII!!53 8 21 18 47 48 31 28 51 38 24 19 20 27 4 29 
AQUIIII!!51 14 11 50 9 15 31 23 24 13 25 48 22 27 10 53 
AQUIIII!!14 11 51 48 13 15 27 31 22 10 9 25 24 23 50 53 
AQUIIII!!47 53 51 27 11 20 28 24 31 21 48 15 50 29 9 22 
AQUIIII!!18 9 29 48 28 19 22 21 31 51 8 27 47 24 20 53 
AQUIIII!!53 31 14 37 16 23 9 AQUIIII!!11 53 22 47 50 10 31 13 48 15 15 11 10 51 25 25 51 13 50 27 27 
23 22 24 9 
AQUIIII!!53 24 15 47 11 31 25 13 27 23 22 50 10 48 9 51 
AQUIIII!!22 27 47 11 9 31 29 24 51 AQUIIII!!20 53 21 4 48 21 18 31 19 27 28 51 53 48 
28 29 20 8 38 47 18 19 24 
AQUIIII!!2 4 47 3 27 31 29 18 19 28 8 1 21 24 38 20 
AQUIIII!!48 24 9 51 10 11 25 13 14 23 27 50 22 31 15 53 
AQUIIII!!21 11 19 24 47 48 20 9 51 29 22 27 31 28 15 53 
AQUIIII!!28 4 29 27 51 20 48 AQUIIII!!47 21 19 21 53 38 20 31 31 8 18 19 24 27 53 
48 8 29 22 28 24 51 9 18 47 
AQUIIII!!9 37 15 50 25 16 22 31 17 27 14 23 10 13 11 AQUIIII!!53 15 31 
10 27 16 37 9 22 50 51 25 11 13 23 14 53 
AQUIIII!!53 48 15 20 31 21 11 AQUIIII!!19 27 53 22 51 47 24 51 48 29 4 9 21 24 47 28 28 
29 8 38 31 27 19 20 18 
AQUIIII!!53 15 9 24 22 13 48 31 50 27 10 14 23 51 25 11 
AQUIIII!!53 9 19 47 51 11 21 29 24 48 20 18 27 22 31 28 
AQUIIII!!AQUIIII!!20 53 48 24 23 21 27 50 31 15 21 51 51 48 47 15 22 31 29 11 9 28 19 47 9 10 
29 24 22 27 11 53 
AQUIIII!!50 48 20 28 11 22 15 29 31 9 24 21 51 27 47 53 
AQUIIII!!47 51 53 27 48 31 28 38 20 8 4 24 18 21 29 19 
AQUIIII!!15 9 50 16 25 23 13 51 31 14 11 37 22 27 10 53 
AQUIIII!!31 9 51 23 27 50 37 15 14 11 10 25 16 13 22 53 
Number of Cuts in the second phase:3466
Number of repeat: 3288 
Violation: 500.000000
Violation: 600.000000
Violation: 600.000000
Violation: 136.000000
Violation: 245.000000
Violation: 84.000000
Violation: 284.000000
Violation: 252.000000
Violation: 568.000000
Violation: 750.000000
Violation: 250.000000
Violation: 600.000000
Violation: 200.000000
Violation: 500.000000
Violation: 110.000000
Violation: 250.000000
Violation: 200.000000
Violation: 200.000000
Violation: 1200.000000
Violation: 400.000000
Violation: 250.000000
Violation: 537.000000
Violation: 333.000000
Violation: 55.000000
Violation: 200.000000
Violation: 200.000000
Violation: 500.000000
Violation: 200.000000
Violation: 168.000000
Violation: 100.000000
Violation: 533.000000
Violation: 400.000000
Violation: 200.000000
Violation: 400.000000
Violation: 136.000000
Violation: 167.000000
Violation: 33.000000
Violation: 55.000000
Violation: 200.000000
Violation: 1000.000000
Violation: 600.000000
Violation: 800.000000
Violation: 200.000000
Violation: 1250.000000
Violation: 168.000000
Violation: 200.000000
Violation: 385.000000
Violation: 556.000000
Violation: 251.000000
Violation: 1000.000000
Violation: 150.000000
Violation: 223.000000
Violation: 1200.000000
Violation: 600.000000
Violation: 185.000000
Violation: 368.000000
Violation: 194.000000
Violation: 385.000000
Violation: 1000.000000
Violation: 500.000000
Violation: 101.000000
Violation: 1000.000000
Violation: 200.000000
Violation: 315.000000
Violation: 249.000000
Violation: 400.000000
Violation: 50.000000
Violation: 400.000000
Violation: 1200.000000
Violation: 33.000000
Violation: 200.000000
Violation: 500.000000
Violation: 250.000000
Violation: 26.000000
Violation: 583.000000
Violation: 500.000000
Violation: 333.000000
Violation: 1000.000000
Violation: 500.000000
Violation: 200.000000
Violation: 600.000000
Violation: 346.000000
Violation: 200.000000
Violation: 400.000000
Violation: 179.000000
Violation: 333.000000
Violation: 400.000000
Violation: 92.000000
Violation: 284.000000
Violation: 1000.000000
Violation: 500.000000
Violation: 833.000000
Violation: 200.000000
Violation: 249.000000
Violation: 1000.000000
Violation: 250.000000
Violation: 200.000000
Violation: 33.000000
Violation: 168.000000
Violation: 700.000000
Violation: 500.000000
Violation: 333.000000
Violation: 272.000000
Violation: 400.000000
Violation: 165.000000
Violation: 83.000000
Violation: 250.000000
Violation: 245.000000
Violation: 250.000000
Violation: 1250.000000
Violation: 200.000000
Violation: 1000.000000
Violation: 249.000000
Violation: 750.000000
Violation: 310.000000
Violation: 833.000000
Violation: 34.000000
Violation: 1200.000000
Violation: 484.000000
Violation: 750.000000
Violation: 750.000000
Violation: 200.000000
Violation: 194.000000
Violation: 600.000000
Violation: 1200.000000
Violation: 68.000000
Violation: 333.000000
Violation: 1200.000000
Violation: 200.000000
Violation: 284.000000
Violation: 359.000000
Violation: 226.000000
Violation: 83.000000
Violation: 251.000000
Violation: 969.000000
Violation: 595.000000
Violation: 333.000000
Violation: 84.000000
Violation: 168.000000
Violation: 200.000000
Violation: 136.000000
Violation: 200.000000
Violation: 529.000000
Violation: 250.000000
Violation: 31.000000
Violation: 450.000000
Violation: 583.000000
Violation: 833.000000
Violation: 666.000000
Violation: 1.000000
Violation: 142.000000
Violation: 105.000000
Violation: 800.000000
Violation: 156.000000
Violation: 185.000000
Violation: 683.000000
Violation: 110.000000
Violation: 537.000000
Violation: 100.000000
Violation: 200.000000
Violation: 447.000000
Violation: 33.000000
Violation: 66.000000
Violation: 333.000000
Violation: 272.000000
Violation: 1200.000000
Violation: 582.000000
Violation: 86.000000
Violation: 333.000000
Violation: 372.000000
Violation: 400.000000
Violation: 800.000000
Violation: 100.000000
Violation: 500.000000
Violation: 484.000000
Violation: 500.000000
Violation: 136.000000
Violation: 97.000000
8592 16
AQUIIII!!53 22 50 48 10 27 11 AQUIIII!!31 53 51 11 21 24 29 15 21 47 19 29 27 AQUIIII!!9 53 24 23 9 47 
13 51 25 24 18 48 31 22 48 31 11 28 50 22 23 20 14 10 9 51 
15 27 
AQUIIII!!53 AQUIIII!!21 53 22 29 51 18 18 27 28 20 51 19 20 9 11 27 22 31 21 28 47 48 9 11 31 29 19 24 AQUIIII!!48 53 47 24 51 
27 
22 48 9 19 29 24 18 20 21 8 31 47 28 
AQUIIII!!51 53 AQUIIII!!31 47 13 4 22 29 23 19 24 8 10 AQUIIII!!9 27 51 18 15 53 50 21 29 48 24 18 47 31 20 25 3 48 11 20 19 27 51 8 
28 24 48 27 38 22 
47 31 9 28 21 
AQUIIII!!15 21 27 9 11 23 22 50 24 48 10 31 29 53 47 51 
AQUIIII!!AQUIIII!!14 28 25 15 27 9 50 51 24 22 22 20 15 29 10 21 11 27 13 11 48 50 AQUIIII!!31 47 18 51 31 28 23 48 29 9 24 31 53 53 48 

4 27 8 24 51 47 20 19 21 38 53 AQUIIII!!
50 24 21 51 11 48 47 28 20 AQUIIII!!53 22 4 31 47 27 28 20 9 8 15 29 29 24 51 53 27 
19 18 38 31 21 48 
AQUIIII!!53 31 37 11 AQUIIII!!51 22 53 9 47 25 8 16 28 24 15 21 13 29 50 9 18 10 48 23 22 14 31 27 19 20 17 27 

AQUIIII!!47 20 11 27 24 31 9 22 48 50 21 28 29 15 51 53 
AQUIIII!!53 14 10 31 15 11 50 13 9 27 51 37 22 23 25 16 AQUIIII!!
22 50 51 23 15 31 11 AQUIIII!!10 50 48 9 9 23 27 27 24 10 13 24 25 13 AQUIIII!!47 25 53 20 
28 14 AQUIIII!!8 53 22 AQUIIII!!21 48 51 31 15 28 24 18 15 9 20 AQUIIII!!29 47 11 50 51 27 28 22 48 48 9 29 22 16 9 27 53 27 22 15 9 19 21 51 14 31 47 47 8 31 
18 24 24 22 
11 31 25 AQUIIII!!20 51 10 53 51 9 50 19 29 28 27 48 21 21 13 31 8 23 53 53 18 11 20 

37 22 53 31 29 
47 27 51 24 19 48 
AQUIIII!!53 21 19 27 9 48 11 51 29 20 28 47 24 18 31 22 
AQUIIII!!53 47 19 31 24 21 8 29 51 18 22 28 20 9 27 48 
AQUIIII!!21 48 50 22 31 11 27 20 9 47 28 15 29 24 51 53 
AQUIIII!!48 11 47 9 29 24 21 50 15 22 51 27 23 10 31 53 
AQUIIII!!27 11 48 51 28 21 50 31 9 20 24 22 15 29 47 53 
AQUIIII!!28 9 51 47 19 AQUIIII!!48 18 24 8 18 28 8 20 29 47 31 48 27 51 20 27 22 21 21 9 24 53 29 
22 31 19 53 
AQUIIII!!51 53 27 18 20 48 31 8 47 9 21 29 22 24 28 19 
AQUIIII!!51 53 31 48 4 8 18 27 24 47 28 29 20 21 19 38 
AQUIIII!!53 51 10 15 14 9 25 23 11 AQUIIII!!24 47 27 AQUIIII!!20 31 51 24 50 53 22 9 19 48 11 47 28 13 11 
21 9 31 24 22 28 29 20 27 48 51 29 18 21 27 48 19 15 31 53 
22 
AQUIIII!!22 48 47 24 51 18 9 19 29 21 20 11 31 27 28 53 
AQUIIII!!38 28 21 24 8 31 4 29 19 3 18 20 27 47 1 2 
AQUIIII!!53 10 23 50 11 31 25 15 27 51 24 9 13 22 47 48 
AQUIIII!!53 50 23 14 13 10 25 16 17 27 37 15 31 11 22 9 
AQUIIII!!22 11 9 51 24 31 50 15 10 23 25 48 27 13 14 53 
AQUIIII!!53 13 10 AQUIIII!!50 53 9 15 11 22 31 16 25 AQUIIII!!15 27 53 51 23 48 17 9 11 37 25 50 23 37 47 11 27 15 14 22 10 21 14 23 16 
50 29 22 13 31 31 
51 24 9 10 27 
AQUIIII!!AQUIIII!!53 21 9 53 51 27 29 19 8 24 24 31 47 28 20 8 28 22 48 18 18 19 20 38 21 48 29 27 47 4 
51 31 
AQUIIII!!20 51 53 AQUIIII!!50 10 28 27 21 50 24 9 15 AQUIIII!!25 48 3 27 9 4 15 31 2 29 11 47 22 48 28 47 51 18 11 14 27 31 22 19 
24 20 31 23 38 13 8 53 48 
29 21 24 
AQUIIII!!53 51 10 50 25 22 23 14 9 31 15 27 13 24 48 11 
AQUIIII!!20 11 15 21 47 50 27 24 51 29 9 48 31 28 22 53 
AQUIIII!!8 38 29 21 28 AQUIIII!!48 27 47 51 4 11 31 31 20 19 29 18 21 24 19 2 48 3 15 47 24 
9 27 22 20 28 53 
AQUIIII!!53 15 AQUIIII!!10 21 53 25 51 11 27 16 4 14 20 23 17 24 48 37 9 18 27 47 31 38 13 31 50 28 22 8 
19 29 
AQUIIII!!3 47 4 8 2 38 29 18 31 24 21 AQUIIII!!21 20 19 19 29 28 27 48 51 27 28 48 
20 22 47 9 8 31 18 24 53 
AQUIIII!!53 19 48 51 31 29 8 21 47 38 27 20 28 18 4 24 
AQUIIII!!27 38 48 51 AQUIIII!!29 11 47 27 4 25 48 31 15 21 23 13 19 9 28 24 AQUIIII!!18 31 31 47 24 29 10 8 9 22 20 22 50 50 53 53 51 11 
21 
27 20 51 15 48 24 28 47 53 
AQUIIII!!10 13 31 9 AQUIIII!!47 15 25 3 48 2 51 28 50 29 11 4 24 22 19 14 24 27 27 23 53 31 
38 48 8 21 20 18 
AQUIIII!!4 1 47 2 24 27 20 21 3 18 31 38 8 19 28 29 
AQUIIII!!9 22 16 25 AQUIIII!!10 53 14 17 31 11 27 13 11 50 15 37 AQUIIII!!20 27 51 15 50 31 23 51 15 31 24 11 53 48 9 
21 48 21 22 22 28 24 47 19 9 28 29 29 
27 20 47 53 
AQUIIII!!47 24 21 48 29 18 AQUIIII!!31 53 9 25 28 27 8 31 51 13 27 23 20 51 19 47 22 48 53 50 
AQUIIII!!10 53 22 31 11 19 24 22 9 47 15 18 
21 20 28 8 27 9 48 29 51 24 
AQUIIII!!51 48 10 25 15 31 50 27 22 47 13 23 24 9 11 53 
AQUIIII!!11 48 9 51 AQUIIII!!19 15 21 47 29 21 22 29 24 24 31 28 48 20 20 15 28 27 51 47 11 53 50 27 
22 31 9 53 
AQUIIII!!25 51 13 14 10 9 15 23 22 50 31 11 27 37 16 53 
AQUIIII!!18 21 20 24 47 48 8 31 27 19 28 9 51 29 22 53 
AQUIIII!!20 53 21 31 22 27 24 48 47 51 11 15 9 29 28 19 
AQUIIII!!28 21 29 48 19 51 31 22 11 20 24 27 9 18 47 53 
AQUIIII!!53 51 15 20 22 24 21 27 29 9 48 47 31 50 28 11 
AQUIIII!!51 47 24 48 AQUIIII!!53 25 11 11 51 10 18 13 29 15 21 31 9 27 24 50 28 9 20 23 31 22 27 53 19 48 
47 22 
AQUIIII!!53 9 15 48 31 22 47 29 10 21 24 23 50 27 11 51 
AQUIIII!!20 21 24 8 48 29 28 19 18 9 27 47 31 22 51 53 
AQUIIII!!AQUIIII!!15 15 16 23 9 11 50 27 27 11 24 10 22 10 17 14 13 25 50 31 31 51 14 9 25 48 22 13 53 23 
37 53 
AQUIIII!!31 AQUIIII!!27 48 53 29 14 28 18 31 20 9 8 24 16 21 47 11 38 51 19 51 50 AQUIIII!!4 22 53 53 
37 28 27 21 15 31 13 27 10 25 51 23 4 
48 19 18 38 24 8 47 20 29 
AQUIIII!!53 37 15 22 23 50 16 13 10 31 14 25 11 51 9 27 
AQUIIII!!53 15 51 31 13 23 24 22 48 47 50 27 10 11 9 25 
AQUIIII!!19 20 51 AQUIIII!!38 31 8 50 24 11 4 22 47 9 28 24 23 31 25 18 10 27 27 48 47 21 13 29 48 53 15 
53 51 
AQUIIII!!51 25 14 24 50 27 48 23 11 31 10 15 13 22 9 53 
AQUIIII!!9 AQUIIII!!25 53 31 50 27 29 15 31 50 15 14 23 37 22 10 13 48 23 9 11 47 16 51 17 10 22 24 53 27 
11 21 
AQUIIII!!17 37 25 14 11 10 50 31 13 27 23 9 15 22 16 53 
AQUIIII!!20 19 24 47 27 9 15 51 11 31 48 21 29 28 22 53 
AQUIIII!!9 48 14 24 13 50 25 27 23 51 22 11 15 10 31 53 
AQUIIII!!AQUIIII!!4 21 19 27 29 51 27 29 38 2 31 8 22 24 47 21 31 18 48 48 20 24 18 28 28 47 9 3 20 
19 8 53 
AQUIIII!!24 29 11 47 28 51 9 50 15 31 21 27 22 20 AQUIIII!!48 53 53 51 
20 18 27 21 29 48 11 47 22 19 9 28 24 31 
AQUIIII!!48 47 29 22 AQUIIII!!31 51 9 53 25 28 24 20 11 10 24 50 15 48 11 27 13 51 9 19 15 22 27 47 21 23 31 53 

AQUIIII!!53 47 11 21 15 48 22 20 9 27 29 31 51 24 28 19 
AQUIIII!!53 11 9 21 28 29 47 22 19 51 20 27 31 48 18 24 
AQUIIII!!22 50 48 24 10 9 21 15 29 27 47 11 31 23 53 51 
AQUIIII!!53 29 9 15 27 48 22 10 21 47 50 24 AQUIIII!!51 47 11 51 31 53 23 11 
31 48 27 13 15 10 23 9 24 25 50 22 
AQUIIII!!53 48 22 24 21 11 31 15 29 27 20 51 28 9 50 47 
AQUIIII!!53 24 29 27 8 21 31 19 AQUIIII!!47 20 53 29 48 38 11 28 22 18 31 51 18 4 48 
9 47 51 21 19 28 27 24 20 
AQUIIII!!20 27 28 11 47 9 31 24 22 48 29 50 15 21 53 51 
AQUIIII!!29 48 31 19 24 21 9 22 20 28 11 47 27 51 18 53 
AQUIIII!!27 28 24 AQUIIII!!21 47 29 11 19 10 18 51 38 22 31 25 3 9 8 50 2 27 AQUIIII!!48 23 47 47 48 23 4 24 10 20 13 15 24 
31 29 53 50 
11 9 31 22 51 48 27 15 53 21 
AQUIIII!!51 53 22 47 24 48 27 19 20 9 21 11 28 31 AQUIIII!!18 53 29 51 
21 28 8 24 4 29 31 47 48 19 27 18 20 38 
AQUIIII!!22 23 13 48 14 15 50 31 51 10 11 24 25 9 27 53 
AQUIIII!!25 14 24 50 27 13 48 51 11 10 23 31 15 9 22 53 
AQUIIII!!48 50 21 29 28 11 15 20 31 9 22 27 24 47 53 51 
AQUIIII!!29 22 31 27 9 28 15 21 11 48 19 AQUIIII!!24 53 47 48 53 15 20 25 51 27 
50 24 51 31 11 22 14 10 13 9 23 
AQUIIII!!53 20 9 24 31 27 48 50 51 11 29 28 15 22 47 21 
AQUIIII!!53 47 24 21 50 11 15 27 23 31 51 22 48 10 29 9 
AQUIIII!!21 53 28 20 22 51 27 9 48 15 19 47 11 31 29 24 
AQUIIII!!53 24 22 51 48 20 47 18 29 11 21 9 28 19 31 27 
AQUIIII!!53 24 9 23 25 48 51 27 AQUIIII!!22 22 50 21 51 10 20 9 11 15 15 24 31 47 11 13 28 29 31 27 48 
47 19 53 
AQUIIII!!48 31 29 11 15 51 47 19 22 27 24 28 9 20 21 53 
AQUIIII!!47 4 20 19 1 28 29 8 AQUIIII!!31 51 21 23 24 25 27 24 3 13 2 48 18 10 38 31 
22 15 47 AQUIIII!!50 53 11 9 31 27 15 53 9 
11 51 22 27 21 10 48 24 50 47 29 23 
AQUIIII!!24 51 18 48 28 22 31 9 20 11 27 29 19 21 47 53 
AQUIIII!!53 50 51 AQUIIII!!13 15 15 23 24 24 11 48 23 11 9 9 31 22 47 50 48 25 25 14 27 22 13 AQUIIII!!10 31 13 
10 51 51 47 27 10 53 23 
15 27 31 11 50 25 24 48 22 9 53 
AQUIIII!!53 24 48 47 13 9 22 31 15 51 11 25 23 50 27 10 
AQUIIII!!25 49 37 2 3 28 4 12 38 1 5 33 7 6 0 31 
AQUIIII!!27 9 51 10 47 15 31 11 48 24 50 25 23 13 22 53 
AQUIIII!!53 AQUIIII!!31 22 11 24 51 29 28 31 19 28 22 19 48 20 20 27 9 11 18 47 24 9 27 48 21 21 29 15 47 51 
53 
AQUIIII!!21 9 28 22 47 31 29 24 48 19 8 20 18 27 53 51 
AQUIIII!!53 22 50 AQUIIII!!23 53 10 25 48 15 51 31 11 21 13 24 9 24 27 51 11 29 10 22 AQUIIII!!9 50 27 15 31 8 23 48 47 38 
27 51 29 47 48 
47 31 19 18 20 24 21 28 4 53 
AQUIIII!!53 38 51 19 18 28 31 47 20 8 48 27 4 24 29 AQUIIII!!53 21 47 
48 29 15 19 27 11 31 22 28 20 AQUIIII!!9 21 10 51 51 24 47 AQUIIII!!
13 48 15 15 14 25 24 16 27 50 11 13 31 23 51 9 25 27 31 37 22 10 23 11 22 9 53 
50 53 
AQUIIII!!53 51 31 21 29 9 11 22 20 28 47 15 24 48 50 27 
AQUIIII!!21 28 11 47 9 15 31 51 27 48 22 29 24 50 53 20 
AQUIIII!!23 31 AQUIIII!!13 2 47 24 31 9 20 50 4 48 19 15 8 10 28 22 38 25 29 27 21 51 3 11 1 24 47 53 18 
27 
AQUIIII!!17 31 11 10 13 37 27 16 25 15 9 22 14 23 50 53 
AQUIIII!!53 28 22 24 29 48 47 11 27 9 50 20 15 31 21 51 
AQUIIII!!21 18 47 9 51 29 48 22 19 27 31 24 11 28 53 20 
AQUIIII!!22 51 47 20 48 18 19 9 24 31 29 27 21 28 8 53 
AQUIIII!!25 22 14 23 50 15 10 27 51 9 24 48 13 11 31 53 
AQUIIII!!51 53 27 24 23 11 14 22 13 10 31 50 48 25 15 9 
AQUIIII!!50 9 20 29 48 47 21 24 28 15 51 31 27 11 22 53 
AQUIIII!!20 53 47 8 38 21 28 48 27 31 24 29 4 18 19 51 
AQUIIII!!14 23 25 37 11 17 22 15 9 50 10 27 13 16 31 53 
AQUIIII!!53 31 19 9 11 48 22 29 27 18 28 51 24 20 21 47 
AQUIIII!!51 27 15 11 31 47 9 10 22 23 29 48 24 50 21 53 
AQUIIII!!27 29 11 22 15 50 47 31 51 20 28 48 24 9 21 53 
Number of Cuts in the second phase:3473
Number of repeat: 3391 
Violation: 833.000000
Violation: 1000.000000
Violation: 400.000000
Violation: 233.000000
Violation: 400.000000
Violation: 533.000000
Violation: 733.000000
Violation: 200.000000
Violation: 100.000000
Violation: 245.000000
Violation: 500.000000
Violation: 805.000000
Violation: 191.000000
Violation: 334.000000
Violation: 200.000000
Violation: 1.000000
Violation: 583.000000
Violation: 51.000000
Violation: 218.000000
Violation: 200.000000
Violation: 33.000000
Violation: 191.000000
Violation: 883.000000
Violation: 34.000000
Violation: 200.000000
Violation: 600.000000
Violation: 400.000000
Violation: 350.000000
Violation: 33.000000
Violation: 200.000000
Violation: 829.000000
Violation: 600.000000
Violation: 105.000000
Violation: 233.000000
Violation: 500.000000
Violation: 600.000000
Violation: 250.000000
Violation: 250.000000
Violation: 300.000000
Violation: 66.000000
Violation: 750.000000
Violation: 1000.000000
Violation: 1050.000000
Violation: 500.000000
Violation: 500.000000
Violation: 37.000000
Violation: 750.000000
Violation: 637.000000
Violation: 521.000000
Violation: 883.000000
Violation: 655.000000
Violation: 833.000000
Violation: 200.000000
Violation: 200.000000
Violation: 123.000000
Violation: 1037.000000
Violation: 165.000000
Violation: 333.000000
Violation: 200.000000
Violation: 1000.000000
Violation: 233.000000
Violation: 401.000000
Violation: 56.000000
Violation: 800.000000
Violation: 400.000000
Violation: 583.000000
Violation: 33.000000
Violation: 684.000000
Violation: 596.000000
Violation: 250.000000
Violation: 5.000000
Violation: 1200.000000
Violation: 500.000000
Violation: 500.000000
Violation: 401.000000
Violation: 200.000000
Violation: 1250.000000
Violation: 850.000000
Violation: 600.000000
Violation: 284.000000
Violation: 750.000000
Violation: 650.000000
2808 16
AQUIIII!!53 21 47 19 31 22 28 29 24 27 18 48 11 9 51 20 
AQUIIII!!47 9 27 51 22 28 31 11 20 24 29 19 18 48 53 21 
AQUIIII!!9 28 48 29 11 51 19 15 24 22 27 31 21 20 47 53 
AQUIIII!!27 31 13 51 48 10 23 11 25 47 9 22 15 50 24 53 
AQUIIII!!53 25 48 13 31 9 50 27 24 23 11 22 10 47 15 51 
AQUIIII!!53 51 11 22 27 47 29 21 19 48 24 28 20 18 9 31 
AQUIIII!!24 51 8 20 29 31 19 22 47 28 48 27 18 9 21 AQUIIII!!14 53 16 
11 31 9 13 37 15 25 50 27 22 10 17 23 53 
AQUIIII!!20 21 53 48 19 18 28 8 47 24 27 9 31 22 51 29 
AQUIIII!!53 47 15 24 20 21 29 50 31 27 22 28 11 9 48 51 
AQUIIII!!27 10 50 9 31 48 24 51 22 11 47 23 29 15 21 53 
AQUIIII!!53 51 9 24 47 13 22 10 25 50 15 23 48 27 11 31 
AQUIIII!!20 22 29 24 31 48 47 19 21 27 51 9 15 28 11 53 
AQUIIII!!AQUIIII!!53 53 9 51 25 47 24 9 10 23 22 13 27 25 11 15 31 48 15 31 23 50 48 27 13 10 51 11 50 24 47 22 

AQUIIII!!53 20 19 28 11 31 47 18 21 24 48 29 9 27 22 51 
AQUIIII!!53 22 9 20 19 29 11 27 28 15 48 31 51 21 47 24 
AQUIIII!!21 53 47 27 28 51 9 31 29 20 19 48 22 24 11 18 
AQUIIII!!53 29 9 48 22 8 18 19 31 47 24 21 28 51 20 27 
AQUIIII!!25 24 11 15 10 48 22 47 9 50 27 23 13 31 53 51 
AQUIIII!!28 20 29 AQUIIII!!24 24 21 11 31 29 9 15 15 9 27 21 48 20 47 27 22 28 51 47 50 48 11 19 53 31 
22 51 53 
AQUIIII!!53 9 15 51 47 13 24 23 11 22 27 31 10 50 25 48 
AQUIIII!!51 21 53 28 19 48 27 47 38 8 29 20 18 31 24 4 
AQUIIII!!24 10 27 31 48 50 51 13 11 22 9 23 14 15 25 53 
AQUIIII!!22 25 13 48 31 27 10 11 51 15 9 14 24 23 50 53 
AQUIIII!!53 24 20 28 8 21 47 18 19 27 48 51 4 29 31 38 
AQUIIII!!51 53 31 23 15 11 24 10 48 25 22 9 27 13 14 50 
AQUIIII!!38 48 8 31 18 27 21 51 24 29 19 47 28 20 4 53 
AQUIIII!!3 21 31 27 19 28 18 8 1 38 4 29 20 24 47 2 
AQUIIII!!21 28 19 51 18 22 48 47 31 24 29 27 8 20 9 53 
AQUIIII!!53 15 23 29 11 27 24 9 22 51 10 21 50 48 47 31 
AQUIIII!!53 48 10 23 31 15 24 21 29 50 11 51 27 9 47 AQUIIII!!22 53 
24 31 50 47 51 20 11 9 21 29 15 48 28 22 27 
AQUIIII!!53 28 9 22 47 15 51 11 21 48 29 31 24 19 20 27 
AQUIIII!!24 22 50 15 27 29 48 9 10 47 23 11 31 51 21 53 
AQUIIII!!27 31 13 50 15 37 9 14 25 11 23 16 22 51 10 53 
AQUIIII!!53 31 21 20 48 29 15 9 51 27 11 47 24 28 50 22 
AQUIIII!!13 22 9 37 11 50 31 16 15 27 14 25 51 23 10 53 
AQUIIII!!2 28 31 21 24 29 20 48 4 8 38 27 18 19 47 3 
AQUIIII!!53 27 24 51 21 31 48 19 47 22 29 28 20 9 11 15 
AQUIIII!!53 38 20 21 28 8 31 27 47 48 24 19 4 51 18 29 
AQUIIII!!15 47 31 11 29 9 24 51 21 27 20 50 22 28 48 53 
AQUIIII!!19 27 3 21 38 1 4 18 31 20 29 28 24 8 47 2 
AQUIIII!!25 14 10 9 37 31 22 16 13 51 15 50 11 23 27 53 
AQUIIII!!53 22 21 27 15 19 29 48 47 28 51 31 9 20 24 11 
AQUIIII!!11 31 50 13 22 9 23 16 27 17 25 14 15 37 10 53 
AQUIIII!!53 23 25 50 48 9 51 27 24 15 22 10 14 13 31 11 
AQUIIII!!53 25 47 27 9 31 51 22 50 15 13 23 11 48 10 24 
Number of Cuts in the second phase:1128
Number of repeat: 1104 
Violation: 400.000000
Violation: 92.000000
Violation: 669.000000
Violation: 298.000000
Violation: 101.000000
Violation: 55.000000
Violation: 284.000000
Violation: 284.000000
Violation: 200.000000
Violation: 200.000000
Violation: 333.000000
Violation: 722.000000
Violation: 600.000000
Violation: 433.000000
Violation: 429.000000
Violation: 433.000000
Violation: 400.000000
Violation: 685.000000
Violation: 733.000000
Violation: 133.000000
Violation: 33.000000
Violation: 37.000000
Violation: 200.000000
Violation: 33.000000
took 5.028511
Optimize a model with 652 rows, 906 columns and 10303 nonzeros
Coefficient statistics:
  Matrix range     [1e+00, 4e+01]
  Objective range  [0e+00, 0e+00]
  Bounds range     [1e+00, 4e+01]
  RHS range        [1e+00, 1e+02]
Presolve removed 366 rows and 107 columns
Presolve time: 0.00s
Presolved: 286 rows, 799 columns, 8691 nonzeros

Iteration    Objective       Primal Inf.    Dual Inf.      Time
       0    0.0000000e+00   4.395544e+01   0.000000e+00      0s
     134    0.0000000e+00   0.000000e+00   0.000000e+00      0s

Solved in 134 iterations and 0.01 seconds
Optimal objective  0.000000000e+00
