j3017_4.mm_s5.txt
Academic license - for non-commercial use only
Read LP format model from file lp/j3017_4.mm.lp
Reading time = 0.01 seconds
: 351 rows, 906 columns, 9053 nonzeros
OKGPU
nThreads: 1024 , nBlocks: 12 
Number cuts generated in the phase 1: 12
Number of repeat: 4 
violation 500.000000
violation 428.000000
violation 750.000000
violation 375.000000
violation 425.000000
violation 425.000000
violation 425.000000
violation 820.000000
8592 16
22 2 0 47 1 13 20 19 49 AQUIIII!!
47 33 23 46 AQUIIII!!AQUIIII!!45 45 18 17 33 23 22 1 48 34 20 0 16 46 16 0 23 47 34 19 33 18 10 20 0 48 45 48 18 17 19 20 22 10 49 19 17 
47 34 10 46 49 22 49 

AQUIIII!!44 45 18 46 33 16 21 15 42 34 43 32 17 23 19 20 
AQUIIII!!49 19 34 1 45 2 47 37 13 48 0 33 20 22 46 10 
AQUIIII!!47 48 16 34 19 AQUIIII!!17 24 18 18 49 49 17 44 23 46 47 33 33 20 19 24 34 23 44 15 20 45 16 
46 15 48 45 
AQUIIII!!45 19 47 34 22 10 33 2 20 48 0 46 1 23 18 49 
AQUIIII!!48 33 0 5 4 34 3 22 2 47 46 10 AQUIIII!!25 0 13 23 1 49 19 
1 33 22 48 47 34 46 2 20 18 10 45 49 
AQUIIII!!0 25 46 34 AQUIIII!!3 20 45 15 22 46 48 18 33 10 16 47 13 AQUIIII!!34 4 45 19 47 47 33 2 48 24 1 23 46 49 AQUIIII!!22 48 
49 2 17 22 20 49 0 17 45 1 44 46 13 
19 3 AQUIIII!!10 33 13 34 46 33 25 2 48 10 1 0 49 33 
45 20 23 10 19 47 47 34 37 1 48 20 22 18 0 
34 45 49 
AQUIIII!!49 45 19 20 0 37 48 2 13 33 AQUIIII!!34 49 22 5 10 33 1 0 47 25 46 2 
AQUIIII!!46 49 1 22 10 3 13 25 48 46 22 2 3 33 4 45 47 13 34 10 
4 1 34 47 0 48 
AQUIIII!!49 34 25 3 22 13 5 48 6 0 47 33 2 1 4 10 
AQUIIII!!25 4 5 2 10 34 22 3 47 0 33 48 13 46 1 49 
AQUIIII!!1 34 3 4 46 48 13 33 10 2 0 22 25 45 47 49 
AQUIIII!!5 1 33 2 34 13 10 3 47 22 0 48 46 4 25 49 
AQUIIII!!34 48 AQUIIII!!24 49 46 23 18 46 47 20 17 47 45 15 19 48 15 19 23 34 20 16 AQUIIII!!16 24 49 33 44 1 33 18 25 17 49 0 44 
45 46 
3 22 13 10 45 20 48 33 47 34 2 
AQUIIII!!48 23 47 18 34 16 46 15 33 44 20 17 45 24 19 49 
AQUIIII!!47 45 1 34 2 10 AQUIIII!!3 15 4 47 0 17 13 18 46 48 48 16 25 46 33 19 22 44 45 49 49 
34 33 20 24 23 AQUIIII!!
15 10 34 24 46 45 23 16 17 33 47 49 18 19 AQUIIII!!20 49 48 48 
0 34 10 22 47 18 33 1 20 2 46 19 23 45 
AQUIIII!!17 34 20 19 24 16 46 45 23 33 47 15 44 18 49 48 AQUIIII!!49 
AQUIIII!!25 48 45 2 33 0 23 1 4 46 13 3 18 33 10 46 22 34 AQUIIII!!48 19 47 47 46 10 0 49 34 18 
17 47 20 20 48 17 45 34 22 19 23 45 16 10 22 0 33 49 16 

AQUIIII!!49 45 19 20 0 37 48 2 13 33 34 22 10 1 47 46 
AQUIIII!!43 41 15 27 42 16 12 11 39 32 18 21 14 17 44 9 
AQUIIII!!AQUIIII!!33 17 23 1 34 2 48 45 44 48 18 33 22 47 0 16 20 19 10 24 46 46 45 19 20 34 15 23 49 
47 18 49 
AQUIIII!!16 47 33 48 19 34 18 43 17 20 46 15 24 AQUIIII!!11 23 44 27 12 45 41 
14 15 9 39 42 8 16 32 21 44 7 43 
AQUIIII!!5 33 25 47 4 34 22 46 AQUIIII!!13 1 3 33 48 10 1 34 10 13 2 2 0 0 49 31 
3 22 4 7 8 6 5 49 
AQUIIII!!49 19 33 34 46 24 47 17 16 48 10 23 45 15 18 20 
AQUIIII!!45 18 48 44 33 20 47 24 46 16 15 17 19 49 23 34 
AQUIIII!!3 22 47 13 1 48 0 10 34 46 4 25 33 AQUIIII!!45 22 2 20 49 46 
0 34 45 23 17 1 18 33 10 47 48 49 19 
AQUIIII!!48 1 46 20 34 0 AQUIIII!!37 49 13 34 23 33 45 10 2 2 22 48 22 19 47 47 45 20 1 19 33 49 46 
18 10 0 
AQUIIII!!19 49 46 18 24 15 33 16 34 17 23 45 47 20 48 44 
AQUIIII!!13 37 48 7 3 2 4 0 5 1 10 22 AQUIIII!!34 49 6 1 33 22 49 10 
6 33 4 2 3 AQUIIII!!7 49 31 4 13 13 0 6 3 8 31 AQUIIII!!5 22 49 34 1 33 
0 6 10 8 33 7 8 34 5 3 7 31 34 13 2 5 
1 0 10 22 4 2 
AQUIIII!!49 33 44 23 18 AQUIIII!!17 49 24 34 48 48 47 46 3 47 22 16 33 45 5 AQUIIII!!13 34 49 4 15 AQUIIII!!3 0 49 19 4 2 34 20 1 10 
5 10 13 4 25 31 46 2 33 
1 0 10 8 3 2 48 AQUIIII!!7 0 49 22 22 1 5 6 31 6 22 33 34 10 13 1 3 25 
8 47 0 
5 4 2 33 7 6 13 34 
AQUIIII!!49 23 46 20 47 15 48 19 34 16 24 33 18 17 44 45 
AQUIIII!!45 19 34 48 46 37 2 47 13 33 10 22 0 1 20 49 
AQUIIII!!49 AQUIIII!!5 49 1 34 6 17 37 46 22 20 33 22 0 19 2 45 10 18 48 47 13 0 34 10 4 33 3 48 7 23 
1 
AQUIIII!!16 18 33 24 47 34 48 19 46 23 15 44 17 49 45 20 
AQUIIII!!19 37 22 0 45 33 10 2 34 46 48 47 20 13 1 49 
AQUIIII!!33 48 47 45 17 23 34 19 16 18 20 46 10 0 22 49 
AQUIIII!!48 20 34 19 45 10 47 22 0 AQUIIII!!1 19 46 33 23 13 45 37 18 2 33 49 
47 AQUIIII!!AQUIIII!!48 13 49 16 0 48 17 1 10 24 6 13 34 33 5 49 22 6 20 7 2 44 5 37 46 31 AQUIIII!!3 15 2 47 22 3 
16 34 34 20 7 4 45 33 8 48 4 10 44 1 49 24 
0 23 
15 19 18 46 17 33 34 49 
AQUIIII!!16 47 18 34 20 46 17 10 15 24 23 45 33 19 48 49 
AQUIIII!!15 24 34 18 19 46 48 20 47 16 45 17 33 44 23 49 
AQUIIII!!22 10 34 2 23 45 48 AQUIIII!!18 37 47 0 22 33 4 46 20 6 1 49 13 19 2 
7 5 0 33 1 48 3 34 10 49 
AQUIIII!!49 AQUIIII!!20 45 22 46 10 18 33 33 20 37 19 0 34 46 16 19 24 13 23 34 48 45 49 15 48 47 2 44 47 17 1 

AQUIIII!!22 AQUIIII!!23 49 49 47 47 16 17 18 19 20 34 17 10 33 33 AQUIIII!!45 AQUIIII!!0 3 48 49 20 34 13 23 16 45 45 1 15 48 18 33 10 34 46 0 46 20 13 48 46 24 
2 25 19 47 22 44 33 
10 37 48 22 20 45 2 34 47 46 49 
1 0 AQUIIII!!46 19 
1 10 AQUIIII!!20 49 48 3 33 34 13 10 22 33 0 8 45 31 19 7 2 22 AQUIIII!!47 6 49 37 5 2 20 34 13 49 48 4 
23 0 45 1 22 
33 0 1 19 10 46 18 2 47 34 
AQUIIII!!AQUIIII!!48 46 45 33 16 7 15 3 23 6 24 34 20 2 17 1 18 0 34 19 5 43 13 47 10 48 22 33 37 44 
4 49 
AQUIIII!!15 17 33 34 18 23 20 43 42 16 14 21 32 19 45 44 
AQUIIII!!24 10 23 33 34 45 47 15 17 20 49 46 48 16 18 19 
AQUIIII!!24 10 23 33 34 45 47 15 17 20 49 46 48 16 18 19 
AQUIIII!!24 10 23 33 34 45 47 15 17 20 49 46 48 16 18 19 
AQUIIII!!46 10 47 34 23 48 19 45 33 18 22 20 0 2 1 49 
AQUIIII!!2 19 33 AQUIIII!!48 0 47 22 22 47 10 45 34 1 45 18 34 2 10 48 46 19 23 13 20 33 49 
20 0 46 1 AQUIIII!!37 49 34 
33 23 18 10 2 47 45 AQUIIII!!49 20 22 1 10 13 22 33 48 34 19 46 37 0 0 2 AQUIIII!!49 1 49 45 19 46 0 
20 45 47 48 20 
25 10 1 46 33 13 3 34 47 22 2 48 AQUIIII!!
18 19 46 20 42 23 33 34 AQUIIII!!AQUIIII!!16 33 6 AQUIIII!!32 34 44 6 43 49 44 48 27 15 4 34 15 11 25 43 48 13 21 17 8 5 47 12 1 45 41 16 47 47 9 0 45 32 22 
42 3 17 7 10 33 14 2 39 49 46 

22 23 19 20 10 18 0 
AQUIIII!!49 13 3 34 22 0 4 5 47 10 6 33 48 25 2 1 
AQUIIII!!49 34 16 47 19 45 18 48 46 15 33 44 20 17 23 24 
AQUIIII!!1 0 19 48 34 23 2 33 47 10 46 18 22 45 49 20 
AQUIIII!!49 AQUIIII!!34 AQUIIII!!37 3 33 10 25 0 34 0 20 3 46 33 10 13 47 48 19 4 5 48 13 13 1 5 4 0 6 37 22 1 22 2 22 2 33 10 6 45 2 34 47 48 1 49 
7 
49 
AQUIIII!!49 25 46 45 33 3 47 13 4 48 AQUIIII!!2 22 45 0 AQUIIII!!19 10 45 34 22 18 1 10 
33 37 48 47 48 2 46 34 33 22 13 19 0 0 46 17 34 23 20 20 47 1 1 10 49 49 

AQUIIII!!34 15 24 17 20 18 45 10 23 16 33 48 49 19 47 46 
AQUIIII!!34 15 24 17 20 18 45 10 23 16 33 48 49 19 AQUIIII!!47 33 46 23 
10 48 16 AQUIIII!!18 2 AQUIIII!!34 48 20 20 13 22 49 0 0 46 47 17 2 46 47 19 45 34 34 19 45 46 0 1 49 18 33 
22 45 20 10 19 48 37 22 10 49 33 
47 1 23 AQUIIII!!
4 10 47 46 2 3 AQUIIII!!25 49 1 34 34 1 22 46 13 45 47 45 33 13 0 2 4 48 49 0 10 
33 25 22 AQUIIII!!48 34 3 
18 0 33 20 48 45 23 AQUIIII!!47 33 19 16 46 19 1 18 22 43 10 32 2 42 49 23 
34 46 15 20 45 44 17 47 
AQUIIII!!49 18 46 20 24 48 15 45 17 34 19 10 16 33 23 47 
AQUIIII!!16 44 15 45 48 47 20 24 17 33 43 34 23 46 18 19 
AQUIIII!!33 16 19 18 43 32 42 23 34 46 15 20 45 44 17 47 
AQUIIII!!47 23 17 45 49 46 16 20 44 18 15 33 24 19 48 34 
AQUIIII!!46 48 49 20 AQUIIII!!45 47 1 49 18 17 33 10 23 19 22 46 0 15 34 16 2 47 23 19 20 10 45 
34 24 AQUIIII!!48 20 17 33 16 18 24 
45 48 19 33 23 46 47 34 15 10 18 49 
AQUIIII!!33 0 3 7 4 2 6 48 13 5 1 34 22 37 10 49 
AQUIIII!!49 10 20 17 48 45 34 47 22 23 46 19 16 0 18 33 
AQUIIII!!47 49 17 10 19 46 15 16 23 20 45 34 AQUIIII!!24 1 48 20 33 18 18 AQUIIII!!47 
17 23 46 0 23 45 15 22 33 10 16 33 34 34 18 46 49 19 24 48 AQUIIII!!47 17 44 10 49 19 5 
48 4 20 1 45 6 
3 25 2 0 34 13 22 33 49 48 47 
AQUIIII!!49 7 33 1 13 22 34 4 3 5 2 48 6 0 37 10 
AQUIIII!!23 1 22 2 48 46 18 34 47 19 33 0 10 49 20 45 
AQUIIII!!22 34 18 19 45 10 0 46 48 1 47 23 33 2 20 49 
AQUIIII!!19 49 46 18 0 17 23 AQUIIII!!47 22 45 34 48 18 10 19 22 45 33 10 16 0 34 46 20 AQUIIII!!48 
49 1 19 47 46 23 48 33 17 2 15 20 10 49 47 
23 34 20 16 18 33 45 24 
AQUIIII!!49 25 3 AQUIIII!!46 34 22 7 4 33 48 4 33 47 2 13 1 0 3 45 10 34 31 10 5 1 8 2 22 
6 13 0 49 
AQUIIII!!34 22 48 5 0 6 10 3 13 4 37 2 7 33 1 49 
AQUIIII!!19 24 33 45 47 20 34 23 17 15 48 49 18 16 44 46 
AQUIIII!!49 23 16 34 45 19 46 47 22 0 33 17 48 18 20 AQUIIII!!10 19 
10 18 47 34 48 45 16 0 17 AQUIIII!!47 23 49 46 48 22 1 19 33 10 AQUIIII!!20 45 10 18 49 46 0 
22 19 20 33 33 17 23 23 0 17 34 
48 22 34 45 18 49 16 46 20 47 
AQUIIII!!19 10 18 47 34 48 45 16 0 17 23 46 22 33 20 49 
AQUIIII!!49 4 3 2 AQUIIII!!13 16 10 18 44 48 49 46 19 46 25 17 33 20 AQUIIII!!47 15 33 24 45 45 24 0 34 17 23 34 48 48 22 47 15 33 1 47 

46 10 18 34 23 16 20 19 45 49 
AQUIIII!!33 47 17 24 23 18 34 16 20 10 49 48 19 45 15 46 
AQUIIII!!49 17 23 46 48 19 45 10 0 22 18 33 20 47 16 34 
AQUIIII!!0 33 20 10 13 2 1 45 22 3 25 34 46 48 47 49 
AQUIIII!!0 33 20 10 13 2 1 45 22 3 25 34 46 48 47 49 
AQUIIII!!49 16 20 33 48 0 34 19 45 17 47 46 22 10 23 18 
AQUIIII!!49 6 4 48 7 0 2 34 5 33 13 22 37 1 3 10 
AQUIIII!!49 24 47 34 16 19 33 45 48 18 20 23 44 15 17 46 
AQUIIII!!24 18 44 49 45 34 17 23 47 33 16 20 15 19 46 48 
AQUIIII!!47 20 45 3 0 22 33 46 1 10 25 34 13 48 2 49 
AQUIIII!!48 46 47 34 23 1 18 49 22 19 33 45 10 20 2 0 
AQUIIII!!49 5 AQUIIII!!4 49 AQUIIII!!4 34 33 49 1 8 34 7 22 1 34 13 3 0 2 7 3 31 48 2 22 37 6 6 3 10 5 22 13 8 0 33 5 4 10 1 31 6 
7 0 13 
33 2 10 
AQUIIII!!18 44 47 17 20 49 19 23 48 16 45 46 15 33 24 34 
AQUIIII!!45 18 44 34 17 20 48 23 33 47 19 46 15 16 24 49 
AQUIIII!!45 18 44 34 17 20 48 23 33 47 19 46 15 16 24 49 
AQUIIII!!20 18 48 47 45 17 19 34 10 AQUIIII!!22 23 49 33 7 0 13 1 10 46 22 49 6 
37 2 3 33 48 4 1 0 34 5 
AQUIIII!!49 1 0 45 34 2 19 20 10 AQUIIII!!46 48 22 10 48 AQUIIII!!22 47 34 45 45 33 18 3 23 46 18 34 20 
25 0 2 33 19 46 10 13 2 0 23 20 22 1 33 47 47 48 1 49 49 

AQUIIII!!7 34 37 22 2 13 0 4 48 1 10 3 6 33 5 49 
AQUIIII!!49 19 46 48 17 15 10 47 23 34 20 16 18 33 45 24 
AQUIIII!!46 20 44 16 18 23 17 43 33 47 19 42 45 32 15 34 
AQUIIII!!48 1 0 45 18 47 23 33 34 19 46 22 10 20 2 49 
AQUIIII!!49 7 33 31 22 4 6 2 13 1 10 5 3 8 AQUIIII!!0 49 34 47 
19 10 34 16 AQUIIII!!0 10 45 18 16 33 19 22 46 23 18 20 0 48 22 45 23 46 47 17 17 
34 48 20 33 49 
AQUIIII!!34 45 23 48 AQUIIII!!47 49 20 2 18 22 46 31 17 AQUIIII!!33 10 1 46 19 13 13 22 3 10 16 6 34 33 34 0 45 8 49 1 10 
3 7 25 0 5 47 4 22 
33 2 20 48 0 49 
AQUIIII!!48 2 22 33 25 0 13 47 34 4 5 46 10 3 1 49 
AQUIIII!!33 34 22 2 46 1 25 4 47 0 13 5 10 48 3 49 
AQUIIII!!49 46 47 1 0 22 3 13 2 33 5 4 48 10 25 34 
AQUIIII!!34 2 33 5 3 13 0 22 31 AQUIIII!!8 1 6 0 19 10 10 4 20 7 33 34 1 45 49 18 
23 17 22 46 48 49 47 
AQUIIII!!0 33 22 18 47 10 34 23 1 46 19 20 49 48 17 45 
AQUIIII!!17 47 46 49 15 20 45 44 34 24 33 19 18 AQUIIII!!48 49 33 16 46 23 47 0 
1 10 48 4 2 25 3 13 22 5 34 
AQUIIII!!19 45 23 20 48 22 17 46 33 34 16 47 10 AQUIIII!!18 49 0 25 49 3 
46 0 2 22 45 33 48 10 34 13 47 4 1 
AQUIIII!!37 6 48 1 AQUIIII!!5 49 7 47 2 19 10 24 22 0 46 34 16 3 AQUIIII!!33 49 4 23 22 13 13 17 33 6 15 49 1 5 10 
2 18 8 7 45 4 34 34 31 48 AQUIIII!!33 20 0 49 10 
5 3 
13 8 31 0 34 2 33 6 4 7 22 1 10 3 
AQUIIII!!49 34 5 13 0 48 10 22 33 1 47 46 2 4 3 25 
AQUIIII!!49 2 33 1 45 46 47 18 48 20 10 23 0 34 19 22 
AQUIIII!!16 17 23 47 48 18 19 24 34 45 33 49 15 46 44 20 
AQUIIII!!49 48 34 10 23 33 45 16 0 19 22 18 46 47 20 17 
AQUIIII!!17 34 18 10 20 23 45 46 24 19 48 16 33 15 47 49 
AQUIIII!!10 19 46 0 33 45 18 20 22 48 2 23 1 34 47 49 
AQUIIII!!44 45 34 46 17 19 18 33 42 23 15 43 20 16 32 47 
AQUIIII!!49 10 6 13 2 4 5 7 AQUIIII!!31 22 1 2 0 33 5 8 4 3 33 22 3 34 34 
0 1 13 10 48 47 25 6 49 
AQUIIII!!33 17 AQUIIII!!20 22 24 10 15 0 48 19 18 1 16 46 23 20 10 23 19 47 34 34 48 46 47 45 45 49 17 
18 33 49 
AQUIIII!!49 19 34 1 45 2 47 37 13 48 0 33 20 22 46 10 
AQUIIII!!47 22 2 46 4 48 3 10 45 0 33 34 13 25 1 49 
AQUIIII!!1 0 13 22 34 2 33 37 19 10 48 20 45 46 AQUIIII!!47 10 49 48 0 
7 2 34 37 3 5 4 6 1 33 13 22 49 
AQUIIII!!49 2 48 34 25 AQUIIII!!22 5 3 33 13 13 1 0 4 22 10 6 4 47 48 33 34 0 25 5 3 
2 47 46 1 10 49 
AQUIIII!!48 17 0 16 47 45 22 33 23 18 20 46 10 19 34 49 
AQUIIII!!49 2 47 48 22 10 33 19 20 23 0 18 AQUIIII!!34 46 45 45 44 1 43 
15 18 34 19 23 33 17 16 24 20 46 47 48 
AQUIIII!!1 10 2 34 31 5 3 22 0 8 13 33 4 6 7 49 
AQUIIII!!17 44 48 19 18 45 16 46 20 33 23 34 15 43 47 24 
AQUIIII!!44 9 AQUIIII!!43 49 11 33 15 23 12 39 20 21 17 16 19 14 48 41 46 27 16 32 42 10 8 47 17 45 
34 15 24 18 
AQUIIII!!3 25 13 22 34 1 48 33 4 46 2 5 47 0 10 49 
AQUIIII!!45 3 48 0 47 22 13 25 10 33 46 2 20 34 1 49 
AQUIIII!!45 44 42 19 23 14 34 33 32 43 21 17 16 18 20 15 
AQUIIII!!11 41 42 8 7 27 32 15 16 21 43 39 12 14 9 44 
AQUIIII!!49 3 10 2 4 1 48 33 13 6 22 34 5 47 25 0 
AQUIIII!!49 19 46 10 34 37 48 47 45 2 13 0 22 33 20 1 
AQUIIII!!49 47 0 46 19 17 34 10 45 18 16 23 22 48 20 33 
AQUIIII!!46 45 17 47 34 48 19 33 20 18 15 16 44 23 24 49 
AQUIIII!!23 15 17 33 20 32 19 34 21 16 42 18 43 46 45 44 
AQUIIII!!1 5 22 34 48 2 37 33 4 7 10 3 6 13 0 49 
Number of Cuts in the second phase:4309
Number of repeat: 3768 
Violation: 284.000000
Violation: 125.000000
Violation: 351.000000
Violation: 625.000000
Violation: 296.000000
Violation: 570.000000
Violation: 642.000000
Violation: 515.000000
Violation: 420.000000
Violation: 602.000000
Violation: 375.000000
Violation: 750.000000
Violation: 428.000000
Violation: 285.000000
Violation: 464.000000
Violation: 737.000000
Violation: 375.000000
Violation: 284.000000
Violation: 570.000000
Violation: 285.000000
Violation: 375.000000
Violation: 285.000000
Violation: 284.000000
Violation: 375.000000
Violation: 125.000000
Violation: 285.000000
Violation: 462.000000
Violation: 565.000000
Violation: 500.000000
Violation: 106.000000
Violation: 291.000000
Violation: 140.000000
Violation: 425.000000
Violation: 928.000000
Violation: 1106.000000
Violation: 570.000000
Violation: 741.000000
Violation: 710.000000
Violation: 655.000000
Violation: 246.000000
Violation: 140.000000
Violation: 793.000000
Violation: 375.000000
Violation: 140.000000
Violation: 381.000000
Violation: 140.000000
Violation: 731.000000
Violation: 676.000000
Violation: 375.000000
Violation: 178.000000
Violation: 710.000000
Violation: 85.000000
Violation: 500.000000
Violation: 959.000000
Violation: 250.000000
Violation: 749.000000
Violation: 625.000000
Violation: 560.000000
Violation: 370.000000
Violation: 140.000000
Violation: 375.000000
Violation: 828.000000
Violation: 1104.000000
Violation: 750.000000
Violation: 33.000000
Violation: 375.000000
Violation: 230.000000
Violation: 712.000000
Violation: 246.000000
Violation: 815.000000
Violation: 283.000000
Violation: 328.000000
Violation: 602.000000
Violation: 1352.000000
Violation: 125.000000
Violation: 492.000000
Violation: 926.000000
Violation: 515.000000
Violation: 140.000000
Violation: 922.000000
Violation: 782.000000
Violation: 497.000000
Violation: 607.000000
Violation: 547.000000
Violation: 820.000000
Violation: 285.000000
Violation: 1400.000000
Violation: 140.000000
Violation: 280.000000
Violation: 420.000000
Violation: 246.000000
Violation: 1212.000000
Violation: 1125.000000
Violation: 500.000000
Violation: 125.000000
Violation: 625.000000
Violation: 125.000000
Violation: 106.000000
Violation: 710.000000
Violation: 424.000000
Violation: 382.000000
Violation: 515.000000
Violation: 659.000000
Violation: 140.000000
Violation: 140.000000
Violation: 420.000000
Violation: 140.000000
Violation: 560.000000
Violation: 1054.000000
Violation: 795.000000
Violation: 811.000000
Violation: 375.000000
Violation: 29.000000
Violation: 52.000000
Violation: 750.000000
Violation: 551.000000
Violation: 140.000000
Violation: 208.000000
Violation: 650.000000
Violation: 170.000000
Violation: 905.000000
Violation: 998.000000
Violation: 570.000000
Violation: 67.000000
Violation: 250.000000
Violation: 1087.000000
Violation: 283.000000
Violation: 140.000000
Violation: 106.000000
Violation: 499.000000
Violation: 547.000000
Violation: 231.000000
Violation: 147.000000
Violation: 638.000000
Violation: 710.000000
Violation: 280.000000
Violation: 770.000000
Violation: 710.000000
Violation: 505.000000
Violation: 431.000000
Violation: 642.000000
Violation: 420.000000
Violation: 605.000000
Violation: 924.000000
Violation: 1030.000000
Violation: 420.000000
Violation: 661.000000
Violation: 636.000000
Violation: 425.000000
Violation: 140.000000
Violation: 1025.000000
Violation: 140.000000
Violation: 375.000000
Violation: 708.000000
Violation: 710.000000
Violation: 705.000000
Violation: 231.000000
Violation: 1492.000000
Violation: 140.000000
Violation: 125.000000
Violation: 874.000000
Violation: 659.000000
Violation: 195.000000
Violation: 940.000000
Violation: 481.000000
Violation: 280.000000
Violation: 418.000000
Violation: 97.000000
Violation: 875.000000
Violation: 515.000000
Violation: 96.000000
Violation: 856.000000
Violation: 425.000000
Violation: 636.000000
Violation: 318.000000
Violation: 705.000000
Violation: 351.000000
Violation: 1115.000000
Violation: 1030.000000
Violation: 1397.000000
Violation: 178.000000
Violation: 962.000000
Violation: 12.000000
Violation: 34.000000
Violation: 640.000000
Violation: 655.000000
Violation: 500.000000
Violation: 436.000000
Violation: 565.000000
Violation: 625.000000
Violation: 176.000000
Violation: 386.000000
Violation: 420.000000
Violation: 570.000000
Violation: 140.000000
Violation: 818.000000
Violation: 425.000000
Violation: 125.000000
Violation: 516.000000
Violation: 705.000000
Violation: 1386.000000
Violation: 1297.000000
Violation: 69.000000
Violation: 945.000000
Violation: 882.000000
Violation: 492.000000
Violation: 280.000000
Violation: 1375.000000
Violation: 390.000000
Violation: 956.000000
Violation: 943.000000
Violation: 922.000000
Violation: 36.000000
Violation: 1420.000000
Violation: 568.000000
Violation: 1677.000000
Violation: 80.000000
Violation: 570.000000
Violation: 710.000000
Violation: 565.000000
Violation: 464.000000
Violation: 386.000000
Violation: 777.000000
Violation: 487.000000
Violation: 1212.000000
Violation: 86.000000
Violation: 140.000000
Violation: 140.000000
Violation: 1405.000000
Violation: 620.000000
Violation: 375.000000
Violation: 637.000000
Violation: 924.000000
Violation: 745.000000
Violation: 280.000000
Violation: 770.000000
Violation: 140.000000
Violation: 525.000000
Violation: 386.000000
Violation: 142.000000
Violation: 397.000000
Violation: 355.000000
Violation: 370.000000
Violation: 659.000000
Violation: 501.000000
Violation: 441.000000
Violation: 280.000000
Violation: 748.000000
Violation: 425.000000
Violation: 914.000000
Violation: 607.000000
Violation: 280.000000
Violation: 526.000000
Violation: 284.000000
Violation: 335.000000
Violation: 256.000000
Violation: 1487.000000
Violation: 589.000000
Violation: 223.000000
Violation: 370.000000
Violation: 281.000000
Violation: 375.000000
Violation: 480.000000
Violation: 425.000000
Violation: 1030.000000
Violation: 456.000000
Violation: 312.000000
Violation: 170.000000
Violation: 79.000000
Violation: 741.000000
Violation: 500.000000
Violation: 655.000000
Violation: 620.000000
Violation: 673.000000
Violation: 745.000000
Violation: 570.000000
Violation: 510.000000
Violation: 526.000000
Violation: 745.000000
Violation: 694.000000
Violation: 284.000000
Violation: 375.000000
Violation: 351.000000
Violation: 456.000000
Violation: 655.000000
Violation: 710.000000
Violation: 420.000000
Violation: 1011.000000
Violation: 796.000000
Violation: 352.000000
Violation: 1000.000000
Violation: 498.000000
Violation: 1060.000000
Violation: 1352.000000
Violation: 240.000000
Violation: 275.000000
Violation: 492.000000
Violation: 425.000000
Violation: 23.000000
Violation: 351.000000
Violation: 375.000000
Violation: 888.000000
Violation: 791.000000
Violation: 1166.000000
Violation: 497.000000
Violation: 317.000000
Violation: 220.000000
Violation: 68.000000
Violation: 526.000000
Violation: 25.000000
Violation: 462.000000
Violation: 584.000000
Violation: 500.000000
Violation: 450.000000
Violation: 917.000000
Violation: 1011.000000
Violation: 386.000000
Violation: 505.000000
Violation: 840.000000
Violation: 510.000000
Violation: 914.000000
Violation: 677.000000
Violation: 477.000000
Violation: 1207.000000
Violation: 777.000000
Violation: 666.000000
Violation: 866.000000
Violation: 695.000000
Violation: 1022.000000
Violation: 462.000000
Violation: 570.000000
Violation: 285.000000
Violation: 568.000000
Violation: 1117.000000
Violation: 642.000000
Violation: 642.000000
Violation: 250.000000
Violation: 241.000000
Violation: 750.000000
Violation: 990.000000
Violation: 492.000000
Violation: 375.000000
Violation: 1165.000000
Violation: 749.000000
Violation: 420.000000
Violation: 745.000000
Violation: 710.000000
Violation: 915.000000
Violation: 284.000000
Violation: 375.000000
Violation: 400.000000
Violation: 427.000000
Violation: 80.000000
Violation: 500.000000
Violation: 956.000000
Violation: 280.000000
Violation: 370.000000
Violation: 75.000000
Violation: 425.000000
Violation: 340.000000
Violation: 287.000000
Violation: 630.000000
Violation: 650.000000
Violation: 420.000000
Violation: 606.000000
Violation: 164.000000
Violation: 424.000000
Violation: 67.000000
Violation: 375.000000
Violation: 318.000000
Violation: 431.000000
Violation: 280.000000
Violation: 496.000000
Violation: 207.000000
Violation: 710.000000
Violation: 737.000000
Violation: 708.000000
Violation: 620.000000
Violation: 9.000000
Violation: 284.000000
Violation: 570.000000
Violation: 945.000000
Violation: 551.000000
Violation: 1000.000000
Violation: 839.000000
Violation: 651.000000
Violation: 510.000000
Violation: 677.000000
Violation: 324.000000
Violation: 408.000000
Violation: 500.000000
Violation: 430.000000
Violation: 570.000000
Violation: 550.000000
Violation: 922.000000
Violation: 125.000000
Violation: 30.000000
Violation: 492.000000
Violation: 381.000000
Violation: 490.000000
Violation: 751.000000
Violation: 375.000000
Violation: 297.000000
Violation: 280.000000
Violation: 1352.000000
Violation: 1125.000000
Violation: 749.000000
Violation: 492.000000
Violation: 280.000000
Violation: 140.000000
Violation: 21.000000
Violation: 981.000000
Violation: 505.000000
Violation: 1272.000000
Violation: 576.000000
Violation: 375.000000
Violation: 705.000000
Violation: 471.000000
Violation: 34.000000
Violation: 1290.000000
Violation: 1292.000000
Violation: 665.000000
Violation: 415.000000
Violation: 514.000000
Violation: 207.000000
Violation: 837.000000
Violation: 564.000000
Violation: 811.000000
Violation: 655.000000
Violation: 419.000000
Violation: 43.000000
Violation: 140.000000
Violation: 1001.000000
Violation: 370.000000
Violation: 812.000000
Violation: 773.000000
Violation: 415.000000
Violation: 550.000000
Violation: 950.000000
Violation: 425.000000
Violation: 570.000000
Violation: 455.000000
Violation: 142.000000
Violation: 1207.000000
Violation: 705.000000
Violation: 225.000000
Violation: 106.000000
Violation: 1502.000000
Violation: 570.000000
Violation: 425.000000
Violation: 390.000000
Violation: 45.000000
Violation: 125.000000
Violation: 371.000000
Violation: 274.000000
Violation: 782.000000
Violation: 176.000000
Violation: 475.000000
Violation: 1310.000000
Violation: 677.000000
Violation: 133.000000
Violation: 498.000000
Violation: 1526.000000
Violation: 318.000000
Violation: 140.000000
Violation: 246.000000
Violation: 250.000000
Violation: 666.000000
Violation: 246.000000
Violation: 405.000000
Violation: 104.000000
Violation: 777.000000
Violation: 920.000000
Violation: 532.000000
Violation: 560.000000
Violation: 520.000000
Violation: 280.000000
Violation: 375.000000
Violation: 315.000000
Violation: 837.000000
Violation: 625.000000
Violation: 1142.000000
Violation: 782.000000
Violation: 420.000000
Violation: 645.000000
Violation: 560.000000
Violation: 141.000000
Violation: 812.000000
Violation: 625.000000
Violation: 565.000000
Violation: 655.000000
Violation: 427.000000
Violation: 943.000000
Violation: 843.000000
Violation: 100.000000
Violation: 1147.000000
Violation: 80.000000
Violation: 848.000000
Violation: 48.000000
Violation: 637.000000
Violation: 280.000000
Violation: 57.000000
Violation: 655.000000
Violation: 505.000000
Violation: 635.000000
Violation: 708.000000
Violation: 280.000000
Violation: 470.000000
Violation: 1106.000000
Violation: 650.000000
Violation: 1374.000000
Violation: 315.000000
Violation: 140.000000
Violation: 318.000000
Violation: 7.000000
Violation: 30.000000
Violation: 500.000000
Violation: 87.000000
Violation: 745.000000
Violation: 1290.000000
Violation: 920.000000
Violation: 246.000000
Violation: 589.000000
Violation: 1315.000000
Violation: 495.000000
Violation: 930.000000
Violation: 636.000000
Violation: 777.000000
Violation: 703.000000
Violation: 581.000000
Violation: 492.000000
Violation: 508.000000
Violation: 352.000000
Violation: 564.000000
Violation: 743.000000
Violation: 140.000000
Violation: 101.000000
Violation: 128.000000
Violation: 700.000000
Violation: 491.000000
Violation: 981.000000
7404 16
1 10 2 19 20 13 22 48 37 
AQUIIII!!49 19 48 46 33 34 2 0 10 1 22 20 37 13 47 45 
AQUIIII!!49 24 34 45 16 19 20 23 33 10 18 48 46 17 47 15 
AQUIIII!!24 20 33 10 23 AQUIIII!!46 19 16 47 34 17 47 43 15 18 45 45 15 49 23 48 24 19 34 18 33 17 AQUIIII!!
48 34 20 3 44 4 AQUIIII!!16 2 48 46 45 47 
46 20 10 33 33 24 17 25 49 22 34 0 18 13 16 1 46 48 19 47 15 49 
23 45 44 
AQUIIII!!49 33 10 25 1 0 47 13 4 34 3 45 46 48 22 2 AQUIIII!!
45 33 47 48 22 20 46 19 18 17 16 34 10 23 0 AQUIIII!!49 49 
4 3 10 22 2 48 13 46 47 33 34 5 25 0 1 
AQUIIII!!49 10 34 22 48 19 20 33 16 46 47 17 23 18 0 45 
AQUIIII!!47 48 49 22 19 37 2 1 45 20 0 46 10 33 13 34 
AQUIIII!!23 19 33 49 45 34 24 20 48 44 47 16 46 17 18 15 
AQUIIII!!23 19 10 17 34 33 47 46 AQUIIII!!0 46 16 47 22 25 48 33 45 0 49 1 20 22 18 4 
48 3 AQUIIII!!13 16 10 45 45 2 34 34 19 49 15 
18 48 17 24 AQUIIII!!47 34 44 23 20 17 10 23 45 33 20 46 18 49 47 
19 AQUIIII!!0 17 22 46 21 AQUIIII!!1 16 48 49 33 33 22 32 49 48 
43 33 0 42 1 34 46 23 45 18 19 13 19 34 20 20 45 47 46 37 10 15 2 44 

AQUIIII!!45 43 19 15 18 20 16 23 44 17 33 24 34 46 47 48 
AQUIIII!!37 10 22 0 2 4 34 3 6 AQUIIII!!5 AQUIIII!!19 13 19 15 20 48 49 24 7 23 17 46 33 10 18 1 45 48 33 AQUIIII!!49 0 23 7 47 
18 47 21 22 10 26 2 34 34 AQUIIII!!42 48 16 33 1 8 
13 46 43 0 20 32 34 45 27 5 40 33 AQUIIII!!1 14 49 49 0 12 47 AQUIIII!!
22 23 6 22 1 22 11 2 48 48 5 AQUIIII!!25 10 34 9 3 3 13 0 4 10 44 33 46 2 6 
AQUIIII!!45 19 22 4 3 10 17 48 4 4 13 49 46 2 
45 34 45 3 48 10 10 34 46 5 25 18 25 33 20 47 1 48 33 33 1 1 
47 0 0 34 49 37 47 
6 49 13 
22 2 7 49 
AQUIIII!!49 13 5 8 1 10 0 33 AQUIIII!!6 49 22 5 34 6 3 22 2 0 31 48 AQUIIII!!7 1 49 4 AQUIIII!!10 23 
49 20 47 45 33 46 13 1 16 47 4 19 2 22 22 3 25 48 34 47 46 3 34 45 
18 2 4 34 48 10 17 25 13 33 10 0 33 
0 
AQUIIII!!49 2 22 0 48 33 34 45 1 46 13 10 4 3 47 25 
AQUIIII!!48 47 49 13 46 25 10 45 1 3 0 22 2 34 20 33 
AQUIIII!!17 46 48 49 20 16 45 23 22 34 47 18 0 10 33 19 
AQUIIII!!33 19 24 23 16 17 48 44 18 45 46 34 47 20 49 15 
AQUIIII!!49 46 24 34 48 47 20 17 33 10 45 16 19 23 15 18 
AQUIIII!!33 25 34 46 22 47 1 10 2 13 3 5 4 48 0 49 
AQUIIII!!1 18 2 34 33 19 46 20 AQUIIII!!22 20 10 AQUIIII!!19 48 16 23 24 45 18 34 47 10 15 0 34 46 23 18 20 49 45 47 
10 16 33 AQUIIII!!24 48 49 15 47 4 33 17 47 46 23 AQUIIII!!33 AQUIIII!!49 17 0 6 49 
19 13 5 23 48 10 22 15 33 45 1 17 34 34 49 2 46 48 
0 18 3 1 34 25 3 48 2 7 33 13 4 16 8 10 24 22 6 20 5 
AQUIIII!!10 31 49 47 AQUIIII!!49 4 49 
45 33 19 19 13 48 34 
2 46 3 1 0 0 1 20 46 34 48 22 10 47 13 5 2 10 25 22 
37 47 33 45 
AQUIIII!!49 17 18 10 20 24 19 15 46 45 33 AQUIIII!!16 49 23 23 48 19 47 34 34 0 
20 48 22 47 18 16 46 10 33 45 17 
AQUIIII!!49 19 48 15 44 34 20 47 45 23 33 46 24 16 18 17 
AQUIIII!!49 48 46 19 23 45 22 AQUIIII!!34 18 20 49 20 47 45 33 23 10 46 0 15 1 34 2 19 
10 18 47 33 17 48 16 24 
AQUIIII!!20 47 19 46 17 49 34 1 23 33 48 45 10 0 18 22 
AQUIIII!!10 1 48 45 0 17 33 18 46 22 47 23 34 49 19 AQUIIII!!20 23 
33 45 15 16 47 34 20 49 24 44 18 19 46 17 48 
AQUIIII!!34 45 23 0 20 46 22 17 47 48 33 1 19 18 10 49 
AQUIIII!!18 16 19 44 15 33 45 23 34 17 24 47 49 20 46 48 
AQUIIII!!18 16 19 44 15 33 45 23 34 17 24 47 49 20 46 48 
AQUIIII!!20 47 48 3 13 0 1 33 10 25 46 2 34 22 45 49 
AQUIIII!!20 AQUIIII!!48 AQUIIII!!34 48 18 46 16 10 17 17 17 34 48 33 46 33 24 24 16 1 15 46 45 23 15 20 47 19 45 22 45 33 0 23 19 23 47 44 18 34 18 47 49 19 49 
10 
20 AQUIIII!!49 46 
34 25 22 3 AQUIIII!!0 10 47 0 45 AQUIIII!!2 19 22 48 17 2 20 46 23 10 AQUIIII!!48 45 1 49 34 AQUIIII!!19 13 5 23 AQUIIII!!45 0 33 10 3 33 34 48 0 49 25 46 22 46 1 AQUIIII!!
22 17 45 48 47 49 48 48 22 18 10 34 4 33 3 1 20 16 33 1 13 34 47 45 0 34 24 18 25 2 47 1 46 33 2 22 47 49 17 20 4 1 0 33 18 
49 34 23 47 
13 45 18 6 46 19 20 
10 10 19 49 20 
15 49 23 
33 47 10 48 
AQUIIII!!18 20 19 23 46 47 22 AQUIIII!!1 49 17 10 34 7 10 2 0 13 45 3 33 0 48 34 49 5 
1 31 6 22 AQUIIII!!48 33 8 16 4 17 
34 46 24 15 23 20 45 AQUIIII!!33 49 19 20 44 19 18 2 47 48 AQUIIII!!49 23 47 
22 48 34 49 33 46 10 1 47 10 0 4 46 34 1 5 45 0 18 22 
13 3 33 2 25 
AQUIIII!!47 46 48 1 0 4 49 13 34 10 33 5 22 3 2 25 
AQUIIII!!16 10 24 33 34 23 17 18 45 15 47 46 49 19 20 48 
AQUIIII!!49 46 18 24 34 23 44 47 45 17 15 20 33 48 16 19 
AQUIIII!!2 3 46 4 5 22 1 34 13 33 47 0 10 48 25 49 
AQUIIII!!17 47 48 33 45 46 49 16 19 10 18 24 15 AQUIIII!!23 48 20 19 34 16 
33 47 AQUIIII!!34 33 AQUIIII!!20 15 15 34 24 23 47 34 17 43 24 23 33 17 44 18 18 20 20 15 32 45 23 42 18 16 19 46 44 10 49 47 48 19 
16 45 17 46 46 45 
49 
AQUIIII!!17 47 33 20 23 0 19 22 46 10 16 48 18 45 34 49 
AQUIIII!!34 AQUIIII!!AQUIIII!!2 33 49 37 5 45 0 13 20 4 2 46 3 25 16 10 47 47 6 0 17 5 4 48 13 1 34 48 3 10 22 10 18 33 34 33 46 22 1 23 22 7 48 0 49 AQUIIII!!19 
49 

49 AQUIIII!!22 49 2 46 13 19 47 17 0 47 1 23 10 44 5 48 48 34 46 20 3 33 25 33 18 4 24 34 45 
16 15 
AQUIIII!!49 46 19 17 47 23 44 48 34 20 AQUIIII!!33 13 18 37 24 5 AQUIIII!!1 45 16 33 16 24 4 15 20 AQUIIII!!33 10 
23 15 48 20 48 7 24 23 6 AQUIIII!!47 44 22 10 16 46 3 0 49 34 2 13 34 33 0 22 18 49 8 34 17 46 49 5 19 19 
7 AQUIIII!!45 15 1 2 44 18 13 
3 47 10 31 48 33 4 17 34 2 45 45 33 47 
6 0 34 46 49 1 
22 20 25 48 3 49 
AQUIIII!!16 24 23 43 33 34 18 20 19 AQUIIII!!46 19 15 20 45 49 47 23 17 46 10 48 45 44 33 
0 47 18 22 2 34 48 1 
AQUIIII!!15 23 AQUIIII!!16 0 44 33 19 47 33 46 34 45 24 34 45 22 46 2 20 23 48 20 18 1 47 19 49 17 18 
48 49 10 
AQUIIII!!46 19 34 22 33 0 45 10 48 AQUIIII!!17 16 23 24 47 23 43 49 33 18 34 16 18 20 20 
19 46 15 45 47 17 48 44 
AQUIIII!!49 47 16 20 45 18 17 34 46 19 15 AQUIIII!!44 19 33 34 48 33 23 45 24 47 
10 48 15 18 16 24 23 20 46 17 49 
AQUIIII!!47 45 15 33 19 AQUIIII!!48 49 23 33 18 10 10 2 17 22 46 48 34 19 20 0 24 20 16 47 1 49 45 
46 13 37 34 
AQUIIII!!49 2 1 4 31 7 33 10 6 34 13 3 22 5 0 8 
AQUIIII!!49 5 4 10 0 48 34 13 33 6 22 37 7 1 3 2 
AQUIIII!!49 10 1 18 2 33 45 34 47 46 23 22 20 19 0 48 
AQUIIII!!49 10 0 8 33 22 6 3 34 7 13 31 2 5 4 1 
AQUIIII!!49 16 33 22 20 48 46 47 18 34 23 10 0 19 17 45 
AQUIIII!!49 5 3 33 0 47 10 1 48 2 AQUIIII!!34 48 22 46 25 16 13 6 20 4 49 
15 47 18 23 24 19 45 17 44 33 34 
AQUIIII!!16 10 22 0 33 18 17 23 47 46 48 34 19 45 20 49 
AQUIIII!!15 44 17 48 33 16 19 49 47 46 45 20 34 18 23 24 
AQUIIII!!48 AQUIIII!!6 34 4 13 3 AQUIIII!!47 5 49 3 1 33 4 34 45 25 47 47 AQUIIII!!2 22 48 0 10 2 22 48 5 25 10 10 33 19 10 33 1 46 0 34 20 0 33 45 23 22 13 18 34 48 49 19 0 49 47 
17 46 1 18 20 
16 23 
22 46 17 49 AQUIIII!!
34 AQUIIII!!48 34 46 48 10 46 1 0 5 33 33 19 13 13 3 37 0 45 2 22 1 47 47 2 25 49 10 20 4 
22 49 
AQUIIII!!10 AQUIIII!!1 3 46 1 5 48 13 13 0 5 25 33 AQUIIII!!AQUIIII!!47 34 49 34 AQUIIII!!22 31 33 16 6 20 34 4 33 5 49 0 48 20 4 25 33 22 48 10 2 1 3 2 46 6 19 3 33 23 2 7 4 47 24 34 48 49 10 43 0 37 
49 18 1 34 
2 47 0 22 17 47 13 15 22 8 19 46 
45 45 44 10 
13 
AQUIIII!!13 1 2 48 AQUIIII!!3 0 45 5 47 16 33 20 25 48 47 17 10 34 4 18 46 19 22 33 34 23 49 46 
10 22 0 49 
AQUIIII!!49 3 4 1 2 6 5 34 7 10 48 0 33 13 22 37 
AQUIIII!!48 46 47 19 15 16 17 18 49 45 33 10 20 24 23 34 
AQUIIII!!49 20 10 3 46 13 0 25 48 45 1 2 33 AQUIIII!!34 46 47 47 22 45 
34 0 25 13 10 3 33 1 22 20 2 48 49 
AQUIIII!!23 33 47 45 18 24 49 16 17 15 19 34 20 48 46 44 
AQUIIII!!10 8 6 1 2 0 33 22 13 5 3 7 34 31 4 49 
AQUIIII!!10 0 33 34 AQUIIII!!22 16 17 17 1 24 19 19 45 23 18 47 48 18 49 46 20 47 33 46 34 23 15 
48 10 49 45 20 
AQUIIII!!49 20 10 47 45 22 2 46 AQUIIII!!1 49 13 48 3 10 33 34 34 46 48 19 0 22 25 20 
13 2 37 33 47 AQUIIII!!1 49 0 19 48 45 15 
44 34 20 47 45 23 33 46 24 16 18 17 
AQUIIII!!48 49 47 22 34 5 25 46 13 1 3 10 0 2 4 33 
AQUIIII!!1 5 33 4 6 25 3 2 34 48 47 0 22 10 13 49 
AQUIIII!!5 33 46 25 47 22 1 0 3 4 2 13 10 34 48 49 
AQUIIII!!49 34 15 48 46 16 47 17 20 23 19 18 45 10 33 24 
AQUIIII!!19 20 23 18 15 33 45 17 34 44 24 48 49 47 16 46 
AQUIIII!!47 15 23 24 20 AQUIIII!!18 19 33 33 46 32 17 34 49 23 34 42 44 19 18 48 15 16 20 44 43 45 17 
21 16 45 46 
AQUIIII!!49 48 34 47 44 17 19 15 24 46 18 45 23 33 20 16 
AQUIIII!!49 33 48 0 2 45 23 22 1 46 20 19 10 18 34 47 
AQUIIII!!0 46 45 18 2 47 33 23 48 1 19 10 20 AQUIIII!!22 1 34 45 47 49 2 
48 10 18 22 33 20 46 0 34 19 23 49 
AQUIIII!!49 37 34 33 2 22 48 3 6 1 0 7 4 5 10 13 
AQUIIII!!49 34 2 48 47 6 3 33 10 13 1 0 22 25 4 5 
AQUIIII!!49 18 19 34 33 46 48 17 45 24 20 15 23 47 44 16 
AQUIIII!!33 2 0 25 AQUIIII!!34 47 13 10 1 5 2 22 46 10 3 48 25 4 45 47 33 3 48 46 49 22 
1 4 0 13 34 49 
AQUIIII!!33 22 3 25 AQUIIII!!48 49 45 22 46 1 20 2 1 0 47 0 34 10 33 13 25 34 13 2 47 49 48 
45 10 3 20 46 AQUIIII!!
49 4 AQUIIII!!10 21 46 27 12 47 2 11 14 22 41 34 32 1 18 45 17 48 43 33 42 3 15 16 0 39 13 9 25 44 

AQUIIII!!47 19 22 45 34 48 2 1 10 46 23 18 0 20 33 49 
AQUIIII!!49 48 4 37 33 5 10 2 34 AQUIIII!!7 34 6 23 13 45 17 22 16 0 33 3 15 1 18 
46 44 20 19 47 48 24 49 
AQUIIII!!7 44 43 27 9 12 32 21 39 42 6 11 41 14 8 15 
AQUIIII!!49 34 48 15 33 20 18 47 10 45 17 46 16 19 23 24 
AQUIIII!!25 3 47 22 0 34 2 13 6 33 5 10 1 4 48 49 
AQUIIII!!45 17 44 48 47 18 16 15 33 19 24 23 34 46 20 49 
AQUIIII!!49 48 10 34 25 46 3 1 47 22 45 2 33 13 0 4 
AQUIIII!!47 48 49 46 1 10 4 34 5 0 22 13 3 33 2 25 
AQUIIII!!23 19 33 49 45 34 24 20 48 44 47 16 46 17 18 15 
AQUIIII!!4 22 25 2 6 33 5 10 48 47 34 1 3 13 0 49 
AQUIIII!!33 37 1 10 AQUIIII!!19 49 34 37 22 6 0 13 2 47 33 20 3 5 2 1 0 10 46 22 13 49 48 45 34 7 48 4 

AQUIIII!!32 21 18 39 27 12 17 41 15 AQUIIII!!49 11 45 16 48 42 1 14 46 44 3 43 25 9 33 
13 22 4 2 34 47 0 10 
AQUIIII!!6 48 25 0 22 AQUIIII!!33 48 13 47 3 49 10 2 10 34 3 47 13 1 5 5 0 4 25 49 2 
34 4 22 33 1 6 
AQUIIII!!49 48 4 46 2 25 34 0 22 47 45 3 10 1 33 13 
AQUIIII!!AQUIIII!!49 19 3 45 13 49 4 18 7 33 10 47 1 22 6 46 5 20 34 0 8 2 31 23 33 48 2 10 22 34 0 1 

AQUIIII!!49 18 20 33 46 15 23 48 34 47 AQUIIII!!24 49 16 19 34 17 47 44 33 18 45 10 19 16 22 
23 48 20 46 45 17 0 
AQUIIII!!49 33 3 4 48 47 25 AQUIIII!!49 2 17 22 48 1 20 15 5 45 13 46 34 34 16 10 18 10 0 33 46 24 
19 23 AQUIIII!!47 15 
18 16 24 20 10 33 48 17 AQUIIII!!23 19 19 49 45 46 47 34 46 15 34 47 AQUIIII!!49 24 45 17 
1 20 2 23 10 10 3 18 22 16 46 33 4 48 33 45 34 
47 48 13 25 AQUIIII!!0 33 49 17 
16 23 49 48 18 24 47 19 34 20 15 46 44 45 
AQUIIII!!49 1 25 48 46 0 47 33 20 22 3 10 34 45 2 13 
AQUIIII!!0 5 7 4 3 AQUIIII!!19 10 AQUIIII!!33 49 49 13 1 33 37 22 1 34 46 48 6 0 0 1 47 22 2 45 46 48 48 25 22 34 47 49 33 2 
20 13 13 20 2 10 45 37 3 
34 10 
AQUIIII!!49 48 46 45 4 1 13 22 47 10 2 33 25 3 34 0 
AQUIIII!!25 10 33 46 13 1 4 22 AQUIIII!!49 48 10 5 1 45 34 19 47 2 33 0 48 2 22 0 3 47 49 46 34 
37 20 13 
AQUIIII!!49 16 47 33 18 48 46 23 44 15 45 17 34 20 24 19 
AQUIIII!!48 34 23 15 17 45 46 19 24 16 44 18 47 33 20 49 
AQUIIII!!49 15 19 20 34 24 33 17 18 47 16 46 10 45 48 23 
AQUIIII!!49 46 48 2 3 20 34 1 0 13 33 10 45 47 25 22 
AQUIIII!!13 33 25 1 10 5 4 34 2 3 22 6 47 48 0 49 
AQUIIII!!3 45 1 48 20 10 25 AQUIIII!!22 27 AQUIIII!!21 33 10 26 46 33 14 13 20 7 47 17 6 2 47 8 34 5 34 43 19 0 23 11 49 22 40 
18 12 32 45 42 1 44 0 9 49 
48 46 
AQUIIII!!49 4 1 AQUIIII!!3 49 10 13 0 19 6 48 2 20 37 33 47 31 0 22 1 34 46 5 34 8 22 7 33 13 45 
2 10 
AQUIIII!!17 49 48 18 47 16 45 20 19 10 46 34 23 0 22 33 
AQUIIII!!24 23 17 16 19 18 33 34 47 49 10 20 45 48 46 15 
AQUIIII!!49 10 13 0 22 19 2 33 45 1 34 20 48 46 37 AQUIIII!!47 48 
46 16 20 49 15 47 18 23 24 19 45 17 44 33 34 
AQUIIII!!48 0 5 10 4 6 34 7 1 2 37 33 13 22 3 49 
AQUIIII!!15 48 18 44 49 19 46 47 34 16 23 20 45 33 24 17 
AQUIIII!!15 48 18 44 49 19 46 47 34 16 23 20 45 33 24 17 
AQUIIII!!34 48 33 10 20 47 45 46 18 17 22 1 0 23 49 19 
AQUIIII!!34 1 46 48 19 23 17 45 22 20 18 0 10 33 47 49 
AQUIIII!!34 0 2 47 13 33 1 45 22 48 3 46 10 25 4 49 
AQUIIII!!18 17 45 46 48 24 16 33 23 47 19 34 44 49 20 15 
AQUIIII!!18 45 47 23 34 48 0 10 16 22 17 20 46 33 19 49 
AQUIIII!!18 45 47 23 34 48 0 10 16 22 17 20 46 33 19 49 
AQUIIII!!23 20 22 48 0 46 33 1 2 34 10 19 47 18 49 45 
AQUIIII!!45 17 44 48 47 18 16 15 33 19 24 23 34 46 20 49 
AQUIIII!!20 23 19 46 24 18 43 16 47 34 33 15 45 17 44 48 
AQUIIII!!49 46 20 2 13 22 10 45 34 48 33 19 AQUIIII!!1 49 37 33 47 18 0 46 
19 48 24 34 20 16 23 47 44 17 15 45 
AQUIIII!!49 34 47 22 23 48 17 46 33 1 10 18 20 0 45 19 
AQUIIII!!22 10 34 33 48 0 13 1 25 45 2 46 4 47 3 49 
AQUIIII!!20 34 18 45 24 33 47 16 23 17 48 19 44 46 15 49 
AQUIIII!!49 13 0 33 37 3 7 22 5 34 6 2 10 4 1 48 
AQUIIII!!49 48 10 0 45 13 2 46 47 1 34 33 20 25 22 3 AQUIIII!!
49 47 16 20 45 18 17 34 46 19 15 44 33 48 23 24 
AQUIIII!!33 4 25 5 0 3 2 10 48 22 46 AQUIIII!!47 13 2 1 34 10 45 47 13 46 1 0 37 49 48 
22 19 34 20 33 49 
Number of Cuts in the second phase:3750
Number of repeat: 3471 
Violation: 140.000000
Violation: 246.000000
Violation: 23.000000
Violation: 650.000000
Violation: 530.000000
Violation: 1017.000000
Violation: 405.000000
Violation: 41.000000
Violation: 1492.000000
Violation: 221.000000
Violation: 705.000000
Violation: 1236.000000
Violation: 460.000000
Violation: 655.000000
Violation: 922.000000
Violation: 596.000000
Violation: 898.000000
Violation: 375.000000
Violation: 1000.000000
Violation: 671.000000
Violation: 1202.000000
Violation: 783.000000
Violation: 882.000000
Violation: 1408.000000
Violation: 104.000000
Violation: 142.000000
Violation: 881.000000
Violation: 546.000000
Violation: 193.000000
Violation: 575.000000
Violation: 190.000000
Violation: 375.000000
Violation: 1027.000000
Violation: 1112.000000
Violation: 1400.000000
Violation: 215.000000
Violation: 280.000000
Violation: 360.000000
Violation: 637.000000
Violation: 625.000000
Violation: 1102.000000
Violation: 297.000000
Violation: 534.000000
Violation: 848.000000
Violation: 1405.000000
Violation: 1085.000000
Violation: 831.000000
Violation: 140.000000
Violation: 425.000000
Violation: 140.000000
Violation: 140.000000
Violation: 375.000000
Violation: 191.000000
Violation: 415.000000
Violation: 1102.000000
Violation: 922.000000
Violation: 1250.000000
Violation: 700.000000
Violation: 375.000000
Violation: 481.000000
Violation: 420.000000
Violation: 140.000000
Violation: 375.000000
Violation: 420.000000
Violation: 75.000000
Violation: 650.000000
Violation: 710.000000
Violation: 76.000000
Violation: 490.000000
Violation: 463.000000
Violation: 515.000000
Violation: 727.000000
Violation: 717.000000
Violation: 375.000000
Violation: 515.000000
Violation: 85.000000
Violation: 1172.000000
Violation: 356.000000
Violation: 525.000000
Violation: 381.000000
Violation: 647.000000
Violation: 1308.000000
Violation: 420.000000
Violation: 888.000000
Violation: 624.000000
Violation: 659.000000
Violation: 408.000000
Violation: 525.000000
Violation: 1133.000000
Violation: 67.000000
Violation: 487.000000
Violation: 543.000000
Violation: 415.000000
Violation: 651.000000
Violation: 351.000000
Violation: 677.000000
Violation: 1166.000000
Violation: 550.000000
Violation: 139.000000
Violation: 560.000000
Violation: 767.000000
Violation: 461.000000
Violation: 112.000000
Violation: 497.000000
Violation: 795.000000
Violation: 231.000000
Violation: 560.000000
Violation: 319.000000
Violation: 286.000000
Violation: 246.000000
Violation: 777.000000
Violation: 515.000000
Violation: 87.000000
Violation: 845.000000
Violation: 498.000000
Violation: 453.000000
Violation: 246.000000
Violation: 400.000000
Violation: 427.000000
Violation: 381.000000
Violation: 186.000000
Violation: 604.000000
Violation: 39.000000
Violation: 700.000000
Violation: 524.000000
Violation: 280.000000
Violation: 247.000000
Violation: 135.000000
Violation: 425.000000
Violation: 280.000000
Violation: 370.000000
Violation: 795.000000
Violation: 400.000000
Violation: 419.000000
Violation: 673.000000
Violation: 795.000000
Violation: 497.000000
Violation: 922.000000
Violation: 220.000000
Violation: 11.000000
Violation: 861.000000
Violation: 542.000000
Violation: 916.000000
Violation: 948.000000
Violation: 783.000000
Violation: 280.000000
Violation: 700.000000
Violation: 467.000000
Violation: 704.000000
Violation: 772.000000
Violation: 386.000000
Violation: 650.000000
Violation: 625.000000
Violation: 560.000000
Violation: 620.000000
Violation: 211.000000
Violation: 876.000000
Violation: 631.000000
Violation: 900.000000
Violation: 345.000000
Violation: 572.000000
Violation: 456.000000
Violation: 424.000000
Violation: 546.000000
Violation: 940.000000
Violation: 767.000000
Violation: 990.000000
Violation: 437.000000
Violation: 125.000000
Violation: 1061.000000
Violation: 510.000000
Violation: 120.000000
Violation: 408.000000
Violation: 595.000000
Violation: 731.000000
Violation: 225.000000
Violation: 176.000000
Violation: 317.000000
Violation: 381.000000
Violation: 424.000000
Violation: 742.000000
Violation: 1397.000000
Violation: 375.000000
Violation: 33.000000
Violation: 742.000000
Violation: 1427.000000
Violation: 137.000000
Violation: 990.000000
Violation: 311.000000
Violation: 555.000000
Violation: 1416.000000
Violation: 1247.000000
Violation: 345.000000
Violation: 1025.000000
Violation: 499.000000
Violation: 195.000000
Violation: 460.000000
Violation: 1120.000000
Violation: 1215.000000
Violation: 705.000000
Violation: 1096.000000
Violation: 487.000000
Violation: 351.000000
Violation: 212.000000
Violation: 444.000000
Violation: 415.000000
Violation: 125.000000
Violation: 1480.000000
Violation: 1009.000000
Violation: 68.000000
Violation: 420.000000
Violation: 560.000000
Violation: 1207.000000
Violation: 1200.000000
Violation: 775.000000
Violation: 1112.000000
Violation: 370.000000
Violation: 489.000000
Violation: 480.000000
Violation: 708.000000
Violation: 666.000000
Violation: 943.000000
Violation: 1052.000000
Violation: 86.000000
Violation: 815.000000
Violation: 760.000000
Violation: 330.000000
Violation: 1355.000000
Violation: 951.000000
Violation: 439.000000
Violation: 397.000000
Violation: 1102.000000
Violation: 481.000000
Violation: 522.000000
Violation: 445.000000
Violation: 530.000000
Violation: 318.000000
Violation: 1297.000000
Violation: 642.000000
Violation: 106.000000
Violation: 822.000000
Violation: 740.000000
Violation: 1207.000000
Violation: 1596.000000
Violation: 446.000000
Violation: 557.000000
Violation: 1250.000000
Violation: 458.000000
Violation: 532.000000
Violation: 727.000000
Violation: 737.000000
Violation: 190.000000
Violation: 565.000000
Violation: 85.000000
Violation: 370.000000
Violation: 420.000000
Violation: 700.000000
Violation: 415.000000
Violation: 156.000000
Violation: 497.000000
Violation: 375.000000
Violation: 850.000000
Violation: 671.000000
Violation: 655.000000
Violation: 655.000000
Violation: 100.000000
Violation: 742.000000
Violation: 916.000000
Violation: 280.000000
Violation: 30.000000
Violation: 1117.000000
Violation: 280.000000
Violation: 1630.000000
Violation: 616.000000
Violation: 1055.000000
Violation: 1041.000000
Violation: 210.000000
Violation: 67.000000
Violation: 518.000000
took 3.889288
Optimize a model with 1184 rows, 906 columns and 14128 nonzeros
Coefficient statistics:
  Matrix range     [1e+00, 6e+01]
  Objective range  [0e+00, 0e+00]
  Bounds range     [1e+00, 4e+01]
  RHS range        [1e+00, 1e+02]
Presolve removed 355 rows and 107 columns
Presolve time: 0.00s
Presolved: 829 rows, 799 columns, 12054 nonzeros

Iteration    Objective       Primal Inf.    Dual Inf.      Time
       0    0.0000000e+00   4.620005e+01   0.000000e+00      0s
     107    0.0000000e+00   0.000000e+00   0.000000e+00      0s

Solved in 107 iterations and 0.01 seconds
Optimal objective  0.000000000e+00
