A-4.txt_s3.txt
Academic license - for non-commercial use only
Read LP format model from file lp/A-4.txt.lp
Reading time = 0.05 seconds
: 961 rows, 10797 columns, 131727 nonzeros
OKGPU
nThreads: 1024 , nBlocks: 12 
Number cuts generated in the phase 1: 13
Number of repeat: 0 
violation 43.000000
violation 30.000000
violation 10.000000
violation 13.000000
violation 13.000000
violation 198.000000
violation 56.000000
violation 306.000000
violation 785.000000
violation 576.000000
violation 27.000000
violation 714.000000
violation 774.000000
8592 8
AQUIIII!!151 13 95 21 100 5 154 150 
AQUIIII!!151 95 150 13 100 154 153 152 
AQUIIII!!151 AQUIIII!!18 93 151 21 5 7 68 93 5 7 19 68 
19 21 18 
AQUIIII!!151 7 21 68 93 19 18 5 
AQUIIII!!151 21 5 7 68 93 150 13 
AQUIIII!!150 100 95 153 13 154 151 21 
AQUIIII!!153 150 13 100 95 152 154 151 
AQUIIII!!95 13 153 100 154 21 150 151 
AQUIIII!!93 150 21 5 68 13 7 151 
AQUIIII!!21 68 18 7 5 19 93 151 
AQUIIII!!150 7 93 68 5 13 21 151 
AQUIIII!!151 150 154 153 95 100 13 21 
AQUIIII!!151 21 5 7 150 68 93 13 
AQUIIII!!151 153 95 154 21 150 100 AQUIIII!!13 151 
5 13 AQUIIII!!100 151 150 21 21 153 154 13 95 154 
100 95 150 
AQUIIII!!151 21 13 68 150 5 7 AQUIIII!!93 151 
95 153 100 152 154 13 150 
AQUIIII!!150 153 21 154 13 95 100 151 
AQUIIII!!93 68 150 5 21 7 13 151 
AQUIIII!!150 13 21 100 154 95 153 151 
AQUIIII!!21 18 19 93 5 68 7 151 
AQUIIII!!21 150 5 68 93 7 18 AQUIIII!!151 151 
153 21 AQUIIII!!100 151 95 19 5 154 93 68 13 18 150 21 7 

AQUIIII!!151 21 95 154 150 100 13 5 
AQUIIII!!151 21 7 150 93 68 5 13 
AQUIIII!!AQUIIII!!151 151 68 5 21 18 21 68 5 7 93 7 150 18 150 
93 
AQUIIII!!151 150 21 100 13 95 5 154 
AQUIIII!!21 151 100 154 95 5 13 150 
AQUIIII!!95 27 149 74 28 29 AQUIIII!!26 151 152 
68 21 5 93 7 19 18 
AQUIIII!!151 68 150 93 5 13 7 21 
AQUIIII!!151 150 13 152 154 95 AQUIIII!!153 13 100 150 
68 AQUIIII!!93 18 5 7 7 21 151 5 21 68 
93 150 151 
AQUIIII!!154 5 95 21 13 100 150 151 
AQUIIII!!151 154 150 100 5 21 95 13 
AQUIIII!!5 21 19 7 18 68 93 151 
AQUIIII!!152 154 151 150 153 95 13 AQUIIII!!100 151 
21 100 153 95 150 154 AQUIIII!!13 151 
21 5 154 150 95 100 13 AQUIIII!!
151 154 100 153 95 150 152 13 
AQUIIII!!18 19 5 21 68 7 93 151 
AQUIIII!!151 68 5 13 21 150 AQUIIII!!7 21 93 68 
93 5 150 13 7 151 
AQUIIII!!151 21 19 5 68 93 7 18 
AQUIIII!!151 21 AQUIIII!!154 151 100 154 13 13 150 100 95 21 5 153 95 
150 
AQUIIII!!18 93 5 68 150 7 21 151 
AQUIIII!!151 154 13 100 21 5 95 150 
AQUIIII!!27 95 28 74 149 152 29 26 
AQUIIII!!150 AQUIIII!!AQUIIII!!68 13 100 7 154 5 150 21 100 95 5 153 18 154 152 13 93 95 151 150 151 
21 
151 
AQUIIII!!150 93 5 7 68 18 21 151 
AQUIIII!!28 149 153 152 95 74 29 154 AQUIIII!!
68 7 5 13 150 93 21 151 
AQUIIII!!151 13 7 68 93 150 5 21 
AQUIIII!!153 95 13 150 100 154 21 151 
AQUIIII!!68 21 150 7 18 5 93 151 
AQUIIII!!151 5 150 93 68 7 18 21 
AQUIIII!!151 7 5 68 13 93 150 21 
AQUIIII!!153 95 13 150 100 154 21 151 
AQUIIII!!5 150 154 13 95 100 21 151 
AQUIIII!!5 150 154 13 95 100 AQUIIII!!21 151 AQUIIII!!150 
151 100 93 153 5 13 152 18 68 95 7 151 154 21 AQUIIII!!
151 150 7 
68 93 5 21 18 150 
AQUIIII!!93 5 68 150 21 13 7 151 
AQUIIII!!5 7 13 21 150 68 93 151 
AQUIIII!!13 95 153 152 150 100 154 151 
AQUIIII!!153 100 13 152 149 95 154 29 
AQUIIII!!151 150 68 5 13 7 21 93 
AQUIIII!!151 93 5 68 21 150 18 7 
AQUIIII!!150 95 100 21 154 13 153 151 
AQUIIII!!151 7 19 21 93 68 5 18 
AQUIIII!!13 150 7 5 68 93 21 151 
AQUIIII!!13 150 7 5 68 93 21 151 
AQUIIII!!21 154 13 153 100 150 95 151 
AQUIIII!!13 150 7 5 68 93 21 151 
AQUIIII!!7 21 13 5 93 150 68 151 
AQUIIII!!5 93 7 21 68 13 150 151 
AQUIIII!!5 100 13 150 154 21 95 151 
AQUIIII!!151 153 150 13 95 100 154 152 
AQUIIII!!153 95 154 150 13 100 21 151 
AQUIIII!!93 68 18 5 21 19 7 151 
AQUIIII!!21 154 13 153 100 95 150 151 
AQUIIII!!151 21 150 7 93 68 5 13 AQUIIII!!
13 68 93 7 150 5 21 151 
AQUIIII!!151 154 100 95 153 21 150 13 
AQUIIII!!5 7 150 21 93 13 68 151 
AQUIIII!!21 68 7 5 18 19 93 151 
AQUIIII!!151 7 5 150 93 68 21 18 
AQUIIII!!21 93 18 5 150 68 7 151 
AQUIIII!!5 21 100 150 13 154 95 151 
AQUIIII!!5 7 93 68 19 18 21 151 
AQUIIII!!151 154 100 153 95 150 152 13 
AQUIIII!!151 68 21 18 7 5 150 93 
AQUIIII!!21 151 154 13 100 150 153 95 
AQUIIII!!18 68 7 93 19 21 5 151 
AQUIIII!!154 29 149 152 95 28 153 74 
AQUIIII!!152 26 29 28 74 149 95 27 
AQUIIII!!68 93 19 18 21 7 5 151 
AQUIIII!!13 21 95 100 154 150 153 151 
AQUIIII!!18 5 150 68 93 7 21 151 
AQUIIII!!150 13 100 154 95 153 152 151 
AQUIIII!!151 13 154 21 100 150 153 95 
AQUIIII!!150 153 100 13 154 95 151 21 
AQUIIII!!154 13 95 150 153 100 152 151 
AQUIIII!!152 150 153 100 95 13 151 154 
AQUIIII!!151 5 150 18 21 7 93 68 
AQUIIII!!154 100 95 21 150 13 5 151 
AQUIIII!!153 95 150 13 100 152 154 151 
AQUIIII!!151 152 153 100 95 13 154 150 
AQUIIII!!154 150 153 152 100 13 95 AQUIIII!!151 19 
5 93 18 7 21 68 AQUIIII!!151 151 
21 13 68 150 5 7 93 
AQUIIII!!154 151 100 21 150 13 5 AQUIIII!!95 95 
21 154 13 AQUIIII!!150 151 153 152 100 153 151 100 
95 13 154 150 
AQUIIII!!93 18 150 5 68 21 7 151 
AQUIIII!!151 150 21 7 5 68 93 13 
AQUIIII!!151 93 AQUIIII!!18 5 21 7 18 68 21 5 7 19 93 
68 19 151 
AQUIIII!!151 5 68 150 21 93 13 7 
AQUIIII!!100 152 154 13 150 95 153 151 
AQUIIII!!13 152 AQUIIII!!95 153 149 13 95 153 100 100 150 21 154 151 29 154 

AQUIIII!!153 13 95 100 150 21 151 154 
AQUIIII!!151 13 21 153 100 154 95 150 
AQUIIII!!7 5 21 68 18 93 19 151 
AQUIIII!!152 153 13 149 95 100 29 154 
AQUIIII!!151 21 93 7 5 150 18 68 
AQUIIII!!151 68 7 5 93 18 19 21 
AQUIIII!!151 100 13 150 95 154 152 153 
AQUIIII!!21 5 93 7 150 13 68 151 
AQUIIII!!154 29 74 149 153 AQUIIII!!95 150 28 13 152 153 
95 100 152 154 151 
AQUIIII!!151 13 7 21 150 68 5 93 
AQUIIII!!151 18 93 19 5 21 68 7 
AQUIIII!!95 100 5 150 13 154 21 151 
AQUIIII!!95 100 5 150 13 154 21 151 
AQUIIII!!150 13 100 5 21 154 95 151 
AQUIIII!!151 21 153 13 154 100 95 150 
AQUIIII!!7 93 21 150 18 68 5 151 
AQUIIII!!26 152 74 29 95 149 27 28 
AQUIIII!!151 100 150 154 5 95 21 13 
AQUIIII!!151 150 100 13 95 21 5 154 
AQUIIII!!100 5 95 154 13 150 21 151 
AQUIIII!!151 5 93 21 7 68 18 150 
AQUIIII!!151 95 13 100 150 154 152 153 
AQUIIII!!21 5 150 7 13 93 68 151 
AQUIIII!!21 7 5 150 68 13 93 151 
AQUIIII!!151 150 68 13 7 93 5 21 
AQUIIII!!28 149 152 74 153 95 29 154 
AQUIIII!!95 100 13 149 153 154 AQUIIII!!152 95 29 100 150 
13 5 21 151 154 
AQUIIII!!150 13 95 154 100 152 153 151 
AQUIIII!!154 151 153 150 13 152 95 100 
AQUIIII!!151 21 5 154 150 95 100 13 
AQUIIII!!152 29 153 154 149 95 100 13 
AQUIIII!!68 5 7 18 AQUIIII!!19 151 93 19 151 68 21 5 
7 AQUIIII!!93 21 74 149 18 95 
153 AQUIIII!!28 151 152 7 154 150 29 5 
21 93 68 18 
AQUIIII!!74 149 95 AQUIIII!!153 151 21 28 13 152 154 100 154 95 29 5 
150 
AQUIIII!!151 93 13 21 5 7 68 150 
AQUIIII!!151 21 13 154 100 95 5 150 
AQUIIII!!5 19 93 68 7 21 18 AQUIIII!!5 151 154 13 150 
95 100 21 151 
AQUIIII!!5 154 13 150 95 100 21 151 
AQUIIII!!151 95 21 100 150 154 13 5 
AQUIIII!!5 68 7 21 150 93 18 151 
AQUIIII!!13 68 93 5 7 150 151 21 
AQUIIII!!150 154 5 13 100 95 21 151 
AQUIIII!!150 154 5 13 100 95 21 151 
AQUIIII!!150 5 68 7 13 93 151 21 
AQUIIII!!151 7 150 68 5 21 18 93 
AQUIIII!!5 93 21 7 68 150 13 151 
AQUIIII!!151 150 21 68 5 7 18 93 
Number of Cuts in the second phase:2410
Number of repeat: 2243 
Violation: 119.000000
Violation: 77.000000
Violation: 451.000000
Violation: 680.000000
Violation: 192.000000
Violation: 570.000000
Violation: 384.000000
Violation: 595.000000
Violation: 214.000000
Violation: 145.000000
Violation: 560.000000
Violation: 1190.000000
Violation: 856.000000
Violation: 758.000000
Violation: 642.000000
Violation: 491.000000
Violation: 265.000000
Violation: 428.000000
Violation: 346.000000
Violation: 190.000000
Violation: 374.000000
Violation: 423.000000
Violation: 380.000000
Violation: 863.000000
Violation: 340.000000
Violation: 149.000000
Violation: 634.000000
Violation: 219.000000
Violation: 137.000000
Violation: 144.000000
Violation: 975.000000
Violation: 950.000000
Violation: 420.000000
Violation: 85.000000
Violation: 226.000000
Violation: 396.000000
Violation: 622.000000
Violation: 132.000000
Violation: 919.000000
Violation: 181.000000
Violation: 1574.000000
Violation: 111.000000
Violation: 59.000000
Violation: 128.000000
Violation: 768.000000
Violation: 1165.000000
Violation: 1152.000000
Violation: 532.000000
Violation: 235.000000
Violation: 34.000000
Violation: 1355.000000
Violation: 1079.000000
Violation: 133.000000
Violation: 4.000000
Violation: 323.000000
Violation: 929.000000
Violation: 1564.000000
Violation: 825.000000
Violation: 591.000000
Violation: 960.000000
Violation: 424.000000
Violation: 125.000000
Violation: 71.000000
Violation: 1119.000000
Violation: 701.000000
Violation: 165.000000
Violation: 115.000000
Violation: 629.000000
Violation: 658.000000
Violation: 8.000000
Violation: 1008.000000
Violation: 167.000000
Violation: 31.000000
Violation: 334.000000
Violation: 597.000000
Violation: 187.000000
Violation: 309.000000
Violation: 227.000000
Violation: 848.000000
Violation: 171.000000
Violation: 317.000000
Violation: 127.000000
Violation: 46.000000
Violation: 641.000000
Violation: 49.000000
Violation: 505.000000
Violation: 56.000000
Violation: 541.000000
Violation: 250.000000
Violation: 518.000000
Violation: 1.000000
Violation: 59.000000
Violation: 299.000000
Violation: 787.000000
Violation: 50.000000
Violation: 223.000000
Violation: 317.000000
Violation: 760.000000
Violation: 88.000000
Violation: 1428.000000
Violation: 1209.000000
Violation: 303.000000
Violation: 353.000000
Violation: 80.000000
Violation: 731.000000
Violation: 791.000000
Violation: 1088.000000
Violation: 6.000000
Violation: 126.000000
Violation: 821.000000
Violation: 52.000000
Violation: 191.000000
Violation: 165.000000
Violation: 413.000000
Violation: 120.000000
Violation: 404.000000
Violation: 418.000000
Violation: 770.000000
Violation: 748.000000
Violation: 18.000000
Violation: 700.000000
Violation: 1336.000000
Violation: 616.000000
Violation: 179.000000
Violation: 54.000000
Violation: 531.000000
Violation: 1948.000000
Violation: 589.000000
Violation: 37.000000
Violation: 514.000000
Violation: 178.000000
Violation: 417.000000
Violation: 58.000000
Violation: 405.000000
Violation: 53.000000
Violation: 386.000000
Violation: 574.000000
Violation: 219.000000
Violation: 1.000000
Violation: 1134.000000
Violation: 157.000000
Violation: 155.000000
Violation: 63.000000
Violation: 248.000000
Violation: 658.000000
Violation: 256.000000
Violation: 404.000000
Violation: 294.000000
Violation: 268.000000
Violation: 1165.000000
Violation: 351.000000
Violation: 704.000000
Violation: 284.000000
Violation: 785.000000
Violation: 948.000000
Violation: 599.000000
Violation: 291.000000
Violation: 1054.000000
Violation: 433.000000
Violation: 296.000000
Violation: 44.000000
Violation: 114.000000
Violation: 15.000000
Violation: 269.000000
Violation: 53.000000
Violation: 760.000000
Violation: 315.000000
8592 8
AQUIIII!!151 5 95 13 154 150 21 100 
AQUIIII!!151 AQUIIII!!68 18 151 93 100 5 95 150 7 153 AQUIIII!!150 21 151 13 
13 152 150 154 21 154 
95 100 5 
AQUIIII!!151 7 13 AQUIIII!!151 150 93 68 5 21 150 13 93 68 5 21 
7 
AQUIIII!!151 18 7 93 68 21 19 5 
AQUIIII!!AQUIIII!!151 151 7 21 150 93 7 18 5 21 18 AQUIIII!!68 68 151 93 5 
5 150 93 19 
18 68 21 7 
AQUIIII!!151 150 154 21 95 100 5 13 
AQUIIII!!154 151 153 152 150 100 AQUIIII!!95 68 AQUIIII!!13 150 
151 21 21 93 93 7 18 5 7 18 150 151 68 
5 
AQUIIII!!21 68 150 13 5 7 93 151 
AQUIIII!!153 152 13 100 154 150 95 151 
AQUIIII!!151 95 154 21 150 153 13 100 
AQUIIII!!151 153 152 13 100 154 150 95 
AQUIIII!!21 151 7 5 13 68 150 93 
AQUIIII!!5 21 68 93 7 13 150 151 
AQUIIII!!5 100 154 150 13 95 151 21 
AQUIIII!!154 13 100 153 152 95 150 151 
AQUIIII!!7 93 5 18 21 150 68 151 
AQUIIII!!151 95 150 AQUIIII!!AQUIIII!!68 151 152 13 7 153 100 93 154 21 19 150 13 5 95 100 21 153 
18 154 151 

AQUIIII!!151 7 93 5 68 13 150 21 
AQUIIII!!153 152 100 95 149 13 154 29 
AQUIIII!!151 100 150 154 5 21 13 95 
AQUIIII!!152 151 153 154 150 13 100 95 
AQUIIII!!68 18 150 93 7 5 21 151 
AQUIIII!!95 153 152 13 100 154 150 151 
AQUIIII!!AQUIIII!!151 13 21 150 95 13 95 100 100 154 150 154 5 152 
153 151 
AQUIIII!!151 5 21 19 7 68 93 18 
AQUIIII!!95 100 13 153 154 150 151 152 
AQUIIII!!19 5 7 68 93 21 18 151 
AQUIIII!!13 150 7 21 93 5 68 151 
AQUIIII!!151 150 95 153 21 100 13 AQUIIII!!154 151 
150 AQUIIII!!68 151 21 18 13 19 5 7 5 21 AQUIIII!!93 93 152 68 100 
7 150 
153 154 13 95 151 
AQUIIII!!151 21 7 13 93 68 150 5 
AQUIIII!!21 151 7 93 5 150 18 68 
AQUIIII!!151 5 18 68 7 21 19 93 
AQUIIII!!13 95 5 154 21 100 150 151 
AQUIIII!!29 154 100 95 153 149 13 152 
AQUIIII!!13 68 7 5 21 150 93 151 
AQUIIII!!AQUIIII!!151 151 7 153 5 150 AQUIIII!!93 21 18 154 95 68 29 154 150 149 100 21 152 
13 13 
95 100 153 
AQUIIII!!21 154 AQUIIII!!95 151 153 100 150 150 13 152 100 13 151 154 
153 95 
AQUIIII!!153 21 95 100 13 150 151 AQUIIII!!154 7 
18 5 21 19 68 93 151 
AQUIIII!!151 154 100 13 153 150 95 152 
AQUIIII!!21 154 13 100 153 95 150 151 AQUIIII!!
151 5 18 150 93 7 21 68 
AQUIIII!!153 100 154 13 21 95 150 AQUIIII!!151 7 
68 93 150 18 5 AQUIIII!!21 151 151 154 
100 13 153 150 95 152 
AQUIIII!!7 68 93 5 21 18 150 151 
AQUIIII!!151 18 5 68 93 7 150 21 
AQUIIII!!151 93 18 68 21 150 5 7 
AQUIIII!!21 150 68 7 18 5 93 151 
AQUIIII!!151 7 18 68 21 19 93 5 
AQUIIII!!19 18 21 68 AQUIIII!!5 13 AQUIIII!!AQUIIII!!7 150 151 93 95 151 21 151 100 7 68 
152 93 68 153 150 154 5 18 151 7 150 
5 21 
93 18 
AQUIIII!!154 100 153 95 21 13 150 151 
AQUIIII!!151 19 21 68 93 5 7 18 
AQUIIII!!13 153 95 21 154 100 150 151 
AQUIIII!!93 150 5 7 13 68 151 21 
AQUIIII!!21 7 5 68 19 93 18 151 
AQUIIII!!151 100 152 153 95 154 150 13 
AQUIIII!!13 68 150 5 7 93 21 151 
AQUIIII!!151 100 153 152 13 150 154 95 
AQUIIII!!13 68 150 5 7 93 21 151 
AQUIIII!!151 AQUIIII!!153 151 13 95 154 150 154 95 5 21 21 150 100 13 100 

AQUIIII!!13 68 150 5 7 93 21 151 
AQUIIII!!151 21 154 153 13 100 95 150 
AQUIIII!!151 13 150 95 AQUIIII!!21 151 100 13 100 154 152 5 150 95 
154 153 
AQUIIII!!154 29 74 153 95 28 152 149 
AQUIIII!!153 152 150 95 100 13 151 154 
AQUIIII!!100 21 150 13 95 154 AQUIIII!!5 21 151 
151 AQUIIII!!150 151 68 68 93 5 13 7 7 18 5 21 
19 93 
AQUIIII!!151 7 18 21 68 93 5 150 
AQUIIII!!5 19 68 7 21 18 93 151 
AQUIIII!!5 7 93 150 68 21 18 151 
AQUIIII!!13 95 154 100 150 5 21 151 
AQUIIII!!19 5 18 21 68 93 7 151 
AQUIIII!!19 93 5 18 21 7 68 151 
AQUIIII!!21 154 150 13 100 153 95 151 
AQUIIII!!95 100 21 153 13 150 151 154 
AQUIIII!!151 5 93 21 AQUIIII!!150 151 68 7 13 5 7 93 
18 21 68 19 
AQUIIII!!151 100 13 152 95 150 153 154 
AQUIIII!!93 21 13 7 68 5 150 151 
AQUIIII!!154 100 152 13 95 150 153 151 
AQUIIII!!151 18 68 21 7 93 150 5 
AQUIIII!!21 154 100 5 13 95 150 151 
AQUIIII!!74 28 95 149 29 153 152 154 
AQUIIII!!93 68 7 150 13 21 5 151 
AQUIIII!!151 18 21 5 7 93 68 19 
AQUIIII!!100 150 153 21 154 13 95 151 
AQUIIII!!150 5 7 68 18 93 21 151 
AQUIIII!!21 151 68 18 7 5 93 150 
AQUIIII!!150 18 7 21 68 93 5 151 
AQUIIII!!95 13 100 149 153 152 29 154 
AQUIIII!!151 68 5 21 19 7 93 18 
AQUIIII!!154 95 5 21 150 100 13 151 
AQUIIII!!151 13 5 100 150 154 95 21 
AQUIIII!!95 13 100 149 153 152 29 154 
AQUIIII!!154 13 95 5 100 150 21 151 
AQUIIII!!151 154 100 13 150 95 153 21 
AQUIIII!!152 100 95 13 154 150 153 151 
AQUIIII!!151 95 100 153 13 150 154 152 
AQUIIII!!154 29 152 149 100 95 153 13 
AQUIIII!!7 19 18 68 5 21 93 151 
AQUIIII!!152 100 153 95 150 154 13 151 
AQUIIII!!151 95 21 5 13 154 150 100 
AQUIIII!!151 18 93 68 150 21 7 5 
AQUIIII!!151 154 152 95 13 153 100 150 
AQUIIII!!151 150 153 100 21 154 13 95 
AQUIIII!!21 151 95 154 150 153 13 100 
AQUIIII!!151 13 154 95 21 100 150 5 
AQUIIII!!151 13 153 152 154 100 150 95 
AQUIIII!!151 7 150 5 93 68 13 21 
AQUIIII!!100 154 150 13 21 153 95 151 
AQUIIII!!151 153 150 152 13 100 154 95 
AQUIIII!!152 151 154 13 153 95 150 AQUIIII!!100 150 7 
68 13 AQUIIII!!5 100 93 150 21 95 151 5 
21 13 154 151 
AQUIIII!!150 7 68 13 5 93 21 151 
AQUIIII!!68 7 AQUIIII!!18 18 5 68 21 150 150 93 93 7 151 21 
5 151 
AQUIIII!!100 13 95 5 21 150 151 154 
AQUIIII!!95 13 153 154 21 100 150 151 
AQUIIII!!154 151 95 150 152 13 100 153 
AQUIIII!!151 93 5 68 7 19 18 21 
AQUIIII!!151 5 68 7 21 150 93 13 
AQUIIII!!7 68 AQUIIII!!18 13 21 100 5 153 93 150 150 95 151 152 
154 151 
AQUIIII!!151 93 18 68 21 AQUIIII!!5 100 150 153 7 13 
95 150 152 151 154 
AQUIIII!!151 154 150 13 153 100 95 21 
AQUIIII!!150 93 7 AQUIIII!!5 153 21 154 68 95 18 150 151 21 
13 100 151 
AQUIIII!!151 154 5 150 13 100 21 95 
AQUIIII!!5 13 95 100 150 21 154 151 
AQUIIII!!100 95 153 13 21 150 154 151 
AQUIIII!!21 100 95 154 150 5 13 151 
AQUIIII!!153 28 152 74 95 149 29 154 
AQUIIII!!13 153 154 95 21 150 100 151 
AQUIIII!!93 21 5 150 7 68 13 151 
AQUIIII!!150 68 5 93 7 21 13 151 
AQUIIII!!13 150 68 7 5 93 21 151 
AQUIIII!!13 150 68 7 5 93 21 151 
AQUIIII!!154 29 95 100 152 153 13 149 
AQUIIII!!151 21 18 5 150 68 93 7 
AQUIIII!!151 153 13 100 154 150 95 152 
AQUIIII!!151 150 21 100 5 13 154 95 
AQUIIII!!151 18 5 19 7 68 21 93 
AQUIIII!!151 7 13 21 150 5 93 68 
AQUIIII!!21 151 7 93 5 150 18 68 
AQUIIII!!153 154 29 152 74 149 95 28 
AQUIIII!!13 154 150 21 95 153 100 151 
AQUIIII!!151 21 5 AQUIIII!!93 5 18 68 7 19 93 68 21 7 151 18 
150 
AQUIIII!!151 154 152 95 13 153 100 150 
AQUIIII!!151 154 152 95 13 153 100 150 
AQUIIII!!150 13 93 68 21 5 7 151 
AQUIIII!!151 154 150 13 153 100 95 21 
AQUIIII!!151 154 150 100 152 95 153 13 
AQUIIII!!151 154 150 100 152 95 153 13 
AQUIIII!!151 13 21 150 100 95 5 154 
AQUIIII!!154 21 95 100 150 13 5 151 
AQUIIII!!153 150 100 152 95 154 13 151 
AQUIIII!!151 21 93 18 7 150 68 5 
AQUIIII!!68 7 150 93 21 5 13 151 
AQUIIII!!AQUIIII!!151 154 150 95 151 152 5 21 100 95 154 100 153 150 13 
13 
Number of Cuts in the second phase:2409
Number of repeat: 2359 
Violation: 413.000000
Violation: 209.000000
Violation: 119.000000
Violation: 424.000000
Violation: 147.000000
Violation: 357.000000
Violation: 231.000000
Violation: 679.000000
Violation: 564.000000
Violation: 107.000000
Violation: 971.000000
Violation: 630.000000
Violation: 21.000000
Violation: 599.000000
Violation: 355.000000
Violation: 975.000000
Violation: 134.000000
Violation: 68.000000
Violation: 657.000000
Violation: 84.000000
Violation: 283.000000
Violation: 324.000000
Violation: 360.000000
Violation: 489.000000
Violation: 873.000000
Violation: 650.000000
Violation: 293.000000
Violation: 428.000000
Violation: 90.000000
Violation: 212.000000
Violation: 102.000000
Violation: 739.000000
Violation: 50.000000
Violation: 305.000000
Violation: 167.000000
Violation: 279.000000
Violation: 75.000000
Violation: 117.000000
Violation: 305.000000
Violation: 183.000000
Violation: 54.000000
Violation: 52.000000
Violation: 160.000000
Violation: 151.000000
Violation: 643.000000
Violation: 437.000000
Violation: 735.000000
Violation: 536.000000
Violation: 708.000000
Violation: 336.000000
2808 8
AQUIIII!!151 154 13 95 21 5 150 100 
AQUIIII!!151 13 5 95 21 100 150 154 
AQUIIII!!151 5 93 19 21 68 18 7 
AQUIIII!!21 151 93 5 68 150 13 7 
AQUIIII!!95 100 152 13 150 154 153 151 
AQUIIII!!19 21 5 AQUIIII!!93 150 7 154 68 13 18 95 151 153 
21 100 151 
AQUIIII!!18 150 68 93 21 5 7 151 
AQUIIII!!151 13 154 21 150 95 153 100 
AQUIIII!!21 95 150 100 153 13 151 154 
AQUIIII!!28 149 95 74 154 152 29 153 
AQUIIII!!13 93 68 7 150 5 151 21 
AQUIIII!!93 150 7 5 18 68 21 151 
AQUIIII!!151 95 21 150 154 5 13 100 
AQUIIII!!151 93 7 5 21 68 13 150 
AQUIIII!!151 5 154 13 100 150 95 21 
AQUIIII!!29 154 152 153 13 95 100 149 
AQUIIII!!7 AQUIIII!!93 151 68 100 150 153 13 154 5 150 21 95 151 21 
13 
AQUIIII!!29 152 154 149 13 100 95 153 
AQUIIII!!151 21 13 93 7 68 150 5 
AQUIIII!!153 13 150 152 100 95 151 154 
AQUIIII!!151 95 153 100 154 150 13 152 
AQUIIII!!21 13 154 150 5 95 100 151 
AQUIIII!!151 152 100 150 153 154 13 95 
AQUIIII!!151 13 95 21 150 153 100 154 
AQUIIII!!13 150 153 100 95 154 152 151 
AQUIIII!!151 150 21 13 154 100 95 153 
AQUIIII!!154 153 150 152 100 13 95 151 
AQUIIII!!AQUIIII!!151 151 154 150 13 7 95 21 21 93 5 5 150 18 100 
68 
AQUIIII!!151 154 21 95 150 13 5 100 
AQUIIII!!151 18 93 19 7 5 21 68 
AQUIIII!!21 150 5 13 95 100 154 151 
AQUIIII!!154 151 95 21 13 150 153 100 
AQUIIII!!68 93 5 150 13 21 7 151 
AQUIIII!!151 154 21 95 150 13 5 100 
AQUIIII!!95 153 21 150 13 100 154 151 
AQUIIII!!5 154 95 150 13 100 21 151 
AQUIIII!!5 154 95 150 13 100 21 151 
AQUIIII!!18 68 7 93 19 21 5 151 
AQUIIII!!152 154 153 29 149 95 13 100 
AQUIIII!!151 7 5 93 68 18 21 19 
AQUIIII!!151 21 153 95 150 13 154 100 
AQUIIII!!21 7 93 19 68 18 5 151 
AQUIIII!!21 151 18 93 150 68 5 7 
AQUIIII!!21 5 150 7 93 13 68 151 
AQUIIII!!151 7 93 68 5 18 21 150 
AQUIIII!!154 29 74 152 149 95 28 153 
AQUIIII!!21 13 93 7 150 5 68 151 
AQUIIII!!153 150 152 13 100 95 154 151 
AQUIIII!!152 153 150 100 13 95 154 151 
AQUIIII!!151 150 68 7 18 5 21 93 
AQUIIII!!152 29 154 153 95 100 13 149 
AQUIIII!!153 154 13 150 95 100 21 151 
AQUIIII!!153 154 13 150 95 100 21 151 
AQUIIII!!153 100 150 13 95 151 152 154 
AQUIIII!!151 21 5 68 7 18 19 93 
AQUIIII!!5 13 100 95 154 150 21 151 
AQUIIII!!5 13 100 95 154 150 21 151 
AQUIIII!!151 95 13 154 100 150 152 153 
AQUIIII!!151 21 153 95 150 13 154 100 
Number of Cuts in the second phase:787
Number of repeat: 777 
Violation: 88.000000
Violation: 29.000000
Violation: 397.000000
Violation: 79.000000
Violation: 253.000000
Violation: 22.000000
Violation: 350.000000
Violation: 624.000000
Violation: 63.000000
Violation: 204.000000
took 11.613030

Warning: excessive time spent in model updates.
Consider calling update less frequently.

Optimize a model with 1262 rows, 10797 columns and 133997 nonzeros
Coefficient statistics:
  Matrix range     [1e-05, 9e+01]
  Objective range  [0e+00, 0e+00]
  Bounds range     [1e+00, 2e+09]
  RHS range        [1e+00, 6e+01]
Warning: Model contains large bounds
         Consider reformulating model or setting NumericFocus parameter
         to avoid numerical issues.

Concurrent LP optimizer: dual simplex and barrier
Showing barrier log only...

Presolve removed 182 rows and 420 columns
Presolve time: 0.04s
Presolved: 1080 rows, 10377 columns, 126325 nonzeros

Ordering time: 0.00s

Barrier statistics:
 Dense cols : 16
 AA' NZ     : 4.935e+04
 Factor NZ  : 8.878e+04 (roughly 5 MBytes of memory)
 Factor Ops : 9.760e+06 (less than 1 second per iteration)
 Threads    : 3

                  Objective                Residual
Iter       Primal          Dual         Primal    Dual     Compl     Time
   0   0.00000000e+00 -2.68716627e+07  8.27e+09 0.00e+00  1.42e+06     0s
   1   0.00000000e+00 -6.41181889e+06  3.03e+09 8.90e-03  5.14e+05     0s
   2   0.00000000e+00 -2.88231516e+05  8.86e+08 4.44e-16  1.53e+05     0s
   3   0.00000000e+00 -1.52098692e+03  3.24e+04 3.33e-16  5.69e+00     0s
   4   0.00000000e+00 -1.13732052e+03  2.39e+04 2.58e-06  4.01e+00     0s
   5   0.00000000e+00 -1.40387363e+03  1.45e+04 8.35e-05  3.17e+00     0s
   6   0.00000000e+00 -9.75174011e+02  8.02e+03 2.46e-05  1.53e+00     0s
   7   0.00000000e+00 -8.69932114e+02  4.16e+03 1.63e-07  9.03e-01     0s
   8   0.00000000e+00 -5.67000227e+02  8.62e+02 3.55e-15  1.94e-01     0s

Barrier performed 8 iterations in 0.11 seconds
Barrier solve interrupted - model solved by another algorithm


Solved with dual simplex
Solved in 627 iterations and 0.11 seconds
Optimal objective  0.000000000e+00
