j3017_4.mm_s5.txt
Academic license - for non-commercial use only
Read LP format model from file lp/j3017_4.mm.lp
Reading time = 0.01 seconds
: 351 rows, 906 columns, 9053 nonzeros
OKGPU
nThreads: 1024 , nBlocks: 12 
Number cuts generated in the phase 1: 12
Number of repeat: 4 
violation 500.000000
violation 428.000000
violation 750.000000
violation 375.000000
violation 425.000000
violation 425.000000
violation 425.000000
violation 820.000000
8592 16
AQUIIII!!49 19 47 24 45 33 16 23 48 20 22 18 17 34 37 46 
AQUIIII!!49 1 23 25 47 34 48 22 2 0 37 13 10 4 3 33 AQUIIII!!
49 22 5 31 1 33 34 6 25 10 2 37 0 13 4 3 
AQUIIII!!49 33 19 24 18 46 23 34 48 22 20 17 16 47 37 45 
AQUIIII!!49 19 47 23 33 34 20 25 45 37 48 46 22 1 0 10 AQUIIII!!
17 47 45 48 16 20 19 34 37 22 24 46 33 23 15 18 
AQUIIII!!17 47 48 46 49 19 37 23 33 22 10 18 24 34 45 20 
AQUIIII!!47 23 34 20 37 17 46 22 45 18 24 19 48 16 33 49 
AQUIIII!!22 33 20 17 34 47 18 45 37 24 AQUIIII!!10 49 46 3 19 0 48 5 23 49 33 
25 23 AQUIIII!!13 49 37 20 4 48 22 10 1 34 48 1 2 2 10 45 34 23 
0 37 47 AQUIIII!!25 49 46 48 33 34 22 46 0 
13 3 37 10 33 22 1 23 25 2 47 
AQUIIII!!49 37 10 AQUIIII!!46 33 23 48 45 2 25 34 0 33 47 20 37 22 1 48 23 19 13 
46 10 22 45 47 AQUIIII!!AQUIIII!!49 34 49 2 0 37 18 22 1 23 45 25 46 23 46 10 49 33 AQUIIII!!48 20 
25 10 37 22 0 AQUIIII!!13 19 49 1 34 3 4 33 25 1 AQUIIII!!47 48 47 2 1 37 49 34 2 
48 0 45 37 25 33 23 17 33 1 22 3 48 33 2 4 22 23 5 10 24 5 13 13 
0 10 45 13 0 22 10 34 34 34 49 
48 
46 23 47 25 AQUIIII!!37 49 
18 23 0 48 34 20 22 19 33 25 45 47 37 AQUIIII!!10 49 46 4 AQUIIII!!
45 6 2 44 33 34 37 43 0 16 1 15 13 18 25 17 34 19 5 32 31 22 10 42 22 20 3 24 
33 23 
AQUIIII!!17 47 45 49 10 20 22 19 18 48 23 46 37 33 34 24 
AQUIIII!!16 45 33 23 20 17 22 19 47 46 37 48 34 AQUIIII!!18 18 24 47 49 17 
48 49 19 45 16 33 37 46 24 22 20 34 23 
AQUIIII!!18 47 17 48 AQUIIII!!49 17 19 19 45 33 34 16 47 33 45 37 22 46 23 37 24 20 22 49 20 46 16 34 24 23 18 
48 
AQUIIII!!45 33 22 34 20 48 10 1 37 2 25 23 0 47 49 46 
AQUIIII!!37 19 22 47 49 17 46 18 20 23 34 45 16 24 33 48 AQUIIII!!
37 48 33 2 0 25 10 13 5 1 3 22 23 34 4 49 
AQUIIII!!20 AQUIIII!!48 34 10 2 25 20 0 23 34 10 22 1 AQUIIII!!47 22 49 1 47 17 45 37 16 46 45 20 33 0 47 19 46 34 37 48 45 23 37 25 49 23 33 
48 49 19 
33 18 22 46 24 
AQUIIII!!49 23 45 25 0 AQUIIII!!10 49 20 22 48 34 23 22 10 AQUIIII!!37 45 49 20 34 33 33 46 47 0 17 18 1 24 AQUIIII!!37 47 19 46 2 48 46 48 19 23 
46 16 22 47 20 34 34 37 25 33 37 
22 33 18 0 45 48 23 25 
10 3 13 2 1 47 49 
AQUIIII!!46 48 20 49 23 25 33 1 37 47 0 45 19 34 10 22 
AQUIIII!!33 45 18 37 23 22 0 20 48 25 34 19 10 47 46 49 
AQUIIII!!AQUIIII!!49 44 37 45 23 15 25 24 45 42 48 19 0 32 18 16 33 20 19 22 47 23 20 43 10 17 22 33 46 34 34 18 

AQUIIII!!19 AQUIIII!!49 34 34 22 20 10 10 33 48 37 0 47 47 AQUIIII!!3 1 25 25 37 46 4 23 13 45 2 22 48 
33 0 25 6 46 34 2 3 1 33 0 13 23 22 49 AQUIIII!!31 
37 47 10 19 1 22 5 23 49 
10 20 48 46 25 37 0 18 34 33 45 49 
AQUIIII!!39 27 21 40 32 7 26 42 11 14 8 12 41 44 9 43 
AQUIIII!!0 34 47 1 46 45 AQUIIII!!37 49 23 33 22 34 10 2 6 48 31 33 25 AQUIIII!!25 13 13 49 1 49 47 
5 13 3 46 10 33 0 45 4 48 22 37 25 2 22 
AQUIIII!!0 49 10 45 23 20 2 34 37 48 34 1 1 47 
22 23 19 0 10 37 33 46 25 
AQUIIII!!49 47 10 AQUIIII!!1 22 34 47 2 0 23 20 33 23 0 19 13 34 25 25 4 48 48 46 37 33 22 1 3 45 
10 37 49 
AQUIIII!!22 37 AQUIIII!!0 10 13 46 34 22 33 2 37 3 48 25 34 31 13 10 0 4 47 5 25 1 23 6 2 49 45 
33 1 49 
AQUIIII!!49 46 0 13 22 10 AQUIIII!!25 34 2 20 47 23 1 33 1 48 19 23 10 37 33 45 47 34 48 
AQUIIII!!46 25 25 45 0 0 2 37 22 22 49 1 
33 10 34 23 20 49 37 48 45 47 46 
AQUIIII!!19 10 0 25 37 45 18 46 20 33 34 22 23 47 49 48 
AQUIIII!!19 49 20 AQUIIII!!23 46 23 47 1 2 45 25 3 33 25 48 0 1 22 34 0 10 5 37 
37 AQUIIII!!4 49 10 48 22 18 34 45 13 0 33 20 33 48 10 49 25 
46 37 23 47 19 34 22 
AQUIIII!!49 17 22 AQUIIII!!24 AQUIIII!!49 45 2 22 47 37 46 1 19 47 23 45 48 48 AQUIIII!!16 47 0 20 49 22 20 18 48 37 17 47 16 48 33 3 19 46 34 AQUIIII!!34 34 22 49 13 24 37 33 1 23 18 25 23 33 34 10 48 37 19 46 0 33 
0 46 18 20 45 46 49 20 

25 10 23 34 23 25 
45 33 37 47 22 10 19 
AQUIIII!!49 3 0 48 2 37 33 23 13 34 1 5 4 10 22 25 
AQUIIII!!49 48 47 33 46 22 37 18 34 19 0 45 20 10 23 25 
AQUIIII!!20 46 19 1 22 45 33 23 0 10 37 34 47 25 48 49 
AQUIIII!!49 18 23 17 20 19 37 33 46 47 48 16 34 22 45 24 
AQUIIII!!45 24 34 17 16 23 37 47 33 20 19 22 49 46 48 18 
AQUIIII!!45 24 AQUIIII!!34 2 17 10 4 16 13 23 3 37 37 47 34 33 0 20 5 19 25 33 22 22 49 1 46 48 48 23 18 49 

AQUIIII!!22 19 48 49 AQUIIII!!24 45 34 33 33 18 20 20 17 37 10 16 24 19 34 18 23 22 46 37 45 47 17 23 47 48 
46 49 
AQUIIII!!46 37 34 AQUIIII!!23 45 AQUIIII!!24 47 10 49 10 17 4 48 18 20 45 0 19 22 37 33 33 47 33 20 37 25 46 25 22 1 1 23 0 48 48 19 34 13 49 49 
2 
3 34 22 10 47 23 
AQUIIII!!0 13 AQUIIII!!47 AQUIIII!!49 48 49 23 20 34 23 2 37 23 45 3 48 2 0 33 37 1 25 47 37 10 0 34 25 10 47 34 33 46 46 20 22 22 22 1 49 45 33 
48 10 25 19 46 
1 
AQUIIII!!49 0 22 3 34 37 23 2 AQUIIII!!1 49 4 33 33 18 47 46 13 22 25 34 48 20 10 23 
AQUIIII!!17 23 48 19 37 47 24 16 33 45 34 47 46 19 37 24 48 
20 17 18 22 45 10 49 
AQUIIII!!34 0 10 2 48 AQUIIII!!23 22 33 37 15 25 17 3 19 13 47 4 16 5 37 33 46 1 23 49 20 
34 22 24 18 48 45 
AQUIIII!!37 45 22 33 46 10 23 34 24 49 19 18 47 48 17 20 
AQUIIII!!49 10 20 47 37 0 46 23 25 34 18 45 33 22 48 19 
AQUIIII!!16 18 19 46 49 22 AQUIIII!!34 37 48 10 20 46 17 33 24 1 45 2 33 34 47 23 37 25 23 0 
13 47 22 45 48 49 
AQUIIII!!45 44 22 15 19 33 24 18 46 47 17 34 20 23 37 16 
AQUIIII!!49 17 24 18 34 23 19 22 37 46 47 20 45 33 48 16 
AQUIIII!!44 45 15 23 16 17 24 33 19 34 22 20 42 43 18 32 
AQUIIII!!23 20 33 19 34 0 37 10 25 1 AQUIIII!!49 22 34 46 33 25 47 20 49 45 48 46 18 45 10 
37 22 48 19 23 0 47 
AQUIIII!!46 20 18 47 24 22 16 23 48 33 37 45 17 34 19 49 
AQUIIII!!49 10 48 25 45 37 47 34 33 2 46 1 0 23 13 22 
AQUIIII!!33 46 48 47 34 20 2 45 10 22 37 1 25 0 23 49 
AQUIIII!!20 25 48 37 0 23 33 AQUIIII!!18 2 45 3 34 34 10 47 19 4 22 13 23 49 0 47 33 46 10 
22 37 1 25 48 49 AQUIIII!!
49 33 10 34 4 1 37 5 2 25 6 22 3 13 0 31 
AQUIIII!!8 44 43 39 40 21 32 14 9 42 11 12 26 41 27 15 
AQUIIII!!33 37 4 0 34 6 31 22 3 2 1 13 25 5 10 49 
AQUIIII!!49 18 47 24 48 17 19 46 34 23 45 10 20 22 37 33 
AQUIIII!!33 20 24 45 37 48 34 23 17 22 47 19 49 18 46 16 
AQUIIII!!49 24 20 46 48 22 19 18 47 23 10 37 34 33 17 45 
AQUIIII!!0 25 34 10 23 22 37 20 47 AQUIIII!!49 1 22 48 48 33 37 46 10 46 19 23 49 45 45 34 18 
25 33 47 19 0 20 
AQUIIII!!33 20 24 45 37 48 34 23 17 22 47 19 49 18 46 16 
AQUIIII!!23 47 33 AQUIIII!!34 3 17 22 37 37 46 48 13 19 23 46 AQUIIII!!25 18 49 10 24 45 22 45 23 0 10 10 33 20 AQUIIII!!48 49 1 49 46 10 22 34 25 
33 48 23 47 37 22 2 18 46 34 47 25 37 34 49 19 20 0 
45 0 47 33 20 48 1 
19 
AQUIIII!!46 17 20 47 22 24 23 33 16 19 34 48 18 45 37 49 
AQUIIII!!48 37 19 34 46 22 16 23 24 33 18 49 45 47 20 17 AQUIIII!!
2 3 37 33 25 AQUIIII!!10 49 34 13 13 2 4 22 22 33 47 48 1 46 23 25 0 1 48 23 49 45 
10 47 0 37 34 
AQUIIII!!33 20 24 34 44 16 15 22 37 19 23 47 45 46 18 17 
AQUIIII!!49 AQUIIII!!1 22 47 25 15 20 33 20 10 23 24 48 48 19 45 34 0 23 34 46 37 47 33 37 
17 19 18 22 16 46 45 
AQUIIII!!17 47 48 46 49 19 37 23 33 22 10 18 AQUIIII!!AQUIIII!!24 49 0 13 34 13 45 6 33 20 5 4 
48 0 1 25 23 4 10 AQUIIII!!22 22 3 49 37 34 3 5 46 2 1 34 25 34 33 37 33 
37 10 18 31 47 2 23 49 45 AQUIIII!!24 
20 5 17 10 48 1 10 2 19 34 22 3 
37 48 25 33 23 4 0 22 13 49 
AQUIIII!!49 47 19 34 23 46 33 37 18 48 0 25 20 45 22 10 
AQUIIII!!49 5 4 31 2 10 3 25 0 34 1 22 37 6 13 33 
AQUIIII!!49 4 47 33 34 23 1 3 48 10 22 25 37 13 0 2 
AQUIIII!!9 42 40 12 39 21 14 11 41 26 8 32 27 44 7 AQUIIII!!43 24 
45 19 48 33 16 17 34 23 37 20 46 18 47 22 49 
AQUIIII!!24 33 20 16 17 45 22 34 23 19 37 47 18 46 48 49 
AQUIIII!!49 34 20 25 22 47 45 0 37 1 2 48 23 10 46 33 
AQUIIII!!22 23 1 13 10 25 37 0 47 4 2 3 34 33 48 49 
AQUIIII!!49 45 24 37 22 34 19 48 23 47 18 10 46 17 33 20 
AQUIIII!!34 13 23 37 2 4 0 33 47 25 10 3 1 48 22 49 
AQUIIII!!3 10 48 0 34 13 4 47 2 22 23 33 1 37 25 49 
AQUIIII!!49 0 2 37 3 10 1 23 48 4 22 25 5 33 13 34 
AQUIIII!!15 47 48 46 37 18 17 20 33 34 45 22 19 24 23 16 
AQUIIII!!48 19 0 25 10 46 22 AQUIIII!!47 48 37 2 1 25 33 1 23 0 20 23 45 33 34 10 49 22 
13 37 34 4 3 47 49 
AQUIIII!!49 25 34 0 45 20 1 10 46 37 22 48 23 33 47 19 
AQUIIII!!25 23 1 37 48 22 46 47 AQUIIII!!10 49 34 45 1 0 10 19 34 33 46 20 33 49 25 
23 13 AQUIIII!!47 47 2 23 0 46 48 25 22 3 0 37 22 
10 19 45 34 48 1 37 33 20 49 
AQUIIII!!22 20 48 1 47 34 23 37 AQUIIII!!10 44 46 45 0 37 45 18 25 33 19 15 33 22 49 20 
24 17 46 16 19 43 34 23 
AQUIIII!!20 1 45 46 48 2 47 10 33 34 25 23 22 0 37 49 
AQUIIII!!17 49 46 48 47 37 16 23 22 34 20 18 19 45 24 33 
AQUIIII!!45 46 15 18 34 44 37 24 22 19 17 16 23 43 20 33 
AQUIIII!!49 10 37 18 17 33 48 22 23 45 46 20 24 19 34 47 AQUIIII!!
49 46 33 2 22 25 47 34 20 37 48 23 45 0 10 1 
AQUIIII!!46 10 23 47 33 1 13 37 48 0 34 25 22 3 2 49 
AQUIIII!!23 20 47 10 19 46 22 25 34 37 45 0 18 48 AQUIIII!!33 48 49 45 
18 24 33 47 49 16 37 22 46 17 20 23 34 19 
AQUIIII!!34 47 46 AQUIIII!!10 49 25 3 23 33 1 34 37 10 48 13 45 31 20 2 33 25 0 5 2 4 22 0 22 49 6 
37 1 AQUIIII!!
23 37 19 33 45 46 34 20 16 18 47 24 48 17 22 49 
AQUIIII!!49 33 25 2 48 34 47 0 10 46 45 13 22 23 37 1 
AQUIIII!!15 37 23 22 20 18 33 17 45 34 24 19 16 48 47 46 
AQUIIII!!34 22 19 10 45 33 37 25 18 0 48 46 23 20 49 47 
AQUIIII!!20 23 48 47 45 34 33 10 37 46 2 25 22 1 0 49 
AQUIIII!!AQUIIII!!49 49 48 37 0 18 45 24 47 45 13 34 33 33 25 46 46 17 48 19 22 16 23 47 34 23 1 22 10 20 2 37 

AQUIIII!!20 34 19 24 47 15 16 22 33 46 17 23 18 37 45 44 
AQUIIII!!49 1 25 37 4 5 33 22 2 34 13 0 23 48 3 10 
AQUIIII!!48 47 34 20 33 10 19 37 0 AQUIIII!!25 3 22 2 18 22 23 25 46 34 45 33 49 0 
4 1 13 5 37 31 6 10 49 
AQUIIII!!42 15 19 24 18 23 33 17 20 34 32 16 43 22 44 45 
AQUIIII!!48 37 46 19 45 20 23 34 47 22 25 1 0 33 10 49 
AQUIIII!!47 48 49 34 0 23 22 2 13 46 37 25 AQUIIII!!10 46 3 33 0 1 25 33 47 
45 13 22 48 2 37 23 34 10 1 49 
AQUIIII!!43 44 9 11 14 26 8 15 27 39 32 41 12 40 21 42 
AQUIIII!!48 37 25 0 34 46 45 33 47 2 1 23 10 13 22 49 
AQUIIII!!49 22 6 5 3 0 13 25 1 2 37 10 34 33 31 4 
AQUIIII!!46 22 23 37 AQUIIII!!33 34 48 17 47 24 45 49 49 45 48 18 47 20 10 10 20 19 25 18 
46 37 19 23 34 33 22 0 
AQUIIII!!45 37 10 25 34 20 48 23 0 46 2 22 1 33 47 49 
AQUIIII!!25 37 34 33 13 23 22 48 4 10 0 3 47 2 1 49 
AQUIIII!!33 18 25 49 34 22 19 37 0 20 23 10 48 46 45 47 
AQUIIII!!46 45 15 22 16 47 44 37 19 34 23 20 17 33 18 24 
AQUIIII!!16 45 18 46 33 22 34 19 23 24 17 48 20 37 47 49 
AQUIIII!!2 25 45 33 47 10 46 0 48 34 22 23 1 13 37 49 
AQUIIII!!47 48 45 46 49 37 20 17 33 22 19 23 10 18 34 24 
AQUIIII!!18 37 25 46 20 10 22 23 48 0 19 45 47 34 33 49 
AQUIIII!!10 47 25 23 37 48 22 33 4 1 34 2 3 0 13 49 
AQUIIII!!49 AQUIIII!!34 49 37 45 20 20 34 16 48 23 1 46 AQUIIII!!47 17 49 22 48 23 23 47 20 19 18 10 AQUIIII!!0 24 44 46 45 10 45 22 33 37 19 46 34 37 33 33 23 19 46 15 22 0 18 25 
34 33 22 
1 19 17 45 43 48 20 16 37 24 
25 47 
AQUIIII!!20 45 49 16 37 17 19 33 24 23 22 18 47 34 46 48 
AQUIIII!!37 10 17 AQUIIII!!24 10 18 45 22 33 20 37 34 25 45 34 19 19 0 33 22 48 20 23 23 47 47 46 49 49 
46 18 48 
Number of Cuts in the second phase:4027
Number of repeat: 3620 
Violation: 464.000000
Violation: 231.000000
Violation: 375.000000
Violation: 570.000000
Violation: 497.000000
Violation: 140.000000
Violation: 428.000000
Violation: 285.000000
Violation: 750.000000
Violation: 285.000000
Violation: 1106.000000
Violation: 284.000000
Violation: 515.000000
Violation: 195.000000
Violation: 500.000000
Violation: 125.000000
Violation: 140.000000
Violation: 285.000000
Violation: 727.000000
Violation: 455.000000
Violation: 125.000000
Violation: 285.000000
Violation: 140.000000
Violation: 375.000000
Violation: 1172.000000
Violation: 570.000000
Violation: 106.000000
Violation: 140.000000
Violation: 375.000000
Violation: 125.000000
Violation: 335.000000
Violation: 125.000000
Violation: 928.000000
Violation: 284.000000
Violation: 375.000000
Violation: 374.000000
Violation: 782.000000
Violation: 140.000000
Violation: 375.000000
Violation: 140.000000
Violation: 750.000000
Violation: 140.000000
Violation: 642.000000
Violation: 570.000000
Violation: 284.000000
Violation: 140.000000
Violation: 710.000000
Violation: 642.000000
Violation: 140.000000
Violation: 68.000000
Violation: 500.000000
Violation: 625.000000
Violation: 570.000000
Violation: 1315.000000
Violation: 568.000000
Violation: 1386.000000
Violation: 1125.000000
Violation: 100.000000
Violation: 375.000000
Violation: 317.000000
Violation: 710.000000
Violation: 510.000000
Violation: 710.000000
Violation: 416.000000
Violation: 565.000000
Violation: 708.000000
Violation: 125.000000
Violation: 250.000000
Violation: 515.000000
Violation: 420.000000
Violation: 568.000000
Violation: 375.000000
Violation: 140.000000
Violation: 246.000000
Violation: 655.000000
Violation: 34.000000
Violation: 1375.000000
Violation: 1030.000000
Violation: 128.000000
Violation: 1415.000000
Violation: 710.000000
Violation: 1420.000000
Violation: 560.000000
Violation: 431.000000
Violation: 352.000000
Violation: 492.000000
Violation: 414.000000
Violation: 140.000000
Violation: 818.000000
Violation: 479.000000
Violation: 106.000000
Violation: 274.000000
Violation: 34.000000
Violation: 145.000000
Violation: 745.000000
Violation: 570.000000
Violation: 565.000000
Violation: 560.000000
Violation: 353.000000
Violation: 1460.000000
Violation: 146.000000
Violation: 708.000000
Violation: 375.000000
Violation: 712.000000
Violation: 335.000000
Violation: 457.000000
Violation: 710.000000
Violation: 346.000000
Violation: 625.000000
Violation: 352.000000
Violation: 570.000000
Violation: 352.000000
Violation: 375.000000
Violation: 75.000000
Violation: 749.000000
Violation: 1000.000000
Violation: 284.000000
Violation: 139.000000
Violation: 1022.000000
Violation: 375.000000
Violation: 375.000000
Violation: 570.000000
Violation: 710.000000
Violation: 386.000000
Violation: 596.000000
Violation: 246.000000
Violation: 464.000000
Violation: 280.000000
Violation: 375.000000
Violation: 750.000000
Violation: 636.000000
Violation: 140.000000
Violation: 814.000000
Violation: 492.000000
Violation: 545.000000
Violation: 375.000000
Violation: 570.000000
Violation: 67.000000
Violation: 386.000000
Violation: 140.000000
Violation: 1025.000000
Violation: 351.000000
Violation: 140.000000
Violation: 285.000000
Violation: 178.000000
Violation: 1055.000000
Violation: 145.000000
Violation: 659.000000
Violation: 69.000000
Violation: 749.000000
Violation: 55.000000
Violation: 671.000000
Violation: 687.000000
Violation: 565.000000
Violation: 560.000000
Violation: 420.000000
Violation: 405.000000
Violation: 1212.000000
Violation: 562.000000
Violation: 420.000000
Violation: 642.000000
Violation: 462.000000
Violation: 492.000000
Violation: 881.000000
Violation: 329.000000
Violation: 505.000000
Violation: 750.000000
Violation: 140.000000
Violation: 115.000000
Violation: 212.000000
Violation: 140.000000
Violation: 415.000000
Violation: 425.000000
Violation: 310.000000
Violation: 147.000000
Violation: 460.000000
Violation: 370.000000
Violation: 347.000000
Violation: 700.000000
Violation: 420.000000
Violation: 375.000000
Violation: 456.000000
Violation: 140.000000
Violation: 655.000000
Violation: 280.000000
Violation: 799.000000
Violation: 280.000000
Violation: 1104.000000
Violation: 480.000000
Violation: 1133.000000
Violation: 659.000000
Violation: 315.000000
Violation: 89.000000
Violation: 133.000000
Violation: 285.000000
Violation: 630.000000
Violation: 402.000000
Violation: 1022.000000
Violation: 495.000000
Violation: 922.000000
Violation: 497.000000
Violation: 602.000000
Violation: 676.000000
Violation: 499.000000
Violation: 560.000000
Violation: 425.000000
Violation: 920.000000
Violation: 625.000000
Violation: 1772.000000
Violation: 500.000000
Violation: 178.000000
Violation: 515.000000
Violation: 918.000000
Violation: 795.000000
Violation: 1030.000000
Violation: 420.000000
Violation: 505.000000
Violation: 140.000000
Violation: 325.000000
Violation: 777.000000
Violation: 505.000000
Violation: 125.000000
Violation: 246.000000
Violation: 375.000000
Violation: 385.000000
Violation: 140.000000
Violation: 104.000000
Violation: 390.000000
Violation: 710.000000
Violation: 550.000000
Violation: 425.000000
Violation: 570.000000
Violation: 640.000000
Violation: 872.000000
Violation: 275.000000
Violation: 370.000000
Violation: 500.000000
Violation: 1352.000000
Violation: 460.000000
Violation: 659.000000
Violation: 875.000000
Violation: 533.000000
Violation: 375.000000
Violation: 560.000000
Violation: 356.000000
Violation: 240.000000
Violation: 386.000000
Violation: 386.000000
Violation: 1000.000000
Violation: 625.000000
Violation: 777.000000
Violation: 140.000000
Violation: 492.000000
Violation: 280.000000
Violation: 386.000000
Violation: 1106.000000
Violation: 246.000000
Violation: 700.000000
Violation: 23.000000
Violation: 280.000000
Violation: 240.000000
Violation: 116.000000
Violation: 1030.000000
Violation: 926.000000
Violation: 1352.000000
Violation: 420.000000
Violation: 700.000000
Violation: 166.000000
Violation: 385.000000
Violation: 560.000000
Violation: 589.000000
Violation: 525.000000
Violation: 370.000000
Violation: 213.000000
Violation: 500.000000
Violation: 30.000000
Violation: 386.000000
Violation: 990.000000
Violation: 370.000000
Violation: 413.000000
Violation: 375.000000
Violation: 106.000000
Violation: 782.000000
Violation: 390.000000
Violation: 375.000000
Violation: 589.000000
Violation: 671.000000
Violation: 231.000000
Violation: 497.000000
Violation: 642.000000
Violation: 351.000000
Violation: 140.000000
Violation: 943.000000
Violation: 80.000000
Violation: 375.000000
Violation: 415.000000
Violation: 166.000000
Violation: 481.000000
Violation: 1703.000000
Violation: 386.000000
Violation: 998.000000
Violation: 455.000000
Violation: 373.000000
Violation: 945.000000
Violation: 352.000000
Violation: 905.000000
Violation: 1166.000000
Violation: 140.000000
Violation: 140.000000
Violation: 89.000000
Violation: 280.000000
Violation: 135.000000
Violation: 565.000000
Violation: 30.000000
Violation: 515.000000
Violation: 1096.000000
Violation: 351.000000
Violation: 53.000000
Violation: 514.000000
Violation: 837.000000
Violation: 458.000000
Violation: 284.000000
Violation: 1087.000000
Violation: 560.000000
Violation: 703.000000
Violation: 636.000000
Violation: 425.000000
Violation: 636.000000
Violation: 500.000000
Violation: 780.000000
Violation: 375.000000
Violation: 318.000000
Violation: 420.000000
Violation: 125.000000
Violation: 888.000000
Violation: 140.000000
Violation: 1236.000000
Violation: 352.000000
Violation: 140.000000
Violation: 140.000000
Violation: 570.000000
Violation: 875.000000
Violation: 505.000000
Violation: 250.000000
Violation: 420.000000
Violation: 951.000000
Violation: 1386.000000
Violation: 140.000000
Violation: 820.000000
Violation: 565.000000
Violation: 1027.000000
Violation: 250.000000
Violation: 340.000000
Violation: 875.000000
Violation: 1347.000000
Violation: 748.000000
Violation: 420.000000
Violation: 280.000000
Violation: 500.000000
Violation: 319.000000
Violation: 424.000000
Violation: 275.000000
Violation: 425.000000
Violation: 659.000000
Violation: 1276.000000
Violation: 246.000000
Violation: 426.000000
Violation: 928.000000
Violation: 491.000000
Violation: 590.000000
Violation: 602.000000
Violation: 526.000000
Violation: 250.000000
Violation: 526.000000
Violation: 66.000000
Violation: 500.000000
Violation: 374.000000
Violation: 840.000000
Violation: 22.000000
Violation: 140.000000
Violation: 708.000000
Violation: 745.000000
Violation: 140.000000
Violation: 175.000000
Violation: 515.000000
Violation: 125.000000
Violation: 671.000000
Violation: 240.000000
Violation: 318.000000
Violation: 1160.000000
Violation: 635.000000
Violation: 280.000000
Violation: 1130.000000
Violation: 914.000000
Violation: 521.000000
Violation: 659.000000
Violation: 985.000000
Violation: 741.000000
Violation: 83.000000
Violation: 638.000000
Violation: 329.000000
Violation: 283.000000
Violation: 809.000000
Violation: 283.000000
Violation: 135.000000
Violation: 375.000000
Violation: 1492.000000
5400 16
AQUIIII!!49 24 34 17 46 18 16 37 47 45 23 AQUIIII!!20 49 48 18 22 34 19 37 33 
25 23 48 45 0 33 20 47 22 46 10 19 
AQUIIII!!48 20 10 34 AQUIIII!!33 25 17 3 23 1 22 34 AQUIIII!!47 0 47 45 37 25 18 48 18 24 22 37 46 10 45 37 2 22 19 23 33 49 33 10 
4 23 47 34 20 13 19 49 48 
46 0 49 
AQUIIII!!48 20 10 34 33 17 23 22 47 AQUIIII!!45 18 18 24 10 46 37 37 19 22 49 20 
23 48 34 19 45 33 0 25 47 46 49 
AQUIIII!!10 23 45 0 25 46 48 22 20 33 19 37 1 47 34 49 
AQUIIII!!49 25 1 34 37 0 33 22 10 47 48 23 46 2 13 45 
AQUIIII!!49 4 3 48 23 5 2 0 34 13 1 10 22 25 37 33 
AQUIIII!!18 49 48 47 17 46 45 10 24 37 22 34 33 20 23 19 
AQUIIII!!22 37 1 23 45 0 2 33 25 10 34 48 49 20 46 47 
AQUIIII!!10 13 33 22 1 34 2 46 47 25 23 0 37 48 45 49 
AQUIIII!!49 37 2 0 5 4 1 10 33 6 25 31 22 3 AQUIIII!!34 49 13 3 
47 37 48 33 13 2 22 10 4 0 1 23 34 25 
AQUIIII!!46 AQUIIII!!33 33 34 45 10 25 23 46 20 2 45 20 19 10 37 37 18 0 0 23 48 48 25 22 22 47 47 1 34 49 
49 AQUIIII!!
25 23 0 3 37 33 47 1 22 48 34 2 AQUIIII!!10 13 46 33 4 13 3 49 10 
22 48 25 2 47 1 34 AQUIIII!!37 49 0 33 23 48 49 16 
46 23 18 34 45 19 37 47 22 20 24 17 
AQUIIII!!49 10 22 23 37 34 47 1 25 0 46 33 2 45 48 20 
AQUIIII!!47 48 46 49 25 13 23 22 37 0 45 10 34 1 33 2 
AQUIIII!!49 34 47 23 46 22 10 20 45 1 37 48 25 33 2 0 
AQUIIII!!24 17 48 23 18 22 19 34 33 37 46 47 16 49 20 45 
AQUIIII!!24 17 48 23 18 22 19 34 33 37 46 47 16 49 20 45 
AQUIIII!!45 15 46 33 19 24 17 16 20 18 34 37 47 44 23 22 
AQUIIII!!46 45 37 23 34 1 2 22 25 0 33 47 13 48 10 49 
AQUIIII!!18 49 48 47 17 46 AQUIIII!!45 33 10 37 24 37 45 22 48 34 10 33 22 20 18 23 19 23 
47 17 46 24 19 34 49 20 
AQUIIII!!AQUIIII!!49 49 10 6 48 5 24 3 45 25 47 37 18 22 34 2 17 33 20 13 46 1 33 34 22 0 37 10 19 4 23 31 

AQUIIII!!33 34 48 46 0 2 23 47 25 45 37 20 22 10 1 49 
AQUIIII!!49 2 23 34 13 0 45 10 46 48 37 25 33 1 22 47 
AQUIIII!!0 34 22 46 10 23 37 13 2 45 33 1 25 49 48 47 
AQUIIII!!49 19 22 37 46 AQUIIII!!20 49 23 22 48 45 33 33 34 10 47 0 24 47 17 37 18 46 10 19 45 48 
34 25 20 23 1 
AQUIIII!!49 33 48 37 45 47 34 20 17 16 23 19 22 46 18 24 
AQUIIII!!16 21 32 41 11 12 42 34 27 14 43 33 15 39 9 44 
AQUIIII!!19 47 33 45 20 24 48 18 17 37 AQUIIII!!22 48 23 49 46 46 16 34 24 49 37 
47 23 10 45 19 22 18 34 20 17 33 
AQUIIII!!10 47 22 17 37 19 23 33 24 18 48 34 46 20 45 49 
AQUIIII!!1 25 48 37 0 34 2 33 10 45 20 47 23 46 22 49 
AQUIIII!!25 1 0 34 23 46 48 33 37 10 45 20 47 2 22 49 
AQUIIII!!49 2 34 3 0 47 AQUIIII!!33 49 22 45 25 37 46 24 1 10 13 18 10 17 48 19 23 33 37 23 
34 22 20 47 46 48 
AQUIIII!!AQUIIII!!48 47 0 33 45 0 10 22 20 34 33 1 47 10 25 19 23 23 34 20 1 45 22 37 19 25 46 46 37 48 49 49 

AQUIIII!!34 48 24 20 47 17 23 33 37 45 16 46 18 22 49 19 
AQUIIII!!49 AQUIIII!!1 48 19 33 23 10 45 1 34 0 0 37 3 20 46 33 34 25 23 22 2 37 13 47 25 47 10 AQUIIII!!22 48 49 49 46 22 

48 10 37 34 0 47 46 1 AQUIIII!!33 10 45 37 25 6 23 0 20 13 2 3 
31 4 22 34 5 25 33 1 2 49 
AQUIIII!!47 48 49 33 45 23 10 37 46 20 22 17 18 19 24 34 
AQUIIII!!25 1 13 46 3 48 47 37 10 33 2 22 23 0 34 49 
AQUIIII!!45 37 33 46 0 34 20 1 23 25 22 10 47 48 19 49 
AQUIIII!!34 37 22 47 45 48 20 46 10 23 25 33 0 1 2 49 
AQUIIII!!45 37 33 46 0 34 20 1 23 25 22 10 47 48 19 49 
AQUIIII!!49 46 10 37 1 25 23 45 47 22 19 33 0 20 34 AQUIIII!!48 49 
24 17 34 AQUIIII!!23 49 47 31 37 0 48 37 16 25 18 6 1 19 10 46 34 33 33 45 22 22 13 20 5 
4 2 3 
AQUIIII!!49 0 20 10 1 48 45 34 37 46 2 23 25 47 22 33 
AQUIIII!!49 33 34 0 4 25 1 2 3 10 23 48 37 22 5 13 
AQUIIII!!45 49 16 20 47 46 48 34 33 37 17 22 19 18 24 23 
AQUIIII!!24 19 48 18 45 23 34 22 47 46 33 20 16 17 37 49 
AQUIIII!!20 45 23 17 48 22 34 46 19 16 18 37 24 47 33 49 
AQUIIII!!46 10 23 0 34 47 2 48 1 22 AQUIIII!!13 20 33 19 3 17 37 42 25 15 49 32 
33 34 16 23 18 24 22 43 45 44 
AQUIIII!!49 AQUIIII!!45 48 22 33 1 20 48 18 10 22 33 37 46 47 47 19 AQUIIII!!25 17 0 49 34 2 31 46 34 33 10 23 5 24 37 6 23 13 25 45 
3 49 22 
13 4 2 37 0 10 1 34 
AQUIIII!!9 44 15 42 39 32 8 43 11 12 26 27 14 40 21 41 
AQUIIII!!49 19 23 46 22 48 25 1 47 45 10 20 37 34 0 33 
AQUIIII!!22 20 46 33 19 48 37 45 23 34 18 24 47 49 16 17 
AQUIIII!!49 22 25 46 10 20 33 18 34 47 0 45 23 37 48 19 
AQUIIII!!34 33 6 31 3 13 4 5 2 10 25 37 22 0 1 49 
AQUIIII!!49 19 1 20 22 0 25 45 33 47 34 46 37 48 23 10 
AQUIIII!!49 48 33 3 23 2 1 37 13 0 5 22 25 10 4 34 
AQUIIII!!18 49 48 47 17 46 45 10 24 37 22 34 33 20 23 19 
AQUIIII!!24 17 10 47 22 18 37 33 45 48 19 23 34 46 49 20 
AQUIIII!!45 44 22 19 33 17 34 18 43 15 42 20 32 16 24 23 
AQUIIII!!37 34 18 16 23 17 33 46 24 45 19 48 20 47 22 49 
AQUIIII!!45 44 15 43 19 24 37 16 20 33 17 22 46 34 18 23 
AQUIIII!!20 1 2 25 22 47 AQUIIII!!48 15 45 19 37 24 0 17 10 18 34 33 33 46 23 22 46 23 49 47 
37 16 20 34 44 45 
AQUIIII!!23 22 45 19 25 46 33 10 34 37 20 1 47 48 0 49 
AQUIIII!!49 37 45 47 46 17 48 34 22 33 19 23 18 16 24 20 
AQUIIII!!49 37 33 13 4 1 10 34 5 22 6 0 25 2 3 31 
AQUIIII!!33 34 22 47 48 1 23 46 2 10 37 25 0 13 45 49 
AQUIIII!!49 23 1 48 45 19 34 33 37 47 10 0 20 22 46 25 
AQUIIII!!49 13 5 25 37 3 1 2 31 6 22 34 0 33 4 10 
AQUIIII!!22 31 2 10 6 3 1 37 33 13 0 4 34 25 AQUIIII!!5 49 49 20 
19 18 23 46 37 AQUIIII!!5 47 25 17 3 45 22 24 37 48 1 22 0 34 13 10 48 2 33 34 
23 10 33 AQUIIII!!4 49 49 33 
10 25 0 46 22 47 37 23 19 48 45 34 18 20 
AQUIIII!!49 48 19 23 34 33 46 45 20 25 47 18 22 0 10 37 
AQUIIII!!46 16 45 43 23 15 33 37 34 17 18 19 24 44 20 22 
AQUIIII!!47 49 48 46 25 1 37 22 0 34 2 33 45 20 23 10 
AQUIIII!!17 45 47 33 34 37 20 48 10 46 24 19 22 49 AQUIIII!!18 37 AQUIIII!!23 10 
34 34 22 48 6 16 33 18 25 45 1 0 19 4 17 5 33 13 20 3 31 46 2 23 49 24 
47 37 22 49 
AQUIIII!!49 45 37 24 10 18 17 19 33 AQUIIII!!23 47 34 46 22 0 20 37 45 47 34 46 AQUIIII!!33 48 23 19 
20 33 1 2 48 13 10 1 25 47 23 0 22 49 46 
34 22 48 3 10 25 37 49 
AQUIIII!!49 19 23 46 22 48 25 1 47 45 10 20 37 34 0 33 
AQUIIII!!25 22 13 33 0 23 34 5 3 1 48 10 2 4 37 49 
AQUIIII!!34 47 1 25 45 37 20 2 46 10 48 33 0 23 22 AQUIIII!!49 34 
0 23 47 1 46 48 20 25 33 19 45 22 37 10 49 
AQUIIII!!10 23 47 0 46 48 22 18 37 19 34 AQUIIII!!33 49 45 19 20 33 25 10 49 46 
AQUIIII!!0 34 20 48 37 33 23 0 18 20 34 2 22 45 45 25 47 25 46 48 22 47 23 
1 37 10 49 
AQUIIII!!49 13 23 34 2 25 33 3 37 0 10 22 46 48 47 1 
AQUIIII!!20 49 48 23 37 19 33 10 22 34 18 47 17 46 24 45 
AQUIIII!!49 0 33 34 37 10 4 1 13 47 25 22 2 48 23 3 
AQUIIII!!24 16 23 22 33 18 34 20 37 19 15 17 47 46 45 44 
AQUIIII!!34 2 22 23 10 1 46 0 47 37 20 48 45 25 33 49 
AQUIIII!!48 33 45 24 10 23 18 19 37 46 20 17 47 22 34 49 
Number of Cuts in the second phase:2549
Number of repeat: 2397 
Violation: 280.000000
Violation: 745.000000
Violation: 344.000000
Violation: 830.000000
Violation: 318.000000
Violation: 701.000000
Violation: 386.000000
Violation: 598.000000
Violation: 420.000000
Violation: 915.000000
Violation: 956.000000
Violation: 600.000000
Violation: 140.000000
Violation: 500.000000
Violation: 106.000000
Violation: 655.000000
Violation: 673.000000
Violation: 710.000000
Violation: 748.000000
Violation: 497.000000
Violation: 125.000000
Violation: 589.000000
Violation: 195.000000
Violation: 500.000000
Violation: 140.000000
Violation: 475.000000
Violation: 420.000000
Violation: 926.000000
Violation: 770.000000
Violation: 319.000000
Violation: 794.000000
Violation: 369.000000
Violation: 375.000000
Violation: 587.000000
Violation: 1000.000000
Violation: 375.000000
Violation: 106.000000
Violation: 554.000000
Violation: 405.000000
Violation: 206.000000
Violation: 922.000000
Violation: 214.000000
Violation: 34.000000
Violation: 515.000000
Violation: 650.000000
Violation: 135.000000
Violation: 38.000000
Violation: 856.000000
Violation: 922.000000
Violation: 1352.000000
Violation: 387.000000
Violation: 352.000000
Violation: 1526.000000
Violation: 1207.000000
Violation: 565.000000
Violation: 335.000000
Violation: 225.000000
Violation: 280.000000
Violation: 128.000000
Violation: 1685.000000
Violation: 705.000000
Violation: 354.000000
Violation: 55.000000
Violation: 922.000000
Violation: 624.000000
Violation: 424.000000
Violation: 668.000000
Violation: 385.000000
Violation: 178.000000
Violation: 424.000000
Violation: 140.000000
Violation: 206.000000
Violation: 336.000000
Violation: 1096.000000
Violation: 94.000000
Violation: 33.000000
Violation: 794.000000
Violation: 500.000000
Violation: 34.000000
Violation: 120.000000
Violation: 280.000000
Violation: 30.000000
Violation: 710.000000
Violation: 714.000000
Violation: 484.000000
Violation: 740.000000
Violation: 1806.000000
Violation: 231.000000
Violation: 87.000000
Violation: 140.000000
Violation: 655.000000
Violation: 545.000000
Violation: 525.000000
Violation: 560.000000
Violation: 419.000000
Violation: 1207.000000
Violation: 420.000000
Violation: 447.000000
Violation: 125.000000
Violation: 956.000000
Violation: 246.000000
Violation: 106.000000
Violation: 106.000000
Violation: 749.000000
Violation: 231.000000
Violation: 420.000000
Violation: 602.000000
Violation: 196.000000
Violation: 386.000000
Violation: 106.000000
Violation: 351.000000
Violation: 484.000000
Violation: 284.000000
Violation: 1375.000000
Violation: 280.000000
Violation: 280.000000
Violation: 280.000000
Violation: 43.000000
Violation: 420.000000
Violation: 425.000000
Violation: 280.000000
Violation: 44.000000
Violation: 922.000000
Violation: 811.000000
Violation: 375.000000
Violation: 104.000000
Violation: 231.000000
Violation: 375.000000
Violation: 1125.000000
Violation: 80.000000
Violation: 104.000000
Violation: 212.000000
Violation: 425.000000
Violation: 474.000000
Violation: 1066.000000
Violation: 249.000000
Violation: 85.000000
Violation: 414.000000
Violation: 24.000000
Violation: 313.000000
Violation: 284.000000
Violation: 782.000000
Violation: 515.000000
Violation: 34.000000
Violation: 390.000000
Violation: 943.000000
Violation: 370.000000
Violation: 34.000000
Violation: 130.000000
Violation: 379.000000
Violation: 477.000000
Violation: 246.000000
took 3.650925
Optimize a model with 923 rows, 906 columns and 12073 nonzeros
Coefficient statistics:
  Matrix range     [1e+00, 5e+01]
  Objective range  [0e+00, 0e+00]
  Bounds range     [1e+00, 4e+01]
  RHS range        [1e+00, 1e+02]
Presolve removed 307 rows and 107 columns
Presolve time: 0.00s
Presolved: 616 rows, 799 columns, 10548 nonzeros

Iteration    Objective       Primal Inf.    Dual Inf.      Time
       0    0.0000000e+00   4.607505e+01   0.000000e+00      0s
     137    0.0000000e+00   0.000000e+00   0.000000e+00      0s

Solved in 137 iterations and 0.01 seconds
Optimal objective  0.000000000e+00
