j609_3.sm_s2.txt
Academic license - for non-commercial use only
Read LP format model from file lp/j609_3.sm.lp
Reading time = 0.03 seconds
: 797 rows, 3410 columns, 67183 nonzeros
OKGPU
nThreads: 1024 , nBlocks: 12 
Number cuts generated in the phase 1: 8
Number of repeat: 0 
violation 472.000000
violation 576.000000
violation 625.000000
violation 594.000000
violation 622.000000
violation 209.000000
violation 5.000000
violation 50.000000
8592 16
AQUIIII!!107 13 1 14 35 67 61 36 34 23 99 12 66 24 106 2 
AQUIIII!!107 24 25 106 35 1 57 66 3 2 61 14 15 36 38 85 
AQUIIII!!107 64 62 61 3 36 108 113 40 37 16 25 27 15 66 38 
AQUIIII!!107 AQUIIII!!61 AQUIIII!!107 106 16 37 107 106 16 40 15 85 66 57 3 66 14 38 3 64 85 35 36 106 2 37 62 2 25 61 25 66 38 15 1 14 25 36 61 1 38 57 
2 15 36 14 3 
16 
AQUIIII!!61 24 23 67 99 36 106 38 34 2 35 14 1 25 66 107 
AQUIIII!!107 37 106 25 40 16 64 62 61 36 3 108 15 2 66 38 
AQUIIII!!38 62 29 16 40 66 61 25 108 3 37 15 113 64 27 107 
AQUIIII!!25 15 1 35 85 3 38 2 24 36 66 106 14 57 61 107 
AQUIIII!!85 38 36 61 15 AQUIIII!!16 107 106 25 34 2 14 14 67 36 35 1 57 24 2 1 35 3 3 38 66 61 66 106 99 107 25 

AQUIIII!!61 14 99 38 25 36 35 66 2 AQUIIII!!24 40 106 62 34 108 67 AQUIIII!!37 23 107 61 106 1 25 24 107 16 1 AQUIIII!!
AQUIIII!!15 35 108 1 38 23 38 2 14 13 64 64 2 14 113 62 12 66 61 16 36 2 23 3 67 2 13 107 34 3 
36 12 113 99 36 25 35 15 66 106 61 67 66 37 34 66 61 99 40 24 
36 107 107 

AQUIIII!!106 108 37 62 66 16 25 3 15 107 38 2 36 61 64 40 
AQUIIII!!107 AQUIIII!!106 107 24 24 AQUIIII!!1 3 107 35 106 37 14 35 2 66 61 40 1 23 2 14 64 13 57 61 12 66 36 36 15 66 38 67 25 3 34 108 61 25 99 2 15 
38 62 85 113 36 16 

AQUIIII!!107 67 25 2 1 99 66 13 24 23 35 106 34 14 61 36 
AQUIIII!!109 110 4 5 112 7 66 18 28 6 63 26 39 8 62 61 
AQUIIII!!25 16 61 15 64 106 38 36 108 40 62 37 2 3 66 107 
AQUIIII!!25 37 62 40 64 66 16 15 106 2 14 36 38 61 3 107 
AQUIIII!!3 40 64 2 38 15 25 16 62 AQUIIII!!66 37 38 61 113 14 16 36 2 106 3 107 40 
37 64 25 108 62 66 36 61 15 107 
AQUIIII!!8 41 6 66 18 26 61 39 63 7 28 62 5 112 109 110 
AQUIIII!!57 36 38 85 14 66 3 61 37 2 15 106 25 16 AQUIIII!!24 1 107 66 
25 34 99 2 1 61 35 3 38 36 106 67 14 107 
AQUIIII!!108 109 39 7 27 40 62 64 26 5 61 29 66 37 4 113 
AQUIIII!!3 25 67 35 36 38 1 66 99 106 34 24 61 14 2 107 
AQUIIII!!109 110 62 66 6 39 41 28 112 18 5 26 63 8 7 61 
AQUIIII!!39 6 41 26 18 7 8 61 111 63 66 62 112 28 110 109 
AQUIIII!!107 16 1 66 38 25 36 106 14 85 35 61 3 15 57 2 
AQUIIII!!107 36 99 23 14 106 24 34 66 25 13 2 61 35 1 67 
AQUIIII!!107 16 113 27 66 61 29 64 15 38 40 108 25 3 37 62 
AQUIIII!!16 106 3 38 25 108 2 62 40 15 64 61 37 36 66 107 
AQUIIII!!107 38 113 40 16 64 25 61 27 15 3 36 37 62 108 66 
AQUIIII!!25 37 16 62 15 3 64 2 108 36 106 38 66 61 40 AQUIIII!!107 107 
66 38 15 3 40 27 16 25 37 113 62 29 64 108 61 
AQUIIII!!107 61 62 37 15 113 16 64 66 36 3 38 40 108 2 25 
AQUIIII!!62 64 15 3 66 2 14 36 61 38 16 25 40 37 107 106 
AQUIIII!!67 36 61 106 2 AQUIIII!!107 14 15 24 64 38 66 2 99 66 106 34 16 38 62 23 61 3 1 25 25 14 40 35 37 107 36 

AQUIIII!!36 38 57 106 16 61 3 2 66 15 1 85 25 14 35 107 
AQUIIII!!107 36 35 61 15 38 66 25 3 2 1 24 106 85 14 57 
AQUIIII!!15 64 25 40 37 113 16 27 38 61 66 3 108 29 62 107 
AQUIIII!!110 109 66 18 112 41 111 61 26 28 62 7 8 39 63 6 
AQUIIII!!39 62 7 112 29 64 5 108 66 61 4 26 113 27 109 110 
AQUIIII!!25 66 27 3 15 108 64 37 113 38 36 16 40 62 61 107 
AQUIIII!!107 3 113 108 15 2 66 40 61 25 64 38 37 16 36 62 
AQUIIII!!66 34 24 3 99 35 2 38 61 67 106 36 25 1 14 107 
AQUIIII!!107 38 3 106 61 2 1 85 25 36 15 16 66 37 14 57 
AQUIIII!!25 38 85 37 3 16 36 66 15 106 14 2 57 1 61 107 
AQUIIII!!106 107 61 36 66 24 34 2 35 14 25 38 1 67 99 3 
AQUIIII!!107 66 108 15 113 37 61 16 38 36 2 40 64 62 25 3 
AQUIIII!!107 25 108 16 3 27 62 37 66 38 40 29 113 15 64 61 
AQUIIII!!106 61 25 66 15 37 16 36 64 14 3 62 38 40 2 107 
AQUIIII!!107 106 16 40 38 2 25 15 64 108 66 3 62 37 36 61 
AQUIIII!!3 16 66 38 2 61 64 15 37 36 25 40 106 62 108 107 
AQUIIII!!66 35 67 2 14 3 99 106 25 1 61 36 24 34 38 107 
AQUIIII!!106 107 36 14 66 34 1 23 61 2 24 25 35 38 67 99 
AQUIIII!!107 106 99 23 24 36 25 2 14 35 66 67 1 61 13 34 
AQUIIII!!109 110 18 41 8 61 62 6 39 26 28 66 111 112 17 63 
AQUIIII!!107 106 99 23 24 36 25 2 14 35 66 67 1 61 13 34 
AQUIIII!!61 29 112 4 6 39 8 66 7 63 26 5 18 62 109 110 
AQUIIII!!61 29 112 4 6 39 8 66 7 63 26 5 18 62 109 110 
AQUIIII!!5 110 109 112 27 8 29 4 61 66 62 39 63 7 6 26 
AQUIIII!!24 2 99 34 23 66 14 106 25 61 35 13 36 67 1 107 
AQUIIII!!107 106 38 61 25 14 36 66 3 99 34 24 67 1 35 2 
AQUIIII!!15 35 106 61 57 25 3 36 16 66 85 38 1 14 2 107 
AQUIIII!!107 106 38 61 25 14 36 66 3 99 34 24 67 1 35 2 
AQUIIII!!16 62 37 40 113 38 3 61 66 2 64 25 108 36 15 107 
AQUIIII!!108 110 109 39 62 27 66 29 5 61 40 7 4 113 64 26 
AQUIIII!!107 25 1 61 14 85 3 36 106 35 24 38 66 2 15 57 
AQUIIII!!107 113 40 108 37 15 16 38 3 64 25 2 36 66 61 62 
AQUIIII!!5 64 113 39 4 7 40 27 62 66 61 29 26 108 110 109 
AQUIIII!!67 2 36 1 66 14 99 61 34 24 25 23 106 35 13 107 
AQUIIII!!107 62 36 64 37 3 38 61 25 2 66 14 40 16 106 15 
AQUIIII!!62 61 113 25 16 64 108 3 27 38 66 36 40 15 37 107 
AQUIIII!!2 40 62 107 3 38 25 64 36 15 61 37 16 66 106 108 
AQUIIII!!107 106 16 40 38 2 25 15 64 108 66 3 62 37 36 61 
AQUIIII!!39 61 64 4 26 6 66 5 29 112 7 62 27 113 109 110 
AQUIIII!!107 1 2 36 3 99 61 67 25 35 34 66 38 24 106 14 
AQUIIII!!64 108 26 66 5 7 4 113 62 27 112 61 39 29 110 109 
AQUIIII!!1 106 66 38 24 25 14 15 2 3 35 61 57 36 85 107 
AQUIIII!!108 107 66 25 113 29 61 40 64 16 27 37 62 38 3 15 
AQUIIII!!107 15 62 66 3 27 108 61 37 113 25 64 16 40 38 29 
AQUIIII!!39 4 26 109 64 61 113 62 66 40 27 29 7 108 5 110 
AQUIIII!!107 1 3 2 15 35 14 36 66 106 38 57 85 24 25 61 
AQUIIII!!38 37 36 66 15 40 2 62 64 107 25 16 61 106 3 108 
AQUIIII!!107 2 24 3 67 35 66 36 25 38 61 106 14 99 34 1 
AQUIIII!!107 57 16 36 106 15 61 2 38 85 35 1 25 14 3 66 
AQUIIII!!107 15 3 16 85 2 106 37 1 61 36 57 66 25 14 38 
AQUIIII!!107 1 36 66 24 35 13 99 25 14 34 23 67 61 2 106 
AQUIIII!!107 61 36 2 66 38 25 16 62 64 106 15 14 37 3 40 
AQUIIII!!40 16 66 113 108 25 15 3 64 61 38 27 36 37 62 107 
AQUIIII!!67 23 35 61 66 14 1 24 34 106 13 12 2 36 99 107 
AQUIIII!!109 110 61 18 63 66 8 39 5 62 26 28 112 7 41 6 
AQUIIII!!16 66 85 15 37 106 36 57 2 3 1 38 14 25 61 107 
AQUIIII!!107 108 25 36 38 15 37 40 61 27 62 16 113 64 3 66 
AQUIIII!!35 3 15 57 1 66 14 36 106 16 2 61 25 38 85 107 
AQUIIII!!110 109 41 112 61 6 7 8 63 62 26 18 111 39 28 66 
AQUIIII!!107 106 24 34 2 61 14 25 35 99 36 67 13 23 66 1 
AQUIIII!!61 38 29 108 27 66 3 64 40 25 15 37 113 16 62 107 
AQUIIII!!35 61 2 67 25 23 14 38 34 106 36 24 99 66 1 107 
AQUIIII!!29 61 37 113 27 16 66 38 64 25 15 62 40 107 108 3 
AQUIIII!!107 62 37 16 38 108 3 2 36 25 40 106 66 64 61 15 
AQUIIII!!107 85 66 1 2 3 57 106 61 16 25 38 14 37 36 15 
AQUIIII!!107 2 108 40 16 3 36 113 61 62 37 64 15 38 66 25 
AQUIIII!!107 38 35 66 57 25 14 106 85 2 15 24 36 1 3 61 
AQUIIII!!27 66 64 37 40 29 61 15 16 25 62 3 38 113 107 108 
AQUIIII!!2 38 66 64 15 25 3 108 AQUIIII!!62 16 40 106 36 16 61 36 1 37 3 14 61 35 107 15 2 106 25 
38 57 85 66 107 
AQUIIII!!2 38 66 64 15 25 3 108 62 40 16 36 37 61 107 106 
AQUIIII!!61 66 36 1 25 106 38 67 14 35 99 2 3 34 24 107 
AQUIIII!!62 38 40 14 37 36 3 16 61 15 64 66 106 2 25 107 
AQUIIII!!25 14 24 61 67 34 38 35 106 1 66 2 36 23 99 107 
AQUIIII!!107 64 15 38 3 61 2 25 36 62 AQUIIII!!14 106 37 2 40 85 106 35 16 61 66 66 
1 25 AQUIIII!!57 107 14 14 16 25 15 24 3 36 38 38 67 107 36 2 
66 35 61 3 1 34 106 99 
AQUIIII!!36 38 14 16 61 66 3 15 57 85 1 106 25 2 35 107 
AQUIIII!!35 36 2 3 14 85 66 15 38 16 106 57 61 25 1 107 
AQUIIII!!26 62 6 7 64 4 5 39 61 66 113 27 112 29 109 110 
AQUIIII!!29 16 27 64 66 38 113 37 62 40 108 61 25 15 3 107 
AQUIIII!!12 24 14 13 61 99 23 35 36 34 67 106 2 66 1 107 
AQUIIII!!37 64 113 25 38 36 66 40 62 3 61 108 27 15 16 107 
AQUIIII!!4 5 64 66 27 62 7 26 39 29 112 61 6 113 109 110 
AQUIIII!!12 23 14 66 34 1 36 13 106 67 2 99 35 61 24 107 
AQUIIII!!107 3 14 61 38 40 62 64 15 37 16 25 2 66 36 106 
AQUIIII!!107 62 106 64 15 2 40 66 3 108 61 25 16 38 37 36 
AQUIIII!!66 62 17 41 112 28 63 6 8 26 111 18 39 61 109 110 
AQUIIII!!110 109 4 66 26 112 29 64 62 61 39 5 113 6 7 27 
AQUIIII!!107 106 3 35 14 2 25 61 24 1 36 85 66 38 57 15 
AQUIIII!!107 38 40 66 64 16 108 29 62 113 27 15 61 3 37 25 
AQUIIII!!107 66 16 106 3 37 61 2 36 38 108 64 40 25 15 62 
AQUIIII!!66 108 2 3 15 62 36 25 37 61 106 40 16 64 38 107 
AQUIIII!!107 2 14 16 25 66 37 38 106 3 62 64 61 36 40 15 
AQUIIII!!107 3 1 2 85 66 16 25 38 106 61 57 14 37 36 15 
AQUIIII!!37 38 25 61 3 1 66 15 14 85 16 2 36 57 107 106 
AQUIIII!!61 27 26 62 4 39 113 7 66 64 29 40 5 109 108 110 
AQUIIII!!61 27 26 62 4 39 113 7 66 64 29 40 5 109 108 110 
AQUIIII!!23 12 1 35 67 66 106 99 36 14 2 13 61 34 24 107 
AQUIIII!!108 64 61 27 40 26 5 4 29 7 62 39 66 113 109 110 
Number of Cuts in the second phase:2132
Number of repeat: 1918 
Violation: 93.000000
Violation: 116.000000
Violation: 109.000000
Violation: 917.000000
Violation: 110.000000
Violation: 976.000000
Violation: 1008.000000
Violation: 344.000000
Violation: 334.000000
Violation: 629.000000
Violation: 42.000000
Violation: 16.000000
Violation: 359.000000
Violation: 313.000000
Violation: 568.000000
Violation: 335.000000
Violation: 703.000000
Violation: 719.000000
Violation: 440.000000
Violation: 304.000000
Violation: 469.000000
Violation: 360.000000
Violation: 189.000000
Violation: 282.000000
Violation: 831.000000
Violation: 868.000000
Violation: 439.000000
Violation: 72.000000
Violation: 480.000000
Violation: 439.000000
Violation: 134.000000
Violation: 168.000000
Violation: 1168.000000
Violation: 114.000000
Violation: 478.000000
Violation: 30.000000
Violation: 1142.000000
Violation: 65.000000
Violation: 126.000000
Violation: 190.000000
Violation: 144.000000
Violation: 517.000000
Violation: 190.000000
Violation: 736.000000
Violation: 410.000000
Violation: 1480.000000
Violation: 427.000000
Violation: 1245.000000
Violation: 452.000000
Violation: 496.000000
Violation: 561.000000
Violation: 773.000000
Violation: 554.000000
Violation: 253.000000
Violation: 40.000000
Violation: 872.000000
Violation: 136.000000
Violation: 912.000000
Violation: 145.000000
Violation: 672.000000
Violation: 882.000000
Violation: 1117.000000
Violation: 603.000000
Violation: 344.000000
Violation: 759.000000
Violation: 292.000000
Violation: 766.000000
Violation: 686.000000
Violation: 31.000000
Violation: 225.000000
Violation: 90.000000
Violation: 414.000000
Violation: 1344.000000
Violation: 480.000000
Violation: 629.000000
Violation: 417.000000
Violation: 1184.000000
Violation: 126.000000
Violation: 155.000000
Violation: 913.000000
Violation: 680.000000
Violation: 394.000000
Violation: 986.000000
Violation: 391.000000
Violation: 8.000000
Violation: 93.000000
Violation: 537.000000
Violation: 217.000000
Violation: 94.000000
Violation: 616.000000
Violation: 234.000000
Violation: 795.000000
Violation: 147.000000
Violation: 462.000000
Violation: 8.000000
Violation: 746.000000
Violation: 288.000000
Violation: 513.000000
Violation: 61.000000
Violation: 568.000000
Violation: 81.000000
Violation: 284.000000
Violation: 850.000000
Violation: 100.000000
Violation: 809.000000
Violation: 1615.000000
Violation: 397.000000
Violation: 822.000000
Violation: 632.000000
Violation: 85.000000
Violation: 310.000000
Violation: 64.000000
Violation: 696.000000
Violation: 208.000000
Violation: 64.000000
Violation: 699.000000
Violation: 1181.000000
Violation: 444.000000
Violation: 274.000000
Violation: 17.000000
Violation: 78.000000
Violation: 210.000000
Violation: 578.000000
Violation: 584.000000
Violation: 121.000000
Violation: 174.000000
Violation: 314.000000
Violation: 150.000000
Violation: 886.000000
Violation: 538.000000
Violation: 865.000000
Violation: 176.000000
Violation: 454.000000
Violation: 110.000000
Violation: 417.000000
Violation: 131.000000
Violation: 470.000000
Violation: 37.000000
Violation: 4.000000
Violation: 729.000000
Violation: 360.000000
Violation: 862.000000
Violation: 558.000000
Violation: 100.000000
Violation: 281.000000
Violation: 938.000000
Violation: 168.000000
Violation: 832.000000
Violation: 559.000000
Violation: 724.000000
Violation: 181.000000
Violation: 1008.000000
Violation: 659.000000
Violation: 824.000000
Violation: 88.000000
Violation: 776.000000
Violation: 25.000000
Violation: 1019.000000
Violation: 98.000000
Violation: 174.000000
Violation: 1064.000000
Violation: 237.000000
Violation: 34.000000
Violation: 1102.000000
Violation: 850.000000
Violation: 1302.000000
Violation: 10.000000
Violation: 372.000000
Violation: 528.000000
Violation: 405.000000
Violation: 702.000000
Violation: 254.000000
Violation: 487.000000
Violation: 127.000000
Violation: 362.000000
Violation: 264.000000
Violation: 1206.000000
Violation: 641.000000
Violation: 840.000000
Violation: 306.000000
Violation: 6.000000
Violation: 164.000000
Violation: 712.000000
Violation: 469.000000
Violation: 232.000000
Violation: 696.000000
Violation: 77.000000
Violation: 714.000000
Violation: 192.000000
Violation: 244.000000
Violation: 462.000000
Violation: 79.000000
Violation: 664.000000
Violation: 1203.000000
Violation: 1550.000000
Violation: 104.000000
Violation: 1007.000000
Violation: 144.000000
Violation: 488.000000
Violation: 170.000000
Violation: 245.000000
Violation: 729.000000
Violation: 213.000000
Violation: 933.000000
Violation: 712.000000
Violation: 21.000000
Violation: 648.000000
Violation: 154.000000
Violation: 875.000000
Violation: 239.000000
Violation: 106.000000
Violation: 64.000000
Violation: 222.000000
Violation: 746.000000
7404 16
AQUIIII!!107 3 113 62 27 40 61 38 64 66 29 108 37 15 25 16 
AQUIIII!!107 106 25 99 1 24 2 13 23 14 66 34 61 35 67 36 
AQUIIII!!107 38 113 3 61 40 64 36 15 2 25 16 66 62 108 37 
AQUIIII!!37 2 14 AQUIIII!!25 3 25 38 38 36 61 66 106 85 3 57 16 1 40 16 66 61 15 62 106 37 107 36 
14 2 15 64 107 
AQUIIII!!107 40 3 37 62 25 106 16 64 108 66 2 15 36 38 61 
AQUIIII!!63 61 8 112 41 111 28 62 39 6 66 26 7 18 109 110 
AQUIIII!!107 1 106 24 67 13 61 14 2 35 12 36 66 23 34 99 
AQUIIII!!107 106 25 99 1 24 2 13 23 14 66 34 61 35 67 36 
AQUIIII!!109 110 6 41 18 62 111 26 28 61 66 8 39 17 112 63 
AQUIIII!!2 3 16 37 40 36 62 38 66 106 15 108 61 25 64 107 
AQUIIII!!36 24 3 66 38 61 2 15 85 35 106 57 14 1 25 107 
AQUIIII!!99 24 3 106 34 61 25 35 66 38 2 36 67 1 14 107 
AQUIIII!!14 25 61 34 106 13 67 24 35 66 2 1 23 99 36 107 
AQUIIII!!14 85 38 57 35 106 16 1 15 66 25 3 2 61 36 107 
AQUIIII!!15 2 38 66 36 40 64 3 61 25 106 16 62 108 37 107 
AQUIIII!!28 6 26 AQUIIII!!8 107 18 15 39 38 63 106 62 16 2 7 41 35 66 14 36 61 3 5 61 112 1 110 66 109 57 
85 25 
AQUIIII!!38 108 40 113 37 16 2 62 15 64 61 66 36 25 3 107 
AQUIIII!!107 15 36 40 62 27 113 16 25 37 108 3 61 66 64 38 
AQUIIII!!107 40 16 62 61 29 25 15 37 113 64 108 66 3 27 38 
AQUIIII!!2 85 38 15 61 36 66 1 25 16 106 57 3 14 35 107 
AQUIIII!!25 108 38 62 40 27 3 64 66 29 37 113 15 61 16 107 
AQUIIII!!4 5 66 7 113 29 26 40 62 39 61 27 109 64 108 110 
AQUIIII!!3 66 85 36 14 38 106 2 15 1 61 16 25 57 37 107 
AQUIIII!!107 67 35 34 25 24 61 99 14 1 36 66 38 106 23 2 
AQUIIII!!67 66 12 34 14 24 1 23 2 36 13 61 35 106 99 107 
AQUIIII!!4 109 108 62 61 113 7 110 39 26 112 27 64 29 66 5 
AQUIIII!!107 40 66 25 36 2 61 108 15 106 62 16 37 64 3 38 
AQUIIII!!17 62 111 28 39 8 18 26 112 61 41 6 66 63 110 109 
AQUIIII!!34 2 36 99 66 24 14 23 1 35 12 61 106 13 67 107 
AQUIIII!!25 85 38 57 36 3 16 15 1 106 61 2 66 14 37 107 
AQUIIII!!14 99 61 66 2 24 35 34 67 13 23 12 36 106 1 107 
AQUIIII!!108 109 113 64 26 4 66 61 29 27 7 39 37 62 5 40 
AQUIIII!!5 112 66 39 27 4 64 62 113 108 29 61 26 7 109 110 
AQUIIII!!106 107 36 1 34 66 13 14 2 67 35 99 24 23 61 25 
AQUIIII!!107 3 14 25 62 15 16 61 64 2 37 106 66 36 40 38 
AQUIIII!!108 110 62 113 27 5 109 61 112 26 66 29 7 39 4 64 
AQUIIII!!107 62 40 15 25 61 16 38 64 66 AQUIIII!!113 107 108 14 3 25 27 57 37 16 36 85 
106 15 61 35 1 3 2 66 36 38 
AQUIIII!!107 16 113 62 38 64 15 61 40 27 66 29 37 108 3 25 
AQUIIII!!107 2 40 25 15 61 38 3 62 106 66 36 64 14 37 16 
AQUIIII!!5 108 109 110 64 7 27 26 29 40 113 4 66 39 62 61 
AQUIIII!!5 109 110 39 8 6 63 26 61 41 7 66 18 62 112 28 
AQUIIII!!107 40 62 37 36 2 16 64 15 3 113 108 66 61 38 25 
AQUIIII!!1 24 38 66 2 99 67 106 3 35 36 34 14 61 25 107 
AQUIIII!!110 108 64 27 5 39 7 61 109 66 26 29 113 112 4 62 
AQUIIII!!2 107 106 66 36 99 13 35 14 1 23 25 34 67 61 24 
AQUIIII!!110 109 62 61 66 26 18 7 8 5 28 39 63 6 4 112 
AQUIIII!!107 67 34 23 25 1 106 14 66 36 24 61 2 13 99 35 
AQUIIII!!38 27 37 64 108 40 62 15 113 16 61 25 66 29 3 107 
AQUIIII!!85 3 15 25 24 61 36 35 66 38 14 2 1 106 57 107 
AQUIIII!!25 40 113 66 36 15 27 3 108 62 61 38 64 37 16 107 
AQUIIII!!107 24 106 67 14 1 38 25 66 34 61 23 35 2 99 36 
AQUIIII!!106 2 107 61 13 1 12 99 34 35 67 36 66 14 23 24 
AQUIIII!!38 40 113 37 2 16 25 66 62 108 61 3 64 36 15 107 
AQUIIII!!16 3 1 66 35 57 14 85 38 61 15 36 25 106 2 107 
AQUIIII!!108 38 40 16 113 37 64 AQUIIII!!61 107 3 12 36 13 66 36 15 106 25 66 27 67 62 107 2 
23 14 24 1 34 35 99 61 
AQUIIII!!61 38 40 15 37 66 113 25 27 3 16 62 36 64 107 108 
AQUIIII!!108 66 15 40 106 62 2 64 25 16 37 61 38 3 36 107 
AQUIIII!!107 25 37 40 64 108 66 15 36 16 2 113 61 38 3 62 
AQUIIII!!66 4 29 110 7 64 27 39 61 26 5 40 113 62 109 108 
AQUIIII!!2 25 34 14 1 67 106 23 99 66 13 35 36 61 24 107 
AQUIIII!!107 13 66 61 36 23 34 35 1 99 14 106 2 67 25 24 
AQUIIII!!24 99 14 35 106 34 12 61 67 13 66 2 23 36 1 107 
AQUIIII!!2 99 36 66 24 12 23 13 106 14 1 61 35 67 34 107 
AQUIIII!!61 40 108 37 25 15 106 3 36 38 66 2 62 16 64 107 
AQUIIII!!36 12 66 23 61 34 13 1 24 67 99 35 2 14 107 106 
AQUIIII!!107 25 57 3 35 106 61 15 66 85 2 38 14 36 16 1 
AQUIIII!!2 106 85 36 1 38 66 16 61 35 14 15 57 3 25 107 
AQUIIII!!107 36 66 16 106 25 57 38 15 1 35 3 14 61 85 2 
AQUIIII!!40 16 2 61 108 3 38 25 15 36 64 62 106 37 66 107 
AQUIIII!!107 23 2 66 35 106 36 24 13 34 99 14 61 12 1 67 
AQUIIII!!107 37 2 14 16 25 85 61 106 1 15 38 66 3 36 57 
AQUIIII!!107 3 99 24 34 106 25 67 38 35 36 61 2 66 14 1 
AQUIIII!!107 2 1 35 16 3 38 25 66 106 57 85 61 14 15 36 
AQUIIII!!AQUIIII!!64 40 106 1 16 35 25 57 15 66 62 24 36 15 61 14 38 61 38 37 3 2 2 66 25 108 36 107 85 3 107 106 

AQUIIII!!66 34 99 36 38 61 25 35 24 14 2 106 67 1 3 107 
AQUIIII!!106 107 36 1 34 66 13 14 2 67 35 99 24 23 61 25 
AQUIIII!!61 6 26 28 112 18 66 41 39 8 63 62 7 110 5 109 
AQUIIII!!107 3 62 25 29 40 27 37 64 16 38 108 66 61 15 113 
AQUIIII!!107 66 61 36 38 3 106 62 40 15 2 64 16 37 108 25 
AQUIIII!!107 2 14 66 61 35 57 15 3 85 38 24 106 36 25 1 
AQUIIII!!107 23 1 35 2 34 66 67 106 38 24 99 25 36 61 14 
AQUIIII!!107 23 61 13 1 66 14 24 34 67 2 12 35 106 99 36 
AQUIIII!!15 2 1 25 38 61 36 66 85 14 106 57 16 35 3 107 
AQUIIII!!107 38 61 2 15 106 16 14 36 66 3 57 25 35 1 85 
AQUIIII!!5 109 110 39 8 6 63 26 61 41 7 66 18 62 112 28 
AQUIIII!!107 15 61 108 29 113 16 27 38 64 3 25 37 40 66 62 
AQUIIII!!107 38 66 62 61 40 2 36 15 25 64 14 16 106 3 37 
AQUIIII!!34 25 66 1 3 61 38 2 14 99 24 67 35 36 106 107 
AQUIIII!!106 107 99 35 36 23 24 1 67 14 12 13 2 34 66 61 
AQUIIII!!39 7 62 4 61 18 28 5 6 8 112 63 26 66 109 110 
AQUIIII!!39 7 62 4 61 18 28 5 6 8 112 63 26 66 109 110 
AQUIIII!!39 7 62 4 61 18 28 5 6 8 112 63 26 66 109 110 
AQUIIII!!27 108 113 37 40 29 66 15 3 62 61 16 25 64 38 107 
AQUIIII!!40 37 25 16 66 27 113 64 29 108 15 38 62 61 3 107 
AQUIIII!!35 85 15 24 66 1 2 106 38 61 36 3 57 14 25 107 
AQUIIII!!107 3 61 37 38 15 40 113 25 64 36 108 66 27 16 62 
AQUIIII!!107 106 38 36 66 61 14 25 24 57 1 15 85 35 2 3 
AQUIIII!!106 107 1 24 35 66 34 67 25 38 61 2 14 99 23 36 
AQUIIII!!107 99 2 36 34 14 67 13 25 24 66 106 35 61 23 1 
AQUIIII!!107 16 40 108 27 66 113 64 61 37 3 62 36 38 15 25 
AQUIIII!!85 25 36 35 16 57 15 1 38 2 14 3 61 66 106 107 
Number of Cuts in the second phase:1775
Number of repeat: 1694 
Violation: 455.000000
Violation: 436.000000
Violation: 1000.000000
Violation: 772.000000
Violation: 369.000000
Violation: 479.000000
Violation: 262.000000
Violation: 240.000000
Violation: 152.000000
Violation: 359.000000
Violation: 964.000000
Violation: 40.000000
Violation: 244.000000
Violation: 505.000000
Violation: 1322.000000
Violation: 521.000000
Violation: 938.000000
Violation: 1046.000000
Violation: 218.000000
Violation: 1337.000000
Violation: 550.000000
Violation: 382.000000
Violation: 138.000000
Violation: 433.000000
Violation: 435.000000
Violation: 720.000000
Violation: 1707.000000
Violation: 683.000000
Violation: 1018.000000
Violation: 246.000000
Violation: 133.000000
Violation: 144.000000
Violation: 984.000000
Violation: 458.000000
Violation: 1046.000000
Violation: 552.000000
Violation: 1243.000000
Violation: 288.000000
Violation: 993.000000
Violation: 422.000000
Violation: 321.000000
Violation: 183.000000
Violation: 808.000000
Violation: 392.000000
Violation: 454.000000
Violation: 268.000000
Violation: 545.000000
Violation: 390.000000
Violation: 480.000000
Violation: 262.000000
Violation: 178.000000
Violation: 33.000000
Violation: 152.000000
Violation: 366.000000
Violation: 1222.000000
Violation: 143.000000
Violation: 581.000000
Violation: 910.000000
Violation: 112.000000
Violation: 361.000000
Violation: 920.000000
Violation: 601.000000
Violation: 385.000000
Violation: 30.000000
Violation: 263.000000
Violation: 873.000000
Violation: 378.000000
Violation: 770.000000
Violation: 80.000000
Violation: 146.000000
Violation: 754.000000
Violation: 675.000000
Violation: 543.000000
Violation: 304.000000
Violation: 615.000000
Violation: 238.000000
Violation: 535.000000
Violation: 392.000000
Violation: 165.000000
Violation: 237.000000
Violation: 661.000000
took 10.987128
Optimize a model with 1148 rows, 3410 columns and 70879 nonzeros
Coefficient statistics:
  Matrix range     [1e+00, 1e+02]
  Objective range  [0e+00, 0e+00]
  Bounds range     [1e+00, 1e+02]
  RHS range        [1e+00, 4e+01]

Concurrent LP optimizer: dual simplex and barrier
Showing barrier log only...

Presolve removed 205 rows and 165 columns
Presolve time: 0.02s
Presolved: 943 rows, 3245 columns, 64138 nonzeros

Ordering time: 0.00s

Barrier statistics:
 Dense cols : 23
 AA' NZ     : 5.921e+04
 Factor NZ  : 1.207e+05 (roughly 3 MBytes of memory)
 Factor Ops : 2.724e+07 (less than 1 second per iteration)
 Threads    : 3

                  Objective                Residual
Iter       Primal          Dual         Primal    Dual     Compl     Time
   0   0.00000000e+00 -3.64812500e+01  2.05e+03 0.00e+00  5.72e-01     0s
   1   0.00000000e+00 -7.98170804e+01  5.88e+02 9.50e-03  1.62e-01     0s
   2   0.00000000e+00 -7.01629447e+01  1.85e+02 1.02e-03  5.21e-02     0s
   3   0.00000000e+00 -3.80394226e+01  2.89e+01 7.71e-05  1.06e-02     0s
   4   0.00000000e+00 -1.45247822e+01  3.23e+00 5.72e-06  2.36e-03     0s
   5   0.00000000e+00 -1.81648794e+00  2.95e-13 1.30e-18  2.49e-04     0s
   6   0.00000000e+00 -1.81888304e-03  2.42e-12 8.97e-18  2.49e-07     0s
   7   0.00000000e+00 -1.82019122e-09  2.94e-12 5.38e-20  2.49e-13     0s

Barrier solved model in 7 iterations and 0.06 seconds
Optimal objective 0.00000000e+00

Crossover log...

       0 DPushes remaining with DInf 0.0000000e+00                 0s

    3126 PPushes remaining with PInf 0.0000000e+00                 0s

Solved with dual simplex
Solved in 879 iterations and 0.11 seconds
Optimal objective  0.000000000e+00
