j1201_1.sm_s1.txt
Academic license - for non-commercial use only
Read LP format model from file lp/j1201_1.sm.lp
Reading time = 0.02 seconds
: 1196 rows, 5432 columns, 62759 nonzeros
OKGPU
nThreads: 1024 , nBlocks: 12 
Number cuts generated in the phase 1: 33
Number of repeat: 7 
violation 334.000000
violation 145.000000
violation 234.000000
violation 288.000000
violation 207.000000
violation 63.000000
violation 293.000000
violation 390.000000
violation 467.000000
violation 142.000000
violation 168.000000
violation 458.000000
violation 370.000000
violation 757.000000
violation 859.000000
violation 859.000000
violation 857.000000
violation 637.000000
violation 637.000000
violation 557.000000
violation 164.000000
violation 21.000000
violation 523.000000
violation 445.000000
violation 495.000000
violation 37.000000
8592 16
AQUIIII!!28 112 29 116 31 0 58 117 81 85 49 88 66 119 118 30 
AQUIIII!!116 112 111 29 85 86 119 110 81 118 0 49 117 28 66 58 
AQUIIII!!90 111 AQUIIII!!112 115 113 68 114 32 34 81 27 AQUIIII!!1 25 110 41 108 112 5 86 58 111 36 42 75 110 88 116 85 108 57 75 43 27 116 80 90 26 35 68 66 49 85 

86 25 36 32 26 66 
AQUIIII!!90 32 26 75 112 86 68 110 36 66 85 25 111 27 24 108 
AQUIIII!!85 34 49 40 88 41 33 81 80 31 38 39 114 113 115 58 
AQUIIII!!111 AQUIIII!!112 26 111 108 49 32 36 30 27 118 68 66 25 81 110 119 86 AQUIIII!!0 112 85 66 58 29 85 119 90 58 66 116 88 75 117 117 
28 85 116 81 
30 29 28 112 49 88 118 0 31 116 
AQUIIII!!81 119 66 118 88 29 117 85 58 31 33 49 0 28 30 116 
AQUIIII!!110 23 21 66 25 85 108 32 24 27 68 90 75 86 36 26 
AQUIIII!!116 112 27 26 86 32 111 AQUIIII!!31 36 115 25 108 114 90 40 110 85 75 81 85 68 38 66 58 
80 88 113 41 39 49 30 33 
AQUIIII!!27 24 111 25 32 68 108 66 36 86 85 90 26 110 75 112 
AQUIIII!!117 76 85 32 118 47 108 110 119 116 66 86 36 81 112 111 
AQUIIII!!41 49 31 29 39 58 88 40 38 33 30 81 85 80 28 113 
AQUIIII!!33 58 39 31 85 49 41 80 88 29 40 81 38 114 30 113 
AQUIIII!!66 110 28 58 86 116 117 81 85 119 49 118 0 108 112 111 
AQUIIII!!66 110 28 58 86 116 117 81 85 119 49 118 0 108 112 111 
AQUIIII!!112 111 85 36 AQUIIII!!32 47 111 66 26 86 68 117 26 24 76 85 116 90 108 110 32 81 112 27 
108 86 25 75 36 27 110 66 
AQUIIII!!112 30 116 81 28 29 58 66 117 88 0 118 119 85 49 111 
AQUIIII!!68 110 66 90 108 116 27 85 32 36 25 75 111 86 112 26 
AQUIIII!!27 75 36 90 108 32 26 68 25 85 AQUIIII!!66 88 111 28 86 81 49 110 58 112 119 116 66 
118 85 117 29 0 30 111 116 112 
AQUIIII!!88 28 81 49 58 AQUIIII!!119 33 66 39 118 114 85 88 117 30 29 31 38 0 85 30 41 111 80 116 49 112 81 
40 58 113 29 
AQUIIII!!27 112 26 108 116 76 36 81 117 110 86 66 32 47 85 111 
AQUIIII!!88 38 49 34 81 40 80 39 57 35 58 42 114 113 41 115 
AQUIIII!!42 39 81 57 80 41 88 40 43 49 35 114 113 115 58 34 
AQUIIII!!119 47 116 85 76 86 32 118 36 117 66 108 110 111 112 81 
AQUIIII!!31 30 115 88 41 114 113 33 58 81 39 80 40 38 AQUIIII!!85 112 28 49 110 
85 108 86 119 0 118 58 49 116 81 111 66 117 
AQUIIII!!112 111 81 66 85 30 AQUIIII!!58 116 28 112 88 111 119 29 49 85 117 86 0 119 29 110 118 81 116 118 
0 49 117 28 66 58 
AQUIIII!!28 111 88 81 49 66 119 118 112 58 117 116 0 30 85 29 
AQUIIII!!111 112 116 88 49 81 119 0 28 30 118 58 66 85 29 117 
AQUIIII!!113 114 115 81 42 35 88 1 49 43 80 34 5 57 6 58 
AQUIIII!!111 112 86 76 47 110 85 116 27 118 66 36 117 32 81 108 
AQUIIII!!112 29 85 117 AQUIIII!!49 58 28 116 111 0 116 81 112 119 111 110 118 118 58 108 110 66 0 86 49 
86 117 28 119 66 81 85 
AQUIIII!!31 112 28 81 66 119 118 AQUIIII!!58 116 58 111 30 116 112 0 110 29 49 118 117 AQUIIII!!108 25 85 0 88 86 49 
111 86 66 117 24 28 32 119 90 66 85 81 110 85 68 
36 27 75 108 112 26 
AQUIIII!!25 86 111 66 24 32 90 85 110 68 36 27 75 108 112 26 
AQUIIII!!85 110 90 108 27 36 32 24 68 25 75 66 26 112 111 86 
AQUIIII!!85 110 90 108 27 36 32 24 68 25 75 66 26 112 111 86 
AQUIIII!!31 30 116 112 29 85 66 88 58 49 0 118 117 28 119 81 
AQUIIII!!AQUIIII!!112 30 66 38 111 80 116 81 33 32 41 76 39 49 47 119 85 88 117 36 40 108 58 31 110 118 81 86 113 29 85 
28 
AQUIIII!!112 AQUIIII!!58 113 111 28 117 41 85 49 88 39 66 119 80 88 58 29 29 116 28 49 30 40 0 31 118 33 81 85 
30 81 38 
AQUIIII!!75 66 26 24 23 110 85 68 36 90 27 32 108 86 25 111 
AQUIIII!!75 66 26 24 23 110 85 68 36 90 27 32 108 86 25 111 
AQUIIII!!30 112 116 111 66 85 28 119 81 29 117 58 0 49 118 88 
AQUIIII!!113 114 115 34 38 35 42 80 58 88 49 57 41 40 81 39 
AQUIIII!!112 66 111 85 117 36 0 116 108 58 86 110 81 119 49 118 
AQUIIII!!111 116 28 81 119 117 110 0 85 86 118 49 58 66 112 29 
AQUIIII!!108 36 66 85 26 75 90 68 32 110 24 112 111 25 86 27 
AQUIIII!!32 116 85 25 27 68 110 90 75 66 26 108 36 86 112 111 
AQUIIII!!86 75 26 68 110 85 32 36 66 27 116 112 108 90 111 25 
AQUIIII!!112 111 49 81 58 118 0 66 29 116 117 85 119 110 28 86 
AQUIIII!!68 111 112 85 108 32 86 26 110 25 90 75 27 36 66 24 
AQUIIII!!27 66 26 112 116 111 68 75 32 AQUIIII!!85 117 90 85 26 108 36 110 66 86 86 32 36 116 110 25 112 
81 76 47 108 27 111 
AQUIIII!!117 85 26 36 66 86 32 116 110 112 81 76 47 108 27 111 
AQUIIII!!56 111 50 32 27 49 47 36 108 25 45 26 110 112 44 116 
AQUIIII!!115 113 114 34 81 1 41 5 58 42 88 57 43 80 35 49 
AQUIIII!!85 116 119 118 110 58 117 AQUIIII!!49 111 86 116 0 28 81 81 28 119 66 117 110 112 0 111 85 29 86 
118 49 58 66 112 29 
AQUIIII!!36 66 58 0 85 119 117 81 110 86 108 49 112 111 118 116 
AQUIIII!!85 116 119 118 110 58 117 49 86 0 81 28 66 112 111 29 
AQUIIII!!110 111 32 116 47 27 81 86 76 85 112 66 117 108 36 26 
AQUIIII!!113 28 41 88 39 80 58 29 49 40 31 33 85 30 81 38 
AQUIIII!!108 86 111 36 25 66 68 90 85 32 26 75 27 110 116 112 
AQUIIII!!111 29 58 0 49 66 117 88 112 28 85 116 118 81 119 30 
AQUIIII!!0 58 49 111 110 86 85 119 118 66 116 117 81 29 28 112 
AQUIIII!!27 112 26 108 116 76 36 81 117 110 86 66 32 47 85 111 
AQUIIII!!66 90 75 36 27 85 86 32 26 25 68 24 110 108 21 23 
AQUIIII!!110 116 66 36 68 86 25 90 32 108 27 75 112 26 111 85 
AQUIIII!!111 26 68 24 85 90 32 112 108 86 25 75 36 27 110 66 
AQUIIII!!66 47 85 36 110 111 86 81 116 27 32 117 76 26 112 108 
AQUIIII!!26 85 111 112 36 24 27 66 75 110 86 25 90 108 32 68 
AQUIIII!!36 66 27 26 86 81 117 108 85 47 32 116 111 110 112 76 
AQUIIII!!112 27 47 66 111 108 110 32 118 76 86 81 85 116 36 117 
AQUIIII!!26 112 111 27 25 108 66 85 116 36 90 110 86 32 68 75 
AQUIIII!!31 115 34 40 113 85 81 114 49 41 33 80 38 88 39 58 
AQUIIII!!111 49 112 81 58 88 119 116 66 117 0 30 85 29 118 28 
AQUIIII!!112 26 111 66 86 85 27 75 32 36 90 108 116 68 110 25 
AQUIIII!!0 118 28 85 119 117 86 49 58 29 81 66 110 116 112 111 
AQUIIII!!26 110 112 68 86 36 32 66 75 90 85 108 24 111 25 27 
AQUIIII!!0 118 28 85 119 117 86 49 58 29 81 66 110 116 112 111 
AQUIIII!!26 110 112 68 86 36 32 66 75 90 85 108 24 111 25 27 
AQUIIII!!110 36 85 27 118 32 116 66 76 47 81 117 86 112 108 111 
AQUIIII!!27 111 85 76 116 117 36 110 81 112 86 118 47 32 66 108 
AQUIIII!!68 108 66 25 86 32 85 111 90 36 75 24 26 110 27 112 
AQUIIII!!68 108 66 25 86 32 85 111 90 36 75 24 26 110 27 112 
AQUIIII!!112 26 111 66 86 85 27 75 32 36 90 108 116 68 110 25 
AQUIIII!!113 114 49 115 42 58 35 43 80 34 39 40 81 57 41 88 
AQUIIII!!27 112 36 108 111 76 86 110 81 85 32 118 116 117 47 66 
AQUIIII!!108 81 117 58 28 49 119 86 85 118 66 0 112 116 110 111 
AQUIIII!!108 81 117 58 28 49 119 86 AQUIIII!!85 117 118 28 66 118 0 119 112 66 81 116 58 110 85 111 0 
86 110 49 116 29 112 111 
AQUIIII!!117 28 118 119 66 81 58 85 0 86 110 49 116 29 112 111 
AQUIIII!!117 28 118 119 66 81 58 85 0 86 110 49 116 29 112 111 
AQUIIII!!117 28 118 119 66 81 58 85 0 86 110 49 116 29 112 111 
AQUIIII!!26 66 32 86 25 116 90 85 68 36 75 108 110 112 27 111 
AQUIIII!!26 66 32 86 25 116 90 85 68 36 75 108 110 112 27 111 
AQUIIII!!40 33 57 38 34 49 39 31 44 45 41 58 114 113 50 115 
AQUIIII!!26 66 32 86 25 116 90 85 68 36 75 108 110 112 27 111 
AQUIIII!!75 27 90 26 108 36 85 66 24 86 25 32 111 68 23 110 
AQUIIII!!28 119 86 85 29 118 49 0 58 81 117 111 112 116 66 110 
AQUIIII!!88 58 81 30 29 85 116 119 66 0 49 118 111 117 28 112 
AQUIIII!!90 108 36 85 24 66 112 68 32 86 110 AQUIIII!!111 25 29 75 119 49 27 85 111 117 28 26 81 
110 116 118 58 86 66 0 112 
AQUIIII!!31 112 116 58 28 81 85 29 30 66 118 117 119 88 49 0 
AQUIIII!!25 24 111 110 66 108 26 75 32 85 86 68 112 27 36 90 
AQUIIII!!112 28 81 118 85 119 116 58 111 29 86 117 49 0 110 66 
AQUIIII!!111 27 108 116 110 86 76 66 32 112 47 36 81 118 117 85 
AQUIIII!!112 26 111 66 86 85 27 75 32 36 90 108 116 68 110 25 
AQUIIII!!28 112 119 85 111 118 81 116 66 0 58 110 86 49 108 117 
AQUIIII!!58 116 111 112 81 118 29 117 66 49 85 119 0 86 28 110 
AQUIIII!!88 112 111 118 0 117 58 28 30 85 29 119 49 81 66 116 
AQUIIII!!81 33 30 39 80 85 49 41 38 88 31 58 40 113 29 28 
AQUIIII!!119 49 58 0 66 117 108 110 81 118 86 85 112 28 116 111 
AQUIIII!!117 110 112 29 111 58 49 119 66 116 86 28 0 118 85 81 
AQUIIII!!58 117 49 85 28 66 81 108 118 86 0 119 111 116 112 110 
AQUIIII!!58 117 49 85 28 66 81 108 118 86 0 119 111 116 112 110 
AQUIIII!!30 116 66 117 58 0 119 85 112 111 118 88 28 81 29 49 
AQUIIII!!111 112 116 88 49 81 119 0 28 30 118 58 66 85 29 117 
AQUIIII!!30 112 116 111 66 85 28 119 81 29 117 58 0 49 118 88 
AQUIIII!!25 26 75 66 27 32 110 108 36 86 68 112 116 111 85 90 
AQUIIII!!25 111 86 110 23 26 66 108 27 36 68 90 32 75 85 24 
AQUIIII!!108 75 86 27 32 36 90 110 25 66 116 68 111 85 112 26 
AQUIIII!!26 90 68 25 32 36 27 85 110 75 66 24 86 111 112 108 
AQUIIII!!80 39 31 49 38 85 114 33 30 40 41 58 81 88 113 29 
AQUIIII!!112 26 111 66 86 85 27 75 32 36 90 108 116 68 110 25 
AQUIIII!!31 115 114 40 85 81 38 58 80 88 113 41 39 49 30 33 
AQUIIII!!28 112 116 85 111 110 117 0 66 118 86 108 81 58 119 49 
AQUIIII!!116 111 25 26 108 75 32 86 68 66 110 112 90 27 36 85 
AQUIIII!!28 112 116 118 111 85 86 117 29 58 66 110 49 81 0 119 
AQUIIII!!108 116 85 66 32 110 86 81 47 26 76 117 36 111 112 27 
AQUIIII!!108 116 85 66 32 110 86 81 47 26 76 117 36 111 112 27 
Number of Cuts in the second phase:4100
Number of repeat: 3574 
Violation: 718.000000
Violation: 714.000000
Violation: 187.000000
Violation: 747.000000
Violation: 485.000000
Violation: 390.000000
Violation: 747.000000
Violation: 329.000000
Violation: 389.000000
Violation: 279.000000
Violation: 353.000000
Violation: 32.000000
Violation: 16.000000
Violation: 154.000000
Violation: 166.000000
Violation: 328.000000
Violation: 325.000000
Violation: 83.000000
Violation: 507.000000
Violation: 336.000000
Violation: 814.000000
Violation: 239.000000
Violation: 254.000000
Violation: 240.000000
Violation: 200.000000
Violation: 876.000000
Violation: 374.000000
Violation: 213.000000
Violation: 424.000000
Violation: 77.000000
Violation: 46.000000
Violation: 88.000000
Violation: 658.000000
Violation: 893.000000
Violation: 1092.000000
Violation: 26.000000
Violation: 106.000000
Violation: 575.000000
Violation: 361.000000
Violation: 51.000000
Violation: 1303.000000
Violation: 120.000000
Violation: 279.000000
Violation: 249.000000
Violation: 600.000000
Violation: 476.000000
Violation: 718.000000
Violation: 381.000000
Violation: 226.000000
Violation: 26.000000
Violation: 86.000000
Violation: 929.000000
Violation: 1161.000000
Violation: 329.000000
Violation: 341.000000
Violation: 637.000000
Violation: 83.000000
Violation: 768.000000
Violation: 116.000000
Violation: 656.000000
Violation: 176.000000
Violation: 583.000000
Violation: 1008.000000
Violation: 656.000000
Violation: 1770.000000
Violation: 166.000000
Violation: 39.000000
Violation: 242.000000
Violation: 650.000000
Violation: 358.000000
Violation: 231.000000
Violation: 1764.000000
Violation: 135.000000
Violation: 708.000000
Violation: 517.000000
Violation: 637.000000
Violation: 318.000000
Violation: 378.000000
Violation: 629.000000
Violation: 979.000000
Violation: 27.000000
Violation: 84.000000
Violation: 1463.000000
Violation: 75.000000
Violation: 1480.000000
Violation: 110.000000
Violation: 353.000000
Violation: 295.000000
Violation: 964.000000
Violation: 122.000000
Violation: 143.000000
Violation: 370.000000
Violation: 177.000000
Violation: 382.000000
Violation: 242.000000
Violation: 1026.000000
Violation: 946.000000
Violation: 238.000000
Violation: 277.000000
Violation: 18.000000
Violation: 421.000000
Violation: 1170.000000
Violation: 415.000000
Violation: 245.000000
Violation: 145.000000
Violation: 26.000000
Violation: 1088.000000
Violation: 16.000000
Violation: 40.000000
Violation: 40.000000
Violation: 122.000000
Violation: 45.000000
Violation: 484.000000
Violation: 905.000000
Violation: 525.000000
Violation: 355.000000
Violation: 129.000000
Violation: 657.000000
Violation: 316.000000
Violation: 1535.000000
Violation: 637.000000
Violation: 488.000000
Violation: 34.000000
Violation: 632.000000
Violation: 890.000000
Violation: 810.000000
Violation: 222.000000
Violation: 702.000000
Violation: 44.000000
Violation: 140.000000
Violation: 514.000000
Violation: 1184.000000
Violation: 632.000000
Violation: 416.000000
Violation: 207.000000
Violation: 256.000000
Violation: 515.000000
Violation: 358.000000
Violation: 121.000000
Violation: 71.000000
Violation: 1190.000000
Violation: 256.000000
Violation: 627.000000
Violation: 258.000000
Violation: 466.000000
Violation: 217.000000
Violation: 186.000000
Violation: 421.000000
Violation: 824.000000
Violation: 1082.000000
Violation: 990.000000
Violation: 515.000000
Violation: 173.000000
Violation: 566.000000
Violation: 1014.000000
Violation: 78.000000
Violation: 252.000000
Violation: 160.000000
Violation: 471.000000
Violation: 945.000000
Violation: 221.000000
Violation: 426.000000
Violation: 397.000000
Violation: 1126.000000
Violation: 1103.000000
Violation: 356.000000
Violation: 170.000000
Violation: 1344.000000
Violation: 228.000000
Violation: 1488.000000
Violation: 602.000000
Violation: 531.000000
Violation: 79.000000
Violation: 967.000000
Violation: 284.000000
Violation: 307.000000
Violation: 843.000000
Violation: 586.000000
Violation: 1364.000000
Violation: 187.000000
Violation: 445.000000
Violation: 199.000000
Violation: 328.000000
Violation: 805.000000
Violation: 600.000000
Violation: 618.000000
Violation: 71.000000
Violation: 843.000000
Violation: 490.000000
Violation: 206.000000
Violation: 170.000000
Violation: 1108.000000
Violation: 220.000000
Violation: 557.000000
Violation: 716.000000
Violation: 657.000000
Violation: 531.000000
Violation: 399.000000
Violation: 324.000000
Violation: 169.000000
Violation: 876.000000
Violation: 627.000000
Violation: 745.000000
Violation: 432.000000
Violation: 648.000000
Violation: 52.000000
Violation: 517.000000
Violation: 339.000000
Violation: 408.000000
Violation: 103.000000
Violation: 380.000000
Violation: 87.000000
Violation: 813.000000
Violation: 896.000000
Violation: 1086.000000
Violation: 910.000000
Violation: 1098.000000
Violation: 96.000000
Violation: 546.000000
Violation: 436.000000
Violation: 273.000000
Violation: 143.000000
Violation: 627.000000
Violation: 378.000000
Violation: 1174.000000
Violation: 368.000000
Violation: 861.000000
Violation: 328.000000
Violation: 1280.000000
Violation: 481.000000
Violation: 1861.000000
Violation: 644.000000
Violation: 1006.000000
Violation: 187.000000
Violation: 8.000000
Violation: 20.000000
Violation: 1046.000000
Violation: 36.000000
Violation: 559.000000
Violation: 1264.000000
Violation: 757.000000
Violation: 544.000000
Violation: 194.000000
Violation: 1064.000000
Violation: 864.000000
Violation: 92.000000
Violation: 1295.000000
Violation: 500.000000
Violation: 249.000000
Violation: 409.000000
Violation: 159.000000
Violation: 689.000000
Violation: 1451.000000
Violation: 335.000000
Violation: 780.000000
Violation: 770.000000
Violation: 606.000000
Violation: 55.000000
Violation: 561.000000
Violation: 325.000000
Violation: 211.000000
Violation: 46.000000
Violation: 72.000000
Violation: 1283.000000
Violation: 702.000000
Violation: 344.000000
Violation: 824.000000
Violation: 1061.000000
Violation: 777.000000
Violation: 71.000000
Violation: 270.000000
Violation: 113.000000
Violation: 353.000000
Violation: 188.000000
Violation: 1184.000000
Violation: 258.000000
Violation: 588.000000
Violation: 395.000000
Violation: 270.000000
Violation: 1154.000000
Violation: 190.000000
Violation: 492.000000
Violation: 211.000000
Violation: 703.000000
Violation: 1269.000000
Violation: 370.000000
Violation: 432.000000
Violation: 441.000000
Violation: 200.000000
Violation: 1355.000000
Violation: 76.000000
Violation: 299.000000
Violation: 841.000000
Violation: 408.000000
Violation: 351.000000
Violation: 916.000000
Violation: 674.000000
Violation: 412.000000
Violation: 742.000000
Violation: 1233.000000
Violation: 298.000000
Violation: 150.000000
Violation: 1080.000000
Violation: 182.000000
Violation: 1157.000000
Violation: 94.000000
Violation: 77.000000
Violation: 467.000000
Violation: 161.000000
Violation: 808.000000
Violation: 171.000000
Violation: 468.000000
Violation: 606.000000
Violation: 201.000000
Violation: 577.000000
Violation: 436.000000
Violation: 135.000000
Violation: 414.000000
Violation: 763.000000
Violation: 426.000000
Violation: 916.000000
Violation: 1796.000000
Violation: 1374.000000
Violation: 1420.000000
Violation: 446.000000
Violation: 746.000000
Violation: 35.000000
Violation: 436.000000
Violation: 1279.000000
Violation: 894.000000
Violation: 742.000000
Violation: 82.000000
Violation: 183.000000
Violation: 269.000000
Violation: 274.000000
Violation: 233.000000
Violation: 187.000000
Violation: 743.000000
Violation: 1414.000000
Violation: 586.000000
Violation: 966.000000
Violation: 667.000000
Violation: 114.000000
Violation: 517.000000
Violation: 37.000000
Violation: 374.000000
Violation: 28.000000
Violation: 337.000000
Violation: 738.000000
Violation: 43.000000
Violation: 1047.000000
Violation: 518.000000
Violation: 334.000000
Violation: 260.000000
Violation: 964.000000
Violation: 434.000000
Violation: 175.000000
Violation: 628.000000
Violation: 738.000000
Violation: 260.000000
Violation: 383.000000
Violation: 1254.000000
Violation: 743.000000
Violation: 748.000000
Violation: 699.000000
Violation: 177.000000
Violation: 577.000000
Violation: 15.000000
Violation: 312.000000
Violation: 1906.000000
Violation: 574.000000
Violation: 822.000000
Violation: 417.000000
Violation: 559.000000
Violation: 309.000000
Violation: 889.000000
Violation: 831.000000
Violation: 31.000000
Violation: 219.000000
Violation: 122.000000
Violation: 1092.000000
Violation: 50.000000
Violation: 697.000000
Violation: 945.000000
Violation: 22.000000
Violation: 674.000000
Violation: 234.000000
Violation: 256.000000
Violation: 861.000000
Violation: 230.000000
Violation: 471.000000
Violation: 278.000000
Violation: 1172.000000
Violation: 52.000000
Violation: 422.000000
Violation: 51.000000
Violation: 643.000000
Violation: 1017.000000
Violation: 375.000000
Violation: 229.000000
Violation: 446.000000
Violation: 656.000000
Violation: 1097.000000
Violation: 417.000000
Violation: 990.000000
Violation: 602.000000
Violation: 627.000000
Violation: 196.000000
Violation: 800.000000
Violation: 388.000000
Violation: 44.000000
Violation: 305.000000
Violation: 906.000000
Violation: 1061.000000
Violation: 151.000000
Violation: 14.000000
Violation: 35.000000
Violation: 114.000000
Violation: 984.000000
Violation: 297.000000
Violation: 761.000000
Violation: 985.000000
Violation: 448.000000
Violation: 165.000000
Violation: 116.000000
Violation: 292.000000
Violation: 572.000000
Violation: 149.000000
Violation: 906.000000
Violation: 81.000000
Violation: 1182.000000
Violation: 611.000000
Violation: 763.000000
Violation: 613.000000
Violation: 411.000000
Violation: 96.000000
Violation: 658.000000
Violation: 143.000000
Violation: 432.000000
Violation: 19.000000
Violation: 951.000000
Violation: 130.000000
Violation: 279.000000
Violation: 1132.000000
Violation: 283.000000
Violation: 702.000000
Violation: 505.000000
Violation: 399.000000
Violation: 287.000000
Violation: 907.000000
Violation: 535.000000
Violation: 1007.000000
Violation: 488.000000
Violation: 28.000000
Violation: 461.000000
Violation: 938.000000
Violation: 1515.000000
Violation: 574.000000
Violation: 4.000000
Violation: 864.000000
Violation: 658.000000
Violation: 269.000000
Violation: 984.000000
Violation: 372.000000
Violation: 50.000000
Violation: 283.000000
Violation: 592.000000
Violation: 628.000000
Violation: 478.000000
Violation: 16.000000
Violation: 101.000000
Violation: 356.000000
Violation: 617.000000
Violation: 152.000000
Violation: 117.000000
Violation: 1099.000000
Violation: 572.000000
Violation: 36.000000
Violation: 1161.000000
Violation: 910.000000
Violation: 156.000000
Violation: 634.000000
Violation: 392.000000
Violation: 1100.000000
Violation: 17.000000
Violation: 545.000000
Violation: 193.000000
Violation: 61.000000
Violation: 640.000000
Violation: 567.000000
Violation: 1041.000000
Violation: 797.000000
Violation: 34.000000
Violation: 901.000000
Violation: 234.000000
Violation: 1038.000000
Violation: 412.000000
Violation: 109.000000
Violation: 630.000000
Violation: 73.000000
Violation: 436.000000
Violation: 971.000000
Violation: 762.000000
Violation: 229.000000
Violation: 371.000000
Violation: 742.000000
Violation: 737.000000
Violation: 46.000000
Violation: 1144.000000
Violation: 469.000000
Violation: 123.000000
Violation: 632.000000
Violation: 141.000000
Violation: 482.000000
Violation: 582.000000
Violation: 152.000000
Violation: 140.000000
Violation: 68.000000
Violation: 313.000000
Violation: 1517.000000
Violation: 1685.000000
Violation: 947.000000
Violation: 810.000000
Violation: 441.000000
Violation: 425.000000
Violation: 563.000000
7404 16
AQUIIII!!111 110 112 66 119 86 58 AQUIIII!!118 108 117 111 28 112 116 32 85 68 29 90 81 75 49 86 0 24 
110 26 27 36 66 85 25 
AQUIIII!!111 110 112 81 116 117 118 66 86 58 49 119 0 108 85 28 
AQUIIII!!114 115 113 49 81 88 80 35 58 41 43 1 40 57 42 34 
AQUIIII!!86 36 117 47 66 81 76 32 108 110 85 112 27 116 111 26 
AQUIIII!!86 36 117 47 66 81 76 32 108 110 85 112 27 116 111 26 
AQUIIII!!75 26 90 85 86 23 108 66 36 32 68 25 110 111 24 27 
AQUIIII!!27 86 90 AQUIIII!!32 86 36 36 21 117 85 47 75 66 68 81 26 76 25 24 32 108 66 110 23 108 85 110 112 
27 116 111 26 
AQUIIII!!86 36 117 47 66 81 76 32 108 110 85 112 27 116 111 26 
AQUIIII!!111 112 66 75 116 25 110 27 90 32 26 68 36 86 108 85 
AQUIIII!!111 110 112 108 66 32 47 85 86 81 117 118 116 76 36 119 
AQUIIII!!112 111 81 116 117 119 29 58 66 85 0 49 30 88 28 118 
AQUIIII!!24 112 111 26 25 85 36 75 86 90 32 108 66 68 110 27 
AQUIIII!!24 112 111 26 25 85 36 75 86 90 32 108 66 68 110 27 
AQUIIII!!76 116 66 108 36 26 32 27 117 85 86 110 47 112 111 81 
AQUIIII!!32 86 108 119 85 118 117 116 76 47 36 66 111 112 110 81 
AQUIIII!!39 30 40 33 85 88 80 31 41 81 58 38 115 49 114 113 
AQUIIII!!41 81 AQUIIII!!58 27 80 112 40 117 31 116 39 81 66 88 36 85 32 33 108 49 86 29 26 38 47 113 76 30 111 28 110 
85 
AQUIIII!!41 81 58 80 40 31 39 88 85 33 49 29 38 113 30 28 
AQUIIII!!58 88 80 49 85 33 81 41 39 40 31 38 29 30 113 114 
AQUIIII!!58 88 80 49 85 33 81 41 39 40 31 38 29 30 113 114 
AQUIIII!!111 112 117 66 86 118 110 85 47 32 27 108 36 116 81 76 
AQUIIII!!111 110 112 81 116 117 118 66 86 58 49 119 0 108 85 28 
AQUIIII!!24 111 27 25 36 66 68 86 32 75 108 26 23 110 85 90 
AQUIIII!!86 76 81 66 117 110 85 32 36 47 111 116 118 108 27 112 
AQUIIII!!110 28 85 118 49 66 81 58 119 86 0 116 117 111 29 112 
AQUIIII!!AQUIIII!!112 110 111 28 81 85 116 118 117 49 119 66 29 81 58 58 66 119 85 86 0 0 49 116 30 117 88 111 28 29 118 112 

AQUIIII!!27 112 76 47 86 81 108 116 85 66 36 111 117 118 110 32 
AQUIIII!!112 111 110 26 85 36 68 108 32 90 66 86 27 25 75 116 
AQUIIII!!112 111 110 26 AQUIIII!!85 36 112 111 68 66 108 32 118 0 90 66 85 29 86 27 49 119 25 110 75 116 28 
86 116 81 58 117 
AQUIIII!!112 111 110 26 85 36 68 108 32 90 66 86 27 25 75 116 
AQUIIII!!111 28 110 108 116 118 85 86 0 49 112 117 58 81 119 66 
AQUIIII!!31 114 33 38 49 40 85 30 88 81 41 39 80 58 29 113 
AQUIIII!!25 23 27 86 108 32 36 75 110 85 68 24 90 66 111 26 
AQUIIII!!27 112 76 47 86 81 108 116 85 66 36 111 117 118 110 32 
AQUIIII!!111 AQUIIII!!27 111 85 108 68 86 24 108 26 85 32 112 26 25 27 110 110 90 90 75 24 86 75 68 36 66 66 36 32 
25 112 
AQUIIII!!41 114 115 58 81 34 43 80 40 57 49 113 42 35 1 88 
AQUIIII!!111 112 110 81 47 117 36 108 116 32 76 86 66 26 27 85 
AQUIIII!!108 111 26 68 85 36 75 112 110 66 86 32 24 27 25 90 
AQUIIII!!90 85 110 26 108 36 27 24 68 86 32 75 23 66 111 25 
AQUIIII!!112 66 111 116 85 28 110 29 86 118 81 119 58 0 49 117 
AQUIIII!!30 116 117 118 119 88 81 112 49 85 28 58 0 111 66 29 
AQUIIII!!119 118 85 58 108 117 0 86 81 116 110 36 49 66 111 112 
AQUIIII!!66 110 32 36 26 116 108 86 47 81 27 85 117 111 112 76 
AQUIIII!!31 114 80 81 113 39 115 49 41 40 88 33 38 30 85 58 
AQUIIII!!24 111 27 25 36 66 68 86 32 75 108 26 23 110 85 90 
AQUIIII!!112 32 108 116 110 66 86 81 47 118 111 119 76 85 117 36 
AQUIIII!!110 85 86 24 108 36 66 26 25 68 32 75 90 111 112 27 
AQUIIII!!110 85 86 24 108 36 66 26 25 68 32 75 90 111 112 27 
AQUIIII!!66 110 85 24 68 25 36 86 23 26 108 32 90 75 111 27 
AQUIIII!!110 117 85 111 66 76 86 108 116 81 36 47 32 26 112 27 
AQUIIII!!111 108 112 AQUIIII!!66 110 116 117 85 117 111 110 66 36 76 81 86 86 108 32 116 119 81 76 36 47 47 32 85 26 118 112 
27 
AQUIIII!!108 110 112 111 116 81 0 49 117 118 86 85 58 36 66 119 
AQUIIII!!116 28 112 110 58 111 0 118 66 86 49 119 29 85 117 81 
AQUIIII!!111 49 112 0 58 66 110 81 116 119 85 117 28 29 118 86 
AQUIIII!!66 110 90 36 112 AQUIIII!!32 118 26 119 85 58 25 75 0 86 29 117 27 68 66 108 86 24 110 111 112 
81 49 85 116 111 28 
AQUIIII!!40 39 85 88 38 33 41 80 58 113 81 29 49 30 31 114 
AQUIIII!!108 110 75 90 85 32 116 26 25 111 68 66 86 36 112 27 
AQUIIII!!110 117 81 86 66 85 28 29 116 0 49 58 119 118 111 112 
AQUIIII!!29 113 114 81 58 49 41 85 30 88 80 33 39 31 38 40 
AQUIIII!!116 31 0 AQUIIII!!28 25 88 111 81 108 119 75 58 66 85 36 118 26 66 86 29 90 30 32 116 117 110 49 112 112 
85 68 27 
AQUIIII!!24 111 27 25 36 66 68 86 32 75 108 26 23 110 85 90 
AQUIIII!!27 108 25 36 66 26 32 75 85 86 111 24 112 68 110 90 
AQUIIII!!111 81 112 28 116 29 0 88 49 119 85 66 30 118 58 117 
AQUIIII!!119 112 111 118 0 58 117 85 49 108 81 110 36 116 66 86 
AQUIIII!!114 115 113 49 81 88 80 35 58 41 43 1 40 57 42 34 
AQUIIII!!111 110 112 108 66 32 47 85 86 81 117 118 116 76 36 119 
AQUIIII!!111 119 112 86 66 36 58 85 116 117 49 110 81 0 108 118 
AQUIIII!!28 116 111 0 58 49 85 110 118 112 81 119 117 108 86 66 
AQUIIII!!81 80 42 88 1 5 58 49 35 34 6 57 43 113 114 115 
AQUIIII!!81 85 118 66 30 49 58 119 AQUIIII!!88 112 0 66 29 111 117 116 31 85 112 28 28 110 116 29 
86 118 81 119 58 0 49 117 
AQUIIII!!81 85 118 66 30 49 58 119 88 0 29 117 31 112 28 116 
AQUIIII!!81 86 116 119 29 66 0 85 117 58 110 49 111 112 118 28 
AQUIIII!!26 110 112 25 68 85 32 66 90 111 108 24 86 75 27 36 
AQUIIII!!108 110 49 28 58 116 85 117 119 118 0 81 86 112 111 66 
AQUIIII!!116 117 66 36 108 85 81 86 27 110 118 76 47 111 112 32 
AQUIIII!!108 117 47 36 81 26 66 76 111 85 32 116 86 110 112 27 
AQUIIII!!111 116 32 110 117 119 47 81 36 86 112 76 66 118 85 108 
AQUIIII!!116 28 111 66 117 49 112 119 85 58 118 110 0 86 81 29 
AQUIIII!!28 113 31 80 29 85 49 38 81 40 30 39 33 88 41 58 
AQUIIII!!26 110 112 25 68 85 32 66 90 111 108 24 86 75 27 36 
AQUIIII!!112 29 81 118 66 30 117 0 58 28 88 116 49 31 119 85 
AQUIIII!!112 28 116 29 66 81 88 58 30 0 85 117 31 119 118 49 
AQUIIII!!32 24 27 111 112 26 75 86 85 68 66 108 25 110 90 36 
AQUIIII!!108 111 112 32 68 90 75 86 24 110 26 27 36 66 85 25 
AQUIIII!!32 24 27 111 112 26 75 86 85 68 66 108 25 110 90 36 
AQUIIII!!108 110 111 76 112 116 26 117 36 85 66 47 86 81 32 27 
AQUIIII!!26 111 75 25 68 66 24 36 112 86 85 27 32 90 108 110 
AQUIIII!!27 32 112 26 85 110 47 81 111 66 108 76 117 36 86 116 
AQUIIII!!75 27 26 25 108 110 112 86 36 90 32 66 68 85 111 24 
AQUIIII!!75 27 26 25 108 110 112 86 36 90 32 66 68 85 111 24 
AQUIIII!!108 75 32 68 36 85 26 90 66 25 86 27 116 110 111 112 
AQUIIII!!108 75 32 68 36 85 26 90 66 25 86 27 116 110 111 112 
AQUIIII!!112 111 110 26 85 36 68 108 32 90 66 86 27 25 75 116 
AQUIIII!!23 110 25 68 108 32 86 24 85 66 75 26 36 90 21 27 
AQUIIII!!115 31 114 81 85 113 33 58 80 41 49 38 88 39 30 40 
AQUIIII!!68 111 75 24 25 86 108 90 85 66 32 110 36 112 27 26 
AQUIIII!!31 114 33 38 49 40 85 30 88 81 41 39 80 58 AQUIIII!!29 112 113 28 
110 58 66 117 0 118 111 119 AQUIIII!!86 31 116 114 81 33 49 38 29 49 85 40 
85 30 88 81 41 39 80 58 29 113 
AQUIIII!!29 112 116 85 58 0 81 49 119 30 28 117 88 118 66 111 
Number of Cuts in the second phase:3392
Number of repeat: 3158 
Violation: 88.000000
Violation: 691.000000
Violation: 218.000000
Violation: 1015.000000
Violation: 955.000000
Violation: 384.000000
Violation: 258.000000
Violation: 348.000000
Violation: 147.000000
Violation: 1826.000000
Violation: 22.000000
Violation: 320.000000
Violation: 1415.000000
Violation: 17.000000
Violation: 66.000000
Violation: 1187.000000
Violation: 125.000000
Violation: 743.000000
Violation: 103.000000
Violation: 524.000000
Violation: 592.000000
Violation: 943.000000
Violation: 42.000000
Violation: 546.000000
Violation: 374.000000
Violation: 1136.000000
Violation: 999.000000
Violation: 881.000000
Violation: 168.000000
Violation: 1597.000000
Violation: 375.000000
Violation: 168.000000
Violation: 127.000000
Violation: 543.000000
Violation: 974.000000
Violation: 750.000000
Violation: 890.000000
Violation: 459.000000
Violation: 702.000000
Violation: 186.000000
Violation: 380.000000
Violation: 356.000000
Violation: 895.000000
Violation: 722.000000
Violation: 690.000000
Violation: 743.000000
Violation: 519.000000
Violation: 832.000000
Violation: 611.000000
Violation: 1036.000000
Violation: 289.000000
Violation: 72.000000
Violation: 387.000000
Violation: 627.000000
Violation: 556.000000
Violation: 1374.000000
Violation: 930.000000
Violation: 295.000000
Violation: 67.000000
Violation: 459.000000
Violation: 1187.000000
Violation: 866.000000
Violation: 412.000000
Violation: 361.000000
Violation: 985.000000
Violation: 1329.000000
Violation: 137.000000
Violation: 372.000000
Violation: 206.000000
Violation: 486.000000
Violation: 1151.000000
Violation: 571.000000
Violation: 764.000000
Violation: 287.000000
Violation: 98.000000
Violation: 475.000000
Violation: 1224.000000
Violation: 115.000000
Violation: 160.000000
Violation: 566.000000
Violation: 210.000000
Violation: 452.000000
Violation: 235.000000
Violation: 393.000000
Violation: 1167.000000
Violation: 586.000000
Violation: 230.000000
Violation: 1503.000000
Violation: 459.000000
Violation: 167.000000
Violation: 434.000000
Violation: 1046.000000
Violation: 258.000000
Violation: 488.000000
Violation: 201.000000
Violation: 26.000000
Violation: 367.000000
Violation: 484.000000
Violation: 1039.000000
Violation: 348.000000
Violation: 229.000000
Violation: 971.000000
Violation: 262.000000
Violation: 313.000000
Violation: 64.000000
Violation: 1310.000000
Violation: 698.000000
Violation: 224.000000
Violation: 683.000000
Violation: 13.000000
Violation: 69.000000
Violation: 80.000000
Violation: 575.000000
Violation: 245.000000
Violation: 1140.000000
Violation: 579.000000
Violation: 640.000000
Violation: 915.000000
Violation: 299.000000
Violation: 722.000000
Violation: 51.000000
Violation: 323.000000
Violation: 990.000000
Violation: 647.000000
Violation: 94.000000
Violation: 807.000000
Violation: 178.000000
Violation: 656.000000
Violation: 397.000000
Violation: 313.000000
Violation: 682.000000
Violation: 18.000000
Violation: 313.000000
Violation: 597.000000
Violation: 162.000000
Violation: 879.000000
Violation: 288.000000
Violation: 1244.000000
Violation: 348.000000
Violation: 1049.000000
Violation: 17.000000
Violation: 592.000000
Violation: 116.000000
Violation: 58.000000
Violation: 54.000000
Violation: 1030.000000
Violation: 985.000000
Violation: 868.000000
Violation: 690.000000
Violation: 849.000000
Violation: 2358.000000
Violation: 24.000000
Violation: 405.000000
Violation: 1358.000000
Violation: 702.000000
Violation: 795.000000
Violation: 231.000000
Violation: 1075.000000
Violation: 617.000000
Violation: 1130.000000
Violation: 35.000000
Violation: 1507.000000
Violation: 982.000000
Violation: 280.000000
Violation: 718.000000
Violation: 453.000000
Violation: 659.000000
Violation: 546.000000
Violation: 459.000000
Violation: 598.000000
Violation: 372.000000
Violation: 1238.000000
Violation: 403.000000
Violation: 1073.000000
Violation: 1096.000000
Violation: 667.000000
Violation: 283.000000
Violation: 420.000000
Violation: 498.000000
Violation: 50.000000
Violation: 895.000000
Violation: 475.000000
Violation: 507.000000
Violation: 367.000000
Violation: 108.000000
Violation: 315.000000
Violation: 1300.000000
Violation: 949.000000
Violation: 705.000000
Violation: 111.000000
Violation: 1117.000000
Violation: 573.000000
Violation: 1357.000000
Violation: 68.000000
Violation: 399.000000
Violation: 176.000000
Violation: 581.000000
Violation: 20.000000
Violation: 157.000000
Violation: 769.000000
Violation: 1499.000000
Violation: 1690.000000
Violation: 387.000000
Violation: 1302.000000
Violation: 826.000000
Violation: 213.000000
Violation: 343.000000
Violation: 120.000000
Violation: 584.000000
Violation: 850.000000
Violation: 798.000000
Violation: 108.000000
Violation: 444.000000
Violation: 803.000000
Violation: 160.000000
Violation: 319.000000
Violation: 611.000000
Violation: 20.000000
Violation: 393.000000
Violation: 210.000000
Violation: 776.000000
Violation: 832.000000
Violation: 639.000000
Violation: 950.000000
Violation: 631.000000
Violation: 772.000000
Violation: 1436.000000
Violation: 1098.000000
Violation: 761.000000
Violation: 46.000000
Violation: 869.000000
Violation: 101.000000
Violation: 562.000000
Violation: 376.000000
took 10.002488

Warning: excessive time spent in model updates.
Consider calling update less frequently.

Optimize a model with 1993 rows, 5432 columns and 69020 nonzeros
Coefficient statistics:
  Matrix range     [1e+00, 1e+02]
  Objective range  [0e+00, 0e+00]
  Bounds range     [1e+00, 1e+02]
  RHS range        [1e+00, 4e+01]

Concurrent LP optimizer: dual simplex and barrier
Showing barrier log only...

Presolve removed 449 rows and 256 columns
Presolve time: 0.02s
Presolved: 1544 rows, 5176 columns, 58173 nonzeros

Ordering time: 0.00s

Barrier statistics:
 Dense cols : 49
 AA' NZ     : 3.916e+04
 Factor NZ  : 1.232e+05 (roughly 4 MBytes of memory)
 Factor Ops : 2.078e+07 (less than 1 second per iteration)
 Threads    : 3

                  Objective                Residual
Iter       Primal          Dual         Primal    Dual     Compl     Time
   0   0.00000000e+00 -5.86781250e+01  2.49e+03 0.00e+00  8.98e-01     0s
   1   0.00000000e+00 -1.49746680e+02  6.96e+02 8.75e-03  2.46e-01     0s
   2   0.00000000e+00 -1.20982346e+02  1.87e+02 7.22e-16  6.44e-02     0s
   3   0.00000000e+00 -6.17215641e+01  1.92e+01 2.98e-16  9.85e-03     0s
   4   0.00000000e+00 -2.52839080e+01  4.06e+00 8.33e-17  2.73e-03     0s
   5   0.00000000e+00 -1.01633030e+01  1.93e-01 5.25e-17  8.91e-04     0s
   6   0.00000000e+00 -1.08605547e-01  9.38e-13 4.45e-17  9.32e-06     0s
   7   0.00000000e+00 -1.08605547e-04  2.29e-11 4.00e-19  9.32e-09     0s
   8   0.00000000e+00 -1.08605547e-07  5.40e-12 7.03e-22  9.32e-12     0s
   9   0.00000000e+00 -1.09755603e-13  4.58e-13 8.06e-24  9.42e-18     0s

Barrier solved model in 9 iterations and 0.07 seconds
Optimal objective 0.00000000e+00

Crossover log...

    5003 PPushes remaining with PInf 0.0000000e+00                 0s
       0 PPushes remaining with PInf 0.0000000e+00                 0s

  Push phase complete: Pinf 0.0000000e+00, Dinf 0.0000000e+00      0s

Iteration    Objective       Primal Inf.    Dual Inf.      Time
    5006    0.0000000e+00   0.000000e+00   0.000000e+00      0s
    5006    0.0000000e+00   0.000000e+00   0.000000e+00      0s

Solved with barrier
Solved in 5006 iterations and 0.14 seconds
Optimal objective  0.000000000e+00
