j1201_1.sm_s1.txt
Academic license - for non-commercial use only
Read LP format model from file lp/j1201_1.sm.lp
Reading time = 0.03 seconds
: 1196 rows, 5432 columns, 62759 nonzeros
OKGPU
nThreads: 1024 , nBlocks: 12 
Number cuts generated in the phase 1: 33
Number of repeat: 7 
violation 334.000000
violation 145.000000
violation 234.000000
violation 288.000000
violation 207.000000
violation 63.000000
violation 293.000000
violation 390.000000
violation 467.000000
violation 142.000000
violation 168.000000
violation 458.000000
violation 370.000000
violation 757.000000
violation 859.000000
violation 859.000000
violation 857.000000
violation 637.000000
violation 637.000000
violation 557.000000
violation 164.000000
violation 21.000000
violation 523.000000
violation 445.000000
violation 495.000000
violation 37.000000
8592 8
AQUIIII!!75 36 111 86 112 108 116 110 
AQUIIII!!112 111 110 85 116 117 118 86 
AQUIIII!!86 117 112 AQUIIII!!116 117 AQUIIII!!85 108 112 112 85 108 111 111 111 86 108 110 110 86 
116 
75 AQUIIII!!110 116 36 111 116 112 
117 85 119 86 118 
AQUIIII!!85 117 112 AQUIIII!!108 116 116 AQUIIII!!111 110 112 86 75 111 117 110 86 86 112 36 
85 108 
108 110 116 AQUIIII!!85 111 111 
112 AQUIIII!!110 86 111 117 112 108 116 116 
118 86 85 110 117 
AQUIIII!!112 111 110 AQUIIII!!85 75 110 116 86 117 AQUIIII!!36 108 118 34 111 86 40 112 116 
41 AQUIIII!!
81 86 116 85 117 108 113 85 114 112 110 115 111 

AQUIIII!!85 86 117 118 119 112 116 111 AQUIIII!!
85 111 112 110 108 116 86 117 
AQUIIII!!117 119 118 86 85 116 112 AQUIIII!!111 75 
110 86 36 108 111 112 116 
AQUIIII!!41 34 35 85 81 113 114 AQUIIII!!115 85 
81 34 41 AQUIIII!!114 117 113 119 115 118 35 86 
85 116 AQUIIII!!112 117 111 118 AQUIIII!!
116 116 86 85 118 110 119 85 112 117 111 111 AQUIIII!!112 86 36 

110 32 AQUIIII!!86 36 75 86 112 116 111 110 108 75 
AQUIIII!!112 41 108 34 111 35 
85 81 113 114 115 
AQUIIII!!36 110 32 86 75 112 111 108 
AQUIIII!!116 117 86 110 108 112 85 111 
AQUIIII!!85 117 86 112 116 108 111 110 
AQUIIII!!81 85 41 34 113 115 114 35 
AQUIIII!!112 111 86 75 110 108 32 36 
AQUIIII!!AQUIIII!!111 111 112 112 118 110 86 85 118 117 85 116 116 86 110 
117 
AQUIIII!!42 58 115 34 114 81 35 113 
AQUIIII!!111 116 112 85 86 118 110 117 
AQUIIII!!86 AQUIIII!!36 AQUIIII!!85 111 75 81 112 110 35 112 111 115 36 108 114 AQUIIII!!75 116 34 86 108 110 113 117 32 
41 118 86 
112 
111 85 116 110 
AQUIIII!!112 116 AQUIIII!!86 81 111 42 117 115 108 85 114 110 58 
113 34 35 
AQUIIII!!111 110 116 108 112 75 36 86 
AQUIIII!!111 116 AQUIIII!!118 111 112 108 AQUIIII!!119 112 115 85 86 114 86 117 113 117 116 40 
110 41 85 45 
34 44 
AQUIIII!!36 86 32 AQUIIII!!108 115 75 114 111 113 27 41 110 35 
85 81 34 
AQUIIII!!115 113 35 114 34 41 85 81 
AQUIIII!!114 85 115 113 40 81 41 34 
AQUIIII!!110 116 118 86 117 AQUIIII!!112 115 85 113 AQUIIII!!111 35 85 114 
81 34 34 41 40 85 114 81 41 
115 113 
AQUIIII!!111 112 118 119 86 85 117 116 
AQUIIII!!85 117 110 112 86 111 108 116 
AQUIIII!!110 75 36 112 116 86 108 111 AQUIIII!!112 
116 110 111 117 108 85 86 
AQUIIII!!AQUIIII!!112 85 86 111 111 112 110 116 85 108 116 118 110 86 117 117 

AQUIIII!!86 116 112 111 85 118 AQUIIII!!110 108 117 36 
86 75 111 110 32 112 
AQUIIII!!85 119 118 117 111 112 116 86 
AQUIIII!!85 40 39 41 113 114 115 81 
AQUIIII!!111 AQUIIII!!112 35 116 81 108 113 75 34 85 36 41 86 115 110 114 

AQUIIII!!114 115 113 35 34 85 41 81 
AQUIIII!!117 85 86 116 112 118 110 111 AQUIIII!!
117 108 86 110 85 111 112 116 
AQUIIII!!111 112 116 118 86 85 110 117 
AQUIIII!!117 116 119 85 AQUIIII!!86 AQUIIII!!118 112 112 86 111 111 110 
36 86 108 75 112 36 116 116 75 111 110 
108 
AQUIIII!!AQUIIII!!117 114 108 113 86 115 110 58 85 42 111 112 35 116 34 
81 
AQUIIII!!AQUIIII!!116 41 111 81 112 39 86 40 110 115 85 85 108 114 117 113 

AQUIIII!!118 AQUIIII!!112 34 111 41 116 40 85 119 AQUIIII!!115 86 115 114 117 114 113 85 113 81 

41 35 AQUIIII!!85 113 34 41 81 114 
115 40 39 81 85 
AQUIIII!!111 112 116 117 AQUIIII!!85 115 86 114 119 41 118 113 
85 AQUIIII!!116 81 111 40 112 39 86 
119 AQUIIII!!117 108 118 85 112 
111 AQUIIII!!110 41 116 81 86 35 36 113 75 85 
114 34 115 
AQUIIII!!115 113 AQUIIII!!114 86 85 75 35 32 81 110 41 108 34 36 
111 112 
AQUIIII!!112 86 111 110 75 116 108 36 
AQUIIII!!81 41 35 34 115 113 114 85 
AQUIIII!!86 108 75 36 110 116 111 112 
AQUIIII!!41 85 40 AQUIIII!!34 81 81 114 114 113 113 115 115 34 
35 AQUIIII!!42 86 58 108 75 
36 110 116 111 112 
AQUIIII!!118 117 86 85 112 119 116 111 
AQUIIII!!86 108 75 36 110 AQUIIII!!116 111 41 112 85 
40 AQUIIII!!34 81 36 114 86 113 111 115 
112 110 75 116 108 
AQUIIII!!36 108 86 110 111 75 116 112 AQUIIII!!
86 110 36 108 112 116 75 111 
AQUIIII!!113 81 40 34 85 114 41 115 
AQUIIII!!112 111 32 36 75 110 86 108 
AQUIIII!!AQUIIII!!110 21 116 24 111 86 86 25 112 26 108 53 23 85 117 27 

AQUIIII!!81 113 115 114 34 41 85 40 
AQUIIII!!75 116 108 36 110 86 111 112 
AQUIIII!!116 111 112 75 108 86 110 36 
AQUIIII!!75 116 108 36 110 86 111 112 
AQUIIII!!115 81 114 113 34 40 85 41 
AQUIIII!!86 85 110 116 117 118 112 111 
AQUIIII!!58 81 42 35 114 34 113 115 
AQUIIII!!75 36 AQUIIII!!86 111 112 110 111 112 110 75 108 116 36 108 86 
32 
AQUIIII!!111 86 112 116 117 110 85 118 
AQUIIII!!75 36 86 AQUIIII!!112 116 111 110 110 108 116 111 108 112 
85 117 86 
AQUIIII!!119 112 116 111 118 117 85 86 
AQUIIII!!112 111 86 110 32 108 75 36 AQUIIII!!
108 111 44 110 116 117 112 45 
AQUIIII!!42 81 58 35 114 113 115 34 
AQUIIII!!112 111 117 86 85 116 119 118 
AQUIIII!!115 34 58 AQUIIII!!113 112 35 114 116 42 75 81 110 
111 108 36 86 
AQUIIII!!85 39 41 40 114 113 115 81 AQUIIII!!
111 112 75 110 116 86 108 36 
AQUIIII!!112 AQUIIII!!111 86 32 116 36 108 75 111 110 112 117 86 108 85 110 

AQUIIII!!117 118 85 119 112 111 116 86 
AQUIIII!!75 110 32 36 108 86 112 AQUIIII!!117 111 108 
85 86 116 110 111 112 
AQUIIII!!86 85 117 116 112 111 118 110 
AQUIIII!!112 86 108 116 111 110 36 75 
AQUIIII!!116 111 112 86 110 85 108 AQUIIII!!117 117 108 
85 AQUIIII!!86 34 116 35 110 41 111 81 112 113 
114 85 115 
AQUIIII!!24 53 27 21 25 26 86 23 
AQUIIII!!111 110 112 36 75 AQUIIII!!108 117 85 32 119 86 116 86 
118 112 111 
AQUIIII!!86 117 110 118 85 116 112 111 
AQUIIII!!116 111 112 75 108 86 110 36 
AQUIIII!!110 112 108 111 86 75 32 36 
AQUIIII!!85 116 110 117 118 AQUIIII!!86 112 112 111 111 
36 110 116 108 86 75 
AQUIIII!!86 117 110 118 85 116 112 111 
AQUIIII!!108 111 44 110 116 117 112 45 
AQUIIII!!32 108 36 75 86 110 112 AQUIIII!!111 85 
116 110 117 86 AQUIIII!!116 108 118 112 117 111 85 
86 110 111 112 
AQUIIII!!32 108 36 75 86 110 112 111 
AQUIIII!!86 36 108 75 110 111 116 112 
AQUIIII!!116 118 117 85 86 110 111 112 
AQUIIII!!110 32 75 36 108 86 112 111 
AQUIIII!!110 86 117 111 116 112 85 108 
AQUIIII!!41 85 35 81 34 114 113 115 
AQUIIII!!112 111 116 108 117 85 86 110 
AQUIIII!!85 117 119 118 112 86 111 116 
AQUIIII!!85 116 110 117 86 108 112 111 
AQUIIII!!116 85 86 117 119 118 112 111 
AQUIIII!!86 75 116 36 108 111 110 112 
AQUIIII!!AQUIIII!!85 112 118 116 117 86 111 111 85 110 116 118 119 86 117 112 

AQUIIII!!112 108 AQUIIII!!111 75 116 116 117 112 85 108 110 111 86 
110 AQUIIII!!36 110 86 86 32 
75 36 27 111 108 
AQUIIII!!118 111 112 86 85 116 110 117 AQUIIII!!
108 86 117 110 AQUIIII!!116 111 111 112 112 85 116 
118 86 85 110 117 
AQUIIII!!110 117 85 118 112 111 86 116 
AQUIIII!!85 111 112 110 86 116 117 118 
AQUIIII!!36 AQUIIII!!86 108 32 75 36 111 86 75 112 108 110 110 112 
32 111 
AQUIIII!!36 AQUIIII!!108 111 75 85 86 112 119 112 118 110 117 86 32 116 111 

AQUIIII!!112 116 110 111 117 108 85 86 
AQUIIII!!111 110 86 112 108 116 117 85 
AQUIIII!!85 111 112 110 86 117 108 116 
AQUIIII!!112 86 108 116 110 111 36 75 
AQUIIII!!111 85 112 116 118 86 119 117 
AQUIIII!!40 81 41 85 39 114 115 113 
AQUIIII!!112 111 108 86 75 110 36 116 
AQUIIII!!117 110 85 108 116 86 111 112 
AQUIIII!!115 113 81 114 40 39 41 85 
AQUIIII!!108 112 111 110 116 86 36 75 
AQUIIII!!115 114 113 41 35 85 34 81 
AQUIIII!!112 86 116 110 111 85 117 118 
AQUIIII!!111 119 112 116 118 85 86 117 
AQUIIII!!111 108 112 86 117 116 110 85 
AQUIIII!!119 85 118 86 117 116 112 111 
AQUIIII!!119 85 118 86 117 116 112 111 
AQUIIII!!116 117 118 86 112 110 85 111 
AQUIIII!!41 39 81 40 115 114 85 113 
AQUIIII!!110 108 85 117 86 116 112 111 
AQUIIII!!110 108 85 117 86 116 112 111 
AQUIIII!!81 58 42 114 35 113 115 34 
AQUIIII!!116 111 112 86 119 117 118 85 
AQUIIII!!35 81 114 34 113 115 58 42 
AQUIIII!!81 41 34 40 AQUIIII!!85 86 114 110 108 113 117 115 85 AQUIIII!!
116 111 111 112 112 75 
86 36 108 110 116 
AQUIIII!!118 116 112 111 86 117 85 119 
AQUIIII!!86 110 108 117 85 116 111 112 
AQUIIII!!81 41 34 40 85 114 113 115 
AQUIIII!!85 110 116 112 108 111 117 86 
AQUIIII!!113 45 114 34 35 44 115 42 
AQUIIII!!110 112 111 75 86 116 108 36 
AQUIIII!!86 111 112 116 75 108 36 110 
AQUIIII!!115 113 114 85 AQUIIII!!35 118 81 112 41 111 34 86 
110 117 85 116 
AQUIIII!!112 111 110 108 117 86 85 116 
AQUIIII!!112 111 110 108 117 86 85 116 
AQUIIII!!111 118 112 117 116 85 119 86 
AQUIIII!!117 108 85 112 86 110 111 116 
AQUIIII!!113 85 114 115 34 81 41 40 
AQUIIII!!117 85 116 86 118 112 119 111 
AQUIIII!!111 85 112 116 118 86 119 117 
AQUIIII!!111 116 85 112 110 86 117 118 
AQUIIII!!111 116 85 112 110 86 117 118 
AQUIIII!!112 85 111 116 110 118 86 117 
AQUIIII!!85 34 41 40 81 113 115 114 
AQUIIII!!86 112 110 111 85 117 116 108 
AQUIIII!!116 111 112 86 110 85 108 117 
AQUIIII!!85 34 41 40 81 113 115 114 
AQUIIII!!114 115 41 81 85 40 39 113 
AQUIIII!!85 86 108 110 117 111 116 112 
AQUIIII!!112 111 116 108 117 85 86 110 
AQUIIII!!32 75 36 108 112 110 111 86 
AQUIIII!!119 85 118 86 117 111 116 112 
AQUIIII!!119 85 118 86 117 111 116 112 
AQUIIII!!111 112 110 108 86 116 117 85 
AQUIIII!!86 110 116 112 111 85 117 108 
AQUIIII!!118 110 117 116 86 112 85 111 
AQUIIII!!110 108 116 111 86 112 75 36 
AQUIIII!!111 75 112 86 110 116 108 36 
AQUIIII!!41 40 85 34 114 81 115 113 
AQUIIII!!116 111 112 117 85 119 86 118 
AQUIIII!!41 85 35 114 115 34 113 81 
AQUIIII!!115 114 113 41 35 85 34 81 
AQUIIII!!116 75 112 111 110 86 108 36 
AQUIIII!!116 75 112 111 110 86 108 36 
AQUIIII!!111 110 86 112 108 116 117 85 
AQUIIII!!112 86 111 110 75 116 108 36 
AQUIIII!!115 34 114 35 81 113 58 42 
AQUIIII!!115 113 58 114 35 34 42 81 
Number of Cuts in the second phase:5309
Number of repeat: 4644 
Violation: 389.000000
Violation: 964.000000
Violation: 890.000000
Violation: 515.000000
Violation: 353.000000
Violation: 1094.000000
Violation: 110.000000
Violation: 358.000000
Violation: 702.000000
Violation: 650.000000
Violation: 188.000000
Violation: 245.000000
Violation: 789.000000
Violation: 747.000000
Violation: 254.000000
Violation: 88.000000
Violation: 187.000000
Violation: 15.000000
Violation: 154.000000
Violation: 390.000000
Violation: 222.000000
Violation: 624.000000
Violation: 615.000000
Violation: 239.000000
Violation: 658.000000
Violation: 381.000000
Violation: 672.000000
Violation: 559.000000
Violation: 301.000000
Violation: 67.000000
Violation: 600.000000
Violation: 611.000000
Violation: 557.000000
Violation: 415.000000
Violation: 814.000000
Violation: 279.000000
Violation: 780.000000
Violation: 103.000000
Violation: 226.000000
Violation: 629.000000
Violation: 135.000000
Violation: 58.000000
Violation: 632.000000
Violation: 628.000000
Violation: 612.000000
Violation: 279.000000
Violation: 422.000000
Violation: 230.000000
Violation: 893.000000
Violation: 876.000000
Violation: 75.000000
Violation: 760.000000
Violation: 249.000000
Violation: 718.000000
Violation: 194.000000
Violation: 714.000000
Violation: 238.000000
Violation: 20.000000
Violation: 507.000000
Violation: 445.000000
Violation: 395.000000
Violation: 656.000000
Violation: 358.000000
Violation: 328.000000
Violation: 325.000000
Violation: 246.000000
Violation: 370.000000
Violation: 592.000000
Violation: 659.000000
Violation: 748.000000
Violation: 685.000000
Violation: 299.000000
Violation: 864.000000
Violation: 656.000000
Violation: 444.000000
Violation: 1096.000000
Violation: 176.000000
Violation: 72.000000
Violation: 1098.000000
Violation: 929.000000
Violation: 250.000000
Violation: 1152.000000
Violation: 83.000000
Violation: 132.000000
Violation: 432.000000
Violation: 16.000000
Violation: 24.000000
Violation: 459.000000
Violation: 295.000000
Violation: 1167.000000
Violation: 466.000000
Violation: 114.000000
Violation: 815.000000
Violation: 577.000000
Violation: 1488.000000
Violation: 324.000000
Violation: 708.000000
Violation: 534.000000
Violation: 543.000000
Violation: 637.000000
Violation: 516.000000
Violation: 1341.000000
Violation: 702.000000
Violation: 329.000000
Violation: 87.000000
Violation: 671.000000
Violation: 832.000000
Violation: 521.000000
Violation: 240.000000
Violation: 21.000000
Violation: 517.000000
Violation: 627.000000
Violation: 13.000000
Violation: 43.000000
Violation: 1170.000000
Violation: 601.000000
Violation: 1103.000000
Violation: 718.000000
Violation: 676.000000
Violation: 40.000000
Violation: 815.000000
Violation: 627.000000
Violation: 1026.000000
Violation: 229.000000
Violation: 318.000000
Violation: 632.000000
Violation: 84.000000
Violation: 797.000000
Violation: 485.000000
Violation: 26.000000
Violation: 103.000000
Violation: 166.000000
Violation: 61.000000
Violation: 874.000000
Violation: 252.000000
Violation: 329.000000
Violation: 299.000000
Violation: 835.000000
Violation: 52.000000
Violation: 1253.000000
Violation: 517.000000
Violation: 232.000000
Violation: 555.000000
Violation: 486.000000
Violation: 1344.000000
Violation: 374.000000
Violation: 362.000000
Violation: 471.000000
Violation: 221.000000
Violation: 316.000000
Violation: 575.000000
Violation: 747.000000
Violation: 272.000000
Violation: 263.000000
Violation: 129.000000
Violation: 1283.000000
Violation: 981.000000
Violation: 514.000000
Violation: 362.000000
Violation: 219.000000
Violation: 294.000000
Violation: 16.000000
Violation: 26.000000
Violation: 163.000000
Violation: 762.000000
Violation: 8.000000
Violation: 399.000000
Violation: 1164.000000
Violation: 1528.000000
Violation: 707.000000
Violation: 544.000000
Violation: 1355.000000
Violation: 213.000000
Violation: 253.000000
Violation: 213.000000
Violation: 515.000000
Violation: 303.000000
Violation: 177.000000
Violation: 101.000000
Violation: 1343.000000
Violation: 611.000000
Violation: 94.000000
Violation: 145.000000
Violation: 545.000000
Violation: 399.000000
Violation: 409.000000
Violation: 353.000000
Violation: 171.000000
Violation: 98.000000
Violation: 529.000000
Violation: 231.000000
Violation: 49.000000
Violation: 824.000000
Violation: 461.000000
Violation: 482.000000
Violation: 738.000000
Violation: 716.000000
Violation: 343.000000
Violation: 1088.000000
Violation: 84.000000
Violation: 121.000000
Violation: 182.000000
Violation: 424.000000
Violation: 34.000000
Violation: 445.000000
Violation: 45.000000
Violation: 96.000000
Violation: 160.000000
Violation: 294.000000
Violation: 216.000000
Violation: 288.000000
Violation: 100.000000
Violation: 798.000000
Violation: 915.000000
Violation: 77.000000
Violation: 880.000000
Violation: 707.000000
Violation: 21.000000
Violation: 583.000000
Violation: 44.000000
Violation: 313.000000
Violation: 17.000000
Violation: 387.000000
Violation: 738.000000
Violation: 843.000000
Violation: 83.000000
Violation: 982.000000
Violation: 824.000000
Violation: 117.000000
Violation: 617.000000
Violation: 180.000000
Violation: 145.000000
Violation: 143.000000
Violation: 277.000000
Violation: 36.000000
Violation: 264.000000
Violation: 232.000000
Violation: 344.000000
Violation: 46.000000
Violation: 516.000000
Violation: 1238.000000
Violation: 17.000000
Violation: 640.000000
Violation: 637.000000
Violation: 875.000000
Violation: 400.000000
Violation: 657.000000
Violation: 209.000000
Violation: 158.000000
Violation: 90.000000
Violation: 106.000000
Violation: 383.000000
Violation: 26.000000
Violation: 215.000000
Violation: 441.000000
Violation: 213.000000
Violation: 678.000000
Violation: 56.000000
Violation: 46.000000
Violation: 9.000000
Violation: 378.000000
Violation: 270.000000
Violation: 425.000000
Violation: 229.000000
Violation: 328.000000
Violation: 10.000000
Violation: 337.000000
Violation: 385.000000
Violation: 909.000000
Violation: 444.000000
Violation: 106.000000
Violation: 844.000000
Violation: 1770.000000
Violation: 471.000000
Violation: 1017.000000
Violation: 232.000000
Violation: 656.000000
Violation: 215.000000
Violation: 227.000000
Violation: 646.000000
Violation: 103.000000
Violation: 256.000000
Violation: 722.000000
Violation: 828.000000
Violation: 946.000000
Violation: 470.000000
Violation: 513.000000
Violation: 424.000000
Violation: 632.000000
Violation: 371.000000
Violation: 861.000000
Violation: 378.000000
Violation: 336.000000
Violation: 88.000000
Violation: 518.000000
Violation: 947.000000
Violation: 528.000000
Violation: 585.000000
Violation: 656.000000
Violation: 142.000000
Violation: 362.000000
Violation: 438.000000
Violation: 234.000000
Violation: 20.000000
Violation: 82.000000
Violation: 759.000000
Violation: 470.000000
Violation: 321.000000
Violation: 353.000000
Violation: 519.000000
Violation: 74.000000
Violation: 768.000000
Violation: 716.000000
Violation: 519.000000
Violation: 637.000000
Violation: 107.000000
Violation: 143.000000
Violation: 702.000000
Violation: 525.000000
Violation: 771.000000
Violation: 763.000000
Violation: 92.000000
Violation: 17.000000
Violation: 356.000000
Violation: 320.000000
Violation: 106.000000
Violation: 190.000000
Violation: 779.000000
Violation: 800.000000
Violation: 334.000000
Violation: 896.000000
Violation: 257.000000
Violation: 704.000000
Violation: 674.000000
Violation: 764.000000
Violation: 462.000000
Violation: 164.000000
Violation: 1158.000000
Violation: 755.000000
Violation: 529.000000
Violation: 756.000000
Violation: 1047.000000
Violation: 233.000000
Violation: 764.000000
Violation: 270.000000
Violation: 426.000000
Violation: 32.000000
Violation: 706.000000
Violation: 770.000000
Violation: 1025.000000
Violation: 657.000000
Violation: 243.000000
Violation: 595.000000
Violation: 177.000000
Violation: 2.000000
Violation: 53.000000
Violation: 116.000000
Violation: 72.000000
Violation: 55.000000
Violation: 356.000000
Violation: 594.000000
Violation: 635.000000
Violation: 307.000000
Violation: 55.000000
Violation: 8.000000
Violation: 309.000000
Violation: 637.000000
Violation: 39.000000
Violation: 742.000000
Violation: 141.000000
Violation: 1036.000000
Violation: 397.000000
Violation: 349.000000
Violation: 916.000000
Violation: 258.000000
Violation: 433.000000
Violation: 664.000000
Violation: 237.000000
Violation: 369.000000
Violation: 16.000000
Violation: 101.000000
Violation: 159.000000
Violation: 849.000000
Violation: 100.000000
Violation: 556.000000
Violation: 36.000000
Violation: 595.000000
Violation: 643.000000
Violation: 372.000000
Violation: 774.000000
Violation: 258.000000
Violation: 965.000000
Violation: 314.000000
Violation: 149.000000
Violation: 985.000000
Violation: 91.000000
Violation: 316.000000
Violation: 1048.000000
Violation: 110.000000
Violation: 303.000000
Violation: 857.000000
Violation: 615.000000
Violation: 813.000000
Violation: 488.000000
Violation: 972.000000
Violation: 484.000000
Violation: 639.000000
Violation: 135.000000
Violation: 298.000000
Violation: 120.000000
Violation: 393.000000
Violation: 700.000000
Violation: 685.000000
Violation: 420.000000
Violation: 127.000000
Violation: 37.000000
Violation: 970.000000
Violation: 232.000000
Violation: 13.000000
Violation: 574.000000
Violation: 131.000000
Violation: 95.000000
Violation: 320.000000
Violation: 512.000000
Violation: 132.000000
Violation: 114.000000
Violation: 260.000000
Violation: 193.000000
Violation: 126.000000
Violation: 392.000000
Violation: 258.000000
Violation: 34.000000
Violation: 1000.000000
Violation: 488.000000
Violation: 401.000000
Violation: 364.000000
Violation: 432.000000
Violation: 938.000000
Violation: 600.000000
Violation: 262.000000
Violation: 644.000000
Violation: 26.000000
Violation: 145.000000
Violation: 334.000000
Violation: 347.000000
Violation: 413.000000
Violation: 731.000000
Violation: 438.000000
Violation: 283.000000
Violation: 412.000000
Violation: 171.000000
Violation: 717.000000
Violation: 627.000000
Violation: 405.000000
Violation: 467.000000
Violation: 88.000000
Violation: 626.000000
Violation: 199.000000
Violation: 80.000000
Violation: 374.000000
Violation: 13.000000
Violation: 459.000000
Violation: 320.000000
Violation: 256.000000
Violation: 88.000000
Violation: 1130.000000
Violation: 71.000000
Violation: 64.000000
Violation: 35.000000
Violation: 317.000000
Violation: 698.000000
Violation: 706.000000
Violation: 41.000000
Violation: 987.000000
Violation: 105.000000
Violation: 313.000000
Violation: 761.000000
Violation: 217.000000
Violation: 838.000000
Violation: 702.000000
Violation: 22.000000
Violation: 484.000000
Violation: 249.000000
Violation: 432.000000
Violation: 234.000000
Violation: 460.000000
Violation: 827.000000
Violation: 170.000000
Violation: 447.000000
Violation: 51.000000
Violation: 317.000000
Violation: 177.000000
Violation: 436.000000
Violation: 861.000000
Violation: 71.000000
Violation: 108.000000
Violation: 88.000000
Violation: 33.000000
Violation: 113.000000
Violation: 829.000000
Violation: 512.000000
Violation: 500.000000
Violation: 135.000000
Violation: 167.000000
Violation: 306.000000
Violation: 218.000000
Violation: 134.000000
Violation: 517.000000
Violation: 81.000000
Violation: 308.000000
Violation: 708.000000
Violation: 177.000000
Violation: 178.000000
Violation: 494.000000
Violation: 218.000000
Violation: 41.000000
Violation: 374.000000
Violation: 721.000000
Violation: 200.000000
Violation: 38.000000
Violation: 118.000000
Violation: 286.000000
Violation: 355.000000
Violation: 271.000000
Violation: 434.000000
Violation: 207.000000
Violation: 160.000000
Violation: 188.000000
Violation: 74.000000
Violation: 546.000000
Violation: 174.000000
Violation: 502.000000
Violation: 701.000000
Violation: 299.000000
Violation: 602.000000
Violation: 58.000000
Violation: 848.000000
Violation: 142.000000
Violation: 827.000000
Violation: 4.000000
Violation: 253.000000
Violation: 22.000000
Violation: 51.000000
Violation: 567.000000
Violation: 647.000000
Violation: 485.000000
Violation: 630.000000
Violation: 672.000000
Violation: 578.000000
Violation: 293.000000
Violation: 354.000000
Violation: 367.000000
Violation: 460.000000
Violation: 393.000000
Violation: 1414.000000
Violation: 501.000000
Violation: 348.000000
Violation: 31.000000
Violation: 421.000000
Violation: 215.000000
Violation: 27.000000
Violation: 203.000000
Violation: 73.000000
Violation: 585.000000
Violation: 298.000000
Violation: 23.000000
Violation: 777.000000
Violation: 45.000000
Violation: 38.000000
Violation: 607.000000
Violation: 188.000000
Violation: 625.000000
Violation: 51.000000
Violation: 67.000000
Violation: 427.000000
Violation: 43.000000
Violation: 582.000000
Violation: 413.000000
Violation: 592.000000
Violation: 607.000000
Violation: 822.000000
Violation: 255.000000
Violation: 279.000000
Violation: 157.000000
Violation: 187.000000
Violation: 275.000000
Violation: 413.000000
Violation: 122.000000
Violation: 288.000000
Violation: 77.000000
Violation: 1273.000000
Violation: 205.000000
Violation: 60.000000
Violation: 403.000000
Violation: 432.000000
Violation: 503.000000
Violation: 238.000000
Violation: 287.000000
Violation: 514.000000
Violation: 26.000000
Violation: 108.000000
Violation: 408.000000
Violation: 48.000000
Violation: 80.000000
Violation: 233.000000
Violation: 656.000000
Violation: 256.000000
Violation: 202.000000
Violation: 158.000000
Violation: 534.000000
Violation: 560.000000
Violation: 156.000000
Violation: 99.000000
Violation: 652.000000
Violation: 173.000000
Violation: 715.000000
Violation: 20.000000
Violation: 16.000000
Violation: 101.000000
Violation: 155.000000
Violation: 274.000000
Violation: 495.000000
Violation: 417.000000
Violation: 203.000000
Violation: 68.000000
Violation: 42.000000
Violation: 400.000000
Violation: 242.000000
Violation: 361.000000
Violation: 38.000000
Violation: 57.000000
Violation: 8.000000
Violation: 162.000000
Violation: 159.000000
Violation: 463.000000
Violation: 177.000000
Violation: 387.000000
Violation: 360.000000
Violation: 640.000000
Violation: 858.000000
Violation: 755.000000
Violation: 187.000000
Violation: 278.000000
Violation: 85.000000
Violation: 344.000000
Violation: 374.000000
Violation: 51.000000
Violation: 460.000000
Violation: 729.000000
Violation: 381.000000
Violation: 138.000000
Violation: 199.000000
Violation: 166.000000
Violation: 98.000000
Violation: 955.000000
Violation: 11.000000
Violation: 321.000000
Violation: 343.000000
Violation: 219.000000
Violation: 372.000000
Violation: 605.000000
Violation: 577.000000
Violation: 375.000000
Violation: 69.000000
Violation: 726.000000
7404 8
AQUIIII!!112 111 32 110 108 36 75 86 
AQUIIII!!81 41 35 34 114 115 113 AQUIIII!!AQUIIII!!85 85 112 
41 111 114 85 115 86 35 116 81 119 113 118 34 AQUIIII!!117 

112 111 116 86 110 85 118 117 
AQUIIII!!117 108 85 AQUIIII!!110 111 111 112 86 85 116 117 112 AQUIIII!!86 
114 118 115 116 113 119 85 
34 81 35 41 
AQUIIII!!81 41 85 113 115 114 35 34 
AQUIIII!!117 AQUIIII!!110 112 108 86 86 85 111 117 112 111 118 85 116 
119 AQUIIII!!116 112 
111 116 86 110 85 118 117 
AQUIIII!!113 115 114 85 41 40 34 81 
AQUIIII!!41 40 34 81 115 85 113 114 AQUIIII!!
108 110 112 111 85 117 116 86 
AQUIIII!!81 41 35 34 AQUIIII!!114 86 115 117 113 119 85 85 
118 AQUIIII!!111 114 112 81 116 115 
113 58 AQUIIII!!34 AQUIIII!!35 117 118 42 110 86 
108 116 86 117 119 85 111 112 112 111 85 116 

AQUIIII!!AQUIIII!!110 86 36 117 75 119 32 85 108 112 118 111 86 AQUIIII!!112 111 113 
116 115 
114 34 41 AQUIIII!!35 81 85 85 117 
118 AQUIIII!!116 86 35 115 119 112 41 111 114 
34 113 81 85 
AQUIIII!!108 AQUIIII!!36 86 75 75 32 36 86 110 110 108 111 32 112 111 
112 
AQUIIII!!108 36 75 32 86 110 111 112 
AQUIIII!!86 108 36 75 110 112 111 116 
AQUIIII!!86 108 36 75 110 112 111 116 
AQUIIII!!117 86 108 110 116 111 85 112 AQUIIII!!
111 112 110 108 32 36 86 75 
AQUIIII!!111 112 108 75 86 116 AQUIIII!!81 110 42 36 34 
115 113 35 58 114 
AQUIIII!!86 36 116 110 75 108 111 112 
AQUIIII!!75 36 111 108 116 110 AQUIIII!!AQUIIII!!86 117 81 112 86 85 
108 34 110 114 116 113 AQUIIII!!111 35 112 85 115 108 112 41 111 

86 110 75 36 116 
AQUIIII!!86 117 85 108 112 116 110 111 
AQUIIII!!81 41 114 34 35 113 85 115 
AQUIIII!!86 117 85 108 112 AQUIIII!!116 86 110 111 108 
110 AQUIIII!!117 111 112 118 116 112 AQUIIII!!AQUIIII!!85 86 117 112 111 86 118 110 AQUIIII!!
85 116 117 119 42 111 116 81 118 112 85 86 34 AQUIIII!!117 
119 111 110 35 85 116 113 75 

36 58 108 115 116 114 112 
111 86 
AQUIIII!!86 117 AQUIIII!!85 86 116 108 108 112 36 116 75 AQUIIII!!110 110 112 111 111 108 112 
111 
117 110 86 AQUIIII!!85 86 116 116 AQUIIII!!
108 41 36 81 75 85 110 113 111 112 114 
35 34 115 
AQUIIII!!86 AQUIIII!!117 85 85 110 108 112 116 112 111 116 86 110 108 111 117 

AQUIIII!!85 119 118 117 86 116 111 112 
AQUIIII!!110 118 AQUIIII!!111 85 112 112 116 117 116 86 111 85 110 
AQUIIII!!108 86 113 117 114 115 
AQUIIII!!58 86 36 81 116 42 110 35 75 34 108 
111 112 
AQUIIII!!112 85 110 116 111 118 86 117 
AQUIIII!!108 110 111 112 86 116 36 75 
AQUIIII!!110 117 116 85 86 111 112 118 
AQUIIII!!85 112 116 111 110 108 86 117 
AQUIIII!!86 110 85 116 108 117 112 111 
AQUIIII!!35 115 85 114 34 113 41 81 
AQUIIII!!86 108 36 75 110 32 111 112 
AQUIIII!!111 112 118 117 85 86 110 116 
AQUIIII!!110 116 112 111 108 75 36 86 
AQUIIII!!85 117 118 111 86 112 116 110 
AQUIIII!!85 116 AQUIIII!!AQUIIII!!111 118 111 112 111 116 110 112 110 117 117 112 86 108 110 108 75 
116 36 86 86 85 

AQUIIII!!86 108 36 75 110 32 111 112 
AQUIIII!!119 117 86 118 111 112 116 85 
AQUIIII!!108 112 111 110 86 36 75 116 
AQUIIII!!111 116 AQUIIII!!110 81 108 39 112 41 85 85 117 40 86 114 
113 115 
AQUIIII!!110 116 108 111 112 85 86 117 
AQUIIII!!110 86 116 112 111 108 36 75 
AQUIIII!!86 112 110 111 118 117 116 85 
AQUIIII!!34 81 35 42 115 113 114 58 
AQUIIII!!112 111 117 85 118 86 116 110 
AQUIIII!!112 110 111 108 85 116 86 117 
AQUIIII!!85 81 35 115 41 34 114 113 
AQUIIII!!113 114 115 58 81 42 35 34 
AQUIIII!!112 111 116 86 75 110 AQUIIII!!108 116 36 111 
112 36 86 110 75 108 
AQUIIII!!36 86 112 116 111 110 75 108 
AQUIIII!!85 86 117 111 112 108 110 AQUIIII!!116 86 
116 112 111 AQUIIII!!118 85 110 110 117 117 85 108 
86 112 116 111 
AQUIIII!!113 114 115 34 42 58 35 81 
AQUIIII!!39 85 41 40 114 113 81 115 
AQUIIII!!85 114 115 113 81 41 40 39 
AQUIIII!!111 108 112 86 32 36 110 75 
AQUIIII!!108 110 75 86 36 32 112 111 
AQUIIII!!112 111 86 108 117 85 116 110 
AQUIIII!!118 119 117 86 85 112 111 116 
AQUIIII!!112 116 111 75 86 110 108 36 
AQUIIII!!111 116 AQUIIII!!112 111 119 112 110 86 108 117 32 85 36 118 86 
75 
AQUIIII!!110 AQUIIII!!111 116 108 112 112 85 111 118 36 117 32 86 
86 75 110 
AQUIIII!!AQUIIII!!110 118 85 119 AQUIIII!!86 117 AQUIIII!!108 118 86 116 117 85 85 75 116 117 112 86 111 111 112 36 116 112 110 111 

112 116 111 86 108 110 

AQUIIII!!110 85 86 108 117 116 111 112 
AQUIIII!!116 75 86 36 110 112 111 108 
AQUIIII!!111 75 110 116 112 36 108 86 
AQUIIII!!115 114 41 113 81 85 34 40 
AQUIIII!!AQUIIII!!85 115 118 114 116 35 117 113 86 41 119 34 81 112 85 111 

AQUIIII!!114 115 113 85 34 81 35 41 
AQUIIII!!112 110 111 108 85 116 86 117 
AQUIIII!!112 111 85 117 110 118 116 86 
AQUIIII!!111 86 112 36 108 75 110 32 
AQUIIII!!118 111 112 85 117 119 116 86 
AQUIIII!!112 116 85 111 AQUIIII!!118 115 86 85 117 113 119 
114 41 40 81 39 
AQUIIII!!117 110 118 85 116 AQUIIII!!111 32 36 86 112 108 
86 111 112 110 75 AQUIIII!!
81 58 42 AQUIIII!!75 114 108 34 110 113 111 35 112 115 116 86 
36 
AQUIIII!!117 108 85 116 111 86 112 110 
AQUIIII!!117 AQUIIII!!AQUIIII!!86 113 36 112 114 108 116 115 86 110 34 32 85 42 75 108 27 111 58 
111 35 110 81 

AQUIIII!!36 116 110 108 75 111 86 112 
AQUIIII!!112 111 116 86 75 110 108 36 
AQUIIII!!23 21 122 AQUIIII!!121 111 86 112 53 117 19 110 20 85 
118 116 86 
AQUIIII!!113 58 115 35 34 114 81 42 AQUIIII!!
34 35 85 81 113 115 41 114 
AQUIIII!!108 110 112 111 86 32 36 75 
AQUIIII!!110 112 111 86 75 36 108 116 AQUIIII!!
34 35 85 81 113 115 41 114 
AQUIIII!!116 118 85 117 119 111 112 86 
AQUIIII!!108 117 116 110 86 85 112 111 
AQUIIII!!85 117 86 111 116 112 108 110 
AQUIIII!!110 75 36 108 AQUIIII!!116 85 AQUIIII!!112 117 75 111 86 36 86 110 111 
112 116 86 112 108 108 111 110 116 

AQUIIII!!81 115 113 114 35 58 42 34 
AQUIIII!!117 85 108 116 110 AQUIIII!!112 110 111 75 86 36 
108 AQUIIII!!116 111 112 86 111 116 86 112 
117 108 110 85 
AQUIIII!!85 111 112 116 119 118 86 117 
AQUIIII!!112 111 32 110 108 36 75 86 
AQUIIII!!115 113 114 41 81 39 85 40 
AQUIIII!!32 108 86 110 36 75 27 111 
AQUIIII!!86 75 32 25 27 24 26 23 
AQUIIII!!108 112 111 85 117 86 AQUIIII!!116 111 110 110 
112 108 36 32 86 75 
AQUIIII!!42 81 34 35 113 AQUIIII!!58 86 115 32 114 75 
36 110 108 111 112 
AQUIIII!!116 86 36 75 111 108 110 112 
AQUIIII!!111 110 112 108 36 32 86 75 
AQUIIII!!86 32 75 36 110 108 111 112 
AQUIIII!!86 32 75 36 110 108 111 112 
AQUIIII!!41 85 115 114 35 34 81 113 
AQUIIII!!AQUIIII!!116 AQUIIII!!117 108 114 36 108 115 75 86 41 86 111 112 35 111 110 85 AQUIIII!!110 112 81 111 
116 34 116 113 85 110 

112 108 75 36 86 
AQUIIII!!116 108 36 75 86 112 111 110 
AQUIIII!!36 86 AQUIIII!!75 118 111 86 116 116 108 117 110 112 112 111 
110 85 
AQUIIII!!114 115 113 85 41 81 39 40 
AQUIIII!!36 75 110 86 116 108 112 111 
AQUIIII!!113 115 114 85 41 40 34 81 
AQUIIII!!115 113 114 34 40 81 85 41 
AQUIIII!!AQUIIII!!36 58 75 42 110 34 86 115 116 81 108 35 112 114 113 111 

AQUIIII!!112 75 111 110 108 36 32 86 
AQUIIII!!111 108 112 86 32 36 110 75 
AQUIIII!!58 113 115 34 35 114 81 42 
AQUIIII!!108 86 117 85 110 111 116 112 
AQUIIII!!108 86 117 85 110 111 116 112 
AQUIIII!!108 86 117 85 110 AQUIIII!!111 118 116 85 112 117 
119 86 111 112 116 
AQUIIII!!118 85 117 119 86 111 112 116 
AQUIIII!!AQUIIII!!116 117 108 119 110 85 111 86 112 118 32 112 111 75 
86 36 
AQUIIII!!108 112 111 110 86 36 75 116 
AQUIIII!!86 118 117 110 111 116 AQUIIII!!112 116 85 36 AQUIIII!!
108 112 110 111 75 116 86 86 112 75 111 110 
108 36 
AQUIIII!!86 75 116 36 108 110 112 111 
AQUIIII!!116 112 108 86 110 111 75 36 
AQUIIII!!86 117 85 110 108 116 111 112 
AQUIIII!!66 32 AQUIIII!!110 108 85 68 34 36 113 111 40 112 81 
41 115 114 
AQUIIII!!27 111 36 75 110 108 86 32 
AQUIIII!!116 86 111 112 117 118 119 85 
AQUIIII!!114 115 113 85 41 81 39 40 
AQUIIII!!110 108 112 111 86 36 75 32 
AQUIIII!!86 116 110 111 108 112 75 36 
AQUIIII!!27 111 108 75 110 32 86 36 
AQUIIII!!108 86 111 116 110 112 85 117 
AQUIIII!!27 111 108 32 36 75 86 110 
AQUIIII!!110 85 117 116 112 86 111 108 
AQUIIII!!86 117 119 85 111 116 118 112 
AQUIIII!!108 36 75 110 116 112 86 111 
AQUIIII!!108 36 116 86 AQUIIII!!110 41 75 115 112 113 111 
114 81 40 85 39 
AQUIIII!!111 85 108 110 112 116 86 117 
AQUIIII!!34 113 81 35 85 115 114 41 
AQUIIII!!27 111 110 36 86 108 75 32 
AQUIIII!!110 116 85 111 112 118 86 117 
AQUIIII!!110 86 112 116 111 118 85 117 
AQUIIII!!75 111 112 108 116 86 36 110 
AQUIIII!!112 108 111 85 86 117 110 116 
AQUIIII!!110 116 112 111 108 75 36 86 
AQUIIII!!75 108 86 110 36 32 AQUIIII!!111 112 108 112 110 
75 116 111 36 86 
AQUIIII!!111 110 112 85 118 117 116 86 
AQUIIII!!118 117 85 86 116 119 111 112 
AQUIIII!!118 117 85 86 116 119 111 112 
AQUIIII!!111 108 110 112 86 AQUIIII!!117 115 40 116 39 85 114 
41 113 85 81 
AQUIIII!!32 36 75 86 108 111 112 110 
AQUIIII!!53 24 86 23 19 20 25 21 
AQUIIII!!32 36 75 86 108 111 112 110 
AQUIIII!!32 36 75 86 108 111 112 110 
AQUIIII!!111 118 112 85 110 117 86 116 
AQUIIII!!112 AQUIIII!!86 111 111 27 36 119 32 117 86 108 118 110 85 75 116 

AQUIIII!!36 108 75 32 86 111 110 112 
AQUIIII!!36 108 75 32 86 111 110 112 
AQUIIII!!23 27 53 24 21 86 25 26 
AQUIIII!!115 114 85 113 41 40 39 81 
AQUIIII!!119 112 111 117 118 86 85 116 
AQUIIII!!58 34 114 113 115 35 42 81 
AQUIIII!!112 75 111 110 108 36 32 86 
AQUIIII!!113 115 81 114 AQUIIII!!35 39 34 40 42 41 58 85 
81 113 114 115 
AQUIIII!!39 AQUIIII!!40 39 41 40 85 85 81 81 113 41 114 115 113 
115 114 
Number of Cuts in the second phase:4563
Number of repeat: 4315 
Violation: 213.000000
Violation: 459.000000
Violation: 478.000000
Violation: 328.000000
Violation: 28.000000
Violation: 346.000000
Violation: 518.000000
Violation: 428.000000
Violation: 201.000000
Violation: 476.000000
Violation: 76.000000
Violation: 576.000000
Violation: 643.000000
Violation: 162.000000
Violation: 482.000000
Violation: 186.000000
Violation: 149.000000
Violation: 298.000000
Violation: 695.000000
Violation: 357.000000
Violation: 315.000000
Violation: 162.000000
Violation: 501.000000
Violation: 241.000000
Violation: 384.000000
Violation: 134.000000
Violation: 97.000000
Violation: 566.000000
Violation: 513.000000
Violation: 125.000000
Violation: 397.000000
Violation: 532.000000
Violation: 697.000000
Violation: 985.000000
Violation: 459.000000
Violation: 471.000000
Violation: 544.000000
Violation: 572.000000
Violation: 398.000000
Violation: 12.000000
Violation: 517.000000
Violation: 328.000000
Violation: 273.000000
Violation: 630.000000
Violation: 123.000000
Violation: 261.000000
Violation: 131.000000
Violation: 116.000000
Violation: 412.000000
Violation: 328.000000
Violation: 274.000000
Violation: 714.000000
Violation: 616.000000
Violation: 646.000000
Violation: 59.000000
Violation: 122.000000
Violation: 406.000000
Violation: 11.000000
Violation: 646.000000
Violation: 118.000000
Violation: 718.000000
Violation: 815.000000
Violation: 176.000000
Violation: 1295.000000
Violation: 346.000000
Violation: 1221.000000
Violation: 359.000000
Violation: 436.000000
Violation: 588.000000
Violation: 1099.000000
Violation: 172.000000
Violation: 500.000000
Violation: 827.000000
Violation: 639.000000
Violation: 397.000000
Violation: 469.000000
Violation: 645.000000
Violation: 124.000000
Violation: 262.000000
Violation: 291.000000
Violation: 166.000000
Violation: 380.000000
Violation: 943.000000
Violation: 107.000000
Violation: 1108.000000
Violation: 151.000000
Violation: 53.000000
Violation: 90.000000
Violation: 752.000000
Violation: 311.000000
Violation: 4.000000
Violation: 23.000000
Violation: 22.000000
Violation: 269.000000
Violation: 459.000000
Violation: 351.000000
Violation: 335.000000
Violation: 190.000000
Violation: 183.000000
Violation: 467.000000
Violation: 273.000000
Violation: 302.000000
Violation: 74.000000
Violation: 58.000000
Violation: 14.000000
Violation: 905.000000
Violation: 225.000000
Violation: 100.000000
Violation: 4.000000
Violation: 643.000000
Violation: 481.000000
Violation: 656.000000
Violation: 98.000000
Violation: 312.000000
Violation: 516.000000
Violation: 258.000000
Violation: 274.000000
Violation: 515.000000
Violation: 202.000000
Violation: 152.000000
Violation: 273.000000
Violation: 116.000000
Violation: 36.000000
Violation: 82.000000
Violation: 48.000000
Violation: 419.000000
Violation: 162.000000
Violation: 417.000000
Violation: 377.000000
Violation: 315.000000
Violation: 331.000000
Violation: 444.000000
Violation: 920.000000
Violation: 314.000000
Violation: 200.000000
Violation: 204.000000
Violation: 717.000000
Violation: 763.000000
Violation: 575.000000
Violation: 355.000000
Violation: 427.000000
Violation: 35.000000
Violation: 272.000000
Violation: 410.000000
Violation: 269.000000
Violation: 115.000000
Violation: 344.000000
Violation: 258.000000
Violation: 270.000000
Violation: 71.000000
Violation: 320.000000
Violation: 411.000000
Violation: 25.000000
Violation: 272.000000
Violation: 764.000000
Violation: 340.000000
Violation: 26.000000
Violation: 245.000000
Violation: 534.000000
Violation: 33.000000
Violation: 481.000000
Violation: 475.000000
Violation: 104.000000
Violation: 180.000000
Violation: 42.000000
Violation: 1034.000000
Violation: 448.000000
Violation: 420.000000
Violation: 268.000000
Violation: 365.000000
Violation: 22.000000
Violation: 543.000000
Violation: 520.000000
Violation: 689.000000
Violation: 188.000000
Violation: 630.000000
Violation: 60.000000
Violation: 285.000000
Violation: 349.000000
Violation: 79.000000
Violation: 318.000000
Violation: 230.000000
Violation: 147.000000
Violation: 298.000000
Violation: 644.000000
Violation: 269.000000
Violation: 319.000000
Violation: 193.000000
Violation: 107.000000
Violation: 430.000000
Violation: 391.000000
Violation: 435.000000
Violation: 131.000000
Violation: 1086.000000
Violation: 740.000000
Violation: 59.000000
Violation: 94.000000
Violation: 851.000000
Violation: 210.000000
Violation: 714.000000
Violation: 210.000000
Violation: 525.000000
Violation: 660.000000
Violation: 256.000000
Violation: 262.000000
Violation: 191.000000
Violation: 845.000000
Violation: 230.000000
Violation: 1002.000000
Violation: 274.000000
Violation: 144.000000
Violation: 179.000000
Violation: 17.000000
Violation: 144.000000
Violation: 457.000000
Violation: 584.000000
Violation: 232.000000
Violation: 113.000000
Violation: 408.000000
Violation: 59.000000
Violation: 330.000000
Violation: 47.000000
Violation: 221.000000
Violation: 177.000000
Violation: 165.000000
Violation: 388.000000
Violation: 528.000000
Violation: 96.000000
Violation: 546.000000
Violation: 590.000000
Violation: 808.000000
Violation: 143.000000
Violation: 409.000000
Violation: 187.000000
Violation: 161.000000
Violation: 1147.000000
Violation: 270.000000
Violation: 93.000000
Violation: 409.000000
Violation: 170.000000
Violation: 250.000000
Violation: 80.000000
Violation: 527.000000
Violation: 58.000000
Violation: 416.000000
Violation: 866.000000
Violation: 719.000000
Violation: 637.000000
took 6.012957

Warning: excessive time spent in model updates.
Consider calling update less frequently.

Optimize a model with 2146 rows, 5432 columns and 71353 nonzeros
Coefficient statistics:
  Matrix range     [1e+00, 1e+02]
  Objective range  [0e+00, 0e+00]
  Bounds range     [1e+00, 1e+02]
  RHS range        [1e+00, 6e+01]

Concurrent LP optimizer: dual simplex and barrier
Showing barrier log only...

Presolve removed 438 rows and 256 columns
Presolve time: 0.02s
Presolved: 1708 rows, 5176 columns, 60476 nonzeros

Ordering time: 0.00s

Barrier statistics:
 Dense cols : 54
 AA' NZ     : 3.997e+04
 Factor NZ  : 1.291e+05 (roughly 4 MBytes of memory)
 Factor Ops : 2.404e+07 (less than 1 second per iteration)
 Threads    : 3

                  Objective                Residual
Iter       Primal          Dual         Primal    Dual     Compl     Time
   0   0.00000000e+00 -5.86781250e+01  3.83e+03 0.00e+00  1.40e+00     0s
   1   0.00000000e+00 -1.55560636e+02  1.04e+03 1.08e-02  3.75e-01     0s
   2   0.00000000e+00 -1.58196363e+02  3.90e+02 7.56e-04  1.34e-01     0s
   3   0.00000000e+00 -9.16781118e+01  2.74e+01 1.42e-05  1.51e-02     0s
   4   0.00000000e+00 -3.68050387e+01  1.02e+01 2.08e-17  4.82e-03     0s
   5   0.00000000e+00 -1.52629919e+01  2.24e+00 6.94e-18  1.50e-03     0s
   6   0.00000000e+00 -1.89619400e+00  2.02e-12 3.90e-18  1.61e-04     0s
   7   0.00000000e+00 -1.89886864e-03  1.51e-11 1.45e-17  1.61e-07     0s
   8   0.00000000e+00 -1.89886864e-06  1.14e-11 1.37e-20  1.61e-10     0s
   9   0.00000000e+00 -1.90804026e-12  1.05e-11 1.29e-22  1.61e-16     0s

Barrier solved model in 9 iterations and 0.08 seconds
Optimal objective 0.00000000e+00

Crossover log...

    4997 PPushes remaining with PInf 0.0000000e+00                 0s

Solved with dual simplex
Solved in 1120 iterations and 0.13 seconds
Optimal objective  0.000000000e+00
