A-4.txt_s3.txt
Academic license - for non-commercial use only
Read LP format model from file lp/A-4.txt.lp
Reading time = 0.05 seconds
: 961 rows, 10797 columns, 131727 nonzeros
OKGPU
nThreads: 1024 , nBlocks: 12 
Number cuts generated in the phase 1: 13
Number of repeat: 0 
violation 43.000000
violation 30.000000
violation 10.000000
violation 13.000000
violation 13.000000
violation 198.000000
violation 56.000000
violation 306.000000
violation 785.000000
violation 576.000000
violation 27.000000
violation 714.000000
violation 774.000000
8592 16
AQUIIII!!151 92 18 87 21 154 104 AQUIIII!!153 AQUIIII!!151 5 29 151 149 7 AQUIIII!!152 150 151 154 154 13 68 93 19 68 28 94 94 83 143 95 104 19 68 AQUIIII!!13 68 21 117 
153 151 93 104 92 150 100 18 93 21 92 7 150 143 18 153 93 5 5 
94 104 145 152 87 13 92 AQUIIII!!94 21 13 151 150 AQUIIII!!7 5 29 145 87 151 152 87 21 149 21 150 100 93 7 117 154 

13 68 117 18 28 149 19 21 154 95 68 95 
100 13 93 150 150 29 153 83 28 
83 AQUIIII!!153 151 152 68 13 18 93 93 21 68 154 
87 92 5 150 AQUIIII!!152 151 13 5 7 92 94 87 153 104 94 18 
21 145 143 150 19 68 93 13 7 104 
AQUIIII!!151 154 68 94 104 153 150 92 18 5 152 13 21 7 87 93 
AQUIIII!!95 150 29 154 149 93 28 152 21 68 117 13 83 100 153 151 
AQUIIII!!7 13 94 18 5 93 104 145 92 21 68 87 150 143 19 151 
AQUIIII!!100 93 5 21 68 83 95 117 AQUIIII!!154 150 153 AQUIIII!!29 19 104 150 104 87 152 68 92 149 92 13 143 7 151 87 150 
93 18 13 13 19 5 143 94 5 145 93 21 94 21 7 151 18 154 68 
151 
AQUIIII!!68 104 153 92 152 94 154 93 5 AQUIIII!!149 93 7 150 13 13 87 18 21 21 150 92 151 94 
87 AQUIIII!!153 152 5 153 154 21 104 68 68 19 93 7 7 151 94 AQUIIII!!
150 150 104 154 68 93 92 148 87 92 145 104 143 149 94 5 87 19 13 7 151 5 
18 151 21 
AQUIIII!!5 21 93 95 153 13 117 29 154 149 150 152 68 83 100 151 AQUIIII!!
87 154 AQUIIII!!93 151 13 13 5 100 150 154 94 93 68 153 21 152 18 149 143 28 19 21 104 150 7 29 92 83 151 95 
68 117 
AQUIIII!!6 AQUIIII!!151 5 87 92 68 148 92 18 93 AQUIIII!!68 21 151 117 93 154 153 150 150 94 68 152 87 83 154 94 13 143 13 152 100 19 149 149 21 93 104 21 153 104 95 7 5 5 29 145 
7 151 

AQUIIII!!154 5 153 68 AQUIIII!!87 93 7 94 93 7 94 92 13 18 150 5 104 154 92 68 18 87 151 21 AQUIIII!!152 19 151 21 13 68 153 
150 104 145 150 151 AQUIIII!!92 
154 104 93 152 5 68 148 83 21 21 13 87 29 93 5 7 153 94 117 100 143 149 18 95 150 19 151 

AQUIIII!!AQUIIII!!AQUIIII!!13 117 100 68 150 104 149 93 100 68 87 83 28 150 13 95 18 92 95 13 29 19 83 145 29 21 21 93 152 143 93 152 7 154 153 5 94 21 153 151 68 AQUIIII!!150 
149 143 117 5 AQUIIII!!AQUIIII!!151 150 145 151 151 154 
21 19 92 
104 18 18 AQUIIII!!5 68 143 151 18 13 93 94 92 87 68 145 21 150 13 93 5 5 68 154 87 7 94 18 7 19 5 AQUIIII!!143 6 104 154 87 151 143 68 19 7 94 83 94 150 87 AQUIIII!!93 100 104 21 104 148 148 18 21 117 21 92 7 151 92 87 93 19 151 7 145 
21 
93 93 
5 150 
104 AQUIIII!!143 153 154 68 29 5 92 150 148 95 19 7 150 13 94 87 149 151 104 152 
94 5 68 154 21 19 68 13 
93 92 153 18 151 
AQUIIII!!94 AQUIIII!!150 93 117 154 92 13 87 28 19 95 68 83 153 18 29 7 27 13 154 93 152 5 150 21 68 143 149 100 104 151 151 

AQUIIII!!AQUIIII!!151 95 151 93 104 83 87 153 92 29 7 5 21 117 AQUIIII!!150 18 7 68 152 93 152 92 153 154 21 68 13 13 5 100 68 149 93 5 153 21 13 154 
150 94 154 150 94 18 
104 87 19 151 
AQUIIII!!68 AQUIIII!!5 104 13 153 150 7 149 154 7 87 152 13 93 21 92 19 154 150 87 94 21 5 153 18 104 94 93 92 151 68 
151 
AQUIIII!!29 154 153 151 117 83 152 95 13 149 150 21 93 68 28 100 
AQUIIII!!AQUIIII!!145 93 19 5 150 18 21 94 68 13 19 104 87 92 93 68 94 7 143 153 87 21 6 7 5 154 18 92 148 104 151 151 

AQUIIII!!13 93 94 19 104 21 68 87 154 18 150 92 153 5 7 151 
AQUIIII!!AQUIIII!!13 104 87 92 21 93 150 5 152 21 154 149 7 93 153 92 68 18 154 104 7 150 94 94 152 68 151 
5 13 87 153 151 
AQUIIII!!93 104 7 18 143 145 68 150 94 5 87 92 21 13 19 151 
AQUIIII!!94 153 5 93 68 104 AQUIIII!!93 152 5 13 154 68 19 87 18 149 87 92 13 7 21 153 7 150 21 151 
92 104 94 154 150 151 
AQUIIII!!153 104 92 7 68 154 19 18 5 87 93 150 21 94 13 151 
AQUIIII!!148 68 19 145 87 5 7 93 94 AQUIIII!!18 100 92 117 21 93 143 152 6 151 104 83 151 28 
95 150 153 13 68 149 27 AQUIIII!!29 154 151 
13 94 145 93 19 150 104 68 21 7 143 92 18 5 87 
AQUIIII!!151 18 94 154 7 21 153 93 13 AQUIIII!!94 5 68 13 104 104 21 19 154 18 150 93 92 150 7 87 19 
153 87 68 92 5 151 
AQUIIII!!154 151 117 150 149 153 28 100 83 93 13 95 AQUIIII!!21 18 5 29 21 152 87 6 68 143 
94 7 68 93 19 148 145 104 92 151 
AQUIIII!!153 104 5 154 7 94 93 92 13 152 149 87 21 150 68 151 
AQUIIII!!5 150 92 152 87 93 21 153 7 154 104 94 18 68 13 151 
AQUIIII!!13 7 93 104 94 19 154 87 150 153 5 68 18 92 21 151 
AQUIIII!!151 68 21 19 143 87 92 150 93 18 104 94 7 148 5 145 
AQUIIII!!151 95 117 13 93 150 28 154 100 29 153 68 152 149 83 27 
AQUIIII!!5 93 21 100 153 68 152 95 149 83 13 154 150 29 117 151 
AQUIIII!!27 149 95 93 154 29 68 13 153 117 28 150 152 100 83 151 
AQUIIII!!7 5 21 18 152 13 150 92 153 87 94 68 154 93 104 151 
AQUIIII!!7 19 87 150 145 93 104 92 143 148 21 18 5 68 94 151 
AQUIIII!!150 93 27 117 13 100 149 153 68 28 83 152 26 95 154 29 
AQUIIII!!5 93 68 7 104 148 143 94 87 19 6 21 145 18 92 151 
AQUIIII!!27 154 100 13 28 95 117 68 153 149 83 150 93 29 152 151 
AQUIIII!!68 149 153 104 150 5 94 21 152 92 7 154 13 87 93 151 
AQUIIII!!18 148 21 94 93 143 68 92 87 AQUIIII!!7 19 150 5 93 145 92 104 68 150 151 18 
13 5 87 7 94 21 154 104 153 19 151 
AQUIIII!!7 148 150 104 19 92 5 18 68 21 145 94 93 143 87 151 
AQUIIII!!151 18 93 5 94 143 148 87 19 92 150 7 104 68 145 21 AQUIIII!!
18 21 92 94 148 7 19 143 87 5 104 93 6 68 145 151 
AQUIIII!!151 94 21 68 7 87 143 19 18 104 154 93 13 150 92 5 
AQUIIII!!151 68 21 150 93 13 87 92 94 143 145 19 18 5 7 104 
AQUIIII!!151 68 19 21 5 153 93 104 13 94 18 92 7 150 154 87 
AQUIIII!!151 7 153 152 21 68 104 87 94 93 13 18 92 150 5 154 
AQUIIII!!95 29 149 117 21 68 150 154 13 100 153 93 28 152 83 151 
AQUIIII!!21 68 153 7 152 104 5 154 87 94 150 13 93 18 92 151 
AQUIIII!!151 94 21 68 18 87 154 153 92 150 5 104 13 7 152 93 
AQUIIII!!151 150 92 148 7 19 93 104 21 143 94 5 68 18 145 87 
AQUIIII!!93 5 7 145 148 68 19 21 104 143 94 92 6 87 18 151 
AQUIIII!!151 154 95 21 28 68 13 93 152 83 149 150 153 117 100 29 
AQUIIII!!151 7 150 21 152 94 68 13 87 5 93 153 154 104 92 149 
AQUIIII!!151 154 95 21 28 68 13 93 152 83 149 150 153 117 100 29 
AQUIIII!!151 93 5 150 143 18 104 19 94 13 21 87 68 7 145 92 
AQUIIII!!100 93 29 83 150 28 154 68 149 152 117 95 13 153 21 151 
AQUIIII!!29 154 149 83 100 150 28 93 153 68 26 95 13 117 27 152 
AQUIIII!!154 29 13 152 93 149 100 27 151 68 28 117 153 95 83 150 
AQUIIII!!95 74 93 25 AQUIIII!!149 5 17 83 87 28 93 117 92 26 94 27 100 154 152 149 29 152 154 153 153 104 
13 150 21 7 68 151 
AQUIIII!!151 21 117 29 149 95 153 154 152 5 93 13 68 100 150 83 
AQUIIII!!93 7 148 92 5 68 21 19 94 145 104 87 143 150 18 151 
AQUIIII!!19 AQUIIII!!93 13 151 18 68 21 92 93 153 104 153 68 94 152 18 92 7 13 87 154 150 5 5 150 154 94 21 104 151 
87 7 
AQUIIII!!94 104 13 19 93 5 87 18 68 150 21 153 92 154 7 151 
AQUIIII!!104 5 21 154 92 94 19 87 68 13 93 18 143 7 150 151 
AQUIIII!!151 152 150 68 149 94 13 5 93 153 92 104 154 7 21 87 
AQUIIII!!151 153 154 150 18 92 104 19 93 87 5 13 68 7 94 21 
AQUIIII!!151 19 150 94 68 13 153 92 5 87 21 18 7 154 104 93 
AQUIIII!!151 83 93 27 154 28 13 68 95 29 150 152 117 153 149 100 
AQUIIII!!151 92 150 68 13 87 7 5 18 21 154 93 104 94 19 143 
AQUIIII!!151 13 154 104 92 150 21 93 152 68 5 153 94 7 AQUIIII!!92 87 18 18 
87 19 93 7 AQUIIII!!13 151 94 95 93 150 152 68 150 104 29 5 13 21 154 83 153 149 154 28 151 68 
153 100 21 117 
AQUIIII!!151 68 150 153 5 104 AQUIIII!!7 87 151 93 93 29 18 21 152 13 117 19 27 94 153 92 13 154 154 
83 28 68 95 149 100 150 
AQUIIII!!151 87 68 19 154 18 7 93 13 94 150 21 5 153 92 104 
AQUIIII!!151 18 150 152 7 68 92 13 93 154 104 21 153 94 5 87 
AQUIIII!!151 94 104 150 19 92 7 18 153 87 93 68 21 154 5 13 
AQUIIII!!13 149 154 93 21 68 152 150 87 92 153 5 7 AQUIIII!!153 94 104 94 151 104 
150 87 152 21 154 5 68 149 92 13 7 93 151 
AQUIIII!!151 18 94 93 7 154 68 21 13 5 87 104 92 19 150 153 
AQUIIII!!151 104 87 153 13 150 154 68 7 18 94 19 92 21 93 5 
AQUIIII!!151 154 13 21 117 83 68 153 93 149 152 100 5 95 29 150 
AQUIIII!!151 94 154 5 93 92 68 149 21 153 7 152 150 13 87 104 
AQUIIII!!151 154 13 21 117 83 68 153 93 149 152 100 5 95 29 150 
AQUIIII!!151 94 93 7 150 152 18 21 68 153 5 104 87 154 13 92 
AQUIIII!!153 93 7 104 152 68 94 21 5 13 92 149 87 150 154 151 
AQUIIII!!151 93 148 7 19 150 94 68 104 92 143 5 18 87 145 21 
AQUIIII!!151 143 18 68 150 93 104 87 13 92 7 145 19 21 5 94 
AQUIIII!!151 13 68 5 154 150 21 100 117 153 93 95 83 152 149 29 
AQUIIII!!154 92 68 87 94 150 21 93 5 7 104 152 13 149 153 151 
AQUIIII!!AQUIIII!!145 30 13 155 5 74 87 94 114 19 34 21 119 68 14 93 75 104 35 7 92 1 150 32 18 36 143 42 151 33 
82 118 
AQUIIII!!151 150 13 153 93 94 5 18 68 154 92 21 7 152 87 104 
AQUIIII!!151 143 13 5 21 104 18 154 19 68 7 92 93 94 87 150 
AQUIIII!!151 5 117 83 68 149 13 95 153 29 154 152 150 100 21 93 
AQUIIII!!151 87 104 93 7 21 5 13 92 150 68 153 154 149 94 152 
AQUIIII!!87 93 19 104 143 13 150 94 21 92 18 7 154 5 68 151 
AQUIIII!!151 92 7 94 18 5 19 148 87 145 143 104 21 93 6 68 
AQUIIII!!151 150 87 5 94 18 153 13 68 154 19 93 92 7 21 104 
AQUIIII!!151 94 92 AQUIIII!!145 21 87 151 92 7 93 21 104 68 13 154 93 13 7 5 19 143 18 143 104 87 150 150 94 68 5 18 
19 
AQUIIII!!151 104 92 7 68 94 21 13 87 18 154 152 93 5 150 153 
AQUIIII!!151 21 7 5 143 93 13 19 104 92 87 145 68 18 94 150 
AQUIIII!!93 152 153 94 18 68 5 13 154 21 150 7 104 87 AQUIIII!!92 30 151 155 
74 114 82 34 36 32 42 2 118 35 22 119 33 75 
AQUIIII!!151 117 150 93 28 152 154 83 68 29 153 100 95 21 AQUIIII!!13 21 151 149 93 
145 18 104 6 92 87 5 148 7 68 19 143 94 
AQUIIII!!151 104 94 143 13 5 19 93 21 87 92 154 68 7 18 150 
AQUIIII!!151 13 95 83 21 68 117 154 153 29 150 152 5 93 149 100 
AQUIIII!!151 29 93 154 117 100 21 68 150 95 5 13 153 149 83 152 
AQUIIII!!151 21 7 5 143 93 13 19 104 92 87 145 68 18 94 150 
AQUIIII!!151 87 145 7 104 92 5 19 143 93 94 68 21 18 6 148 
AQUIIII!!154 151 29 149 150 83 28 117 93 153 152 100 21 95 68 13 
AQUIIII!!151 5 104 143 18 93 148 6 87 68 94 7 145 92 21 19 
AQUIIII!!151 93 104 5 150 153 94 87 149 92 68 152 154 21 13 7 
AQUIIII!!151 19 5 68 21 104 92 7 94 18 145 143 93 150 87 13 
AQUIIII!!151 93 18 94 104 68 87 13 21 19 92 154 7 5 150 153 
AQUIIII!!151 153 28 95 93 149 152 150 154 100 68 83 29 27 117 13 
AQUIIII!!155 30 42 33 119 32 82 118 114 75 22 1 35 34 36 74 
AQUIIII!!151 154 19 93 150 13 21 7 143 94 5 18 104 68 92 87 
AQUIIII!!151 154 19 93 150 13 21 7 143 94 5 18 104 68 92 87 
AQUIIII!!154 29 149 83 152 68 93 117 153 151 13 100 5 150 21 95 
AQUIIII!!151 21 154 153 87 5 7 149 13 150 68 92 93 94 152 104 
AQUIIII!!151 100 21 68 5 29 153 83 150 95 152 13 154 93 149 117 
AQUIIII!!154 21 153 151 93 5 150 152 104 68 7 13 18 87 92 94 
AQUIIII!!5 93 92 143 68 19 18 7 6 148 21 145 87 94 104 151 
Number of Cuts in the second phase:3096
Number of repeat: 2944 
Violation: 642.000000
Violation: 570.000000
Violation: 680.000000
Violation: 560.000000
Violation: 201.000000
Violation: 192.000000
Violation: 595.000000
Violation: 374.000000
Violation: 119.000000
Violation: 1190.000000
Violation: 428.000000
Violation: 50.000000
Violation: 330.000000
Violation: 417.000000
Violation: 380.000000
Violation: 451.000000
Violation: 115.000000
Violation: 384.000000
Violation: 629.000000
Violation: 190.000000
Violation: 214.000000
Violation: 34.000000
Violation: 219.000000
Violation: 157.000000
Violation: 126.000000
Violation: 118.000000
Violation: 346.000000
Violation: 145.000000
Violation: 250.000000
Violation: 386.000000
Violation: 340.000000
Violation: 350.000000
Violation: 919.000000
Violation: 528.000000
Violation: 856.000000
Violation: 77.000000
Violation: 1120.000000
Violation: 960.000000
Violation: 758.000000
Violation: 532.000000
Violation: 226.000000
Violation: 491.000000
Violation: 69.000000
Violation: 396.000000
Violation: 4.000000
Violation: 46.000000
Violation: 299.000000
Violation: 204.000000
Violation: 787.000000
Violation: 44.000000
Violation: 132.000000
Violation: 16.000000
Violation: 641.000000
Violation: 18.000000
Violation: 791.000000
Violation: 1564.000000
Violation: 23.000000
Violation: 86.000000
Violation: 151.000000
Violation: 80.000000
Violation: 76.000000
Violation: 630.000000
Violation: 19.000000
Violation: 948.000000
Violation: 238.000000
Violation: 748.000000
Violation: 1355.000000
Violation: 511.000000
Violation: 111.000000
Violation: 146.000000
Violation: 188.000000
Violation: 61.000000
Violation: 1088.000000
Violation: 988.000000
Violation: 52.000000
Violation: 255.000000
Violation: 144.000000
Violation: 421.000000
Violation: 49.000000
Violation: 149.000000
Violation: 1054.000000
Violation: 808.000000
Violation: 244.000000
Violation: 344.000000
Violation: 171.000000
Violation: 760.000000
Violation: 789.000000
Violation: 19.000000
Violation: 418.000000
Violation: 640.000000
Violation: 382.000000
Violation: 541.000000
Violation: 1165.000000
Violation: 110.000000
Violation: 536.000000
Violation: 718.000000
Violation: 507.000000
Violation: 153.000000
Violation: 353.000000
Violation: 692.000000
Violation: 212.000000
Violation: 518.000000
Violation: 793.000000
Violation: 204.000000
Violation: 133.000000
Violation: 359.000000
Violation: 372.000000
Violation: 347.000000
Violation: 821.000000
Violation: 49.000000
Violation: 1144.000000
Violation: 1574.000000
Violation: 555.000000
Violation: 181.000000
Violation: 309.000000
Violation: 171.000000
Violation: 566.000000
Violation: 71.000000
Violation: 109.000000
Violation: 333.000000
Violation: 181.000000
Violation: 245.000000
Violation: 768.000000
Violation: 184.000000
Violation: 2.000000
Violation: 361.000000
Violation: 324.000000
Violation: 1008.000000
Violation: 34.000000
Violation: 1035.000000
Violation: 564.000000
Violation: 415.000000
Violation: 814.000000
Violation: 357.000000
Violation: 724.000000
Violation: 572.000000
Violation: 32.000000
Violation: 731.000000
Violation: 1152.000000
Violation: 37.000000
Violation: 611.000000
Violation: 144.000000
Violation: 906.000000
Violation: 309.000000
Violation: 388.000000
Violation: 975.000000
Violation: 309.000000
Violation: 154.000000
Violation: 1196.000000
Violation: 107.000000
Violation: 657.000000
Violation: 624.000000
5400 16
AQUIIII!!151 68 93 149 153 154 117 100 27 150 83 AQUIIII!!13 151 95 150 152 29 93 152 95 28 149 
154 100 13 68 29 153 83 5 21 117 
AQUIIII!!151 AQUIIII!!AQUIIII!!5 AQUIIII!!151 151 151 92 104 154 68 19 7 13 18 93 94 150 93 68 154 154 13 104 153 152 21 13 68 83 19 152 5 21 92 149 7 149 5 5 153 18 94 150 117 143 92 7 21 94 21 150 95 150 93 100 87 87 13 29 68 87 154 104 93 

143 

AQUIIII!!151 19 94 21 92 87 5 104 150 154 18 AQUIIII!!13 151 93 93 7 29 68 21 143 
100 153 83 AQUIIII!!95 151 154 104 152 87 150 149 145 5 93 68 5 117 92 13 148 
6 21 68 143 18 7 19 94 
AQUIIII!!151 154 18 93 13 21 19 92 5 94 7 150 87 68 104 143 
AQUIIII!!18 92 7 150 154 87 93 5 104 68 152 94 153 13 21 151 
AQUIIII!!92 7 153 93 13 87 94 21 150 68 152 149 104 5 151 154 
AQUIIII!!154 150 5 104 92 152 94 153 93 68 149 7 AQUIIII!!13 104 87 13 21 151 7 
92 5 68 18 150 94 87 153 152 154 93 21 151 
AQUIIII!!7 18 19 13 68 21 AQUIIII!!93 151 94 117 92 145 21 150 13 5 149 104 100 143 29 87 68 151 83 
95 28 150 152 93 153 154 
AQUIIII!!143 5 104 87 93 21 6 145 92 94 68 19 18 148 7 151 
AQUIIII!!AQUIIII!!151 87 104 19 154 21 87 13 7 154 150 92 94 153 92 93 13 68 153 150 21 5 5 104 18 18 AQUIIII!!93 94 68 68 7 143 152 151 18 

19 6 5 145 148 104 21 94 7 92 93 87 151 
AQUIIII!!19 94 5 7 92 104 150 143 13 87 21 18 93 68 154 151 
AQUIIII!!151 143 92 7 104 154 18 21 68 150 87 13 5 93 19 94 
AQUIIII!!34 75 35 2 36 42 119 32 114 33 82 22 74 118 30 155 
AQUIIII!!150 148 104 92 18 93 143 21 5 68 94 145 87 7 19 151 
AQUIIII!!151 154 117 95 152 5 21 68 83 150 13 93 153 29 149 100 
AQUIIII!!AQUIIII!!151 153 145 92 95 104 152 94 83 93 68 19 21 87 100 21 93 13 68 150 143 149 5 13 7 117 150 18 154 
5 29 151 
AQUIIII!!151 145 6 AQUIIII!!7 151 93 94 104 154 92 143 87 7 21 93 19 21 68 18 18 5 148 68 94 92 143 150 5 19 
104 13 87 
AQUIIII!!143 93 68 7 145 87 104 18 148 92 19 21 94 5 6 151 
AQUIIII!!21 87 143 148 145 68 92 93 AQUIIII!!5 145 7 18 18 92 94 94 6 5 104 150 19 151 87 
104 143 148 21 7 93 68 19 151 
AQUIIII!!149 5 29 13 83 21 152 AQUIIII!!68 145 100 6 150 143 93 87 95 92 117 7 153 148 154 68 151 19 
94 21 5 93 104 18 151 
AQUIIII!!151 7 154 152 5 150 104 68 87 92 93 18 94 13 153 21 
AQUIIII!!151 92 13 149 21 153 94 7 154 AQUIIII!!93 151 150 143 104 21 68 5 5 145 18 152 7 87 
150 87 19 92 93 94 104 148 68 
AQUIIII!!154 100 153 13 149 117 29 150 83 152 21 93 28 68 95 151 
AQUIIII!!94 152 154 5 87 68 92 21 153 7 93 104 18 150 13 151 
AQUIIII!!151 150 19 92 145 93 13 143 21 7 87 18 104 94 68 5 
AQUIIII!!150 68 5 7 18 92 19 145 104 93 13 87 94 143 21 151 
AQUIIII!!151 87 7 150 143 154 19 92 104 13 5 18 94 68 93 21 
AQUIIII!!151 150 149 68 104 93 92 13 153 154 5 87 152 94 7 21 
AQUIIII!!151 94 145 143 93 104 150 5 68 21 87 18 7 19 92 13 
AQUIIII!!151 87 21 145 7 68 5 94 AQUIIII!!18 29 19 154 93 100 95 150 93 143 68 92 21 83 148 28 104 151 
150 149 117 152 13 153 
AQUIIII!!87 19 94 5 143 7 93 150 13 104 18 68 21 145 92 151 
AQUIIII!!152 149 29 28 83 68 100 154 153 21 117 150 93 95 13 151 
AQUIIII!!13 150 93 100 149 21 152 5 68 29 153 95 154 117 83 151 AQUIIII!!
21 104 93 148 19 143 92 5 94 87 145 18 150 68 7 151 
AQUIIII!!151 68 93 5 13 18 154 92 104 153 87 19 21 7 150 94 
AQUIIII!!13 154 150 83 29 95 149 152 93 117 21 153 68 100 28 151 
AQUIIII!!151 68 28 29 13 95 150 152 149 154 153 21 100 117 93 83 
AQUIIII!!151 21 93 92 94 154 5 152 13 87 18 7 68 104 153 150 
AQUIIII!!151 93 68 95 13 117 154 152 149 29 21 83 100 5 150 153 
AQUIIII!!21 95 154 152 83 150 29 153 100 68 149 13 28 93 117 151 
AQUIIII!!154 151 117 68 153 29 149 83 100 95 152 93 13 21 150 28 
AQUIIII!!143 7 21 92 5 94 68 93 104 18 87 19 150 154 13 151 
AQUIIII!!154 29 95 149 26 117 83 27 153 93 13 68 28 25 100 152 
AQUIIII!!151 94 153 68 5 104 93 13 18 21 152 92 150 7 87 154 
AQUIIII!!151 13 83 68 95 117 5 152 100 153 29 154 21 93 150 AQUIIII!!149 83 149 
95 150 29 68 13 93 117 152 28 153 100 27 154 151 
AQUIIII!!21 68 87 6 145 7 18 93 94 92 104 143 148 5 19 151 
AQUIIII!!151 68 154 21 152 150 153 94 87 5 93 7 92 18 13 104 
AQUIIII!!151 150 28 93 68 117 83 95 149 13 27 152 100 29 153 154 
AQUIIII!!AQUIIII!!151 151 21 19 68 143 18 21 87 87 154 94 93 104 13 5 19 7 94 143 154 13 18 5 68 93 7 92 150 150 92 
104 
AQUIIII!!150 83 100 117 68 153 29 149 21 95 93 154 5 13 151 152 
AQUIIII!!5 93 13 21 7 154 104 68 143 150 19 92 87 94 18 151 
AQUIIII!!151 18 150 7 154 87 93 21 94 153 152 5 13 68 92 104 
AQUIIII!!151 13 150 104 5 145 68 7 93 94 19 21 143 92 18 87 
AQUIIII!!5 92 153 13 19 154 7 150 21 104 AQUIIII!!94 151 18 149 68 93 13 154 87 29 151 
93 152 83 117 150 153 21 95 28 100 68 
AQUIIII!!151 149 153 100 154 95 29 13 21 68 28 83 152 150 93 117 
AQUIIII!!151 68 150 92 93 87 143 154 19 18 7 5 104 13 94 21 
AQUIIII!!151 150 152 100 29 93 27 154 153 13 83 149 68 95 28 117 
AQUIIII!!151 154 92 153 18 21 5 104 93 150 87 7 13 152 94 68 
AQUIIII!!150 68 154 13 95 153 93 83 100 27 28 149 29 117 151 152 
AQUIIII!!151 68 94 19 154 150 93 13 7 5 87 104 92 21 18 143 
AQUIIII!!151 5 104 18 93 92 21 150 87 19 13 94 68 153 7 154 
AQUIIII!!151 154 150 18 92 94 152 104 7 68 153 93 21 87 13 5 
AQUIIII!!30 155 42 114 22 36 119 34 75 82 33 32 74 2 118 35 
AQUIIII!!21 68 13 95 28 100 83 117 154 149 153 29 93 150 152 151 
AQUIIII!!151 27 28 149 150 93 95 152 13 68 153 117 29 83 154 100 
AQUIIII!!5 143 13 104 7 68 150 19 92 18 87 93 94 21 154 151 
AQUIIII!!151 5 152 93 87 149 154 150 13 94 153 7 21 104 92 68 
AQUIIII!!151 87 92 13 18 94 7 93 153 21 154 68 150 5 19 104 
AQUIIII!!93 28 117 95 100 83 152 21 68 153 13 150 149 154 151 29 
AQUIIII!!151 83 149 152 29 13 100 95 68 153 154 93 5 21 117 150 
AQUIIII!!29 154 150 95 100 93 68 152 21 149 153 83 151 5 13 117 
AQUIIII!!151 5 21 150 18 94 104 93 152 87 154 68 153 7 13 92 
AQUIIII!!151 68 94 148 19 143 150 87 18 145 93 92 104 5 7 21 
AQUIIII!!30 155 42 114 22 36 119 34 75 82 33 32 74 2 118 35 
AQUIIII!!151 92 19 94 21 7 87 68 145 104 6 18 148 93 5 143 
AQUIIII!!151 87 143 18 94 148 5 145 68 19 21 7 92 93 150 104 
AQUIIII!!154 151 87 94 13 92 19 150 104 7 21 68 18 93 5 143 
AQUIIII!!151 87 92 145 19 93 18 21 104 68 143 150 13 94 5 7 
Number of Cuts in the second phase:1942
Number of repeat: 1906 
Violation: 524.000000
Violation: 613.000000
Violation: 13.000000
Violation: 373.000000
Violation: 574.000000
Violation: 86.000000
Violation: 44.000000
Violation: 532.000000
Violation: 14.000000
Violation: 53.000000
Violation: 650.000000
Violation: 825.000000
Violation: 929.000000
Violation: 570.000000
Violation: 460.000000
Violation: 1.000000
Violation: 489.000000
Violation: 458.000000
Violation: 44.000000
Violation: 167.000000
Violation: 287.000000
Violation: 547.000000
Violation: 345.000000
Violation: 184.000000
Violation: 188.000000
Violation: 97.000000
Violation: 109.000000
Violation: 1015.000000
Violation: 195.000000
Violation: 628.000000
Violation: 167.000000
Violation: 39.000000
Violation: 289.000000
Violation: 760.000000
Violation: 1202.000000
Violation: 265.000000
took 14.568758
Optimize a model with 1223 rows, 10797 columns and 133840 nonzeros
Coefficient statistics:
  Matrix range     [1e-05, 9e+01]
  Objective range  [0e+00, 0e+00]
  Bounds range     [1e+00, 2e+09]
  RHS range        [1e+00, 6e+01]
Warning: Model contains large bounds
         Consider reformulating model or setting NumericFocus parameter
         to avoid numerical issues.

Concurrent LP optimizer: dual simplex and barrier
Showing barrier log only...

Presolve removed 169 rows and 420 columns
Presolve time: 0.04s
Presolved: 1054 rows, 10377 columns, 126264 nonzeros

Ordering time: 0.00s

Barrier statistics:
 AA' NZ     : 6.733e+04
 Factor NZ  : 1.102e+05 (roughly 5 MBytes of memory)
 Factor Ops : 1.370e+07 (less than 1 second per iteration)
 Threads    : 3

                  Objective                Residual
Iter       Primal          Dual         Primal    Dual     Compl     Time
   0   0.00000000e+00 -2.68716627e+07  8.26e+09 0.00e+00  1.42e+06     0s
   1   0.00000000e+00 -4.36843130e+06  2.69e+09 6.05e-03  4.65e+05     0s
   2   0.00000000e+00 -2.63223018e+05  3.35e+08 1.39e-16  5.84e+04     0s
   3   0.00000000e+00 -1.46701098e+03  3.42e+04 2.22e-16  6.04e+00     0s
   4   0.00000000e+00 -1.17014138e+03  2.49e+04 2.66e-06  4.25e+00     0s
   5   0.00000000e+00 -1.42246213e+03  1.22e+04 7.99e-05  2.87e+00     0s
   6   0.00000000e+00 -1.33215036e+03  4.57e+03 1.42e-14  1.27e+00     0s
   7   0.00000000e+00 -1.21064485e+03  1.91e+03 1.88e-15  5.51e-01     0s
   8   0.00000000e+00 -8.05314980e+02  7.49e+02 1.42e-14  2.13e-01     0s
   9   0.00000000e+00 -5.19958748e+02  2.72e+02 3.33e-16  8.11e-02     0s
  10   0.00000000e+00 -2.86841218e+02  9.90e+01 7.11e-15  3.12e-02     0s
  11   0.00000000e+00 -9.35557707e+01  2.75e+01 8.88e-16  8.53e-03     0s
  12   0.00000000e+00 -6.05021256e+01  1.04e+01 9.71e-16  4.28e-03     0s

Barrier performed 12 iterations in 0.12 seconds
Barrier solve interrupted - model solved by another algorithm


Solved with dual simplex
Solved in 636 iterations and 0.12 seconds
Optimal objective  0.000000000e+00
