A-4.txt_s3.txt
Academic license - for non-commercial use only
Read LP format model from file lp/A-4.txt.lp
Reading time = 0.05 seconds
: 961 rows, 10797 columns, 131727 nonzeros
OKGPU
nThreads: 1024 , nBlocks: 12 
Number cuts generated in the phase 1: 13
Number of repeat: 0 
violation 43.000000
violation 30.000000
violation 10.000000
violation 13.000000
violation 13.000000
violation 198.000000
violation 56.000000
violation 306.000000
violation 785.000000
violation 576.000000
violation 27.000000
violation 714.000000
violation 774.000000
8592 16
AQUIIII!!151 143 6 94 19 68 87 5 145 AQUIIII!!8 AQUIIII!!151 93 151 21 18 148 154 20 93 20 145 150 7 87 18 87 93 
21 8 5 94 94 19 153 6 7 152 AQUIIII!!21 13 151 5 AQUIIII!!87 19 151 68 6 5 7 18 145 87 20 68 143 29 148 94 143 148 68 13 19 
152 
143 28 8 7 7 154 21 68 93 21 149 5 150 94 153 18 93 

AQUIIII!!151 87 13 68 7 154 93 18 149 5 150 94 152 21 153 19 
AQUIIII!!151 27 95 5 21 93 153 149 28 29 83 152 150 154 100 13 
AQUIIII!!151 87 21 153 13 154 150 29 5 93 28 152 7 68 149 94 
AQUIIII!!151 153 95 28 152 13 21 149 100 26 93 150 29 27 AQUIIII!!154 151 83 
152 19 153 150 5 13 154 94 7 21 68 87 18 93 149 
AQUIIII!!151 153 19 143 94 154 68 7 18 150 93 13 5 145 21 87 
AQUIIII!!7 149 18 21 150 29 153 87 5 152 94 13 68 154 93 151 
AQUIIII!!151 94 13 28 149 68 150 5 21 154 87 153 7 152 29 93 
AQUIIII!!30 155 22 34 82 2 118 35 33 114 119 14 42 32 36 1 
AQUIIII!!152 21 153 100 27 95 29 83 13 150 28 154 149 93 26 151 
AQUIIII!!153 5 13 94 7 19 93 AQUIIII!!150 151 68 94 149 AQUIIII!!21 152 5 6 21 153 148 87 152 21 18 7 87 154 154 13 AQUIIII!!19 151 13 19 5 
145 93 145 150 143 94 143 7 18 143 5 AQUIIII!!87 93 151 93 68 7 19 68 
21 7 150 93 18 154 68 87 94 150 8 151 153 5 
94 19 18 21 87 145 18 143 13 6 148 68 150 151 

AQUIIII!!145 13 5 143 18 93 7 94 87 154 68 150 148 21 19 151 
AQUIIII!!151 93 27 28 153 26 25 154 13 83 150 95 29 152 100 149 
AQUIIII!!152 26 154 28 25 13 153 150 29 151 83 95 149 27 100 93 
AQUIIII!!150 152 18 7 143 19 13 AQUIIII!!21 151 154 95 153 153 68 150 5 100 93 29 94 93 87 152 151 149 
28 13 154 25 27 83 26 
AQUIIII!!151 29 26 83 152 153 13 100 95 93 28 154 149 21 150 27 
AQUIIII!!26 93 154 95 149 AQUIIII!!150 150 153 100 152 13 13 25 95 100 153 27 27 83 93 29 83 28 28 151 25 
17 149 152 154 26 29 
AQUIIII!!151 5 93 154 68 29 7 87 21 28 13 152 149 94 150 153 
AQUIIII!!5 6 93 8 94 148 7 143 150 19 68 145 18 87 21 151 
AQUIIII!!151 145 143 18 19 7 5 20 87 148 21 8 6 94 93 68 
AQUIIII!!68 150 7 18 148 93 21 94 145 87 154 13 143 AQUIIII!!19 87 5 18 151 
148 5 68 19 145 94 8 20 143 6 93 7 AQUIIII!!151 5 21 6 93 
8 94 148 7 143 150 19 68 145 18 87 21 151 
AQUIIII!!151 153 94 87 93 5 152 154 68 21 7 29 150 149 18 13 
AQUIIII!!151 7 87 94 19 154 93 21 13 143 153 5 68 152 18 150 
AQUIIII!!151 150 95 29 5 100 154 93 13 27 28 83 153 149 152 21 
AQUIIII!!153 154 28 7 68 150 149 94 93 29 87 13 21 152 5 151 
AQUIIII!!114 118 42 82 1 22 36 33 2 35 32 14 34 119 30 155 
AQUIIII!!154 29 AQUIIII!!151 154 68 152 29 87 94 26 18 151 149 5 100 21 153 83 93 7 21 13 13 150 
27 28 149 93 153 95 150 152 
AQUIIII!!151 145 94 19 93 7 5 13 148 143 154 150 18 87 21 68 
AQUIIII!!14 AQUIIII!!1 150 AQUIIII!!15 18 3 42 17 19 114 94 4 118 87 74 34 68 27 35 93 149 32 145 33 93 148 100 82 147 7 119 95 13 22 143 36 25 5 28 155 37 21 30 151 29 
154 26 152 

AQUIIII!!5 18 68 93 7 148 154 87 150 145 19 94 21 13 143 151 
AQUIIII!!153 21 5 7 154 87 68 94 150 13 143 18 19 93 152 151 
AQUIIII!!93 145 19 7 68 143 150 5 18 153 87 94 154 13 21 151 
AQUIIII!!93 145 19 7 68 143 150 5 18 153 87 94 154 13 21 151 
AQUIIII!!94 68 87 150 18 7 152 5 93 13 29 153 21 154 149 151 
AQUIIII!!151 6 68 21 7 94 5 13 143 87 150 93 18 19 145 148 
AQUIIII!!151 100 26 93 150 13 153 83 25 152 149 29 95 154 27 28 
AQUIIII!!145 21 150 87 154 143 93 13 68 5 18 19 153 94 7 151 
AQUIIII!!145 153 13 143 94 68 18 87 5 21 7 19 150 154 93 151 
AQUIIII!!151 28 21 150 153 13 29 93 87 94 152 7 5 154 149 68 
AQUIIII!!151 154 152 29 21 AQUIIII!!149 152 100 26 93 153 13 95 28 27 29 150 154 5 13 83 28 100 153 93 
17 25 4 83 27 149 95 
AQUIIII!!94 150 93 145 19 154 18 13 87 143 7 153 21 5 68 151 
AQUIIII!!153 151 149 83 100 29 93 28 13 150 154 27 25 95 26 152 
AQUIIII!!95 100 149 25 83 153 28 154 27 152 150 13 29 93 26 151 
AQUIIII!!151 154 149 93 27 152 13 100 150 21 28 29 26 83 95 153 
AQUIIII!!151 154 149 93 27 152 13 100 150 21 28 29 26 83 95 153 
AQUIIII!!151 150 94 21 18 148 19 154 13 68 7 145 87 5 93 143 
AQUIIII!!68 87 150 94 93 7 21 152 154 18 5 29 149 153 13 151 
AQUIIII!!151 152 27 28 154 149 100 83 150 153 29 13 95 21 5 93 
AQUIIII!!151 152 27 28 154 149 100 83 150 153 29 13 95 21 5 93 
AQUIIII!!93 145 87 68 154 150 13 148 18 5 7 21 19 94 143 151 
AQUIIII!!21 152 5 27 83 13 153 154 150 93 95 29 AQUIIII!!28 151 149 95 100 153 29 151 21 
93 149 28 154 26 27 83 13 150 152 100 
AQUIIII!!19 145 6 148 87 68 18 5 93 7 143 94 150 13 21 151 
AQUIIII!!7 94 5 68 148 93 6 8 145 18 19 87 143 21 20 151 
AQUIIII!!19 145 6 148 87 68 AQUIIII!!21 18 5 6 93 93 19 7 145 143 143 94 7 150 94 87 13 21 148 150 151 5 
68 18 8 151 
AQUIIII!!151 8 148 143 21 87 7 18 68 150 6 94 145 19 5 93 
AQUIIII!!6 18 7 19 87 21 148 143 13 145 93 68 5 150 94 151 
AQUIIII!!21 151 13 153 94 68 152 18 5 7 87 93 150 29 154 149 
AQUIIII!!151 29 13 21 153 150 93 154 94 152 149 5 87 28 7 68 
AQUIIII!!151 19 68 143 18 7 13 5 94 87 145 154 21 150 93 153 
AQUIIII!!94 93 68 6 143 5 148 19 13 AQUIIII!!150 151 7 68 94 145 87 21 18 93 18 19 87 143 151 145 
150 8 21 5 6 148 7 
AQUIIII!!151 154 152 27 95 153 83 13 93 150 28 26 149 100 29 25 
AQUIIII!!152 100 93 28 3 74 27 95 4 25 149 26 17 153 154 29 
AQUIIII!!151 154 152 27 95 153 83 13 93 150 28 26 149 100 29 25 
AQUIIII!!151 18 87 145 68 AQUIIII!!21 19 13 28 150 27 13 100 154 95 29 143 26 153 94 149 21 83 148 150 152 7 154 93 5 151 93 

AQUIIII!!145 13 7 68 94 150 154 93 19 143 18 87 21 148 5 151 
AQUIIII!!151 150 21 100 93 149 154 95 83 29 AQUIIII!!13 151 153 154 27 152 28 27 95 26 153 152 83 
13 93 150 28 26 149 100 29 25 
AQUIIII!!151 27 28 95 21 152 13 93 83 26 149 153 150 100 29 154 
AQUIIII!!154 29 26 151 100 83 21 13 27 28 149 93 153 95 150 152 
AQUIIII!!151 68 152 7 19 150 13 21 154 153 87 94 93 18 5 149 
AQUIIII!!152 151 26 150 25 95 13 29 28 27 83 93 154 149 153 100 
AQUIIII!!68 93 153 13 5 150 94 87 19 18 21 143 151 145 154 7 
AQUIIII!!151 18 21 93 68 152 153 154 5 13 87 94 19 7 150 149 
AQUIIII!!30 155 35 42 15 119 22 32 82 34 36 114 1 118 33 14 
AQUIIII!!18 145 7 13 143 93 87 68 148 5 21 19 154 94 150 151 
AQUIIII!!153 87 7 93 68 149 94 154 150 28 AQUIIII!!5 21 13 151 29 5 21 7 152 145 151 18 
153 13 150 93 154 19 143 94 87 68 
AQUIIII!!21 153 68 152 13 7 5 93 AQUIIII!!151 87 154 152 143 29 18 21 149 150 100 94 93 13 154 95 19 27 150 151 5 
83 28 153 
AQUIIII!!151 154 152 29 21 149 100 93 13 95 27 150 5 83 28 153 
AQUIIII!!154 29 151 68 152 87 94 18 149 5 21 153 93 7 13 150 
AQUIIII!!5 21 7 150 18 19 68 154 153 87 149 93 152 94 13 151 
AQUIIII!!151 145 93 AQUIIII!!152 18 151 148 87 6 153 5 21 7 13 143 154 5 21 8 94 150 68 149 19 150 7 19 93 68 18 87 
94 
AQUIIII!!29 149 100 83 150 152 95 5 28 21 13 154 153 93 27 151 
AQUIIII!!93 28 150 5 13 29 21 95 27 100 153 152 149 154 83 151 
AQUIIII!!19 145 68 143 21 94 87 7 154 150 153 93 5 13 18 151 
AQUIIII!!93 87 19 21 145 7 143 148 6 94 68 8 20 18 5 AQUIIII!!151 154 
150 153 94 5 68 13 93 21 19 152 18 143 7 87 151 
AQUIIII!!151 149 153 95 150 29 83 5 93 13 27 154 100 28 152 21 
AQUIIII!!AQUIIII!!95 155 93 30 29 0 28 34 5 2 13 119 21 114 149 33 83 154 41 27 32 150 82 100 36 152 22 153 151 118 
42 35 
AQUIIII!!151 26 149 21 13 83 27 150 154 95 153 93 28 152 100 29 
AQUIIII!!151 7 5 152 93 87 154 153 18 94 68 29 150 149 21 13 
AQUIIII!!93 21 18 19 150 7 148 94 13 68 5 6 143 145 87 151 
AQUIIII!!143 68 94 150 13 154 93 153 18 87 19 7 5 152 21 151 
AQUIIII!!143 68 94 150 13 154 93 153 18 87 19 7 5 152 21 151 
AQUIIII!!87 93 154 13 21 28 29 152 153 5 94 149 68 7 150 151 
AQUIIII!!154 95 26 29 153 152 100 28 13 93 83 25 27 150 149 151 
AQUIIII!!152 151 93 29 87 5 150 7 21 68 149 154 153 28 94 13 
AQUIIII!!151 87 93 152 149 19 153 7 18 154 68 13 150 21 94 5 
AQUIIII!!150 21 149 5 29 154 28 13 7 87 AQUIIII!!152 21 153 5 94 154 93 18 68 13 151 7 
19 94 149 150 87 153 152 93 68 151 
AQUIIII!!154 151 87 28 93 152 5 13 94 149 29 7 153 21 68 150 
AQUIIII!!151 154 152 29 21 149 100 93 13 95 27 150 5 83 28 153 
AQUIIII!!150 21 29 149 7 5 28 68 94 154 87 153 13 93 152 151 
AQUIIII!!151 93 150 154 145 153 143 68 87 94 21 19 18 13 7 5 
AQUIIII!!151 94 93 21 87 8 148 7 19 6 68 145 143 5 18 150 
AQUIIII!!151 19 7 68 13 154 150 87 18 152 94 149 5 21 153 93 
AQUIIII!!68 143 18 5 93 19 87 13 7 94 21 154 153 145 150 151 
AQUIIII!!21 151 13 153 94 68 152 18 5 7 87 93 150 29 154 149 
AQUIIII!!7 152 87 151 94 150 21 5 153 13 18 149 93 68 29 154 
AQUIIII!!151 20 148 5 68 18 145 94 21 8 87 6 19 7 93 143 
AQUIIII!!143 145 150 7 19 18 87 5 68 AQUIIII!!94 152 154 13 151 148 21 13 93 149 5 6 19 151 94 
21 7 68 18 150 87 93 153 
AQUIIII!!151 5 29 87 28 154 93 94 7 21 150 153 68 13 149 152 
AQUIIII!!151 145 5 68 7 150 19 21 87 93 148 13 94 143 18 154 
AQUIIII!!143 5 8 87 94 93 148 145 19 21 68 7 18 150 6 151 
AQUIIII!!151 87 150 19 154 143 5 68 13 21 145 94 7 18 93 153 
AQUIIII!!152 29 151 13 87 5 93 94 68 21 149 154 7 153 150 18 
AQUIIII!!21 151 143 18 93 5 148 154 94 7 87 13 150 145 68 19 
AQUIIII!!149 150 87 68 152 153 29 21 93 94 7 13 18 5 154 151 
AQUIIII!!151 150 95 29 27 152 93 153 100 13 154 21 28 83 26 149 
AQUIIII!!151 8 19 6 21 143 7 148 87 94 5 20 68 93 145 18 
AQUIIII!!151 13 145 5 21 94 143 7 68 153 19 154 18 150 93 87 
AQUIIII!!87 68 150 5 149 154 21 13 93 7 152 29 153 28 94 151 
AQUIIII!!94 154 7 150 87 21 13 68 5 143 145 153 18 93 19 151 
AQUIIII!!151 5 87 7 13 6 94 18 150 143 19 21 148 93 145 68 
AQUIIII!!13 68 19 7 150 87 145 143 153 18 21 154 94 93 5 151 
AQUIIII!!151 152 19 153 150 5 13 154 94 7 21 68 87 18 93 149 
AQUIIII!!152 21 153 93 29 13 154 28 27 83 100 150 26 149 AQUIIII!!95 151 151 68 
18 87 20 148 145 19 143 6 5 94 7 93 8 21 
AQUIIII!!13 5 149 21 100 27 154 83 150 93 153 152 28 29 95 151 
AQUIIII!!93 87 68 145 21 148 6 18 94 150 19 143 8 5 7 151 
AQUIIII!!151 87 152 13 149 21 153 7 5 94 154 68 93 19 150 18 
AQUIIII!!151 152 95 13 100 150 27 153 25 29 93 28 149 26 154 83 
AQUIIII!!151 149 5 150 13 7 94 153 18 93 21 152 19 68 154 87 
AQUIIII!!87 143 93 18 145 7 13 19 94 5 148 21 6 150 68 151 
AQUIIII!!1 15 35 14 22 42 118 32 33 119 114 34 82 36 30 155 
AQUIIII!!148 7 5 145 68 8 21 18 94 19 20 87 143 6 93 151 
AQUIIII!!151 94 19 143 7 145 148 68 8 21 150 93 87 6 18 5 
AQUIIII!!94 21 8 18 93 145 5 68 148 7 19 87 20 6 143 151 
AQUIIII!!93 87 20 145 19 18 8 148 94 7 143 21 68 6 5 151 
AQUIIII!!93 143 94 5 19 154 68 87 21 150 7 18 13 153 151 152 
AQUIIII!!154 29 150 153 93 87 18 5 149 152 7 21 13 151 68 94 
Number of Cuts in the second phase:2092
Number of repeat: 1929 
Violation: 680.000000
Violation: 629.000000
Violation: 145.000000
Violation: 428.000000
Violation: 541.000000
Violation: 595.000000
Violation: 190.000000
Violation: 384.000000
Violation: 1190.000000
Violation: 505.000000
Violation: 642.000000
Violation: 451.000000
Violation: 77.000000
Violation: 701.000000
Violation: 856.000000
Violation: 919.000000
Violation: 333.000000
Violation: 560.000000
Violation: 214.000000
Violation: 50.000000
Violation: 574.000000
Violation: 1165.000000
Violation: 192.000000
Violation: 111.000000
Violation: 374.000000
Violation: 119.000000
Violation: 18.000000
Violation: 380.000000
Violation: 758.000000
Violation: 570.000000
Violation: 346.000000
Violation: 46.000000
Violation: 641.000000
Violation: 948.000000
Violation: 121.000000
Violation: 1564.000000
Violation: 1048.000000
Violation: 760.000000
Violation: 929.000000
Violation: 80.000000
Violation: 4.000000
Violation: 180.000000
Violation: 212.000000
Violation: 34.000000
Violation: 787.000000
Violation: 528.000000
Violation: 616.000000
Violation: 53.000000
Violation: 35.000000
Violation: 340.000000
Violation: 1574.000000
Violation: 1120.000000
Violation: 622.000000
Violation: 1201.000000
Violation: 1948.000000
Violation: 109.000000
Violation: 564.000000
Violation: 152.000000
Violation: 791.000000
Violation: 2.000000
Violation: 163.000000
Violation: 137.000000
Violation: 347.000000
Violation: 902.000000
Violation: 785.000000
Violation: 90.000000
Violation: 825.000000
Violation: 110.000000
Violation: 396.000000
Violation: 1548.000000
Violation: 404.000000
Violation: 420.000000
Violation: 278.000000
Violation: 167.000000
Violation: 503.000000
Violation: 179.000000
Violation: 988.000000
Violation: 1355.000000
Violation: 386.000000
Violation: 1088.000000
Violation: 284.000000
Violation: 768.000000
Violation: 132.000000
Violation: 394.000000
Violation: 386.000000
Violation: 309.000000
Violation: 424.000000
Violation: 357.000000
Violation: 439.000000
Violation: 188.000000
Violation: 350.000000
Violation: 83.000000
Violation: 149.000000
Violation: 847.000000
Violation: 1025.000000
Violation: 309.000000
Violation: 960.000000
Violation: 1054.000000
Violation: 37.000000
Violation: 428.000000
Violation: 334.000000
Violation: 171.000000
Violation: 187.000000
Violation: 100.000000
Violation: 532.000000
Violation: 250.000000
Violation: 634.000000
Violation: 566.000000
Violation: 246.000000
Violation: 184.000000
Violation: 179.000000
Violation: 591.000000
Violation: 1152.000000
Violation: 250.000000
Violation: 718.000000
Violation: 331.000000
Violation: 417.000000
Violation: 97.000000
Violation: 628.000000
Violation: 253.000000
Violation: 514.000000
Violation: 336.000000
Violation: 1079.000000
Violation: 821.000000
Violation: 15.000000
Violation: 132.000000
Violation: 204.000000
Violation: 283.000000
Violation: 677.000000
Violation: 515.000000
Violation: 975.000000
Violation: 640.000000
Violation: 66.000000
Violation: 323.000000
Violation: 689.000000
Violation: 219.000000
Violation: 445.000000
Violation: 611.000000
Violation: 85.000000
Violation: 336.000000
Violation: 355.000000
Violation: 449.000000
Violation: 975.000000
Violation: 273.000000
Violation: 345.000000
Violation: 255.000000
Violation: 748.000000
Violation: 478.000000
Violation: 2.000000
Violation: 144.000000
Violation: 196.000000
Violation: 739.000000
Violation: 226.000000
Violation: 1309.000000
Violation: 875.000000
Violation: 89.000000
Violation: 446.000000
Violation: 735.000000
Violation: 299.000000
Violation: 76.000000
Violation: 135.000000
Violation: 459.000000
Violation: 171.000000
8592 16
AQUIIII!!151 AQUIIII!!21 151 5 AQUIIII!!93 95 148 151 152 6 149 145 100 94 18 21 19 7 153 83 20 68 28 7 21 26 29 93 148 87 AQUIIII!!87 27 151 68 154 19 28 13 29 18 13 150 21 143 8 
152 5 145 100 13 143 150 83 
93 150 153 6 27 94 26 93 
149 154 95 
AQUIIII!!26 152 154 13 153 149 83 95 93 28 25 151 100 150 27 29 
AQUIIII!!26 95 29 154 152 150 25 28 27 93 13 83 149 153 100 151 
AQUIIII!!154 153 143 94 68 13 152 5 19 21 87 93 7 18 150 151 
AQUIIII!!151 93 8 6 148 5 143 68 87 19 7 94 145 18 20 21 
AQUIIII!!6 87 7 94 145 8 93 143 18 148 19 21 68 150 5 151 
AQUIIII!!87 19 18 148 21 13 68 5 7 AQUIIII!!93 143 27 94 154 154 100 93 152 149 145 26 150 153 151 28 29 
21 13 95 83 150 151 
AQUIIII!!26 AQUIIII!!27 151 149 21 150 145 13 154 93 93 95 143 100 13 5 28 83 87 150 29 148 153 AQUIIII!!19 154 151 94 25 93 7 153 152 18 151 21 68 13 

29 28 154 83 150 27 152 149 95 100 26 
AQUIIII!!152 151 13 18 5 154 143 87 93 21 19 150 94 68 153 7 
AQUIIII!!151 150 153 18 93 19 AQUIIII!!21 151 143 87 145 94 148 6 145 13 7 19 68 93 5 68 13 87 154 7 
150 18 94 5 143 21 
AQUIIII!!151 21 28 95 27 100 153 150 13 29 93 152 154 149 83 26 
AQUIIII!!151 93 18 AQUIIII!!155 21 30 87 1 145 36 7 32 148 33 143 0 6 42 13 118 19 119 150 34 68 114 94 2 5 22 
82 35 
AQUIIII!!94 154 150 19 152 149 68 21 13 87 18 153 7 93 5 151 
AQUIIII!!13 149 95 26 28 93 153 27 152 150 21 29 100 83 154 151 
AQUIIII!!150 153 27 13 100 26 95 28 21 149 29 93 83 154 152 151 
AQUIIII!!151 7 153 149 152 18 87 5 21 93 154 13 150 68 94 19 
AQUIIII!!151 19 87 13 154 149 21 150 7 5 18 152 153 94 68 93 
AQUIIII!!151 150 19 87 5 154 68 152 94 7 93 21 13 18 153 143 
AQUIIII!!151 7 150 152 13 5 93 87 149 94 18 154 68 29 153 21 
AQUIIII!!151 8 68 18 93 19 143 94 150 5 7 6 148 145 21 87 
AQUIIII!!151 87 21 154 93 150 13 AQUIIII!!145 153 7 19 150 18 94 7 18 143 5 68 21 94 5 143 145 
AQUIIII!!19 151 13 87 93 5 6 145 148 13 68 154 87 21 151 150 
143 94 18 7 68 19 148 93 
AQUIIII!!151 AQUIIII!!5 87 68 7 148 18 87 149 150 152 7 150 13 21 93 5 94 153 18 13 145 94 19 154 21 143 93 154 19 
68 151 
AQUIIII!!151 18 5 21 93 94 19 152 149 87 153 154 13 7 68 150 
AQUIIII!!151 28 149 29 27 100 95 25 150 13 83 153 152 154 26 93 
AQUIIII!!25 17 95 83 13 28 93 149 153 100 27 4 29 26 152 154 
AQUIIII!!151 150 153 68 94 143 93 13 87 152 7 21 19 154 5 18 
AQUIIII!!1 2 35 119 34 114 32 33 36 42 82 22 14 118 30 155 
AQUIIII!!151 7 145 6 21 94 93 19 18 150 148 13 68 87 5 143 
AQUIIII!!100 149 152 13 25 29 83 26 93 28 27 153 150 154 95 151 
AQUIIII!!93 5 21 150 18 7 145 19 8 68 6 94 87 143 148 151 
AQUIIII!!13 18 153 93 145 150 19 143 68 154 7 94 87 5 151 21 
AQUIIII!!151 5 100 83 149 93 13 153 29 28 21 27 154 95 150 152 
AQUIIII!!151 7 93 5 87 153 94 68 149 21 152 29 154 28 150 13 
AQUIIII!!151 68 87 19 143 18 93 AQUIIII!!148 151 154 6 150 94 27 28 21 152 83 145 149 13 153 7 29 100 5 21 95 150 26 
13 93 
AQUIIII!!151 154 150 27 28 152 83 149 153 29 100 21 95 26 13 93 
AQUIIII!!29 100 152 149 150 28 27 154 95 93 21 153 5 13 83 151 
AQUIIII!!149 87 5 29 153 152 93 21 94 28 68 7 154 13 150 151 
AQUIIII!!94 87 153 13 93 150 68 7 154 152 29 28 21 5 149 151 
AQUIIII!!151 87 143 94 13 93 5 21 150 145 7 68 19 154 18 153 
AQUIIII!!13 100 27 153 83 26 25 150 152 151 93 28 95 149 154 29 
AQUIIII!!151 68 19 150 152 143 18 154 5 94 87 7 93 153 13 21 
AQUIIII!!151 83 150 21 28 26 149 29 100 154 152 93 13 153 27 95 
AQUIIII!!29 154 153 25 26 17 28 27 149 100 74 152 95 3 93 4 
AQUIIII!!151 95 150 28 154 100 83 149 93 13 153 27 21 5 152 29 
AQUIIII!!151 94 7 87 150 153 21 149 152 93 68 13 154 5 18 29 
AQUIIII!!152 4 83 153 28 95 25 13 100 27 26 93 17 149 154 29 
AQUIIII!!15 34 35 22 82 33 119 32 1 14 42 36 118 114 30 155 
AQUIIII!!154 94 7 5 93 18 150 29 152 13 153 68 87 21 149 151 
AQUIIII!!151 18 7 149 19 153 93 87 154 21 152 5 13 68 94 150 
AQUIIII!!7 21 5 150 68 13 87 149 153 29 93 28 152 154 94 151 
AQUIIII!!151 150 152 154 19 21 94 153 68 149 7 93 5 87 18 13 
AQUIIII!!151 27 13 83 21 149 150 153 28 154 93 100 152 29 5 95 
AQUIIII!!151 13 93 29 83 152 5 149 28 154 150 27 153 21 100 95 
AQUIIII!!6 21 5 148 93 68 145 94 143 18 19 87 150 13 7 151 
AQUIIII!!151 153 7 145 18 154 143 68 87 150 19 94 5 13 21 93 
AQUIIII!!151 28 27 21 154 83 AQUIIII!!29 5 150 19 95 153 100 87 26 152 153 21 93 13 149 18 152 68 13 94 
7 150 143 154 93 151 
AQUIIII!!21 19 154 150 13 87 143 93 94 152 18 7 5 68 153 151 
AQUIIII!!151 13 7 21 154 87 18 94 19 150 5 153 145 93 68 143 
AQUIIII!!151 21 18 150 68 154 5 29 153 7 94 13 152 87 93 149 
AQUIIII!!152 18 21 68 94 150 7 5 19 154 149 87 13 93 153 151 
AQUIIII!!93 100 27 152 153 151 5 21 83 149 28 13 150 95 29 154 
AQUIIII!!5 18 7 154 143 21 153 150 68 19 145 93 94 13 87 151 
AQUIIII!!100 154 5 83 93 29 AQUIIII!!21 26 153 154 28 152 29 150 100 95 153 152 3 93 149 149 27 27 13 AQUIIII!!17 151 4 151 21 25 
93 95 28 5 74 68 19 
AQUIIII!!150 150 13 13 18 143 153 5 94 93 149 68 154 7 87 7 94 152 152 19 
87 153 18 154 151 21 
AQUIIII!!151 94 145 13 93 7 19 148 18 21 154 150 143 5 87 68 
AQUIIII!!87 AQUIIII!!7 149 151 18 5 94 13 21 154 152 87 94 19 7 93 150 13 21 93 68 149 153 151 150 
18 29 153 152 68 154 5 
AQUIIII!!29 154 5 153 100 13 AQUIIII!!27 154 152 83 29 21 87 149 28 94 150 93 151 150 95 93 7 
28 5 149 151 153 13 152 68 21 
AQUIIII!!27 153 17 25 93 83 149 4 100 13 95 29 28 154 152 26 
AQUIIII!!152 26 95 28 13 83 149 29 27 154 93 153 25 17 100 150 
AQUIIII!!13 21 93 154 95 153 27 149 100 28 152 150 29 26 83 151 AQUIIII!!
28 27 154 26 152 150 13 95 100 29 25 AQUIIII!!153 151 93 143 83 5 149 145 151 
13 7 87 18 68 21 93 150 148 154 94 19 
AQUIIII!!5 93 149 150 29 83 13 100 152 28 153 154 27 95 21 151 
AQUIIII!!151 152 153 28 95 27 21 83 100 29 150 26 93 13 154 149 
AQUIIII!!152 87 153 21 68 93 5 13 7 150 149 151 94 28 29 154 
AQUIIII!!151 152 153 28 95 AQUIIII!!27 154 21 83 151 100 152 29 150 153 26 13 93 13 29 154 150 149 
26 25 100 93 95 28 27 149 83 
AQUIIII!!154 151 152 153 13 29 150 26 25 100 93 95 28 27 149 83 
AQUIIII!!151 154 18 5 87 68 152 93 21 19 94 143 153 150 7 13 
AQUIIII!!7 152 21 5 154 143 150 AQUIIII!!93 151 153 154 87 18 18 5 68 87 19 68 13 152 94 93 151 21 
19 94 143 153 150 7 13 
AQUIIII!!152 151 154 83 95 28 153 26 25 100 29 27 93 149 13 150 
AQUIIII!!154 151 93 150 13 145 87 94 143 21 148 68 19 18 5 7 
AQUIIII!!151 68 19 21 93 18 153 87 94 150 154 143 5 145 7 13 
AQUIIII!!29 154 153 152 4 13 83 25 17 28 27 100 149 95 93 26 
AQUIIII!!151 5 18 149 68 153 19 87 152 94 150 21 93 154 7 13 
AQUIIII!!155 30 1 119 114 36 15 82 14 118 42 34 35 22 33 32 
AQUIIII!!151 21 145 154 93 143 13 5 87 150 148 19 94 7 18 68 
AQUIIII!!155 30 34 119 42 36 22 114 82 33 1 14 15 35 118 32 
AQUIIII!!151 93 148 21 19 7 18 87 5 154 145 13 68 143 150 94 
AQUIIII!!152 27 95 5 150 93 21 153 149 29 100 154 13 28 83 151 
AQUIIII!!25 45 61 17 26 149 44 60 3 153 152 28 4 27 AQUIIII!!151 29 87 154 18 
6 13 5 94 93 19 145 150 7 148 21 143 68 
AQUIIII!!68 154 143 93 152 19 7 13 18 21 153 5 94 150 87 151 
AQUIIII!!29 154 153 152 4 13 83 25 17 28 27 100 149 95 93 26 
AQUIIII!!AQUIIII!!151 151 145 7 150 92 13 21 18 13 21 18 93 AQUIIII!!68 154 69 7 68 5 5 152 154 87 19 148 154 87 19 13 94 148 150 93 7 145 21 87 143 29 143 149 

94 150 5 18 68 153 151 
AQUIIII!!95 100 152 149 83 27 21 26 28 153 93 29 150 154 13 151 
AQUIIII!!21 151 150 148 5 87 68 7 93 18 94 145 19 143 13 6 
AQUIIII!!93 29 150 83 21 152 153 13 27 28 100 154 5 149 95 151 
AQUIIII!!151 150 94 68 29 13 28 153 21 149 87 152 93 154 7 5 
AQUIIII!!151 149 150 13 29 68 18 152 5 153 7 94 87 154 21 93 
AQUIIII!!154 93 21 87 94 13 29 152 5 18 149 150 153 68 7 151 
AQUIIII!!93 150 21 7 94 18 68 154 13 153 152 87 149 5 19 151 
AQUIIII!!153 154 94 87 7 93 21 68 13 18 143 145 150 19 5 151 
AQUIIII!!151 68 20 6 87 148 145 7 21 18 5 8 143 94 93 19 
AQUIIII!!154 151 150 93 28 21 26 83 13 27 95 149 152 29 153 100 
AQUIIII!!151 18 19 143 7 68 145 150 21 13 87 154 94 5 148 93 
AQUIIII!!148 87 94 5 18 93 68 150 AQUIIII!!19 25 28 154 83 21 7 95 145 93 27 143 152 13 26 151 150 
153 154 13 149 100 29 151 
AQUIIII!!94 13 68 19 143 18 150 AQUIIII!!87 155 154 30 21 33 82 5 119 145 36 153 114 15 93 1 7 14 151 32 
16 34 35 42 118 
AQUIIII!!93 154 28 150 149 153 29 83 95 13 21 100 151 27 26 152 
AQUIIII!!94 7 154 149 68 93 152 29 150 5 87 21 18 13 153 151 
AQUIIII!!151 28 154 13 149 150 95 100 93 152 26 153 83 27 21 29 
AQUIIII!!151 143 93 21 145 154 87 94 5 19 AQUIIII!!13 7 154 18 149 13 83 68 95 150 153 29 150 25 
93 100 28 26 152 27 153 151 
AQUIIII!!151 5 20 8 148 21 6 7 68 93 19 18 143 94 87 145 
AQUIIII!!151 153 68 7 19 154 150 87 13 149 21 5 93 18 152 94 
AQUIIII!!151 7 148 143 21 93 68 5 19 18 150 87 13 145 94 6 
AQUIIII!!152 151 154 83 95 28 153 26 25 100 29 27 93 149 13 150 
AQUIIII!!151 13 7 87 94 152 149 18 154 68 21 150 29 5 153 93 
AQUIIII!!151 19 5 93 21 87 18 68 7 94 150 154 13 148 143 145 
AQUIIII!!100 150 13 153 93 83 26 149 28 152 21 27 29 95 154 151 
AQUIIII!!151 18 154 149 93 AQUIIII!!152 93 5 153 7 7 18 150 87 154 94 21 68 68 94 29 87 13 29 13 153 152 150 149 21 5 151 

AQUIIII!!22 82 36 1 119 35 42 34 32 14 33 114 2 118 155 30 
AQUIIII!!151 7 143 93 18 153 68 13 21 5 19 154 150 94 152 87 
AQUIIII!!151 150 5 145 7 19 87 143 94 68 21 18 8 148 93 6 
AQUIIII!!151 152 68 153 94 150 13 7 18 93 149 19 5 87 21 154 
AQUIIII!!5 93 7 21 6 68 148 8 87 94 150 18 19 145 143 151 
AQUIIII!!151 152 68 153 94 150 13 7 18 93 149 19 5 87 21 154 
AQUIIII!!151 87 152 154 149 13 153 93 94 5 7 68 150 29 18 21 
AQUIIII!!94 5 13 21 93 150 68 154 7 152 29 28 87 153 149 151 
AQUIIII!!152 83 21 93 95 27 5 153 100 150 149 13 151 28 154 29 
AQUIIII!!145 13 148 93 87 150 94 143 19 5 18 68 7 154 21 151 
AQUIIII!!151 154 149 21 150 68 93 94 7 152 18 13 153 5 87 19 
AQUIIII!!151 94 87 68 5 149 154 153 29 150 152 7 28 93 13 21 
AQUIIII!!153 93 28 150 154 95 27 21 100 152 83 29 5 149 13 151 
AQUIIII!!154 151 93 145 19 150 13 7 21 143 5 87 68 94 148 18 
AQUIIII!!151 29 7 150 68 18 21 94 149 13 5 87 152 153 93 154 
AQUIIII!!7 18 145 13 93 94 5 150 19 148 87 143 21 68 6 151 
AQUIIII!!AQUIIII!!151 152 149 154 94 87 29 150 13 87 93 154 94 153 21 68 93 7 28 150 29 5 7 
28 5 149 151 153 13 152 68 21 
AQUIIII!!151 152 149 94 87 150 13 93 154 153 21 68 7 28 29 5 
AQUIIII!!87 148 5 145 18 93 21 94 143 150 6 7 68 13 19 151 
AQUIIII!!7 148 5 145 68 19 150 18 154 21 93 13 87 94 143 151 
AQUIIII!!5 87 7 18 21 93 143 145 6 148 94 68 13 19 150 151 
AQUIIII!!93 7 21 145 5 148 68 19 150 94 143 13 18 6 87 151 
AQUIIII!!19 68 18 143 21 5 94 145 87 93 8 20 148 7 6 151 
Number of Cuts in the second phase:2144
Number of repeat: 2070 
Violation: 1119.000000
Violation: 521.000000
Violation: 555.000000
Violation: 256.000000
Violation: 1198.000000
Violation: 269.000000
Violation: 793.000000
Violation: 38.000000
Violation: 720.000000
Violation: 72.000000
Violation: 292.000000
Violation: 52.000000
Violation: 283.000000
Violation: 117.000000
Violation: 747.000000
Violation: 44.000000
Violation: 493.000000
Violation: 336.000000
Violation: 1165.000000
Violation: 615.000000
Violation: 27.000000
Violation: 536.000000
Violation: 227.000000
Violation: 23.000000
Violation: 361.000000
Violation: 350.000000
Violation: 151.000000
Violation: 906.000000
Violation: 107.000000
Violation: 69.000000
Violation: 317.000000
Violation: 1.000000
Violation: 848.000000
Violation: 492.000000
Violation: 418.000000
Violation: 223.000000
Violation: 49.000000
Violation: 115.000000
Violation: 303.000000
Violation: 309.000000
Violation: 365.000000
Violation: 30.000000
Violation: 273.000000
Violation: 547.000000
Violation: 739.000000
Violation: 1334.000000
Violation: 518.000000
Violation: 19.000000
Violation: 34.000000
Violation: 359.000000
Violation: 191.000000
Violation: 421.000000
Violation: 63.000000
Violation: 163.000000
Violation: 891.000000
Violation: 61.000000
Violation: 344.000000
Violation: 1401.000000
Violation: 131.000000
Violation: 259.000000
Violation: 112.000000
Violation: 75.000000
Violation: 229.000000
Violation: 791.000000
Violation: 1290.000000
Violation: 290.000000
Violation: 153.000000
Violation: 133.000000
Violation: 157.000000
Violation: 657.000000
Violation: 21.000000
Violation: 185.000000
Violation: 188.000000
Violation: 655.000000
816 16
AQUIIII!!151 25 150 100 149 154 153 27 93 26 28 152 13 83 95 29 
AQUIIII!!95 83 27 154 100 151 153 28 93 149 13 150 25 152 26 29 
AQUIIII!!151 26 152 95 100 29 150 93 13 154 149 153 83 27 28 25 
AQUIIII!!151 153 21 27 154 100 93 95 13 83 29 28 150 152 26 149 
AQUIIII!!151 68 19 6 18 87 94 21 145 5 93 143 20 7 148 8 
AQUIIII!!93 87 145 5 150 143 68 153 94 18 19 13 154 21 7 151 
AQUIIII!!151 26 95 28 100 153 150 152 21 13 93 27 29 154 83 149 
AQUIIII!!151 150 5 93 153 154 68 87 94 7 19 18 152 21 143 13 
AQUIIII!!18 145 148 150 93 7 6 21 5 68 94 143 8 87 19 151 
AQUIIII!!19 6 18 7 21 8 94 5 148 145 20 87 143 93 68 151 
AQUIIII!!151 153 29 28 100 25 26 83 150 152 13 149 95 154 93 27 
AQUIIII!!94 6 5 87 145 68 148 8 20 19 143 93 21 18 7 151 
AQUIIII!!150 153 87 154 21 29 68 93 7 13 149 5 18 152 94 151 
AQUIIII!!151 152 21 87 7 150 93 154 153 13 149 68 94 5 18 19 
AQUIIII!!154 151 93 68 5 13 150 153 28 7 29 87 152 94 21 149 
AQUIIII!!151 7 153 94 93 5 150 154 152 18 29 13 149 21 68 87 
Number of Cuts in the second phase:188
Number of repeat: 185 
Violation: 586.000000
Violation: 88.000000
Violation: 1121.000000
took 18.371228

Warning: excessive time spent in model updates.
Consider calling update less frequently.

Optimize a model with 1275 rows, 10797 columns and 134378 nonzeros
Coefficient statistics:
  Matrix range     [1e-05, 9e+01]
  Objective range  [0e+00, 0e+00]
  Bounds range     [1e+00, 2e+09]
  RHS range        [1e+00, 6e+01]
Warning: Model contains large bounds
         Consider reformulating model or setting NumericFocus parameter
         to avoid numerical issues.

Concurrent LP optimizer: dual simplex and barrier
Showing barrier log only...

Presolve removed 176 rows and 420 columns
Presolve time: 0.04s
Presolved: 1099 rows, 10377 columns, 126746 nonzeros

Ordering time: 0.00s

Barrier statistics:
 Dense cols : 17
 AA' NZ     : 5.264e+04
 Factor NZ  : 9.482e+04 (roughly 5 MBytes of memory)
 Factor Ops : 1.087e+07 (less than 1 second per iteration)
 Threads    : 3

                  Objective                Residual
Iter       Primal          Dual         Primal    Dual     Compl     Time
   0   0.00000000e+00 -2.68716628e+07  8.26e+09 0.00e+00  1.43e+06     0s
   1   0.00000000e+00 -6.95767725e+06  2.79e+09 1.02e-02  4.74e+05     0s
   2   0.00000000e+00 -3.13206119e+05  7.12e+08 1.39e-16  1.24e+05     0s
   3   0.00000000e+00 -1.53650775e+03  3.27e+04 4.44e-16  5.77e+00     0s
   4   0.00000000e+00 -1.15366658e+03  2.43e+04 2.56e-06  4.13e+00     0s
   5   0.00000000e+00 -1.37714321e+03  1.08e+04 7.28e-05  2.50e+00     0s
   6   0.00000000e+00 -1.32750305e+03  1.46e+03 7.11e-15  4.50e-01     0s
   7   0.00000000e+00 -1.11774795e+03  6.86e+02 1.42e-14  2.27e-01     0s

Barrier performed 7 iterations in 0.11 seconds
Barrier solve interrupted - model solved by another algorithm


Solved with dual simplex
Solved in 591 iterations and 0.11 seconds
Optimal objective  0.000000000e+00
