j3017_4.mm_s3.txt
Academic license - for non-commercial use only
Read LP format model from file lp/j3017_4.mm.lp
Reading time = 0.01 seconds
: 351 rows, 906 columns, 9053 nonzeros
OKGPU
nThreads: 1024 , nBlocks: 12 
Number cuts generated in the phase 1: 8
Number of repeat: 2 
violation 750.000000
violation 500.000000
violation 404.000000
violation 71.000000
violation 380.000000
violation 800.000000
8592 16
AQUIIII!!48 43 23 44 17 25 10 11 7 22 18 20 32 19 46 27 
AQUIIII!!48 46 44 20 18 17 27 11 19 7 32 10 43 25 23 22 
AQUIIII!!46 48 19 10 11 32 43 7 25 22 20 23 44 18 27 13 
AQUIIII!!48 7 43 44 18 AQUIIII!!13 20 20 27 43 19 23 23 10 25 22 32 25 32 7 11 9 46 
16 22 44 10 13 27 11 46 AQUIIII!!AQUIIII!!48 7 25 
44 46 46 20 25 32 22 18 28 44 12 23 32 10 8 27 17 43 18 AQUIIII!!20 22 7 19 44 7 23 22 43 17 9 48 46 11 
19 AQUIIII!!19 32 11 48 25 13 
27 20 AQUIIII!!10 10 48 27 20 17 22 23 44 25 32 18 43 43 8 23 48 12 AQUIIII!!19 46 32 
28 25 46 11 22 21 23 14 13 7 20 25 19 39 18 
7 9 10 46 AQUIIII!!11 20 27 20 7 43 28 23 44 19 16 13 32 48 45 22 AQUIIII!!48 
44 
48 18 17 10 8 13 7 7 46 27 43 23 43 12 18 25 25 48 22 
46 11 20 23 AQUIIII!!44 48 19 32 7 
44 18 25 10 46 17 23 32 27 43 19 11 20 22 
AQUIIII!!48 13 20 23 45 AQUIIII!!11 48 AQUIIII!!10 48 10 25 12 28 46 8 25 32 7 22 44 18 20 16 17 19 27 6 43 9 44 20 7 32 44 21 19 25 
23 17 18 43 46 46 28 12 22 32 
23 
AQUIIII!!19 46 48 7 11 23 43 20 32 10 27 25 13 44 22 9 
AQUIIII!!43 46 48 19 8 28 22 6 32 44 18 25 23 12 17 20 
AQUIIII!!6 17 32 18 25 22 19 12 8 20 28 23 44 43 46 48 
AQUIIII!!6 AQUIIII!!23 9 44 46 28 43 17 AQUIIII!!11 46 27 44 20 18 20 32 23 19 8 11 12 13 22 25 20 32 22 19 25 19 7 18 7 27 43 10 13 22 23 44 48 32 10 
48 25 
43 46 48 
AQUIIII!!AQUIIII!!48 46 37 23 6 27 23 10 18 16 11 19 14 44 45 29 8 20 AQUIIII!!28 21 48 15 23 17 7 17 12 9 44 13 25 18 
20 22 22 27 20 AQUIIII!!32 48 32 10 28 25 43 17 43 48 46 11 7 
8 19 44 46 18 
20 25 43 12 19 32 22 23 6 
AQUIIII!!48 32 46 9 16 20 23 11 AQUIIII!!25 45 27 7 22 13 44 43 10 9 21 25 27 
32 11 7 10 20 AQUIIII!!44 23 48 46 12 19 20 13 28 48 7 
46 8 23 43 25 17 19 44 18 22 32 
AQUIIII!!48 9 43 10 44 46 32 19 7 22 11 25 20 23 13 27 
AQUIIII!!46 48 27 13 11 22 20 25 10 7 32 43 23 9 44 19 
AQUIIII!!20 7 45 27 9 14 10 16 46 23 11 25 39 21 13 48 
AQUIIII!!27 23 9 22 11 43 10 44 32 20 46 25 7 19 13 48 
AQUIIII!!48 45 32 16 13 20 27 44 7 25 9 23 10 21 11 AQUIIII!!46 
18 22 8 17 20 46 7 25 44 32 28 43 23 12 AQUIIII!!48 20 19 44 
46 28 22 17 18 43 23 32 10 12 19 7 25 48 
AQUIIII!!19 9 AQUIIII!!46 48 25 44 17 AQUIIII!!32 10 7 22 7 13 32 20 22 20 16 27 20 9 46 27 23 7 27 18 13 43 11 11 37 11 23 25 15 29 23 44 19 AQUIIII!!43 21 
45 10 44 14 48 25 10 
18 48 28 
19 8 46 20 12 6 17 22 23 43 32 48 
AQUIIII!!48 10 28 23 17 44 46 22 20 25 AQUIIII!!18 48 32 46 12 7 43 32 7 19 19 25 
28 17 12 20 22 AQUIIII!!43 48 44 10 18 AQUIIII!!25 8 46 16 23 48 11 
7 20 44 13 17 39 25 45 28 46 20 9 43 21 18 27 23 23 12 7 32 14 8 
19 22 
AQUIIII!!32 23 8 19 44 43 6 20 28 46 17 22 18 25 12 48 
AQUIIII!!46 48 11 21 45 25 27 16 44 13 20 9 23 10 32 7 
AQUIIII!!25 43 32 22 23 10 12 19 44 46 7 28 18 17 20 48 
AQUIIII!!25 18 20 7 23 19 27 22 44 46 13 32 43 11 10 48 
AQUIIII!!17 AQUIIII!!44 8 43 20 12 23 17 22 44 32 32 25 12 23 19 28 25 19 6 6 18 22 43 46 28 18 8 20 46 48 48 

AQUIIII!!48 17 20 6 25 43 12 44 8 19 28 46 18 22 32 23 
AQUIIII!!19 20 25 18 32 44 27 22 11 23 43 7 13 10 46 48 
AQUIIII!!48 43 17 22 28 25 7 23 46 8 44 19 18 20 12 32 
AQUIIII!!46 48 28 7 25 23 17 12 19 44 18 43 10 22 32 20 
AQUIIII!!48 13 25 20 10 32 27 43 22 46 18 23 11 44 19 7 
AQUIIII!!25 11 17 44 AQUIIII!!22 48 18 10 27 17 20 22 7 46 11 19 32 25 46 44 23 32 43 27 10 18 48 7 
20 19 23 43 
AQUIIII!!10 22 17 25 7 43 20 23 46 18 32 28 12 19 AQUIIII!!44 22 23 48 20 
19 28 32 44 17 6 8 18 25 12 48 43 46 
AQUIIII!!48 7 9 46 44 25 43 10 23 11 19 13 22 20 27 32 
AQUIIII!!48 11 7 9 46 45 23 27 20 44 10 32 13 21 16 25 
AQUIIII!!19 22 23 18 20 43 8 44 25 6 28 46 32 12 17 48 
AQUIIII!!48 27 46 45 25 20 9 32 44 21 13 10 7 23 11 16 
AQUIIII!!48 11 43 46 10 44 22 25 19 27 20 17 7 32 23 AQUIIII!!18 25 
19 43 46 32 20 10 23 27 11 44 17 22 18 7 48 
AQUIIII!!48 23 32 20 17 7 44 46 10 22 11 27 25 18 19 43 
AQUIIII!!48 25 28 22 44 20 43 17 18 32 23 12 19 8 6 46 
AQUIIII!!48 AQUIIII!!23 48 20 22 12 10 43 13 25 21 44 46 19 8 9 46 25 17 45 23 18 27 20 39 28 32 11 6 16 
7 14 
AQUIIII!!21 27 11 13 46 39 25 16 14 20 45 9 23 10 7 48 
AQUIIII!!48 14 10 13 46 7 9 21 20 27 25 45 11 AQUIIII!!16 19 23 48 39 8 
32 25 46 22 6 17 18 43 28 12 23 44 20 
AQUIIII!!25 18 23 22 32 11 19 13 46 20 44 27 10 43 7 48 
AQUIIII!!48 13 27 46 44 25 23 19 9 AQUIIII!!32 17 22 28 43 6 20 11 22 7 18 10 43 
32 12 19 8 25 44 20 23 46 48 
AQUIIII!!48 23 9 46 27 39 14 45 21 16 11 13 25 20 10 7 
AQUIIII!!13 20 27 21 10 45 32 11 46 44 16 9 7 25 23 48 
AQUIIII!!48 21 14 27 16 9 7 25 13 AQUIIII!!39 11 25 46 12 20 23 23 6 45 10 22 
44 46 28 32 18 17 20 8 19 43 48 
AQUIIII!!28 12 8 22 23 46 17 44 32 6 20 25 43 18 48 19 
AQUIIII!!48 32 43 18 46 22 6 44 AQUIIII!!12 44 20 19 28 11 8 7 19 9 23 10 17 13 25 20 
43 27 22 46 32 25 23 48 
AQUIIII!!46 48 20 25 45 14 16 39 9 23 13 27 10 11 21 7 
AQUIIII!!46 19 28 32 25 7 AQUIIII!!22 48 AQUIIII!!8 37 20 44 21 44 46 12 20 27 18 14 32 17 29 23 23 9 22 43 20 48 10 16 
11 25 23 9 27 43 AQUIIII!!7 25 13 11 43 45 10 28 16 13 20 7 19 48 15 46 

7 44 10 12 17 22 23 18 32 48 
AQUIIII!!23 9 27 7 15 16 37 13 21 14 45 20 10 11 29 48 
AQUIIII!!9 16 27 46 7 10 13 32 44 20 23 11 25 45 21 48 
AQUIIII!!48 20 22 32 46 25 9 13 27 19 43 7 23 11 44 10 
AQUIIII!!43 9 32 7 44 23 13 20 46 27 22 16 25 11 10 48 AQUIIII!!
22 17 12 18 43 25 19 20 44 32 46 7 23 28 10 48 
AQUIIII!!48 27 46 22 7 25 43 9 11 19 13 44 20 AQUIIII!!32 23 48 10 9 
45 27 39 13 11 14 7 20 23 21 46 25 16 10 AQUIIII!!
20 7 27 11 19 43 25 13 46 23 10 32 18 44 22 48 
AQUIIII!!23 43 20 22 8 44 46 28 7 19 12 18 25 32 17 48 AQUIIII!!
46 48 16 23 11 25 21 20 27 10 7 45 39 9 14 13 
AQUIIII!!48 10 46 13 44 18 20 19 27 43 32 25 7 22 23 11 
AQUIIII!!16 11 7 23 22 27 25 32 43 13 46 10 9 44 20 48 
AQUIIII!!19 7 32 44 43 17 28 25 20 23 22 12 18 8 48 46 
AQUIIII!!48 6 23 28 12 43 AQUIIII!!32 48 27 25 11 44 7 22 10 20 18 19 25 22 18 43 46 32 8 44 17 46 
19 20 23 13 
AQUIIII!!48 7 23 19 32 20 46 11 43 27 25 18 13 44 10 22 
AQUIIII!!14 45 10 7 13 20 23 39 16 25 9 27 11 21 48 46 
AQUIIII!!13 16 44 45 10 9 25 21 AQUIIII!!11 7 19 23 48 20 27 27 43 32 46 44 9 48 
20 22 25 23 10 46 11 13 7 32 
AQUIIII!!48 44 28 19 8 AQUIIII!!43 12 48 18 23 7 13 22 9 17 11 23 45 46 7 25 10 32 44 20 16 
46 25 27 21 20 32 
AQUIIII!!13 11 25 14 45 46 16 27 20 7 23 9 10 39 21 48 
AQUIIII!!43 28 32 44 17 25 22 46 18 8 7 23 20 12 19 48 
AQUIIII!!25 32 13 27 20 46 43 22 23 16 10 9 44 7 11 48 
AQUIIII!!48 27 25 44 23 13 43 7 9 10 11 22 32 16 20 46 
AQUIIII!!48 37 7 10 15 16 45 21 11 13 27 29 20 9 14 23 
AQUIIII!!22 32 6 17 19 43 25 28 8 20 12 44 23 18 48 46 
AQUIIII!!17 7 46 20 43 18 23 27 19 32 22 11 10 44 25 48 
AQUIIII!!48 25 10 7 44 43 18 22 20 23 11 27 13 19 32 46 
AQUIIII!!48 43 19 23 32 20 17 6 18 12 44 46 22 25 28 8 
AQUIIII!!16 48 46 13 27 21 7 39 10 23 14 9 45 20 11 25 
AQUIIII!!23 18 17 11 20 7 22 27 25 32 10 43 44 19 48 46 
AQUIIII!!19 18 23 6 32 44 8 20 28 17 25 12 43 22 46 48 
AQUIIII!!44 22 19 27 10 17 18 11 7 20 25 43 23 32 48 46 
AQUIIII!!48 45 9 25 27 14 11 39 20 46 13 10 21 7 23 16 
AQUIIII!!16 48 14 7 13 27 37 23 9 29 11 45 21 20 15 10 
AQUIIII!!22 17 18 43 6 19 32 28 8 25 20 23 44 12 48 46 
AQUIIII!!48 23 13 27 9 39 20 10 16 46 14 11 25 21 45 7 
AQUIIII!!17 32 8 43 20 23 28 19 18 25 12 44 46 7 22 48 
AQUIIII!!11 32 25 10 43 44 19 23 18 46 20 13 27 7 22 48 
AQUIIII!!25 27 19 11 23 7 46 32 22 20 17 18 10 44 43 48 
AQUIIII!!48 7 23 19 46 32 22 8 17 43 28 44 18 20 25 12 
AQUIIII!!48 25 11 13 22 23 44 10 16 27 7 32 9 20 46 43 
AQUIIII!!10 45 13 11 9 7 20 27 23 25 32 16 21 44 48 46 
AQUIIII!!48 17 12 46 18 28 7 23 8 44 32 22 25 19 20 43 
AQUIIII!!27 7 9 13 25 32 44 20 16 46 43 23 22 10 11 48 
AQUIIII!!48 14 7 21 27 46 23 39 11 45 9 25 16 13 10 20 
AQUIIII!!28 25 22 43 32 17 12 7 23 20 19 8 18 44 48 46 
AQUIIII!!48 23 20 10 9 7 AQUIIII!!27 48 11 20 14 46 37 43 15 9 13 25 21 44 16 10 45 22 29 23 
11 7 16 32 13 27 
AQUIIII!!11 27 18 44 13 25 43 32 10 46 20 22 19 7 23 48 
AQUIIII!!48 32 11 25 19 23 20 17 44 27 10 7 43 22 18 46 
Number of Cuts in the second phase:3053
Number of repeat: 2897 
Violation: 500.000000
Violation: 500.000000
Violation: 109.000000
Violation: 200.000000
Violation: 250.000000
Violation: 224.000000
Violation: 1200.000000
Violation: 250.000000
Violation: 500.000000
Violation: 229.000000
Violation: 71.000000
Violation: 295.000000
Violation: 198.000000
Violation: 600.000000
Violation: 302.000000
Violation: 458.000000
Violation: 500.000000
Violation: 500.000000
Violation: 500.000000
Violation: 600.000000
Violation: 229.000000
Violation: 200.000000
Violation: 513.000000
Violation: 200.000000
Violation: 500.000000
Violation: 519.000000
Violation: 400.000000
Violation: 500.000000
Violation: 687.000000
Violation: 600.000000
Violation: 250.000000
Violation: 500.000000
Violation: 273.000000
Violation: 150.000000
Violation: 109.000000
Violation: 400.000000
Violation: 456.000000
Violation: 500.000000
Violation: 71.000000
Violation: 228.000000
Violation: 1198.000000
Violation: 200.000000
Violation: 600.000000
Violation: 1000.000000
Violation: 1200.000000
Violation: 200.000000
Violation: 224.000000
Violation: 500.000000
Violation: 250.000000
Violation: 73.000000
Violation: 459.000000
Violation: 200.000000
Violation: 400.000000
Violation: 418.000000
Violation: 1200.000000
Violation: 109.000000
Violation: 1198.000000
Violation: 500.000000
Violation: 600.000000
Violation: 400.000000
Violation: 151.000000
Violation: 500.000000
Violation: 200.000000
Violation: 250.000000
Violation: 1200.000000
Violation: 500.000000
Violation: 675.000000
Violation: 272.000000
Violation: 400.000000
Violation: 1000.000000
Violation: 500.000000
Violation: 529.000000
Violation: 600.000000
Violation: 1000.000000
Violation: 500.000000
Violation: 200.000000
Violation: 500.000000
Violation: 71.000000
Violation: 682.000000
Violation: 500.000000
Violation: 71.000000
Violation: 100.000000
Violation: 200.000000
Violation: 151.000000
Violation: 1000.000000
Violation: 599.000000
Violation: 200.000000
Violation: 73.000000
Violation: 200.000000
Violation: 289.000000
Violation: 224.000000
Violation: 200.000000
Violation: 531.000000
Violation: 108.000000
Violation: 200.000000
Violation: 500.000000
Violation: 380.000000
Violation: 108.000000
Violation: 200.000000
Violation: 750.000000
Violation: 600.000000
Violation: 500.000000
Violation: 198.000000
Violation: 198.000000
Violation: 200.000000
Violation: 500.000000
Violation: 1000.000000
Violation: 200.000000
Violation: 410.000000
Violation: 400.000000
Violation: 458.000000
Violation: 599.000000
Violation: 151.000000
Violation: 400.000000
Violation: 453.000000
Violation: 800.000000
Violation: 609.000000
Violation: 412.000000
Violation: 1000.000000
Violation: 1200.000000
Violation: 1200.000000
Violation: 250.000000
Violation: 206.000000
Violation: 205.000000
Violation: 218.000000
Violation: 531.000000
Violation: 84.000000
Violation: 199.000000
Violation: 500.000000
Violation: 206.000000
Violation: 1000.000000
Violation: 400.000000
Violation: 302.000000
Violation: 1000.000000
Violation: 200.000000
Violation: 500.000000
Violation: 1000.000000
Violation: 100.000000
Violation: 180.000000
Violation: 600.000000
Violation: 573.000000
Violation: 302.000000
Violation: 1000.000000
Violation: 42.000000
Violation: 71.000000
Violation: 151.000000
Violation: 198.000000
Violation: 1000.000000
Violation: 229.000000
Violation: 309.000000
Violation: 200.000000
Violation: 300.000000
Violation: 500.000000
Violation: 109.000000
Violation: 1000.000000
Violation: 414.000000
7404 16
AQUIIII!!48 10 43 46 7 44 28 18 23 20 25 19 17 22 32 12 
AQUIIII!!48 19 17 22 8 46 7 23 32 12 20 25 43 28 44 18 
AQUIIII!!46 48 44 7 12 20 28 8 AQUIIII!!23 43 48 19 19 18 22 32 13 25 43 22 20 17 27 
44 23 46 10 7 25 9 32 11 
AQUIIII!!46 48 23 17 19 20 18 12 8 22 28 44 43 32 7 25 
AQUIIII!!12 28 22 44 43 18 32 17 8 AQUIIII!!6 32 20 7 11 23 44 AQUIIII!!19 20 43 25 25 18 46 10 23 48 19 25 
43 27 44 18 19 AQUIIII!!23 48 17 13 16 32 22 20 8 46 27 48 22 7 
44 20 43 12 22 28 25 32 6 46 46 9 10 48 13 
11 23 
AQUIIII!!12 7 28 32 44 43 23 10 46 25 18 17 20 22 19 48 
AQUIIII!!48 19 23 46 20 10 43 7 27 32 25 18 44 22 11 17 
AQUIIII!!44 43 48 23 AQUIIII!!9 46 20 48 11 27 27 23 25 7 32 32 20 46 22 13 10 10 43 16 16 22 9 
13 7 44 25 11 
AQUIIII!!43 13 27 9 20 44 10 7 25 11 23 32 22 19 46 AQUIIII!!48 20 
23 22 10 17 44 32 25 43 19 11 AQUIIII!!46 25 27 7 17 18 6 48 28 
4 19 32 23 22 18 20 12 AQUIIII!!8 9 3 45 43 27 2 10 
39 7 21 11 20 AQUIIII!!14 48 25 20 46 37 13 45 16 9 23 7 48 15 
27 14 11 10 21 23 29 16 13 
AQUIIII!!7 9 29 15 10 45 20 14 27 23 11 37 13 21 16 48 
AQUIIII!!37 29 13 20 27 14 45 7 AQUIIII!!23 48 16 10 21 18 15 23 11 10 44 9 25 11 13 48 46 
20 AQUIIII!!32 48 27 7 21 43 9 19 23 22 15 
13 45 16 27 20 AQUIIII!!29 11 14 29 7 21 37 7 10 15 11 9 
27 13 23 16 45 37 14 20 10 48 
AQUIIII!!48 46 44 13 43 32 7 11 22 25 10 23 19 20 27 9 
AQUIIII!!48 16 14 27 23 13 9 25 46 10 39 20 21 11 7 45 
AQUIIII!!44 6 18 19 32 8 43 23 20 22 12 17 25 46 28 48 
AQUIIII!!12 20 17 32 25 19 18 22 23 46 8 43 28 44 7 48 
AQUIIII!!48 7 11 20 43 16 9 46 44 23 AQUIIII!!25 48 22 32 32 43 13 20 10 28 27 25 
22 46 6 19 18 AQUIIII!!12 48 44 19 8 44 17 22 23 46 
28 6 25 12 18 23 32 8 20 43 17 
AQUIIII!!20 8 12 43 22 28 7 18 25 44 46 32 23 17 19 48 
AQUIIII!!45 AQUIIII!!19 46 AQUIIII!!23 44 20 7 7 43 22 27 12 10 23 17 23 20 32 AQUIIII!!10 43 20 AQUIIII!!16 46 27 28 48 11 25 19 23 32 23 44 18 9 46 43 46 21 12 32 22 22 13 7 18 44 25 25 8 43 48 25 32 48 19 
32 
19 25 17 11 44 28 8 13 7 20 46 48 28 10 
7 18 44 17 18 22 20 12 48 

AQUIIII!!19 48 32 43 20 11 10 AQUIIII!!25 48 7 7 13 16 27 23 44 39 22 27 9 20 23 11 46 9 
25 45 10 14 46 13 AQUIIII!!21 48 
46 18 23 32 27 17 22 44 43 10 7 11 25 20 19 
AQUIIII!!12 32 19 23 7 43 25 20 17 18 28 22 8 44 46 48 
AQUIIII!!48 25 12 17 7 28 44 23 8 43 18 20 22 32 46 19 
AQUIIII!!46 AQUIIII!!48 46 39 19 11 48 45 25 7 11 10 17 21 22 AQUIIII!!14 10 7 23 44 20 20 27 16 23 23 9 AQUIIII!!18 19 25 7 21 17 AQUIIII!!27 20 11 13 43 43 23 
25 32 22 10 
32 23 28 28 14 44 16 7 18 27 25 25 9 46 12 45 10 7 18 46 10 20 48 20 
43 39 13 17 46 44 48 22 
12 32 48 19 
AQUIIII!!10 43 20 13 27 32 46 44 16 23 7 9 AQUIIII!!25 43 11 32 22 23 48 44 
28 12 25 18 7 20 17 8 46 19 22 48 
AQUIIII!!AQUIIII!!25 25 7 21 32 7 20 11 19 27 11 20 22 23 10 9 44 45 9 32 16 43 10 23 44 27 13 46 48 13 46 48 

AQUIIII!!48 46 19 10 44 7 22 32 20 18 27 13 23 11 25 43 
AQUIIII!!43 44 48 9 10 13 27 22 25 20 7 46 16 23 11 32 
AQUIIII!!46 18 32 19 7 44 10 22 23 17 28 20 25 43 12 48 
AQUIIII!!43 32 7 22 8 44 19 18 25 28 12 23 17 20 AQUIIII!!48 8 46 46 
6 19 43 28 17 23 22 44 25 32 18 20 12 48 
AQUIIII!!10 22 7 25 19 43 32 46 20 18 44 11 17 23 27 AQUIIII!!48 48 
10 11 13 20 32 7 44 27 22 46 16 43 25 23 9 
AQUIIII!!46 48 25 19 18 8 44 12 17 20 28 32 6 23 43 22 
AQUIIII!!48 22 17 27 7 10 46 20 19 25 32 23 43 44 11 18 
AQUIIII!!46 13 32 10 22 7 20 11 44 43 23 25 19 27 9 48 
AQUIIII!!48 7 13 11 46 16 39 21 45 23 20 14 10 9 25 27 
AQUIIII!!48 25 9 44 21 20 10 11 7 45 13 46 16 23 27 32 
AQUIIII!!48 23 10 43 28 19 12 20 46 32 17 7 25 18 44 22 
AQUIIII!!13 20 18 32 22 23 44 10 19 7 25 46 43 27 11 48 
AQUIIII!!19 48 11 20 9 7 27 25 44 32 23 43 46 13 22 10 
AQUIIII!!48 7 20 44 23 22 10 46 25 43 32 17 27 11 18 19 
AQUIIII!!25 45 20 14 10 27 39 13 16 11 21 7 9 23 46 48 
AQUIIII!!AQUIIII!!21 28 20 32 45 19 16 44 6 13 44 25 22 27 43 46 20 7 8 11 25 9 18 10 32 23 23 17 48 
12 48 46 
AQUIIII!!48 14 7 21 15 16 45 37 13 29 23 10 20 9 27 11 
AQUIIII!!46 48 19 9 11 27 25 43 13 32 22 7 23 10 44 20 
AQUIIII!!48 14 23 21 13 45 9 37 29 15 11 10 27 7 20 16 
AQUIIII!!46 48 20 6 25 23 12 17 19 32 22 28 18 44 43 8 
AQUIIII!!32 20 17 25 12 8 46 23 28 7 44 43 18 22 19 48 
AQUIIII!!45 44 9 20 27 16 7 32 13 10 23 25 21 46 11 48 
AQUIIII!!11 32 7 16 20 9 44 43 22 23 25 27 46 13 10 48 
AQUIIII!!48 46 44 43 23 32 28 18 22 17 12 7 19 20 25 10 
AQUIIII!!48 10 18 43 25 28 23 32 12 7 19 44 46 20 17 22 
AQUIIII!!28 23 46 8 43 19 12 32 6 20 44 25 22 17 18 48 
AQUIIII!!32 10 20 12 19 25 43 7 44 17 46 23 28 22 18 48 
AQUIIII!!48 23 20 7 43 44 25 27 11 19 18 10 22 46 17 32 
AQUIIII!!8 46 43 20 6 32 44 18 25 23 19 22 17 12 28 48 
AQUIIII!!23 22 20 13 18 11 25 43 32 19 7 44 27 10 46 48 
AQUIIII!!7 9 AQUIIII!!27 27 25 32 13 23 23 44 11 10 10 20 11 45 22 20 25 16 17 32 43 44 46 46 7 21 19 48 18 48 

AQUIIII!!44 9 7 16 23 45 13 10 11 32 21 27 25 20 48 46 
AQUIIII!!19 23 43 22 44 32 20 25 6 17 18 46 12 8 28 48 
AQUIIII!!48 28 17 46 20 43 10 19 12 25 7 18 32 23 22 44 
AQUIIII!!19 48 11 23 25 32 7 22 46 27 10 44 13 43 9 20 
AQUIIII!!20 18 25 32 43 23 44 12 6 17 28 22 46 19 8 48 
AQUIIII!!48 46 32 13 20 25 10 44 23 9 16 7 45 27 21 11 
AQUIIII!!43 10 9 46 11 16 22 32 23 44 13 27 7 20 25 48 
AQUIIII!!32 13 45 21 AQUIIII!!25 21 46 16 9 27 39 44 23 10 10 20 27 7 45 9 14 23 11 13 48 16 
46 7 25 11 20 48 AQUIIII!!
46 44 7 25 43 32 22 13 11 20 19 23 10 18 27 48 
AQUIIII!!16 48 11 10 46 27 9 14 25 7 23 39 45 13 20 21 
AQUIIII!!21 46 44 7 10 45 9 13 11 16 23 32 27 25 20 48 
AQUIIII!!48 23 13 32 11 18 43 27 19 46 25 AQUIIII!!7 48 10 25 44 22 20 19 22 9 
11 27 46 20 44 23 7 32 10 13 43 
AQUIIII!!43 48 46 7 9 25 19 27 32 22 13 11 23 20 44 10 
AQUIIII!!23 27 44 32 13 20 10 21 11 46 9 25 7 45 16 48 
AQUIIII!!23 27 44 32 13 20 10 21 11 46 9 25 7 45 16 48 
AQUIIII!!32 17 10 12 22 23 25 20 7 28 46 19 44 43 18 48 
AQUIIII!!48 11 18 20 32 44 46 19 23 43 7 17 25 27 22 10 
AQUIIII!!18 19 13 25 43 27 32 44 46 7 20 23 10 22 11 48 
AQUIIII!!48 43 20 17 7 19 32 44 28 23 25 18 12 22 46 10 AQUIIII!!
48 17 7 25 18 44 8 AQUIIII!!23 43 48 20 19 46 10 22 32 19 11 32 28 18 12 23 
43 46 44 20 13 27 7 25 22 
AQUIIII!!48 46 10 32 11 9 22 44 27 16 20 43 23 13 7 25 
AQUIIII!!17 8 12 25 44 22 6 19 28 20 32 18 23 43 48 46 
AQUIIII!!48 11 22 23 44 27 10 32 7 13 9 20 46 19 25 43 
AQUIIII!!48 13 43 25 23 22 16 46 44 27 32 11 10 20 9 7 
AQUIIII!!48 12 23 44 28 17 32 18 AQUIIII!!22 10 7 27 8 46 25 20 19 43 43 19 20 32 46 22 
7 13 18 44 23 25 11 48 
AQUIIII!!48 46 23 28 20 43 8 18 44 19 7 12 17 22 32 25 
AQUIIII!!32 45 23 13 9 46 25 10 44 21 16 7 20 11 27 48 
AQUIIII!!48 11 16 9 27 39 23 25 20 14 10 45 AQUIIII!!46 22 7 46 21 25 13 20 
23 44 32 18 43 10 28 7 19 17 12 48 
AQUIIII!!48 32 23 22 25 27 46 44 20 43 13 7 11 16 10 9 
AQUIIII!!AQUIIII!!48 48 7 AQUIIII!!25 16 48 23 20 10 18 27 23 28 23 21 45 20 16 11 12 7 25 13 19 32 39 17 21 27 7 9 14 8 46 20 22 13 9 44 11 44 46 10 25 43 46 
32 45 

AQUIIII!!46 16 10 25 11 23 45 20 9 7 14 27 21 13 39 48 
AQUIIII!!15 45 11 7 14 21 16 29 27 20 9 37 10 13 23 AQUIIII!!48 48 
10 23 44 45 25 27 32 11 13 21 46 16 20 9 7 
AQUIIII!!13 22 7 10 19 27 20 44 23 43 25 18 AQUIIII!!11 48 32 10 46 11 48 9 
45 AQUIIII!!46 48 20 7 27 46 25 32 13 27 39 44 16 21 10 7 18 14 19 23 43 
23 11 22 20 17 25 
AQUIIII!!48 7 27 44 11 25 18 22 13 23 19 32 20 43 46 10 
AQUIIII!!48 25 23 13 44 18 43 32 20 10 19 11 22 7 27 46 
AQUIIII!!43 48 44 7 22 16 13 46 9 32 25 11 10 27 23 20 
AQUIIII!!48 43 23 27 13 16 44 20 46 32 9 10 25 7 11 22 
AQUIIII!!16 27 10 44 46 32 11 25 7 20 9 22 23 13 43 48 
AQUIIII!!25 9 44 43 46 16 13 27 10 11 22 23 7 32 20 48 
AQUIIII!!48 7 21 20 13 45 27 44 11 16 25 32 10 23 9 46 
AQUIIII!!17 27 7 10 32 20 23 11 19 44 22 25 18 48 46 43 
Number of Cuts in the second phase:2724
Number of repeat: 2679 
Violation: 573.000000
Violation: 418.000000
Violation: 228.000000
Violation: 216.000000
Violation: 1000.000000
Violation: 800.000000
Violation: 200.000000
Violation: 500.000000
Violation: 600.000000
Violation: 479.000000
Violation: 400.000000
Violation: 200.000000
Violation: 260.000000
Violation: 500.000000
Violation: 500.000000
Violation: 599.000000
Violation: 250.000000
Violation: 73.000000
Violation: 1250.000000
Violation: 1200.000000
Violation: 250.000000
Violation: 128.000000
Violation: 200.000000
Violation: 628.000000
Violation: 200.000000
Violation: 400.000000
Violation: 500.000000
Violation: 379.000000
Violation: 228.000000
Violation: 750.000000
Violation: 151.000000
Violation: 500.000000
Violation: 400.000000
Violation: 586.000000
Violation: 200.000000
Violation: 1000.000000
Violation: 49.000000
Violation: 453.000000
Violation: 229.000000
Violation: 500.000000
Violation: 400.000000
Violation: 264.000000
Violation: 400.000000
Violation: 597.000000
Violation: 498.000000
took 4.083261
Optimize a model with 565 rows, 906 columns and 9889 nonzeros
Coefficient statistics:
  Matrix range     [1e+00, 4e+01]
  Objective range  [0e+00, 0e+00]
  Bounds range     [1e+00, 4e+01]
  RHS range        [1e+00, 1e+02]
Presolve removed 324 rows and 109 columns
Presolve time: 0.00s
Presolved: 241 rows, 797 columns, 8463 nonzeros

Iteration    Objective       Primal Inf.    Dual Inf.      Time
       0    0.0000000e+00   4.408044e+01   0.000000e+00      0s
     130    0.0000000e+00   0.000000e+00   0.000000e+00      0s

Solved in 130 iterations and 0.01 seconds
Optimal objective  0.000000000e+00
