j609_3.sm_s2.txt
Academic license - for non-commercial use only
Read LP format model from file lp/j609_3.sm.lp
Reading time = 0.03 seconds
: 797 rows, 3410 columns, 67183 nonzeros
OKGPU
nThreads: 1024 , nBlocks: 12 
Number cuts generated in the phase 1: 8
Number of repeat: 0 
violation 472.000000
violation 576.000000
violation 625.000000
violation 594.000000
violation 622.000000
violation 209.000000
violation 5.000000
violation 50.000000
8592 16
AQUIIII!!107 64 40 2 38 AQUIIII!!62 107 14 25 15 64 61 62 3 66 16 16 113 37 36 25 61 106 37 36 40 
108 66 15 3 2 38 
AQUIIII!!108 106 15 66 64 40 62 25 107 38 16 3 37 2 36 61 
AQUIIII!!63 66 39 30 8 44 18 111 17 41 28 112 6 62 109 110 
AQUIIII!!35 61 106 AQUIIII!!36 106 13 24 34 23 14 2 67 23 1 35 67 25 24 36 99 61 66 14 38 1 34 2 66 99 12 107 
107 
AQUIIII!!15 62 36 25 113 16 61 37 108 38 27 66 3 64 40 107 
AQUIIII!!107 62 38 113 108 37 61 27 64 16 3 66 36 40 25 15 
AQUIIII!!29 AQUIIII!!62 110 5 38 109 4 108 29 39 61 62 63 15 7 66 16 6 61 66 18 26 64 8 112 25 
113 27 3 37 40 107 
AQUIIII!!110 109 18 6 111 28 112 63 7 41 62 39 61 26 66 8 
AQUIIII!!41 AQUIIII!!8 107 18 16 6 36 61 38 62 15 1 63 66 5 61 7 57 66 2 28 85 26 14 112 37 39 106 110 3 109 25 

AQUIIII!!41 8 18 6 61 62 63 5 7 66 28 26 112 39 110 109 
AQUIIII!!25 62 40 3 64 66 15 61 37 16 14 36 38 106 2 107 
AQUIIII!!3 25 2 61 14 38 1 35 15 24 36 106 66 85 57 107 
AQUIIII!!2 57 85 24 AQUIIII!!35 36 61 85 1 16 36 106 25 3 106 2 38 66 61 15 35 14 57 3 15 107 38 
25 1 66 14 107 
AQUIIII!!26 112 28 8 63 61 62 41 AQUIIII!!17 106 107 66 66 36 6 2 111 15 3 18 14 39 61 16 110 37 25 109 62 40 
64 38 
AQUIIII!!26 112 28 8 63 61 62 41 17 66 6 111 18 39 110 109 
AQUIIII!!108 109 7 113 26 110 66 27 39 5 4 61 112 29 62 64 
AQUIIII!!107 1 35 23 106 36 13 24 14 12 99 61 67 2 66 34 
AQUIIII!!107 35 14 61 66 106 24 23 13 12 67 34 36 99 2 1 
AQUIIII!!38 64 3 25 62 61 66 113 37 15 29 40 27 16 108 107 
AQUIIII!!37 25 40 64 106 3 36 61 108 16 15 2 62 38 66 107 
AQUIIII!!64 27 40 113 25 38 62 3 16 66 61 37 29 15 108 107 
AQUIIII!!107 106 25 16 66 57 2 15 85 38 36 1 35 14 61 3 
AQUIIII!!107 106 25 16 66 57 2 15 85 38 36 1 35 14 61 3 
AQUIIII!!107 38 40 2 25 106 66 61 37 36 108 62 15 16 3 64 
AQUIIII!!108 15 3 61 37 2 25 64 38 36 66 62 16 40 106 107 
AQUIIII!!37 40 15 106 2 38 64 36 14 3 16 61 62 66 25 107 
AQUIIII!!108 5 110 27 AQUIIII!!108 64 110 112 7 4 39 113 26 62 109 7 61 39 66 26 29 27 4 66 113 40 62 61 
29 5 64 109 
AQUIIII!!110 109 30 66 39 62 17 6 41 112 8 44 111 28 18 63 
AQUIIII!!112 26 66 63 7 39 8 61 6 62 18 4 5 29 110 109 
AQUIIII!!64 66 26 27 61 109 112 5 4 7 113 62 29 39 110 108 
AQUIIII!!64 66 26 27 61 109 112 5 4 7 113 62 29 39 110 108 
AQUIIII!!107 64 16 62 37 25 38 2 3 AQUIIII!!113 1 108 99 66 36 15 25 61 24 36 61 40 35 
3 14 106 34 66 38 2 67 AQUIIII!!107 61 
17 39 111 8 66 112 6 18 AQUIIII!!26 107 28 106 63 41 23 61 62 109 1 110 35 
36 2 24 99 34 67 13 25 66 14 
AQUIIII!!24 106 99 67 61 23 66 13 36 1 14 35 34 2 25 107 
AQUIIII!!107 24 13 1 23 34 12 67 36 14 66 35 61 106 2 99 
AQUIIII!!107 85 38 15 25 61 57 1 2 3 14 35 24 106 66 36 
AQUIIII!!107 24 61 106 38 36 2 66 14 57 25 15 85 35 3 1 
AQUIIII!!110 109 111 63 26 18 112 62 28 61 66 6 41 39 8 17 
AQUIIII!!62 66 28 39 8 4 26 112 7 6 5 61 18 63 109 110 
AQUIIII!!107 15 40 64 16 108 113 38 25 27 61 37 62 66 3 29 
AQUIIII!!107 36 3 85 57 16 66 2 38 1 14 61 25 15 106 35 
AQUIIII!!107 106 23 61 1 35 36 2 24 99 34 67 13 25 66 14 
AQUIIII!!107 27 37 15 64 61 66 38 62 25 113 40 108 3 29 16 
AQUIIII!!64 113 29 109 39 66 27 62 5 61 40 4 26 7 110 108 
AQUIIII!!2 3 16 61 38 15 106 14 37 40 64 36 25 62 66 107 
AQUIIII!!107 64 16 108 3 66 113 62 15 37 36 40 61 25 38 27 
AQUIIII!!61 38 15 62 16 25 64 66 113 27 36 37 40 107 108 3 
AQUIIII!!34 25 2 106 3 35 38 36 14 61 67 24 1 99 66 107 
AQUIIII!!40 3 37 2 15 108 36 62 64 38 25 113 61 16 66 107 
AQUIIII!!107 38 2 36 25 15 106 14 1 24 85 61 57 3 66 35 
AQUIIII!!99 34 61 2 13 35 66 1 23 24 67 106 12 36 14 107 
AQUIIII!!107 16 108 3 62 37 25 40 66 38 27 15 113 61 64 36 
AQUIIII!!14 66 40 15 37 36 62 38 61 106 2 64 25 3 16 107 
AQUIIII!!106 107 64 61 66 2 108 3 62 15 38 36 25 37 16 40 
AQUIIII!!2 66 57 25 3 61 85 38 14 36 16 37 106 1 15 107 
AQUIIII!!106 107 40 37 38 16 2 108 36 25 3 15 62 64 61 66 
AQUIIII!!14 25 AQUIIII!!61 15 36 57 3 35 3 24 85 15 36 57 38 106 14 35 66 38 1 66 61 1 24 25 2 2 85 107 107 106 

AQUIIII!!64 62 108 38 113 25 16 66 2 37 36 61 3 15 40 107 
AQUIIII!!107 14 61 36 2 13 106 66 34 35 99 24 23 25 67 1 
AQUIIII!!107 15 61 37 29 38 66 62 3 113 25 27 40 16 108 64 
AQUIIII!!107 106 13 35 23 34 99 66 24 2 67 36 12 14 1 61 
AQUIIII!!5 4 110 109 62 63 26 28 39 7 6 66 61 18 8 112 
AQUIIII!!109 110 8 7 4 6 5 66 62 26 112 29 61 39 27 63 
AQUIIII!!61 1 36 35 106 99 14 13 34 23 24 67 66 2 12 107 
AQUIIII!!107 38 61 3 15 64 40 36 2 106 66 62 25 37 16 14 
AQUIIII!!37 25 2 61 15 64 38 108 36 106 40 62 3 16 66 107 
AQUIIII!!107 1 24 35 2 13 25 36 61 34 99 106 67 23 66 14 
AQUIIII!!107 36 15 85 25 57 1 35 38 106 61 24 3 66 14 2 AQUIIII!!
67 35 34 1 24 36 25 13 66 2 99 106 14 23 61 107 
AQUIIII!!107 99 35 24 14 106 2 23 1 12 67 36 66 13 34 61 
AQUIIII!!44 111 17 41 39 63 62 112 28 8 30 6 18 66 110 109 
AQUIIII!!109 110 111 66 112 63 44 62 8 18 17 9 30 6 28 41 
AQUIIII!!108 110 66 27 26 4 39 64 112 109 61 5 113 7 62 29 
AQUIIII!!7 63 5 6 112 8 26 41 39 18 28 61 62 66 110 109 
AQUIIII!!107 16 85 1 3 2 66 57 106 36 14 25 15 38 37 61 
AQUIIII!!14 66 1 61 106 57 2 3 15 38 36 85 16 25 37 107 
AQUIIII!!107 64 3 36 38 61 62 25 15 113 16 66 40 108 37 27 
AQUIIII!!107 14 1 13 61 106 36 67 34 23 2 35 24 12 66 99 
AQUIIII!!27 5 7 29 39 113 40 26 61 64 108 66 62 4 110 109 
AQUIIII!!18 26 8 28 39 6 66 61 41 63 17 112 111 62 110 109 
AQUIIII!!66 67 2 61 23 14 35 36 106 24 99 13 25 1 34 107 
AQUIIII!!107 66 38 106 36 15 14 3 2 61 25 16 35 85 1 57 
AQUIIII!!57 38 85 14 66 25 3 35 106 61 15 36 2 1 16 107 
AQUIIII!!2 25 66 38 37 14 36 106 15 64 16 3 62 40 61 107 
AQUIIII!!107 14 2 106 66 15 36 3 57 16 61 35 38 25 1 85 
AQUIIII!!66 39 112 61 28 18 62 26 4 6 5 7 63 8 110 109 
AQUIIII!!16 64 25 2 37 15 36 62 40 66 38 3 108 113 61 107 
AQUIIII!!36 2 24 3 1 106 67 38 34 66 61 25 35 14 99 107 
AQUIIII!!109 110 64 112 61 5 113 62 26 7 39 66 108 29 27 4 
AQUIIII!!36 106 1 14 66 85 25 57 15 38 2 3 16 61 35 107 
AQUIIII!!34 24 67 66 99 1 23 61 38 14 25 36 35 2 107 106 
AQUIIII!!108 110 4 113 62 7 39 26 27 66 40 61 29 5 64 109 
AQUIIII!!109 5 4 7 112 62 113 39 66 108 61 26 64 29 27 110 
AQUIIII!!107 37 27 108 38 61 15 36 3 64 16 25 40 66 113 62 
AQUIIII!!107 25 15 57 16 37 66 3 36 106 38 61 14 85 2 1 
AQUIIII!!24 57 35 1 15 106 61 36 66 85 14 25 2 3 38 107 
AQUIIII!!2 36 37 40 25 14 15 3 66 62 106 61 16 64 38 107 
AQUIIII!!66 36 16 2 108 62 15 25 38 40 106 37 61 3 64 107 
AQUIIII!!7 6 61 62 29 39 26 113 66 5 4 27 112 64 109 110 
AQUIIII!!107 AQUIIII!!1 107 15 61 2 1 35 25 2 61 24 57 3 99 24 3 36 38 14 106 66 66 67 38 85 25 35 
34 36 106 14 
AQUIIII!!107 2 3 67 1 35 34 14 25 99 61 38 66 24 106 36 
AQUIIII!!113 66 38 64 2 40 61 16 25 62 108 36 37 15 3 107 
AQUIIII!!35 99 24 14 1 66 106 23 61 38 25 2 34 36 67 107 
AQUIIII!!107 36 34 12 14 106 23 2 24 99 1 35 66 61 13 67 
AQUIIII!!107 106 23 36 35 24 14 13 99 2 66 25 34 67 1 61 
AQUIIII!!107 62 16 14 106 2 66 36 15 61 38 64 25 40 37 3 
AQUIIII!!108 3 16 37 25 27 61 38 15 40 64 66 29 62 113 107 
AQUIIII!!109 108 26 7 27 61 112 29 5 64 39 110 4 66 62 113 
AQUIIII!!8 26 17 63 18 28 61 66 111 41 62 112 39 6 110 109 
AQUIIII!!107 25 67 36 34 99 66 106 14 61 13 1 2 35 24 23 
AQUIIII!!36 15 14 24 57 66 85 38 61 25 35 3 1 2 106 107 
AQUIIII!!36 15 14 24 57 66 85 38 61 25 35 3 1 2 106 107 
AQUIIII!!2 67 106 99 61 36 24 38 1 34 25 14 23 66 35 107 
AQUIIII!!107 14 61 35 25 24 67 23 36 34 99 2 1 66 106 13 
AQUIIII!!109 110 18 6 26 112 61 111 63 62 8 28 39 66 41 17 
AQUIIII!!113 62 27 5 7 64 26 6 4 61 112 29 66 39 109 110 
AQUIIII!!85 2 14 25 57 3 1 66 37 16 61 36 38 15 107 106 
AQUIIII!!14 34 106 2 61 36 25 1 24 35 13 67 66 23 99 107 
AQUIIII!!110 109 41 66 61 63 111 39 8 112 28 26 62 17 6 18 
Number of Cuts in the second phase:2065
Number of repeat: 1851 
Violation: 496.000000
Violation: 439.000000
Violation: 94.000000
Violation: 81.000000
Violation: 719.000000
Violation: 872.000000
Violation: 917.000000
Violation: 16.000000
Violation: 72.000000
Violation: 360.000000
Violation: 568.000000
Violation: 629.000000
Violation: 480.000000
Violation: 976.000000
Violation: 282.000000
Violation: 42.000000
Violation: 313.000000
Violation: 1008.000000
Violation: 359.000000
Violation: 93.000000
Violation: 158.000000
Violation: 440.000000
Violation: 832.000000
Violation: 703.000000
Violation: 190.000000
Violation: 616.000000
Violation: 335.000000
Violation: 40.000000
Violation: 831.000000
Violation: 1040.000000
Violation: 649.000000
Violation: 116.000000
Violation: 410.000000
Violation: 478.000000
Violation: 675.000000
Violation: 1480.000000
Violation: 174.000000
Violation: 110.000000
Violation: 208.000000
Violation: 334.000000
Violation: 1181.000000
Violation: 30.000000
Violation: 274.000000
Violation: 986.000000
Violation: 168.000000
Violation: 57.000000
Violation: 134.000000
Violation: 144.000000
Violation: 773.000000
Violation: 304.000000
Violation: 155.000000
Violation: 189.000000
Violation: 144.000000
Violation: 344.000000
Violation: 875.000000
Violation: 296.000000
Violation: 8.000000
Violation: 145.000000
Violation: 1117.000000
Violation: 340.000000
Violation: 136.000000
Violation: 680.000000
Violation: 192.000000
Violation: 190.000000
Violation: 472.000000
Violation: 152.000000
Violation: 339.000000
Violation: 1344.000000
Violation: 87.000000
Violation: 1102.000000
Violation: 686.000000
Violation: 696.000000
Violation: 696.000000
Violation: 65.000000
Violation: 659.000000
Violation: 168.000000
Violation: 25.000000
Violation: 746.000000
Violation: 1000.000000
Violation: 281.000000
Violation: 776.000000
Violation: 303.000000
Violation: 1007.000000
Violation: 238.000000
Violation: 48.000000
Violation: 125.000000
Violation: 110.000000
Violation: 345.000000
Violation: 517.000000
Violation: 560.000000
Violation: 568.000000
Violation: 850.000000
Violation: 538.000000
Violation: 491.000000
Violation: 822.000000
Violation: 74.000000
Violation: 570.000000
Violation: 430.000000
Violation: 282.000000
Violation: 1008.000000
Violation: 882.000000
Violation: 187.000000
Violation: 545.000000
Violation: 284.000000
Violation: 612.000000
Violation: 115.000000
Violation: 423.000000
Violation: 344.000000
Violation: 114.000000
Violation: 898.000000
Violation: 806.000000
Violation: 513.000000
Violation: 266.000000
Violation: 1058.000000
Violation: 528.000000
Violation: 736.000000
Violation: 648.000000
Violation: 47.000000
Violation: 170.000000
Violation: 958.000000
Violation: 129.000000
Violation: 253.000000
Violation: 397.000000
Violation: 109.000000
Violation: 469.000000
Violation: 960.000000
Violation: 341.000000
Violation: 417.000000
Violation: 912.000000
Violation: 272.000000
Violation: 222.000000
Violation: 1245.000000
Violation: 112.000000
Violation: 601.000000
Violation: 64.000000
Violation: 559.000000
Violation: 142.000000
Violation: 618.000000
Violation: 64.000000
Violation: 731.000000
Violation: 578.000000
Violation: 260.000000
Violation: 121.000000
Violation: 334.000000
Violation: 498.000000
Violation: 984.000000
Violation: 200.000000
Violation: 498.000000
Violation: 456.000000
Violation: 792.000000
Violation: 385.000000
Violation: 383.000000
Violation: 912.000000
Violation: 344.000000
Violation: 1066.000000
Violation: 391.000000
Violation: 561.000000
Violation: 1112.000000
Violation: 304.000000
Violation: 480.000000
Violation: 314.000000
Violation: 79.000000
Violation: 563.000000
Violation: 1134.000000
Violation: 84.000000
Violation: 615.000000
Violation: 435.000000
Violation: 292.000000
Violation: 1242.000000
Violation: 607.000000
Violation: 152.000000
Violation: 88.000000
Violation: 57.000000
Violation: 656.000000
Violation: 1056.000000
Violation: 234.000000
Violation: 1014.000000
Violation: 382.000000
Violation: 957.000000
Violation: 454.000000
Violation: 340.000000
Violation: 1203.000000
Violation: 1046.000000
Violation: 951.000000
Violation: 154.000000
Violation: 22.000000
Violation: 10.000000
Violation: 920.000000
Violation: 411.000000
Violation: 478.000000
Violation: 234.000000
Violation: 818.000000
Violation: 360.000000
Violation: 985.000000
Violation: 584.000000
Violation: 682.000000
Violation: 657.000000
Violation: 1142.000000
Violation: 295.000000
Violation: 7.000000
Violation: 15.000000
Violation: 938.000000
Violation: 405.000000
Violation: 176.000000
Violation: 239.000000
Violation: 175.000000
Violation: 558.000000
Violation: 146.000000
Violation: 18.000000
Violation: 392.000000
Violation: 498.000000
Violation: 1222.000000
Violation: 704.000000
Violation: 145.000000
8592 16
AQUIIII!!107 106 99 14 1 AQUIIII!!2 107 34 24 61 35 23 25 1 2 67 99 36 38 66 67 38 25 24 66 35 61 
14 106 23 34 36 
AQUIIII!!107 3 113 25 61 15 AQUIIII!!40 107 66 61 38 25 37 14 108 85 36 38 64 16 2 1 62 36 16 15 
2 57 35 66 3 106 
AQUIIII!!110 109 4 39 62 29 27 63 8 7 66 112 26 61 AQUIIII!!5 107 6 106 
99 14 1 2 34 61 23 25 67 36 66 38 24 35 
AQUIIII!!106 107 36 3 64 25 16 37 15 61 40 108 38 2 62 66 
AQUIIII!!2 25 1 106 16 14 38 66 36 3 57 15 35 61 85 107 
AQUIIII!!107 15 14 16 1 2 3 61 66 36 38 57 35 25 106 85 
AQUIIII!!66 106 36 16 14 AQUIIII!!64 3 64 16 37 15 29 15 62 66 61 113 25 38 61 2 3 37 40 25 107 27 
38 40 108 62 107 
AQUIIII!!107 66 35 16 106 1 3 14 85 61 15 36 57 2 38 25 
AQUIIII!!63 44 111 28 112 18 6 41 66 9 30 8 62 17 109 110 
AQUIIII!!107 25 3 66 85 2 36 106 14 16 1 38 37 61 57 15 
AQUIIII!!107 AQUIIII!!66 107 36 61 24 106 13 14 14 34 61 35 99 36 25 35 2 24 99 3 34 1 67 67 38 1 
23 25 66 2 106 
AQUIIII!!25 AQUIIII!!61 35 66 66 16 67 40 34 27 2 38 38 99 64 3 113 61 62 25 15 1 37 36 29 14 3 24 106 108 107 107 

AQUIIII!!4 108 29 27 66 112 61 113 5 64 7 26 39 62 109 110 
AQUIIII!!67 2 99 34 14 106 38 35 23 25 61 24 1 66 36 107 
AQUIIII!!15 25 2 85 36 16 3 38 61 35 14 1 106 66 57 107 
AQUIIII!!66 27 25 36 3 38 62 64 113 61 40 108 15 16 37 107 
AQUIIII!!99 3 2 24 25 14 36 35 34 67 1 61 38 66 106 107 
AQUIIII!!110 108 7 39 26 61 64 5 109 40 113 62 66 27 29 4 
AQUIIII!!15 16 37 64 36 66 27 40 38 108 3 25 61 113 62 107 
AQUIIII!!2 15 16 106 25 62 36 40 AQUIIII!!108 106 66 14 64 2 3 25 61 99 38 66 37 36 107 23 
34 1 67 38 61 24 35 107 
AQUIIII!!107 3 25 14 61 106 35 57 66 2 85 1 38 15 16 36 
AQUIIII!!107 2 25 15 37 61 3 66 40 64 16 14 62 38 106 36 
AQUIIII!!38 25 106 23 14 2 24 67 35 34 99 1 36 66 61 107 
AQUIIII!!99 36 25 23 38 67 106 24 1 14 2 35 66 61 34 107 
AQUIIII!!24 67 99 1 14 36 25 61 23 66 38 35 34 2 106 107 
AQUIIII!!2 16 14 1 66 36 15 37 25 106 38 3 57 85 61 107 
AQUIIII!!107 99 3 67 106 66 38 36 2 14 34 24 25 61 35 1 
AQUIIII!!108 107 15 25 16 37 113 61 66 36 64 3 62 38 40 2 
AQUIIII!!7 39 41 6 111 62 112 8 26 18 66 61 28 63 110 109 
AQUIIII!!7 39 41 6 111 62 112 8 AQUIIII!!26 107 18 25 66 113 61 15 28 3 63 27 110 40 109 108 
37 62 38 66 61 16 64 36 
AQUIIII!!107 67 99 38 1 35 25 3 61 36 34 24 14 2 106 66 
AQUIIII!!5 37 40 113 29 66 27 61 7 39 64 26 4 62 108 109 
AQUIIII!!106 14 40 64 62 37 61 36 2 3 15 66 16 25 38 107 
AQUIIII!!107 38 27 66 15 64 25 3 62 16 40 61 108 37 113 AQUIIII!!36 107 
66 35 106 3 99 1 2 14 36 25 67 38 61 34 24 
AQUIIII!!107 99 24 66 1 14 25 34 61 23 2 106 67 13 35 36 
AQUIIII!!66 14 67 34 106 61 1 2 99 23 24 AQUIIII!!25 36 66 35 39 38 61 107 113 
5 26 29 7 108 27 64 40 62 4 110 109 
AQUIIII!!3 64 36 15 62 66 61 AQUIIII!!38 14 2 3 37 2 40 38 108 67 25 25 16 24 106 99 107 35 
1 34 61 66 36 107 106 
AQUIIII!!107 16 27 61 3 113 62 40 64 38 108 66 AQUIIII!!15 36 40 113 25 3 37 
61 62 2 64 108 25 37 38 66 36 15 16 107 
AQUIIII!!1 61 24 67 106 36 25 35 3 66 99 14 38 2 34 107 
AQUIIII!!107 106 1 25 99 67 61 3 36 66 24 34 AQUIIII!!14 107 38 37 35 62 2 25 
3 16 15 29 27 61 66 113 64 40 38 108 AQUIIII!!
107 64 38 61 25 66 27 108 40 3 15 62 29 113 16 37 
AQUIIII!!107 62 106 40 38 2 15 25 64 66 16 14 36 37 61 3 
AQUIIII!!99 61 38 67 23 36 24 106 35 2 66 14 25 34 1 107 
AQUIIII!!24 3 2 38 61 14 34 67 36 25 35 66 1 99 106 107 
AQUIIII!!24 34 106 67 99 12 1 36 66 2 14 23 61 35 13 107 
AQUIIII!!107 14 2 37 66 106 15 38 16 36 25 61 1 57 3 85 
AQUIIII!!85 16 14 57 2 25 61 37 1 38 106 36 66 15 3 107 
AQUIIII!!25 106 36 37 40 3 61 2 66 38 64 62 16 15 107 108 
AQUIIII!!106 108 61 107 2 66 37 40 16 64 25 62 38 3 36 15 
AQUIIII!!2 1 66 106 35 3 61 36 38 57 24 15 14 85 25 107 
AQUIIII!!110 109 6 63 61 5 39 8 18 4 66 62 29 112 7 26 
AQUIIII!!107 106 1 25 99 67 61 3 36 66 24 34 14 38 35 2 
AQUIIII!!107 38 35 85 61 36 66 106 1 3 15 57 14 16 2 25 
AQUIIII!!107 15 62 113 108 40 36 25 16 38 3 2 61 66 64 37 
AQUIIII!!107 99 106 34 66 23 13 61 24 67 35 2 12 1 14 36 
AQUIIII!!27 40 62 3 15 113 61 36 37 108 16 66 25 64 38 107 
AQUIIII!!38 108 25 61 37 15 36 16 40 3 62 64 66 113 2 107 
AQUIIII!!110 108 66 4 5 26 40 39 27 62 64 109 29 7 113 61 
AQUIIII!!110 109 29 26 112 63 7 6 61 66 4 62 27 39 5 8 
AQUIIII!!61 66 35 99 67 13 34 1 14 23 106 25 24 2 36 107 
AQUIIII!!62 38 25 15 3 2 64 16 14 37 61 36 40 66 106 107 
AQUIIII!!109 110 66 6 28 9 111 62 63 8 41 44 112 18 30 17 
AQUIIII!!67 1 61 24 34 25 2 99 38 35 36 106 14 66 23 107 
AQUIIII!!106 107 66 14 62 15 3 40 38 16 64 25 2 61 36 37 
AQUIIII!!67 2 61 99 24 25 106 1 13 23 36 66 14 35 34 107 
AQUIIII!!110 109 6 63 61 5 39 8 18 4 66 62 29 112 7 26 
AQUIIII!!107 25 62 29 AQUIIII!!66 15 38 16 2 36 3 66 113 61 64 3 37 106 27 85 38 35 16 40 14 61 1 108 25 
57 15 107 
AQUIIII!!109 110 7 27 8 62 26 112 39 66 6 61 5 63 4 29 
AQUIIII!!107 61 36 25 57 38 1 66 85 3 24 106 35 14 2 15 
AQUIIII!!107 85 36 24 106 25 15 66 14 35 38 2 1 57 3 61 
AQUIIII!!107 57 1 61 106 2 35 85 3 66 36 16 15 14 38 25 
AQUIIII!!109 110 63 26 61 66 39 112 8 6 4 5 28 7 62 18 
AQUIIII!!66 26 112 61 64 27 39 5 108 113 62 4 29 7 109 110 
AQUIIII!!15 66 37 3 62 16 25 64 2 61 40 38 36 106 14 107 
AQUIIII!!63 8 61 62 27 112 26 4 6 66 7 5 39 29 110 109 
AQUIIII!!107 62 37 38 40 61 108 113 15 25 16 3 36 66 27 64 
AQUIIII!!40 64 61 66 7 113 4 62 39 26 5 27 29 110 108 109 
AQUIIII!!110 109 28 62 18 26 6 8 66 112 61 111 41 17 39 63 
AQUIIII!!110 108 62 7 66 64 26 61 27 112 109 39 29 113 5 4 
AQUIIII!!107 3 15 37 1 25 66 2 57 61 106 14 85 38 36 16 
AQUIIII!!35 61 85 3 16 106 15 57 1 25 38 2 14 66 36 107 
AQUIIII!!107 36 2 24 99 3 61 14 38 106 1 66 67 35 25 34 
AQUIIII!!106 2 66 14 1 25 34 61 38 67 99 35 24 36 23 107 
AQUIIII!!107 36 34 2 25 61 24 1 66 14 67 38 23 35 99 106 
AQUIIII!!107 24 23 35 13 14 2 36 67 1 106 34 99 61 25 66 
AQUIIII!!107 3 1 14 35 66 38 57 15 85 61 2 16 106 36 25 
AQUIIII!!35 3 99 2 67 34 61 106 38 36 66 1 25 24 14 107 
AQUIIII!!63 112 7 18 39 66 62 26 41 6 58 5 8 28 109 110 
AQUIIII!!107 38 1 35 99 106 61 24 36 2 66 34 3 25 67 14 
AQUIIII!!66 36 99 13 35 25 AQUIIII!!2 61 107 67 24 34 23 23 25 24 106 106 61 1 14 2 107 14 
99 36 1 67 34 66 13 35 
AQUIIII!!106 107 34 67 24 2 61 99 12 66 36 13 1 23 14 35 
AQUIIII!!107 16 3 36 106 2 64 14 25 66 37 15 38 40 61 62 
AQUIIII!!110 109 28 62 18 26 6 8 66 112 61 111 41 17 39 63 
AQUIIII!!16 61 25 3 38 14 1 15 85 AQUIIII!!109 2 110 57 39 36 AQUIIII!!64 37 107 4 57 66 113 66 107 7 85 106 108 15 29 
61 26 1 61 14 62 3 27 106 5 38 40 16 66 37 
36 25 2 
AQUIIII!!3 108 25 38 64 37 66 40 27 61 113 62 15 16 36 107 
AQUIIII!!107 24 38 106 2 66 23 61 99 67 25 1 35 34 36 14 
AQUIIII!!107 106 25 57 36 14 61 38 3 15 85 1 16 2 35 66 
AQUIIII!!107 25 16 64 38 108 66 40 62 3 61 15 36 106 37 2 
AQUIIII!!109 112 110 111 66 63 18 41 17 8 6 26 28 62 39 61 
AQUIIII!!18 28 6 17 112 111 62 41 66 39 61 8 63 26 110 109 
AQUIIII!!109 110 26 18 41 8 66 61 7 39 62 28 6 112 63 111 
AQUIIII!!35 AQUIIII!!36 107 38 25 3 14 16 AQUIIII!!106 35 14 15 106 61 1 24 15 38 25 85 38 61 1 1 36 66 14 2 36 57 66 2 66 85 2 37 24 107 57 106 34 61 3 
25 99 
67 3 107 
AQUIIII!!107 57 3 38 66 85 36 15 35 2 14 25 1 106 61 AQUIIII!!16 107 
61 2 37 40 3 66 14 38 25 36 16 15 106 64 62 
AQUIIII!!85 36 14 1 16 57 25 15 61 38 66 3 37 106 2 107 
AQUIIII!!107 66 25 2 3 108 15 61 36 64 62 16 40 38 113 37 
AQUIIII!!61 15 25 29 40 AQUIIII!!37 107 64 25 62 3 3 14 66 38 16 108 66 37 16 57 27 106 113 1 107 85 
61 2 36 15 38 
AQUIIII!!2 107 106 38 25 61 16 66 14 57 1 35 15 36 85 3 
AQUIIII!!26 7 61 112 27 6 64 113 4 29 39 62 66 110 5 109 
AQUIIII!!107 106 25 57 36 14 61 38 3 15 85 1 16 2 35 66 
Number of Cuts in the second phase:2087
Number of repeat: 1995 
Violation: 147.000000
Violation: 10.000000
Violation: 269.000000
Violation: 672.000000
Violation: 126.000000
Violation: 61.000000
Violation: 808.000000
Violation: 397.000000
Violation: 67.000000
Violation: 886.000000
Violation: 356.000000
Violation: 1550.000000
Violation: 218.000000
Violation: 1124.000000
Violation: 1206.000000
Violation: 150.000000
Violation: 11.000000
Violation: 503.000000
Violation: 712.000000
Violation: 288.000000
Violation: 100.000000
Violation: 427.000000
Violation: 354.000000
Violation: 802.000000
Violation: 1458.000000
Violation: 371.000000
Violation: 504.000000
Violation: 94.000000
Violation: 552.000000
Violation: 624.000000
Violation: 106.000000
Violation: 581.000000
Violation: 73.000000
Violation: 584.000000
Violation: 866.000000
Violation: 240.000000
Violation: 22.000000
Violation: 714.000000
Violation: 480.000000
Violation: 117.000000
Violation: 318.000000
Violation: 466.000000
Violation: 244.000000
Violation: 628.000000
Violation: 745.000000
Violation: 902.000000
Violation: 142.000000
Violation: 431.000000
Violation: 734.000000
Violation: 857.000000
Violation: 1048.000000
Violation: 724.000000
Violation: 77.000000
Violation: 1105.000000
Violation: 93.000000
Violation: 793.000000
Violation: 14.000000
Violation: 31.000000
Violation: 370.000000
Violation: 1190.000000
Violation: 306.000000
Violation: 164.000000
Violation: 165.000000
Violation: 185.000000
Violation: 351.000000
Violation: 964.000000
Violation: 673.000000
Violation: 543.000000
Violation: 603.000000
Violation: 1207.000000
Violation: 498.000000
Violation: 1192.000000
Violation: 749.000000
Violation: 488.000000
Violation: 159.000000
Violation: 245.000000
Violation: 184.000000
Violation: 127.000000
Violation: 131.000000
Violation: 262.000000
Violation: 458.000000
Violation: 777.000000
Violation: 441.000000
Violation: 285.000000
Violation: 143.000000
Violation: 157.000000
Violation: 454.000000
Violation: 59.000000
Violation: 655.000000
Violation: 543.000000
Violation: 413.000000
Violation: 543.000000
816 16
AQUIIII!!107 108 40 16 64 61 29 15 113 66 27 38 3 25 62 37 
AQUIIII!!107 108 61 15 38 3 37 66 2 25 36 16 113 62 40 64 
AQUIIII!!107 36 113 25 15 62 16 37 61 108 2 40 64 38 3 66 
AQUIIII!!112 63 6 66 17 28 62 8 44 41 30 18 9 111 110 109 
AQUIIII!!107 108 40 16 64 61 29 15 113 66 27 38 3 25 62 37 
AQUIIII!!106 99 36 25 14 2 34 24 3 61 38 67 35 66 1 107 
AQUIIII!!66 106 24 35 61 36 1 2 25 34 99 38 23 14 67 107 
AQUIIII!!106 107 14 35 1 61 36 85 25 38 66 15 57 2 3 24 
AQUIIII!!107 108 61 15 38 3 37 66 2 25 36 16 113 62 40 64 
Number of Cuts in the second phase:181
Number of repeat: 169 
Violation: 146.000000
Violation: 908.000000
Violation: 544.000000
Violation: 362.000000
Violation: 54.000000
Violation: 448.000000
Violation: 720.000000
Violation: 454.000000
Violation: 78.000000
Violation: 453.000000
Violation: 360.000000
Violation: 310.000000
took 14.348845
Optimize a model with 1171 rows, 3410 columns and 71258 nonzeros
Coefficient statistics:
  Matrix range     [1e+00, 1e+02]
  Objective range  [0e+00, 0e+00]
  Bounds range     [1e+00, 1e+02]
  RHS range        [1e+00, 6e+01]

Concurrent LP optimizer: dual simplex and barrier
Showing barrier log only...

Presolve removed 206 rows and 165 columns
Presolve time: 0.02s
Presolved: 965 rows, 3245 columns, 64509 nonzeros

Ordering time: 0.00s

Barrier statistics:
 Dense cols : 23
 AA' NZ     : 5.964e+04
 Factor NZ  : 1.211e+05 (roughly 3 MBytes of memory)
 Factor Ops : 2.725e+07 (less than 1 second per iteration)
 Threads    : 3

                  Objective                Residual
Iter       Primal          Dual         Primal    Dual     Compl     Time
   0   0.00000000e+00 -3.62031250e+01  8.79e+03 0.00e+00  2.41e+00     0s
   1   0.00000000e+00 -9.64734205e+01  3.24e+03 7.99e-03  8.35e-01     0s
   2   0.00000000e+00 -1.08460696e+02  1.12e+03 2.60e-04  2.95e-01     0s
   3   0.00000000e+00 -7.53593723e+01  3.76e+01 5.55e-16  1.89e-02     0s
   4   0.00000000e+00 -2.41185298e+01  7.87e+00 1.53e-16  4.38e-03     0s
   5   0.00000000e+00 -5.54025895e+00  1.39e-13 7.63e-17  7.55e-04     0s
   6   0.00000000e+00 -5.54025895e-03  1.85e-12 4.02e-17  7.55e-07     0s
   7   0.00000000e+00 -5.54863791e-09  6.75e-13 4.02e-20  7.56e-13     0s

Barrier solved model in 7 iterations and 0.06 seconds
Optimal objective 0.00000000e+00

Crossover log...

       0 DPushes remaining with DInf 0.0000000e+00                 0s

    3126 PPushes remaining with PInf 0.0000000e+00                 0s

Solved with dual simplex
Solved in 855 iterations and 0.11 seconds
Optimal objective  0.000000000e+00
