A-4.txt_s3.txt
Academic license - for non-commercial use only
Read LP format model from file lp/A-4.txt.lp
Reading time = 0.05 seconds
: 961 rows, 10797 columns, 131727 nonzeros
OKGPU
nThreads: 1024 , nBlocks: 12 
Number cuts generated in the phase 1: 13
Number of repeat: 0 
violation 43.000000
violation 30.000000
violation 10.000000
violation 13.000000
violation 13.000000
violation 198.000000
violation 56.000000
violation 306.000000
violation 785.000000
violation 576.000000
violation 27.000000
violation 714.000000
violation 774.000000
8592 8
AQUIIII!!151 21 19 93 18 5 68 7 
AQUIIII!!151 AQUIIII!!151 21 150 95 100 21 13 95 13 100 154 150 153 154 5 

AQUIIII!!151 100 152 153 154 13 95 150 
AQUIIII!!151 5 7 AQUIIII!!68 21 95 18 13 19 93 100 AQUIIII!!
149 151 150 153 68 152 21 7 154 18 93 29 5 

AQUIIII!!151 93 7 21 68 5 18 19 
AQUIIII!!21 151 150 100 95 153 154 13 
AQUIIII!!151 19 5 21 68 7 93 18 
AQUIIII!!AQUIIII!!21 153 153 13 13 100 149 154 100 95 150 152 AQUIIII!!151 13 95 
152 154 153 29 95 
150 AQUIIII!!AQUIIII!!154 5 18 21 100 150 18 AQUIIII!!151 93 68 AQUIIII!!95 5 7 
18 7 100 19 7 68 93 13 68 21 151 150 21 
151 153 5 
93 154 AQUIIII!!19 152 151 153 151 
13 
150 AQUIIII!!152 95 100 154 AQUIIII!!95 150 5 AQUIIII!!154 100 100 150 13 153 151 7 154 13 
68 95 152 153 93 151 152 13 
150 21 151 151 AQUIIII!!
100 
154 21 150 153 95 13 151 
AQUIIII!!93 13 7 21 150 68 5 151 
AQUIIII!!AQUIIII!!18 150 7 18 68 5 150 68 93 5 AQUIIII!!7 21 68 93 151 93 
21 18 151 5 
21 19 AQUIIII!!AQUIIII!!AQUIIII!!7 153 68 93 151 150 13 150 
100 68 13 95 7 18 152 21 21 150 93 7 AQUIIII!!AQUIIII!!151 5 150 5 13 154 154 151 151 13 153 

154 21 
150 152 AQUIIII!!AQUIIII!!95 151 100 100 150 154 151 95 152 
95 13 153 153 21 151 95 100 150 
AQUIIII!!AQUIIII!!100 154 AQUIIII!!
153 AQUIIII!!18 13 153 21 AQUIIII!!100 68 5 154 21 100 100 21 AQUIIII!!151 21 13 13 154 5 13 
13 21 153 154 150 AQUIIII!!7 100 95 95 13 93 93 21 154 95 150 150 68 13 153 7 150 151 95 150 150 151 151 153 151 151 
5 154 



21 95 151 100 AQUIIII!!AQUIIII!!
AQUIIII!!150 18 152 154 151 21 AQUIIII!!95 150 5 
21 7 153 150 150 150 100 154 AQUIIII!!68 93 21 18 13 7 13 68 93 153 151 5 95 21 100 
18 5 151 AQUIIII!!151 150 
93 
150 68 151 5 7 
151 18 
93 AQUIIII!!7 100 21 21 95 68 13 151 154 
5 AQUIIII!!AQUIIII!!95 150 150 151 AQUIIII!!150 95 
153 21 13 100 5 21 154 13 13 154 95 152 5 150 151 100 154 
AQUIIII!!151 100 AQUIIII!!93 
151 5 150 150 
5 68 21 7 13 7 21 68 151 93 
13 AQUIIII!!151 151 5 
7 18 150 21 93 68 
AQUIIII!!7 93 19 21 AQUIIII!!68 151 18 21 5 151 18 
68 93 AQUIIII!!AQUIIII!!150 151 150 7 93 13 5 21 93 19 
68 5 AQUIIII!!7 18 AQUIIII!!151 21 7 150 13 5 68 13 153 
7 150 151 68 154 
21 100 152 5 93 95 
151 AQUIIII!!
150 13 AQUIIII!!AQUIIII!!153 151 151 AQUIIII!!21 95 21 13 152 154 151 13 100 150 21 5 150 154 100 150 95 151 153 
100 
5 95 68 AQUIIII!!154 151 
13 68 93 18 7 7 
5 150 93 21 AQUIIII!!
151 68 150 13 21 5 93 7 
AQUIIII!!151 95 154 13 100 152 153 150 
AQUIIII!!154 151 100 95 13 152 153 150 
AQUIIII!!150 153 100 13 95 21 154 151 
AQUIIII!!154 153 29 152 100 13 149 95 
AQUIIII!!152 AQUIIII!!153 5 100 21 149 19 13 18 95 68 93 154 29 7 
151 
AQUIIII!!150 153 100 AQUIIII!!13 13 21 95 AQUIIII!!5 7 21 95 5 154 154 93 150 151 100 18 19 151 

68 21 151 
AQUIIII!!5 100 150 154 13 95 21 AQUIIII!!151 28 
153 152 AQUIIII!!74 100 95 153 149 13 95 29 21 154 AQUIIII!!150 
151 150 151 93 154 5 
21 68 7 13 
AQUIIII!!5 7 13 150 68 93 151 21 
AQUIIII!!151 68 18 21 7 93 150 5 AQUIIII!!
7 5 93 18 19 68 21 AQUIIII!!151 
93 7 68 AQUIIII!!150 151 21 5 19 21 7 18 93 5 151 AQUIIII!!18 AQUIIII!!
68 7 18 
18 68 19 5 7 19 93 21 21 68 5 93 151 151 

AQUIIII!!100 AQUIIII!!153 100 AQUIIII!!AQUIIII!!154 21 95 154 95 7 154 21 150 93 150 13 13 13 13 150 5 151 21 68 153 152 5 150 95 151 
151 100 

151 
AQUIIII!!5 93 21 AQUIIII!!18 68 13 150 154 7 153 21 151 
AQUIIII!!100 150 152 13 95 154 151 100 AQUIIII!!
150 18 AQUIIII!!95 151 150 153 13 5 151 21 7 
5 68 7 93 68 21 150 151 93 

AQUIIII!!5 93 68 18 21 7 150 151 
AQUIIII!!151 5 7 21 68 18 93 19 
AQUIIII!!AQUIIII!!151 154 93 152 7 13 68 95 19 153 5 100 21 18 150 
151 
AQUIIII!!151 7 93 18 21 19 68 5 
AQUIIII!!151 13 152 153 154 95 100 150 
AQUIIII!!95 13 21 100 5 150 154 151 
AQUIIII!!28 149 74 95 154 152 29 153 
AQUIIII!!154 95 13 150 100 21 153 151 
AQUIIII!!93 68 7 18 19 21 5 151 
AQUIIII!!153 21 150 100 95 13 154 151 
AQUIIII!!150 AQUIIII!!153 95 100 5 152 100 154 95 150 154 21 13 13 151 151 

AQUIIII!!7 18 5 21 AQUIIII!!154 150 5 68 95 93 13 151 21 
150 100 151 
AQUIIII!!18 19 7 68 5 93 21 151 
AQUIIII!!5 68 93 18 21 7 150 151 
AQUIIII!!100 21 5 154 150 13 95 151 
AQUIIII!!151 154 95 100 21 5 150 13 
AQUIIII!!151 21 13 153 AQUIIII!!154 151 100 AQUIIII!!95 150 5 150 100 21 
154 150 5 68 21 18 13 AQUIIII!!7 95 21 93 93 
151 5 
18 150 68 AQUIIII!!7 13 151 93 
21 5 68 7 AQUIIII!!150 151 151 
93 68 13 150 21 7 5 AQUIIII!!
154 151 21 13 5 95 150 100 
AQUIIII!!151 154 95 100 21 5 150 13 
AQUIIII!!151 13 AQUIIII!!154 151 5 154 95 13 100 95 21 5 150 150 
21 100 
AQUIIII!!151 21 7 5 68 93 18 19 
AQUIIII!!154 152 151 150 13 153 100 95 AQUIIII!!
151 100 153 154 13 150 95 21 
AQUIIII!!154 13 150 152 153 95 100 151 
AQUIIII!!150 5 95 21 100 13 154 151 
AQUIIII!!74 152 28 153 95 149 29 154 
AQUIIII!!151 5 93 21 68 7 AQUIIII!!19 5 18 150 
100 21 13 95 151 154 
AQUIIII!!151 13 150 AQUIIII!!154 21 95 93 21 7 150 5 100 68 13 
5 151 
AQUIIII!!151 21 13 5 95 154 100 150 
AQUIIII!!AQUIIII!!93 13 150 AQUIIII!!100 21 5 95 21 154 150 153 150 5 95 7 13 68 13 100 21 151 154 151 
151 

AQUIIII!!95 100 21 13 5 AQUIIII!!154 153 100 150 154 151 95 150 
13 151 21 
AQUIIII!!13 150 95 153 AQUIIII!!21 100 100 21 154 151 153 
154 13 95 150 151 AQUIIII!!
21 151 154 AQUIIII!!95 150 19 5 18 13 21 100 5 
7 68 93 151 
AQUIIII!!154 29 95 AQUIIII!!152 95 13 149 100 5 13 100 21 153 154 
150 151 
AQUIIII!!151 5 7 21 93 68 19 18 
AQUIIII!!151 150 93 7 5 13 68 21 
AQUIIII!!150 7 5 68 21 18 93 151 
AQUIIII!!151 18 93 150 5 21 7 68 
AQUIIII!!5 21 18 150 68 7 93 151 
AQUIIII!!21 5 150 68 13 93 7 151 
AQUIIII!!95 100 150 5 154 21 13 151 
AQUIIII!!151 21 19 18 5 7 93 68 
AQUIIII!!151 13 100 AQUIIII!!150 100 21 152 153 13 154 154 95 150 
95 153 151 
AQUIIII!!151 68 21 150 18 7 93 5 
AQUIIII!!21 93 5 68 AQUIIII!!13 151 7 21 150 5 151 150 
154 100 95 13 
AQUIIII!!151 5 150 154 100 21 13 95 
AQUIIII!!151 154 150 13 95 153 100 21 
AQUIIII!!93 68 21 150 13 7 5 151 
AQUIIII!!151 154 150 13 95 153 100 21 
AQUIIII!!151 7 68 93 150 18 5 21 
AQUIIII!!151 AQUIIII!!151 153 95 154 153 21 154 21 150 13 13 100 100 150 95 

AQUIIII!!151 153 13 95 154 150 100 152 
AQUIIII!!154 100 21 153 150 95 13 151 
AQUIIII!!151 150 95 152 13 100 154 153 
AQUIIII!!151 93 150 13 5 7 21 68 
AQUIIII!!151 68 7 18 5 93 21 150 
AQUIIII!!AQUIIII!!151 150 13 7 95 21 154 93 100 5 5 150 21 68 13 
151 
AQUIIII!!150 95 13 100 5 154 151 21 
AQUIIII!!150 95 13 100 5 154 151 21 
AQUIIII!!13 95 153 100 150 151 21 154 
AQUIIII!!7 68 18 5 19 93 21 151 
AQUIIII!!151 93 68 19 7 5 21 18 
AQUIIII!!21 7 150 93 68 AQUIIII!!13 21 5 5 151 18 
150 93 68 7 151 
AQUIIII!!150 21 154 95 13 5 100 151 
AQUIIII!!21 151 150 95 13 154 5 100 
AQUIIII!!21 154 151 5 150 95 100 13 
AQUIIII!!151 93 18 21 19 5 68 7 
AQUIIII!!151 21 13 154 150 5 100 95 
AQUIIII!!29 154 100 95 153 13 149 152 
AQUIIII!!21 151 68 5 7 93 18 150 
AQUIIII!!151 19 18 7 68 5 21 93 
AQUIIII!!151 68 21 19 18 7 93 5 
AQUIIII!!151 95 153 100 152 150 13 154 
AQUIIII!!21 151 154 AQUIIII!!100 21 150 151 95 154 153 95 13 150 
5 13 100 
AQUIIII!!150 5 13 21 68 7 93 151 
AQUIIII!!29 154 28 152 AQUIIII!!95 151 153 153 AQUIIII!!149 74 100 29 
154 95 154 153 152 13 28 150 149 21 95 
74 
AQUIIII!!151 7 5 150 21 93 68 13 
AQUIIII!!151 21 19 18 5 7 93 68 
AQUIIII!!21 151 93 5 18 7 150 68 
AQUIIII!!151 21 18 93 19 7 AQUIIII!!5 154 68 
29 100 153 13 152 95 149 
AQUIIII!!151 95 154 21 13 5 150 100 
AQUIIII!!152 154 100 150 95 13 153 151 
AQUIIII!!151 21 7 5 68 93 18 AQUIIII!!19 151 
68 5 13 93 150 21 7 
AQUIIII!!151 100 154 150 153 21 13 95 
AQUIIII!!151 7 93 68 21 19 5 18 
AQUIIII!!151 154 100 5 21 13 150 95 
AQUIIII!!151 154 100 5 21 13 150 95 
AQUIIII!!151 21 13 95 150 154 100 153 
AQUIIII!!151 21 18 7 68 93 19 5 
AQUIIII!!151 AQUIIII!!93 151 18 153 19 95 68 21 7 154 21 150 5 100 
13 
AQUIIII!!152 151 153 154 100 150 95 13 
AQUIIII!!151 100 AQUIIII!!154 151 13 154 150 152 13 95 100 153 
153 95 152 150 
AQUIIII!!151 150 95 13 152 154 153 100 
AQUIIII!!151 93 21 19 68 18 5 7 
AQUIIII!!21 154 151 13 153 100 95 150 
AQUIIII!!151 100 13 5 154 21 150 95 
AQUIIII!!151 13 150 21 93 7 68 5 
AQUIIII!!21 151 7 5 93 68 AQUIIII!!18 151 19 
152 100 150 153 154 13 95 
AQUIIII!!151 152 100 150 153 154 13 95 
AQUIIII!!21 151 7 93 5 68 150 13 
AQUIIII!!151 150 95 100 153 21 13 154 
AQUIIII!!151 21 5 150 154 100 95 13 
AQUIIII!!151 154 13 5 100 21 95 150 
AQUIIII!!152 151 100 154 13 95 153 150 
AQUIIII!!151 21 150 13 5 100 95 154 
AQUIIII!!154 151 150 100 153 21 13 95 
AQUIIII!!151 150 21 18 7 93 68 5 
AQUIIII!!151 153 154 152 13 95 150 100 
AQUIIII!!151 154 100 150 5 95 21 13 
AQUIIII!!151 21 7 19 68 18 5 93 
AQUIIII!!151 21 150 13 5 100 95 154 
AQUIIII!!154 151 13 100 150 153 95 21 
AQUIIII!!151 5 21 150 68 93 13 7 
AQUIIII!!151 153 21 100 13 95 150 154 
AQUIIII!!151 19 7 68 21 18 5 93 
Number of Cuts in the second phase:3431
Number of repeat: 3300 
Violation: 791.000000
Violation: 1190.000000
Violation: 1152.000000
Violation: 145.000000
Violation: 1088.000000
Violation: 856.000000
Violation: 428.000000
Violation: 119.000000
Violation: 384.000000
Violation: 560.000000
Violation: 451.000000
Violation: 595.000000
Violation: 192.000000
Violation: 919.000000
Violation: 629.000000
Violation: 346.000000
Violation: 340.000000
Violation: 214.000000
Violation: 132.000000
Violation: 374.000000
Violation: 4.000000
Violation: 37.000000
Violation: 417.000000
Violation: 190.000000
Violation: 219.000000
Violation: 642.000000
Violation: 532.000000
Violation: 396.000000
Violation: 570.000000
Violation: 1564.000000
Violation: 287.000000
Violation: 760.000000
Violation: 111.000000
Violation: 253.000000
Violation: 380.000000
Violation: 149.000000
Violation: 758.000000
Violation: 196.000000
Violation: 386.000000
Violation: 126.000000
Violation: 948.000000
Violation: 34.000000
Violation: 518.000000
Violation: 413.000000
Violation: 77.000000
Violation: 1355.000000
Violation: 680.000000
Violation: 49.000000
Violation: 1165.000000
Violation: 555.000000
Violation: 181.000000
Violation: 975.000000
Violation: 1948.000000
Violation: 63.000000
Violation: 1574.000000
Violation: 50.000000
Violation: 171.000000
Violation: 296.000000
Violation: 133.000000
Violation: 226.000000
Violation: 787.000000
Violation: 541.000000
Violation: 269.000000
Violation: 1134.000000
Violation: 634.000000
Violation: 423.000000
Violation: 1054.000000
Violation: 630.000000
Violation: 107.000000
Violation: 183.000000
Violation: 770.000000
Violation: 293.000000
Violation: 18.000000
Violation: 821.000000
Violation: 798.000000
Violation: 658.000000
Violation: 929.000000
Violation: 309.000000
Violation: 1008.000000
Violation: 564.000000
Violation: 491.000000
Violation: 404.000000
Violation: 212.000000
Violation: 52.000000
Violation: 80.000000
Violation: 46.000000
Violation: 863.000000
Violation: 250.000000
Violation: 238.000000
Violation: 825.000000
Violation: 624.000000
Violation: 681.000000
Violation: 1035.000000
Violation: 536.000000
Violation: 125.000000
Violation: 357.000000
Violation: 1.000000
Violation: 35.000000
Violation: 574.000000
Violation: 305.000000
Violation: 566.000000
Violation: 731.000000
Violation: 173.000000
Violation: 115.000000
Violation: 768.000000
Violation: 347.000000
Violation: 430.000000
Violation: 59.000000
Violation: 157.000000
Violation: 44.000000
Violation: 404.000000
Violation: 960.000000
Violation: 701.000000
Violation: 141.000000
Violation: 167.000000
Violation: 424.000000
Violation: 256.000000
Violation: 167.000000
Violation: 291.000000
Violation: 383.000000
Violation: 128.000000
Violation: 152.000000
Violation: 13.000000
Violation: 90.000000
Violation: 299.000000
Violation: 85.000000
Violation: 624.000000
Violation: 144.000000
Violation: 267.000000
Violation: 49.000000
Violation: 204.000000
8592 8
AQUIIII!!151 21 95 150 154 5 13 100 
AQUIIII!!151 21 7 18 93 150 68 5 AQUIIII!!
151 21 5 7 93 18 150 68 
AQUIIII!!AQUIIII!!151 151 153 153 152 100 13 13 95 95 150 AQUIIII!!154 154 150 151 100 21 7 

21 AQUIIII!!93 AQUIIII!!AQUIIII!!151 151 151 18 68 152 150 5 5 100 154 7 154 68 5 150 13 95 93 19 153 100 21 150 
13 18 95 21 


AQUIIII!!154 29 74 AQUIIII!!153 154 95 29 152 153 28 100 149 13 
95 152 149 
AQUIIII!!154 151 100 5 150 95 13 21 
AQUIIII!!13 100 153 152 150 95 154 151 
AQUIIII!!5 7 93 150 68 18 21 151 
AQUIIII!!AQUIIII!!7 153 AQUIIII!!93 13 74 5 152 28 150 152 100 153 68 95 95 13 150 149 AQUIIII!!151 29 154 18 21 151 154 19 


93 5 AQUIIII!!21 7 13 68 154 151 
100 5 150 95 AQUIIII!!151 7 AQUIIII!!150 21 100 
13 95 68 5 93 13 5 150 151 154 21 151 AQUIIII!!
21 21 AQUIIII!!68 13 93 
7 21 18 AQUIIII!!100 5 7 150 150 151 93 5 
19 154 5 95 21 151 18 
68 151 
AQUIIII!!21 5 AQUIIII!!100 5 154 7 150 93 95 150 13 68 151 18 21 
151 
AQUIIII!!AQUIIII!!21 AQUIIII!!150 5 150 100 21 150 154 100 AQUIIII!!154 153 153 13 21 154 13 95 13 151 150 100 95 
95 151 100 
13 153 151 154 
152 95 AQUIIII!!151 19 
5 21 68 7 93 18 151 
AQUIIII!!AQUIIII!!AQUIIII!!13 150 100 21 154 95 13 21 13 5 100 150 154 150 100 21 95 154 AQUIIII!!95 151 5 153 100 
95 151 151 
5 
13 150 154 151 21 
AQUIIII!!68 AQUIIII!!18 100 5 13 21 154 7 153 19 152 93 95 151 150 
151 
AQUIIII!!AQUIIII!!95 151 152 95 154 154 13 5 153 100 150 13 100 151 21 AQUIIII!!
150 151 
153 100 152 AQUIIII!!151 154 150 5 95 68 7 13 93 
150 13 21 
AQUIIII!!151 18 21 93 150 7 5 68 
AQUIIII!!151 21 154 100 13 5 150 95 
AQUIIII!!151 153 95 150 100 13 21 154 
AQUIIII!!21 93 150 13 5 68 7 151 
AQUIIII!!21 150 95 AQUIIII!!13 150 154 154 100 95 5 13 151 21 
5 100 151 
AQUIIII!!154 150 AQUIIII!!100 100 95 154 153 153 13 150 152 151 95 
13 21 151 
AQUIIII!!150 AQUIIII!!13 100 150 13 68 153 7 95 93 154 5 152 21 151 151 

AQUIIII!!68 21 7 93 13 150 5 151 
AQUIIII!!5 93 21 68 7 150 18 151 AQUIIII!!
AQUIIII!!150 153 13 154 154 13 21 100 95 150 153 21 100 95 151 151 

AQUIIII!!AQUIIII!!149 74 21 28 7 95 13 152 150 153 93 29 5 154 68 
151 
AQUIIII!!21 100 13 150 153 154 95 151 
AQUIIII!!AQUIIII!!68 5 150 100 13 150 7 95 21 5 21 154 93 151 13 AQUIIII!!151 
151 68 18 
5 93 21 7 150 AQUIIII!!
13 AQUIIII!!21 100 95 21 150 154 154 13 100 95 153 5 151 150 
151 
AQUIIII!!95 21 153 13 150 AQUIIII!!100 21 154 68 151 150 
AQUIIII!!7 21 13 5 AQUIIII!!5 150 151 93 7 68 151 68 93 
93 5 7 18 151 150 18 
21 
AQUIIII!!7 13 5 68 93 150 21 151 
AQUIIII!!151 5 21 AQUIIII!!150 93 13 18 21 7 68 150 
100 5 95 154 151 
AQUIIII!!21 151 AQUIIII!!68 151 5 150 93 AQUIIII!!21 7 151 19 7 68 18 13 
5 153 93 21 18 100 
150 154 95 
AQUIIII!!21 151 7 93 68 5 18 150 
AQUIIII!!100 95 21 AQUIIII!!154 150 5 150 18 13 7 153 21 68 151 
93 151 
AQUIIII!!151 150 AQUIIII!!95 68 150 5 153 13 154 7 21 21 100 93 13 
AQUIIII!!151 
5 95 154 100 150 13 151 21 
AQUIIII!!100 5 13 150 95 21 154 AQUIIII!!151 151 68 
21 150 93 7 13 5 
AQUIIII!!152 45 154 44 150 153 13 151 
AQUIIII!!153 100 AQUIIII!!154 93 150 18 13 5 21 21 95 7 151 68 AQUIIII!!
18 150 151 68 
150 93 21 5 7 151 
AQUIIII!!5 13 150 7 21 AQUIIII!!93 154 68 100 151 
13 5 150 95 151 AQUIIII!!13 21 154 
100 150 21 95 5 151 
AQUIIII!!154 5 21 150 95 13 100 151 
AQUIIII!!151 5 19 68 21 93 7 18 
AQUIIII!!5 18 19 68 93 7 21 151 
AQUIIII!!151 150 95 AQUIIII!!100 151 13 13 154 150 21 95 152 153 153 
100 154 
AQUIIII!!151 21 154 95 150 153 100 13 
AQUIIII!!18 21 68 7 93 19 5 151 
AQUIIII!!93 5 21 150 7 68 18 151 
AQUIIII!!151 100 95 154 13 5 150 21 
AQUIIII!!150 95 154 100 153 13 151 152 
AQUIIII!!100 153 154 13 95 152 150 151 
AQUIIII!!151 7 21 5 93 68 150 18 
AQUIIII!!150 7 93 5 AQUIIII!!68 100 18 153 21 13 151 95 
21 154 150 151 
AQUIIII!!AQUIIII!!151 151 150 68 7 7 13 5 150 21 21 68 5 93 93 
AQUIIII!!18 150 
100 21 13 95 153 154 151 
AQUIIII!!151 68 93 13 7 5 21 150 
AQUIIII!!151 154 95 21 150 5 100 13 
AQUIIII!!151 100 13 153 150 95 154 152 
AQUIIII!!5 13 95 150 21 154 100 151 
AQUIIII!!151 150 68 AQUIIII!!21 13 151 5 95 93 7 150 
152 153 AQUIIII!!13 151 100 150 154 95 13 
100 153 154 152 
AQUIIII!!152 AQUIIII!!154 151 100 95 95 150 153 152 150 13 13 153 151 100 
154 
AQUIIII!!5 68 21 7 150 18 93 151 
AQUIIII!!95 21 13 153 154 100 150 151 
AQUIIII!!154 150 13 95 153 152 100 151 
AQUIIII!!151 18 7 93 21 5 150 68 
AQUIIII!!151 13 5 21 7 93 150 AQUIIII!!68 21 
151 154 100 150 153 95 13 
AQUIIII!!154 21 13 100 95 5 150 151 
AQUIIII!!7 93 21 5 68 13 150 151 
AQUIIII!!93 18 7 5 21 150 68 151 
AQUIIII!!7 19 5 21 93 18 68 151 
AQUIIII!!93 21 7 5 19 18 68 151 
AQUIIII!!151 7 21 5 13 68 150 93 
AQUIIII!!151 18 21 7 150 5 68 93 
AQUIIII!!18 68 93 7 19 5 21 151 
AQUIIII!!151 68 7 21 93 5 150 13 
AQUIIII!!151 18 7 93 68 21 5 19 
AQUIIII!!150 154 153 100 152 95 13 151 
AQUIIII!!5 150 7 68 93 21 13 AQUIIII!!151 151 
150 5 154 21 100 95 13 
AQUIIII!!152 151 154 153 13 95 100 150 
AQUIIII!!151 18 5 68 21 93 19 7 
AQUIIII!!152 151 AQUIIII!!154 154 153 151 13 150 13 95 100 5 150 95 21 
100 
AQUIIII!!151 93 13 5 68 7 21 150 
AQUIIII!!151 152 154 100 153 95 13 150 
AQUIIII!!151 21 5 93 68 150 13 7 
AQUIIII!!151 152 154 100 153 95 13 150 
AQUIIII!!151 7 19 68 5 18 93 21 
AQUIIII!!151 152 154 100 153 95 13 150 
AQUIIII!!5 150 21 93 18 68 7 151 
AQUIIII!!151 68 150 21 5 18 93 7 
AQUIIII!!151 152 154 153 150 100 95 13 
AQUIIII!!154 152 151 13 95 100 153 150 
AQUIIII!!93 18 7 68 5 19 21 151 
AQUIIII!!151 21 13 100 154 150 95 153 
AQUIIII!!151 21 5 93 68 150 13 7 
AQUIIII!!151 150 152 100 95 13 154 AQUIIII!!153 
21 151 68 5 19 93 7 18 
AQUIIII!!151 21 154 13 150 5 95 100 
AQUIIII!!93 68 19 5 7 18 21 151 
AQUIIII!!AQUIIII!!151 152 21 154 151 153 150 154 100 150 95 13 13 
5 95 100 
AQUIIII!!93 68 19 5 7 18 21 151 
AQUIIII!!151 152 154 153 150 100 95 13 
AQUIIII!!151 18 93 7 5 150 68 21 
AQUIIII!!151 152 150 95 13 100 154 153 
AQUIIII!!154 152 151 95 13 150 100 153 
AQUIIII!!151 95 150 13 21 153 154 100 AQUIIII!!
151 153 152 154 100 95 150 13 
AQUIIII!!151 13 150 21 100 95 153 154 
AQUIIII!!153 152 13 AQUIIII!!154 69 95 100 150 18 150 5 151 68 
21 7 151 
AQUIIII!!21 93 150 5 13 7 68 151 
AQUIIII!!151 5 7 18 68 93 21 19 
AQUIIII!!29 154 152 153 13 95 149 100 
AQUIIII!!151 21 13 100 154 150 95 153 
AQUIIII!!151 154 153 13 150 100 21 95 
AQUIIII!!151 19 18 7 68 21 5 93 
AQUIIII!!151 21 154 13 150 5 95 100 
AQUIIII!!154 29 152 153 74 28 149 95 
AQUIIII!!151 153 95 21 100 154 13 150 
AQUIIII!!151 95 100 154 13 21 153 150 
AQUIIII!!151 150 100 154 21 153 13 95 
AQUIIII!!154 29 95 149 13 100 152 153 
AQUIIII!!151 7 5 93 18 19 68 21 
AQUIIII!!151 21 154 13 150 5 95 100 
AQUIIII!!151 154 150 100 153 95 152 13 
AQUIIII!!151 5 AQUIIII!!19 151 68 13 93 154 18 150 21 5 7 21 
100 95 
AQUIIII!!151 154 150 100 153 95 152 13 
AQUIIII!!151 18 21 5 7 19 68 93 
AQUIIII!!21 151 18 5 68 19 93 7 
AQUIIII!!151 93 21 150 7 13 68 5 
AQUIIII!!151 21 154 95 150 153 100 13 
Number of Cuts in the second phase:3363
Number of repeat: 3340 
Violation: 734.000000
Violation: 760.000000
Violation: 460.000000
Violation: 748.000000
Violation: 489.000000
Violation: 231.000000
Violation: 54.000000
Violation: 53.000000
Violation: 59.000000
Violation: 518.000000
Violation: 191.000000
Violation: 86.000000
Violation: 39.000000
Violation: 361.000000
Violation: 34.000000
Violation: 289.000000
Violation: 279.000000
Violation: 58.000000
Violation: 15.000000
Violation: 355.000000
Violation: 246.000000
Violation: 708.000000
Violation: 739.000000
816 8
AQUIIII!!100 13 150 153 95 152 154 151 
AQUIIII!!154 13 150 5 21 95 100 151 
AQUIIII!!153 154 21 100 95 150 13 151 
AQUIIII!!100 95 154 153 13 150 21 151 
AQUIIII!!21 150 68 7 13 5 93 151 
AQUIIII!!13 93 21 5 150 7 68 151 
AQUIIII!!19 5 68 7 21 18 93 151 
AQUIIII!!21 19 93 7 68 5 18 151 
AQUIIII!!151 150 13 21 95 5 154 100 
AQUIIII!!153 149 95 13 152 100 29 154 
AQUIIII!!151 21 154 100 13 95 150 153 
AQUIIII!!7 93 5 68 21 19 18 151 
AQUIIII!!68 18 5 21 93 7 19 151 
AQUIIII!!151 18 21 68 150 5 93 7 
AQUIIII!!151 95 150 13 21 154 5 100 
AQUIIII!!68 5 21 93 7 18 19 151 
AQUIIII!!151 18 5 150 93 7 68 21 
AQUIIII!!151 93 68 150 5 18 7 21 
AQUIIII!!151 152 153 95 100 154 150 13 
AQUIIII!!151 152 153 95 100 154 150 13 
AQUIIII!!18 150 7 5 21 68 93 151 
AQUIIII!!21 151 154 100 13 95 150 153 
AQUIIII!!21 7 13 5 150 68 93 151 
AQUIIII!!151 13 21 68 7 5 150 93 
Number of Cuts in the second phase:316
Number of repeat: 314 
Violation: 134.000000
Violation: 15.000000
took 11.519721
Optimize a model with 1191 rows, 10797 columns and 133445 nonzeros
Coefficient statistics:
  Matrix range     [1e-05, 9e+01]
  Objective range  [0e+00, 0e+00]
  Bounds range     [1e+00, 2e+09]
  RHS range        [1e+00, 6e+01]
Warning: Model contains large bounds
         Consider reformulating model or setting NumericFocus parameter
         to avoid numerical issues.

Concurrent LP optimizer: dual simplex and barrier
Showing barrier log only...

Presolve removed 169 rows and 420 columns
Presolve time: 0.04s
Presolved: 1022 rows, 10377 columns, 125853 nonzeros

Ordering time: 0.00s

Barrier statistics:
 AA' NZ     : 6.061e+04
 Factor NZ  : 1.076e+05 (roughly 5 MBytes of memory)
 Factor Ops : 1.372e+07 (less than 1 second per iteration)
 Threads    : 3

                  Objective                Residual
Iter       Primal          Dual         Primal    Dual     Compl     Time
   0   0.00000000e+00 -2.68716626e+07  8.27e+09 0.00e+00  1.42e+06     0s
   1   0.00000000e+00 -5.75523263e+06  2.69e+09 7.28e-03  4.55e+05     0s
   2   0.00000000e+00 -2.22250348e+05  3.26e+08 1.67e-16  5.62e+04     0s
   3   0.00000000e+00 -1.42731801e+03  3.27e+04 3.05e-16  5.72e+00     0s
   4   0.00000000e+00 -1.14109656e+03  2.43e+04 2.57e-06  4.09e+00     0s
   5   0.00000000e+00 -1.37699721e+03  1.23e+04 7.58e-05  2.74e+00     0s
   6   0.00000000e+00 -9.36516637e+02  9.31e+03 1.88e-05  1.74e+00     0s
   7   0.00000000e+00 -7.47021073e+02  1.46e+03 1.91e-08  3.02e-01     0s
   8   0.00000000e+00 -6.75896537e+02  9.71e+02 1.49e-08  2.07e-01     0s
   9   0.00000000e+00 -5.73950319e+02  6.32e+02 1.06e-08  1.38e-01     0s
  10   0.00000000e+00 -3.51735194e+02  3.19e+02 3.99e-09  6.94e-02     0s
  11   0.00000000e+00 -1.68210511e+02  1.07e+02 1.12e-09  2.44e-02     0s
  12   0.00000000e+00 -6.48103695e+01  3.14e+01 2.95e-10  7.61e-03     0s
  13   0.00000000e+00 -3.03822530e+01  7.55e+00 1.09e-10  2.41e-03     0s
  14   0.00000000e+00 -1.91592812e+01  2.93e+00 6.48e-11  1.24e-03     0s

Barrier performed 14 iterations in 0.12 seconds
Barrier solve interrupted - model solved by another algorithm


Solved with dual simplex
Solved in 638 iterations and 0.12 seconds
Optimal objective  0.000000000e+00
