j3017_4.mm_s7.txt
Academic license - for non-commercial use only
Read LP format model from file lp/j3017_4.mm.lp
Reading time = 0.01 seconds
: 351 rows, 906 columns, 9053 nonzeros
OKGPU
nThreads: 1024 , nBlocks: 12 
Number cuts generated in the phase 1: 10
Number of repeat: 1 
violation 661.000000
violation 8.000000
violation 795.000000
violation 210.000000
violation 483.000000
violation 435.000000
violation 581.000000
violation 645.000000
violation 8.000000
8592 16
16 33 47 17 46 51 21 44 47 5 34 

22 6 26 AQUIIII!!21 14 48 44 17 49 26 26 41 49 20 9 21 24 27 48 8 44 38 8 
9 22 20 29 29 48 32 41 44 46 4 24 AQUIIII!!37 33 44 
17 37 31 21 27 22 14 41 44 52 26 
27 AQUIIII!!29 AQUIIII!!44 47 52 44 16 
48 24 16 AQUIIII!!38 17 9 44 46 52 20 22 37 14 26 26 26 21 21 27 46 21 46 47 37 24 14 48 49 37 48 48 49 AQUIIII!!52 46 16 20 17 14 22 17 22 27 47 47 32 47 17 38 27 AQUIIII!!46 8 52 
44 
22 17 
6 9 22 46 41 17 8 29 33 21 9 41 
41 21 5 21 23 4 14 6 9 8 5 29 31 22 AQUIIII!!33 47 44 29 32 52 
44 47 27 
46 22 29 14 37 26 41 17 48 9 21 16 
AQUIIII!!46 47 24 52 22 34 26 18 20 37 40 AQUIIII!!51 44 16 17 44 14 49 41 48 27 
46 26 29 16 37 48 9 47 52 22 21 
AQUIIII!!48 51 49 31 AQUIIII!!19 46 34 AQUIIII!!47 52 21 24 26 16 52 0 37 22 47 40 34 27 37 AQUIIII!!26 48 18 37 22 18 20 27 14 20 46 50 20 37 49 16 26 47 22 40 52 21 44 
51 52 17 16 38 26 44 24 24 49 46 48 
48 38 
22 20 51 16 44 
AQUIIII!!46 24 22 48 26 34 47 20 51 18 37 40 16 49 52 44 
AQUIIII!!44 22 21 AQUIIII!!5 46 41 27 14 21 8 14 9 41 34 29 6 47 33 52 9 4 32 16 29 44 17 48 3 22 
26 37 17 
AQUIIII!!14 9 41 22 47 17 29 26 37 21 52 48 27 8 46 44 
AQUIIII!!46 16 19 22 47 AQUIIII!!37 AQUIIII!!44 49 33 46 20 41 26 34 6 24 24 9 26 48 44 48 22 52 20 32 40 16 23 18 49 51 17 
37 8 14 51 5 52 AQUIIII!!29 21 47 47 6 21 21 41 38 46 32 22 
9 27 4 AQUIIII!!
29 8 17 33 3 32 14 21 5 6 33 29 22 44 34 22 8 5 44 9 
41 31 4 14 17 46 
AQUIIII!!17 27 16 49 AQUIIII!!48 44 22 46 37 26 52 24 48 24 20 38 16 49 26 37 20 51 46 52 AQUIIII!!47 44 46 21 47 29 38 26 22 21 47 AQUIIII!!27 
8 
48 AQUIIII!!17 49 27 48 48 37 21 38 17 22 44 8 27 16 14 14 52 46 37 22 29 52 24 52 41 20 21 AQUIIII!!44 21 41 9 17 9 47 
37 26 27 26 9 47 47 22 AQUIIII!!27 44 14 46 47 

32 52 21 22 20 48 48 6 38 AQUIIII!!46 8 22 17 29 16 29 26 22 17 5 17 41 32 46 34 8 4 27 14 44 AQUIIII!!49 6 33 9 22 37 41 21 52 3 44 33 16 
24 44 46 21 
51 
20 18 34 AQUIIII!!24 49 40 40 18 24 47 26 26 49 48 37 37 22 48 44 16 47 52 
34 51 20 44 46 
AQUIIII!!47 9 17 AQUIIII!!26 44 48 27 8 17 22 AQUIIII!!21 21 46 AQUIIII!!22 52 16 9 29 37 48 37 14 20 44 22 26 40 41 26 AQUIIII!!9 47 44 27 5 46 37 14 14 41 52 29 41 29 23 21 26 52 46 AQUIIII!!9 47 24 16 
44 17 44 21 48 17 52 49 6 16 47 47 22 8 41 22 37 34 48 14 14 
18 27 47 21 51 
22 46 26 AQUIIII!!
33 16 44 37 44 47 24 29 37 48 32 21 27 17 24 52 46 22 38 
20 46 16 20 49 
52 AQUIIII!!27 46 17 48 5 46 32 26 29 38 9 41 17 23 
AQUIIII!!21 44 22 14 47 8 38 47 14 6 46 33 27 22 
26 20 52 48 17 37 21 16 24 44 
AQUIIII!!44 26 52 AQUIIII!!37 44 46 21 22 22 49 14 46 51 9 27 8 24 5 48 23 20 33 38 41 21 47 32 16 6 47 17 
29 
AQUIIII!!46 41 27 8 26 21 48 AQUIIII!!29 44 37 51 17 52 9 16 22 47 14 18 44 20 52 37 40 47 34 
49 46 48 26 22 24 
AQUIIII!!46 AQUIIII!!47 46 44 47 41 9 9 6 23 33 22 44 14 14 5 32 8 21 29 41 17 22 33 17 21 8 6 5 32 29 
23 
AQUIIII!!26 47 17 16 41 22 29 46 AQUIIII!!9 17 27 46 52 52 37 26 21 14 44 27 14 16 48 22 
20 21 37 47 48 24 38 44 
AQUIIII!!17 33 6 22 31 29 41 9 21 14 5 8 44 32 4 46 
AQUIIII!!40 47 16 44 37 46 49 18 22 20 52 24 48 51 AQUIIII!!34 44 26 26 AQUIIII!!
46 44 17 3 21 4 6 47 29 37 14 38 22 48 33 27 21 24 41 52 32 14 8 20 17 5 16 22 34 9 

AQUIIII!!46 52 41 26 8 9 27 21 44 14 22 29 17 37 48 47 
AQUIIII!!16 20 22 26 24 37 AQUIIII!!48 3 49 21 AQUIIII!!19 8 9 40 6 37 18 14 44 51 29 47 52 4 34 29 47 33 48 46 17 52 
22 17 34 22 41 21 5 16 41 9 27 32 14 44 26 
46 
AQUIIII!!46 8 14 AQUIIII!!9 AQUIIII!!48 22 48 29 48 22 27 6 24 32 47 26 17 14 51 41 34 22 29 40 44 27 49 17 33 20 AQUIIII!!37 37 21 47 9 47 AQUIIII!!47 20 16 17 41 44 22 52 46 38 34 52 
18 46 37 37 52 21 47 26 44 24 8 
27 40 AQUIIII!!26 22 AQUIIII!!18 14 21 46 20 29 48 44 48 
6 41 26 48 49 52 33 49 16 26 41 44 16 
AQUIIII!!27 22 51 8 46 32 52 37 37 9 44 17 24 29 16 46 21 44 26 
22 38 8 47 49 47 46 52 21 48 24 17 48 9 27 21 44 AQUIIII!!14 22 
47 46 46 AQUIIII!!
17 40 21 27 16 51 20 46 47 
20 20 26 48 48 37 26 22 19 27 52 17 18 47 34 38 37 24 AQUIIII!!AQUIIII!!49 51 52 46 46 22 49 22 8 24 44 49 14 
16 27 9 16 
24 22 26 48 52 6 47 32 37 20 17 48 41 38 29 21 44 27 
33 21 47 44 
AQUIIII!!44 26 17 37 38 24 22 46 52 47 16 21 14 27 20 48 AQUIIII!!
46 22 26 37 8 29 14 9 48 52 44 17 21 47 27 41 
AQUIIII!!22 16 47 24 38 52 20 17 26 48 37 49 21 27 46 44 
AQUIIII!!24 51 22 52 47 20 37 16 26 46 34 18 49 48 40 44 
AQUIIII!!47 44 26 52 17 37 20 27 38 49 16 22 48 24 46 21 
AQUIIII!!44 33 14 41 6 4 34 17 5 9 22 8 21 32 29 3 
AQUIIII!!47 22 52 38 26 37 24 16 27 AQUIIII!!21 22 44 17 46 47 51 52 49 21 20 29 48 
26 14 9 48 8 27 37 41 44 46 
AQUIIII!!46 19 37 24 18 16 34 22 40 AQUIIII!!20 47 49 22 26 51 52 52 38 47 26 48 37 
24 16 27 21 44 46 51 49 20 48 
AQUIIII!!44 47 48 38 37 AQUIIII!!16 44 17 46 20 8 22 27 46 14 27 26 24 37 49 17 21 52 52 21 26 29 
48 22 9 47 41 
AQUIIII!!46 AQUIIII!!AQUIIII!!21 21 44 16 52 9 26 27 21 22 9 46 22 17 29 17 52 14 26 48 41 44 37 8 14 52 49 47 37 48 27 29 37 38 48 17 47 27 16 24 22 41 44 26 46 20 47 


AQUIIII!!46 44 AQUIIII!!27 46 52 16 24 17 20 52 22 27 49 20 26 AQUIIII!!44 48 48 47 21 44 48 38 24 51 37 16 37 16 37 17 22 AQUIIII!!20 47 26 22 48 46 38 49 AQUIIII!!27 24 
47 24 46 49 26 20 21 21 47 52 27 38 26 16 

52 19 44 40 37 22 16 52 34 22 26 38 37 47 49 24 17 48 14 18 20 51 21 AQUIIII!!
40 46 AQUIIII!!52 
8 37 47 9 51 34 AQUIIII!!34 22 22 22 5 19 5 4 16 6 41 26 48 46 29 24 9 14 18 23 32 49 41 20 6 AQUIIII!!14 21 46 17 47 44 
46 8 3 49 17 16 21 24 21 44 38 33 27 33 32 26 20 
29 37 44 22 17 
47 52 48 
AQUIIII!!46 44 27 AQUIIII!!52 46 24 14 20 41 22 44 49 9 26 29 48 27 21 26 51 17 16 37 22 48 47 38 21 47 
37 16 52 
AQUIIII!!21 44 46 49 16 24 38 27 26 20 37 22 17 47 52 48 
AQUIIII!!27 37 22 52 17 24 46 38 21 16 20 26 44 47 48 14 
AQUIIII!!46 16 20 47 26 18 19 22 37 24 49 52 AQUIIII!!48 44 51 27 34 52 40 16 
38 20 48 46 22 26 47 17 37 24 14 21 
AQUIIII!!46 51 47 34 AQUIIII!!AQUIIII!!49 46 44 22 27 8 24 26 3 40 22 41 20 38 4 48 24 21 16 48 34 26 21 22 47 6 19 16 5 37 52 33 52 37 17 18 20 14 
17 9 AQUIIII!!49 32 37 44 29 20 

48 44 51 40 49 24 34 47 16 22 26 46 18 52 
AQUIIII!!44 24 18 51 40 34 20 47 52 37 46 16 49 48 26 22 
AQUIIII!!46 24 40 16 19 37 18 26 AQUIIII!!49 46 47 8 34 29 51 48 21 52 6 22 9 20 
44 22 41 AQUIIII!!32 AQUIIII!!44 47 17 21 48 16 26 14 22 51 17 48 14 48 27 37 16 33 38 
46 47 21 49 26 38 52 20 27 22 46 AQUIIII!!24 37 20 20 27 
24 47 52 24 38 52 AQUIIII!!46 44 48 27 49 
51 22 46 16 37 18 49 AQUIIII!!52 21 17 47 22 AQUIIII!!16 27 44 47 52 24 22 47 44 26 52 16 46 40 26 37 20 22 24 37 20 48 46 49 34 49 16 21 26 37 48 48 
44 40 20 34 
17 18 38 51 44 24 
26 47 
AQUIIII!!AQUIIII!!47 16 51 21 21 52 20 24 16 46 49 48 37 22 52 49 47 20 22 27 44 37 48 38 24 26 38 51 26 44 27 
46 
AQUIIII!!46 29 14 41 47 33 17 23 22 9 8 44 5 21 32 6 
AQUIIII!!AQUIIII!!46 37 44 20 49 48 47 46 16 24 20 51 27 52 22 47 37 18 52 49 40 21 26 24 16 48 AQUIIII!!34 21 38 22 37 44 17 17 
26 27 14 
9 46 22 41 26 48 29 8 52 44 47 
AQUIIII!!44 46 27 16 26 52 21 24 22 14 20 17 38 48 47 37 
AQUIIII!!46 44 49 47 16 20 27 22 37 52 21 24 48 38 17 26 
AQUIIII!!31 9 21 32 4 33 6 14 44 17 29 41 8 AQUIIII!!5 44 22 21 46 9 
5 46 32 22 6 17 47 8 14 23 41 29 33 
AQUIIII!!44 6 22 48 14 17 27 32 21 8 29 47 33 9 46 41 
AQUIIII!!22 51 37 26 20 49 18 24 48 44 47 16 40 52 34 46 
AQUIIII!!44 14 9 34 6 8 17 22 5 32 33 29 41 21 4 3 
AQUIIII!!44 51 48 37 24 49 52 27 16 22 26 46 20 47 21 38 
AQUIIII!!46 27 14 44 41 29 17 22 37 8 21 26 52 48 47 9 
AQUIIII!!46 24 22 48 26 34 47 20 51 18 37 40 16 49 52 44 
AQUIIII!!46 17 48 16 41 37 29 26 47 22 52 9 44 14 21 27 
AQUIIII!!29 46 6 33 17 14 32 47 22 23 41 5 AQUIIII!!8 44 9 21 21 47 44 
41 9 22 5 6 32 46 23 8 33 14 17 29 
AQUIIII!!47 44 21 AQUIIII!!27 44 9 46 14 27 16 16 46 26 29 52 41 21 26 24 22 22 48 14 17 20 37 17 38 52 48 
47 37 
AQUIIII!!46 52 47 48 20 40 34 16 22 18 44 51 49 24 AQUIIII!!37 51 26 26 
49 37 48 52 24 20 18 46 44 AQUIIII!!16 44 47 8 40 9 34 22 22 
14 6 17 AQUIIII!!41 46 32 48 5 44 17 33 37 21 52 29 8 34 47 4 22 3 9 
21 27 29 14 AQUIIII!!41 46 26 44 
41 14 22 4 9 21 33 5 32 6 17 29 31 8 
AQUIIII!!46 31 32 8 41 5 14 22 21 33 44 9 4 17 29 6 
AQUIIII!!44 8 9 34 17 32 14 AQUIIII!!3 44 33 6 22 6 41 29 21 29 46 41 22 5 9 4 21 
14 8 4 33 17 5 31 32 
AQUIIII!!44 21 27 24 AQUIIII!!20 20 16 52 17 AQUIIII!!46 24 52 20 37 47 16 48 48 26 14 49 47 47 37 40 38 22 21 22 34 22 52 18 51 26 51 27 
24 16 48 44 37 26 19 49 38 46 46 

AQUIIII!!46 19 47 52 40 26 18 34 48 51 49 20 24 16 37 22 
AQUIIII!!46 16 51 26 40 48 37 34 20 47 18 24 44 52 49 AQUIIII!!22 44 
21 46 37 48 26 27 14 47 9 22 52 29 41 16 17 
AQUIIII!!AQUIIII!!44 46 9 16 6 47 14 17 22 29 20 22 38 41 44 46 33 21 27 37 14 26 32 48 48 27 8 21 52 
17 24 47 
AQUIIII!!46 9 6 33 27 44 32 48 17 41 22 21 14 8 47 29 
AQUIIII!!41 52 17 14 27 22 8 46 37 26 29 9 47 21 48 44 
AQUIIII!!24 44 27 52 21 16 47 17 38 20 37 46 49 22 48 26 
AQUIIII!!47 9 48 52 46 37 21 27 22 17 41 14 26 29 16 44 
AQUIIII!!46 22 24 37 20 48 26 47 16 49 40 51 19 34 18 52 
AQUIIII!!46 17 44 14 41 32 22 31 5 9 33 AQUIIII!!21 46 29 22 8 51 6 47 4 52 
24 27 38 26 20 AQUIIII!!44 4 16 32 37 9 21 21 48 17 49 6 
5 AQUIIII!!14 46 22 6 41 21 29 22 8 44 33 27 31 41 44 17 46 AQUIIII!!14 
26 47 46 8 48 33 38 48 52 32 16 29 AQUIIII!!47 AQUIIII!!9 44 21 44 
24 22 26 22 52 52 37 20 47 48 27 16 18 49 26 38 37 34 24 51 51 20 44 24 48 
16 40 21 AQUIIII!!49 46 20 21 49 46 14 47 17 33 
22 41 37 6 27 17 
47 46 48 22 29 9 8 32 27 44 
AQUIIII!!46 22 20 24 49 52 26 37 27 47 21 48 51 44 38 16 
AQUIIII!!46 24 16 47 17 26 49 21 22 27 44 48 20 38 37 52 
AQUIIII!!46 37 44 17 38 26 16 24 49 27 48 21 22 47 52 20 
AQUIIII!!44 47 33 22 17 9 AQUIIII!!29 46 32 48 41 47 48 41 6 26 46 14 22 17 21 27 44 27 8 
52 21 9 29 16 37 14 
AQUIIII!!44 47 33 22 17 9 29 32 41 48 6 46 14 21 27 8 
AQUIIII!!44 6 29 AQUIIII!!41 44 17 14 8 32 41 34 33 9 9 21 29 33 47 17 46 3 22 27 22 6 8 21 4 48 5 14 
32 
AQUIIII!!49 44 16 40 18 46 48 51 20 47 34 22 26 37 24 52 
AQUIIII!!46 21 37 22 24 20 48 47 17 52 44 38 16 26 49 27 
AQUIIII!!44 20 37 46 49 34 48 24 47 52 16 22 26 18 40 51 
AQUIIII!!44 47 49 20 26 18 37 24 22 48 52 51 34 16 46 40 
AQUIIII!!44 37 51 24 27 38 52 20 21 48 26 16 47 49 46 22 
AQUIIII!!46 37 51 47 20 24 26 AQUIIII!!44 32 22 41 34 5 40 21 48 17 49 46 52 AQUIIII!!33 16 44 31 18 4 4 
9 8 31 9 33 29 29 6 32 14 17 22 22 44 14 
46 5 6 8 41 21 
AQUIIII!!46 26 47 17 AQUIIII!!37 46 14 27 AQUIIII!!21 16 44 16 6 20 37 21 52 52 32 22 41 4 21 29 14 17 48 29 47 46 49 22 26 24 33 44 44 9 27 38 8 22 
17 48 31 9 5 
41 
AQUIIII!!46 18 AQUIIII!!37 46 32 20 17 22 29 24 48 33 34 21 26 8 49 27 16 9 48 44 47 41 6 40 47 51 14 52 22 19 

AQUIIII!!AQUIIII!!46 46 27 27 47 21 48 24 47 26 8 37 9 52 41 22 16 22 44 48 38 6 49 17 17 20 14 21 33 
44 29 32 
AQUIIII!!46 20 26 37 47 48 49 27 22 21 17 44 16 38 52 24 
AQUIIII!!46 48 44 26 49 24 27 16 20 47 51 37 38 22 21 52 
AQUIIII!!44 21 17 41 33 14 5 22 31 6 46 8 4 32 29 9 
AQUIIII!!46 37 48 21 52 47 44 9 27 29 17 41 26 14 22 16 AQUIIII!!
44 21 9 22 8 17 6 5 14 AQUIIII!!33 46 46 52 23 48 32 16 47 17 29 44 41 21 
38 49 47 24 22 27 20 26 37 
AQUIIII!!44 26 14 47 52 27 46 22 17 37 48 29 41 21 9 16 
AQUIIII!!44 17 22 33 32 21 34 8 9 4 41 AQUIIII!!3 6 44 5 14 52 29 
21 22 47 26 24 27 37 38 17 48 49 20 46 16 
AQUIIII!!44 47 37 21 24 22 20 16 49 52 27 48 46 26 38 17 
AQUIIII!!44 AQUIIII!!52 44 48 14 46 48 21 41 14 21 9 27 47 37 26 22 27 47 41 8 17 26 37 52 8 29 22 9 29 46 
17 
AQUIIII!!49 16 46 21 24 52 22 51 26 47 AQUIIII!!37 47 44 44 27 14 48 27 38 46 20 26 
9 37 29 AQUIIII!!21 20 48 44 16 47 22 51 41 26 17 24 52 49 
52 37 16 34 40 18 48 22 46 
AQUIIII!!46 48 20 37 52 26 14 22 38 24 27 16 44 47 17 21 
AQUIIII!!44 46 33 32 31 4 8 21 5 22 17 41 14 9 6 29 
AQUIIII!!44 17 47 21 46 16 26 27 48 20 24 14 52 37 22 38 
AQUIIII!!46 8 14 9 22 48 6 AQUIIII!!32 44 17 37 41 26 29 46 14 27 48 33 52 21 17 47 27 44 47 
8 22 9 41 29 21 
AQUIIII!!46 49 20 22 17 27 44 24 21 48 47 38 52 16 26 37 
AQUIIII!!46 47 48 22 40 49 44 AQUIIII!!26 44 18 26 34 27 37 20 24 38 16 46 52 16 51 47 20 22 
52 21 24 48 49 17 37 
AQUIIII!!46 48 37 22 17 14 44 21 27 20 38 24 52 47 26 16 
AQUIIII!!46 47 48 22 40 49 44 26 AQUIIII!!18 44 34 27 16 37 37 24 49 16 26 52 38 51 51 20 24 
21 48 52 20 22 46 47 
AQUIIII!!44 41 8 33 46 32 21 6 47 17 23 22 14 9 29 5 
AQUIIII!!44 24 38 52 27 26 20 21 22 17 48 49 47 16 37 46 
AQUIIII!!46 44 49 47 16 20 27 22 37 52 21 24 48 38 17 26 
AQUIIII!!46 48 21 26 20 44 16 37 27 17 24 14 38 22 52 47 
AQUIIII!!46 44 49 47 16 20 27 22 37 52 21 24 48 38 17 26 
AQUIIII!!8 22 14 46 9 41 4 6 5 31 33 29 17 21 32 44 
AQUIIII!!46 22 41 33 17 5 21 44 47 AQUIIII!!29 14 44 23 47 9 24 32 21 8 37 6 16 
52 49 38 46 17 22 20 26 48 27 
AQUIIII!!46 22 44 8 31 17 32 5 33 21 14 6 4 29 41 9 
AQUIIII!!46 37 16 47 52 14 44 38 21 26 48 20 22 24 17 27 
AQUIIII!!46 17 37 44 48 9 26 47 52 27 21 16 14 41 29 22 
AQUIIII!!46 48 44 47 49 27 22 52 20 26 21 16 37 17 38 24 
AQUIIII!!44 31 9 32 33 5 22 6 14 21 17 46 41 4 8 29 
Number of Cuts in the second phase:4878
Number of repeat: 4433 
Violation: 291.000000
Violation: 814.000000
Violation: 486.000000
Violation: 870.000000
Violation: 177.000000
Violation: 212.000000
Violation: 202.000000
Violation: 601.000000
Violation: 1102.000000
Violation: 435.000000
Violation: 194.000000
Violation: 1194.000000
Violation: 293.000000
Violation: 243.000000
Violation: 601.000000
Violation: 447.000000
Violation: 551.000000
Violation: 1304.000000
Violation: 1127.000000
Violation: 167.000000
Violation: 228.000000
Violation: 352.000000
Violation: 82.000000
Violation: 952.000000
Violation: 330.000000
Violation: 142.000000
Violation: 593.000000
Violation: 553.000000
Violation: 586.000000
Violation: 735.000000
Violation: 1588.000000
Violation: 740.000000
Violation: 68.000000
Violation: 625.000000
Violation: 208.000000
Violation: 1202.000000
Violation: 728.000000
Violation: 842.000000
Violation: 1304.000000
Violation: 1386.000000
Violation: 577.000000
Violation: 671.000000
Violation: 629.000000
Violation: 654.000000
Violation: 420.000000
Violation: 110.000000
Violation: 743.000000
Violation: 335.000000
Violation: 322.000000
Violation: 171.000000
Violation: 486.000000
Violation: 1126.000000
Violation: 114.000000
Violation: 210.000000
Violation: 305.000000
Violation: 90.000000
Violation: 795.000000
Violation: 515.000000
Violation: 531.000000
Violation: 1102.000000
Violation: 304.000000
Violation: 943.000000
Violation: 601.000000
Violation: 718.000000
Violation: 110.000000
Violation: 220.000000
Violation: 226.000000
Violation: 152.000000
Violation: 426.000000
Violation: 194.000000
Violation: 102.000000
Violation: 551.000000
Violation: 537.000000
Violation: 776.000000
Violation: 457.000000
Violation: 8.000000
Violation: 1202.000000
Violation: 839.000000
Violation: 653.000000
Violation: 855.000000
Violation: 1090.000000
Violation: 1530.000000
Violation: 18.000000
Violation: 863.000000
Violation: 609.000000
Violation: 738.000000
Violation: 1303.000000
Violation: 170.000000
Violation: 86.000000
Violation: 536.000000
Violation: 310.000000
Violation: 304.000000
Violation: 1152.000000
Violation: 265.000000
Violation: 6.000000
Violation: 783.000000
Violation: 1094.000000
Violation: 739.000000
Violation: 456.000000
Violation: 319.000000
Violation: 753.000000
Violation: 134.000000
Violation: 461.000000
Violation: 559.000000
Violation: 142.000000
Violation: 747.000000
Violation: 661.000000
Violation: 478.000000
Violation: 716.000000
Violation: 356.000000
Violation: 599.000000
Violation: 926.000000
Violation: 604.000000
Violation: 453.000000
Violation: 989.000000
Violation: 76.000000
Violation: 1724.000000
Violation: 592.000000
Violation: 471.000000
Violation: 379.000000
Violation: 707.000000
Violation: 517.000000
Violation: 202.000000
Violation: 761.000000
Violation: 1152.000000
Violation: 573.000000
Violation: 473.000000
Violation: 1251.000000
Violation: 416.000000
Violation: 139.000000
Violation: 356.000000
Violation: 202.000000
Violation: 688.000000
Violation: 877.000000
Violation: 197.000000
Violation: 396.000000
Violation: 704.000000
Violation: 498.000000
Violation: 330.000000
Violation: 1110.000000
Violation: 830.000000
Violation: 380.000000
Violation: 102.000000
Violation: 183.000000
Violation: 775.000000
Violation: 648.000000
Violation: 678.000000
Violation: 638.000000
Violation: 90.000000
Violation: 600.000000
Violation: 216.000000
Violation: 170.000000
Violation: 22.000000
Violation: 878.000000
Violation: 13.000000
Violation: 77.000000
Violation: 378.000000
Violation: 489.000000
Violation: 1055.000000
Violation: 16.000000
Violation: 354.000000
Violation: 674.000000
Violation: 622.000000
Violation: 483.000000
Violation: 291.000000
Violation: 420.000000
Violation: 477.000000
Violation: 104.000000
Violation: 624.000000
Violation: 577.000000
Violation: 393.000000
Violation: 587.000000
Violation: 72.000000
Violation: 423.000000
Violation: 626.000000
Violation: 1312.000000
Violation: 218.000000
Violation: 677.000000
Violation: 320.000000
Violation: 495.000000
Violation: 734.000000
Violation: 382.000000
Violation: 803.000000
Violation: 496.000000
Violation: 546.000000
Violation: 132.000000
Violation: 585.000000
Violation: 292.000000
Violation: 90.000000
Violation: 186.000000
Violation: 43.000000
Violation: 1086.000000
Violation: 381.000000
Violation: 7.000000
Violation: 335.000000
Violation: 388.000000
Violation: 617.000000
Violation: 35.000000
Violation: 545.000000
Violation: 174.000000
Violation: 284.000000
Violation: 93.000000
Violation: 190.000000
Violation: 1527.000000
Violation: 687.000000
Violation: 82.000000
Violation: 152.000000
Violation: 264.000000
Violation: 1182.000000
Violation: 983.000000
Violation: 2.000000
Violation: 1074.000000
Violation: 265.000000
Violation: 600.000000
Violation: 736.000000
Violation: 609.000000
Violation: 324.000000
Violation: 341.000000
Violation: 95.000000
Violation: 182.000000
Violation: 768.000000
Violation: 15.000000
Violation: 1159.000000
Violation: 945.000000
Violation: 123.000000
Violation: 1007.000000
Violation: 101.000000
Violation: 165.000000
Violation: 653.000000
Violation: 477.000000
Violation: 631.000000
Violation: 702.000000
Violation: 346.000000
Violation: 194.000000
Violation: 605.000000
Violation: 703.000000
Violation: 305.000000
Violation: 855.000000
Violation: 1478.000000
Violation: 288.000000
Violation: 892.000000
Violation: 695.000000
Violation: 755.000000
Violation: 598.000000
Violation: 796.000000
Violation: 589.000000
Violation: 87.000000
Violation: 926.000000
Violation: 118.000000
Violation: 1320.000000
Violation: 69.000000
Violation: 1210.000000
Violation: 828.000000
Violation: 478.000000
Violation: 811.000000
Violation: 631.000000
Violation: 91.000000
Violation: 968.000000
Violation: 524.000000
Violation: 831.000000
Violation: 1089.000000
Violation: 355.000000
Violation: 161.000000
Violation: 787.000000
Violation: 1312.000000
Violation: 593.000000
Violation: 133.000000
Violation: 284.000000
Violation: 1150.000000
Violation: 95.000000
Violation: 751.000000
Violation: 1224.000000
Violation: 504.000000
Violation: 238.000000
Violation: 7.000000
Violation: 141.000000
Violation: 304.000000
Violation: 951.000000
Violation: 803.000000
Violation: 531.000000
Violation: 404.000000
Violation: 702.000000
Violation: 108.000000
Violation: 904.000000
Violation: 926.000000
Violation: 845.000000
Violation: 470.000000
Violation: 200.000000
Violation: 926.000000
Violation: 818.000000
Violation: 53.000000
Violation: 22.000000
Violation: 264.000000
Violation: 32.000000
Violation: 743.000000
Violation: 21.000000
Violation: 1158.000000
Violation: 999.000000
Violation: 738.000000
Violation: 190.000000
Violation: 585.000000
Violation: 515.000000
Violation: 708.000000
Violation: 264.000000
Violation: 457.000000
Violation: 638.000000
Violation: 1587.000000
Violation: 210.000000
Violation: 997.000000
Violation: 349.000000
Violation: 267.000000
Violation: 1292.000000
Violation: 327.000000
Violation: 932.000000
Violation: 33.000000
Violation: 182.000000
Violation: 184.000000
Violation: 1292.000000
Violation: 589.000000
Violation: 271.000000
Violation: 420.000000
Violation: 177.000000
Violation: 376.000000
Violation: 560.000000
Violation: 1076.000000
Violation: 533.000000
Violation: 881.000000
Violation: 80.000000
Violation: 965.000000
Violation: 101.000000
Violation: 771.000000
Violation: 83.000000
Violation: 155.000000
Violation: 98.000000
Violation: 719.000000
Violation: 519.000000
Violation: 1294.000000
Violation: 98.000000
Violation: 74.000000
Violation: 700.000000
Violation: 424.000000
Violation: 259.000000
Violation: 561.000000
Violation: 182.000000
Violation: 580.000000
Violation: 277.000000
Violation: 541.000000
Violation: 526.000000
Violation: 423.000000
Violation: 1576.000000
Violation: 640.000000
Violation: 174.000000
Violation: 152.000000
Violation: 826.000000
Violation: 581.000000
Violation: 336.000000
Violation: 234.000000
Violation: 693.000000
Violation: 594.000000
Violation: 609.000000
Violation: 40.000000
Violation: 551.000000
Violation: 277.000000
Violation: 304.000000
Violation: 303.000000
Violation: 446.000000
Violation: 512.000000
Violation: 1036.000000
Violation: 552.000000
Violation: 77.000000
Violation: 209.000000
Violation: 212.000000
Violation: 70.000000
Violation: 32.000000
Violation: 13.000000
Violation: 1614.000000
Violation: 13.000000
Violation: 193.000000
Violation: 41.000000
Violation: 458.000000
Violation: 811.000000
Violation: 228.000000
Violation: 147.000000
Violation: 597.000000
Violation: 369.000000
Violation: 279.000000
Violation: 953.000000
Violation: 163.000000
Violation: 748.000000
Violation: 132.000000
Violation: 556.000000
Violation: 394.000000
Violation: 116.000000
Violation: 205.000000
Violation: 819.000000
Violation: 478.000000
Violation: 893.000000
Violation: 83.000000
Violation: 575.000000
Violation: 189.000000
Violation: 278.000000
Violation: 211.000000
Violation: 253.000000
Violation: 942.000000
Violation: 524.000000
Violation: 387.000000
Violation: 715.000000
Violation: 333.000000
Violation: 368.000000
Violation: 149.000000
Violation: 100.000000
Violation: 102.000000
Violation: 787.000000
Violation: 104.000000
Violation: 178.000000
Violation: 1008.000000
Violation: 174.000000
Violation: 352.000000
Violation: 242.000000
Violation: 699.000000
Violation: 648.000000
Violation: 836.000000
Violation: 292.000000
Violation: 113.000000
Violation: 237.000000
Violation: 336.000000
Violation: 932.000000
Violation: 719.000000
Violation: 74.000000
Violation: 150.000000
Violation: 436.000000
Violation: 31.000000
Violation: 230.000000
Violation: 13.000000
Violation: 7.000000
Violation: 410.000000
Violation: 532.000000
Violation: 991.000000
Violation: 374.000000
Violation: 261.000000
Violation: 150.000000
Violation: 624.000000
Violation: 470.000000
Violation: 630.000000
Violation: 28.000000
5400 16
6 41 14 48 32 26 48 22 29 47 17 AQUIIII!!46 AQUIIII!!41 46 27 44 44 22 14 52 AQUIIII!!23 33 37 9 21 47 21 27 14 22 33 9 47 22 20 44 
27 22 38 5 26 9 24 8 47 21 48 29 48 46 51 17 17 
32 37 46 21 26 AQUIIII!!37 9 52 44 8 41 16 8 29 6 47 4 41 14 27 34 21 
46 9 
49 5 44 32 
6 3 29 17 AQUIIII!!33 44 22 17 41 38 AQUIIII!!14 44 21 46 
47 37 40 24 46 22 16 48 34 21 37 49 49 26 20 16 24 20 52 52 48 27 26 47 22 
51 18 
AQUIIII!!16 27 51 21 52 24 26 46 37 48 44 49 38 20 47 22 
AQUIIII!!44 47 40 46 16 34 37 49 20 24 52 48 26 22 51 18 
AQUIIII!!46 52 44 37 AQUIIII!!47 29 21 AQUIIII!!8 48 9 22 49 8 6 AQUIIII!!16 33 32 51 21 14 33 38 37 47 17 20 9 22 21 27 29 23 14 22 26 17 AQUIIII!!41 24 AQUIIII!!52 5 44 17 26 17 22 32 49 5 
14 27 6 48 9 41 46 24 44 31 32 26 48 21 4 48 16 17 41 46 46 27 14 
29 52 33 41 AQUIIII!!46 9 20 16 46 
47 21 47 20 AQUIIII!!8 38 AQUIIII!!44 51 23 22 47 27 
52 46 46 23 6 48 6 47 41 29 44 5 37 32 21 22 49 44 8 22 47 21 
6 44 AQUIIII!!27 33 9 
38 38 29 44 24 48 47 17 37 22 9 5 21 20 8 14 16 26 41 22 26 47 17 21 AQUIIII!!22 21 14 29 17 
16 32 33 21 14 44 46 48 44 

47 24 38 27 20 37 16 52 22 52 17 14 46 AQUIIII!!26 
46 37 19 27 46 52 AQUIIII!!37 44 14 24 24 
34 21 AQUIIII!!26 46 44 22 40 41 18 24 8 48 49 AQUIIII!!40 9 34 46 20 51 29 49 48 20 33 51 47 52 AQUIIII!!17 47 8 48 AQUIIII!!44 16 31 14 37 46 32 
32 16 37 47 6 26 22 52 24 5 44 5 44 51 29 AQUIIII!!18 29 6 48 9 47 46 26 37 4 33 22 21 27 22 
46 3 47 AQUIIII!!21 34 
21 44 38 41 16 52 22 24 9 46 40 41 48 22 17 19 17 52 17 27 16 34 26 
38 4 49 44 47 14 18 17 AQUIIII!!48 8 26 14 22 46 
20 16 26 22 
27 14 47 22 24 33 37 52 21 20 21 5 
37 32 20 41 
23 9 29 14 44 17 AQUIIII!!8 44 6 22 
52 14 47 37 20 AQUIIII!!24 46 48 29 17 44 38 8 21 22 16 21 AQUIIII!!46 5 46 26 9 41 27 33 9 
47 17 17 21 32 22 6 31 14 32 41 4 23 14 
6 44 8 5 33 29 
AQUIIII!!46 44 48 26 47 21 14 17 29 27 52 41 AQUIIII!!9 37 46 22 47 8 24 
51 48 37 22 34 52 AQUIIII!!40 46 19 20 16 51 49 52 18 48 26 44 20 49 
47 27 38 24 37 21 16 26 22 
AQUIIII!!44 47 46 26 21 17 37 27 52 8 14 41 29 9 22 48 
AQUIIII!!44 9 33 8 17 5 21 32 31 29 22 6 14 41 4 46 
AQUIIII!!48 34 20 51 37 22 16 24 26 49 46 40 52 47 18 44 
AQUIIII!!44 37 21 24 22 AQUIIII!!26 41 27 8 38 32 20 21 16 33 14 14 47 27 48 29 46 17 52 47 17 48 
9 22 44 6 46 
AQUIIII!!44 47 14 26 27 46 52 48 21 38 AQUIIII!!AQUIIII!!37 46 22 17 33 6 20 27 24 17 48 16 9 9 22 21 
44 29 8 33 29 47 AQUIIII!!21 14 46 5 32 24 32 47 17 41 14 20 8 6 48 23 17 38 46 22 16 44 41 47 
52 
22 21 26 27 37 49 44 
AQUIIII!!22 6 17 AQUIIII!!9 21 44 29 14 33 6 47 33 14 4 5 46 32 31 41 21 8 9 23 29 46 22 44 AQUIIII!!8 
5 47 17 22 32 46 41 26 
27 20 21 24 17 16 38 14 52 37 48 44 
AQUIIII!!44 47 14 26 27 46 52 48 21 38 37 17 20 24 16 22 
AQUIIII!!AQUIIII!!9 27 41 29 14 9 22 37 4 17 8 48 29 AQUIIII!!8 32 51 52 31 20 21 AQUIIII!!6 47 41 17 33 22 40 22 17 46 18 46 21 47 49 38 26 26 5 27 14 34 44 44 24 26 46 
37 20 
48 21 22 16 16 48 44 52 52 14 47 46 37 
44 24 
AQUIIII!!21 20 48 AQUIIII!!47 26 51 22 38 24 26 14 16 38 52 16 37 20 27 AQUIIII!!52 22 18 44 49 51 27 AQUIIII!!46 49 17 6 24 52 37 32 44 22 21 4 
44 47 14 47 48 34 9 46 37 44 
16 33 40 21 20 31 24 8 48 26 41 46 5 
29 AQUIIII!!22 9 17 AQUIIII!!41 46 47 46 
17 22 29 8 21 21 48 47 16 44 22 33 52 5 27 29 37 41 26 17 14 14 46 23 44 AQUIIII!!32 
44 9 26 6 27 
21 8 48 41 9 AQUIIII!!9 22 AQUIIII!!41 17 17 47 47 52 17 14 24 29 46 21 21 52 48 48 37 49 16 29 20 22 
38 52 44 27 27 37 37 26 26 14 16 46 44 47 AQUIIII!!
22 46 46 17 
41 4 8 44 21 9 5 14 22 33 29 32 31 6 
AQUIIII!!22 16 48 52 49 46 24 47 21 26 44 27 51 38 20 37 
AQUIIII!!44 47 46 26 21 17 37 27 52 8 14 41 29 9 22 48 
AQUIIII!!41 48 22 17 27 37 52 26 29 14 16 21 9 44 47 46 
AQUIIII!!41 AQUIIII!!48 26 22 38 17 27 27 37 37 48 52 49 26 17 29 20 14 16 16 24 21 52 9 22 44 46 47 44 46 47 
21 
AQUIIII!!18 40 22 20 19 52 50 16 37 AQUIIII!!0 9 31 23 26 17 34 22 49 51 44 AQUIIII!!48 5 14 
33 16 21 44 32 21 41 26 8 20 29 22 AQUIIII!!14 17 6 47 38 27 6 37 33 46 52 14 
27 9 47 48 48 22 24 29 46 AQUIIII!!41 
4 32 5 21 14 47 17 8 22 17 AQUIIII!!6 44 14 41 46 22 32 
48 8 33 21 21 44 32 33 47 9 8 31 29 29 6 46 27 
17 46 41 9 44 
AQUIIII!!44 48 37 52 21 16 24 22 27 46 38 47 17 49 26 AQUIIII!!20 46 
44 48 14 9 29 41 47 21 27 33 17 22 6 8 32 
AQUIIII!!44 26 48 41 16 22 9 14 29 37 21 27 46 52 17 47 
AQUIIII!!44 46 5 31 8 6 4 17 9 32 33 41 29 22 14 21 
AQUIIII!!46 44 48 14 9 29 41 47 21 27 33 17 22 6 8 32 
AQUIIII!!44 AQUIIII!!18 21 48 22 47 26 24 37 22 17 46 38 20 20 37 27 49 46 34 48 51 AQUIIII!!47 52 38 52 16 20 16 26 44 14 40 26 24 
37 44 
24 48 14 21 52 22 17 27 47 16 AQUIIII!!46 44 
52 21 46 27 29 26 48 37 47 14 41 16 AQUIIII!!9 18 22 24 17 34 
52 AQUIIII!!16 46 37 27 44 49 26 48 48 24 AQUIIII!!22 52 38 51 16 49 49 21 47 27 37 40 47 24 20 AQUIIII!!51 46 44 48 26 AQUIIII!!
22 49 44 21 20 47 27 20 26 27 48 22 52 22 44 38 48 38 21 
47 37 52 37 24 17 16 46 20 21 20 51 37 17 46 16 49 
26 47 52 24 16 38 26 22 44 46 AQUIIII!!

46 44 20 17 27 47 52 26 14 22 48 37 24 38 21 16 
AQUIIII!!46 27 21 44 29 14 26 48 52 37 47 17 9 41 22 8 
AQUIIII!!44 27 41 46 32 29 22 9 33 17 6 21 14 47 AQUIIII!!8 44 48 AQUIIII!!24 
46 52 44 34 20 16 17 46 27 51 47 48 52 22 26 37 14 18 22 40 48 49 37 26 24 47 38 20 21 
16 
AQUIIII!!27 21 24 20 38 47 49 37 44 17 52 16 AQUIIII!!26 4 22 22 48 17 46 32 
44 9 AQUIIII!!6 44 5 AQUIIII!!52 41 14 14 47 31 27 AQUIIII!!20 14 37 6 27 17 8 24 17 26 33 46 31 46 22 29 9 9 38 21 47 8 37 AQUIIII!!48 46 32 48 21 46 
21 44 22 9 16 4 29 17 17 8 5 52 29 41 21 26 31 
44 41 41 
14 44 22 4 29 21 33 14 46 22 
8 5 33 32 6 
AQUIIII!!44 16 47 20 49 46 26 52 22 38 27 48 24 21 17 37 
AQUIIII!!33 8 41 29 14 48 32 21 9 22 44 27 6 17 47 46 
AQUIIII!!44 49 26 38 21 37 AQUIIII!!51 46 27 14 16 5 52 21 47 32 20 22 48 4 22 31 46 8 24 6 
33 41 44 29 17 9 
AQUIIII!!46 6 17 9 4 8 5 33 22 21 32 14 AQUIIII!!44 14 31 22 29 32 33 41 9 
AQUIIII!!8 22 17 9 27 29 47 6 6 48 41 41 29 21 48 33 21 14 46 32 44 27 
17 8 47 46 44 
AQUIIII!!44 49 26 52 37 18 22 46 51 40 AQUIIII!!24 46 34 44 47 29 48 52 16 21 20 26 
37 41 48 AQUIIII!!9 14 27 AQUIIII!!22 14 22 32 8 AQUIIII!!9 33 26 22 29 9 16 17 6 8 20 47 48 17 47 41 
27 48 21 47 24 33 21 6 14 37 41 32 22 29 27 38 48 17 27 21 8 17 46 47 49 44 46 46 44 
52 
44 
AQUIIII!!22 9 29 6 48 41 21 33 14 32 27 17 8 47 46 44 
AQUIIII!!46 44 24 20 52 17 38 37 27 47 22 14 16 21 48 AQUIIII!!26 46 
47 49 51 37 38 21 24 20 27 48 22 52 16 44 26 
AQUIIII!!37 24 26 49 16 52 19 51 48 34 22 18 20 40 47 46 
AQUIIII!!44 46 48 24 21 16 20 27 47 37 26 22 38 52 51 49 
AQUIIII!!46 44 24 20 52 17 38 37 27 47 22 14 16 21 AQUIIII!!48 46 26 AQUIIII!!47 
46 27 49 17 22 38 48 21 20 22 19 37 24 16 18 48 26 44 52 26 20 16 24 47 14 37 AQUIIII!!52 40 46 
34 37 27 51 41 
47 48 8 21 14 22 26 52 9 29 17 44 
AQUIIII!!3 41 14 22 21 29 8 17 34 4 9 6 5 33 32 44 
AQUIIII!!46 47 27 17 38 21 22 37 16 48 44 26 20 24 14 52 
AQUIIII!!14 33 29 9 17 21 48 6 27 32 8 41 46 AQUIIII!!22 44 47 44 47 21 
46 52 14 37 8 9 29 41 22 48 17 27 26 
AQUIIII!!AQUIIII!!16 17 44 48 47 52 22 22 17 14 24 47 26 37 37 27 27 21 52 38 14 26 38 46 21 24 48 20 20 16 44 46 

AQUIIII!!44 32 6 33 29 5 47 9 14 21 41 8 AQUIIII!!46 44 22 27 23 37 17 9 
17 48 21 26 AQUIIII!!AQUIIII!!46 48 AQUIIII!!44 29 16 6 47 47 49 37 27 41 46 38 17 16 37 AQUIIII!!22 33 52 47 46 48 22 41 21 49 21 14 21 24 16 14 
48 22 24 27 46 38 AQUIIII!!20 8 48 26 44 52 32 44 51 47 21 9 21 52 52 51 46 14 20 46 16 52 26 29 27 20 14 27 44 47 22 37 

22 24 8 44 9 38 
29 26 41 47 22 37 AQUIIII!!48 48 17 17 37 
27 22 26 27 
21 41 8 44 26 14 29 9 17 47 52 46 
AQUIIII!!9 32 22 8 48 21 46 14 AQUIIII!!6 47 AQUIIII!!17 44 41 44 29 38 27 27 33 17 20 27 9 47 44 21 16 47 
22 21 37 29 24 41 52 52 49 26 14 17 48 16 46 46 37 48 26 
22 
AQUIIII!!44 47 37 38 22 48 49 16 24 20 52 21 AQUIIII!!51 14 46 41 26 22 27 29 
21 47 33 6 48 17 46 32 27 9 8 44 
AQUIIII!!9 33 23 21 6 14 5 41 22 47 17 8 44 29 32 46 
AQUIIII!!44 47 21 46 52 14 37 8 9 29 41 22 48 17 27 26 
AQUIIII!!44 27 8 26 9 37 47 21 48 41 22 46 17 14 52 29 
AQUIIII!!20 48 51 27 46 37 44 21 49 26 52 24 16 47 22 38 
AQUIIII!!49 34 48 47 52 20 40 26 24 46 18 37 16 22 51 44 
AQUIIII!!4 29 14 22 21 46 33 8 31 17 32 5 41 6 9 44 AQUIIII!!
44 33 8 46 29 17 14 47 22 21 23 41 AQUIIII!!5 44 6 9 46 32 22 9 33 
6 8 29 5 17 21 41 31 14 4 32 
AQUIIII!!44 21 14 48 41 26 29 52 22 37 8 17 9 46 47 27 
AQUIIII!!46 48 24 16 22 27 14 17 21 37 44 38 47 26 52 20 
AQUIIII!!44 21 47 32 41 29 22 6 27 48 46 8 17 9 14 33 
AQUIIII!!44 46 5 32 14 29 8 6 22 21 9 41 47 33 17 23 
AQUIIII!!AQUIIII!!6 47 33 34 5 22 32 26 4 37 29 18 22 24 9 21 40 17 20 3 19 34 52 8 49 14 41 51 44 48 
46 16 
AQUIIII!!6 14 32 29 17 33 46 27 21 22 41 48 8 9 44 47 
AQUIIII!!9 5 29 44 32 41 33 14 47 17 21 23 22 6 8 46 
AQUIIII!!22 8 29 44 48 41 27 AQUIIII!!52 46 9 9 14 21 26 29 47 44 17 48 37 21 14 46 41 
37 17 47 22 52 26 27 16 
AQUIIII!!44 47 32 5 AQUIIII!!22 46 33 16 23 21 46 22 9 24 48 14 52 41 44 8 20 6 37 17 17 21 29 38 
14 26 27 47 
AQUIIII!!44 37 47 26 20 46 48 52 16 49 24 22 AQUIIII!!21 46 27 49 38 44 51 18 
40 52 22 37 26 24 34 51 16 20 48 47 
AQUIIII!!49 48 16 20 51 19 46 18 40 24 52 22 34 47 26 37 
AQUIIII!!46 24 51 22 26 49 20 18 44 37 47 52 34 40 16 48 
AQUIIII!!41 21 9 32 8 47 6 46 33 14 27 17 22 48 29 44 
AQUIIII!!46 22 44 37 21 48 49 20 27 24 16 52 38 17 47 26 
AQUIIII!!46 AQUIIII!!17 14 46 8 37 21 27 31 26 41 33 21 9 20 5 44 32 44 38 22 49 29 17 6 4 47 
16 52 48 24 22 
AQUIIII!!46 44 41 6 31 33 29 32 14 22 4 21 9 17 5 8 AQUIIII!!
44 47 32 5 22 33 23 46 9 14 41 8 6 17 21 29 
AQUIIII!!49 48 51 20 37 46 27 21 24 16 38 47 22 52 44 26 
AQUIIII!!44 21 8 5 33 41 32 14 17 9 46 4 6 29 22 31 
AQUIIII!!46 4 29 33 17 44 41 22 32 21 31 6 8 5 9 14 
AQUIIII!!47 44 16 38 52 46 20 21 48 27 17 22 24 37 26 14 AQUIIII!!
46 47 49 51 37 38 21 24 20 27 48 22 52 16 44 26 
AQUIIII!!44 AQUIIII!!31 21 6 44 9 46 41 8 17 6 5 32 21 5 29 17 22 22 46 33 9 32 4 8 14 4 33 14 31 
29 41 
AQUIIII!!44 47 46 9 29 23 21 14 32 17 41 22 6 8 33 5 
AQUIIII!!44 51 24 52 34 16 22 18 40 26 20 37 48 47 46 49 
AQUIIII!!46 21 27 37 26 44 41 17 9 52 47 22 14 48 29 16 
AQUIIII!!46 22 51 52 37 40 44 24 16 47 48 49 20 26 34 18 
AQUIIII!!46 41 33 44 21 32 5 47 6 17 22 23 9 8 14 29 
AQUIIII!!47 46 16 49 21 52 48 44 24 38 37 27 20 26 22 17 
AQUIIII!!46 5 4 14 44 6 17 31 41 21 32 22 9 29 8 33 
AQUIIII!!46 26 44 AQUIIII!!16 44 22 9 52 41 47 6 38 46 48 14 24 29 20 17 5 21 33 49 22 17 47 37 32 27 23 
21 8 
AQUIIII!!46 47 48 52 16 18 24 22 AQUIIII!!51 44 44 26 33 20 21 49 29 40 22 34 46 37 31 
17 4 32 5 8 14 9 6 41 
AQUIIII!!44 18 20 51 40 49 16 46 52 48 24 47 37 22 26 34 
AQUIIII!!47 46 16 49 21 52 48 44 24 38 37 27 AQUIIII!!20 46 26 47 22 48 17 52 
16 18 24 22 51 44 26 20 49 40 34 37 
AQUIIII!!46 52 24 22 34 20 49 19 16 48 18 47 40 37 51 26 
AQUIIII!!46 47 17 41 21 8 44 23 14 9 5 6 32 22 33 29 AQUIIII!!
46 16 21 20 24 38 49 47 37 27 48 44 52 26 17 22 
AQUIIII!!46 47 17 41 21 8 44 23 14 9 5 6 32 22 33 29 
AQUIIII!!44 47 27 21 46 22 14 26 16 17 52 9 48 37 29 41 
AQUIIII!!46 6 47 8 14 22 5 23 9 21 44 41 32 17 AQUIIII!!33 44 29 48 
46 47 14 26 16 20 22 52 17 24 38 27 37 21 
AQUIIII!!46 27 44 17 49 26 37 20 52 22 16 21 38 47 24 48 
AQUIIII!!46 26 37 16 29 22 9 44 27 41 21 17 48 47 52 14 
AQUIIII!!46 51 19 20 26 18 49 22 34 48 16 40 52 24 37 47 
AQUIIII!!16 44 49 46 24 37 22 17 47 52 38 20 48 27 26 21 
AQUIIII!!16 44 49 46 24 37 22 17 47 52 38 20 48 27 26 21 
AQUIIII!!27 22 52 44 16 48 24 21 51 37 49 38 26 AQUIIII!!20 44 47 46 41 46 8 
6 32 9 48 21 47 17 33 27 14 29 22 
AQUIIII!!46 AQUIIII!!14 44 44 32 4 22 41 5 29 32 33 29 47 33 46 9 17 17 14 9 41 21 31 8 6 23 21 6 22 5 8 

AQUIIII!!46 17 29 21 4 14 31 32 44 9 33 41 6 22 5 8 
AQUIIII!!46 48 26 16 20 47 49 40 22 24 44 52 37 18 51 34 
AQUIIII!!44 46 5 31 8 6 4 17 9 32 33 41 29 22 14 21 
AQUIIII!!46 52 44 47 38 48 16 21 14 24 17 20 27 22 37 26 
AQUIIII!!44 48 22 27 29 9 46 14 52 21 26 AQUIIII!!37 44 17 41 41 8 16 22 47 29 
46 27 6 9 32 21 14 33 47 17 48 
AQUIIII!!46 51 19 20 26 18 49 22 34 48 16 40 52 24 37 47 
AQUIIII!!24 44 21 47 37 49 27 46 52 22 26 51 20 16 38 48 
AQUIIII!!44 46 41 8 6 32 9 48 21 47 17 33 27 14 29 22 
AQUIIII!!44 41 14 29 33 9 21 5 6 32 46 47 8 17 23 22 
AQUIIII!!44 14 52 47 48 37 24 16 26 46 38 27 17 21 20 22 
AQUIIII!!46 9 14 48 8 17 41 44 52 22 29 21 27 47 26 37 
AQUIIII!!46 14 29 8 44 41 21 32 22 47 23 9 33 17 5 6 
AQUIIII!!21 44 46 48 37 9 41 27 29 22 17 26 52 47 14 16 
AQUIIII!!44 46 41 14 8 27 AQUIIII!!47 26 46 29 22 47 41 14 52 8 9 9 37 6 22 32 27 17 21 21 44 48 48 33 
17 29 
AQUIIII!!44 21 52 22 48 9 37 47 46 41 14 29 27 26 17 16 
AQUIIII!!44 49 47 20 38 21 22 27 48 51 26 46 52 37 24 16 
AQUIIII!!44 6 3 33 21 22 29 8 14 41 5 32 9 17 4 34 
AQUIIII!!44 17 22 9 21 32 5 14 8 3 4 34 33 6 29 41 
AQUIIII!!44 38 47 37 24 27 17 46 52 22 26 21 49 16 20 48 
AQUIIII!!44 47 27 21 46 22 14 26 16 17 52 9 48 37 29 41 
Number of Cuts in the second phase:3016
Number of repeat: 2835 
Violation: 172.000000
Violation: 559.000000
Violation: 290.000000
Violation: 568.000000
Violation: 1288.000000
Violation: 142.000000
Violation: 504.000000
Violation: 456.000000
Violation: 372.000000
Violation: 348.000000
Violation: 160.000000
Violation: 576.000000
Violation: 982.000000
Violation: 925.000000
Violation: 493.000000
Violation: 117.000000
Violation: 347.000000
Violation: 115.000000
Violation: 283.000000
Violation: 262.000000
Violation: 277.000000
Violation: 168.000000
Violation: 63.000000
Violation: 598.000000
Violation: 276.000000
Violation: 684.000000
Violation: 1259.000000
Violation: 216.000000
Violation: 349.000000
Violation: 337.000000
Violation: 761.000000
Violation: 209.000000
Violation: 763.000000
Violation: 589.000000
Violation: 174.000000
Violation: 132.000000
Violation: 164.000000
Violation: 593.000000
Violation: 1486.000000
Violation: 905.000000
Violation: 4.000000
Violation: 489.000000
Violation: 66.000000
Violation: 465.000000
Violation: 762.000000
Violation: 270.000000
Violation: 703.000000
Violation: 223.000000
Violation: 502.000000
Violation: 1288.000000
Violation: 373.000000
Violation: 557.000000
Violation: 646.000000
Violation: 8.000000
Violation: 202.000000
Violation: 367.000000
Violation: 714.000000
Violation: 735.000000
Violation: 22.000000
Violation: 51.000000
Violation: 1200.000000
Violation: 352.000000
Violation: 288.000000
Violation: 514.000000
Violation: 196.000000
Violation: 1327.000000
Violation: 979.000000
Violation: 331.000000
Violation: 286.000000
Violation: 299.000000
Violation: 463.000000
Violation: 290.000000
Violation: 987.000000
Violation: 384.000000
Violation: 290.000000
Violation: 550.000000
Violation: 565.000000
Violation: 54.000000
Violation: 588.000000
Violation: 298.000000
Violation: 945.000000
Violation: 271.000000
Violation: 11.000000
Violation: 608.000000
Violation: 63.000000
Violation: 784.000000
Violation: 182.000000
Violation: 600.000000
Violation: 796.000000
Violation: 372.000000
Violation: 825.000000
Violation: 556.000000
Violation: 539.000000
Violation: 611.000000
Violation: 146.000000
Violation: 228.000000
Violation: 499.000000
Violation: 13.000000
Violation: 304.000000
Violation: 61.000000
Violation: 863.000000
Violation: 518.000000
Violation: 625.000000
Violation: 651.000000
Violation: 388.000000
Violation: 176.000000
Violation: 276.000000
Violation: 601.000000
Violation: 808.000000
Violation: 851.000000
Violation: 188.000000
Violation: 449.000000
Violation: 188.000000
Violation: 303.000000
Violation: 512.000000
Violation: 88.000000
Violation: 160.000000
Violation: 1527.000000
Violation: 775.000000
Violation: 455.000000
Violation: 450.000000
Violation: 1298.000000
Violation: 22.000000
Violation: 734.000000
Violation: 170.000000
Violation: 291.000000
Violation: 12.000000
Violation: 1006.000000
Violation: 736.000000
Violation: 477.000000
Violation: 69.000000
Violation: 184.000000
Violation: 362.000000
Violation: 726.000000
Violation: 492.000000
Violation: 299.000000
Violation: 352.000000
Violation: 452.000000
Violation: 1588.000000
Violation: 193.000000
Violation: 599.000000
Violation: 22.000000
Violation: 170.000000
Violation: 16.000000
Violation: 371.000000
Violation: 214.000000
Violation: 905.000000
Violation: 302.000000
Violation: 347.000000
Violation: 203.000000
Violation: 193.000000
Violation: 292.000000
Violation: 169.000000
Violation: 43.000000
Violation: 199.000000
Violation: 248.000000
Violation: 665.000000
Violation: 347.000000
Violation: 943.000000
Violation: 500.000000
Violation: 394.000000
Violation: 604.000000
Violation: 473.000000
Violation: 361.000000
Violation: 3.000000
Violation: 617.000000
Violation: 6.000000
Violation: 75.000000
Violation: 550.000000
Violation: 898.000000
Violation: 588.000000
Violation: 473.000000
Violation: 1142.000000
Violation: 398.000000
Violation: 684.000000
Violation: 277.000000
Violation: 415.000000
Violation: 310.000000
Violation: 60.000000
Violation: 447.000000
Violation: 414.000000
took 3.967459
Optimize a model with 993 rows, 906 columns and 14159 nonzeros
Coefficient statistics:
  Matrix range     [1e+00, 4e+01]
  Objective range  [0e+00, 0e+00]
  Bounds range     [1e+00, 4e+01]
  RHS range        [1e+00, 1e+02]
Presolve removed 481 rows and 108 columns
Presolve time: 0.00s
Presolved: 512 rows, 798 columns, 10369 nonzeros

Iteration    Objective       Primal Inf.    Dual Inf.      Time
       0    0.0000000e+00   4.508044e+01   0.000000e+00      0s
     117    0.0000000e+00   0.000000e+00   0.000000e+00      0s

Solved in 117 iterations and 0.01 seconds
Optimal objective  0.000000000e+00
