A-4.txt_s2.txt
Academic license - for non-commercial use only
Read LP format model from file lp/A-4.txt.lp
Reading time = 0.05 seconds
: 961 rows, 10797 columns, 131727 nonzeros
OKGPU
nThreads: 1024 , nBlocks: 12 
Number cuts generated in the phase 1: 12
Number of repeat: 1 
violation 263.000000
violation 199.000000
violation 174.000000
violation 174.000000
violation 104.000000
violation 45.000000
violation 336.000000
violation 308.000000
violation 773.000000
violation 50.000000
violation 559.000000
8592 16
AQUIIII!!142 88 20 21 144 AQUIIII!!29 142 86 9 18 64 139 139 75 89 114 45 5 7 6 137 134 1 19 
10 135 61 89 6 136 0 8 
AQUIIII!!142 96 29 78 139 21 45 55 5 134 19 31 88 144 18 20 
AQUIIII!!142 89 134 139 137 6 75 135 9 7 10 29 64 61 136 8 
AQUIIII!!21 45 5 139 78 96 19 144 29 55 88 31 134 20 18 142 
AQUIIII!!136 6 75 139 9 8 21 64 134 135 137 89 29 61 7 142 
AQUIIII!!136 8 9 0 1 10 135 6 61 139 89 7 137 114 75 142 
AQUIIII!!142 139 78 31 18 88 144 29 5 20 55 19 45 96 21 134 
AQUIIII!!5 AQUIIII!!20 142 6 75 19 10 86 136 134 8 144 61 7 134 89 135 139 139 21 89 18 6 9 64 88 29 29 64 137 142 7 

AQUIIII!!144 142 78 139 55 29 19 5 134 18 88 20 21 45 31 96 
AQUIIII!!142 9 61 7 139 1 114 135 137 8 6 75 0 89 136 10 
AQUIIII!!139 5 21 134 19 86 89 6 144 64 18 45 88 20 29 142 
AQUIIII!!136 134 29 19 6 86 64 88 20 21 139 89 7 18 135 142 
AQUIIII!!5 7 86 19 134 64 6 20 18 88 89 21 135 29 139 142 
AQUIIII!!139 89 8 19 21 86 29 64 6 134 7 136 135 20 88 142 
AQUIIII!!142 64 89 88 135 137 139 6 7 8 29 134 136 20 86 21 
AQUIIII!!142 5 19 6 88 18 135 7 64 134 20 139 86 21 29 89 
AQUIIII!!78 134 18 19 45 21 88 5 96 139 31 55 20 144 29 142 
AQUIIII!!20 18 96 19 78 31 21 45 144 29 88 55 5 139 134 142 
AQUIIII!!142 61 9 6 10 75 0 135 134 8 139 89 114 137 136 7 
AQUIIII!!139 29 88 19 6 21 89 20 18 86 64 7 136 134 135 142 
AQUIIII!!142 19 7 20 86 64 135 139 21 89 18 6 5 88 134 29 
AQUIIII!!142 88 64 21 135 29 86 7 134 89 5 139 19 6 20 18 
AQUIIII!!21 142 144 55 31 78 96 19 29 5 45 88 134 139 18 20 
AQUIIII!!137 139 29 136 21 89 8 6 61 7 75 134 135 64 9 142 
AQUIIII!!142 75 61 6 7 8 135 137 10 114 AQUIIII!!136 55 139 18 0 9 20 1 45 89 144 
5 88 134 19 29 139 78 31 96 21 142 
AQUIIII!!88 29 86 139 137 21 64 136 8 7 6 89 135 20 134 142 
AQUIIII!!61 10 135 137 134 89 139 136 7 114 0 75 9 6 8 142 
AQUIIII!!75 89 136 0 1 10 AQUIIII!!8 31 9 7 19 61 139 55 11 114 21 137 18 6 29 135 96 142 134 
5 78 88 45 20 142 144 
AQUIIII!!142 64 7 20 135 139 8 21 86 6 19 88 89 29 136 134 
AQUIIII!!142 139 6 89 0 137 75 10 114 135 8 61 134 136 7 9 
AQUIIII!!142 86 88 5 144 45 19 21 64 6 139 134 18 20 89 29 
AQUIIII!!135 10 7 61 134 136 8 139 6 9 0 75 89 137 114 142 
AQUIIII!!29 64 86 135 6 134 89 137 7 136 8 139 20 88 142 21 
AQUIIII!!142 21 29 134 86 7 8 88 89 AQUIIII!!64 75 136 139 20 136 6 134 89 19 7 139 137 135 21 
135 61 64 8 29 9 6 142 
AQUIIII!!142 18 139 45 144 19 88 21 20 5 134 78 55 96 31 29 
AQUIIII!!AQUIIII!!142 142 11 7 9 20 7 64 136 139 0 19 137 8 10 136 29 8 6 86 114 135 75 88 134 89 AQUIIII!!135 6 142 89 61 139 21 20 1 135 

7 29 88 89 134 21 18 6 86 19 136 64 
AQUIIII!!142 29 64 6 8 137 134 139 9 75 10 135 136 89 61 7 
AQUIIII!!21 142 139 96 29 19 144 31 55 134 20 5 78 18 45 88 
AQUIIII!!142 5 29 86 135 7 19 139 64 88 21 134 20 18 6 89 
AQUIIII!!142 134 8 9 139 61 89 137 135 75 10 7 114 6 136 0 
AQUIIII!!0 61 139 7 1 137 75 9 10 8 135 6 89 114 136 142 
AQUIIII!!89 86 136 134 7 8 29 88 20 139 21 64 6 135 137 142 
AQUIIII!!19 136 7 8 AQUIIII!!142 29 7 139 64 9 21 88 6 135 64 6 75 21 137 20 135 89 134 89 134 86 139 142 8 136 
61 29 
AQUIIII!!86 18 88 64 19 6 89 20 7 135 139 5 21 29 134 142 
AQUIIII!!21 135 136 6 29 8 64 137 134 86 89 20 88 7 139 142 
AQUIIII!!134 6 89 144 19 29 20 139 7 5 86 21 64 18 88 142 
AQUIIII!!18 136 29 88 20 89 86 135 139 7 134 19 21 64 6 142 
AQUIIII!!142 75 61 9 89 10 136 7 114 139 8 137 135 1 0 6 
AQUIIII!!1 137 10 114 75 7 136 89 9 139 61 135 0 8 6 142 
AQUIIII!!142 5 134 29 139 19 89 86 7 144 20 64 6 18 21 88 
AQUIIII!!0 114 7 6 137 136 139 134 75 10 135 61 89 9 8 142 
AQUIIII!!142 8 9 136 29 89 75 7 64 6 134 61 10 135 137 139 
AQUIIII!!142 29 21 89 136 9 139 135 137 75 6 8 7 64 61 134 
AQUIIII!!86 19 88 18 20 21 64 7 6 135 5 89 29 134 139 142 
AQUIIII!!0 61 7 114 8 135 1 89 136 137 6 139 9 10 75 142 
AQUIIII!!142 29 139 134 136 6 89 75 64 135 61 8 21 9 137 7 
AQUIIII!!142 136 64 29 134 6 7 8 89 86 21 139 88 135 20 19 
AQUIIII!!142 86 89 7 134 21 18 135 20 19 6 29 88 136 139 64 AQUIIII!!
18 136 135 88 20 7 64 21 29 86 134 89 6 139 19 142 
AQUIIII!!142 55 134 20 31 88 45 18 78 96 139 19 21 29 5 144 
AQUIIII!!142 89 86 139 20 134 19 21 136 64 29 7 88 6 135 18 
AQUIIII!!142 88 136 20 7 8 134 135 29 86 139 6 64 89 21 19 
AQUIIII!!61 9 137 8 135 10 114 0 139 136 6 1 7 89 75 142 
AQUIIII!!142 20 7 8 139 88 6 86 19 29 135 134 136 21 64 89 
AQUIIII!!142 7 134 0 136 75 6 137 10 8 135 114 89 61 9 139 
AQUIIII!!142 21 29 134 86 7 8 88 89 64 136 20 6 19 139 135 
AQUIIII!!135 8 89 10 61 75 64 9 6 134 136 29 137 7 139 142 
AQUIIII!!135 8 6 10 136 75 137 134 89 61 7 29 139 64 9 142 
AQUIIII!!6 89 21 88 8 86 135 20 29 136 139 19 7 134 64 142 
AQUIIII!!9 89 136 137 29 135 6 139 61 7 75 8 134 64 10 142 
AQUIIII!!89 75 136 137 61 6 10 135 7 134 139 9 0 8 114 142 
AQUIIII!!142 20 7 135 64 89 18 139 86 134 29 136 21 6 88 19 
AQUIIII!!64 5 7 19 21 86 144 139 88 89 20 18 134 6 29 142 
AQUIIII!!18 86 139 29 89 45 19 144 20 64 6 134 AQUIIII!!5 142 88 0 21 139 142 
6 75 89 61 1 114 135 8 10 136 9 7 137 
AQUIIII!!142 29 89 136 7 20 137 135 6 64 8 88 86 21 139 134 
AQUIIII!!142 89 10 137 135 114 1 6 75 7 61 8 9 11 136 0 
AQUIIII!!142 20 135 139 29 19 7 89 88 136 134 64 21 18 86 6 
AQUIIII!!28 16 69 13 140 88 45 15 14 5 71 141 96 143 144 31 
AQUIIII!!142 29 134 89 86 6 139 7 8 20 136 88 135 137 64 21 
AQUIIII!!142 7 1 136 9 89 75 114 0 135 11 137 6 8 61 10 
AQUIIII!!18 29 7 20 88 134 64 5 21 19 144 139 86 89 6 142 
AQUIIII!!142 29 7 144 139 5 88 18 20 134 86 64 6 19 21 89 
AQUIIII!!21 142 139 96 29 19 144 31 55 134 20 5 78 18 45 88 
AQUIIII!!142 20 7 6 88 135 136 139 8 64 21 134 19 89 29 86 
AQUIIII!!142 8 89 64 136 6 139 135 7 134 21 86 20 88 29 137 
AQUIIII!!55 5 18 20 134 21 88 19 96 31 139 144 78 45 29 142 
AQUIIII!!88 64 29 7 6 21 19 134 20 139 18 86 5 144 89 142 
AQUIIII!!75 9 7 137 64 6 61 29 134 89 135 136 21 139 8 142 
AQUIIII!!142 89 29 6 18 135 134 64 21 20 88 19 86 139 5 7 
AQUIIII!!136 7 142 114 135 75 8 9 10 61 0 137 6 1 11 89 
AQUIIII!!142 20 29 86 18 88 64 5 19 6 21 89 134 144 139 45 
AQUIIII!!142 136 9 7 61 114 135 6 0 8 10 137 75 134 139 89 
AQUIIII!!29 21 31 20 5 18 144 78 134 19 96 88 139 55 45 142 
AQUIIII!!142 29 8 19 7 6 135 21 20 136 89 86 134 88 64 139 
AQUIIII!!142 75 137 1 136 139 6 61 89 7 10 0 8 135 9 114 AQUIIII!!
142 19 20 64 88 18 134 136 21 86 139 7 89 6 29 135 
AQUIIII!!6 137 7 134 86 88 29 64 20 135 21 139 89 8 136 142 
AQUIIII!!7 75 89 8 137 135 139 9 0 136 61 114 134 6 10 142 
AQUIIII!!9 89 137 7 134 29 8 136 64 21 61 6 139 75 135 142 
AQUIIII!!88 144 134 55 31 45 18 96 20 78 21 139 19 29 5 142 
AQUIIII!!86 21 64 7 20 89 8 19 139 29 136 6 88 135 134 142 
AQUIIII!!75 9 6 0 8 136 139 89 1 135 7 114 137 61 10 142 
AQUIIII!!137 10 0 136 61 135 75 134 7 6 139 89 8 9 114 142 
AQUIIII!!64 21 89 88 86 136 29 139 7 20 8 AQUIIII!!137 142 6 6 134 137 135 135 142 1 
114 75 8 136 139 61 9 7 10 0 89 
AQUIIII!!7 144 19 18 89 64 21 20 86 88 29 134 5 139 6 142 
AQUIIII!!142 0 114 10 89 61 137 6 136 139 135 1 7 9 75 8 
AQUIIII!!142 20 134 144 21 5 29 45 18 78 88 139 55 31 96 19 
AQUIIII!!134 20 139 29 6 21 18 88 64 144 19 89 5 86 7 142 
AQUIIII!!88 21 139 20 6 89 135 18 19 136 64 86 7 29 134 142 
AQUIIII!!29 86 139 89 6 21 88 135 134 18 136 7 19 20 64 142 
AQUIIII!!7 136 134 6 10 139 135 8 75 114 61 89 137 9 0 142 
AQUIIII!!142 114 89 10 134 136 61 7 9 0 6 139 75 135 8 137 
AQUIIII!!142 5 18 55 88 134 31 45 20 144 21 78 19 96 139 29 
AQUIIII!!139 114 135 89 75 10 137 134 0 136 61 6 9 8 7 142 
AQUIIII!!6 136 20 18 134 29 135 89 86 21 139 19 88 64 7 142 
AQUIIII!!88 64 89 86 29 6 144 5 20 134 45 19 139 21 18 142 
AQUIIII!!142 139 7 88 29 19 5 64 6 134 89 20 21 86 18 135 
Number of Cuts in the second phase:1358
Number of repeat: 1252 
Violation: 305.000000
Violation: 2.000000
Violation: 62.000000
Violation: 94.000000
Violation: 314.000000
Violation: 591.000000
Violation: 182.000000
Violation: 1182.000000
Violation: 364.000000
Violation: 864.000000
Violation: 165.000000
Violation: 338.000000
Violation: 188.000000
Violation: 174.000000
Violation: 8.000000
Violation: 51.000000
Violation: 254.000000
Violation: 236.000000
Violation: 508.000000
Violation: 107.000000
Violation: 87.000000
Violation: 794.000000
Violation: 192.000000
Violation: 323.000000
Violation: 546.000000
Violation: 141.000000
Violation: 12.000000
Violation: 385.000000
Violation: 207.000000
Violation: 508.000000
Violation: 297.000000
Violation: 6.000000
Violation: 424.000000
Violation: 193.000000
Violation: 1033.000000
Violation: 33.000000
Violation: 813.000000
Violation: 610.000000
Violation: 30.000000
Violation: 203.000000
Violation: 40.000000
Violation: 3.000000
Violation: 11.000000
Violation: 184.000000
Violation: 289.000000
Violation: 392.000000
Violation: 48.000000
Violation: 222.000000
Violation: 455.000000
Violation: 97.000000
Violation: 1137.000000
Violation: 100.000000
Violation: 136.000000
Violation: 135.000000
Violation: 38.000000
Violation: 274.000000
Violation: 193.000000
Violation: 151.000000
Violation: 172.000000
Violation: 1158.000000
Violation: 642.000000
Violation: 350.000000
Violation: 581.000000
Violation: 407.000000
Violation: 395.000000
Violation: 83.000000
Violation: 90.000000
Violation: 478.000000
Violation: 1487.000000
Violation: 324.000000
Violation: 279.000000
Violation: 347.000000
Violation: 294.000000
Violation: 1172.000000
Violation: 168.000000
Violation: 265.000000
Violation: 80.000000
Violation: 73.000000
Violation: 48.000000
Violation: 319.000000
Violation: 32.000000
Violation: 9.000000
Violation: 438.000000
Violation: 242.000000
Violation: 422.000000
Violation: 410.000000
Violation: 167.000000
Violation: 180.000000
Violation: 80.000000
Violation: 28.000000
Violation: 357.000000
Violation: 189.000000
Violation: 325.000000
Violation: 319.000000
Violation: 348.000000
Violation: 695.000000
Violation: 272.000000
Violation: 734.000000
Violation: 180.000000
Violation: 521.000000
Violation: 1118.000000
Violation: 728.000000
Violation: 148.000000
Violation: 552.000000
Violation: 378.000000
Violation: 293.000000
8592 16
AQUIIII!!142 89 137 6 10 11 8 7 61 114 1 AQUIIII!!0 142 75 64 136 135 9 88 135 19 86 
29 139 21 8 134 20 6 7 89 136 AQUIIII!!
142 139 7 18 64 20 88 135 86 21 6 89 5 134 29 19 
AQUIIII!!29 88 135 6 134 20 86 137 64 89 136 139 21 8 7 142 
AQUIIII!!88 21 139 6 86 134 144 89 19 64 7 5 18 29 20 142 
AQUIIII!!45 139 144 64 6 134 88 89 20 29 5 86 19 18 142 21 
AQUIIII!!64 29 AQUIIII!!21 6 6 61 19 89 88 135 86 7 139 9 18 75 20 8 5 137 11 89 114 AQUIIII!!7 134 135 1 6 134 0 AQUIIII!!136 142 10 21 137 
136 29 29 142 7 139 
9 135 8 8 135 64 75 64 7 139 6 21 9 61 89 89 137 142 61 
136 134 75 142 AQUIIII!!
20 45 96 139 21 19 78 88 134 5 29 31 AQUIIII!!18 136 55 8 142 7 144 6 
134 139 AQUIIII!!20 29 134 AQUIIII!!114 89 7 86 137 21 8 136 135 9 6 64 136 19 7 88 8 114 142 1 139 
89 0 89 0 61 135 11 9 10 61 135 75 137 75 6 142 
10 142 
AQUIIII!!136 89 88 64 86 139 7 6 135 134 8 21 20 137 29 142 
AQUIIII!!136 8 21 86 64 6 29 88 139 20 134 89 135 7 19 142 
AQUIIII!!142 21 139 20 18 89 5 144 19 134 AQUIIII!!6 64 45 61 86 139 29 114 88 
8 7 0 135 75 1 9 137 6 89 136 10 142 
AQUIIII!!142 21 86 18 88 134 19 6 89 64 7 5 29 20 135 139 
AQUIIII!!142 86 134 64 20 89 135 88 7 19 21 29 6 18 136 139 
AQUIIII!!142 10 89 75 136 AQUIIII!!6 114 142 134 137 88 9 1 7 7 135 64 0 20 61 11 86 135 8 139 8 89 
29 6 137 21 136 
AQUIIII!!142 6 29 135 89 20 21 8 136 7 139 86 88 64 19 134 
AQUIIII!!29 20 89 6 139 5 88 21 7 134 64 144 19 18 86 142 
AQUIIII!!29 18 6 21 135 89 88 136 134 64 19 20 139 7 86 142 
AQUIIII!!142 21 139 29 7 19 89 64 8 88 20 134 136 6 86 135 
AQUIIII!!142 137 135 64 136 139 88 6 134 8 29 89 21 7 20 86 
AQUIIII!!134 89 18 139 20 64 7 5 21 6 86 29 144 19 88 142 
AQUIIII!!137 64 134 20 135 21 6 88 29 136 139 86 8 89 7 142 
AQUIIII!!11 136 1 137 7 75 61 6 89 9 8 10 135 114 0 142 
AQUIIII!!139 88 29 19 21 8 7 64 6 86 134 20 136 135 89 142 
AQUIIII!!142 136 135 20 19 88 29 64 7 6 89 8 21 86 139 134 
AQUIIII!!139 20 5 6 64 7 134 86 21 29 135 89 88 18 19 142 
AQUIIII!!142 20 136 88 19 86 134 135 89 6 139 64 21 29 8 7 
AQUIIII!!142 89 6 10 9 0 136 114 135 139 75 137 7 8 61 1 
AQUIIII!!136 21 137 7 75 64 8 9 6 29 134 135 61 139 89 142 
AQUIIII!!142 136 18 7 88 89 135 134 139 19 6 64 29 20 86 21 
AQUIIII!!142 21 134 89 29 8 6 7 86 139 137 135 136 64 20 88 
AQUIIII!!114 10 7 135 6 0 89 139 134 136 137 9 8 61 75 142 
AQUIIII!!142 20 19 136 6 29 18 64 89 134 135 88 86 7 21 139 
AQUIIII!!142 89 20 86 7 144 18 139 6 88 134 5 64 19 21 29 
AQUIIII!!137 7 134 21 6 8 136 135 9 89 29 139 75 64 61 142 
AQUIIII!!136 137 29 134 6 10 75 135 61 139 7 8 89 64 9 142 
AQUIIII!!142 134 20 88 89 135 64 7 29 86 21 18 19 139 136 6 
AQUIIII!!142 21 139 20 18 89 5 144 19 134 6 64 45 86 29 88 
AQUIIII!!7 88 64 89 20 86 136 21 19 29 139 135 134 6 8 142 
AQUIIII!!142 8 64 137 75 29 135 7 136 61 21 134 139 89 9 6 
AQUIIII!!21 142 6 88 134 29 19 7 20 5 64 144 18 89 86 139 
AQUIIII!!6 134 88 18 21 20 89 19 139 29 64 45 86 144 5 142 
AQUIIII!!142 86 29 19 21 139 88 64 18 89 136 7 134 20 135 6 
AQUIIII!!21 5 64 88 29 139 134 86 18 20 89 19 7 6 135 142 
AQUIIII!!142 7 139 88 135 21 134 64 18 20 86 6 89 136 19 29 
AQUIIII!!6 9 29 64 89 135 139 75 61 134 8 137 10 136 142 7 
AQUIIII!!61 6 135 8 114 10 7 89 75 1 139 9 136 0 137 142 
AQUIIII!!7 134 21 6 139 64 86 144 29 18 19 88 89 20 AQUIIII!!5 142 142 89 
137 8 75 114 61 135 10 1 9 0 136 11 6 7 
AQUIIII!!136 89 134 64 21 88 29 7 86 135 137 20 8 6 139 142 
AQUIIII!!134 88 89 6 86 20 29 18 139 135 7 136 21 19 64 142 
AQUIIII!!142 86 29 21 88 5 64 139 20 134 18 6 89 144 45 19 
AQUIIII!!142 64 9 134 136 139 29 135 21 137 75 7 8 6 89 61 
AQUIIII!!114 137 9 61 134 75 10 135 0 6 7 8 136 139 89 142 
AQUIIII!!6 9 29 7 89 8 64 61 134 136 75 10 137 139 135 142 
AQUIIII!!142 75 0 139 89 61 7 8 10 6 137 136 135 114 134 9 
AQUIIII!!142 64 139 6 135 61 29 21 89 9 8 136 75 137 134 7 
AQUIIII!!142 89 20 21 139 19 135 86 29 88 64 6 134 7 136 18 
AQUIIII!!114 0 8 6 7 136 135 134 10 89 75 137 139 61 9 142 
AQUIIII!!142 64 18 45 29 20 89 5 134 144 6 21 139 86 88 19 
AQUIIII!!142 21 29 144 96 139 88 134 19 5 78 31 55 20 45 18 
AQUIIII!!142 29 134 135 20 86 8 89 6 64 19 7 88 136 139 21 
AQUIIII!!142 135 134 61 9 6 137 136 89 8 75 64 29 139 7 10 
AQUIIII!!135 6 86 20 64 7 89 139 134 19 88 136 29 21 8 142 
AQUIIII!!134 5 18 139 86 29 6 88 64 89 7 144 19 21 20 142 
AQUIIII!!134 135 8 9 61 64 29 75 7 137 6 89 139 21 136 142 
AQUIIII!!61 135 8 9 7 139 114 0 137 134 136 6 89 75 10 142 
AQUIIII!!142 7 114 10 8 6 137 134 139 61 135 75 9 136 AQUIIII!!89 29 0 135 
20 64 21 8 137 7 139 89 88 6 134 136 86 142 
AQUIIII!!142 21 29 144 96 139 88 134 19 5 78 31 55 20 45 18 
AQUIIII!!134 7 136 29 137 10 8 135 6 75 9 64 89 139 61 142 
AQUIIII!!75 89 64 7 137 8 29 9 135 136 134 61 21 6 139 142 
AQUIIII!!8 7 139 20 135 21 29 134 19 89 64 88 6 86 136 142 
AQUIIII!!18 86 135 29 139 6 21 7 19 88 5 134 20 89 64 142 
AQUIIII!!20 21 86 139 29 64 134 89 18 7 5 6 19 88 144 142 
AQUIIII!!21 134 88 20 45 55 16 78 19 28 29 96 5 18 31 144 
AQUIIII!!134 45 19 6 20 144 86 5 139 64 89 29 18 AQUIIII!!21 7 88 75 142 10 
11 114 9 61 0 1 136 6 137 89 135 8 142 
AQUIIII!!89 114 75 6 0 61 7 9 8 1 136 139 10 135 137 142 
AQUIIII!!136 135 7 139 0 9 89 6 114 75 134 137 61 8 10 142 
AQUIIII!!64 6 139 19 136 88 20 18 7 89 86 135 134 21 29 142 
AQUIIII!!6 134 19 21 20 7 136 29 89 135 64 86 139 88 18 142 
AQUIIII!!64 134 6 7 20 86 139 18 89 21 5 19 29 135 88 142 AQUIIII!!
86 64 29 139 20 144 5 6 21 134 88 18 89 19 7 142 
AQUIIII!!8 139 0 7 9 137 134 136 135 89 10 6 75 114 61 142 
AQUIIII!!142 134 29 135 8 86 139 7 64 6 136 19 20 AQUIIII!!88 88 89 18 21 89 
20 45 64 139 86 21 29 5 19 6 134 144 142 
AQUIIII!!61 9 0 10 137 6 11 114 8 1 75 7 136 135 89 142 
AQUIIII!!88 18 89 20 45 64 139 86 21 29 5 19 6 134 144 142 
AQUIIII!!9 61 6 134 135 8 136 75 21 137 64 7 139 89 29 142 
AQUIIII!!134 9 75 10 6 7 64 139 137 29 89 8 61 136 135 142 
AQUIIII!!142 20 19 29 6 21 5 144 64 18 AQUIIII!!86 10 88 7 89 134 75 139 137 89 
8 135 7 114 139 6 136 9 0 134 61 142 
AQUIIII!!89 7 86 29 6 64 88 18 134 19 144 5 20 21 139 142 
AQUIIII!!142 139 20 6 19 8 136 135 86 134 89 7 21 88 64 29 
AQUIIII!!29 134 7 6 5 88 135 19 18 139 21 64 86 89 20 142 
AQUIIII!!142 86 5 134 139 20 45 6 29 89 144 64 19 18 21 88 
AQUIIII!!7 137 8 9 114 89 75 61 135 10 139 1 0 136 6 142 
AQUIIII!!134 21 64 6 29 20 139 18 89 88 5 19 7 86 144 142 
AQUIIII!!8 135 89 137 6 75 136 0 134 10 7 9 61 114 139 142 
AQUIIII!!142 89 0 1 137 114 61 135 75 136 7 8 139 10 6 9 
AQUIIII!!9 89 61 136 137 8 75 134 135 21 139 6 7 64 29 142 
AQUIIII!!61 136 8 0 7 1 6 114 135 75 9 137 AQUIIII!!142 11 8 89 6 9 10 139 10 142 7 
89 135 136 75 134 137 64 29 61 
AQUIIII!!61 89 134 136 135 9 10 6 139 114 137 8 7 0 75 142 
AQUIIII!!29 20 134 137 64 7 136 89 88 86 21 139 135 8 6 142 
AQUIIII!!21 142 86 7 19 89 6 20 18 134 139 144 5 64 88 29 
AQUIIII!!6 9 135 139 136 137 7 114 10 8 89 1 75 61 0 142 
AQUIIII!!18 78 21 20 19 88 31 139 29 144 55 45 96 134 5 142 
AQUIIII!!18 78 21 20 19 88 31 139 29 144 55 45 96 134 5 142 
AQUIIII!!135 139 10 136 6 0 114 75 7 8 1 89 61 9 137 142 
AQUIIII!!142 20 8 7 137 88 29 86 136 135 6 21 64 139 89 134 
AQUIIII!!142 55 20 19 21 78 96 18 139 31 45 144 88 134 29 5 
AQUIIII!!134 20 29 18 139 21 64 7 88 136 135 86 89 6 19 142 
AQUIIII!!139 134 21 9 75 89 136 6 137 135 61 64 29 7 8 142 
AQUIIII!!6 18 45 89 144 86 21 19 139 20 29 64 134 5 88 142 
Number of Cuts in the second phase:1332
Number of repeat: 1291 
Violation: 703.000000
Violation: 137.000000
Violation: 709.000000
Violation: 379.000000
Violation: 164.000000
Violation: 73.000000
Violation: 560.000000
Violation: 87.000000
Violation: 619.000000
Violation: 155.000000
Violation: 558.000000
Violation: 178.000000
Violation: 347.000000
Violation: 528.000000
Violation: 441.000000
Violation: 9.000000
Violation: 90.000000
Violation: 184.000000
Violation: 72.000000
Violation: 133.000000
Violation: 158.000000
Violation: 117.000000
Violation: 128.000000
Violation: 17.000000
Violation: 119.000000
Violation: 8.000000
Violation: 135.000000
Violation: 157.000000
Violation: 490.000000
Violation: 96.000000
Violation: 70.000000
Violation: 137.000000
Violation: 24.000000
Violation: 135.000000
Violation: 374.000000
Violation: 331.000000
Violation: 232.000000
Violation: 80.000000
Violation: 325.000000
Violation: 172.000000
Violation: 135.000000
816 16
AQUIIII!!142 8 86 20 135 21 29 134 19 6 64 139 89 88 7 136 
AQUIIII!!18 6 134 7 29 20 89 5 88 21 139 19 135 64 86 142 
AQUIIII!!142 139 8 21 88 135 134 19 29 136 64 20 7 6 86 89 
AQUIIII!!19 7 20 29 89 86 88 18 139 6 21 5 134 64 144 142 
AQUIIII!!142 88 6 134 136 21 86 7 139 135 64 19 20 89 29 18 
AQUIIII!!134 89 18 64 20 144 86 5 139 6 88 21 45 29 19 142 
AQUIIII!!142 89 114 6 137 9 75 8 0 10 136 135 139 134 7 61 
AQUIIII!!86 144 139 134 29 21 5 45 18 19 64 78 31 20 55 142 
AQUIIII!!142 29 86 64 20 19 88 18 139 89 21 7 134 6 5 135 
AQUIIII!!142 6 20 29 45 144 89 139 19 18 86 64 21 5 88 134 
AQUIIII!!142 89 134 6 8 135 114 7 75 0 61 137 139 10 136 9 
Number of Cuts in the second phase:136
Number of repeat: 133 
Violation: 325.000000
Violation: 1.000000
Violation: 125.000000
took 16.994272
Optimize a model with 1170 rows, 10797 columns and 133629 nonzeros
Coefficient statistics:
  Matrix range     [1e-05, 9e+01]
  Objective range  [0e+00, 0e+00]
  Bounds range     [1e+00, 2e+09]
  RHS range        [1e+00, 6e+01]
Warning: Model contains large bounds
         Consider reformulating model or setting NumericFocus parameter
         to avoid numerical issues.

Concurrent LP optimizer: dual simplex and barrier
Showing barrier log only...

Presolve removed 155 rows and 420 columns
Presolve time: 0.04s
Presolved: 1015 rows, 10377 columns, 126123 nonzeros

Ordering time: 0.00s

Barrier statistics:
 AA' NZ     : 6.226e+04
 Factor NZ  : 1.133e+05 (roughly 5 MBytes of memory)
 Factor Ops : 1.638e+07 (less than 1 second per iteration)
 Threads    : 3

                  Objective                Residual
Iter       Primal          Dual         Primal    Dual     Compl     Time
   0   0.00000000e+00 -2.68714598e+07  5.93e+09 0.00e+00  1.31e+06     0s
   1   0.00000000e+00 -6.57774254e+06  2.12e+09 8.30e-03  4.60e+05     0s
   2   0.00000000e+00 -1.55272014e+05  5.25e+08 1.25e-16  1.15e+05     0s
   3   0.00000000e+00 -1.21886640e+03  2.37e+04 2.22e-16  5.27e+00     0s
   4   0.00000000e+00 -9.30207969e+02  2.07e+04 3.03e-06  4.31e+00     0s
   5   0.00000000e+00 -1.27881422e+03  9.34e+03 9.94e-05  2.55e+00     0s
   6   0.00000000e+00 -8.00267110e+02  3.83e+03 2.50e-05  9.56e-01     0s
   7   0.00000000e+00 -6.70186468e+02  3.65e+03 6.96e-06  8.71e-01     0s
   8   0.00000000e+00 -5.97177101e+02  2.22e+03 4.09e-06  5.33e-01     0s
   9   0.00000000e+00 -3.64048184e+02  1.66e+03 1.92e-07  3.84e-01     0s
  10   0.00000000e+00 -2.59948273e+02  3.63e+02 2.86e-08  9.01e-02     0s
  11   0.00000000e+00 -1.16664746e+02  1.00e+02 3.87e-09  2.58e-02     0s
  12   0.00000000e+00 -5.19031371e+01  3.24e+01 7.85e-10  8.63e-03     0s
  13   0.00000000e+00 -3.60193893e+01  1.13e+01 4.92e-10  3.79e-03     0s
  14   0.00000000e+00 -2.80322175e+01  6.96e+00 3.60e-10  2.55e-03     0s

Barrier performed 14 iterations in 0.12 seconds
Barrier solve interrupted - model solved by another algorithm


Solved with dual simplex
Solved in 643 iterations and 0.12 seconds
Optimal objective  0.000000000e+00
