j3017_4.mm_s3.txt
Academic license - for non-commercial use only
Read LP format model from file lp/j3017_4.mm.lp
Reading time = 0.01 seconds
: 351 rows, 906 columns, 9053 nonzeros
OKGPU
nThreads: 1024 , nBlocks: 12 
Number cuts generated in the phase 1: 8
Number of repeat: 2 
violation 750.000000
violation 500.000000
violation 404.000000
violation 71.000000
violation 380.000000
violation 800.000000
8592 16
16 3 7 8 44 17 44 46 11 46 32 7 32 12 4 25 9 8 12 43 46 18 6 AQUIIII!!44 10 4 17 48 12 43 43 43 20 17 
22 
13 22 19 19 14 46 4 11 25 28 5 6 
7 AQUIIII!!44 9 48 
45 46 23 16 47 27 16 15 15 20 10 14 21 21 27 9 10 
11 13 7 44 23 45 
AQUIIII!!46 45 9 48 11 27 16 44 14 13 23 7 21 10 20 15 
AQUIIII!!9 10 21 5 23 47 20 11 16 13 45 7 14 15 27 48 
AQUIIII!!AQUIIII!!45 23 27 11 14 16 13 13 15 19 23 AQUIIII!!20 44 46 32 10 11 9 7 32 25 AQUIIII!!9 18 AQUIIII!!43 44 16 20 45 7 43 AQUIIII!!21 44 10 44 44 20 27 17 45 11 44 9 16 46 43 23 7 27 20 48 32 43 48 
10 10 9 13 25 46 23 45 AQUIIII!!10 7 
43 16 46 7 46 13 25 13 19 32 9 16 7 11 10 22 44 13 46 14 48 7 11 
11 25 18 AQUIIII!!14 23 20 13 23 14 AQUIIII!!20 46 9 14 11 19 20 45 46 10 48 9 13 43 9 AQUIIII!!48 
15 20 48 
46 48 16 
17 32 23 27 19 11 18 16 22 13 20 21 21 46 23 47 11 10 48 9 22 13 
45 7 15 23 20 AQUIIII!!7 44 19 10 44 23 10 48 19 9 27 
44 20 45 16 10 11 7 43 11 48 
7 
18 22 9 AQUIIII!!43 AQUIIII!!43 AQUIIII!!13 7 20 7 32 AQUIIII!!20 17 11 AQUIIII!!AQUIIII!!16 48 23 23 46 14 32 23 22 9 43 23 44 13 15 AQUIIII!!48 9 AQUIIII!!21 11 10 12 27 23 32 44 46 32 7 13 20 46 46 18 25 43 28 
23 46 32 AQUIIII!!11 43 11 18 12 43 20 7 11 7 6 22 9 32 44 6 AQUIIII!!13 16 43 32 47 32 19 43 10 17 4 17 45 10 13 10 12 10 7 22 8 22 19 32 
19 20 44 18 22 25 28 19 11 18 AQUIIII!!43 4 18 12 16 25 22 46 12 9 46 19 46 AQUIIII!!20 4 3 45 19 19 43 17 13 32 6 44 8 23 25 28 48 28 48 7 44 AQUIIII!!17 10 7 
44 
19 3 3 27 AQUIIII!!46 46 18 17 48 4 10 7 6 48 22 46 22 17 44 47 
18 
12 AQUIIII!!44 18 28 46 9 13 32 AQUIIII!!8 48 43 13 20 13 22 25 19 AQUIIII!!16 
10 16 20 17 16 8 25 8 27 AQUIIII!!12 48 43 21 23 48 48 16 21 44 7 
27 16 14 14 32 
46 7 27 16 7 16 19 19 17 19 
15 13 20 10 44 21 18 18 4 25 45 11 11 15 43 4 44 12 11 45 44 7 46 46 25 15 6 10 6 48 45 44 14 23 27 14 25 11 22 
10 10 45 9 5 43 9 23 43 23 48 44 28 13 44 AQUIIII!!48 
20 46 7 45 8 
48 20 48 AQUIIII!!45 14 
9 7 48 46 20 AQUIIII!!15 18 11 
11 AQUIIII!!23 46 9 
44 17 16 48 AQUIIII!!32 25 22 
20 48 10 AQUIIII!!46 23 43 14 44 23 13 48 32 7 9 23 7 32 11 9 27 8 13 13 12 48 11 17 20 5 21 20 48 
7 18 46 18 21 
10 44 22 16 19 47 7 9 9 46 23 23 11 22 13 AQUIIII!!22 44 20 18 9 7 48 AQUIIII!!20 23 10 45 46 43 19 46 48 43 13 15 45 17 7 7 13 19 11 
43 13 32 6 25 10 48 27 44 10 44 9 17 
14 32 7 46 17 23 32 48 10 19 11 43 12 
11 43 19 11 20 48 28 48 
44 

32 13 4 10 22 12 23 19 8 17 46 18 22 25 18 

AQUIIII!!1 43 19 4 17 22 3 12 0 28 25 2 8 6 32 18 
AQUIIII!!22 4 44 8 3 32 43 18 17 25 46 19 28 12 6 48 
AQUIIII!!22 46 18 8 32 12 AQUIIII!!7 14 6 9 19 AQUIIII!!AQUIIII!!25 17 19 22 AQUIIII!!20 25 AQUIIII!!32 23 4 27 23 8 11 10 6 23 3 43 43 18 22 17 10 44 20 9 28 48 25 13 4 11 46 
19 46 25 44 13 3 16 6 32 19 8 17 45 45 20 18 28 7 13 44 43 32 16 43 44 10 10 2 44 46 46 AQUIIII!!22 12 11 12 25 43 19 18 48 32 45 48 7 23 20 
43 9 
16 13 25 44 7 46 48 48 16 1 

44 
7 11 27 AQUIIII!!10 11 43 12 14 AQUIIII!!23 18 46 9 19 16 48 23 13 7 
23 45 32 20 11 10 14 7 21 20 9 46 10 22 15 17 13 43 27 AQUIIII!!44 47 48 48 48 AQUIIII!!
14 
20 32 44 25 7 45 11 43 46 7 27 46 20 16 43 44 13 23 10 10 23 11 45 9 19 25 13 16 9 
48 
AQUIIII!!AQUIIII!!AQUIIII!!19 48 8 7 44 18 10 46 17 8 32 32 10 32 43 18 23 25 23 23 12 AQUIIII!!12 22 22 25 19 25 11 20 12 17 19 43 7 10 44 13 22 17 
AQUIIII!!10 11 18 11 9 32 17 46 18 11 11 20 7 44 46 13 44 7 48 44 48 19 43 46 27 AQUIIII!!23 

27 23 43 23 16 22 47 15 8 15 48 21 46 46 10 9 
9 AQUIIII!!11 7 8 14 AQUIIII!!14 12 45 11 45 6 20 23 48 25 10 
AQUIIII!!15 22 13 17 20 44 7 43 7 21 18 4 46 10 16 21 43 48 44 9 7 
13 AQUIIII!!16 19 7 45 19 32 32 27 25 22 17 9 14 12 46 28 13 8 11 18 6 44 20 22 10 23 46 AQUIIII!!32 19 48 48 48 17 48 
44 46 
20 
18 25 44 23 43 9 4 32 3 11 AQUIIII!!28 16 11 48 AQUIIII!!46 
23 45 45 44 27 43 43 13 7 13 7 17 9 10 44 28 19 43 
16 18 20 AQUIIII!!AQUIIII!!AQUIIII!!19 14 AQUIIII!!48 23 46 4 44 4 25 21 22 10 28 23 10 14 25 32 48 AQUIIII!!25 9 13 8 
6 AQUIIII!!46 7 8 23 AQUIIII!!46 23 13 16 12 21 32 20 7 21 46 10 3 14 15 22 19 10 14 27 6 47 18 18 9 44 15 12 5 10 22 27 12 20 20 48 25 13 13 45 AQUIIII!!7 44 19 13 
16 15 44 17 11 14 27 AQUIIII!!32 43 3 46 18 14 14 47 20 10 43 23 27 AQUIIII!!16 45 
17 45 11 46 13 10 7 12 9 10 32 7 23 20 11 9 45 43 16 19 11 23 20 44 7 43 48 9 12 20 5 8 46 25 17 16 
11 AQUIIII!!46 15 11 45 19 48 45 7 27 23 7 11 23 43 
18 5 6 48 48 AQUIIII!!48 47 32 7 27 22 


44 10 21 7 9 12 AQUIIII!!25 23 17 48 13 48 25 43 
10 21 46 16 32 23 46 15 
12 11 10 7 8 44 47 8 11 11 AQUIIII!!48 17 10 23 48 
10 46 22 25 6 48 17 20 28 
18 7 13 22 19 16 18 25 43 6 32 19 44 17 44 22 43 8 19 48 8 19 46 
44 22 9 46 22 18 18 3 32 48 48 43 
12 
4 32 AQUIIII!!
48 19 9 46 10 AQUIIII!!20 48 16 13 23 44 7 15 25 11 45 43 23 16 13 32 27 14 11 10 44 7 
46 21 45 20 9 AQUIIII!!
48 44 21 14 9 46 10 27 20 16 15 7 45 23 13 11 
AQUIIII!!10 44 14 13 27 23 7 46 21 45 16 20 11 9 15 AQUIIII!!48 18 
20 19 10 13 44 11 7 43 23 17 12 AQUIIII!!22 11 32 10 46 47 48 13 
27 21 20 5 45 16 7 15 23 14 9 48 
AQUIIII!!20 27 11 15 9 23 21 10 46 47 7 16 13 45 14 48 
AQUIIII!!AQUIIII!!48 22 22 6 18 12 19 46 10 20 8 19 44 9 7 16 25 23 18 44 23 17 7 32 32 48 10 AQUIIII!!43 22 43 46 6 13 
4 11 8 
19 3 17 25 43 32 12 46 28 44 18 48 
AQUIIII!!23 10 44 8 7 18 43 12 25 6 17 22 19 32 46 48 
AQUIIII!!43 10 44 AQUIIII!!11 AQUIIII!!12 AQUIIII!!45 23 43 48 7 10 18 10 20 43 5 28 23 11 17 32 21 16 19 9 25 19 32 13 6 20 25 44 14 19 18 13 15 44 47 25 46 45 3 11 32 16 23 8 17 9 27 12 48 8 7 
7 
22 22 4 46 46 48 48 

AQUIIII!!17 22 7 12 20 19 AQUIIII!!23 16 44 23 32 9 43 15 18 AQUIIII!!47 AQUIIII!!11 7 17 25 13 11 45 10 22 46 AQUIIII!!14 7 11 10 18 13 46 20 AQUIIII!!48 27 19 44 10 
AQUIIII!!5 12 23 44 21 25 6 17 15 19 10 8 19 25 13 20 32 43 45 48 32 18 7 22 23 
43 8 47 32 23 4 7 22 5 4 9 44 7 20 13 43 17 43 48 16 6 8 
46 11 12 16 25 27 28 48 12 9 46 
45 7 19 14 48 10 18 
21 6 48 28 
44 46 AQUIIII!!AQUIIII!!6 32 44 10 48 1 8 43 
23 28 12 6 32 22 17 12 25 4 18 2 22 8 17 19 32 43 19 46 18 44 3 7 25 48 

AQUIIII!!48 25 14 11 20 27 AQUIIII!!45 48 16 15 43 46 11 7 27 23 20 13 9 10 16 9 47 44 AQUIIII!!
48 13 45 46 32 21 AQUIIII!!14 17 48 23 8 46 10 6 28 7 10 5 17 
18 43 19 43 32 12 25 22 6 19 18 44 3 23 8 7 12 25 44 
22 4 
AQUIIII!!46 48 20 7 9 14 10 11 47 15 45 23 16 27 13 21 
AQUIIII!!4 28 1 8 18 12 22 25 3 17 32 0 AQUIIII!!6 10 43 11 19 22 2 20 
23 9 19 43 46 7 32 13 18 44 17 48 
AQUIIII!!48 7 13 10 47 20 21 23 27 45 14 16 46 15 11 9 
AQUIIII!!17 13 20 22 44 46 43 10 7 23 11 18 19 12 32 48 
AQUIIII!!13 27 23 46 45 16 7 14 21 47 10 11 15 9 20 48 
AQUIIII!!16 48 44 20 23 14 46 11 21 13 15 9 7 10 27 45 
AQUIIII!!48 25 12 17 19 4 28 44 7 6 22 46 32 18 43 8 AQUIIII!!
16 AQUIIII!!7 48 16 14 46 22 11 7 13 15 20 45 44 19 20 11 43 23 32 10 47 18 23 46 9 10 
21 27 13 9 48 
AQUIIII!!17 12 43 7 18 28 4 8 46 32 22 6 25 44 19 48 
AQUIIII!!16 48 7 46 20 44 AQUIIII!!45 48 25 23 13 9 20 10 44 11 32 AQUIIII!!7 19 17 14 13 43 11 43 23 46 
22 27 19 45 18 16 46 21 7 23 32 9 10 15 20 10 44 
9 13 11 48 
AQUIIII!!48 46 23 19 44 16 7 AQUIIII!!9 48 22 20 18 5 11 16 10 21 43 27 13 15 20 32 14 
9 23 11 47 45 AQUIIII!!7 19 13 1 10 43 17 
25 22 12 8 0 6 18 2 32 3 28 4 
AQUIIII!!48 16 9 45 11 21 47 5 10 20 7 14 27 13 15 23 
AQUIIII!!48 43 18 46 44 12 6 22 25 32 4 8 3 28 19 17 
AQUIIII!!10 20 46 25 44 16 19 43 45 11 32 7 AQUIIII!!13 48 9 14 23 23 48 10 
7 16 15 21 45 5 13 9 27 20 11 47 
AQUIIII!!48 46 7 23 19 11 43 44 17 32 22 18 12 25 10 8 
AQUIIII!!17 13 23 11 19 18 43 20 10 32 7 22 12 44 46 48 
AQUIIII!!16 9 7 15 14 AQUIIII!!48 46 45 47 16 15 13 9 13 21 20 11 23 27 23 10 14 27 7 10 11 5 21 45 47 
20 48 
AQUIIII!!45 9 20 7 5 21 14 13 16 47 23 10 11 27 48 15 
AQUIIII!!AQUIIII!!45 12 7 43 15 11 16 14 8 21 18 44 10 20 7 27 22 46 9 19 AQUIIII!!23 32 23 11 25 10 7 23 13 44 44 48 20 
17 17 46 19 48 32 
18 9 43 46 22 13 10 11 48 
AQUIIII!!46 9 43 7 13 45 16 25 AQUIIII!!48 23 43 32 11 11 22 19 7 10 13 23 44 19 20 44 48 46 
18 9 10 16 32 20 
AQUIIII!!48 10 12 46 22 6 43 AQUIIII!!32 43 19 6 12 44 44 25 32 18 8 8 19 7 7 17 17 23 22 
10 25 18 23 46 48 
AQUIIII!!10 11 44 25 32 7 8 18 22 23 12 43 AQUIIII!!19 10 17 32 46 18 48 23 
22 17 19 12 43 6 25 44 8 7 46 48 
AQUIIII!!12 10 13 32 23 44 22 11 20 43 17 18 46 7 19 48 
AQUIIII!!48 12 7 20 19 22 13 32 46 43 23 10 AQUIIII!!18 48 17 6 11 19 44 7 
46 22 8 4 17 18 28 43 25 12 44 32 
AQUIIII!!48 11 23 7 10 32 46 45 9 25 44 19 16 43 20 13 
AQUIIII!!48 46 11 10 23 25 13 43 7 27 45 20 9 AQUIIII!!44 48 14 16 18 
11 23 AQUIIII!!22 17 9 32 32 16 8 13 6 10 12 20 44 25 19 4 46 18 7 28 43 
19 22 7 46 43 44 48 
AQUIIII!!43 11 7 19 46 18 23 44 17 20 13 12 22 32 AQUIIII!!10 44 48 45 
20 11 14 27 23 9 21 46 10 16 13 7 15 48 
AQUIIII!!25 22 32 18 4 6 46 28 12 8 44 AQUIIII!!43 44 17 14 3 9 13 19 10 48 43 25 
23 27 11 20 16 7 45 46 48 AQUIIII!!
48 43 22 9 44 23 7 11 20 16 18 32 10 13 46 19 
AQUIIII!!7 17 43 23 12 20 10 19 18 46 32 22 13 44 11 48 
AQUIIII!!14 20 23 13 47 7 45 46 11 21 16 9 27 15 10 48 
AQUIIII!!46 23 11 45 14 13 27 10 9 44 21 20 7 15 16 48 
AQUIIII!!46 23 11 45 14 13 27 10 9 44 21 20 7 15 16 48 
AQUIIII!!19 22 25 6 44 18 17 7 23 46 12 10 43 32 8 48 
AQUIIII!!48 AQUIIII!!43 20 23 32 44 10 7 44 16 7 25 18 13 43 9 46 32 23 46 17 10 19 45 13 20 11 19 22 11 9 
48 
AQUIIII!!9 18 20 7 43 32 10 22 44 13 46 23 11 16 19 48 
AQUIIII!!15 21 45 9 47 10 7 23 13 16 20 46 11 14 27 48 
AQUIIII!!7 32 43 17 22 44 9 18 19 13 46 11 23 10 20 48 
AQUIIII!!11 7 16 46 20 45 9 23 14 13 10 44 43 25 27 48 
AQUIIII!!48 9 45 27 7 46 15 20 21 13 14 44 23 10 11 16 
AQUIIII!!18 32 8 44 10 23 17 7 25 43 6 46 22 19 12 48 
AQUIIII!!11 7 23 14 44 27 15 20 45 10 21 9 13 48 46 16 
AQUIIII!!48 46 45 43 44 13 25 27 9 7 14 11 10 23 16 AQUIIII!!20 48 
10 43 18 44 7 17 13 19 20 32 11 46 23 22 12 
AQUIIII!!10 45 13 44 46 43 32 25 11 23 16 19 9 20 7 48 
AQUIIII!!46 48 9 23 45 13 15 16 11 14 47 20 7 10 21 27 
AQUIIII!!48 44 18 46 19 12 28 17 6 4 32 25 22 3 8 43 
AQUIIII!!48 44 27 25 23 7 13 14 43 9 11 10 46 16 20 45 
AQUIIII!!48 19 18 25 12 10 46 17 11 7 43 23 32 8 22 44 
AQUIIII!!46 48 32 7 11 8 44 10 22 19 43 17 23 18 12 25 
AQUIIII!!48 46 7 43 12 10 22 18 13 23 11 20 32 19 44 17 
AQUIIII!!19 12 18 46 10 6 32 23 7 43 44 22 25 17 8 AQUIIII!!48 48 
4 12 32 18 25 28 7 19 22 6 17 46 44 43 8 
AQUIIII!!48 16 11 46 10 45 44 27 20 7 9 43 13 14 25 23 
AQUIIII!!43 44 48 28 32 17 25 7 19 12 4 6 18 8 46 22 
AQUIIII!!48 7 11 9 19 43 32 13 22 23 44 20 18 17 10 46 
AQUIIII!!48 22 7 43 8 44 23 12 18 17 19 10 25 46 6 32 
AQUIIII!!48 20 18 7 46 17 10 32 13 19 44 9 23 43 22 11 
AQUIIII!!48 19 43 22 44 23 25 7 46 12 32 18 8 6 17 10 
AQUIIII!!46 48 7 13 21 10 15 45 9 20 16 27 11 14 23 44 
AQUIIII!!48 10 11 23 43 19 22 7 AQUIIII!!18 48 25 20 22 13 8 11 46 18 12 23 44 44 10 17 19 32 17 
7 46 43 32 12 
AQUIIII!!48 43 8 17 22 10 6 46 25 32 12 7 44 18 19 23 
AQUIIII!!48 9 13 32 7 46 43 44 11 45 25 10 20 23 19 16 
AQUIIII!!48 20 10 23 13 9 43 22 44 32 17 18 19 46 11 7 
AQUIIII!!48 46 18 12 44 17 25 AQUIIII!!8 48 6 44 43 9 32 27 10 7 19 11 7 46 23 16 22 13 
15 20 23 45 14 10 21 
AQUIIII!!15 46 48 44 13 27 7 16 10 23 20 21 9 11 14 45 
AQUIIII!!48 25 17 19 18 22 46 32 44 11 10 23 8 12 7 43 
AQUIIII!!48 46 6 4 17 19 3 43 32 18 28 8 25 44 12 22 
AQUIIII!!48 19 13 44 20 46 32 45 7 23 43 16 11 9 25 10 
AQUIIII!!48 27 44 23 11 46 7 14 21 20 45 9 10 13 16 15 
AQUIIII!!48 20 16 21 45 10 47 13 14 9 7 11 46 27 15 23 
AQUIIII!!48 21 13 20 23 11 7 10 47 46 AQUIIII!!48 14 10 27 45 16 46 9 9 15 11 23 45 20 
47 27 13 16 7 15 14 21 
AQUIIII!!46 48 23 22 25 32 44 6 19 17 7 10 8 43 12 18 
AQUIIII!!48 19 32 4 46 18 8 12 43 44 3 6 28 22 25 17 
AQUIIII!!48 23 32 10 8 25 17 44 12 46 11 18 AQUIIII!!7 48 22 14 43 20 19 43 
11 7 AQUIIII!!48 25 19 10 23 23 9 16 10 22 9 46 27 32 16 45 11 13 20 7 44 18 46 44 43 
13 
AQUIIII!!48 AQUIIII!!7 48 21 13 13 7 15 43 44 12 46 32 14 18 20 46 9 10 45 10 20 27 22 16 17 23 11 11 19 
44 23 
AQUIIII!!48 46 32 25 17 43 18 19 8 28 4 6 3 12 22 44 
AQUIIII!!1 3 43 44 32 6 2 28 22 4 AQUIIII!!25 48 8 11 12 45 13 18 9 17 20 19 21 23 
5 14 15 7 10 47 27 16 
AQUIIII!!48 32 23 45 19 11 43 46 44 13 10 7 9 16 20 25 
AQUIIII!!48 46 17 19 10 44 13 7 32 22 23 20 18 12 11 43 
AQUIIII!!48 9 13 46 25 20 10 7 16 44 14 27 43 11 23 45 
AQUIIII!!48 20 23 46 44 21 16 7 14 13 11 9 27 10 15 45 
AQUIIII!!4 44 43 2 19 8 6 28 17 32 46 18 25 12 3 22 
AQUIIII!!48 18 32 11 19 43 7 17 25 22 46 23 10 12 8 44 
AQUIIII!!46 48 10 19 32 7 44 25 43 17 18 23 8 6 22 12 
AQUIIII!!48 27 11 14 15 10 16 9 13 23 7 20 47 45 21 5 
AQUIIII!!48 44 22 10 13 18 17 23 19 9 7 11 32 43 46 20 
AQUIIII!!46 48 22 19 43 28 4 18 32 8 17 12 44 6 25 7 
AQUIIII!!46 43 48 23 16 13 10 45 9 27 25 20 14 11 44 7 
AQUIIII!!48 32 10 46 17 22 25 23 6 18 8 44 19 12 43 7 
Number of Cuts in the second phase:5364
Number of repeat: 5153 
Violation: 600.000000
Violation: 500.000000
Violation: 600.000000
Violation: 500.000000
Violation: 500.000000
Violation: 71.000000
Violation: 1200.000000
Violation: 453.000000
Violation: 180.000000
Violation: 302.000000
Violation: 458.000000
Violation: 687.000000
Violation: 229.000000
Violation: 531.000000
Violation: 109.000000
Violation: 1489.000000
Violation: 600.000000
Violation: 229.000000
Violation: 1200.000000
Violation: 519.000000
Violation: 200.000000
Violation: 295.000000
Violation: 151.000000
Violation: 414.000000
Violation: 500.000000
Violation: 200.000000
Violation: 206.000000
Violation: 500.000000
Violation: 887.000000
Violation: 600.000000
Violation: 264.000000
Violation: 200.000000
Violation: 200.000000
Violation: 400.000000
Violation: 829.000000
Violation: 500.000000
Violation: 224.000000
Violation: 456.000000
Violation: 1000.000000
Violation: 200.000000
Violation: 250.000000
Violation: 600.000000
Violation: 224.000000
Violation: 600.000000
Violation: 513.000000
Violation: 198.000000
Violation: 709.000000
Violation: 200.000000
Violation: 150.000000
Violation: 600.000000
Violation: 1000.000000
Violation: 1200.000000
Violation: 500.000000
Violation: 250.000000
Violation: 250.000000
Violation: 500.000000
Violation: 500.000000
Violation: 151.000000
Violation: 500.000000
Violation: 100.000000
Violation: 200.000000
Violation: 751.000000
Violation: 200.000000
Violation: 1500.000000
Violation: 531.000000
Violation: 500.000000
Violation: 500.000000
Violation: 151.000000
Violation: 599.000000
Violation: 487.000000
Violation: 800.000000
Violation: 500.000000
Violation: 228.000000
Violation: 272.000000
Violation: 1000.000000
Violation: 200.000000
Violation: 500.000000
Violation: 521.000000
Violation: 323.000000
Violation: 1250.000000
Violation: 600.000000
Violation: 109.000000
Violation: 658.000000
Violation: 400.000000
Violation: 200.000000
Violation: 1198.000000
Violation: 109.000000
Violation: 64.000000
Violation: 224.000000
Violation: 599.000000
Violation: 750.000000
Violation: 109.000000
Violation: 118.000000
Violation: 400.000000
Violation: 600.000000
Violation: 522.000000
Violation: 1050.000000
Violation: 287.000000
Violation: 218.000000
Violation: 200.000000
Violation: 71.000000
Violation: 500.000000
Violation: 109.000000
Violation: 1000.000000
Violation: 500.000000
Violation: 500.000000
Violation: 1000.000000
Violation: 519.000000
Violation: 228.000000
Violation: 73.000000
Violation: 12.000000
Violation: 628.000000
Violation: 600.000000
Violation: 500.000000
Violation: 586.000000
Violation: 71.000000
Violation: 400.000000
Violation: 487.000000
Violation: 500.000000
Violation: 49.000000
Violation: 200.000000
Violation: 198.000000
Violation: 500.000000
Violation: 337.000000
Violation: 151.000000
Violation: 500.000000
Violation: 199.000000
Violation: 458.000000
Violation: 1044.000000
Violation: 206.000000
Violation: 400.000000
Violation: 573.000000
Violation: 218.000000
Violation: 100.000000
Violation: 200.000000
Violation: 273.000000
Violation: 1250.000000
Violation: 500.000000
Violation: 750.000000
Violation: 218.000000
Violation: 498.000000
Violation: 700.000000
Violation: 458.000000
Violation: 1000.000000
Violation: 100.000000
Violation: 522.000000
Violation: 200.000000
Violation: 109.000000
Violation: 1273.000000
Violation: 250.000000
Violation: 200.000000
Violation: 522.000000
Violation: 14.000000
Violation: 498.000000
Violation: 1198.000000
Violation: 89.000000
Violation: 50.000000
Violation: 100.000000
Violation: 236.000000
Violation: 100.000000
Violation: 151.000000
Violation: 1000.000000
Violation: 200.000000
Violation: 500.000000
Violation: 500.000000
Violation: 600.000000
Violation: 277.000000
Violation: 529.000000
Violation: 400.000000
Violation: 229.000000
Violation: 800.000000
Violation: 1260.000000
Violation: 600.000000
Violation: 600.000000
Violation: 50.000000
Violation: 200.000000
Violation: 250.000000
Violation: 151.000000
Violation: 599.000000
Violation: 295.000000
Violation: 1000.000000
Violation: 128.000000
Violation: 937.000000
Violation: 500.000000
Violation: 198.000000
Violation: 289.000000
Violation: 1000.000000
Violation: 295.000000
Violation: 151.000000
Violation: 127.000000
Violation: 224.000000
Violation: 700.000000
Violation: 250.000000
Violation: 200.000000
Violation: 151.000000
Violation: 200.000000
Violation: 250.000000
Violation: 83.000000
Violation: 708.000000
Violation: 960.000000
Violation: 511.000000
Violation: 59.000000
Violation: 85.000000
Violation: 600.000000
Violation: 418.000000
Violation: 474.000000
Violation: 412.000000
Violation: 200.000000
Violation: 600.000000
Violation: 451.000000
Violation: 200.000000
8592 16
45 46 20 13 32 23 12 44 19 43 43 19 7 AQUIIII!!25 23 28 11 18 22 9 17 43 32 48 8 
7 AQUIIII!!6 13 44 AQUIIII!!17 10 32 27 12 16 23 46 19 15 20 48 11 11 32 7 
45 25 44 19 10 43 4 13 9 44 45 10 21 25 18 20 46 3 16 7 46 13 46 14 23 48 AQUIIII!!9 48 48 AQUIIII!!

18 
22 23 18 AQUIIII!!9 7 17 44 AQUIIII!!44 22 AQUIIII!!20 43 32 7 25 10 11 46 18 44 23 22 AQUIIII!!8 25 15 44 10 AQUIIII!!46 AQUIIII!!22 23 11 19 20 43 10 32 17 14 19 7 7 8 20 23 12 23 AQUIIII!!21 43 32 7 13 19 48 AQUIIII!!43 11 9 8 AQUIIII!!17 46 13 43 10 7 43 23 10 25 12 11 14 16 19 44 7 AQUIIII!!18 12 10 44 23 7 AQUIIII!!17 45 48 46 27 22 16 23 25 18 11 20 27 8 21 43 23 44 12 44 13 10 48 23 13 32 25 11 19 10 25 12 11 10 25 45 23 32 46 46 43 32 7 32 22 18 10 46 20 13 48 44 11 
45 23 15 10 19 48 46 46 46 17 
7 16 32 
13 19 10 32 9 11 43 18 10 9 44 11 45 17 48 19 13 7 48 12 48 44 32 45 46 20 16 18 
32 
25 12 46 
11 
9 19 7 16 19 23 9 20 22 AQUIIII!!48 AQUIIII!!11 48 20 
7 7 
43 43 20 48 28 13 46 44 17 44 16 
44 22 13 6 AQUIIII!!
11 8 7 32 44 AQUIIII!!48 17 22 17 23 
19 19 19 8 13 8 48 44 18 9 6 
15 23 25 14 25 AQUIIII!!11 4 16 18 10 18 7 43 AQUIIII!!AQUIIII!!28 11 32 20 19 48 45 20 7 12 22 43 22 23 27 AQUIIII!!32 46 7 12 9 20 13 21 14 45 9 47 22 48 10 46 16 9 10 46 20 46 46 18 48 7 AQUIIII!!11 21 27 13 10 
10 9 46 27 43 44 7 44 45 48 AQUIIII!!15 23 
23 25 4 23 
44 18 43 10 19 19 16 14 32 19 AQUIIII!!
43 11 11 16 47 17 43 25 46 44 AQUIIII!!32 45 48 11 18 32 10 12 13 46 9 7 
3 23 19 44 48 43 AQUIIII!!5 22 6 8 
23 AQUIIII!!48 46 9 11 13 6 16 32 11 44 13 15 18 AQUIIII!!
4 AQUIIII!!7 43 46 46 32 AQUIIII!!20 21 48 43 AQUIIII!!10 25 43 45 44 21 46 20 7 20 22 25 17 6 32 15 23 32 13 17 7 43 12 44 8 48 12 11 20 15 14 18 22 16 22 19 
32 23 27 17 22 44 43 12 12 AQUIIII!!20 9 25 13 23 10 46 46 28 7 7 25 43 48 10 28 5 22 13 32 21 11 19 8 8 7 17 4 48 11 18 3 23 16 44 9 19 23 44 8 4 47 

48 28 10 17 48 10 19 44 17 11 46 8 13 22 27 18 11 
32 45 
7 3 25 7 48 12 46 46 9 18 25 19 
22 45 17 14 27 43 20 18 48 48 23 14 6 16 


48 10 16 
19 10 12 44 48 48 

AQUIIII!!48 20 25 45 11 13 44 9 46 10 32 16 AQUIIII!!23 48 7 23 43 17 25 19 
7 32 19 8 6 46 44 18 22 43 12 10 
AQUIIII!!AQUIIII!!48 48 27 16 45 32 47 20 16 44 21 10 13 11 10 23 11 19 23 13 14 25 46 9 20 43 7 46 15 7 9 45 

AQUIIII!!48 46 13 22 17 20 32 44 11 43 19 18 23 10 9 7 
AQUIIII!!10 19 13 32 23 25 44 7 9 43 16 45 11 20 48 46 
AQUIIII!!13 15 7 23 14 45 47 10 21 11 20 5 9 27 16 48 
AQUIIII!!9 46 13 14 15 21 23 20 44 27 16 7 11 45 10 48 
AQUIIII!!14 13 AQUIIII!!23 AQUIIII!!48 3 11 32 18 44 21 4 8 18 10 43 22 16 6 46 32 20 25 46 28 27 19 12 9 7 17 4 45 12 8 6 15 22 
25 47 28 7 43 46 17 48 44 
AQUIIII!!AQUIIII!!19 25 32 48 32 20 
22 46 6 13 12 8 22 46 17 3 11 44 43 18 4 10 28 7 18 19 19 23 17 12 48 48 44 
43 
AQUIIII!!48 14 10 AQUIIII!!27 13 AQUIIII!!23 46 48 43 11 12 21 46 8 47 23 AQUIIII!!15 32 46 16 19 19 18 45 17 10 9 AQUIIII!!11 20 19 8 7 7 18 25 23 20 44 7 
44 22 18 12 11 17 32 44 7 43 8 11 22 10 10 32 17 17 
25 44 46 13 22 43 46 7 6 23 12 23 43 48 32 19 AQUIIII!!18 
AQUIIII!!AQUIIII!!12 44 25 25 13 45 22 48 32 9 10 10 
3 11 48 46 6 13 
20 28 46 18 45 14 8 15 AQUIIII!!23 AQUIIII!!4 18 22 27 21 10 13 12 7 21 11 16 1 16 46 9 10 17 15 22 44 14 0 27 11 23 43 9 23 19 25 20 20 2 16 46 44 48 14 7 19 23 
7 32 47 
AQUIIII!!20 9 AQUIIII!!11 10 13 9 48 48 7 27 11 46 
43 45 25 19 48 16 
12 10 43 32 13 48 22 
23 17 6 46 18 22 19 20 8 7 28 17 AQUIIII!!4 44 11 3 18 44 7 32 27 43 43 
46 48 20 AQUIIII!!
14 48 13 20 AQUIIII!!21 32 10 48 19 7 44 6 45 11 28 9 16 46 15 10 18 23 45 17 16 46 8 48 44 25 
43 32 9 44 7 22 23 19 25 4 13 12 
43 
AQUIIII!!44 43 2 19 6 28 25 18 17 8 32 3 12 1 22 4 
AQUIIII!!19 46 20 13 7 45 44 32 11 9 43 23 16 25 10 48 
AQUIIII!!14 47 20 7 23 11 21 13 46 10 27 16 48 15 45 9 
AQUIIII!!48 23 27 10 13 14 45 9 47 11 16 21 7 20 5 15 
AQUIIII!!43 17 20 7 13 23 32 44 11 19 10 18 9 22 48 46 
AQUIIII!!43 7 17 12 25 19 AQUIIII!!46 48 22 18 AQUIIII!!8 11 25 21 23 7 45 32 43 20 11 8 16 10 27 32 AQUIIII!!14 18 12 25 46 44 23 43 10 48 17 4 23 19 44 
47 44 10 15 46 19 7 17 22 9 32 46 13 6 11 48 
28 
8 7 22 12 18 AQUIIII!!48 
10 43 AQUIIII!!46 16 23 43 25 22 AQUIIII!!32 19 48 20 12 43 25 11 6 46 44 23 44 10 18 18 45 32 20 8 10 19 32 22 46 9 9 7 16 13 23 17 7 7 44 19 11 13 
48 48 

AQUIIII!!25 AQUIIII!!22 44 10 AQUIIII!!7 32 7 22 AQUIIII!!12 10 32 19 17 20 3 19 44 17 8 18 18 6 43 AQUIIII!!11 17 28 8 44 13 32 23 6 46 AQUIIII!!12 45 32 23 10 25 7 10 12 13 19 46 27 23 20 17 11 18 19 46 5 18 46 46 43 45 7 44 7 44 48 AQUIIII!!11 4 9 48 
22 AQUIIII!!20 47 23 14 
43 48 43 14 11 27 AQUIIII!!48 17 13 9 13 46 20 
13 19 21 22 14 45 7 45 15 48 25 9 AQUIIII!!13 16 
16 43 10 10 44 21 25 48 27 27 16 20 20 32 21 AQUIIII!!9 
43 46 23 10 9 23 45 32 7 48 22 AQUIIII!!43 19 16 
48 16 14 46 18 44 44 15 13 11 10 46 20 20 20 43 10 23 23 44 11 23 9 17 44 46 11 44 23 9 19 15 13 32 20 11 10 7 17 13 18 9 11 7 22 AQUIIII!!46 48 48 19 43 10 48 

11 18 23 43 22 
7 7 25 13 48 48 22 32 
12 23 

19 17 6 18 44 10 32 12 8 46 7 
AQUIIII!!48 AQUIIII!!AQUIIII!!10 48 23 20 46 11 16 17 45 46 44 46 19 9 16 27 43 9 12 15 15 44 6 20 22 21 44 23 25 27 23 45 7 7 14 21 10 7 14 8 11 10 32 13 13 18 
48 

AQUIIII!!22 8 4 43 6 28 19 12 44 32 7 17 25 18 46 48 
AQUIIII!!16 23 21 15 9 11 27 47 13 7 46 20 10 45 AQUIIII!!48 14 47 48 7 
9 21 20 13 27 5 10 11 16 23 45 15 14 
AQUIIII!!23 45 10 20 27 5 16 47 7 21 11 15 9 13 14 48 
AQUIIII!!17 19 6 28 AQUIIII!!12 23 44 3 7 22 45 44 14 4 27 18 20 32 10 46 16 43 46 25 9 8 11 48 13 
21 15 48 
AQUIIII!!23 19 10 17 43 7 20 18 22 46 11 9 44 32 13 48 
AQUIIII!!11 45 20 44 9 13 21 46 7 14 10 16 27 23 48 15 
AQUIIII!!AQUIIII!!25 43 7 17 44 22 AQUIIII!!17 8 47 12 32 8 11 5 22 19 27 46 7 9 28 23 4 44 13 6 12 21 19 46 45 AQUIIII!!43 18 11 25 18 10 32 25 3 10 48 48 28 16 

23 22 14 46 15 19 AQUIIII!!7 18 43 AQUIIII!!20 19 12 16 11 48 15 4 48 23 
AQUIIII!!14 18 20 AQUIIII!!48 7 8 9 13 27 18 17 20 13 11 43 23 6 32 46 46 46 11 44 46 44 43 10 22 10 32 11 44 9 48 21 43 22 20 AQUIIII!!45 7 
19 13 44 48 22 9 32 7 19 
16 17 8 16 19 44 28 20 32 48 32 9 23 25 
10 10 22 18 23 6 48 44 13 
17 7 3 
18 46 12 43 4 
AQUIIII!!7 19 AQUIIII!!6 48 8 16 32 AQUIIII!!7 43 48 13 46 46 10 18 20 32 4 9 25 44 16 28 46 14 17 18 23 22 9 15 44 45 11 12 27 22 48 11 43 
21 19 13 20 7 23 10 44 

AQUIIII!!13 32 25 43 16 45 10 19 44 46 20 7 9 11 23 48 
AQUIIII!!15 7 21 11 27 23 20 9 10 16 14 44 13 46 45 48 
AQUIIII!!AQUIIII!!48 48 46 9 43 25 14 7 11 7 13 20 15 23 23 16 46 45 27 32 10 19 45 13 11 10 47 9 20 44 16 
21 
AQUIIII!!15 48 46 AQUIIII!!27 48 45 23 23 16 13 7 32 47 11 46 20 16 14 19 9 13 20 21 44 10 25 
11 10 43 9 45 7 
AQUIIII!!43 6 22 17 12 32 23 7 19 8 25 18 10 44 46 48 
AQUIIII!!32 46 6 4 17 22 25 3 12 8 44 28 18 19 43 48 
AQUIIII!!23 22 46 9 10 32 11 20 7 19 AQUIIII!!13 48 6 18 44 44 25 17 8 43 17 48 43 28 
19 3 18 22 46 4 12 32 
AQUIIII!!48 12 44 46 32 22 23 20 11 43 19 18 7 17 13 10 
AQUIIII!!46 48 45 9 25 14 7 16 11 43 44 13 27 20 23 10 
AQUIIII!!44 16 11 10 23 20 7 9 13 46 43 32 19 45 25 48 
AQUIIII!!48 18 22 6 28 17 25 46 8 44 4 32 12 19 7 43 
AQUIIII!!48 20 7 46 22 12 10 44 19 13 23 32 43 AQUIIII!!17 46 18 48 11 45 
9 25 14 7 16 11 43 44 13 27 20 23 10 
AQUIIII!!28 32 4 43 46 6 8 17 25 22 18 12 19 48 3 44 
AQUIIII!!17 6 43 8 28 22 4 25 46 44 32 18 19 3 12 48 
AQUIIII!!48 23 32 AQUIIII!!10 11 13 44 16 18 20 13 18 22 19 7 43 44 46 11 AQUIIII!!12 32 18 19 17 32 43 20 10 9 
44 46 22 23 46 11 7 17 10 9 22 48 43 
13 23 19 20 7 48 
AQUIIII!!11 9 20 14 7 45 16 25 46 10 13 23 44 27 43 48 
AQUIIII!!12 4 32 7 6 44 22 43 17 19 28 25 8 46 18 48 
AQUIIII!!43 20 46 44 17 19 11 23 AQUIIII!!22 48 7 3 13 25 AQUIIII!!9 43 32 48 44 10 18 22 18 AQUIIII!!18 11 48 48 17 22 
12 46 AQUIIII!!32 6 8 48 19 AQUIIII!!19 23 9 12 2 23 44 44 4 25 44 43 28 43 19 32 3 32 13 6 18 46 8 22 13 9 
7 AQUIIII!!4 43 7 18 6 25 22 32 23 17 20 8 32 46 10 10 28 AQUIIII!!AQUIIII!!16 12 19 44 20 45 45 19 17 43 17 18 17 11 7 10 4 22 25 15 19 7 
1 46 44 5 11 
10 32 
9 19 
27 46 12 23 43 46 47 22 10 11 14 25 17 13 8 16 12 28 21 43 13 20 32 7 44 18 48 20 
6 23 3 AQUIIII!!48 48 48 

16 AQUIIII!!32 46 20 48 44 23 10 7 11 9 23 11 19 43 13 44 25 19 9 22 AQUIIII!!43 18 48 46 32 7 7 10 18 45 13 17 
20 43 17 20 
AQUIIII!!46 48 32 43 13 7 22 12 11 8 6 10 25 19 18 23 10 9 19 44 23 
32 22 44 17 AQUIIII!!46 
48 9 23 16 27 44 AQUIIII!!45 48 16 21 9 46 10 15 7 27 14 5 13 AQUIIII!!13 11 45 15 19 47 10 25 23 7 44 20 20 20 11 9 10 21 
11 45 16 14 23 
13 32 46 7 43 48 
AQUIIII!!8 4 43 46 6 17 12 32 25 7 44 18 22 28 19 48 
AQUIIII!!43 22 11 7 9 32 10 20 44 18 13 19 23 48 46 16 
AQUIIII!!48 11 9 25 43 14 46 45 20 10 44 27 16 13 23 7 
AQUIIII!!13 17 20 22 12 46 11 7 18 43 23 44 19 10 32 48 
AQUIIII!!23 11 10 13 44 16 46 9 43 18 32 7 19 22 20 48 
AQUIIII!!48 10 21 20 16 14 23 27 44 45 13 11 7 15 9 46 
AQUIIII!!9 21 45 44 AQUIIII!!48 16 20 23 16 15 27 11 20 21 13 45 14 7 10 27 5 11 47 15 9 7 10 46 13 48 14 
23 
AQUIIII!!46 48 11 14 21 9 45 23 7 16 47 10 13 15 20 27 
AQUIIII!!48 11 46 25 27 45 9 13 20 7 14 10 16 43 44 23 
AQUIIII!!27 23 45 7 13 15 9 11 44 10 16 14 46 20 21 48 
AQUIIII!!13 10 11 23 45 AQUIIII!!47 15 14 48 46 AQUIIII!!45 21 10 48 16 7 7 22 47 20 10 14 15 43 21 27 19 23 9 27 44 48 13 
46 16 11 46 9 18 11 20 20 23 
32 13 7 17 9 
AQUIIII!!23 44 12 18 7 32 19 13 10 43 11 22 20 17 48 46 
AQUIIII!!48 18 44 22 23 13 19 10 9 7 43 17 46 32 11 20 
AQUIIII!!12 10 32 19 46 22 20 7 18 13 23 11 43 17 44 48 
AQUIIII!!7 45 13 20 27 23 10 21 46 15 11 9 14 47 48 16 
AQUIIII!!16 48 27 20 7 45 14 25 10 9 13 11 46 43 44 23 
AQUIIII!!48 11 10 16 20 25 44 43 13 14 7 45 46 27 9 23 
AQUIIII!!48 43 44 19 10 32 12 17 23 13 22 11 46 7 18 20 
AQUIIII!!48 20 9 5 15 21 16 7 11 14 47 13 10 23 27 45 
AQUIIII!!48 7 23 25 12 19 AQUIIII!!17 48 18 6 8 44 32 22 46 28 10 46 43 17 22 4 44 6 19 
18 3 8 32 25 43 12 
AQUIIII!!48 25 6 12 44 4 22 7 46 8 43 28 19 18 17 32 
AQUIIII!!48 16 19 20 9 32 11 18 13 43 46 44 10 7 23 22 
AQUIIII!!46 48 12 23 6 22 17 7 18 10 44 8 25 32 43 19 
AQUIIII!!48 10 18 20 43 32 11 13 16 19 44 22 23 46 7 9 
AQUIIII!!48 12 46 32 25 23 7 18 22 10 44 17 43 6 8 19 
AQUIIII!!7 43 45 23 19 46 10 44 25 11 9 16 20 13 32 48 
AQUIIII!!48 16 9 45 44 46 23 10 11 7 14 20 27 25 13 43 
AQUIIII!!48 32 43 46 8 7 22 6 19 25 44 17 12 AQUIIII!!28 46 4 48 18 11 
25 10 13 27 7 16 45 43 14 44 23 9 20 
AQUIIII!!48 46 19 13 10 32 18 44 7 43 20 11 23 16 9 22 
AQUIIII!!44 1 43 3 AQUIIII!!32 48 17 14 19 27 28 10 22 18 45 13 25 6 23 8 20 12 15 2 21 4 5 
9 16 11 47 7 
AQUIIII!!20 44 10 22 11 23 43 9 17 46 32 13 18 19 7 48 
AQUIIII!!48 11 16 19 45 25 9 32 7 13 20 46 10 43 23 44 
AQUIIII!!48 18 22 13 23 20 19 17 46 10 43 12 32 44 7 11 
AQUIIII!!48 13 5 27 16 45 15 11 7 14 23 20 9 47 AQUIIII!!10 48 21 11 
45 16 7 9 44 46 27 21 13 15 14 10 23 20 
AQUIIII!!48 22 7 25 10 8 23 18 44 17 12 19 11 43 32 46 
AQUIIII!!48 7 10 16 27 45 15 21 9 14 13 23 5 11 20 47 
AQUIIII!!48 20 7 11 16 47 27 15 46 23 13 21 45 14 9 10 
AQUIIII!!46 48 23 32 17 18 11 25 7 43 12 8 10 22 19 44 
AQUIIII!!48 27 46 25 7 14 23 10 9 44 13 16 11 43 20 45 
AQUIIII!!48 43 13 18 9 11 44 7 23 19 22 10 46 20 32 16 
AQUIIII!!48 32 7 19 44 22 46 20 11 23 10 13 43 12 18 17 
AQUIIII!!16 48 23 46 20 14 AQUIIII!!13 7 32 27 18 10 19 44 45 44 21 17 11 15 11 9 25 
10 12 7 22 8 23 43 46 48 
AQUIIII!!48 10 9 27 11 15 21 45 13 16 47 20 14 7 46 23 
AQUIIII!!43 48 46 18 22 19 17 13 11 12 32 20 44 7 23 10 
AQUIIII!!46 48 22 23 9 11 32 7 18 44 20 43 10 17 13 19 
AQUIIII!!48 9 19 32 44 16 13 18 7 20 23 11 10 22 43 46 
AQUIIII!!48 32 28 25 6 46 12 17 19 AQUIIII!!7 48 22 7 44 18 43 23 18 22 8 17 4 46 
32 19 20 43 44 11 13 10 12 
AQUIIII!!4 48 44 19 7 28 43 8 22 32 25 6 12 46 17 18 
AQUIIII!!48 18 9 32 22 13 11 10 20 16 44 46 7 23 19 43 
AQUIIII!!48 11 32 44 22 13 7 10 17 46 23 43 20 18 19 9 
AQUIIII!!48 20 13 10 16 7 21 11 45 44 27 14 15 46 23 9 
AQUIIII!!48 3 44 46 AQUIIII!!22 48 25 20 19 18 43 10 8 16 32 44 18 23 12 7 4 19 6 11 17 43 28 9 
22 32 13 46 
AQUIIII!!48 9 11 10 17 46 22 20 32 43 18 19 44 7 23 13 
AQUIIII!!48 13 22 7 9 20 46 32 23 11 10 44 18 16 43 19 
AQUIIII!!48 43 20 25 9 14 46 10 23 44 16 13 7 45 27 11 
AQUIIII!!46 48 21 7 AQUIIII!!10 48 20 22 7 14 6 23 28 13 43 44 9 19 47 17 11 25 4 27 32 16 46 45 18 12 15 8 

AQUIIII!!15 16 48 45 14 47 21 13 20 23 5 9 27 10 11 7 
AQUIIII!!48 46 32 10 12 25 23 43 22 17 19 7 44 8 18 6 
AQUIIII!!48 11 10 44 14 16 23 21 20 7 13 46 9 45 15 27 
AQUIIII!!48 12 19 46 32 22 17 7 6 8 4 28 18 25 43 44 
AQUIIII!!48 11 46 23 10 27 45 20 7 43 44 25 16 14 13 9 
AQUIIII!!48 18 43 10 11 44 7 19 23 9 22 16 46 32 20 13 
AQUIIII!!48 46 13 27 15 21 16 14 11 45 20 23 44 7 9 10 
AQUIIII!!48 17 23 44 22 25 7 43 18 46 8 10 32 6 19 12 
AQUIIII!!48 23 12 10 44 22 43 8 11 46 17 19 7 18 25 32 
Number of Cuts in the second phase:5420
Number of repeat: 5338 
Violation: 600.000000
Violation: 599.000000
Violation: 563.000000
Violation: 1200.000000
Violation: 85.000000
Violation: 128.000000
Violation: 200.000000
Violation: 205.000000
Violation: 750.000000
Violation: 250.000000
Violation: 249.000000
Violation: 199.000000
Violation: 1100.000000
Violation: 998.000000
Violation: 400.000000
Violation: 198.000000
Violation: 256.000000
Violation: 400.000000
Violation: 573.000000
Violation: 747.000000
Violation: 418.000000
Violation: 250.000000
Violation: 84.000000
Violation: 1042.000000
Violation: 309.000000
Violation: 216.000000
Violation: 199.000000
Violation: 748.000000
Violation: 604.000000
Violation: 58.000000
Violation: 410.000000
Violation: 151.000000
Violation: 237.000000
Violation: 487.000000
Violation: 200.000000
Violation: 302.000000
Violation: 248.000000
Violation: 50.000000
Violation: 259.000000
Violation: 350.000000
Violation: 400.000000
Violation: 998.000000
Violation: 300.000000
Violation: 199.000000
Violation: 250.000000
Violation: 1000.000000
Violation: 171.000000
Violation: 309.000000
Violation: 250.000000
Violation: 108.000000
Violation: 222.000000
Violation: 489.000000
Violation: 828.000000
Violation: 271.000000
Violation: 73.000000
Violation: 400.000000
Violation: 109.000000
Violation: 630.000000
Violation: 258.000000
Violation: 483.000000
Violation: 1000.000000
Violation: 500.000000
Violation: 404.000000
Violation: 59.000000
Violation: 1284.000000
Violation: 700.000000
Violation: 237.000000
Violation: 800.000000
Violation: 398.000000
Violation: 199.000000
Violation: 44.000000
Violation: 1000.000000
Violation: 900.000000
Violation: 729.000000
Violation: 198.000000
Violation: 73.000000
Violation: 284.000000
Violation: 400.000000
Violation: 489.000000
Violation: 600.000000
Violation: 500.000000
Violation: 284.000000
2808 16
AQUIIII!!48 8 AQUIIII!!32 48 19 9 28 13 25 46 46 18 4 22 6 19 17 17 12 43 18 11 7 23 43 32 44 44 22 7 
10 20 
AQUIIII!!46 48 4 44 28 12 6 25 7 19 43 22 8 18 17 32 
AQUIIII!!48 43 46 10 19 45 11 9 20 44 23 16 13 7 25 32 
AQUIIII!!45 15 23 14 20 5 27 13 47 11 7 21 10 9 16 48 
AQUIIII!!6 22 3 28 17 4 25 12 8 18 32 2 19 43 1 44 
AQUIIII!!7 19 44 9 10 11 13 23 16 18 32 20 43 22 48 46 
AQUIIII!!10 43 AQUIIII!!22 AQUIIII!!6 AQUIIII!!16 25 12 23 32 6 18 11 43 17 44 46 7 44 43 7 44 28 10 13 23 46 19 19 25 18 46 6 32 AQUIIII!!4 22 AQUIIII!!44 20 10 12 7 46 22 46 9 3 17 7 17 18 27 19 10 23 16 9 47 22 11 12 8 48 7 43 15 19 25 
5 8 23 18 32 32 14 20 8 48 48 11 10 48 

16 27 
45 47 13 13 23 9 15 21 14 20 45 21 48 48 

AQUIIII!!AQUIIII!!28 48 6 11 17 13 32 46 18 19 46 43 25 10 4 17 3 12 44 44 22 7 19 23 43 22 12 20 8 18 48 32 

AQUIIII!!17 22 8 28 18 6 19 43 25 32 12 46 48 4 3 44 
AQUIIII!!7 43 22 AQUIIII!!25 8 44 7 AQUIIII!!32 22 44 23 32 AQUIIII!!23 6 19 18 14 19 46 32 25 12 28 11 11 25 17 10 20 43 18 13 27 17 8 22 10 AQUIIII!!18 10 7 9 12 4 46 43 43 25 12 48 9 45 6 44 
19 13 44 6 7 23 28 48 46 16 
4 48 20 8 16 46 22 AQUIIII!!
44 46 48 44 17 
15 43 45 7 27 18 9 19 46 32 21 48 10 
13 20 16 23 7 AQUIIII!!11 22 14 11 48 43 
7 44 23 10 25 AQUIIII!!17 7 10 8 5 12 9 19 14 46 11 18 16 32 13 AQUIIII!!48 21 44 
AQUIIII!!27 11 AQUIIII!!15 46 17 7 47 25 20 20 23 11 18 14 45 45 7 25 20 10 19 13 48 12 43 23 
19 32 16 13 7 10 46 16 43 43 13 11 32 9 46 23 27 23 22 9 AQUIIII!!20 48 45 48 44 
44 16 10 48 9 48 
AQUIIII!!14 
AQUIIII!!20 20 48 10 47 20 13 13 9 11 45 23 15 27 43 7 16 18 10 44 19 46 14 16 27 7 22 23 46 44 45 9 13 21 11 
10 43 32 25 7 23 11 48 46 

AQUIIII!!46 48 44 14 45 13 7 9 20 16 27 11 23 15 21 10 
AQUIIII!!25 32 12 44 19 10 AQUIIII!!AQUIIII!!11 20 47 22 11 16 43 10 10 8 44 23 23 23 7 18 16 11 7 18 45 17 9 21 46 32 9 48 19 13 
13 27 22 5 43 14 7 20 46 AQUIIII!!15 48 11 48 
AQUIIII!!17 
11 7 9 18 19 44 25 43 43 19 45 20 AQUIIII!!7 22 48 23 32 10 46 46 14 23 16 27 10 13 9 13 32 23 9 10 AQUIIII!!44 48 44 23 46 
20 43 11 48 44 7 
22 15 7 45 11 13 13 16 20 21 9 20 32 
18 10 46 16 19 48 
AQUIIII!!47 16 10 23 7 11 45 21 9 13 27 5 14 20 15 48 
AQUIIII!!48 7 21 16 23 47 27 14 11 13 45 46 20 9 10 15 
AQUIIII!!46 48 17 22 20 10 18 44 23 13 19 11 7 43 12 32 
AQUIIII!!15 48 13 46 7 27 14 45 23 16 47 11 21 20 9 10 
AQUIIII!!19 13 44 32 7 45 AQUIIII!!11 43 9 13 43 11 10 17 20 23 16 AQUIIII!!10 25 27 7 AQUIIII!!23 20 22 13 46 18 47 16 48 44 7 23 
46 11 10 19 9 21 32 15 46 20 47 45 12 11 14 48 14 21 
27 23 9 16 7 10 15 13 45 46 20 48 48 

AQUIIII!!6 18 19 8 25 22 44 43 7 12 17 32 28 46 4 48 AQUIIII!!
18 19 6 23 17 22 43 7 12 44 25 8 10 46 32 48 
AQUIIII!!46 43 48 11 23 10 22 18 7 32 19 44 20 16 13 9 
AQUIIII!!AQUIIII!!16 8 25 44 12 45 43 20 44 11 22 19 17 13 23 43 7 10 19 46 10 23 6 7 46 9 32 32 18 48 25 
48 
AQUIIII!!16 11 10 46 13 45 7 15 14 AQUIIII!!21 48 20 44 44 12 23 43 27 17 9 23 48 18 
46 7 20 22 13 19 32 11 10 
AQUIIII!!46 48 22 25 32 44 6 17 43 28 3 4 19 18 12 8 
AQUIIII!!9 7 46 19 23 44 10 18 22 16 43 32 11 13 20 48 
AQUIIII!!10 19 23 32 43 46 7 6 12 18 44 8 25 22 17 48 
AQUIIII!!18 4 28 17 25 12 6 19 32 22 8 1 44 43 3 AQUIIII!!2 32 
20 17 22 46 23 7 12 13 11 43 19 18 10 44 48 
AQUIIII!!45 21 20 7 23 44 11 27 14 15 16 9 10 13 46 48 
AQUIIII!!11 AQUIIII!!16 43 19 4 44 3 13 28 9 19 25 32 45 12 20 8 43 44 7 22 23 17 10 25 46 46 32 18 48 6 
48 
AQUIIII!!48 16 9 20 21 11 7 13 10 23 5 45 47 14 27 15 
AQUIIII!!48 20 43 25 10 9 14 11 23 16 7 45 13 46 44 27 
AQUIIII!!46 25 7 11 20 43 45 9 44 16 27 23 13 14 10 48 
AQUIIII!!48 46 22 19 8 32 12 23 43 18 17 10 11 25 7 44 
AQUIIII!!25 18 22 44 8 17 4 43 12 28 19 46 7 6 32 48 
AQUIIII!!48 21 20 15 27 47 23 45 5 11 7 10 9 14 13 16 
AQUIIII!!48 20 11 10 18 17 12 19 7 23 32 13 46 43 44 22 
AQUIIII!!16 7 AQUIIII!!46 48 44 46 32 11 25 23 45 25 43 7 10 43 11 22 9 10 23 44 19 12 20 17 13 8 48 32 
18 19 
AQUIIII!!48 9 27 46 16 14 11 15 20 13 45 47 21 23 7 10 
AQUIIII!!48 16 10 21 27 9 20 45 46 7 47 15 11 23 14 13 
AQUIIII!!48 4 18 32 43 7 12 17 22 28 25 6 46 44 19 8 
AQUIIII!!48 3 43 44 4 17 32 19 25 28 12 22 46 18 6 8 
AQUIIII!!48 32 9 23 18 46 10 7 17 19 44 11 13 43 22 20 
AQUIIII!!13 23 44 7 10 9 32 46 19 11 20 18 17 22 43 48 
AQUIIII!!4 46 48 44 25 28 43 32 17 19 12 18 8 6 3 22 
AQUIIII!!48 44 6 12 3 18 22 8 19 28 25 32 4 17 43 46 
AQUIIII!!48 10 7 9 45 20 23 13 11 32 43 16 46 19 44 25 
AQUIIII!!48 22 17 7 32 43 8 23 44 25 12 6 10 46 18 19 
AQUIIII!!48 3 43 44 4 17 32 19 25 28 12 22 46 18 6 8 
Number of Cuts in the second phase:1740
Number of repeat: 1719 
Violation: 700.000000
Violation: 700.000000
Violation: 1200.000000
Violation: 521.000000
Violation: 228.000000
Violation: 73.000000
Violation: 229.000000
Violation: 900.000000
Violation: 83.000000
Violation: 300.000000
Violation: 500.000000
Violation: 400.000000
Violation: 800.000000
Violation: 100.000000
Violation: 700.000000
Violation: 422.000000
Violation: 100.000000
Violation: 200.000000
Violation: 289.000000
Violation: 269.000000
Violation: 260.000000
took 5.209069
Optimize a model with 678 rows, 906 columns and 10576 nonzeros
Coefficient statistics:
  Matrix range     [1e+00, 4e+01]
  Objective range  [0e+00, 0e+00]
  Bounds range     [1e+00, 4e+01]
  RHS range        [1e+00, 1e+02]
Presolve removed 426 rows and 109 columns
Presolve time: 0.00s
Presolved: 252 rows, 797 columns, 8512 nonzeros

Iteration    Objective       Primal Inf.    Dual Inf.      Time
       0    0.0000000e+00   4.408044e+01   0.000000e+00      0s
     120    0.0000000e+00   0.000000e+00   0.000000e+00      0s

Solved in 120 iterations and 0.01 seconds
Optimal objective  0.000000000e+00
