j3017_4.mm_s4.txt
Academic license - for non-commercial use only
Read LP format model from file lp/j3017_4.mm.lp
Reading time = 0.00 seconds
: 351 rows, 906 columns, 9053 nonzeros
OKGPU
nThreads: 1024 , nBlocks: 12 
Number cuts generated in the phase 1: 11
Number of repeat: 4 
violation 750.000000
violation 400.000000
violation 420.000000
violation 249.000000
violation 84.000000
violation 139.000000
violation 800.000000
8592 16
AQUIIII!!53 51 17 50 14 AQUIIII!!27 53 13 10 48 15 15 11 10 50 31 51 22 23 21 23 9 9 16 31 11 27 
13 20 47 22 48 
AQUIIII!!53 24 11 48 51 18 9 20 19 27 15 22 21 8 31 AQUIIII!!47 53 
51 15 9 24 31 11 27 47 48 21 10 20 22 19 50 
AQUIIII!!51 53 11 18 27 31 21 9 15 8 22 24 47 20 48 19 
AQUIIII!!20 47 19 21 24 9 11 8 AQUIIII!!22 50 15 13 31 48 18 15 51 9 27 11 47 48 53 10 
27 31 AQUIIII!!22 27 20 51 16 11 23 51 14 47 53 19 
AQUIIII!!48 9 3 31 8 AQUIIII!!18 18 24 AQUIIII!!50 21 4 AQUIIII!!21 47 20 48 22 21 51 13 53 4 
20 31 9 53 10 9 4 AQUIIII!!28 23 27 29 8 20 20 47 4 27 31 18 8 27 9 24 19 48 48 51 19 38 19 48 53 20 31 AQUIIII!!15 29 24 53 11 22 31 51 31 8 2 21 9 24 8 27 19 51 11 27 48 53 21 18 20 53 18 
19 
8 31 47 47 18 21 3 51 3 48 21 4 28 3 47 4 51 38 47 22 2 27 53 



AQUIIII!!AQUIIII!!53 53 20 23 47 51 AQUIIII!!10 53 13 15 50 25 21 15 14 27 11 14 51 16 9 9 15 10 50 13 16 22 27 50 AQUIIII!!31 22 31 AQUIIII!!13 53 22 17 9 4 11 9 10 31 48 51 48 27 19 22 23 12 17 48 
9 
23 20 48 52 15 27 11 8 18 AQUIIII!!
11 53 21 19 23 11 AQUIIII!!24 9 27 31 16 53 47 47 14 15 8 48 22 48 20 51 51 21 21 17 24 
13 22 18 50 24 53 11 47 
31 18 27 31 22 50 10 11 20 15 
51 19 9 27 
AQUIIII!!4 47 38 27 1 19 7 20 2 18 21 31 3 0 8 28 
AQUIIII!!51 53 50 9 11 31 15 20 47 22 10 21 19 27 24 48 
AQUIIII!!11 20 47 AQUIIII!!27 24 4 48 31 20 27 3 51 8 21 31 19 51 AQUIIII!!18 4 53 8 9 9 22 24 22 9 47 10 48 29 15 53 18 14 
19 51 21 16 53 31 
50 48 11 47 13 27 23 
AQUIIII!!53 16 11 14 51 23 10 9 17 25 15 52 27 22 13 AQUIIII!!50 53 
13 15 25 23 51 17 9 52 22 16 11 14 10 50 27 AQUIIII!!
18 48 21 24 4 20 19 31 8 11 9 22 27 51 47 53 
AQUIIII!!53 AQUIIII!!47 53 14 27 11 23 27 17 23 AQUIIII!!16 13 53 50 31 14 50 27 10 22 10 13 16 AQUIIII!!51 10 15 53 9 9 13 51 52 48 12 18 11 15 47 16 15 51 23 25 8 
48 22 50 21 
22 20 17 19 25 24 9 27 14 9 11 11 22 52 31 
15 
AQUIIII!!53 23 25 52 22 14 AQUIIII!!9 53 12 22 AQUIIII!!11 13 50 22 51 10 9 13 25 17 15 50 48 15 16 31 13 14 27 14 21 
27 11 11 15 23 AQUIIII!!47 53 16 10 21 52 50 47 27 
23 27 15 19 12 24 10 10 9 11 17 50 53 51 
20 48 31 9 22 
AQUIIII!!22 25 50 13 14 11 15 16 52 23 27 12 AQUIIII!!53 10 9 9 16 17 53 13 
31 27 23 50 10 11 15 14 51 22 48 17 
AQUIIII!!51 53 23 14 16 13 31 11 17 27 15 22 10 48 50 9 
AQUIIII!!47 20 3 19 21 4 8 29 51 9 18 24 27 31 53 48 
AQUIIII!!48 4 47 38 2 28 3 18 27 8 21 31 51 19 53 20 
AQUIIII!!15 23 22 31 10 51 14 27 11 47 13 21 50 9 48 53 
AQUIIII!!14 52 25 17 AQUIIII!!16 AQUIIII!!15 AQUIIII!!13 31 11 31 51 9 10 22 10 21 47 50 9 20 15 23 AQUIIII!!27 8 53 9 51 11 31 14 22 14 24 31 15 15 27 9 13 23 11 19 51 48 22 11 47 27 13 8 16 50 24 11 20 22 53 18 15 50 27 
18 51 48 21 22 53 48 10 48 
19 9 27 47 23 21 53 53 47 

51 
AQUIIII!!53 4 22 11 20 19 51 48 31 24 9 8 18 47 27 21 
AQUIIII!!51 53 22 47 50 11 21 13 31 27 23 15 AQUIIII!!10 53 9 51 48 15 20 47 
48 10 13 23 20 11 31 27 22 50 9 21 AQUIIII!!
20 53 31 50 19 47 15 22 51 11 AQUIIII!!10 53 27 10 9 15 48 13 21 48 24 50 
11 51 9 16 23 27 17 14 31 22 
AQUIIII!!31 22 27 9 21 47 50 11 15 18 24 51 48 19 53 20 
AQUIIII!!48 50 22 15 27 10 16 14 13 51 47 31 9 11 23 53 
AQUIIII!!47 11 20 9 19 22 10 51 31 48 50 27 21 15 24 53 
AQUIIII!!53 11 31 47 48 21 27 10 9 23 20 15 13 22 51 50 
AQUIIII!!53 20 47 4 27 2 48 51 8 19 38 28 18 21 31 AQUIIII!!3 
20 27 51 22 47 8 4 21 48 24 19 11 18 9 31 53 
AQUIIII!!10 23 25 50 14 22 12 15 17 9 27 13 52 16 11 AQUIIII!!53 50 
16 14 27 22 31 13 15 23 51 48 10 9 11 17 53 
AQUIIII!!53 21 18 22 11 19 15 24 AQUIIII!!9 21 48 31 27 47 27 48 20 11 51 50 19 
9 20 47 18 22 8 31 24 4 53 51 
AQUIIII!!53 27 8 15 51 9 11 18 31 47 20 22 19 48 21 24 
AQUIIII!!53 2 51 48 20 47 28 4 18 8 19 38 27 21 3 31 
AQUIIII!!9 19 20 21 4 47 51 18 31 22 27 11 24 AQUIIII!!48 53 8 51 3 53 4 
24 21 AQUIIII!!48 53 29 20 8 15 27 9 20 47 31 19 19 22 18 50 47 10 9 31 
51 27 21 24 48 11 
AQUIIII!!53 27 15 20 24 18 21 47 19 22 9 51 31 48 50 11 
AQUIIII!!53 9 48 22 13 11 10 15 47 51 27 20 31 50 21 23 
AQUIIII!!53 22 21 11 15 47 27 13 51 23 50 9 10 31 48 20 
AQUIIII!!53 16 AQUIIII!!9 53 51 22 15 11 14 27 13 17 52 13 22 31 12 50 16 15 27 48 10 14 17 10 25 23 50 
23 11 9 
AQUIIII!!48 47 AQUIIII!!4 53 22 20 4 31 48 19 8 AQUIIII!!21 3 22 20 19 51 11 24 18 9 8 28 11 10 27 23 51 9 50 47 2 31 31 27 AQUIIII!!18 51 38 
51 27 53 15 20 9 21 AQUIIII!!48 
50 14 47 11 10 15 9 21 20 13 13 24 16 53 27 31 47 
11 19 31 15 22 50 48 48 18 27 21 23 53 22 
47 53 51 AQUIIII!!
27 23 52 15 22 12 25 11 17 10 50 9 13 16 14 53 
AQUIIII!!21 48 AQUIIII!!27 50 53 23 27 31 20 19 15 18 9 22 21 51 20 11 15 10 51 47 13 11 53 24 
22 9 47 31 48 50 
AQUIIII!!53 17 14 15 13 27 50 11 52 51 16 10 23 22 9 25 
AQUIIII!!53 31 10 19 20 22 47 50 27 51 21 48 11 15 9 24 AQUIIII!!
51 53 47 21 10 31 AQUIIII!!48 48 AQUIIII!!50 19 22 31 27 13 11 4 23 31 10 11 51 27 47 13 11 8 9 48 24 22 15 22 14 23 51 
9 50 20 9 18 17 21 27 53 14 
16 AQUIIII!!15 27 53 51 
9 16 17 22 10 14 25 13 50 23 15 52 11 53 
AQUIIII!!47 53 51 2 18 20 27 38 48 28 19 21 8 3 31 4 
AQUIIII!!16 31 AQUIIII!!50 31 13 11 48 15 47 50 23 48 22 22 27 20 11 51 51 10 27 9 19 15 14 18 53 21 
24 9 47 53 
AQUIIII!!11 27 51 50 22 9 19 21 20 47 15 48 10 24 31 53 
AQUIIII!!21 11 22 50 23 48 27 9 47 10 31 15 51 14 13 53 
AQUIIII!!47 15 22 10 9 27 23 21 11 31 51 13 50 48 20 53 
AQUIIII!!53 21 20 8 48 22 11 51 19 9 24 31 18 27 15 47 
AQUIIII!!20 53 48 3 21 38 18 4 31 8 AQUIIII!!51 53 28 23 9 2 48 47 50 19 51 27 10 
22 15 11 47 16 AQUIIII!!13 53 27 20 31 31 14 48 
4 18 47 38 3 AQUIIII!!21 51 53 2 51 8 9 27 28 11 19 18 
31 22 24 48 4 27 20 21 19 8 47 
AQUIIII!!50 11 17 25 10 22 9 13 52 14 16 51 23 27 15 53 
AQUIIII!!18 48 AQUIIII!!AQUIIII!!4 14 53 3 51 19 20 50 9 28 15 22 47 31 31 24 9 21 15 48 19 47 11 31 8 13 21 27 11 27 8 51 22 27 51 10 18 47 38 48 23 20 2 16 
53 53 

AQUIIII!!53 15 11 27 51 13 16 14 31 48 50 9 17 23 10 22 
AQUIIII!!22 19 11 24 27 20 18 15 48 47 21 31 8 9 53 51 
AQUIIII!!53 19 18 24 47 27 11 20 48 51 21 22 50 31 15 9 
AQUIIII!!51 31 AQUIIII!!21 21 53 15 22 19 31 9 24 AQUIIII!!11 8 11 15 47 48 20 48 9 27 AQUIIII!!20 18 8 53 21 27 AQUIIII!!18 10 11 8 48 AQUIIII!!21 53 20 19 8 21 51 51 47 51 24 22 24 31 22 50 19 19 47 18 22 27 53 47 24 31 10 31 

27 27 27 47 15 20 4 51 18 47 48 15 3 51 50 24 2 31 22 9 20 48 53 9 28 19 
15 38 9 11 48 11 19 53 
21 20 

AQUIIII!!53 51 31 14 22 11 10 13 9 16 17 48 23 27 50 15 
AQUIIII!!48 27 10 50 13 22 21 11 9 31 15 51 23 47 20 53 
AQUIIII!!24 9 10 22 19 31 15 47 50 51 AQUIIII!!27 22 11 24 AQUIIII!!48 53 11 20 16 8 22 53 31 31 21 15 48 
11 18 10 9 51 19 23 9 47 50 27 14 51 17 13 53 27 48 15 
21 20 
AQUIIII!!25 22 16 11 14 27 17 15 52 13 23 50 10 51 9 53 
AQUIIII!!10 14 13 9 48 27 51 22 11 15 23 50 16 31 17 53 
AQUIIII!!53 15 16 11 22 9 48 31 13 23 27 14 10 51 47 50 
AQUIIII!!53 AQUIIII!!48 51 53 20 31 14 48 47 27 10 21 9 9 31 50 19 23 11 13 8 47 22 11 18 15 22 27 16 15 
51 24 
AQUIIII!!53 51 22 10 23 11 9 31 20 50 27 48 21 15 13 47 
AQUIIII!!53 47 20 27 21 11 22 48 19 24 51 10 9 31 15 50 
AQUIIII!!53 48 21 20 3 18 31 8 2 27 19 38 4 51 47 AQUIIII!!28 47 
48 50 31 24 9 27 21 20 19 AQUIIII!!51 31 15 47 22 51 11 50 18 27 53 
24 19 20 9 22 48 15 18 11 21 53 
AQUIIII!!53 20 9 11 24 19 47 22 27 18 31 21 8 51 4 48 
AQUIIII!!53 20 47 11 24 9 22 4 19 8 31 18 51 21 27 48 
AQUIIII!!11 50 22 13 17 51 16 23 10 15 14 52 27 9 25 53 
AQUIIII!!51 21 AQUIIII!!22 4 11 9 47 8 24 21 19 48 31 11 50 27 24 48 47 9 22 15 51 18 18 27 20 20 31 53 19 53 

AQUIIII!!21 47 9 14 50 23 51 48 11 31 15 13 22 10 27 53 
AQUIIII!!21 53 24 11 19 27 31 51 48 9 22 10 47 15 50 20 
AQUIIII!!53 51 47 48 23 15 27 11 50 14 21 22 9 AQUIIII!!10 53 31 27 13 24 
48 8 20 19 31 18 47 21 51 11 15 22 9 
AQUIIII!!53 48 11 27 22 20 50 47 10 24 31 15 19 51 9 21 
AQUIIII!!23 31 11 9 15 10 13 AQUIIII!!21 29 48 31 27 21 20 9 50 47 47 4 51 51 22 27 53 18 
19 48 24 8 3 20 53 
AQUIIII!!51 53 17 22 48 9 16 27 15 14 31 13 50 11 23 10 
AQUIIII!!19 20 AQUIIII!!22 47 20 53 18 24 50 19 31 21 51 18 11 47 21 AQUIIII!!48 9 51 11 48 22 27 9 24 27 24 4 27 48 9 15 31 8 53 47 51 3 
31 21 4 
29 8 19 20 18 53 
AQUIIII!!19 22 20 21 50 15 48 24 47 31 9 51 11 10 AQUIIII!!27 18 53 9 
22 20 48 8 27 11 21 19 31 51 24 4 53 47 
AQUIIII!!53 27 9 11 48 18 24 8 22 31 51 15 21 47 20 19 
AQUIIII!!53 48 15 24 19 51 27 11 31 9 22 8 47 18 21 20 
AQUIIII!!9 27 20 10 31 21 11 48 19 47 24 22 50 51 15 53 
AQUIIII!!31 28 47 19 2 38 18 51 27 21 8 48 4 20 3 53 
AQUIIII!!15 50 27 25 9 52 22 16 23 11 10 14 13 51 17 53 
AQUIIII!!53 15 14 48 27 21 22 13 23 10 50 47 51 9 31 11 
AQUIIII!!16 11 31 13 9 27 47 50 10 15 14 22 23 48 51 53 
AQUIIII!!53 21 2 20 38 28 19 51 47 27 48 4 3 31 8 18 
AQUIIII!!22 51 21 11 9 15 20 50 48 31 10 24 47 27 19 53 
AQUIIII!!20 53 50 47 15 31 48 9 19 27 18 22 51 24 21 11 
AQUIIII!!AQUIIII!!53 9 3 2 23 4 17 51 27 51 31 18 10 19 20 16 21 27 38 8 13 47 48 52 28 25 
22 15 50 11 AQUIIII!!14 53 51 
20 31 21 28 38 27 47 8 18 4 2 3 48 19 53 
AQUIIII!!53 11 22 20 47 8 48 21 24 31 18 19 9 51 27 15 
AQUIIII!!53 51 15 25 11 22 50 13 27 23 16 9 17 14 52 10 
AQUIIII!!51 53 27 22 23 48 11 13 47 50 14 9 16 31 10 15 
AQUIIII!!53 24 27 51 19 50 20 48 9 31 18 11 15 47 21 22 
AQUIIII!!9 13 15 50 31 10 48 11 47 22 23 14 51 27 53 21 
AQUIIII!!24 22 47 9 31 51 48 19 8 27 4 20 18 11 53 21 
AQUIIII!!22 48 9 23 27 47 31 50 13 51 11 21 15 10 53 20 
AQUIIII!!21 53 10 23 31 47 14 48 AQUIIII!!51 53 22 24 50 20 11 8 9 27 27 29 13 21 15 3 
9 31 4 18 47 48 19 51 
AQUIIII!!53 22 20 19 51 31 48 47 21 24 8 15 18 9 11 27 AQUIIII!!
53 2 27 51 8 19 48 4 31 20 3 38 21 28 18 47 AQUIIII!!
4 47 AQUIIII!!28 53 21 51 27 8 7 9 47 31 19 10 0 11 22 2 27 14 AQUIIII!!48 20 53 1 15 20 3 31 3 13 38 9 18 21 48 23 
47 50 4 
21 27 18 51 8 24 29 19 31 
AQUIIII!!53 50 23 47 16 48 27 13 51 22 9 14 11 10 15 31 
AQUIIII!!53 21 9 27 15 10 47 14 13 48 22 51 23 11 50 AQUIIII!!31 53 
48 47 27 24 31 19 50 51 11 20 18 22 9 15 21 
AQUIIII!!53 51 17 50 14 27 13 48 15 10 31 22 23 9 16 11 
AQUIIII!!50 51 21 22 23 11 15 20 9 10 48 27 31 13 47 53 
AQUIIII!!18 2 51 31 19 48 21 8 38 28 27 47 53 4 20 3 
AQUIIII!!18 29 19 8 24 3 27 48 9 53 21 31 51 20 4 47 
AQUIIII!!53 23 9 48 15 50 14 22 31 13 10 11 16 27 51 17 AQUIIII!!
9 18 8 48 24 20 4 22 47 19 31 27 21 51 11 53 
AQUIIII!!47 3 28 51 18 48 21 4 8 27 19 1 2 31 20 38 
AQUIIII!!53 10 23 16 9 50 22 14 11 51 17 48 27 31 15 13 
AQUIIII!!19 51 47 11 27 18 9 31 48 4 20 8 22 24 53 21 
AQUIIII!!8 11 22 19 51 9 21 27 24 31 4 18 47 48 53 20 
AQUIIII!!50 18 20 24 15 19 51 11 47 22 31 48 21 9 27 53 
AQUIIII!!53 52 10 50 14 25 22 23 27 16 13 15 11 17 51 9 
AQUIIII!!19 38 47 31 18 48 4 3 28 2 27 8 51 53 21 20 
AQUIIII!!53 14 50 9 51 47 27 31 48 13 16 23 11 15 10 22 
AQUIIII!!15 17 10 27 13 12 16 22 AQUIIII!!11 53 9 48 11 14 51 50 47 23 52 22 25 31 21 23 10 15 53 27 
9 13 14 50 
AQUIIII!!53 14 16 51 11 48 31 27 22 13 9 10 17 23 50 15 
AQUIIII!!51 53 21 27 9 19 11 31 48 8 22 47 18 24 4 20 
AQUIIII!!11 20 48 47 22 23 10 51 50 21 27 9 15 13 31 53 
AQUIIII!!53 24 47 9 8 22 31 48 15 19 51 27 21 20 11 18 
AQUIIII!!50 16 48 51 31 22 14 23 27 15 17 13 9 10 11 53 
AQUIIII!!31 48 38 28 19 18 20 21 51 2 3 8 4 47 27 53 
AQUIIII!!18 AQUIIII!!8 48 53 19 15 4 AQUIIII!!31 23 53 27 9 51 2 27 3 14 13 38 31 51 22 14 28 15 48 21 10 20 27 51 47 11 31 1 48 
16 50 AQUIIII!!21 13 47 11 23 9 24 22 
17 15 10 51 50 50 48 11 18 
31 47 22 21 27 9 19 20 53 
AQUIIII!!53 51 48 2 19 21 47 8 3 18 28 4 31 27 20 38 
AQUIIII!!27 48 51 20 47 31 4 8 3 18 38 21 2 19 28 53 
AQUIIII!!11 50 9 47 48 31 15 23 14 10 16 27 22 13 53 51 
AQUIIII!!47 AQUIIII!!27 51 22 48 11 10 24 31 13 31 15 16 20 48 9 50 47 11 51 19 23 14 21 9 53 8 
4 18 22 27 53 
AQUIIII!!53 10 25 22 15 11 52 16 9 50 13 17 23 27 51 14 
AQUIIII!!53 11 48 27 31 20 21 9 24 47 19 15 8 18 51 22 
AQUIIII!!53 23 16 13 48 31 14 10 9 50 11 51 47 22 15 27 
AQUIIII!!53 50 23 48 20 47 9 13 31 10 27 21 51 11 22 15 
AQUIIII!!53 51 9 14 23 48 16 31 11 22 15 10 50 13 47 27 
AQUIIII!!9 47 50 31 10 22 11 27 21 15 48 13 23 14 53 51 
AQUIIII!!53 27 50 13 22 23 16 52 14 17 9 25 11 51 10 15 
AQUIIII!!11 51 9 10 23 14 47 48 27 16 50 31 15 22 13 AQUIIII!!53 11 
15 24 19 50 27 21 9 10 48 47 22 31 20 53 51 
AQUIIII!!51 53 20 24 18 21 48 19 47 8 31 11 4 9 27 22 
Number of Cuts in the second phase:3695
Number of repeat: 3475 
Violation: 84.000000
Violation: 245.000000
Violation: 500.000000
Violation: 284.000000
Violation: 200.000000
Violation: 136.000000
Violation: 200.000000
Violation: 168.000000
Violation: 1200.000000
Violation: 850.000000
Violation: 452.000000
Violation: 600.000000
Violation: 368.000000
Violation: 600.000000
Violation: 600.000000
Violation: 500.000000
Violation: 200.000000
Violation: 1000.000000
Violation: 500.000000
Violation: 252.000000
Violation: 400.000000
Violation: 55.000000
Violation: 214.000000
Violation: 250.000000
Violation: 250.000000
Violation: 500.000000
Violation: 1200.000000
Violation: 568.000000
Violation: 110.000000
Violation: 600.000000
Violation: 1200.000000
Violation: 655.000000
Violation: 400.000000
Violation: 200.000000
Violation: 1200.000000
Violation: 200.000000
Violation: 200.000000
Violation: 750.000000
Violation: 1200.000000
Violation: 56.000000
Violation: 200.000000
Violation: 249.000000
Violation: 250.000000
Violation: 500.000000
Violation: 600.000000
Violation: 200.000000
Violation: 250.000000
Violation: 250.000000
Violation: 400.000000
Violation: 1000.000000
Violation: 250.000000
Violation: 1200.000000
Violation: 200.000000
Violation: 385.000000
Violation: 684.000000
Violation: 556.000000
Violation: 200.000000
Violation: 200.000000
Violation: 249.000000
Violation: 150.000000
Violation: 1000.000000
Violation: 1000.000000
Violation: 200.000000
Violation: 167.000000
Violation: 200.000000
Violation: 200.000000
Violation: 750.000000
Violation: 55.000000
Violation: 1250.000000
Violation: 1000.000000
Violation: 600.000000
Violation: 100.000000
Violation: 200.000000
Violation: 333.000000
Violation: 600.000000
Violation: 346.000000
Violation: 81.000000
Violation: 200.000000
Violation: 194.000000
Violation: 700.000000
Violation: 1000.000000
Violation: 571.000000
Violation: 583.000000
Violation: 136.000000
Violation: 333.000000
Violation: 450.000000
Violation: 1226.000000
Violation: 100.000000
Violation: 1000.000000
Violation: 284.000000
Violation: 50.000000
Violation: 1200.000000
Violation: 168.000000
Violation: 537.000000
Violation: 571.000000
Violation: 100.000000
Violation: 452.000000
Violation: 200.000000
Violation: 194.000000
Violation: 536.000000
Violation: 300.000000
Violation: 250.000000
Violation: 500.000000
Violation: 983.000000
Violation: 500.000000
Violation: 26.000000
Violation: 100.000000
Violation: 583.000000
Violation: 445.000000
Violation: 600.000000
Violation: 223.000000
Violation: 1000.000000
Violation: 37.000000
Violation: 165.000000
Violation: 400.000000
Violation: 1000.000000
Violation: 600.000000
Violation: 526.000000
Violation: 165.000000
Violation: 226.000000
Violation: 833.000000
Violation: 900.000000
Violation: 132.000000
Violation: 450.000000
Violation: 733.000000
Violation: 400.000000
Violation: 233.000000
Violation: 101.000000
Violation: 84.000000
Violation: 400.000000
Violation: 84.000000
Violation: 284.000000
Violation: 31.000000
Violation: 833.000000
Violation: 156.000000
Violation: 315.000000
Violation: 800.000000
Violation: 500.000000
Violation: 400.000000
Violation: 348.000000
Violation: 196.000000
Violation: 500.000000
Violation: 55.000000
Violation: 68.000000
Violation: 100.000000
Violation: 336.000000
Violation: 450.000000
Violation: 500.000000
Violation: 633.000000
Violation: 805.000000
Violation: 250.000000
Violation: 200.000000
Violation: 333.000000
Violation: 98.000000
Violation: 233.000000
Violation: 139.000000
Violation: 533.000000
Violation: 97.000000
Violation: 50.000000
Violation: 245.000000
Violation: 1200.000000
Violation: 123.000000
Violation: 333.000000
Violation: 200.000000
Violation: 400.000000
Violation: 200.000000
Violation: 250.000000
Violation: 400.000000
Violation: 167.000000
Violation: 250.000000
Violation: 500.000000
Violation: 400.000000
Violation: 833.000000
Violation: 400.000000
Violation: 334.000000
Violation: 33.000000
Violation: 272.000000
Violation: 250.000000
Violation: 684.000000
Violation: 500.000000
Violation: 142.000000
Violation: 200.000000
Violation: 750.000000
Violation: 360.000000
Violation: 800.000000
Violation: 300.000000
Violation: 600.000000
Violation: 200.000000
Violation: 385.000000
Violation: 350.000000
Violation: 1200.000000
Violation: 200.000000
Violation: 1050.000000
Violation: 1000.000000
Violation: 551.000000
Violation: 600.000000
Violation: 1250.000000
Violation: 33.000000
Violation: 700.000000
Violation: 250.000000
Violation: 400.000000
Violation: 245.000000
Violation: 1000.000000
Violation: 284.000000
Violation: 833.000000
Violation: 226.000000
Violation: 84.000000
Violation: 198.000000
Violation: 400.000000
Violation: 833.000000
Violation: 650.000000
Violation: 1200.000000
Violation: 83.000000
Violation: 800.000000
Violation: 200.000000
Violation: 300.000000
Violation: 216.000000
Violation: 34.000000
Violation: 500.000000
Violation: 800.000000
8592 16
AQUIIII!!53 16 10 15 23 11 13 52 25 27 14 12 17 50 9 22 
AQUIIII!!53 20 31 47 21 11 10 15 48 50 22 9 27 51 AQUIIII!!23 53 31 13 15 
16 10 23 AQUIIII!!9 51 48 53 22 23 27 21 AQUIIII!!15 14 22 53 47 50 51 50 31 AQUIIII!!24 51 20 51 15 10 11 53 8 11 13 15 27 27 
9 22 47 13 11 22 48 31 13 47 16 48 
20 27 50 11 18 14 19 17 9 9 21 10 
23 48 31 
AQUIIII!!47 51 53 19 48 18 8 3 27 20 2 31 38 21 28 4 
AQUIIII!!50 13 11 31 14 15 27 10 47 48 9 22 16 23 53 51 
AQUIIII!!22 18 48 19 4 20 8 21 51 27 9 31 11 24 47 53 
AQUIIII!!AQUIIII!!23 AQUIIII!!22 21 48 11 31 10 15 28 13 9 8 9 AQUIIII!!24 18 50 47 31 3 22 38 50 21 27 15 27 51 51 31 20 20 9 47 47 31 18 4 20 18 11 2 21 48 19 19 19 27 51 48 53 11 48 
47 21 51 24 53 53 27 

50 15 22 AQUIIII!!20 15 53 13 
10 9 22 17 52 27 AQUIIII!!50 9 12 47 14 23 11 31 16 AQUIIII!!48 25 53 20 23 12 51 14 53 21 52 
11 13 10 9 50 22 22 27 13 25 27 15 10 53 50 
16 17 AQUIIII!!AQUIIII!!15 18 53 4 11 17 8 23 13 48 
50 28 16 2 23 31 14 51 15 3 27 20 12 47 25 21 52 19 9 38 22 27 10 53 11 

AQUIIII!!53 AQUIIII!!20 53 18 AQUIIII!!8 15 53 48 AQUIIII!!11 11 21 53 51 9 20 13 27 25 28 10 50 15 18 27 48 23 27 17 9 16 9 51 31 10 11 47 19 52 14 31 22 27 23 24 2 50 15 47 19 12 21 16 4 52 17 
3 13 22 38 14 50 
22 25 
51 
AQUIIII!!3 47 53 28 19 AQUIIII!!2 3 27 47 8 8 48 38 4 38 20 21 19 18 21 51 31 31 51 20 27 
2 1 4 48 18 28 
AQUIIII!!51 24 31 47 50 11 21 48 18 27 15 22 20 9 19 53 
AQUIIII!!31 21 47 24 51 15 9 50 10 27 48 20 22 19 11 53 
AQUIIII!!51 53 3 20 47 18 21 24 19 4 27 9 29 48 31 8 
AQUIIII!!11 10 50 21 22 27 31 20 47 9 13 48 15 23 53 51 
AQUIIII!!51 14 27 22 15 52 11 23 9 16 13 25 50 10 17 53 
AQUIIII!!AQUIIII!!51 27 14 27 9 22 21 15 48 52 11 AQUIIII!!31 23 31 8 9 16 29 11 13 53 23 25 24 50 48 AQUIIII!!10 48 19 10 17 11 3 53 9 22 AQUIIII!!
20 51 27 28 15 18 47 48 13 50 47 8 22 9 51 4 18 14 10 20 13 20 16 23 
31 21 17 31 27 27 50 53 21 
15 38 53 2 51 19 
4 3 47 51 AQUIIII!!53 27 AQUIIII!!
31 22 9 13 13 9 10 10 22 51 17 23 27 50 23 AQUIIII!!15 16 22 17 51 27 16 14 47 48 14 50 15 11 48 31 11 15 50 53 31 48 
21 53 
9 11 14 10 13 23 51 AQUIIII!!53 AQUIIII!!53 
AQUIIII!!22 51 53 16 21 29 27 21 47 10 19 48 51 31 31 13 24 19 31 4 18 47 3 15 11 48 11 23 8 24 15 9 50 14 51 50 9 27 9 22 20 48 47 20 AQUIIII!!53 18 27 53 


4 AQUIIII!!31 53 19 13 24 48 27 31 3 22 9 27 47 11 48 10 21 16 29 23 51 51 8 9 20 47 18 14 
50 15 
AQUIIII!!20 53 3 31 28 48 8 51 18 19 47 27 21 38 4 2 AQUIIII!!
47 53 51 48 4 9 27 21 31 11 22 AQUIIII!!19 53 8 47 18 51 24 9 20 24 
19 11 48 21 27 18 31 22 8 20 4 
AQUIIII!!53 47 21 4 18 51 8 48 24 20 3 31 29 19 9 27 
AQUIIII!!51 24 48 18 9 20 15 47 AQUIIII!!27 51 11 47 19 24 21 31 22 27 31 18 8 15 53 21 
22 48 20 50 9 11 19 53 
AQUIIII!!53 29 20 8 27 21 18 48 4 3 47 51 24 19 31 9 
AQUIIII!!3 2 47 48 38 8 31 19 18 27 20 28 4 21 53 51 
AQUIIII!!10 11 24 20 51 15 9 21 22 31 27 48 50 47 19 53 
AQUIIII!!24 15 9 51 10 11 50 27 48 21 19 22 20 47 31 53 
AQUIIII!!53 50 22 23 11 9 15 31 AQUIIII!!21 53 51 11 48 20 13 18 14 47 24 31 27 10 47 
48 8 19 51 4 27 22 21 9 
AQUIIII!!AQUIIII!!53 53 27 50 11 48 31 9 27 10 50 51 19 9 23 18 24 15 21 20 15 51 21 47 31 11 48 13 22 20 47 22 

AQUIIII!!4 20 18 AQUIIII!!51 31 21 AQUIIII!!9 24 47 22 19 31 20 47 18 18 8 11 27 9 48 8 27 4 48 31 22 24 3 15 27 48 47 19 29 11 51 53 21 9 
19 24 51 8 53 20 
53 21 
AQUIIII!!23 20 50 47 27 15 48 10 51 31 11 9 22 21 13 53 
AQUIIII!!24 15 48 27 AQUIIII!!53 47 20 19 13 9 9 22 31 50 51 11 27 50 48 11 21 47 18 15 20 23 31 22 21 10 51 
53 
AQUIIII!!21 AQUIIII!!18 53 48 48 31 28 9 47 50 47 27 11 14 19 21 51 10 15 4 23 2 22 13 8 27 51 3 AQUIIII!!
20 23 31 52 38 27 53 13 
25 22 14 AQUIIII!!AQUIIII!!9 24 21 15 47 51 10 51 22 16 50 14 12 22 31 11 17 18 11 50 20 9 53 19 50 
27 13 21 47 31 23 AQUIIII!!48 15 10 24 9 48 22 48 15 15 11 27 19 53 53 31 

11 9 47 27 50 18 21 51 20 53 
AQUIIII!!53 10 9 23 12 52 16 22 15 14 25 27 AQUIIII!!11 50 17 10 13 11 50 9 
27 13 23 31 17 AQUIIII!!51 16 53 24 15 15 48 48 22 21 14 31 53 27 
50 47 51 18 9 22 19 20 11 
AQUIIII!!53 19 47 20 21 8 51 27 AQUIIII!!18 4 24 47 2 9 8 11 3 48 22 19 48 31 38 15 51 
20 31 1 21 28 27 18 
AQUIIII!!31 47 11 27 13 22 51 21 50 9 48 10 20 15 23 53 
AQUIIII!!31 11 8 9 48 19 22 51 47 27 18 24 15 21 20 53 
AQUIIII!!20 31 48 8 2 38 27 19 28 4 21 51 18 47 3 1 
AQUIIII!!22 24 21 51 AQUIIII!!4 20 47 50 51 18 10 21 48 9 11 15 53 31 20 22 11 19 19 8 47 31 27 27 9 48 24 53 

AQUIIII!!15 50 11 9 21 51 27 47 48 19 18 31 AQUIIII!!24 15 20 48 22 11 53 31 
14 9 16 27 51 23 13 22 50 47 10 53 
AQUIIII!!18 15 50 AQUIIII!!53 47 51 21 11 24 24 22 9 48 21 27 9 47 20 AQUIIII!!18 48 8 15 31 19 27 22 22 20 15 48 51 19 9 
31 10 11 20 53 31 AQUIIII!!
AQUIIII!!51 51 9 27 21 21 15 22 23 10 50 48 AQUIIII!!13 11 31 48 14 47 50 15 51 31 13 16 47 20 53 25 9 22 52 
15 24 23 11 27 20 27 50 19 11 17 21 22 9 19 11 47 53 50 AQUIIII!!24 
51 10 48 18 27 50 53 31 53 

11 51 21 22 15 10 20 27 24 9 19 47 53 
AQUIIII!!53 17 50 13 12 52 AQUIIII!!25 53 16 23 11 10 22 50 23 47 14 31 27 11 10 13 9 21 15 51 
14 9 15 48 22 27 AQUIIII!!AQUIIII!!47 
51 20 27 2 AQUIIII!!19 19 2 53 38 4 21 48 18 51 28 28 20 31 18 4 38 1 47 21 3 18 48 27 27 1 31 20 22 4 8 48 8 3 9 51 47 11 
21 8 
31 24 19 
AQUIIII!!21 9 10 50 51 19 27 15 48 31 20 AQUIIII!!47 47 18 22 51 24 21 11 27 53 24 
8 3 20 31 29 48 9 4 19 53 
AQUIIII!!51 53 16 10 14 27 31 17 50 23 13 11 15 9 48 22 
AQUIIII!!13 17 50 27 52 22 12 15 10 23 16 9 14 25 11 53 
AQUIIII!!53 22 10 17 9 25 50 52 AQUIIII!!11 4 12 14 48 16 2 23 15 3 27 20 13 
21 18 28 38 19 31 8 27 53 47 51 
AQUIIII!!19 15 8 27 18 21 20 11 22 AQUIIII!!24 53 47 31 48 11 9 15 31 51 10 53 23 
13 27 9 47 22 16 AQUIIII!!14 AQUIIII!!24 48 20 3 50 9 51 9 
8 8 22 31 18 4 53 31 18 48 21 11 51 27 27 19 47 20 51 19 24 48 21 29 53 4 
47 
AQUIIII!!11 10 9 27 13 15 47 50 48 22 31 23 20 AQUIIII!!51 14 21 15 22 53 17 
25 AQUIIII!!50 AQUIIII!!29 10 53 18 16 31 4 9 21 3 13 15 48 23 48 21 27 24 27 11 19 47 52 11 9 53 9 8 51 27 20 
47 31 18 19 20 24 8 53 22 51 51 

AQUIIII!!53 18 20 27 4 19 48 28 38 51 3 AQUIIII!!21 53 2 15 47 14 31 11 8 9 
10 31 23 22 13 27 50 16 17 48 51 
AQUIIII!!52 16 51 25 10 27 11 15 22 13 23 50 9 14 17 53 AQUIIII!!
38 19 21 31 2 20 18 8 28 51 27 1 4 48 47 AQUIIII!!3 
53 47 19 8 28 3 20 48 31 4 51 38 18 21 2 27 
AQUIIII!!15 AQUIIII!!22 15 10 31 14 9 51 16 10 11 52 14 22 47 25 23 13 27 17 50 9 51 11 48 50 13 27 53 16 
23 53 
AQUIIII!!47 27 48 11 8 21 24 4 9 31 22 20 18 19 53 51 
AQUIIII!!15 21 11 31 24 22 27 19 48 51 47 50 9 18 20 53 
AQUIIII!!53 27 24 31 19 47 11 21 10 15 22 48 20 50 51 9 
AQUIIII!!53 48 15 27 9 20 31 22 11 51 21 50 23 10 47 13 
AQUIIII!!47 4 27 19 22 18 20 31 48 24 8 11 9 51 53 21 
AQUIIII!!11 AQUIIII!!24 2 51 8 31 51 22 38 48 21 18 27 47 31 9 48 27 28 8 1 20 18 19 19 15 3 20 21 47 53 4 

AQUIIII!!15 48 31 47 27 50 21 11 20 18 19 22 51 24 9 53 
AQUIIII!!8 20 18 0 21 31 1 2 48 3 27 28 38 19 47 4 
AQUIIII!!48 2 28 31 18 21 47 20 4 51 27 3 19 38 8 53 
AQUIIII!!47 1 21 3 8 28 48 20 51 31 18 38 19 27 2 4 
AQUIIII!!53 AQUIIII!!13 4 10 18 20 23 51 16 11 14 8 25 48 9 19 50 24 52 31 27 21 11 9 22 27 17 22 15 47 12 53 

AQUIIII!!AQUIIII!!53 53 51 13 9 11 27 22 10 16 31 27 21 51 23 14 13 9 15 50 23 48 15 22 10 50 25 47 52 11 17 14 

AQUIIII!!48 51 24 47 20 18 27 8 31 AQUIIII!!15 22 22 27 19 50 9 11 31 9 47 21 51 53 20 18 
24 48 19 15 11 21 53 
AQUIIII!!53 19 22 20 50 21 48 31 27 24 51 47 9 10 15 11 
AQUIIII!!53 47 15 27 51 31 18 8 24 20 11 19 22 9 21 48 
AQUIIII!!10 47 14 23 13 11 22 15 27 48 9 16 31 51 50 53 
AQUIIII!!8 47 31 27 48 38 4 18 2 19 3 21 28 20 51 53 
AQUIIII!!24 AQUIIII!!47 9 22 10 27 23 8 12 18 16 4 11 21 52 19 13 31 15 48 25 9 50 20 27 11 17 53 14 51 22 
53 
AQUIIII!!53 47 9 31 48 20 4 11 18 8 22 19 27 21 24 51 
AQUIIII!!15 9 48 24 50 20 10 11 47 27 19 21 22 31 51 53 
AQUIIII!!53 AQUIIII!!48 9 50 50 22 19 11 51 31 AQUIIII!!14 48 53 16 18 51 23 19 51 9 15 11 10 9 31 27 11 17 20 31 27 47 47 13 24 21 15 10 24 
20 22 21 50 15 22 53 27 
48 
AQUIIII!!53 27 4 28 20 8 18 3 19 51 47 21 2 48 31 38 
AQUIIII!!53 17 15 16 52 50 22 11 10 9 23 12 13 14 25 27 
AQUIIII!!53 20 4 21 3 28 27 18 2 38 47 51 31 19 8 48 
AQUIIII!!11 18 48 9 27 51 31 24 19 47 22 21 20 4 8 53 
AQUIIII!!9 47 22 51 11 AQUIIII!!21 53 10 22 20 13 24 10 51 31 9 50 50 15 21 14 19 11 27 15 48 23 27 53 48 
47 31 
AQUIIII!!53 27 16 31 17 13 22 48 14 11 10 51 50 15 AQUIIII!!9 53 23 15 
47 23 27 21 20 13 22 31 11 51 9 48 50 10 
AQUIIII!!53 19 9 22 47 48 AQUIIII!!8 53 31 51 24 31 20 50 11 24 21 19 4 27 51 20 18 11 27 48 
22 18 47 9 21 15 
AQUIIII!!47 27 48 24 4 31 51 3 19 29 18 20 9 8 21 53 
AQUIIII!!21 8 18 24 27 22 19 48 20 31 9 11 47 15 53 51 
AQUIIII!!53 2 31 4 27 51 47 20 21 28 48 8 3 19 38 18 
AQUIIII!!53 38 2 47 20 27 31 19 8 21 28 48 3 18 51 4 AQUIIII!!
48 27 AQUIIII!!9 53 31 21 16 14 14 23 15 15 17 47 13 31 23 11 22 13 51 11 10 10 50 50 27 51 9 53 22 
48 
AQUIIII!!22 27 13 9 11 50 31 15 10 17 51 23 AQUIIII!!16 24 48 48 14 11 53 31 
51 8 9 27 19 4 21 18 20 47 22 53 
AQUIIII!!1 3 47 8 31 51 4 20 21 19 38 2 28 18 48 27 
AQUIIII!!28 51 27 8 4 21 18 3 20 19 48 31 2 47 38 53 
AQUIIII!!53 10 27 31 9 47 15 50 22 21 20 11 AQUIIII!!51 53 23 20 13 48 8 
4 9 29 51 31 18 3 19 24 27 47 21 48 
AQUIIII!!53 22 52 AQUIIII!!25 53 50 47 11 21 AQUIIII!!14 31 50 16 9 11 27 13 19 17 51 20 13 11 18 15 15 4 47 23 22 27 10 48 22 12 27 10 9 8 23 9 
16 14 24 51 48 31 
53 
AQUIIII!!50 47 9 14 10 11 48 31 51 15 AQUIIII!!16 47 13 11 22 27 24 23 10 53 51 
20 27 31 22 48 21 50 19 15 9 53 
AQUIIII!!47 13 11 15 23 22 21 10 9 14 27 31 50 48 53 51 
AQUIIII!!53 50 11 13 47 10 22 9 23 14 31 51 27 21 48 15 
AQUIIII!!53 31 27 8 48 18 51 15 9 22 21 20 11 24 47 19 AQUIIII!!
31 51 15 21 48 11 47 24 20 27 10 9 19 22 50 53 
AQUIIII!!53 AQUIIII!!9 47 20 18 3 51 48 11 9 27 51 47 21 31 53 21 18 48 4 20 50 AQUIIII!!19 19 53 27 24 47 28 22 8 8 15 29 31 21 
24 4 31 19 
2 51 27 18 20 3 48 38 
AQUIIII!!27 21 9 22 15 31 51 50 19 24 18 48 47 11 53 AQUIIII!!20 50 
10 11 22 14 16 23 52 17 15 13 9 51 27 25 53 
AQUIIII!!AQUIIII!!47 53 53 23 51 13 22 14 50 11 27 15 19 48 31 31 15 22 10 10 20 51 24 9 9 27 11 AQUIIII!!16 48 50 53 21 17 17 
15 
16 52 50 22 11 10 9 23 12 13 14 25 27 
AQUIIII!!20 2 19 28 38 4 3 31 18 21 48 27 8 AQUIIII!!51 51 47 53 53 15 
48 22 13 9 21 11 23 20 50 10 47 31 27 
AQUIIII!!14 31 15 47 23 48 50 16 9 11 22 51 13 27 10 53 
AQUIIII!!16 11 22 14 17 23 13 31 10 51 50 48 27 9 15 53 
AQUIIII!!53 9 47 21 15 50 AQUIIII!!48 22 9 27 13 31 23 27 52 10 22 20 12 23 17 51 15 11 10 
11 16 13 14 25 50 53 
AQUIIII!!47 21 20 3 51 28 18 27 8 19 2 48 31 38 4 53 
AQUIIII!!53 51 15 31 47 50 11 48 AQUIIII!!22 27 10 25 9 15 23 11 13 16 14 22 27 9 21 10 
14 23 17 13 12 50 52 53 
AQUIIII!!27 11 51 18 24 22 47 19 21 48 9 50 31 20 15 53 
AQUIIII!!27 48 47 22 13 14 31 51 11 15 16 50 9 23 10 53 
AQUIIII!!15 10 13 27 52 50 23 11 16 9 14 17 12 25 22 53 
AQUIIII!!53 9 4 27 18 8 48 24 31 22 21 51 19 47 AQUIIII!!11 53 20 48 
4 3 29 51 31 20 9 18 24 19 27 47 8 21 
AQUIIII!!53 31 8 15 18 20 21 48 22 51 11 27 24 47 9 19 
AQUIIII!!27 51 23 15 10 22 50 21 AQUIIII!!47 47 9 2 13 31 11 8 31 28 20 4 48 51 53 48 
18 3 19 53 38 20 27 21 
AQUIIII!!28 48 4 51 27 31 19 20 38 8 53 21 3 18 47 2 
AQUIIII!!53 8 21 51 18 38 3 19 4 48 28 47 2 20 31 27 
AQUIIII!!53 20 11 51 15 13 22 9 27 47 10 48 21 23 31 50 
AQUIIII!!27 20 48 10 51 50 19 22 24 21 47 15 31 9 11 53 
AQUIIII!!13 17 23 16 11 52 25 14 50 15 27 10 22 9 12 53 
AQUIIII!!53 11 20 22 27 21 19 51 AQUIIII!!50 10 20 47 24 24 31 18 15 4 48 9 9 
47 27 21 8 31 29 19 3 48 51 53 
AQUIIII!!14 22 50 25 11 10 27 16 9 12 52 15 13 23 17 53 
AQUIIII!!15 23 14 48 13 50 16 31 27 11 9 10 22 51 17 53 
AQUIIII!!53 24 22 47 11 8 21 27 20 18 19 15 31 9 48 51 
AQUIIII!!3 1 47 38 18 0 19 28 21 27 7 8 2 4 20 31 
AQUIIII!!27 51 21 4 8 22 20 48 31 19 9 18 47 11 24 53 
AQUIIII!!31 50 48 27 10 14 15 AQUIIII!!13 10 23 22 22 31 11 27 9 50 16 15 51 19 53 48 17 21 
51 24 11 9 20 47 53 
AQUIIII!!16 23 22 51 13 15 14 48 11 27 47 10 9 50 31 53 
AQUIIII!!21 28 27 7 18 8 31 4 1 38 2 19 0 47 20 3 
AQUIIII!!31 23 13 14 22 27 9 48 11 15 10 50 21 53 51 47 
AQUIIII!!47 51 8 31 11 24 22 20 9 21 48 19 27 18 15 53 
AQUIIII!!53 38 20 31 18 28 8 27 47 4 19 3 48 51 21 2 
AQUIIII!!4 22 19 18 21 9 24 11 27 8 20 48 31 47 53 51 
AQUIIII!!47 11 19 20 24 9 48 22 8 21 27 18 4 31 51 53 
AQUIIII!!15 11 47 48 20 24 22 50 19 9 18 27 31 21 51 53 
Number of Cuts in the second phase:3783
Number of repeat: 3691 
Violation: 400.000000
Violation: 250.000000
Violation: 533.000000
Violation: 200.000000
Violation: 100.000000
Violation: 333.000000
Violation: 416.000000
Violation: 750.000000
Violation: 833.000000
Violation: 1.000000
Violation: 200.000000
Violation: 500.000000
Violation: 1250.000000
Violation: 1200.000000
Violation: 600.000000
Violation: 372.000000
Violation: 600.000000
Violation: 250.000000
Violation: 83.000000
Violation: 1000.000000
Violation: 215.000000
Violation: 521.000000
Violation: 47.000000
Violation: 400.000000
Violation: 500.000000
Violation: 500.000000
Violation: 284.000000
Violation: 33.000000
Violation: 600.000000
Violation: 833.000000
Violation: 388.000000
Violation: 650.000000
Violation: 400.000000
Violation: 1000.000000
Violation: 850.000000
Violation: 700.000000
Violation: 600.000000
Violation: 900.000000
Violation: 800.000000
Violation: 381.000000
Violation: 200.000000
Violation: 536.000000
Violation: 474.000000
Violation: 400.000000
Violation: 84.000000
Violation: 750.000000
Violation: 280.000000
Violation: 655.000000
Violation: 272.000000
Violation: 106.000000
Violation: 333.000000
Violation: 389.000000
Violation: 51.000000
Violation: 583.000000
Violation: 1250.000000
Violation: 200.000000
Violation: 484.000000
Violation: 1000.000000
Violation: 139.000000
Violation: 482.000000
Violation: 1200.000000
Violation: 750.000000
Violation: 600.000000
Violation: 333.000000
Violation: 533.000000
Violation: 50.000000
Violation: 733.000000
Violation: 400.000000
Violation: 251.000000
Violation: 400.000000
Violation: 396.000000
Violation: 200.000000
Violation: 221.000000
Violation: 582.000000
Violation: 251.000000
Violation: 400.000000
Violation: 500.000000
Violation: 110.000000
Violation: 250.000000
Violation: 306.000000
Violation: 350.000000
Violation: 433.000000
Violation: 200.000000
Violation: 66.000000
Violation: 200.000000
Violation: 400.000000
Violation: 833.000000
Violation: 833.000000
Violation: 400.000000
Violation: 33.000000
Violation: 1000.000000
Violation: 850.000000
816 16
AQUIIII!!53 11 21 15 47 22 51 48 9 50 19 27 24 20 31 AQUIIII!!10 53 
20 47 24 31 8 3 9 29 27 21 4 18 48 19 51 
AQUIIII!!31 29 48 27 8 18 4 19 47 24 51 9 21 3 53 20 
AQUIIII!!19 21 27 22 18 48 31 51 11 24 20 47 8 9 15 53 
AQUIIII!!27 51 9 11 23 22 48 31 10 50 14 15 17 13 16 53 
AQUIIII!!53 48 4 47 20 19 31 9 8 18 27 24 51 22 21 11 
AQUIIII!!11 48 47 24 18 51 8 27 22 15 9 19 31 21 20 53 
AQUIIII!!27 47 20 3 19 2 51 38 21 48 4 28 18 31 8 53 
AQUIIII!!10 11 48 51 9 47 50 13 31 16 27 23 15 22 14 53 
AQUIIII!!27 22 50 14 51 11 10 16 23 15 17 13 31 9 48 53 
AQUIIII!!51 53 13 48 21 27 11 31 15 20 10 23 50 9 22 47 
AQUIIII!!20 31 48 18 19 3 21 4 8 0 38 28 27 2 1 47 
AQUIIII!!53 10 15 48 19 9 47 24 50 51 27 11 21 20 22 31 
AQUIIII!!53 47 24 19 20 31 15 8 48 11 9 22 27 18 51 21 
AQUIIII!!53 15 24 50 9 47 48 27 20 10 11 22 51 21 19 31 
AQUIIII!!21 53 15 22 8 47 24 11 51 9 19 27 31 48 20 18 
Number of Cuts in the second phase:357
Number of repeat: 354 
Violation: 250.000000
Violation: 700.000000
Violation: 400.000000
took 5.066562
Optimize a model with 683 rows, 906 columns and 10346 nonzeros
Coefficient statistics:
  Matrix range     [1e+00, 4e+01]
  Objective range  [0e+00, 0e+00]
  Bounds range     [1e+00, 4e+01]
  RHS range        [1e+00, 1e+02]
Presolve removed 417 rows and 107 columns
Presolve time: 0.00s
Presolved: 266 rows, 799 columns, 8577 nonzeros

Iteration    Objective       Primal Inf.    Dual Inf.      Time
       0    0.0000000e+00   4.614294e+01   0.000000e+00      0s
     118    0.0000000e+00   0.000000e+00   0.000000e+00      0s

Solved in 118 iterations and 0.01 seconds
Optimal objective  0.000000000e+00
