j1201_1.sm_s1.txt
Academic license - for non-commercial use only
Read LP format model from file lp/j1201_1.sm.lp
Reading time = 0.03 seconds
: 1196 rows, 5432 columns, 62759 nonzeros
OKGPU
nThreads: 1024 , nBlocks: 12 
Number cuts generated in the phase 1: 33
Number of repeat: 7 
violation 334.000000
violation 145.000000
violation 234.000000
violation 288.000000
violation 207.000000
violation 63.000000
violation 293.000000
violation 390.000000
violation 467.000000
violation 142.000000
violation 168.000000
violation 458.000000
violation 370.000000
violation 757.000000
violation 859.000000
violation 859.000000
violation 857.000000
violation 637.000000
violation 637.000000
violation 557.000000
violation 164.000000
violation 21.000000
violation 523.000000
violation 445.000000
violation 495.000000
violation 37.000000
8592 8
AQUIIII!!112 111 75 86 110 36 108 32 
AQUIIII!!108 86 36 75 112 116 111 110 
AQUIIII!!111 112 108 32 AQUIIII!!AQUIIII!!110 86 AQUIIII!!AQUIIII!!AQUIIII!!117 112 110 112 36 85 85 110 111 86 108 81 112 111 111 110 111 116 75 114 112 86 86 110 
85 39 85 116 36 86 118 115 
AQUIIII!!116 117 117 113 
112 108 116 119 40 75 118 41 111 AQUIIII!!

85 
81 116 41 118 115 86 113 117 85 
114 34 35 
AQUIIII!!108 112 111 86 116 75 110 36 
AQUIIII!!AQUIIII!!112 116 111 111 112 118 117 75 AQUIIII!!AQUIIII!!86 108 86 112 119 86 108 85 36 116 
75 36 111 112 32 85 116 111 110 110 110 
117 
AQUIIII!!86 111 108 116 
112 117 85 108 86 110 
AQUIIII!!112 111 110 86 36 AQUIIII!!116 117 110 108 86 75 118 
111 85 116 112 
AQUIIII!!117 85 119 86 118 111 112 116 
AQUIIII!!117 85 AQUIIII!!119 AQUIIII!!86 113 112 118 115 111 111 AQUIIII!!112 81 110 116 108 116 114 
86 34 85 75 108 35 36 42 117 112 86 58 110 

116 111 
AQUIIII!!108 86 75 36 AQUIIII!!112 86 110 AQUIIII!!118 116 36 116 111 75 119 
110 117 86 112 108 111 111 85 32 
112 
AQUIIII!!110 111 86 AQUIIII!!118 116 116 112 86 85 117 AQUIIII!!117 110 116 112 118 85 119 
111 85 
117 86 112 118 111 
AQUIIII!!86 108 32 36 110 111 75 112 
AQUIIII!!34 114 115 113 81 35 58 42 
AQUIIII!!86 111 112 36 75 116 110 108 
AQUIIII!!75 36 116 111 108 112 AQUIIII!!110 112 86 116 
111 118 AQUIIII!!117 86 112 119 85 111 
110 32 75 86 36 108 
AQUIIII!!81 85 113 AQUIIII!!115 112 41 110 AQUIIII!!35 111 116 116 114 75 34 112 86 111 
108 117 36 
118 110 86 85 
AQUIIII!!36 75 112 108 116 110 111 86 
AQUIIII!!118 117 86 85 111 119 112 116 
AQUIIII!!110 36 86 75 32 111 112 108 
AQUIIII!!36 110 108 86 112 111 116 75 
AQUIIII!!113 114 115 81 42 35 34 AQUIIII!!58 111 
112 110 116 108 36 86 75 
AQUIIII!!AQUIIII!!110 115 111 114 AQUIIII!!112 117 85 116 113 86 85 85 40 117 110 41 AQUIIII!!118 116 81 85 86 112 39 110 
111 
117 118 118 
112 86 116 AQUIIII!!111 111 
86 112 110 116 117 85 118 
AQUIIII!!116 110 117 AQUIIII!!81 86 114 85 35 111 34 115 118 113 112 41 
85 
AQUIIII!!34 85 40 41 81 114 115 113 
AQUIIII!!75 116 110 AQUIIII!!36 34 86 85 108 40 112 41 111 81 
114 AQUIIII!!115 111 112 113 118 
86 85 117 116 110 
AQUIIII!!112 111 32 110 45 36 108 44 
AQUIIII!!117 86 85 111 116 AQUIIII!!108 81 85 112 41 110 113 35 
34 115 114 
AQUIIII!!110 108 36 86 116 111 75 112 
AQUIIII!!117 AQUIIII!!86 117 85 86 116 85 111 111 112 116 AQUIIII!!110 108 41 AQUIIII!!108 112 115 AQUIIII!!112 
114 110 85 111 35 
111 34 112 113 117 110 85 86 81 116 118 
108 116 119 36 
86 75 
AQUIIII!!85 112 AQUIIII!!112 111 118 110 AQUIIII!!110 108 111 116 86 116 75 86 36 36 AQUIIII!!108 110 117 110 112 116 
108 111 36 75 86 86 
116 
111 75 112 
AQUIIII!!86 110 117 AQUIIII!!AQUIIII!!AQUIIII!!85 112 86 115 112 110 108 113 116 AQUIIII!!111 118 36 114 116 111 119 32 81 108 
117 86 75 35 85 117 112 58 118 85 111 34 111 
110 42 116 

86 112 
AQUIIII!!85 86 AQUIIII!!AQUIIII!!110 118 112 117 85 112 110 111 119 117 116 112 111 117 111 118 118 116 
86 86 116 
85 
AQUIIII!!108 116 75 36 110 112 111 86 
AQUIIII!!110 116 86 112 111 AQUIIII!!85 111 118 116 117 112 119 
86 118 AQUIIII!!85 86 117 108 
36 32 75 112 111 110 
AQUIIII!!112 118 111 AQUIIII!!85 86 86 110 119 117 117 116 118 
111 112 85 116 
AQUIIII!!75 116 110 112 111 36 86 108 
AQUIIII!!111 112 108 110 86 32 36 75 
AQUIIII!!114 85 115 113 35 AQUIIII!!34 35 41 34 81 
41 113 114 115 85 81 
AQUIIII!!111 108 112 86 116 85 AQUIIII!!86 110 75 117 110 116 
108 36 112 111 
AQUIIII!!110 116 111 112 AQUIIII!!86 85 85 112 111 108 110 117 116 
117 86 118 
AQUIIII!!111 112 108 117 110 85 116 86 
AQUIIII!!112 111 108 AQUIIII!!112 75 111 86 110 110 32 32 75 36 86 
36 108 
AQUIIII!!119 118 117 85 86 112 111 116 
AQUIIII!!86 36 75 108 110 116 112 111 AQUIIII!!
86 117 118 110 116 111 85 112 
AQUIIII!!110 111 112 AQUIIII!!36 86 86 36 116 110 108 112 75 AQUIIII!!75 
81 108 41 111 114 116 AQUIIII!!115 
113 85 85 40 34 34 35 41 
114 115 113 81 
AQUIIII!!AQUIIII!!86 86 36 116 75 110 108 111 110 112 116 85 112 117 111 118 

AQUIIII!!111 112 110 116 108 36 86 75 
AQUIIII!!119 117 86 85 116 118 112 111 
AQUIIII!!114 113 115 81 42 AQUIIII!!AQUIIII!!58 86 86 34 36 117 35 108 75 110 108 
112 110 111 116 116 112 85 111 

AQUIIII!!111 85 112 116 108 AQUIIII!!111 110 112 117 117 86 110 
86 116 85 118 
AQUIIII!!75 32 86 108 110 36 112 111 
AQUIIII!!AQUIIII!!36 113 86 35 108 115 75 34 32 114 27 85 110 81 111 41 

AQUIIII!!75 116 108 112 111 110 86 36 
AQUIIII!!112 110 111 116 75 86 108 36 
AQUIIII!!116 85 86 117 112 111 108 110 
AQUIIII!!111 75 112 108 32 110 86 36 
AQUIIII!!41 113 45 44 115 34 114 35 
AQUIIII!!86 117 112 110 111 85 116 108 
AQUIIII!!117 86 85 110 116 112 111 118 
AQUIIII!!115 114 113 58 35 34 81 42 
AQUIIII!!119 86 117 85 118 111 116 112 
AQUIIII!!117 118 85 116 111 112 86 110 
AQUIIII!!118 111 112 117 116 86 110 85 
AQUIIII!!86 85 117 111 112 110 116 108 
AQUIIII!!115 113 114 81 35 58 34 42 
AQUIIII!!110 117 118 116 86 85 111 112 
AQUIIII!!119 118 86 117 85 116 112 111 
AQUIIII!!116 36 86 110 108 112 111 75 
AQUIIII!!115 113 114 85 39 41 40 81 
AQUIIII!!111 112 110 116 108 36 86 75 
AQUIIII!!86 116 85 117 112 108 111 110 
AQUIIII!!110 86 112 AQUIIII!!111 119 108 117 116 85 85 118 117 116 
111 86 112 
AQUIIII!!86 117 118 116 112 85 111 110 
AQUIIII!!119 117 85 118 116 111 86 112 
AQUIIII!!108 36 86 75 110 111 112 32 
AQUIIII!!111 27 AQUIIII!!36 36 75 108 108 86 110 112 86 111 32 110 
116 75 AQUIIII!!108 
116 111 112 75 110 86 36 
AQUIIII!!85 118 86 AQUIIII!!116 119 36 117 110 112 86 111 
75 32 111 108 27 
AQUIIII!!110 116 75 111 108 112 36 86 
AQUIIII!!111 116 112 117 85 108 86 110 
AQUIIII!!58 115 113 114 34 AQUIIII!!42 116 81 112 35 111 
117 AQUIIII!!118 110 110 117 86 108 85 85 
112 116 AQUIIII!!86 41 111 113 45 
44 115 34 114 35 
AQUIIII!!42 58 81 113 114 115 35 34 
AQUIIII!!118 86 85 119 117 111 AQUIIII!!112 86 116 119 
118 117 116 85 112 111 AQUIIII!!
118 86 85 119 117 111 112 116 
AQUIIII!!86 119 118 117 116 85 112 111 
AQUIIII!!108 110 111 112 116 85 86 117 
AQUIIII!!108 75 112 111 116 36 110 86 
AQUIIII!!75 110 36 116 108 111 112 86 
AQUIIII!!85 111 110 112 116 117 86 118 
AQUIIII!!117 86 111 116 110 85 108 112 AQUIIII!!
111 112 108 32 110 36 86 75 
AQUIIII!!110 116 111 112 86 85 108 117 
AQUIIII!!112 118 111 117 86 116 119 AQUIIII!!85 
40 39 41 85 115 81 114 113 
AQUIIII!!34 85 41 35 115 114 113 81 
AQUIIII!!44 118 117 112 45 110 116 111 
AQUIIII!!85 116 112 111 86 108 AQUIIII!!110 116 117 
112 86 111 117 85 108 110 
AQUIIII!!41 115 113 114 34 81 85 40 
AQUIIII!!112 110 111 86 36 108 116 75 
AQUIIII!!111 86 110 112 85 116 117 118 
AQUIIII!!110 86 75 32 36 108 111 27 
AQUIIII!!86 118 110 116 85 117 111 112 
AQUIIII!!112 111 75 36 110 86 108 116 
AQUIIII!!112 111 110 116 85 108 117 86 
AQUIIII!!36 108 75 110 86 112 111 116 
AQUIIII!!110 75 36 116 108 86 111 112 
AQUIIII!!36 108 75 110 86 112 111 116 
AQUIIII!!41 34 85 40 81 113 115 114 
AQUIIII!!117 86 AQUIIII!!118 41 112 34 85 85 40 111 110 81 116 113 
115 114 
AQUIIII!!119 118 117 85 86 112 111 116 
AQUIIII!!110 111 116 85 112 AQUIIII!!36 118 108 86 75 86 117 110 
32 111 27 
AQUIIII!!115 114 113 34 35 81 85 41 
AQUIIII!!116 75 36 110 86 108 111 112 
AQUIIII!!75 86 36 108 110 32 111 27 
AQUIIII!!75 86 36 108 110 32 111 27 
AQUIIII!!110 75 36 116 108 111 112 86 
AQUIIII!!111 86 112 110 32 36 108 75 
AQUIIII!!108 111 AQUIIII!!112 110 110 75 116 36 36 86 116 75 108 
111 112 AQUIIII!!86 114 
113 115 81 AQUIIII!!42 86 58 110 34 111 35 112 
36 75 108 116 
AQUIIII!!86 111 112 116 117 85 118 110 
AQUIIII!!117 86 85 116 111 112 110 108 
AQUIIII!!112 110 86 116 111 108 36 75 
AQUIIII!!117 85 108 86 116 110 112 111 
AQUIIII!!110 86 112 108 111 116 36 75 
AQUIIII!!108 110 111 112 116 85 86 117 
AQUIIII!!117 85 108 86 116 110 112 111 
AQUIIII!!25 86 24 75 36 27 32 26 
AQUIIII!!117 85 108 86 AQUIIII!!116 111 110 112 112 110 111 36 
108 75 86 116 
AQUIIII!!116 111 110 86 112 117 108 85 
AQUIIII!!86 108 110 32 36 111 112 75 
AQUIIII!!75 116 112 111 110 36 108 86 
AQUIIII!!111 112 110 86 AQUIIII!!116 75 117 AQUIIII!!116 85 44 112 108 26 111 
24 110 21 36 45 108 27 86 23 
25 
AQUIIII!!86 111 116 112 117 110 108 85 
AQUIIII!!111 112 108 110 86 32 36 75 
AQUIIII!!75 110 36 108 111 86 116 112 
AQUIIII!!115 35 34 114 113 42 58 AQUIIII!!81 108 
36 75 86 110 112 111 116 
AQUIIII!!110 111 27 32 108 75 86 36 
AQUIIII!!111 116 112 119 86 118 85 117 
AQUIIII!!108 36 75 86 110 112 111 116 
AQUIIII!!118 119 117 116 85 86 112 111 
AQUIIII!!108 36 75 86 110 112 111 116 
AQUIIII!!113 35 115 81 114 34 42 58 
AQUIIII!!111 112 108 86 117 AQUIIII!!110 86 116 108 85 110 117 
116 111 112 85 
AQUIIII!!108 111 112 110 116 36 86 75 
AQUIIII!!81 34 41 35 114 115 113 85 
AQUIIII!!86 75 36 32 108 112 111 110 
AQUIIII!!111 27 108 AQUIIII!!86 36 111 75 112 118 32 110 110 85 86 116 117 

AQUIIII!!115 35 114 113 34 58 42 81 
AQUIIII!!86 75 36 32 108 112 111 110 
AQUIIII!!111 27 36 75 108 110 86 32 
AQUIIII!!110 116 111 112 86 85 108 117 
AQUIIII!!75 AQUIIII!!86 111 36 85 32 AQUIIII!!110 111 86 112 110 108 108 112 75 86 108 32 117 
36 116 110 
112 111 
AQUIIII!!86 108 110 117 116 112 85 111 
AQUIIII!!111 AQUIIII!!110 110 75 117 112 85 116 118 108 116 86 111 36 112 
86 
AQUIIII!!86 108 110 117 116 112 85 111 
AQUIIII!!108 116 75 86 110 36 111 112 
AQUIIII!!117 85 112 111 108 86 110 116 
AQUIIII!!75 111 110 112 86 32 36 108 
AQUIIII!!117 85 119 86 112 116 111 118 
AQUIIII!!86 111 112 116 108 117 85 110 
AQUIIII!!112 110 86 116 108 111 85 117 
AQUIIII!!41 114 115 35 113 34 81 85 
AQUIIII!!119 117 85 AQUIIII!!116 40 86 81 112 41 118 34 111 85 
113 115 114 
AQUIIII!!85 116 112 111 86 117 119 118 
AQUIIII!!116 117 85 110 86 111 108 112 
AQUIIII!!40 81 41 34 85 113 115 114 
AQUIIII!!114 115 81 113 34 85 40 41 
AQUIIII!!75 36 86 110 32 108 111 112 
AQUIIII!!86 111 112 116 117 85 118 110 
AQUIIII!!110 111 112 116 85 117 118 86 
AQUIIII!!41 85 35 34 115 113 114 81 
AQUIIII!!111 86 112 116 118 117 85 110 
AQUIIII!!86 117 85 108 111 112 110 116 
AQUIIII!!34 41 40 85 114 81 115 113 
AQUIIII!!111 85 108 110 116 112 117 86 
AQUIIII!!108 111 112 110 116 36 86 75 
AQUIIII!!113 34 35 115 81 114 85 41 
AQUIIII!!112 111 85 118 116 110 86 117 
AQUIIII!!108 85 86 117 116 111 110 112 AQUIIII!!
32 75 36 108 110 86 111 112 
AQUIIII!!32 112 111 110 36 108 75 86 
AQUIIII!!118 86 117 119 112 111 85 116 
AQUIIII!!110 111 27 75 108 36 32 86 
AQUIIII!!110 117 85 116 108 111 86 112 
AQUIIII!!113 35 114 34 115 58 81 42 
AQUIIII!!111 112 108 117 110 85 116 86 
AQUIIII!!41 85 39 40 113 115 81 114 
AQUIIII!!AQUIIII!!108 39 116 44 112 113 111 45 110 41 86 40 117 115 114 85 

AQUIIII!!24 25 86 53 19 23 21 20 
AQUIIII!!81 114 113 115 35 41 85 34 
AQUIIII!!111 27 108 36 AQUIIII!!75 41 32 114 110 115 86 
85 34 113 40 81 
Number of Cuts in the second phase:5265
Number of repeat: 4604 
Violation: 657.000000
Violation: 353.000000
Violation: 771.000000
Violation: 946.000000
Violation: 747.000000
Violation: 390.000000
Violation: 658.000000
Violation: 20.000000
Violation: 1096.000000
Violation: 1017.000000
Violation: 471.000000
Violation: 318.000000
Violation: 656.000000
Violation: 632.000000
Violation: 40.000000
Violation: 389.000000
Violation: 656.000000
Violation: 188.000000
Violation: 245.000000
Violation: 708.000000
Violation: 279.000000
Violation: 176.000000
Violation: 768.000000
Violation: 116.000000
Violation: 34.000000
Violation: 28.000000
Violation: 929.000000
Violation: 328.000000
Violation: 238.000000
Violation: 964.000000
Violation: 747.000000
Violation: 1488.000000
Violation: 134.000000
Violation: 295.000000
Violation: 629.000000
Violation: 370.000000
Violation: 611.000000
Violation: 718.000000
Violation: 1344.000000
Violation: 1170.000000
Violation: 224.000000
Violation: 307.000000
Violation: 637.000000
Violation: 239.000000
Violation: 270.000000
Violation: 1167.000000
Violation: 135.000000
Violation: 279.000000
Violation: 272.000000
Violation: 25.000000
Violation: 226.000000
Violation: 1355.000000
Violation: 424.000000
Violation: 258.000000
Violation: 426.000000
Violation: 374.000000
Violation: 789.000000
Violation: 240.000000
Violation: 252.000000
Violation: 643.000000
Violation: 213.000000
Violation: 544.000000
Violation: 32.000000
Violation: 606.000000
Violation: 427.000000
Violation: 110.000000
Violation: 702.000000
Violation: 507.000000
Violation: 747.000000
Violation: 637.000000
Violation: 258.000000
Violation: 88.000000
Violation: 1283.000000
Violation: 333.000000
Violation: 324.000000
Violation: 1047.000000
Violation: 861.000000
Violation: 985.000000
Violation: 329.000000
Violation: 575.000000
Violation: 640.000000
Violation: 154.000000
Violation: 627.000000
Violation: 329.000000
Violation: 650.000000
Violation: 574.000000
Violation: 1026.000000
Violation: 46.000000
Violation: 17.000000
Violation: 813.000000
Violation: 254.000000
Violation: 893.000000
Violation: 801.000000
Violation: 302.000000
Violation: 565.000000
Violation: 628.000000
Violation: 797.000000
Violation: 103.000000
Violation: 501.000000
Violation: 421.000000
Violation: 727.000000
Violation: 627.000000
Violation: 445.000000
Violation: 177.000000
Violation: 84.000000
Violation: 362.000000
Violation: 378.000000
Violation: 643.000000
Violation: 583.000000
Violation: 714.000000
Violation: 1528.000000
Violation: 494.000000
Violation: 1098.000000
Violation: 1103.000000
Violation: 515.000000
Violation: 424.000000
Violation: 22.000000
Violation: 353.000000
Violation: 222.000000
Violation: 325.000000
Violation: 83.000000
Violation: 129.000000
Violation: 166.000000
Violation: 381.000000
Violation: 814.000000
Violation: 805.000000
Violation: 718.000000
Violation: 592.000000
Violation: 187.000000
Violation: 519.000000
Violation: 35.000000
Violation: 343.000000
Violation: 60.000000
Violation: 1154.000000
Violation: 147.000000
Violation: 277.000000
Violation: 74.000000
Violation: 876.000000
Violation: 336.000000
Violation: 1203.000000
Violation: 485.000000
Violation: 501.000000
Violation: 525.000000
Violation: 71.000000
Violation: 600.000000
Violation: 194.000000
Violation: 170.000000
Violation: 657.000000
Violation: 593.000000
Violation: 486.000000
Violation: 72.000000
Violation: 512.000000
Violation: 74.000000
Violation: 516.000000
Violation: 145.000000
Violation: 759.000000
Violation: 15.000000
Violation: 1238.000000
Violation: 60.000000
Violation: 890.000000
Violation: 361.000000
Violation: 358.000000
Violation: 475.000000
Violation: 707.000000
Violation: 114.000000
Violation: 829.000000
Violation: 166.000000
Violation: 425.000000
Violation: 299.000000
Violation: 288.000000
Violation: 761.000000
Violation: 779.000000
Violation: 1221.000000
Violation: 397.000000
Violation: 179.000000
Violation: 107.000000
Violation: 75.000000
Violation: 219.000000
Violation: 1094.000000
Violation: 45.000000
Violation: 177.000000
Violation: 517.000000
Violation: 843.000000
Violation: 213.000000
Violation: 916.000000
Violation: 780.000000
Violation: 433.000000
Violation: 716.000000
Violation: 298.000000
Violation: 634.000000
Violation: 443.000000
Violation: 700.000000
Violation: 482.000000
Violation: 281.000000
Violation: 484.000000
Violation: 722.000000
Violation: 764.000000
Violation: 237.000000
Violation: 270.000000
Violation: 77.000000
Violation: 143.000000
Violation: 702.000000
Violation: 432.000000
Violation: 34.000000
Violation: 249.000000
Violation: 849.000000
Violation: 656.000000
Violation: 417.000000
Violation: 9.000000
Violation: 518.000000
Violation: 702.000000
Violation: 981.000000
Violation: 283.000000
Violation: 896.000000
Violation: 459.000000
Violation: 100.000000
Violation: 616.000000
Violation: 387.000000
Violation: 353.000000
Violation: 83.000000
Violation: 177.000000
Violation: 399.000000
Violation: 42.000000
Violation: 466.000000
Violation: 514.000000
Violation: 534.000000
Violation: 395.000000
Violation: 985.000000
Violation: 702.000000
Violation: 1414.000000
Violation: 714.000000
Violation: 94.000000
Violation: 221.000000
Violation: 1158.000000
Violation: 755.000000
Violation: 283.000000
Violation: 555.000000
Violation: 223.000000
Violation: 358.000000
Violation: 232.000000
Violation: 955.000000
Violation: 763.000000
Violation: 348.000000
Violation: 91.000000
Violation: 237.000000
Violation: 488.000000
Violation: 116.000000
Violation: 436.000000
Violation: 93.000000
Violation: 26.000000
Violation: 488.000000
Violation: 256.000000
Violation: 383.000000
Violation: 143.000000
Violation: 982.000000
Violation: 672.000000
Violation: 909.000000
Violation: 181.000000
Violation: 188.000000
Violation: 51.000000
Violation: 1042.000000
Violation: 503.000000
Violation: 800.000000
Violation: 646.000000
Violation: 770.000000
Violation: 16.000000
Violation: 512.000000
Violation: 250.000000
Violation: 204.000000
Violation: 281.000000
Violation: 393.000000
Violation: 402.000000
Violation: 67.000000
Violation: 224.000000
Violation: 546.000000
Violation: 145.000000
Violation: 26.000000
Violation: 321.000000
Violation: 22.000000
Violation: 637.000000
Violation: 824.000000
Violation: 632.000000
Violation: 719.000000
Violation: 617.000000
Violation: 4.000000
Violation: 178.000000
Violation: 251.000000
Violation: 1436.000000
Violation: 357.000000
Violation: 61.000000
Violation: 706.000000
Violation: 328.000000
Violation: 75.000000
Violation: 356.000000
Violation: 627.000000
Violation: 1151.000000
Violation: 798.000000
Violation: 517.000000
Violation: 172.000000
Violation: 261.000000
Violation: 240.000000
Violation: 287.000000
Violation: 438.000000
Violation: 920.000000
Violation: 748.000000
Violation: 671.000000
Violation: 557.000000
Violation: 161.000000
Violation: 114.000000
Violation: 528.000000
Violation: 500.000000
Violation: 413.000000
Violation: 170.000000
Violation: 616.000000
Violation: 314.000000
Violation: 738.000000
Violation: 14.000000
Violation: 39.000000
Violation: 230.000000
Violation: 203.000000
Violation: 2.000000
Violation: 515.000000
Violation: 360.000000
Violation: 122.000000
Violation: 372.000000
Violation: 639.000000
Violation: 165.000000
Violation: 206.000000
Violation: 1088.000000
Violation: 1025.000000
Violation: 508.000000
Violation: 24.000000
Violation: 17.000000
Violation: 271.000000
Violation: 419.000000
Violation: 58.000000
Violation: 857.000000
Violation: 374.000000
Violation: 343.000000
Violation: 51.000000
Violation: 121.000000
Violation: 134.000000
Violation: 731.000000
Violation: 44.000000
Violation: 543.000000
Violation: 81.000000
Violation: 92.000000
Violation: 1099.000000
Violation: 517.000000
Violation: 706.000000
Violation: 316.000000
Violation: 213.000000
Violation: 475.000000
Violation: 676.000000
Violation: 346.000000
Violation: 161.000000
Violation: 519.000000
Violation: 764.000000
Violation: 344.000000
Violation: 82.000000
Violation: 147.000000
Violation: 234.000000
Violation: 298.000000
Violation: 187.000000
Violation: 303.000000
Violation: 22.000000
Violation: 352.000000
Violation: 381.000000
Violation: 738.000000
Violation: 972.000000
Violation: 108.000000
Violation: 338.000000
Violation: 132.000000
Violation: 177.000000
Violation: 171.000000
Violation: 441.000000
Violation: 380.000000
Violation: 276.000000
Violation: 460.000000
Violation: 852.000000
Violation: 422.000000
Violation: 253.000000
Violation: 16.000000
Violation: 1770.000000
Violation: 246.000000
Violation: 777.000000
Violation: 98.000000
Violation: 96.000000
Violation: 415.000000
Violation: 299.000000
Violation: 100.000000
Violation: 188.000000
Violation: 17.000000
Violation: 174.000000
Violation: 256.000000
Violation: 444.000000
Violation: 392.000000
Violation: 256.000000
Violation: 2.000000
Violation: 334.000000
Violation: 987.000000
Violation: 437.000000
Violation: 52.000000
Violation: 193.000000
Violation: 419.000000
Violation: 471.000000
Violation: 250.000000
Violation: 637.000000
Violation: 967.000000
Violation: 111.000000
Violation: 162.000000
Violation: 269.000000
Violation: 420.000000
Violation: 321.000000
Violation: 1108.000000
Violation: 656.000000
Violation: 380.000000
Violation: 627.000000
Violation: 21.000000
Violation: 236.000000
Violation: 595.000000
Violation: 491.000000
Violation: 255.000000
Violation: 187.000000
Violation: 866.000000
Violation: 26.000000
Violation: 432.000000
Violation: 420.000000
Violation: 427.000000
Violation: 96.000000
Violation: 582.000000
Violation: 1130.000000
Violation: 229.000000
Violation: 611.000000
Violation: 229.000000
Violation: 216.000000
Violation: 603.000000
Violation: 1022.000000
Violation: 459.000000
Violation: 122.000000
Violation: 396.000000
Violation: 219.000000
Violation: 378.000000
Violation: 410.000000
Violation: 756.000000
Violation: 105.000000
Violation: 258.000000
Violation: 861.000000
Violation: 348.000000
Violation: 824.000000
Violation: 115.000000
Violation: 567.000000
Violation: 101.000000
Violation: 87.000000
Violation: 288.000000
Violation: 303.000000
Violation: 320.000000
Violation: 201.000000
Violation: 566.000000
Violation: 473.000000
Violation: 461.000000
Violation: 413.000000
Violation: 16.000000
Violation: 249.000000
Violation: 237.000000
Violation: 262.000000
Violation: 190.000000
Violation: 347.000000
Violation: 658.000000
Violation: 432.000000
Violation: 698.000000
Violation: 408.000000
Violation: 507.000000
Violation: 645.000000
Violation: 556.000000
Violation: 308.000000
Violation: 308.000000
Violation: 320.000000
Violation: 21.000000
Violation: 832.000000
Violation: 188.000000
Violation: 605.000000
Violation: 518.000000
Violation: 827.000000
Violation: 419.000000
Violation: 249.000000
Violation: 61.000000
Violation: 101.000000
Violation: 343.000000
Violation: 309.000000
Violation: 182.000000
Violation: 303.000000
Violation: 160.000000
Violation: 479.000000
Violation: 448.000000
Violation: 521.000000
Violation: 71.000000
Violation: 965.000000
Violation: 187.000000
Violation: 1036.000000
Violation: 355.000000
Violation: 286.000000
Violation: 292.000000
Violation: 947.000000
Violation: 130.000000
Violation: 905.000000
Violation: 258.000000
Violation: 660.000000
Violation: 630.000000
Violation: 255.000000
Violation: 14.000000
Violation: 646.000000
Violation: 56.000000
Violation: 463.000000
Violation: 151.000000
Violation: 1295.000000
Violation: 8.000000
Violation: 257.000000
Violation: 127.000000
Violation: 630.000000
Violation: 516.000000
Violation: 226.000000
Violation: 953.000000
Violation: 353.000000
Violation: 815.000000
Violation: 215.000000
Violation: 36.000000
Violation: 107.000000
Violation: 851.000000
Violation: 316.000000
Violation: 462.000000
Violation: 444.000000
Violation: 760.000000
Violation: 116.000000
Violation: 158.000000
Violation: 46.000000
Violation: 435.000000
Violation: 407.000000
Violation: 400.000000
Violation: 187.000000
Violation: 58.000000
Violation: 484.000000
Violation: 408.000000
Violation: 845.000000
Violation: 590.000000
Violation: 582.000000
Violation: 231.000000
Violation: 502.000000
Violation: 849.000000
Violation: 500.000000
Violation: 257.000000
Violation: 674.000000
Violation: 221.000000
Violation: 242.000000
Violation: 291.000000
Violation: 34.000000
Violation: 246.000000
Violation: 944.000000
Violation: 858.000000
Violation: 681.000000
Violation: 769.000000
Violation: 103.000000
Violation: 689.000000
Violation: 412.000000
Violation: 938.000000
Violation: 369.000000
Violation: 349.000000
Violation: 656.000000
Violation: 32.000000
Violation: 1273.000000
Violation: 218.000000
Violation: 401.000000
Violation: 177.000000
Violation: 647.000000
Violation: 1152.000000
Violation: 77.000000
Violation: 117.000000
Violation: 209.000000
Violation: 444.000000
Violation: 293.000000
Violation: 47.000000
Violation: 148.000000
Violation: 46.000000
Violation: 469.000000
Violation: 436.000000
Violation: 50.000000
Violation: 481.000000
Violation: 685.000000
Violation: 719.000000
Violation: 453.000000
Violation: 72.000000
Violation: 337.000000
Violation: 277.000000
Violation: 295.000000
Violation: 232.000000
Violation: 431.000000
Violation: 424.000000
Violation: 167.000000
Violation: 705.000000
Violation: 316.000000
Violation: 986.000000
Violation: 131.000000
Violation: 664.000000
Violation: 219.000000
Violation: 337.000000
Violation: 263.000000
Violation: 592.000000
Violation: 107.000000
Violation: 317.000000
Violation: 434.000000
Violation: 315.000000
Violation: 730.000000
Violation: 697.000000
Violation: 534.000000
Violation: 70.000000
Violation: 24.000000
Violation: 546.000000
Violation: 90.000000
Violation: 237.000000
Violation: 32.000000
Violation: 387.000000
Violation: 273.000000
Violation: 326.000000
Violation: 10.000000
Violation: 241.000000
Violation: 152.000000
Violation: 13.000000
Violation: 395.000000
Violation: 328.000000
Violation: 38.000000
Violation: 490.000000
Violation: 458.000000
Violation: 286.000000
Violation: 137.000000
Violation: 827.000000
Violation: 436.000000
Violation: 88.000000
Violation: 274.000000
Violation: 242.000000
Violation: 161.000000
Violation: 611.000000
Violation: 43.000000
Violation: 234.000000
Violation: 412.000000
Violation: 750.000000
Violation: 577.000000
Violation: 358.000000
Violation: 54.000000
Violation: 83.000000
Violation: 445.000000
Violation: 640.000000
Violation: 572.000000
Violation: 193.000000
Violation: 589.000000
Violation: 1002.000000
Violation: 69.000000
Violation: 55.000000
Violation: 26.000000
Violation: 317.000000
Violation: 704.000000
Violation: 210.000000
8592 8
AQUIIII!!112 116 111 86 118 117 119 85 
AQUIIII!!112 111 119 86 85 118 116 117 
AQUIIII!!112 111 116 117 85 118 AQUIIII!!110 85 86 117 
111 110 86 112 116 108 
AQUIIII!!75 36 110 108 116 112 111 86 
AQUIIII!!112 86 111 85 110 117 AQUIIII!!111 108 116 112 32 
36 AQUIIII!!86 111 108 AQUIIII!!112 75 81 116 110 85 118 
115 117 41 110 AQUIIII!!113 86 116 114 85 111 40 
112 39 85 
118 117 86 110 AQUIIII!!
AQUIIII!!111 42 110 81 112 115 34 36 58 116 35 108 113 75 114 AQUIIII!!
86 AQUIIII!!117 
86 115 85 114 116 113 112 81 108 40 110 41 111 85 
39 
AQUIIII!!AQUIIII!!119 86 111 117 112 85 116 118 112 85 111 117 116 AQUIIII!!118 
42 110 35 AQUIIII!!86 34 85 
58 86 AQUIIII!!117 81 58 115 112 114 108 81 113 42 110 
116 115 111 34 
113 35 114 AQUIIII!!
85 86 117 112 AQUIIII!!108 112 110 111 116 116 111 AQUIIII!!118 
111 117 112 119 116 85 118 86 
117 110 86 85 
AQUIIII!!118 112 AQUIIII!!116 112 111 116 117 119 110 111 117 86 118 85 85 
86 
AQUIIII!!42 35 34 AQUIIII!!58 111 116 81 110 115 AQUIIII!!112 114 85 117 113 117 86 
118 118 85 119 
116 86 AQUIIII!!111 119 112 86 117 
AQUIIII!!85 117 118 112 116 111 108 116 110 
86 85 112 111 
AQUIIII!!85 118 AQUIIII!!116 85 86 117 117 118 111 119 119 116 112 86 
111 112 
AQUIIII!!AQUIIII!!110 86 112 110 85 75 116 36 111 108 108 32 117 AQUIIII!!111 86 85 112 
116 
86 118 117 111 112 119 
AQUIIII!!86 75 32 108 110 36 111 27 
AQUIIII!!86 117 116 112 85 111 110 108 
AQUIIII!!117 86 112 111 85 116 110 108 
AQUIIII!!117 86 116 112 108 85 110 111 
AQUIIII!!108 75 36 110 86 111 AQUIIII!!112 116 112 
AQUIIII!!111 111 108 116 86 112 32 118 110 75 86 110 85 36 117 

AQUIIII!!117 86 116 110 112 AQUIIII!!111 42 85 81 108 115 
113 AQUIIII!!AQUIIII!!114 81 111 AQUIIII!!85 34 AQUIIII!!112 58 112 41 108 112 35 86 35 111 
111 113 85 85 34 36 118 110 108 115 117 116 114 86 75 110 
AQUIIII!!86 116 117 117 
110 
86 116 111 
116 112 AQUIIII!!AQUIIII!!85 116 112 112 108 111 111 110 118 85 
116 117 117 110 86 86 85 108 
110 
AQUIIII!!117 86 85 110 116 118 111 AQUIIII!!AQUIIII!!112 118 117 
117 110 110 86 85 86 112 111 116 116 AQUIIII!!112 108 85 
85 81 111 113 
114 40 41 115 AQUIIII!!39 81 
AQUIIII!!85 86 AQUIIII!!39 117 85 86 41 108 113 117 116 112 112 40 AQUIIII!!111 115 111 86 110 110 114 
116 
117 116 112 108 AQUIIII!!111 85 108 111 
110 27 85 110 
AQUIIII!!86 AQUIIII!!32 110 118 36 85 117 75 110 117 108 85 86 86 
116 111 116 112 AQUIIII!!AQUIIII!!112 112 111 111 
AQUIIII!!116 118 116 112 112 
108 118 116 111 110 111 86 110 75 85 75 117 36 36 
86 86 108 
110 AQUIIII!!
111 116 112 86 117 118 85 119 AQUIIII!!
110 112 AQUIIII!!111 35 86 81 108 41 116 34 117 114 85 85 
113 115 
AQUIIII!!58 34 35 42 113 114 81 115 
AQUIIII!!110 108 116 112 111 85 117 86 
AQUIIII!!117 116 108 85 110 112 111 86 
AQUIIII!!112 111 86 85 119 117 116 118 
AQUIIII!!111 116 112 110 86 118 117 85 
AQUIIII!!108 75 36 110 86 111 AQUIIII!!112 116 116 
111 112 108 75 86 36 AQUIIII!!110 116 AQUIIII!!
112 111 112 111 110 108 117 117 116 85 85 108 110 86 AQUIIII!!86 
85 
86 119 117 111 116 112 118 
AQUIIII!!85 118 110 117 86 111 116 112 
AQUIIII!!112 111 110 32 36 86 75 AQUIIII!!108 86 AQUIIII!!
116 36 75 75 36 112 108 111 111 110 116 86 108 
112 110 
AQUIIII!!AQUIIII!!116 113 112 115 111 114 110 41 117 34 85 AQUIIII!!40 111 108 81 112 86 85 108 

117 116 AQUIIII!!85 36 110 86 75 
108 AQUIIII!!111 110 116 116 86 86 85 112 117 110 108 
112 111 
AQUIIII!!110 116 86 85 117 AQUIIII!!108 85 112 118 111 110 
117 86 111 116 112 
AQUIIII!!115 81 113 114 85 39 40 41 
AQUIIII!!86 117 85 116 119 118 112 111 
AQUIIII!!41 34 85 81 40 115 114 113 
AQUIIII!!117 86 85 AQUIIII!!108 116 111 85 112 117 110 108 116 110 
112 86 111 
AQUIIII!!117 118 110 86 116 112 111 AQUIIII!!85 41 
81 AQUIIII!!34 41 40 34 114 85 113 81 85 40 115 115 
114 113 
AQUIIII!!117 86 85 108 111 112 110 116 
AQUIIII!!112 111 86 108 117 110 85 116 
AQUIIII!!75 86 AQUIIII!!36 108 116 117 111 86 108 110 110 85 112 111 
116 112 
AQUIIII!!117 118 119 86 111 116 85 112 
AQUIIII!!81 42 115 114 35 34 113 58 
AQUIIII!!116 AQUIIII!!111 108 118 85 112 117 110 116 85 AQUIIII!!86 117 75 112 86 86 111 
36 110 116 
111 108 110 112 AQUIIII!!
111 112 AQUIIII!!86 111 36 118 32 112 110 116 108 86 75 85 
119 117 
AQUIIII!!AQUIIII!!116 111 75 112 AQUIIII!!111 116 108 110 85 117 112 117 86 36 118 110 108 110 85 86 86 111 

116 112 
AQUIIII!!36 86 108 AQUIIII!!75 86 32 AQUIIII!!110 110 32 116 AQUIIII!!112 36 111 86 111 108 118 75 75 
112 111 36 110 27 116 85 
108 117 111 86 110 
112 
AQUIIII!!86 AQUIIII!!110 32 111 36 108 AQUIIII!!108 112 108 75 85 85 111 86 117 27 110 116 
117 86 116 112 
111 110 
AQUIIII!!117 85 118 86 119 111 116 112 
AQUIIII!!36 86 108 75 32 110 112 111 
AQUIIII!!41 40 AQUIIII!!34 85 AQUIIII!!81 116 85 85 41 86 35 113 117 81 114 114 118 113 115 110 115 
34 112 
111 
AQUIIII!!86 75 36 116 108 111 AQUIIII!!110 112 111 112 116 
117 AQUIIII!!85 112 118 116 111 119 108 86 110 
36 75 86 
AQUIIII!!85 116 86 117 118 110 112 111 
AQUIIII!!41 40 34 81 AQUIIII!!85 112 113 111 114 116 115 117 
85 118 AQUIIII!!119 110 36 86 86 
75 32 112 108 111 
AQUIIII!!108 111 27 32 110 86 36 75 
AQUIIII!!112 111 118 86 119 116 85 117 
AQUIIII!!86 75 36 108 116 112 110 111 
AQUIIII!!116 85 112 AQUIIII!!110 113 111 114 117 115 86 42 118 58 
34 35 81 
AQUIIII!!112 110 111 32 86 36 108 75 
AQUIIII!!117 110 118 86 85 116 112 111 
AQUIIII!!35 114 113 34 85 115 41 81 
AQUIIII!!117 116 86 110 108 111 85 112 
AQUIIII!!111 116 110 112 86 36 108 75 
AQUIIII!!118 85 86 117 116 111 112 110 
AQUIIII!!116 111 112 36 75 110 86 108 
AQUIIII!!110 85 117 86 116 112 111 118 
AQUIIII!!111 116 112 86 117 118 85 119 AQUIIII!!
113 115 114 41 34 40 81 AQUIIII!!85 117 85 
108 111 AQUIIII!!116 AQUIIII!!110 86 112 110 75 86 36 112 
111 108 75 116 112 108 32 110 36 111 86 

AQUIIII!!112 116 111 117 118 110 86 85 
AQUIIII!!42 81 115 114 35 34 113 58 
AQUIIII!!110 85 112 111 116 117 86 108 AQUIIII!!
111 AQUIIII!!112 111 32 112 86 86 108 117 75 85 110 108 36 110 
116 AQUIIII!!
116 111 118 110 112 117 86 85 
AQUIIII!!85 117 116 110 86 118 112 111 
AQUIIII!!116 111 112 108 AQUIIII!!75 119 86 118 36 86 110 117 
111 AQUIIII!!116 39 112 113 85 40 
115 41 114 85 81 
AQUIIII!!117 85 112 108 86 110 116 111 
AQUIIII!!110 112 111 86 116 75 36 108 
AQUIIII!!112 111 116 118 117 119 85 86 
AQUIIII!!86 110 32 75 36 112 111 108 
AQUIIII!!35 115 114 113 34 81 42 58 
AQUIIII!!110 116 85 117 118 86 112 111 
AQUIIII!!41 81 115 114 85 113 34 35 
AQUIIII!!111 116 86 112 117 119 85 118 
AQUIIII!!111 116 112 110 86 118 117 85 
AQUIIII!!86 117 85 108 116 112 111 110 
AQUIIII!!86 117 85 108 116 112 111 110 
AQUIIII!!108 86 36 111 112 75 116 110 
AQUIIII!!111 112 117 116 119 85 AQUIIII!!118 42 86 58 
81 115 114 113 35 34 
AQUIIII!!117 85 111 108 112 86 110 116 
AQUIIII!!113 AQUIIII!!41 81 115 115 114 34 34 113 81 114 40 35 85 85 
41 
AQUIIII!!110 111 112 116 85 118 117 86 
AQUIIII!!116 112 111 AQUIIII!!110 117 112 85 111 108 116 86 118 
117 119 85 86 
AQUIIII!!115 41 114 113 81 34 85 35 
AQUIIII!!AQUIIII!!112 115 86 81 111 114 108 113 85 35 116 34 117 58 110 42 

AQUIIII!!110 108 116 112 111 85 117 86 
AQUIIII!!AQUIIII!!41 75 115 110 114 36 39 86 40 116 81 111 85 112 113 108 

AQUIIII!!111 112 118 110 85 116 86 117 
AQUIIII!!111 112 116 85 117 118 110 AQUIIII!!86 111 
27 110 86 32 36 75 108 
AQUIIII!!27 108 111 36 86 75 110 32 
AQUIIII!!110 118 86 116 117 85 112 111 
AQUIIII!!32 108 36 75 86 111 110 27 
AQUIIII!!75 110 36 86 116 111 112 108 
AQUIIII!!42 58 81 35 114 115 34 113 
AQUIIII!!39 41 85 40 81 114 115 113 
AQUIIII!!39 41 85 40 81 114 115 113 
AQUIIII!!111 112 32 36 86 108 75 110 
AQUIIII!!86 110 108 85 116 117 111 112 
AQUIIII!!112 108 111 85 110 117 86 116 AQUIIII!!
85 116 112 108 110 111 86 117 
AQUIIII!!111 116 85 112 110 118 117 86 
AQUIIII!!111 116 85 112 110 118 117 86 
AQUIIII!!75 32 86 108 110 36 AQUIIII!!111 32 27 110 
108 86 36 75 111 27 
AQUIIII!!117 86 116 110 85 108 112 111 
AQUIIII!!115 85 113 114 40 81 41 34 
AQUIIII!!116 108 110 117 85 86 112 111 
AQUIIII!!117 86 116 110 85 108 112 111 
AQUIIII!!111 75 110 108 116 112 86 36 
AQUIIII!!108 116 110 117 85 86 111 112 
AQUIIII!!116 112 86 110 111 85 117 118 
AQUIIII!!41 81 114 113 34 115 85 35 
AQUIIII!!111 116 112 118 110 86 85 117 
AQUIIII!!118 AQUIIII!!112 111 117 110 117 119 86 118 116 85 86 116 85 112 
111 
AQUIIII!!85 108 86 117 110 112 111 116 
AQUIIII!!117 110 86 118 85 116 112 111 
AQUIIII!!75 108 110 86 36 111 112 116 
AQUIIII!!117 110 85 116 86 108 112 111 
AQUIIII!!112 116 108 111 110 75 36 86 
AQUIIII!!117 110 85 116 86 108 112 111 
AQUIIII!!111 86 116 112 118 119 117 85 
AQUIIII!!111 110 112 86 36 108 116 75 
AQUIIII!!86 85 118 110 117 111 112 116 
AQUIIII!!86 85 118 110 117 111 112 116 
AQUIIII!!35 113 85 114 34 115 41 81 
AQUIIII!!86 118 117 112 110 85 116 111 
AQUIIII!!110 108 86 112 111 75 36 32 
AQUIIII!!34 85 41 35 113 81 115 114 
AQUIIII!!113 35 34 41 115 114 85 81 
AQUIIII!!116 111 118 112 117 119 85 86 
AQUIIII!!34 AQUIIII!!41 39 35 114 85 113 114 115 113 AQUIIII!!41 112 81 40 111 115 81 116 
85 118 85 
117 86 110 
AQUIIII!!35 85 81 41 34 114 113 115 
AQUIIII!!35 85 AQUIIII!!81 116 41 112 34 111 114 113 AQUIIII!!110 AQUIIII!!112 115 117 24 111 
116 85 20 117 108 21 85 23 118 86 110 19 
86 53 
86 25 
AQUIIII!!118 116 86 119 117 111 85 112 
AQUIIII!!86 112 111 110 36 116 108 75 
AQUIIII!!112 118 111 110 86 117 85 116 
AQUIIII!!117 118 86 85 112 111 116 119 
AQUIIII!!110 112 108 111 32 75 36 86 
AQUIIII!!108 86 110 75 116 AQUIIII!!36 108 111 27 112 111 
86 75 110 32 36 
AQUIIII!!118 111 112 119 116 85 117 86 
AQUIIII!!111 116 85 112 110 108 117 86 
AQUIIII!!86 116 AQUIIII!!108 111 36 110 116 111 85 112 112 75 
110 108 117 86 
AQUIIII!!86 116 108 36 110 111 112 AQUIIII!!75 116 
112 111 85 117 110 86 108 
AQUIIII!!115 114 113 81 40 41 85 39 
AQUIIII!!112 116 111 75 36 86 108 110 
AQUIIII!!114 113 41 115 34 85 40 81 
AQUIIII!!41 114 113 115 34 85 40 81 
AQUIIII!!86 118 116 110 85 117 111 112 
AQUIIII!!36 108 75 110 112 111 86 116 
AQUIIII!!108 75 36 112 111 86 116 110 
AQUIIII!!35 34 115 114 113 41 85 81 
AQUIIII!!35 34 115 114 113 41 85 81 
AQUIIII!!112 111 108 86 32 75 110 36 
AQUIIII!!114 115 58 35 34 113 81 42 
AQUIIII!!86 112 116 110 111 75 108 36 
AQUIIII!!112 111 116 118 85 117 86 110 
AQUIIII!!81 40 39 41 114 115 113 85 
AQUIIII!!112 118 111 110 86 117 85 116 
AQUIIII!!110 112 111 86 108 116 117 85 
AQUIIII!!41 85 113 34 115 81 35 114 
AQUIIII!!110 112 116 118 111 117 86 85 
AQUIIII!!113 81 114 115 41 34 85 35 
AQUIIII!!85 86 117 118 119 112 111 116 
AQUIIII!!85 86 117 118 119 112 111 116 
AQUIIII!!35 85 34 81 113 AQUIIII!!114 81 35 115 115 34 113 114 41 85 41 

AQUIIII!!81 113 40 85 34 114 115 41 
AQUIIII!!34 41 81 85 35 113 115 114 
AQUIIII!!86 110 108 32 75 36 112 111 
AQUIIII!!112 86 111 36 75 108 110 116 
Number of Cuts in the second phase:5313
Number of repeat: 5047 
Violation: 18.000000
Violation: 142.000000
Violation: 402.000000
Violation: 626.000000
Violation: 430.000000
Violation: 1343.000000
Violation: 207.000000
Violation: 356.000000
Violation: 131.000000
Violation: 19.000000
Violation: 116.000000
Violation: 74.000000
Violation: 405.000000
Violation: 76.000000
Violation: 647.000000
Violation: 253.000000
Violation: 595.000000
Violation: 880.000000
Violation: 252.000000
Violation: 96.000000
Violation: 370.000000
Violation: 697.000000
Violation: 361.000000
Violation: 190.000000
Violation: 17.000000
Violation: 767.000000
Violation: 494.000000
Violation: 408.000000
Violation: 232.000000
Violation: 310.000000
Violation: 833.000000
Violation: 188.000000
Violation: 894.000000
Violation: 444.000000
Violation: 132.000000
Violation: 280.000000
Violation: 613.000000
Violation: 499.000000
Violation: 762.000000
Violation: 288.000000
Violation: 98.000000
Violation: 503.000000
Violation: 188.000000
Violation: 4.000000
Violation: 227.000000
Violation: 79.000000
Violation: 84.000000
Violation: 148.000000
Violation: 947.000000
Violation: 875.000000
Violation: 20.000000
Violation: 273.000000
Violation: 540.000000
Violation: 104.000000
Violation: 149.000000
Violation: 294.000000
Violation: 577.000000
Violation: 632.000000
Violation: 127.000000
Violation: 641.000000
Violation: 467.000000
Violation: 36.000000
Violation: 100.000000
Violation: 615.000000
Violation: 199.000000
Violation: 4.000000
Violation: 139.000000
Violation: 576.000000
Violation: 320.000000
Violation: 176.000000
Violation: 1224.000000
Violation: 399.000000
Violation: 372.000000
Violation: 616.000000
Violation: 716.000000
Violation: 432.000000
Violation: 264.000000
Violation: 578.000000
Violation: 708.000000
Violation: 91.000000
Violation: 303.000000
Violation: 58.000000
Violation: 602.000000
Violation: 321.000000
Violation: 644.000000
Violation: 201.000000
Violation: 460.000000
Violation: 71.000000
Violation: 122.000000
Violation: 704.000000
Violation: 623.000000
Violation: 630.000000
Violation: 755.000000
Violation: 555.000000
Violation: 625.000000
Violation: 652.000000
Violation: 355.000000
Violation: 402.000000
Violation: 438.000000
Violation: 556.000000
Violation: 701.000000
Violation: 69.000000
Violation: 290.000000
Violation: 400.000000
Violation: 371.000000
Violation: 141.000000
Violation: 134.000000
Violation: 260.000000
Violation: 108.000000
Violation: 59.000000
Violation: 194.000000
Violation: 58.000000
Violation: 542.000000
Violation: 162.000000
Violation: 469.000000
Violation: 617.000000
Violation: 5.000000
Violation: 324.000000
Violation: 445.000000
Violation: 83.000000
Violation: 528.000000
Violation: 671.000000
Violation: 470.000000
Violation: 431.000000
Violation: 409.000000
Violation: 218.000000
Violation: 346.000000
Violation: 330.000000
Violation: 485.000000
Violation: 511.000000
Violation: 111.000000
Violation: 482.000000
Violation: 630.000000
Violation: 107.000000
Violation: 198.000000
Violation: 341.000000
Violation: 305.000000
Violation: 313.000000
Violation: 478.000000
Violation: 1.000000
Violation: 470.000000
Violation: 124.000000
Violation: 59.000000
Violation: 67.000000
Violation: 399.000000
Violation: 501.000000
Violation: 815.000000
Violation: 365.000000
Violation: 164.000000
Violation: 460.000000
Violation: 79.000000
Violation: 223.000000
Violation: 20.000000
Violation: 21.000000
Violation: 437.000000
Violation: 328.000000
Violation: 74.000000
Violation: 1034.000000
Violation: 622.000000
Violation: 59.000000
Violation: 467.000000
Violation: 313.000000
Violation: 534.000000
Violation: 706.000000
Violation: 11.000000
Violation: 545.000000
Violation: 1000.000000
Violation: 232.000000
Violation: 335.000000
Violation: 438.000000
Violation: 98.000000
Violation: 190.000000
Violation: 230.000000
Violation: 374.000000
Violation: 588.000000
Violation: 47.000000
Violation: 559.000000
Violation: 185.000000
Violation: 642.000000
Violation: 215.000000
Violation: 172.000000
Violation: 94.000000
Violation: 176.000000
Violation: 193.000000
Violation: 85.000000
Violation: 30.000000
Violation: 3.000000
Violation: 131.000000
Violation: 637.000000
Violation: 510.000000
Violation: 874.000000
Violation: 439.000000
Violation: 233.000000
Violation: 33.000000
Violation: 52.000000
Violation: 96.000000
Violation: 351.000000
Violation: 80.000000
Violation: 340.000000
Violation: 334.000000
Violation: 159.000000
Violation: 205.000000
Violation: 200.000000
Violation: 726.000000
Violation: 128.000000
Violation: 177.000000
Violation: 11.000000
Violation: 481.000000
Violation: 270.000000
Violation: 659.000000
Violation: 398.000000
Violation: 72.000000
Violation: 457.000000
Violation: 377.000000
Violation: 848.000000
Violation: 525.000000
Violation: 290.000000
Violation: 673.000000
Violation: 346.000000
Violation: 135.000000
Violation: 316.000000
Violation: 416.000000
Violation: 374.000000
Violation: 82.000000
Violation: 38.000000
Violation: 624.000000
Violation: 373.000000
Violation: 673.000000
Violation: 242.000000
Violation: 516.000000
Violation: 412.000000
Violation: 354.000000
Violation: 343.000000
Violation: 516.000000
Violation: 520.000000
Violation: 563.000000
Violation: 262.000000
Violation: 20.000000
Violation: 233.000000
Violation: 344.000000
Violation: 32.000000
Violation: 62.000000
Violation: 947.000000
Violation: 218.000000
Violation: 279.000000
Violation: 222.000000
Violation: 283.000000
Violation: 514.000000
Violation: 357.000000
Violation: 543.000000
Violation: 513.000000
Violation: 106.000000
Violation: 403.000000
Violation: 230.000000
Violation: 31.000000
Violation: 566.000000
Violation: 34.000000
Violation: 371.000000
Violation: 438.000000
Violation: 106.000000
Violation: 378.000000
Violation: 253.000000
Violation: 159.000000
Violation: 86.000000
Violation: 970.000000
Violation: 241.000000
816 8
AQUIIII!!36 86 112 108 116 111 75 110 
AQUIIII!!75 86 32 110 36 111 108 112 
AQUIIII!!75 86 32 110 36 111 108 112 
AQUIIII!!112 111 85 117 110 118 86 116 
AQUIIII!!119 111 112 118 85 116 117 86 
AQUIIII!!41 113 34 45 44 115 35 114 
AQUIIII!!42 58 34 113 35 114 115 81 
AQUIIII!!34 115 114 113 35 81 42 58 
AQUIIII!!40 81 39 85 41 113 114 115 
AQUIIII!!81 85 40 41 39 114 113 115 
AQUIIII!!81 85 40 41 39 114 113 115 
AQUIIII!!108 86 36 110 75 112 116 111 
AQUIIII!!108 86 36 110 75 112 116 111 
AQUIIII!!111 112 119 86 117 85 118 116 
AQUIIII!!111 108 112 110 117 86 116 85 
AQUIIII!!111 108 112 110 117 86 116 85 
AQUIIII!!85 34 40 81 114 115 113 41 
AQUIIII!!41 113 39 40 114 115 81 85 
AQUIIII!!85 111 116 112 108 117 86 110 
AQUIIII!!42 58 115 113 114 35 34 81 
AQUIIII!!42 44 115 114 113 35 45 34 
AQUIIII!!41 113 34 45 44 115 35 114 
AQUIIII!!112 85 111 116 119 86 118 117 
AQUIIII!!113 35 34 115 114 81 41 85 
AQUIIII!!86 117 119 116 118 112 111 85 
AQUIIII!!85 34 35 41 81 114 113 115 
AQUIIII!!85 34 35 41 81 114 113 115 
AQUIIII!!108 110 86 75 36 116 111 112 
AQUIIII!!42 44 115 114 113 35 45 AQUIIII!!34 42 
58 113 35 81 34 115 114 
AQUIIII!!85 117 86 118 112 111 116 119 
AQUIIII!!118 116 85 119 117 86 111 112 
AQUIIII!!40 34 41 85 114 115 113 81 
AQUIIII!!111 85 112 118 117 119 86 116 
AQUIIII!!86 108 85 117 116 112 110 111 
Number of Cuts in the second phase:507
Number of repeat: 482 
Violation: 98.000000
Violation: 732.000000
Violation: 430.000000
Violation: 656.000000
Violation: 414.000000
Violation: 837.000000
Violation: 1035.000000
Violation: 416.000000
Violation: 88.000000
Violation: 299.000000
Violation: 274.000000
Violation: 412.000000
Violation: 79.000000
Violation: 489.000000
Violation: 483.000000
Violation: 47.000000
Violation: 46.000000
Violation: 400.000000
Violation: 91.000000
Violation: 372.000000
Violation: 157.000000
Violation: 497.000000
Violation: 361.000000
Violation: 912.000000
Violation: 86.000000
took 7.397903

Warning: excessive time spent in model updates.
Consider calling update less frequently.

Optimize a model with 2185 rows, 5432 columns and 71686 nonzeros
Coefficient statistics:
  Matrix range     [1e+00, 1e+02]
  Objective range  [0e+00, 0e+00]
  Bounds range     [1e+00, 1e+02]
  RHS range        [1e+00, 6e+01]

Concurrent LP optimizer: dual simplex and barrier
Showing barrier log only...

Presolve removed 441 rows and 256 columns
Presolve time: 0.02s
Presolved: 1744 rows, 5176 columns, 60784 nonzeros

Ordering time: 0.00s

Barrier statistics:
 Dense cols : 52
 AA' NZ     : 4.104e+04
 Factor NZ  : 1.294e+05 (roughly 4 MBytes of memory)
 Factor Ops : 2.370e+07 (less than 1 second per iteration)
 Threads    : 3

                  Objective                Residual
Iter       Primal          Dual         Primal    Dual     Compl     Time
   0   0.00000000e+00 -5.86781250e+01  4.10e+03 0.00e+00  1.50e+00     0s
   1   0.00000000e+00 -1.49999308e+02  1.16e+03 1.35e-02  4.32e-01     0s
   2   0.00000000e+00 -1.63673647e+02  4.78e+02 2.08e-03  1.68e-01     0s
   3   0.00000000e+00 -1.15715106e+02  3.81e+01 5.91e-05  2.08e-02     0s
   4   0.00000000e+00 -4.99356296e+01  1.35e+01 9.90e-06  6.98e-03     0s
   5   0.00000000e+00 -2.38548962e+01  2.65e+00 1.46e-06  2.37e-03     0s
   6   0.00000000e+00 -2.10303355e+00  5.97e-13 7.70e-18  1.78e-04     0s
   7   0.00000000e+00 -2.11083764e-03  4.80e-12 1.72e-17  1.78e-07     0s
   8   0.00000000e+00 -2.11083764e-06  2.71e-12 1.54e-20  1.78e-10     0s
   9   0.00000000e+00 -2.11503746e-12  3.05e-12 1.15e-23  1.78e-16     0s

Barrier solved model in 9 iterations and 0.08 seconds
Optimal objective 0.00000000e+00

Crossover log...

    5003 PPushes remaining with PInf 0.0000000e+00                 0s

Solved with dual simplex
Solved in 1030 iterations and 0.12 seconds
Optimal objective  0.000000000e+00
