j3017_4.mm_s2.txt
Academic license - for non-commercial use only
Read LP format model from file lp/j3017_4.mm.lp
Reading time = 0.01 seconds
: 351 rows, 906 columns, 9053 nonzeros
OKGPU
nThreads: 1024 , nBlocks: 12 
Number cuts generated in the phase 1: 6
Number of repeat: 1 
violation 490.000000
violation 749.000000
violation 702.000000
violation 738.000000
violation 428.000000
8592 16
AQUIIII!!8 AQUIIII!!53 55 54 55 53 15 31 23 8 18 16 56 35 44 9 21 22 40 17 54 24 23 34 5 33 27 52 19 AQUIIII!!
5 7 56 53 26 54 
56 55 23 44 18 19 31 17 AQUIIII!!10 54 27 53 47 52 21 26 22 35 
8 34 15 23 56 16 9 33 5 55 40 
AQUIIII!!55 7 53 54 17 27 23 6 10 22 31 18 21 47 44 19 
AQUIIII!!55 53 26 52 40 56 23 27 16 21 54 5 8 33 9 32 
AQUIIII!!52 53 5 40 54 26 21 8 56 23 16 55 33 27 32 9 
AQUIIII!!9 21 16 23 56 AQUIIII!!32 19 8 44 27 21 5 55 56 52 22 23 5 33 54 9 53 31 27 33 18 26 53 40 54 8 
55 
AQUIIII!!22 56 27 17 21 24 31 18 5 AQUIIII!!10 27 19 31 44 21 55 19 53 10 54 6 23 23 
47 54 17 22 18 44 53 7 55 AQUIIII!!
19 AQUIIII!!54 8 44 15 8 23 AQUIIII!!33 33 21 23 0 18 47 52 5 35 22 56 56 31 16 22 23 26 27 34 21 19 40 31 10 5 53 44 9 55 54 9 27 
55 AQUIIII!!56 
23 17 17 18 22 7 10 54 21 55 31 53 56 
47 18 27 AQUIIII!!19 9 7 AQUIIII!!8 54 19 16 54 53 33 44 55 8 27 44 33 56 
23 5 18 21 5 AQUIIII!!AQUIIII!!56 32 40 15 22 26 32 27 52 52 21 35 16 31 23 26 26 53 16 55 27 55 9 53 9 8 54 54 
23 40 40 21 5 
33 33 AQUIIII!!23 5 34 8 54 56 24 56 8 53 52 55 19 9 53 21 
55 56 53 32 AQUIIII!!
27 23 33 35 23 18 16 6 31 10 5 29 54 27 9 4 55 17 
21 22 44 19 53 54 7 
AQUIIII!!55 8 54 40 5 15 23 34 35 26 52 53 56 16 33 9 
AQUIIII!!53 54 7 19 10 44 23 18 21 22 27 6 17 29 35 4 
AQUIIII!!8 53 54 56 55 24 19 31 9 27 32 23 21 5 33 16 
AQUIIII!!53 9 54 27 8 56 55 40 16 33 5 23 26 52 21 32 
AQUIIII!!7 53 54 56 55 23 44 18 19 31 17 10 27 47 21 22 
AQUIIII!!22 31 19 44 18 17 55 5 23 56 24 27 21 8 53 54 
AQUIIII!!5 56 21 31 10 18 24 22 19 27 17 44 23 55 54 53 
AQUIIII!!31 17 44 23 27 22 47 10 18 53 19 21 54 7 6 55 
AQUIIII!!54 53 55 5 23 31 33 21 19 27 9 44 56 22 8 18 
AQUIIII!!54 53 55 5 23 31 33 21 19 27 9 44 56 22 8 18 
AQUIIII!!54 8 53 9 31 55 21 19 56 18 33 27 22 5 23 44 
AQUIIII!!6 55 54 7 31 22 53 27 10 19 18 17 47 23 44 21 
AQUIIII!!33 56 34 15 35 8 5 16 23 9 54 53 55 40 26 52 
AQUIIII!!16 24 33 55 AQUIIII!!23 9 27 33 19 32 9 19 31 56 32 53 56 31 21 21 5 16 53 24 8 23 54 5 
27 8 54 55 
AQUIIII!!47 22 21 23 27 17 31 18 19 7 AQUIIII!!6 19 10 27 54 23 44 44 5 53 8 55 22 
18 56 31 9 AQUIIII!!21 16 23 53 34 55 8 54 5 33 52 
9 53 15 33 26 54 55 40 56 35 
AQUIIII!!21 31 23 33 19 5 56 24 AQUIIII!!16 55 32 8 54 9 56 26 55 35 52 27 5 54 33 9 53 34 53 8 23 
40 16 15 
AQUIIII!!18 21 19 8 23 AQUIIII!!31 44 53 56 33 22 16 33 27 27 31 55 8 5 32 53 5 54 21 9 24 
19 23 56 54 AQUIIII!!55 18 9 21 
19 8 23 31 44 56 22 33 27 55 5 53 54 9 
AQUIIII!!9 55 54 5 31 33 8 27 44 56 21 53 23 19 18 22 
AQUIIII!!55 53 8 54 32 9 5 33 56 23 27 31 24 16 21 19 
AQUIIII!!24 23 19 8 22 18 27 17 5 31 21 56 53 55 44 54 
AQUIIII!!15 56 35 26 40 54 23 16 34 33 5 52 9 55 8 53 
AQUIIII!!15 56 35 26 40 54 23 16 34 33 5 52 9 55 8 53 
AQUIIII!!15 56 35 26 40 54 23 16 34 33 5 52 9 55 8 53 
AQUIIII!!55 7 53 44 18 22 17 23 27 19 6 31 AQUIIII!!10 53 47 54 21 55 54 16 
24 32 27 23 9 56 33 19 21 31 5 8 
AQUIIII!!8 52 32 21 55 26 23 16 27 33 40 5 56 53 54 9 
AQUIIII!!55 5 53 54 40 16 9 23 21 33 26 8 27 52 32 56 
AQUIIII!!55 53 8 21 54 56 AQUIIII!!5 53 27 54 32 8 23 33 40 9 9 55 26 56 33 19 5 16 52 24 
32 23 27 31 16 21 
AQUIIII!!53 55 52 16 9 34 23 5 54 40 26 35 15 33 8 56 
AQUIIII!!5 16 52 40 33 9 53 23 26 15 54 8 34 56 35 55 
AQUIIII!!22 54 55 AQUIIII!!53 56 23 31 26 23 9 7 27 27 10 16 17 19 5 18 56 44 40 21 47 21 
8 33 52 55 54 53 32 
AQUIIII!!26 8 40 54 55 32 21 52 16 5 56 9 33 53 27 23 
AQUIIII!!7 53 54 56 55 23 44 18 19 31 17 10 27 47 21 22 
AQUIIII!!9 54 53 35 40 34 33 23 56 15 16 5 8 52 55 26 
AQUIIII!!55 53 8 21 54 56 5 27 32 23 40 9 26 33 16 52 
AQUIIII!!8 35 56 55 34 54 40 26 0 9 16 23 15 5 33 52 
AQUIIII!!9 55 54 23 18 56 22 27 53 33 21 8 5 31 44 19 
AQUIIII!!31 27 54 24 56 16 5 33 19 32 23 8 21 9 53 55 
AQUIIII!!54 53 5 55 27 31 32 24 23 9 21 56 16 19 8 33 
AQUIIII!!8 53 55 15 23 16 35 9 40 54 34 33 52 5 56 26 
AQUIIII!!6 54 7 53 10 19 21 55 31 47 27 22 18 23 44 17 
AQUIIII!!55 31 53 54 21 56 24 23 8 33 9 32 16 5 27 19 
AQUIIII!!9 55 53 8 34 16 26 5 54 35 52 33 56 23 40 15 
AQUIIII!!53 54 27 55 5 23 44 8 21 17 22 24 31 19 18 56 
AQUIIII!!8 54 53 5 23 56 9 33 21 16 27 40 26 52 55 AQUIIII!!32 8 
53 54 56 55 24 19 31 9 27 32 23 21 5 33 16 
AQUIIII!!55 6 53 27 22 18 47 17 31 21 7 44 10 19 54 23 
AQUIIII!!55 7 53 44 18 22 17 23 27 19 6 31 10 47 21 54 
AQUIIII!!9 55 54 23 18 56 22 27 53 33 21 8 5 31 44 19 
AQUIIII!!9 55 53 8 34 16 26 5 54 35 52 33 56 23 40 15 
Number of Cuts in the second phase:4102
Number of repeat: 3766 
Violation: 363.000000
Violation: 771.000000
Violation: 443.000000
Violation: 311.000000
Violation: 498.000000
Violation: 496.000000
Violation: 512.000000
Violation: 496.000000
Violation: 311.000000
Violation: 404.000000
Violation: 625.000000
Violation: 113.000000
Violation: 476.000000
Violation: 496.000000
Violation: 106.000000
Violation: 179.000000
Violation: 514.000000
Violation: 594.000000
Violation: 404.000000
Violation: 257.000000
Violation: 594.000000
Violation: 514.000000
Violation: 311.000000
Violation: 661.000000
Violation: 257.000000
Violation: 171.000000
Violation: 113.000000
Violation: 88.000000
Violation: 311.000000
Violation: 498.000000
Violation: 635.000000
Violation: 1137.000000
Violation: 161.000000
Violation: 691.000000
Violation: 257.000000
Violation: 230.000000
Violation: 153.000000
Violation: 257.000000
Violation: 190.000000
Violation: 609.000000
Violation: 234.000000
Violation: 296.000000
Violation: 247.000000
Violation: 921.000000
Violation: 972.000000
Violation: 726.000000
Violation: 625.000000
Violation: 392.000000
Violation: 526.000000
Violation: 93.000000
Violation: 326.000000
Violation: 1184.000000
Violation: 983.000000
Violation: 746.000000
Violation: 10.000000
Violation: 347.000000
Violation: 553.000000
Violation: 234.000000
Violation: 85.000000
Violation: 514.000000
Violation: 808.000000
Violation: 512.000000
Violation: 902.000000
Violation: 121.000000
Violation: 635.000000
Violation: 1121.000000
Violation: 393.000000
Violation: 168.000000
Violation: 47.000000
Violation: 495.000000
Violation: 691.000000
Violation: 543.000000
Violation: 179.000000
Violation: 1316.000000
Violation: 311.000000
Violation: 432.000000
Violation: 520.000000
Violation: 113.000000
Violation: 498.000000
Violation: 662.000000
Violation: 171.000000
Violation: 283.000000
Violation: 872.000000
Violation: 599.000000
Violation: 292.000000
Violation: 746.000000
Violation: 1038.000000
Violation: 292.000000
Violation: 318.000000
Violation: 123.000000
Violation: 342.000000
Violation: 261.000000
Violation: 253.000000
Violation: 804.000000
Violation: 514.000000
Violation: 1137.000000
Violation: 796.000000
Violation: 599.000000
Violation: 44.000000
Violation: 496.000000
Violation: 432.000000
Violation: 242.000000
Violation: 451.000000
Violation: 360.000000
Violation: 217.000000
Violation: 340.000000
Violation: 1433.000000
Violation: 617.000000
Violation: 11.000000
Violation: 537.000000
Violation: 804.000000
Violation: 683.000000
Violation: 346.000000
Violation: 620.000000
Violation: 179.000000
Violation: 290.000000
Violation: 25.000000
Violation: 648.000000
Violation: 363.000000
Violation: 146.000000
Violation: 363.000000
Violation: 792.000000
Violation: 121.000000
Violation: 748.000000
Violation: 1008.000000
Violation: 830.000000
Violation: 438.000000
Violation: 996.000000
Violation: 1219.000000
Violation: 490.000000
Violation: 793.000000
Violation: 936.000000
Violation: 743.000000
Violation: 669.000000
Violation: 148.000000
Violation: 106.000000
Violation: 85.000000
Violation: 247.000000
Violation: 635.000000
Violation: 833.000000
Violation: 162.000000
Violation: 759.000000
Violation: 872.000000
Violation: 318.000000
Violation: 967.000000
Violation: 1008.000000
Violation: 422.000000
Violation: 672.000000
Violation: 558.000000
Violation: 69.000000
Violation: 318.000000
Violation: 445.000000
Violation: 85.000000
Violation: 139.000000
Violation: 1058.000000
Violation: 733.000000
Violation: 617.000000
Violation: 490.000000
Violation: 1106.000000
Violation: 611.000000
Violation: 1484.000000
Violation: 854.000000
Violation: 1173.000000
Violation: 198.000000
Violation: 893.000000
Violation: 418.000000
Violation: 776.000000
Violation: 410.000000
Violation: 85.000000
Violation: 250.000000
Violation: 346.000000
Violation: 470.000000
Violation: 597.000000
Violation: 332.000000
Violation: 733.000000
Violation: 487.000000
Violation: 1456.000000
Violation: 1035.000000
Violation: 539.000000
Violation: 784.000000
Violation: 321.000000
Violation: 222.000000
Violation: 967.000000
Violation: 438.000000
Violation: 386.000000
Violation: 7.000000
Violation: 1234.000000
Violation: 123.000000
Violation: 9.000000
Violation: 342.000000
Violation: 458.000000
Violation: 754.000000
Violation: 859.000000
Violation: 490.000000
Violation: 1123.000000
Violation: 1055.000000
Violation: 1121.000000
Violation: 390.000000
Violation: 573.000000
Violation: 1226.000000
Violation: 121.000000
Violation: 698.000000
Violation: 10.000000
Violation: 115.000000
Violation: 311.000000
Violation: 247.000000
Violation: 795.000000
Violation: 730.000000
Violation: 92.000000
Violation: 518.000000
Violation: 399.000000
Violation: 484.000000
Violation: 448.000000
Violation: 647.000000
Violation: 239.000000
Violation: 1173.000000
Violation: 215.000000
Violation: 390.000000
Violation: 349.000000
Violation: 1041.000000
Violation: 667.000000
Violation: 601.000000
Violation: 513.000000
Violation: 1123.000000
Violation: 630.000000
Violation: 179.000000
Violation: 60.000000
Violation: 93.000000
Violation: 1121.000000
Violation: 102.000000
Violation: 634.000000
Violation: 975.000000
Violation: 334.000000
Violation: 369.000000
Violation: 1029.000000
Violation: 504.000000
Violation: 965.000000
Violation: 321.000000
Violation: 683.000000
Violation: 99.000000
Violation: 880.000000
Violation: 26.000000
Violation: 627.000000
Violation: 1060.000000
Violation: 136.000000
Violation: 743.000000
Violation: 651.000000
Violation: 1121.000000
Violation: 468.000000
Violation: 744.000000
Violation: 199.000000
Violation: 746.000000
Violation: 355.000000
Violation: 549.000000
Violation: 759.000000
Violation: 551.000000
Violation: 101.000000
Violation: 1433.000000
Violation: 105.000000
Violation: 385.000000
Violation: 635.000000
Violation: 512.000000
Violation: 324.000000
Violation: 731.000000
Violation: 679.000000
Violation: 517.000000
Violation: 637.000000
Violation: 13.000000
Violation: 10.000000
Violation: 270.000000
Violation: 823.000000
Violation: 479.000000
Violation: 171.000000
Violation: 139.000000
Violation: 993.000000
Violation: 189.000000
Violation: 456.000000
Violation: 300.000000
Violation: 277.000000
Violation: 214.000000
Violation: 106.000000
Violation: 202.000000
Violation: 60.000000
Violation: 605.000000
Violation: 916.000000
Violation: 380.000000
Violation: 131.000000
Violation: 748.000000
Violation: 463.000000
Violation: 1139.000000
Violation: 946.000000
Violation: 743.000000
Violation: 604.000000
Violation: 983.000000
Violation: 324.000000
Violation: 125.000000
Violation: 1168.000000
Violation: 635.000000
Violation: 936.000000
Violation: 232.000000
Violation: 669.000000
Violation: 292.000000
Violation: 440.000000
Violation: 1106.000000
Violation: 559.000000
Violation: 455.000000
Violation: 146.000000
Violation: 85.000000
Violation: 517.000000
Violation: 277.000000
Violation: 669.000000
Violation: 625.000000
Violation: 88.000000
Violation: 727.000000
Violation: 693.000000
Violation: 814.000000
Violation: 717.000000
Violation: 123.000000
Violation: 311.000000
Violation: 49.000000
Violation: 611.000000
Violation: 926.000000
Violation: 49.000000
Violation: 840.000000
Violation: 214.000000
Violation: 453.000000
Violation: 675.000000
Violation: 77.000000
Violation: 349.000000
Violation: 113.000000
Violation: 116.000000
Violation: 247.000000
Violation: 1245.000000
Violation: 412.000000
Violation: 200.000000
Violation: 859.000000
8592 16
AQUIIII!!53 9 AQUIIII!!55 55 8 6 56 16 53 26 19 54 44 23 27 31 21 22 40 23 33 32 17 52 27 5 18 
AQUIIII!!10 53 7 7 54 54 21 22 47 23 
44 56 47 AQUIIII!!55 54 18 53 31 8 21 5 10 19 23 27 19 17 31 
24 56 9 27 32 16 33 55 21 
AQUIIII!!56 54 52 53 35 8 55 40 23 34 5 26 9 16 15 33 
AQUIIII!!40 55 26 52 21 5 53 56 54 8 9 23 27 33 16 32 
AQUIIII!!9 52 23 53 15 16 5 33 56 54 35 26 55 8 40 34 AQUIIII!!
35 56 55 40 54 8 26 34 16 33 9 23 0 52 15 5 
AQUIIII!!27 56 52 33 5 54 16 9 21 32 23 55 53 26 AQUIIII!!19 8 44 40 17 
22 56 8 31 24 23 21 18 27 5 55 53 54 
AQUIIII!!19 18 27 24 5 56 54 23 22 21 31 44 17 AQUIIII!!8 53 22 55 47 
7 18 23 19 10 6 17 21 27 44 54 31 55 AQUIIII!!53 21 
31 9 AQUIIII!!56 56 5 AQUIIII!!40 22 27 26 27 18 35 33 17 34 19 22 55 18 21 AQUIIII!!8 44 31 27 23 8 21 44 16 55 53 19 52 AQUIIII!!53 31 5 5 21 54 8 15 23 18 23 33 33 24 AQUIIII!!6 
44 9 56 33 44 22 53 10 9 47 19 54 53 27 17 18 
26 55 53 5 5 54 AQUIIII!!19 23 8 
55 27 56 5 8 31 54 21 56 23 55 19 21 9 22 27 AQUIIII!!32 
10 27 56 23 47 40 55 54 6 16 44 55 22 52 31 18 7 53 23 21 AQUIIII!!54 
31 22 
16 10 33 8 7 18 26 44 9 5 19 54 21 23 53 32 17 
52 53 23 54 56 55 27 
40 53 33 9 55 54 
AQUIIII!!AQUIIII!!33 16 40 8 56 26 55 5 32 21 21 32 9 52 16 23 26 56 5 27 52 40 27 53 23 33 53 9 54 55 8 54 

AQUIIII!!54 53 6 27 4 17 29 23 19 44 7 10 35 18 22 21 
AQUIIII!!53 7 55 47 18 21 44 6 31 23 54 27 19 10 17 22 
AQUIIII!!9 55 54 8 52 33 27 21 16 56 5 26 23 40 32 53 
AQUIIII!!21 56 33 31 54 19 24 27 23 16 9 32 5 55 53 8 
AQUIIII!!21 56 33 31 54 19 24 27 23 16 9 32 5 55 53 8 
AQUIIII!!31 23 10 17 27 47 19 18 53 22 21 44 56 55 AQUIIII!!54 19 7 33 
8 21 AQUIIII!!5 5 24 54 32 21 27 16 23 56 8 9 52 16 32 AQUIIII!!54 27 47 55 33 17 31 40 44 53 23 10 
26 21 56 31 53 19 9 18 55 6 
7 23 27 54 55 22 53 
AQUIIII!!54 53 55 8 23 56 9 31 19 22 5 33 44 AQUIIII!!27 18 40 21 
34 23 15 26 56 0 35 9 16 8 33 52 5 54 55 
AQUIIII!!54 53 55 8 23 56 9 31 19 22 5 33 44 27 18 21 
AQUIIII!!55 53 6 10 27 54 18 44 21 47 31 23 17 22 7 19 
AQUIIII!!6 53 54 22 10 29 17 44 35 27 18 21 19 23 4 7 
AQUIIII!!56 17 23 AQUIIII!!47 8 55 18 53 22 19 18 44 5 21 23 24 27 54 17 31 44 10 21 56 7 31 27 19 22 53 
54 55 
AQUIIII!!AQUIIII!!5 22 9 56 23 17 32 7 56 47 24 18 33 31 8 21 19 10 16 27 27 44 21 23 55 19 53 54 55 53 AQUIIII!!54 31 53 

5 27 56 16 26 33 52 21 40 9 32 23 55 54 8 
AQUIIII!!52 54 53 23 33 35 8 55 56 26 34 16 40 5 15 9 
AQUIIII!!55 8 53 9 32 21 27 33 54 5 31 24 19 23 16 56 
AQUIIII!!19 33 5 22 31 18 27 23 8 56 44 55 21 54 53 9 
AQUIIII!!23 56 44 21 27 22 18 31 10 19 17 53 5 54 AQUIIII!!24 53 55 18 
5 19 8 44 22 33 31 23 27 21 56 54 9 55 
AQUIIII!!15 33 23 8 34 AQUIIII!!26 53 35 7 40 54 5 4 52 35 54 18 16 17 56 22 55 19 53 44 9 AQUIIII!!29 
55 10 6 27 53 21 19 23 44 6 31 AQUIIII!!
22 15 23 33 17 23 27 8 18 34 10 AQUIIII!!26 7 9 35 54 40 54 5 53 21 47 52 16 54 8 
16 40 56 23 55 55 53 34 9 35 
52 15 56 5 26 33 
AQUIIII!!16 9 34 33 52 53 15 35 23 5 56 55 54 8 26 40 
AQUIIII!!55 53 54 56 AQUIIII!!19 55 18 54 27 23 8 53 31 27 17 22 21 8 22 18 5 5 24 31 44 23 33 19 
21 56 44 9 
AQUIIII!!AQUIIII!!54 52 55 53 53 54 31 9 7 56 27 34 56 55 44 16 21 40 19 33 10 23 47 8 22 35 18 26 AQUIIII!!23 5 54 17 15 53 AQUIIII!!

7 5 21 19 24 44 35 22 29 21 4 27 18 22 6 10 10 56 17 18 17 23 
44 19 23 31 53 54 27 55 
AQUIIII!!55 23 17 18 21 31 22 47 7 10 19 44 27 53 6 54 
AQUIIII!!23 52 8 35 15 40 16 33 34 54 26 56 5 9 53 55 
AQUIIII!!22 44 4 18 27 19 7 35 17 29 23 21 10 53 54 6 
AQUIIII!!31 55 54 53 5 8 56 19 21 9 33 27 18 44 22 23 
AQUIIII!!21 18 24 AQUIIII!!10 22 6 17 55 56 53 5 31 23 47 44 21 19 17 31 10 27 18 55 44 53 54 19 
7 27 22 54 23 
AQUIIII!!24 44 54 55 53 5 27 31 19 21 18 22 23 10 17 56 
AQUIIII!!54 33 56 40 21 27 8 23 26 32 9 16 55 5 52 53 
AQUIIII!!19 31 55 23 10 6 44 18 27 17 21 47 22 54 53 7 
AQUIIII!!55 9 5 54 52 8 40 56 23 32 21 33 27 16 26 53 
AQUIIII!!9 55 54 21 23 8 44 18 27 53 31 19 5 22 56 33 
AQUIIII!!55 54 53 31 18 7 10 6 47 17 44 22 21 23 27 19 
AQUIIII!!24 55 8 56 53 5 54 33 21 27 16 31 23 32 9 19 AQUIIII!!
9 8 23 5 55 15 35 34 56 33 26 16 40 54 52 53 
AQUIIII!!54 53 55 8 23 56 9 31 19 22 5 33 44 27 18 21 
AQUIIII!!6 53 54 22 55 44 17 47 21 31 18 7 10 23 19 27 
AQUIIII!!53 8 55 19 44 9 21 54 23 5 33 31 22 27 56 18 
AQUIIII!!5 33 31 24 19 9 27 21 32 56 53 23 16 8 55 54 
AQUIIII!!6 18 10 23 44 21 27 17 19 31 7 47 22 55 53 54 
AQUIIII!!0 15 8 5 34 16 52 56 23 26 35 40 33 54 55 9 
AQUIIII!!0 15 8 5 34 16 52 56 23 26 35 40 33 54 55 9 
AQUIIII!!8 53 55 16 23 5 9 56 33 54 27 52 40 32 21 26 
AQUIIII!!52 53 54 5 16 27 56 8 32 40 9 33 AQUIIII!!55 54 21 5 26 23 53 
55 21 18 27 8 22 23 17 24 19 56 31 44 
AQUIIII!!54 6 53 27 23 21 10 7 18 22 47 31 17 19 44 55 
AQUIIII!!55 56 8 53 54 5 9 16 26 15 33 35 23 52 34 40 
AQUIIII!!31 55 54 53 17 27 19 10 18 6 23 44 22 47 21 7 
AQUIIII!!5 52 9 55 54 32 23 8 16 21 56 53 26 27 40 33 
AQUIIII!!40 55 52 26 53 23 5 54 33 32 56 16 8 27 21 9 
AQUIIII!!26 40 35 8 56 54 9 53 55 23 52 16 15 5 34 33 
AQUIIII!!53 55 54 44 19 17 18 8 22 27 23 5 24 31 56 21 
AQUIIII!!34 0 26 15 5 33 23 16 40 52 8 56 35 9 54 55 
AQUIIII!!56 54 55 35 23 40 26 16 8 5 33 15 52 9 0 34 
AQUIIII!!44 55 53 54 21 5 56 31 22 23 8 24 27 17 19 18 
AQUIIII!!53 22 54 55 27 10 7 19 23 18 21 6 47 31 44 17 
AQUIIII!!54 53 6 10 21 29 22 7 23 18 35 19 4 27 AQUIIII!!44 56 35 17 40 
54 26 55 52 23 34 5 33 9 16 15 8 0 
AQUIIII!!54 40 55 53 32 9 27 52 26 56 5 8 16 21 33 23 
AQUIIII!!54 33 53 55 27 32 24 19 31 9 16 21 23 56 8 5 
AQUIIII!!54 6 53 27 23 21 10 7 18 22 47 31 17 19 44 55 
AQUIIII!!53 55 22 54 24 21 44 5 17 19 23 27 18 31 10 56 
AQUIIII!!54 47 53 55 7 44 27 6 22 10 23 31 18 17 21 19 
AQUIIII!!6 54 7 53 22 10 31 44 23 17 19 27 18 21 47 55 
AQUIIII!!54 26 40 8 52 53 5 35 9 16 23 55 34 33 15 56 
Number of Cuts in the second phase:4039
Number of repeat: 3875 
Violation: 672.000000
Violation: 432.000000
Violation: 318.000000
Violation: 756.000000
Violation: 426.000000
Violation: 234.000000
Violation: 975.000000
Violation: 438.000000
Violation: 556.000000
Violation: 115.000000
Violation: 859.000000
Violation: 200.000000
Violation: 746.000000
Violation: 184.000000
Violation: 376.000000
Violation: 125.000000
Violation: 1219.000000
Violation: 520.000000
Violation: 311.000000
Violation: 364.000000
Violation: 988.000000
Violation: 534.000000
Violation: 318.000000
Violation: 862.000000
Violation: 413.000000
Violation: 540.000000
Violation: 537.000000
Violation: 496.000000
Violation: 980.000000
Violation: 179.000000
Violation: 921.000000
Violation: 315.000000
Violation: 993.000000
Violation: 641.000000
Violation: 660.000000
Violation: 1242.000000
Violation: 349.000000
Violation: 1010.000000
Violation: 583.000000
Violation: 506.000000
Violation: 545.000000
Violation: 1366.000000
Violation: 1055.000000
Violation: 712.000000
Violation: 1170.000000
Violation: 497.000000
Violation: 372.000000
Violation: 925.000000
Violation: 679.000000
Violation: 1131.000000
Violation: 277.000000
Violation: 908.000000
Violation: 215.000000
Violation: 259.000000
Violation: 307.000000
Violation: 908.000000
Violation: 318.000000
Violation: 187.000000
Violation: 1035.000000
Violation: 756.000000
Violation: 139.000000
Violation: 303.000000
Violation: 756.000000
Violation: 488.000000
Violation: 720.000000
Violation: 77.000000
Violation: 617.000000
Violation: 325.000000
Violation: 881.000000
Violation: 136.000000
Violation: 1159.000000
Violation: 1070.000000
Violation: 675.000000
Violation: 531.000000
Violation: 471.000000
Violation: 1627.000000
Violation: 181.000000
Violation: 8.000000
Violation: 756.000000
Violation: 605.000000
Violation: 413.000000
Violation: 944.000000
Violation: 396.000000
Violation: 470.000000
Violation: 1070.000000
Violation: 471.000000
Violation: 1247.000000
Violation: 1018.000000
Violation: 476.000000
Violation: 537.000000
Violation: 651.000000
Violation: 617.000000
Violation: 373.000000
Violation: 808.000000
Violation: 679.000000
Violation: 632.000000
Violation: 625.000000
Violation: 294.000000
Violation: 669.000000
Violation: 410.000000
Violation: 358.000000
Violation: 363.000000
Violation: 247.000000
Violation: 413.000000
Violation: 683.000000
Violation: 261.000000
Violation: 1010.000000
Violation: 310.000000
Violation: 1260.000000
Violation: 539.000000
Violation: 146.000000
Violation: 121.000000
Violation: 805.000000
Violation: 1139.000000
Violation: 519.000000
Violation: 30.000000
Violation: 693.000000
Violation: 225.000000
Violation: 850.000000
Violation: 521.000000
Violation: 219.000000
Violation: 710.000000
Violation: 522.000000
Violation: 118.000000
Violation: 239.000000
Violation: 221.000000
Violation: 870.000000
Violation: 194.000000
Violation: 972.000000
Violation: 44.000000
Violation: 450.000000
Violation: 10.000000
Violation: 136.000000
Violation: 7.000000
Violation: 559.000000
Violation: 374.000000
Violation: 635.000000
Violation: 234.000000
Violation: 320.000000
Violation: 628.000000
Violation: 480.000000
Violation: 479.000000
Violation: 687.000000
Violation: 650.000000
Violation: 662.000000
Violation: 738.000000
Violation: 344.000000
Violation: 844.000000
Violation: 375.000000
Violation: 171.000000
Violation: 1154.000000
Violation: 806.000000
Violation: 603.000000
Violation: 296.000000
Violation: 718.000000
Violation: 2.000000
Violation: 1294.000000
Violation: 10.000000
Violation: 59.000000
Violation: 819.000000
Violation: 756.000000
Violation: 183.000000
Violation: 857.000000
Violation: 1057.000000
2808 16
AQUIIII!!8 54 53 5 32 16 26 23 56 21 55 40 27 52 33 9 
AQUIIII!!54 26 40 55 53 8 15 35 23 34 5 33 52 56 9 16 
AQUIIII!!18 47 22 44 21 17 31 10 23 19 7 27 54 6 53 55 
AQUIIII!!33 27 21 52 16 5 23 55 40 32 56 26 9 53 54 8 
AQUIIII!!54 9 55 23 24 21 5 16 53 8 32 19 27 31 33 56 
AQUIIII!!22 54 55 5 53 10 17 19 31 27 24 18 23 56 21 44 
AQUIIII!!55 8 52 53 9 34 56 35 5 26 23 33 40 16 54 15 
AQUIIII!!7 47 17 18 55 22 21 27 10 19 44 31 23 54 6 AQUIIII!!53 5 
31 22 27 9 19 21 33 44 18 23 56 8 54 53 55 
AQUIIII!!33 56 5 40 35 53 9 34 23 52 26 15 16 8 55 54 
AQUIIII!!34 15 16 55 9 23 5 52 40 54 35 26 33 53 8 56 
AQUIIII!!31 5 21 16 27 33 32 56 19 9 23 54 24 55 53 8 
AQUIIII!!21 55 22 5 44 23 18 56 33 31 9 19 27 54 8 53 
AQUIIII!!17 6 18 10 55 21 44 27 22 23 31 19 47 54 53 7 
AQUIIII!!55 54 52 5 53 26 35 8 9 33 56 23 40 34 16 15 
AQUIIII!!55 54 52 5 53 26 35 8 9 33 56 23 40 34 16 15 
AQUIIII!!53 7 55 56 18 10 44 31 21 23 17 54 27 47 19 22 
AQUIIII!!23 8 52 9 16 40 33 32 5 26 27 21 56 53 55 54 
AQUIIII!!55 54 53 9 21 23 16 27 33 5 32 52 40 8 56 26 
AQUIIII!!8 54 55 27 56 9 52 5 32 16 26 53 21 33 23 40 
AQUIIII!!9 53 54 5 56 15 55 40 16 35 34 52 33 8 26 23 
AQUIIII!!55 23 53 54 19 17 31 47 56 18 21 44 27 10 22 7 
AQUIIII!!32 23 52 55 26 33 21 5 56 9 40 27 16 54 53 8 
AQUIIII!!7 55 54 10 53 21 19 31 18 6 23 22 17 44 27 47 
AQUIIII!!27 5 21 53 56 40 33 16 32 26 52 23 54 55 8 9 
AQUIIII!!9 35 55 54 56 8 26 52 5 33 15 16 0 34 23 40 
AQUIIII!!55 54 53 9 21 23 16 27 33 5 32 52 40 8 56 26 
AQUIIII!!53 54 8 32 23 40 27 21 55 33 56 5 16 52 9 26 
Number of Cuts in the second phase:1327
Number of repeat: 1283 
Violation: 8.000000
Violation: 784.000000
Violation: 782.000000
Violation: 709.000000
Violation: 845.000000
Violation: 738.000000
Violation: 310.000000
Violation: 1070.000000
Violation: 993.000000
Violation: 1371.000000
Violation: 119.000000
Violation: 730.000000
Violation: 488.000000
Violation: 300.000000
Violation: 641.000000
Violation: 171.000000
Violation: 648.000000
Violation: 594.000000
Violation: 652.000000
Violation: 531.000000
Violation: 221.000000
Violation: 347.000000
Violation: 677.000000
Violation: 168.000000
Violation: 1371.000000
Violation: 1068.000000
Violation: 1384.000000
Violation: 620.000000
Violation: 451.000000
Violation: 148.000000
Violation: 52.000000
Violation: 404.000000
Violation: 491.000000
Violation: 322.000000
Violation: 463.000000
Violation: 124.000000
Violation: 113.000000
Violation: 248.000000
Violation: 35.000000
Violation: 1806.000000
Violation: 60.000000
Violation: 1137.000000
Violation: 1165.000000
Violation: 455.000000
took 5.516767
Optimize a model with 913 rows, 906 columns and 12730 nonzeros
Coefficient statistics:
  Matrix range     [1e+00, 4e+01]
  Objective range  [0e+00, 0e+00]
  Bounds range     [1e+00, 4e+01]
  RHS range        [1e+00, 1e+02]
Presolve removed 660 rows and 110 columns
Presolve time: 0.00s
Presolved: 253 rows, 796 columns, 8502 nonzeros

Iteration    Objective       Primal Inf.    Dual Inf.      Time
       0    0.0000000e+00   4.408044e+01   0.000000e+00      0s
     127    0.0000000e+00   0.000000e+00   0.000000e+00      0s

Solved in 127 iterations and 0.01 seconds
Optimal objective  0.000000000e+00
