j3017_4.mm_s5.txt
Academic license - for non-commercial use only
Read LP format model from file lp/j3017_4.mm.lp
Reading time = 0.01 seconds
: 351 rows, 906 columns, 9053 nonzeros
OKGPU
nThreads: 1024 , nBlocks: 12 
Number cuts generated in the phase 1: 12
Number of repeat: 4 
violation 500.000000
violation 428.000000
violation 750.000000
violation 375.000000
violation 425.000000
violation 425.000000
violation 425.000000
violation 820.000000
8592 16
20 2 19 
46 18 22 19 34 6 33 47 2 48 AQUIIII!!19 45 37 13 49 46 49 45 33 16 
18 5 47 24 20 22 17 37 2 45 16 4 33 23 48 23 17 46 0 22 49 24 45 
20 34 17 31 19 
17 48 22 45 10 18 34 3 44 33 23 48 37 
20 22 18 10 24 47 AQUIIII!!49 46 AQUIIII!!49 0 
49 

4 34 10 34 33 23 25 2 0 10 2 13 1 37 23 1 4 22 13 33 3 37 5 AQUIIII!!47 48 49 22 
18 3 48 46 25 37 49 47 
20 AQUIIII!!34 49 23 33 45 23 19 22 48 48 2 10 13 25 5 22 3 4 0 AQUIIII!!AQUIIII!!10 33 49 49 25 
13 37 3 1 34 4 1 45 2 0 0 25 
33 47 22 AQUIIII!!10 47 49 34 AQUIIII!!10 19 48 49 25 33 46 37 37 45 23 17 2 22 37 46 48 17 0 23 46 23 22 22 34 16 13 18 23 19 1 20 
48 
34 47 47 20 24 18 33 24 48 37 45 33 16 AQUIIII!!34 
49 
10 22 46 34 23 3 13 25 0 47 33 48 2 37 1 
AQUIIII!!25 20 23 0 10 33 34 37 49 45 19 46 22 48 18 47 
AQUIIII!!23 13 33 AQUIIII!!0 13 34 34 1 AQUIIII!!48 45 18 46 47 0 23 48 20 33 46 3 10 2 47 45 37 22 48 22 10 10 37 1 25 47 2 49 25 23 
0 19 37 34 49 46 
22 33 25 49 
AQUIIII!!47 48 33 2 22 37 34 45 1 20 23 0 25 10 46 49 
AQUIIII!!22 33 46 19 AQUIIII!!AQUIIII!!23 33 49 18 10 37 34 24 6 19 34 24 22 47 17 2 AQUIIII!!22 49 45 13 AQUIIII!!47 46 4 34 18 10 49 19 3 48 34 48 48 25 37 22 0 20 45 33 23 10 24 34 45 37 33 13 0 46 18 17 3 20 1 20 10 37 49 31 17 49 
4 10 23 
25 5 47 37 23 

48 2 33 22 1 5 
AQUIIII!!49 23 24 37 19 47 33 20 46 22 48 17 AQUIIII!!34 49 45 23 18 33 16 1 
37 AQUIIII!!0 49 25 20 22 45 46 10 20 AQUIIII!!0 48 1 49 47 34 19 47 47 10 0 AQUIIII!!23 34 25 33 45 45 46 
2 44 37 33 24 48 45 17 25 22 20 22 37 10 19 46 34 
16 13 33 48 47 1 15 37 23 23 18 46 22 
19 34 
AQUIIII!!15 46 45 34 16 24 22 20 18 37 33 19 17 43 23 44 
AQUIIII!!41 11 21 8 27 14 40 43 32 26 12 42 39 15 9 44 
AQUIIII!!22 37 1 2 10 34 46 0 13 47 48 33 23 25 3 49 
AQUIIII!!49 47 48 0 34 2 4 22 25 37 33 3 AQUIIII!!23 1 20 10 13 19 
34 46 33 37 24 47 10 45 23 22 49 48 AQUIIII!!18 19 17 33 
47 34 48 22 10 45 25 0 1 20 23 46 37 49 
AQUIIII!!25 AQUIIII!!47 49 22 47 4 46 23 33 10 20 2 1 13 34 34 25 3 2 0 0 37 AQUIIII!!22 1 10 45 48 47 33 37 AQUIIII!!2 23 49 49 47 34 
10 48 46 0 48 34 2 
22 4 AQUIIII!!22 25 25 33 48 37 34 33 1 3 46 23 33 1 22 10 20 13 37 
0 16 37 45 45 24 23 47 49 18 
15 17 23 19 44 20 
AQUIIII!!48 10 1 2 34 47 AQUIIII!!45 33 20 48 22 22 23 45 33 23 AQUIIII!!0 20 AQUIIII!!19 47 37 37 48 19 22 25 34 1 23 17 46 47 20 10 49 1 37 34 
34 33 0 18 13 46 47 33 AQUIIII!!37 15 46 49 24 0 25 22 22 3 49 19 25 23 48 
AQUIIII!!34 46 10 47 20 16 25 AQUIIII!!0 46 45 2 48 37 
49 25 37 2 
20 1 33 34 AQUIIII!!0 23 1 46 23 47 45 3 1 33 10 13 1 48 13 4 
37 22 5 23 3 AQUIIII!!48 2 10 19 22 10 48 24 10 45 20 33 23 37 22 46 0 17 34 25 34 18 49 33 37 48 49 
33 0 
47 2 34 47 46 25 45 AQUIIII!!49 22 4 
23 33 16 1 49 
13 0 37 AQUIIII!!49 10 17 34 33 48 34 23 22 22 46 3 10 25 37 47 20 2 48 49 24 
45 19 47 18 23 
AQUIIII!!49 1 48 23 AQUIIII!!13 49 33 34 22 5 10 4 25 23 37 37 46 25 0 10 47 2 3 22 2 13 34 0 
33 3 48 1 
AQUIIII!!47 49 46 37 2 33 10 48 25 34 1 20 45 23 22 0 
AQUIIII!!5 3 2 48 0 10 37 22 34 13 4 33 25 23 1 49 
AQUIIII!!49 2 46 13 AQUIIII!!22 48 49 23 34 1 1 10 0 45 5 47 25 34 4 0 2 25 3 37 13 33 10 
23 33 22 37 48 
AQUIIII!!10 33 47 48 34 22 45 18 37 20 25 0 23 46 49 19 
AQUIIII!!37 20 22 47 33 AQUIIII!!48 47 1 34 2 16 3 24 25 17 13 45 48 23 37 18 4 46 33 19 10 49 0 34 
22 23 49 
AQUIIII!!AQUIIII!!49 49 16 0 48 24 10 45 34 20 22 18 3 34 1 47 48 37 AQUIIII!!25 33 49 13 22 33 23 19 0 46 37 5 2 23 37 17 46 4 33 
34 47 22 
1 48 3 13 25 23 2 10 
AQUIIII!!AQUIIII!!25 19 23 49 24 34 20 13 16 46 0 33 17 1 18 48 48 47 3 34 AQUIIII!!45 22 23 48 37 37 23 22 10 
25 5 22 2 45 33 18 4 34 49 37 
20 33 AQUIIII!!46 0 19 46 47 10 18 0 48 49 19 
20 34 25 23 45 37 10 22 33 47 49 
AQUIIII!!13 48 23 33 1 10 46 AQUIIII!!47 47 37 23 34 3 3 22 22 25 0 1 25 0 2 33 49 13 
2 48 4 34 37 10 49 AQUIIII!!
20 18 45 19 22 34 46 37 10 0 33 25 23 48 47 49 
AQUIIII!!49 4 2 37 34 1 3 23 0 33 22 47 25 10 13 48 
AQUIIII!!18 19 43 34 20 24 37 17 15 33 16 22 AQUIIII!!46 17 23 22 44 33 45 23 
45 19 48 47 46 34 10 18 37 20 24 49 
AQUIIII!!19 33 46 45 24 23 10 34 37 18 49 AQUIIII!!20 34 48 18 17 22 46 47 37 
19 22 17 45 47 20 24 16 48 23 33 49 
AQUIIII!!49 10 1 2 0 34 22 45 47 48 37 23 46 25 20 33 
AQUIIII!!AQUIIII!!20 10 49 AQUIIII!!23 48 0 46 47 25 37 0 46 10 33 1 23 22 37 45 45 5 25 48 0 22 19 34 23 34 2 10 33 AQUIIII!!48 22 47 24 
46 25 34 47 1 18 18 20 4 37 22 33 AQUIIII!!10 49 37 13 1 19 45 3 22 34 20 48 49 33 
23 
17 23 19 48 33 49 34 
10 20 0 25 37 45 47 19 46 49 
AQUIIII!!18 20 48 22 47 37 45 23 19 34 33 10 46 17 AQUIIII!!24 49 49 33 
23 18 37 48 45 22 34 25 10 46 0 20 19 47 
AQUIIII!!49 25 46 22 37 33 47 0 2 34 23 13 1 48 10 3 
AQUIIII!!19 37 45 22 17 34 16 20 48 18 33 23 24 47 49 46 
AQUIIII!!19 AQUIIII!!37 49 45 17 22 45 17 24 34 16 18 20 10 48 23 18 47 33 20 23 37 24 34 47 33 49 46 22 
48 46 19 
AQUIIII!!25 0 20 37 45 34 1 19 46 10 22 47 23 48 33 49 
AQUIIII!!47 48 49 20 25 37 0 22 45 34 10 46 AQUIIII!!33 23 23 1 34 19 37 
10 1 33 47 19 48 25 22 0 45 46 20 49 
AQUIIII!!23 34 AQUIIII!!37 37 10 23 1 20 33 46 47 16 19 24 48 47 25 33 22 34 0 45 45 17 46 18 20 19 49 48 
22 49 
AQUIIII!!49 34 10 2 0 33 37 23 45 22 25 47 48 13 46 1 
AQUIIII!!33 22 16 45 17 34 37 AQUIIII!!18 49 19 19 47 17 46 45 23 23 24 24 20 33 48 18 48 49 37 
47 22 20 46 10 34 
AQUIIII!!44 9 39 16 43 12 27 14 32 33 11 41 42 AQUIIII!!15 AQUIIII!!21 37 47 34 0 
33 22 17 20 46 23 37 19 45 48 25 24 18 22 46 16 48 19 47 23 33 10 20 34 34 49 45 
18 49 
AQUIIII!!46 25 1 13 22 10 48 2 0 34 3 23 AQUIIII!!47 49 33 37 0 49 22 
33 AQUIIII!!46 33 13 23 23 25 2 10 48 34 25 3 47 0 34 46 10 1 37 48 1 37 47 22 
45 20 19 49 
AQUIIII!!33 23 25 10 34 47 0 46 1 48 37 22 45 20 19 49 
AQUIIII!!20 49 1 47 48 25 45 33 10 22 2 46 34 37 0 23 
AQUIIII!!46 47 48 49 45 25 33 1 37 20 0 10 23 34 22 2 
AQUIIII!!47 49 48 34 10 22 45 23 37 19 25 1 0 20 46 33 
AQUIIII!!49 0 34 48 25 18 47 37 10 20 22 45 33 46 23 19 
AQUIIII!!13 46 23 48 3 10 47 1 0 25 22 37 33 2 34 49 
AQUIIII!!49 25 20 19 48 22 23 46 AQUIIII!!0 22 33 20 34 0 45 19 10 47 1 37 37 10 47 34 
33 48 45 46 25 23 1 49 
AQUIIII!!10 33 0 37 5 2 1 13 4 25 31 34 22 3 6 49 
AQUIIII!!48 46 33 19 10 23 1 0 20 AQUIIII!!37 0 34 22 37 34 22 25 2 1 47 AQUIIII!!25 19 45 4 46 13 49 43 23 
20 33 17 3 24 5 37 48 22 10 18 49 23 
34 16 15 33 45 44 
AQUIIII!!49 3 2 25 0 23 47 13 10 22 34 48 33 1 46 37 
AQUIIII!!10 5 3 13 33 37 25 1 48 AQUIIII!!22 2 23 47 2 10 0 4 4 13 23 34 34 49 25 
37 1 0 33 AQUIIII!!3 49 AQUIIII!!22 48 10 48 23 49 34 37 34 
23 47 37 25 47 2 33 33 4 0 22 46 3 19 0 45 13 1 22 10 1 
48 25 20 49 
AQUIIII!!49 3 25 13 2 4 0 34 33 10 1 37 23 5 48 22 
AQUIIII!!46 33 1 20 45 48 2 22 23 47 37 10 25 34 0 49 
AQUIIII!!22 10 0 37 20 1 46 19 23 25 34 33 45 49 47 48 
AQUIIII!!22 10 0 AQUIIII!!37 47 20 37 22 1 19 46 33 16 19 45 23 24 46 25 20 34 23 48 33 17 45 18 34 49 49 47 
48 
AQUIIII!!4 25 0 3 13 37 34 AQUIIII!!10 49 33 1 2 2 1 37 AQUIIII!!48 10 25 25 34 23 23 0 34 22 22 37 23 33 13 33 49 3 20 4 5 18 10 22 47 49 0 48 19 AQUIIII!!

48 AQUIIII!!45 37 46 33 33 47 
46 2 15 34 22 48 18 1 34 3 17 4 24 23 19 25 37 16 22 23 47 43 13 20 10 44 0 45 
49 
AQUIIII!!20 37 24 47 18 23 34 22 19 17 46 33 48 45 16 AQUIIII!!49 49 
47 0 25 10 46 22 33 20 18 37 19 34 45 23 48 
AQUIIII!!25 33 22 2 13 1 23 47 48 3 34 10 46 37 0 49 
AQUIIII!!49 17 20 47 34 33 37 48 45 46 19 23 18 24 22 16 
AQUIIII!!45 24 47 18 20 33 48 22 34 17 10 19 23 37 46 49 
AQUIIII!!49 2 37 25 10 23 48 22 13 47 46 0 45 34 1 33 
AQUIIII!!47 34 25 48 33 0 19 22 18 23 37 10 46 45 20 49 
AQUIIII!!25 10 19 22 0 45 33 34 20 47 48 37 46 18 23 49 
AQUIIII!!49 19 37 33 48 25 34 20 18 0 22 46 10 23 45 47 
AQUIIII!!AQUIIII!!33 25 47 22 24 23 20 2 23 1 22 48 17 0 10 33 19 47 46 10 48 34 18 20 45 34 45 37 46 49 37 
49 
AQUIIII!!34 10 46 20 45 0 25 23 22 47 18 48 33 19 37 49 
AQUIIII!!47 46 48 22 34 23 19 24 49 37 10 20 18 45 33 17 
AQUIIII!!22 37 33 13 10 46 34 48 23 2 0 1 25 47 3 49 
AQUIIII!!49 3 23 46 13 33 22 25 47 48 1 2 0 37 10 34 
AQUIIII!!45 1 37 34 10 47 0 33 22 48 25 23 2 46 13 49 
AQUIIII!!25 23 48 37 0 20 46 10 34 19 33 18 45 47 22 49 
AQUIIII!!12 40 42 27 21 26 9 15 32 39 11 14 41 44 43 8 
AQUIIII!!49 23 34 1 37 20 33 47 0 48 2 10 45 46 25 22 
AQUIIII!!49 3 33 0 2 4 34 31 37 6 13 5 25 22 10 AQUIIII!!1 49 13 
4 22 34 0 48 3 37 33 47 2 23 1 25 10 
AQUIIII!!49 48 13 1 33 45 10 22 34 37 25 47 23 2 46 0 
AQUIIII!!37 23 48 16 46 24 22 19 33 20 34 18 47 45 AQUIIII!!17 49 49 45 
34 48 10 46 37 18 17 22 33 47 19 23 24 20 
AQUIIII!!33 24 34 17 22 16 46 47 20 19 18 23 48 45 37 49 
AQUIIII!!49 37 34 1 3 48 23 13 47 10 25 33 22 46 2 0 
AQUIIII!!AQUIIII!!26 0 11 33 14 37 8 4 41 13 43 10 12 5 39 34 32 2 27 1 42 31 7 25 40 22 21 3 44 6 9 49 

AQUIIII!!33 20 22 19 43 16 17 18 24 23 15 42 32 34 45 44 
AQUIIII!!49 47 1 48 22 23 46 33 3 0 37 25 2 10 34 13 
AQUIIII!!49 13 33 48 23 47 4 AQUIIII!!37 49 10 19 2 10 3 47 34 0 25 48 22 46 0 34 1 25 20 
45 18 23 33 37 22 
AQUIIII!!49 33 6 3 37 22 25 2 1 13 10 4 5 31 0 34 
AQUIIII!!49 46 25 10 34 23 2 45 48 13 33 0 1 47 22 37 
AQUIIII!!18 10 34 45 33 22 46 19 47 20 23 37 48 24 17 49 
AQUIIII!!25 3 10 33 47 48 37 34 22 46 23 2 1 13 0 49 
AQUIIII!!49 3 4 34 33 2 0 1 47 22 25 23 37 10 13 48 
AQUIIII!!23 15 24 22 17 34 37 46 19 33 43 16 20 18 45 44 
AQUIIII!!46 20 47 1 23 33 48 45 25 10 34 19 0 22 37 49 
AQUIIII!!49 46 47 33 10 37 3 23 25 13 0 1 2 22 34 48 
AQUIIII!!49 0 48 37 13 AQUIIII!!3 25 22 23 25 47 2 10 33 18 10 0 34 45 47 33 1 34 23 19 46 22 
48 46 20 37 49 
AQUIIII!!49 46 2 34 45 48 1 47 33 13 37 10 22 23 25 0 
AQUIIII!!49 33 48 5 0 23 13 4 34 25 1 37 10 2 22 3 
AQUIIII!!33 4 6 AQUIIII!!37 49 10 20 34 31 46 1 23 13 37 AQUIIII!!0 48 25 49 22 33 25 3 18 13 2 19 0 5 16 49 37 
34 4 45 33 47 1 17 6 AQUIIII!!49 22 34 19 24 10 10 
47 2 0 3 48 22 46 34 5 25 31 20 
45 18 23 33 37 22 
AQUIIII!!49 33 34 10 25 37 46 45 20 22 18 19 0 47 23 48 
AQUIIII!!23 0 2 10 34 37 22 AQUIIII!!48 19 46 49 13 22 16 1 18 3 46 25 23 47 17 33 33 49 45 
34 37 48 47 20 24 
AQUIIII!!49 20 25 45 23 47 33 1 48 10 0 46 37 22 2 34 
AQUIIII!!9 44 39 32 14 41 43 16 42 27 12 33 21 15 11 34 
AQUIIII!!20 37 22 18 19 24 48 46 23 17 33 34 47 10 45 49 
AQUIIII!!49 17 22 46 34 48 37 45 24 33 20 47 23 19 16 18 
AQUIIII!!19 20 48 24 34 22 17 33 16 47 46 45 AQUIIII!!23 10 37 34 18 22 49 23 
24 47 46 19 20 45 37 33 18 17 48 49 
AQUIIII!!4 37 34 5 AQUIIII!!10 10 25 34 13 22 33 23 23 24 3 47 2 48 46 22 19 0 20 1 45 49 37 
33 18 17 48 AQUIIII!!49 49 
17 10 22 48 23 18 19 AQUIIII!!46 49 13 20 10 45 25 33 1 33 37 3 47 47 24 2 0 34 4 
48 34 22 37 23 
AQUIIII!!15 46 45 19 37 34 17 33 22 48 23 16 24 47 20 18 
AQUIIII!!45 18 48 23 22 37 16 19 34 17 24 47 33 20 46 15 
AQUIIII!!20 1 48 0 22 10 33 37 2 34 25 47 46 45 23 49 
AQUIIII!!25 0 13 AQUIIII!!45 46 46 17 37 10 33 22 2 18 24 23 23 1 48 48 20 47 22 33 34 34 19 37 AQUIIII!!10 49 AQUIIII!!47 20 
49 45 22 47 49 24 23 
16 33 47 1 17 25 23 37 33 45 34 48 46 0 48 19 19 46 45 34 37 10 18 20 49 22 

AQUIIII!!19 24 33 34 22 32 AQUIIII!!43 49 22 42 13 23 23 48 20 3 4 17 1 18 25 33 15 0 16 37 34 44 10 45 47 2 

AQUIIII!!18 17 46 22 45 10 37 47 34 20 33 48 23 24 19 49 
AQUIIII!!18 17 46 22 45 10 37 47 34 20 33 48 23 24 19 49 
AQUIIII!!49 3 33 47 22 23 48 37 1 0 13 2 34 10 4 25 
AQUIIII!!49 0 19 22 37 1 33 48 45 25 23 10 47 34 20 46 
AQUIIII!!34 1 48 46 23 0 25 22 2 33 10 20 45 37 47 49 
AQUIIII!!23 37 17 10 46 45 20 22 33 48 18 34 47 19 24 49 
AQUIIII!!49 37 0 1 2 45 47 33 10 23 25 48 22 46 34 20 AQUIIII!!
49 47 48 23 33 25 37 22 13 1 10 34 2 45 0 46 
AQUIIII!!31 0 3 33 37 10 34 25 5 4 2 1 6 13 22 49 
AQUIIII!!49 46 2 0 10 34 3 22 23 37 48 25 13 47 33 1 
AQUIIII!!17 47 45 15 34 44 46 24 19 20 16 23 33 18 37 22 
AQUIIII!!49 0 46 10 2 22 33 34 37 1 48 13 45 23 25 47 
AQUIIII!!AQUIIII!!24 3 45 1 34 25 48 10 37 34 20 0 17 23 10 33 18 37 19 47 22 48 33 13 23 2 46 4 47 22 49 49 

AQUIIII!!22 33 17 18 16 23 34 20 24 37 47 45 19 46 48 49 
AQUIIII!!17 20 16 23 19 48 18 46 22 34 47 24 45 37 33 49 
AQUIIII!!49 10 0 23 2 4 22 48 34 25 1 13 3 5 37 33 
AQUIIII!!2 23 3 22 25 48 0 4 5 1 13 37 10 33 34 49 
AQUIIII!!47 49 45 46 2 10 37 33 48 34 1 22 23 20 25 0 
AQUIIII!!37 34 AQUIIII!!20 17 23 18 46 19 24 17 15 18 16 32 22 33 47 33 45 44 
24 43 42 23 34 22 16 20 19 15 45 44 
AQUIIII!!48 49 17 47 20 23 18 37 24 45 10 19 33 22 34 46 
AQUIIII!!20 49 2 22 37 23 48 25 34 47 0 33 10 45 46 1 
AQUIIII!!49 48 37 10 34 47 45 1 33 25 46 23 0 22 20 2 
AQUIIII!!49 23 10 19 47 0 45 33 37 25 34 22 20 48 18 46 
AQUIIII!!49 23 20 34 47 25 48 37 10 45 46 0 33 19 18 22 
AQUIIII!!17 24 34 16 37 19 18 23 33 46 22 20 15 45 47 44 
AQUIIII!!19 18 47 48 22 23 17 45 33 46 20 37 24 16 34 49 
AQUIIII!!0 33 5 25 48 22 2 1 4 13 3 23 34 10 37 49 
AQUIIII!!25 13 1 33 0 22 34 10 5 6 2 31 3 37 4 49 
Number of Cuts in the second phase:4096
Number of repeat: 3681 
Violation: 710.000000
Violation: 750.000000
Violation: 1106.000000
Violation: 642.000000
Violation: 749.000000
Violation: 125.000000
Violation: 285.000000
Violation: 285.000000
Violation: 774.000000
Violation: 420.000000
Violation: 500.000000
Violation: 712.000000
Violation: 464.000000
Violation: 375.000000
Violation: 710.000000
Violation: 750.000000
Violation: 705.000000
Violation: 464.000000
Violation: 500.000000
Violation: 284.000000
Violation: 375.000000
Violation: 570.000000
Violation: 284.000000
Violation: 625.000000
Violation: 285.000000
Violation: 428.000000
Violation: 1207.000000
Violation: 250.000000
Violation: 318.000000
Violation: 246.000000
Violation: 500.000000
Violation: 371.000000
Violation: 499.000000
Violation: 375.000000
Violation: 808.000000
Violation: 375.000000
Violation: 570.000000
Violation: 570.000000
Violation: 140.000000
Violation: 625.000000
Violation: 655.000000
Violation: 1420.000000
Violation: 140.000000
Violation: 280.000000
Violation: 246.000000
Violation: 616.000000
Violation: 928.000000
Violation: 55.000000
Violation: 68.000000
Violation: 285.000000
Violation: 790.000000
Violation: 852.000000
Violation: 140.000000
Violation: 195.000000
Violation: 837.000000
Violation: 710.000000
Violation: 881.000000
Violation: 940.000000
Violation: 140.000000
Violation: 106.000000
Violation: 125.000000
Violation: 284.000000
Violation: 375.000000
Violation: 750.000000
Violation: 125.000000
Violation: 956.000000
Violation: 375.000000
Violation: 140.000000
Violation: 140.000000
Violation: 178.000000
Violation: 1000.000000
Violation: 34.000000
Violation: 102.000000
Violation: 133.000000
Violation: 1102.000000
Violation: 1015.000000
Violation: 275.000000
Violation: 375.000000
Violation: 30.000000
Violation: 140.000000
Violation: 315.000000
Violation: 375.000000
Violation: 125.000000
Violation: 605.000000
Violation: 365.000000
Violation: 1106.000000
Violation: 125.000000
Violation: 140.000000
Violation: 420.000000
Violation: 1096.000000
Violation: 1104.000000
Violation: 375.000000
Violation: 133.000000
Violation: 676.000000
Violation: 140.000000
Violation: 700.000000
Violation: 570.000000
Violation: 510.000000
Violation: 525.000000
Violation: 140.000000
Violation: 705.000000
Violation: 710.000000
Violation: 710.000000
Violation: 680.000000
Violation: 88.000000
Violation: 280.000000
Violation: 140.000000
Violation: 565.000000
Violation: 1212.000000
Violation: 782.000000
Violation: 1315.000000
Violation: 68.000000
Violation: 749.000000
Violation: 289.000000
Violation: 477.000000
Violation: 178.000000
Violation: 280.000000
Violation: 425.000000
Violation: 81.000000
Violation: 424.000000
Violation: 749.000000
Violation: 125.000000
Violation: 420.000000
Violation: 460.000000
Violation: 1125.000000
Violation: 565.000000
Violation: 214.000000
Violation: 638.000000
Violation: 178.000000
Violation: 658.000000
Violation: 128.000000
Violation: 140.000000
Violation: 246.000000
Violation: 140.000000
Violation: 659.000000
Violation: 570.000000
Violation: 285.000000
Violation: 424.000000
Violation: 68.000000
Violation: 547.000000
Violation: 710.000000
Violation: 771.000000
Violation: 620.000000
Violation: 338.000000
Violation: 479.000000
Violation: 772.000000
Violation: 500.000000
Violation: 125.000000
Violation: 172.000000
Violation: 52.000000
Violation: 140.000000
Violation: 560.000000
Violation: 1352.000000
Violation: 225.000000
Violation: 225.000000
Violation: 420.000000
Violation: 140.000000
Violation: 140.000000
Violation: 560.000000
Violation: 1346.000000
Violation: 667.000000
Violation: 565.000000
Violation: 283.000000
Violation: 225.000000
Violation: 152.000000
Violation: 140.000000
Violation: 375.000000
Violation: 500.000000
Violation: 500.000000
Violation: 375.000000
Violation: 140.000000
Violation: 231.000000
Violation: 565.000000
Violation: 1172.000000
Violation: 280.000000
Violation: 1375.000000
Violation: 338.000000
Violation: 881.000000
Violation: 280.000000
Violation: 526.000000
Violation: 926.000000
Violation: 318.000000
Violation: 625.000000
Violation: 49.000000
Violation: 375.000000
Violation: 813.000000
Violation: 1352.000000
Violation: 60.000000
Violation: 67.000000
Violation: 1000.000000
Violation: 659.000000
Violation: 385.000000
Violation: 1386.000000
Violation: 106.000000
Violation: 117.000000
Violation: 570.000000
Violation: 766.000000
Violation: 818.000000
Violation: 375.000000
Violation: 280.000000
Violation: 794.000000
Violation: 555.000000
Violation: 570.000000
Violation: 386.000000
Violation: 420.000000
Violation: 451.000000
Violation: 1022.000000
Violation: 385.000000
Violation: 1030.000000
Violation: 280.000000
Violation: 420.000000
Violation: 640.000000
Violation: 481.000000
Violation: 62.000000
Violation: 315.000000
Violation: 565.000000
Violation: 998.000000
Violation: 727.000000
Violation: 375.000000
Violation: 356.000000
Violation: 351.000000
Violation: 943.000000
Violation: 385.000000
Violation: 456.000000
Violation: 1125.000000
Violation: 935.000000
Violation: 425.000000
Violation: 35.000000
Violation: 499.000000
Violation: 370.000000
Violation: 708.000000
Violation: 285.000000
Violation: 386.000000
Violation: 130.000000
Violation: 375.000000
Violation: 500.000000
Violation: 280.000000
Violation: 140.000000
Violation: 386.000000
Violation: 106.000000
Violation: 727.000000
Violation: 497.000000
Violation: 1386.000000
Violation: 420.000000
Violation: 568.000000
Violation: 375.000000
Violation: 341.000000
Violation: 820.000000
Violation: 386.000000
Violation: 80.000000
Violation: 462.000000
Violation: 231.000000
Violation: 570.000000
Violation: 515.000000
Violation: 525.000000
Violation: 265.000000
Violation: 69.000000
Violation: 497.000000
Violation: 140.000000
Violation: 386.000000
Violation: 530.000000
Violation: 106.000000
Violation: 350.000000
Violation: 774.000000
Violation: 655.000000
Violation: 68.000000
Violation: 385.000000
Violation: 140.000000
Violation: 250.000000
Violation: 625.000000
Violation: 492.000000
Violation: 526.000000
Violation: 175.000000
Violation: 351.000000
Violation: 500.000000
Violation: 246.000000
Violation: 26.000000
Violation: 140.000000
Violation: 420.000000
Violation: 657.000000
Violation: 375.000000
Violation: 370.000000
Violation: 497.000000
Violation: 710.000000
Violation: 1000.000000
Violation: 745.000000
Violation: 497.000000
Violation: 1777.000000
Violation: 139.000000
Violation: 11.000000
Violation: 125.000000
Violation: 560.000000
Violation: 560.000000
Violation: 510.000000
Violation: 140.000000
Violation: 280.000000
Violation: 280.000000
Violation: 75.000000
Violation: 848.000000
Violation: 344.000000
Violation: 700.000000
Violation: 250.000000
Violation: 808.000000
Violation: 250.000000
Violation: 703.000000
Violation: 515.000000
Violation: 351.000000
Violation: 565.000000
Violation: 750.000000
Violation: 225.000000
Violation: 374.000000
Violation: 246.000000
Violation: 642.000000
Violation: 497.000000
Violation: 265.000000
Violation: 68.000000
Violation: 922.000000
Violation: 700.000000
Violation: 212.000000
Violation: 415.000000
Violation: 1030.000000
Violation: 140.000000
Violation: 33.000000
Violation: 351.000000
Violation: 352.000000
Violation: 515.000000
Violation: 845.000000
Violation: 1102.000000
Violation: 1125.000000
Violation: 166.000000
Violation: 563.000000
Violation: 487.000000
Violation: 140.000000
Violation: 55.000000
Violation: 515.000000
Violation: 780.000000
Violation: 745.000000
Violation: 375.000000
Violation: 125.000000
Violation: 353.000000
Violation: 655.000000
Violation: 32.000000
Violation: 570.000000
Violation: 375.000000
Violation: 530.000000
Violation: 455.000000
Violation: 848.000000
Violation: 38.000000
Violation: 386.000000
Violation: 140.000000
Violation: 487.000000
Violation: 280.000000
Violation: 630.000000
Violation: 41.000000
Violation: 655.000000
Violation: 458.000000
Violation: 745.000000
Violation: 386.000000
Violation: 120.000000
Violation: 88.000000
Violation: 1250.000000
Violation: 133.000000
Violation: 703.000000
Violation: 133.000000
Violation: 636.000000
Violation: 370.000000
Violation: 559.000000
Violation: 602.000000
Violation: 492.000000
Violation: 875.000000
Violation: 705.000000
Violation: 990.000000
Violation: 630.000000
Violation: 250.000000
Violation: 278.000000
Violation: 117.000000
Violation: 34.000000
Violation: 811.000000
Violation: 140.000000
Violation: 140.000000
Violation: 655.000000
Violation: 425.000000
Violation: 85.000000
Violation: 370.000000
Violation: 951.000000
Violation: 486.000000
Violation: 53.000000
Violation: 420.000000
Violation: 170.000000
Violation: 495.000000
Violation: 1030.000000
Violation: 625.000000
Violation: 140.000000
Violation: 104.000000
Violation: 30.000000
Violation: 241.000000
Violation: 1202.000000
Violation: 457.000000
Violation: 780.000000
Violation: 497.000000
Violation: 705.000000
Violation: 1087.000000
Violation: 806.000000
Violation: 425.000000
Violation: 425.000000
Violation: 333.000000
Violation: 701.000000
Violation: 1120.000000
Violation: 568.000000
Violation: 1102.000000
Violation: 318.000000
Violation: 1.000000
Violation: 560.000000
Violation: 244.000000
Violation: 115.000000
8592 16
AQUIIII!!49 47 34 18 20 48 25 0 33 19 45 46 10 23 22 37 
AQUIIII!!48 1 0 23 AQUIIII!!22 1 19 48 47 22 45 33 20 37 25 23 37 0 34 45 46 47 10 25 33 10 49 19 
20 46 34 49 
AQUIIII!!2 23 22 20 25 37 10 0 45 1 33 34 49 46 48 47 
AQUIIII!!24 48 45 AQUIIII!!18 25 23 33 33 34 46 5 37 10 47 23 17 48 34 22 10 3 4 22 0 20 37 49 13 19 2 
1 49 
AQUIIII!!24 34 22 18 46 37 47 23 19 17 20 45 16 33 48 49 
AQUIIII!!20 23 19 45 34 17 18 24 10 33 22 37 47 49 48 46 
AQUIIII!!20 23 19 AQUIIII!!45 0 34 37 17 1 18 48 24 13 10 3 33 25 22 22 37 34 47 2 49 23 48 46 46 47 
10 33 49 
AQUIIII!!46 34 10 22 25 2 37 1 3 33 48 0 47 23 13 49 
AQUIIII!!37 24 18 16 33 48 46 20 34 23 17 47 45 19 22 49 
AQUIIII!!46 37 20 23 33 25 47 45 10 19 48 22 1 AQUIIII!!0 10 34 37 AQUIIII!!49 20 49 
46 AQUIIII!!1 24 23 10 33 34 45 46 23 48 25 48 17 45 2 47 0 47 34 46 2 22 33 1 23 37 37 18 25 33 34 45 0 20 49 10 22 19 22 47 AQUIIII!!
13 
49 48 48 17 49 23 
24 20 18 16 47 33 46 19 45 34 AQUIIII!!22 49 37 10 
20 48 19 47 23 AQUIIII!!22 34 49 AQUIIII!!24 0 49 18 47 0 17 1 45 48 23 37 2 33 13 25 2 46 4 34 
33 45 22 AQUIIII!!25 34 22 13 24 33 3 37 18 23 48 10 10 17 1 46 47 19 
37 
22 45 34 47 46 10 33 23 48 37 49 20 
AQUIIII!!49 2 23 AQUIIII!!3 49 4 2 1 37 5 33 33 10 37 1 13 AQUIIII!!4 10 49 22 25 34 23 0 37 25 22 25 5 48 47 13 34 48 2 
45 34 3 10 0 23 
22 46 1 AQUIIII!!0 48 49 33 5 34 20 
22 0 4 25 2 37 6 3 13 1 10 31 33 
AQUIIII!!AQUIIII!!37 48 33 47 20 10 19 48 46 25 18 47 20 10 22 0 23 23 34 46 45 18 34 49 37 19 45 
33 22 17 24 49 
AQUIIII!!37 43 16 15 18 20 17 24 22 46 33 23 34 19 44 45 
AQUIIII!!49 10 37 46 45 34 AQUIIII!!23 46 16 25 45 33 43 22 37 34 0 19 47 17 24 48 20 1 23 22 20 44 19 33 
18 15 
AQUIIII!!10 34 13 46 AQUIIII!!45 23 47 10 25 22 2 5 37 13 23 34 22 3 1 4 0 33 48 2 33 0 49 48 
1 25 37 49 
AQUIIII!!45 46 0 1 37 48 22 19 AQUIIII!!33 49 19 47 20 23 47 20 37 34 34 25 48 10 23 49 46 
45 AQUIIII!!24 49 22 16 18 34 16 24 17 33 33 48 
17 45 18 19 20 46 37 22 23 47 
AQUIIII!!49 25 1 48 37 13 0 3 4 2 10 22 47 33 23 34 
AQUIIII!!45 49 20 19 48 10 34 0 22 37 33 47 23 18 46 25 
AQUIIII!!46 48 47 22 33 37 19 23 10 1 34 25 0 45 20 49 
AQUIIII!!49 48 20 18 37 47 45 33 34 22 46 19 24 17 23 10 
AQUIIII!!48 49 46 13 0 22 45 10 2 1 23 37 33 47 25 34 
AQUIIII!!22 47 33 48 AQUIIII!!49 37 18 23 22 33 19 20 34 45 0 34 16 46 47 10 24 25 46 20 17 37 45 48 18 19 49 23 

AQUIIII!!45 48 AQUIIII!!46 23 34 18 25 34 33 19 13 10 2 47 33 20 22 22 10 23 37 0 45 25 48 AQUIIII!!37 1 34 0 49 10 47 
45 49 47 46 25 
23 37 33 22 19 18 48 0 20 AQUIIII!!46 49 49 AQUIIII!!46 5 48 
1 0 33 33 2 13 13 22 3 10 23 45 37 47 23 25 4 10 48 0 34 37 34 25 
2 1 22 49 
AQUIIII!!10 23 20 45 0 46 47 2 1 48 37 AQUIIII!!33 23 25 10 34 48 22 3 49 4 
1 25 2 0 33 47 37 22 13 34 49 
AQUIIII!!49 22 10 1 0 4 37 48 33 47 AQUIIII!!25 37 13 3 23 10 3 5 2 23 1 34 
33 2 13 48 0 4 34 22 25 49 
AQUIIII!!34 20 33 48 19 10 18 45 22 37 17 24 23 47 49 46 
AQUIIII!!33 48 0 AQUIIII!!47 13 37 0 1 47 13 4 23 2 10 10 3 25 2 34 25 45 48 22 46 1 23 33 22 37 34 49 49 

AQUIIII!!49 25 45 33 37 22 20 10 48 0 47 1 46 23 19 34 
AQUIIII!!49 10 22 45 25 46 47 34 23 33 0 48 37 19 20 18 
AQUIIII!!49 1 3 10 46 25 34 23 22 37 48 2 47 0 33 13 
AQUIIII!!10 45 0 46 AQUIIII!!25 49 47 23 23 10 33 33 13 48 1 34 18 48 17 22 22 2 24 37 37 49 
34 47 19 45 46 20 
AQUIIII!!25 0 33 37 23 34 22 19 49 18 20 10 45 48 47 46 
AQUIIII!!43 23 16 34 24 19 22 33 46 15 37 18 17 20 AQUIIII!!44 34 45 25 
18 48 20 23 22 46 45 37 19 47 33 10 0 49 
AQUIIII!!49 0 10 37 22 4 2 6 3 5 13 31 1 25 34 33 
AQUIIII!!49 33 10 13 48 47 25 37 22 34 2 1 4 23 0 3 
AQUIIII!!49 47 33 10 34 45 19 20 23 17 22 24 37 48 AQUIIII!!18 49 46 2 
37 10 48 22 34 46 AQUIIII!!25 49 48 20 23 45 33 1 4 47 10 0 1 33 25 23 13 
5 22 0 3 37 2 34 
AQUIIII!!49 34 46 22 1 37 0 45 AQUIIII!!49 19 37 10 22 20 25 13 25 48 48 46 2 33 10 23 33 47 34 1 
23 47 0 45 
AQUIIII!!49 0 1 37 13 10 33 6 34 2 5 31 4 25 3 22 
AQUIIII!!34 33 18 19 46 22 10 24 37 20 45 23 48 47 17 49 
AQUIIII!!34 33 18 AQUIIII!!19 49 46 10 22 46 10 48 24 34 37 20 20 0 45 25 23 23 48 47 47 17 22 49 33 
45 1 AQUIIII!!37 47 25 2 45 
18 0 19 22 23 33 46 34 20 AQUIIII!!48 49 37 25 10 4 34 49 48 
33 5 3 23 13 10 2 37 22 0 1 
AQUIIII!!24 20 34 23 37 33 49 22 19 45 17 46 18 47 48 16 
AQUIIII!!22 2 48 13 3 33 25 37 34 4 23 0 10 5 1 49 
AQUIIII!!19 47 24 46 34 37 17 33 23 49 10 22 20 45 18 48 
AQUIIII!!33 23 1 10 34 20 37 45 0 AQUIIII!!47 19 33 25 37 19 45 22 22 49 24 48 18 46 16 
17 34 23 46 47 48 20 49 
AQUIIII!!45 44 22 15 20 17 16 24 18 19 46 37 34 33 23 43 
AQUIIII!!49 23 1 34 2 3 10 48 4 47 25 22 37 33 0 13 
AQUIIII!!49 13 48 33 47 37 4 22 1 23 2 25 34 3 10 0 
AQUIIII!!49 22 25 20 37 47 0 19 45 10 48 34 46 23 1 33 
AQUIIII!!24 46 48 47 18 17 23 10 34 37 19 33 22 49 45 20 
AQUIIII!!49 33 20 10 46 47 48 AQUIIII!!17 45 24 22 20 24 37 34 19 34 23 23 37 18 
33 49 22 19 45 17 46 18 47 48 16 
AQUIIII!!1 13 AQUIIII!!AQUIIII!!3 24 49 10 22 34 47 34 13 17 47 4 19 37 48 37 23 46 33 25 20 22 0 45 48 18 25 4 33 22 3 34 0 37 23 33 2 48 2 5 16 1 49 23 10 
49 
AQUIIII!!
47 48 34 45 10 46 33 23 19 AQUIIII!!20 22 49 18 37 24 2 37 33 17 23 49 47 
4 10 3 34 13 0 AQUIIII!!1 25 49 22 33 48 
37 20 45 46 22 18 34 16 48 24 19 17 AQUIIII!!23 49 47 17 
46 20 48 10 34 23 37 45 22 47 33 24 19 18 
AQUIIII!!49 23 1 22 33 48 25 13 4 37 3 2 10 34 5 0 
AQUIIII!!37 23 22 24 33 34 15 18 46 20 19 47 45 16 44 17 
AQUIIII!!49 48 47 25 37 20 33 10 19 23 45 34 22 46 1 0 
AQUIIII!!33 20 34 10 19 0 25 46 47 37 1 23 22 48 45 49 
AQUIIII!!24 18 15 16 34 20 33 23 42 AQUIIII!!19 43 3 22 2 17 5 32 34 45 10 44 0 
37 33 48 1 4 13 25 23 22 49 
AQUIIII!!23 3 0 4 2 1 25 34 47 22 33 37 10 13 48 49 
AQUIIII!!47 45 18 46 16 34 AQUIIII!!23 22 37 23 20 17 48 47 37 33 24 22 48 17 34 19 18 20 24 33 49 45 
49 46 19 16 
AQUIIII!!23 48 47 37 22 34 1 13 33 10 46 25 AQUIIII!!2 45 0 22 45 23 49 33 
25 0 10 46 34 47 1 37 48 2 AQUIIII!!20 49 49 
2 0 33 1 47 4 37 3 23 22 25 48 13 34 10 
AQUIIII!!49 33 20 24 17 23 18 48 47 46 37 45 34 19 22 16 
AQUIIII!!39 16 33 15 14 34 12 27 11 43 21 41 42 32 9 44 
AQUIIII!!25 34 37 1 20 10 45 22 46 19 33 47 23 0 48 49 
AQUIIII!!22 20 34 46 17 23 16 18 48 24 45 47 37 33 49 19 
AQUIIII!!24 37 43 17 22 20 33 23 46 15 18 16 34 19 45 44 
AQUIIII!!49 47 46 37 34 45 18 48 23 16 24 19 22 20 33 17 
AQUIIII!!49 3 37 1 5 6 2 34 4 10 25 33 0 13 31 22 
AQUIIII!!47 0 4 25 13 34 33 10 2 3 48 23 1 37 22 49 
AQUIIII!!15 21 41 33 34 16 27 39 43 14 32 12 AQUIIII!!AQUIIII!!23 11 19 1 42 37 37 46 44 48 4 9 47 10 
18 2 49 34 16 3 24 17 22 23 5 20 33 34 13 33 0 22 45 25 
48 49 
AQUIIII!!46 37 10 AQUIIII!!18 22 49 25 6 23 25 19 2 34 34 45 13 48 0 33 22 20 4 0 10 47 5 49 33 
3 31 1 37 
AQUIIII!!49 33 22 1 23 2 45 25 48 37 46 34 10 20 0 47 
AQUIIII!!25 0 34 33 1 22 AQUIIII!!2 1 46 13 2 3 22 37 34 10 0 23 10 47 33 48 47 13 37 49 25 
23 45 48 46 49 
AQUIIII!!49 2 0 AQUIIII!!33 49 20 10 34 2 1 4 37 0 23 13 45 37 25 25 47 1 48 33 22 22 46 23 10 48 AQUIIII!!
3 49 5 1 34 22 
34 13 33 23 46 10 48 AQUIIII!!47 49 37 3 25 4 3 25 0 2 2 0 
22 AQUIIII!!37 49 1 33 23 25 13 10 33 23 10 46 48 1 34 34 5 3 
13 2 0 47 37 48 22 
AQUIIII!!15 17 23 24 22 20 34 18 16 37 AQUIIII!!46 49 19 2 33 23 47 33 45 48 44 22 
34 3 37 47 4 1 13 25 0 AQUIIII!!10 49 
47 45 25 34 37 0 20 23 10 33 2 1 48 46 22 
AQUIIII!!46 20 47 45 18 19 49 48 10 23 34 24 37 33 17 22 
AQUIIII!!47 20 37 17 19 24 46 33 34 10 48 22 45 18 23 49 
AQUIIII!!AQUIIII!!0 0 37 25 45 47 25 10 37 22 23 22 46 47 48 46 10 48 2 33 23 34 34 18 1 19 33 20 20 49 45 
49 
AQUIIII!!1 4 2 5 33 3 0 25 22 37 34 13 48 23 10 49 
AQUIIII!!48 47 46 37 10 34 23 19 0 18 45 20 33 22 25 49 
AQUIIII!!22 47 10 46 19 37 48 33 0 20 18 23 25 45 34 49 
AQUIIII!!49 22 13 3 6 31 4 0 34 1 37 33 5 2 10 25 
AQUIIII!!22 23 10 37 45 18 20 AQUIIII!!AQUIIII!!24 19 18 17 47 16 46 37 33 33 10 45 47 20 1 AQUIIII!!48 25 22 3 20 34 34 6 34 19 0 23 31 49 23 5 17 33 
33 22 19 46 34 24 49 2 48 15 4 
10 43 25 37 0 46 13 45 1 44 37 
22 49 
AQUIIII!!20 24 33 16 17 34 19 23 47 AQUIIII!!37 49 44 22 2 18 5 46 15 10 45 25 
3 6 31 4 34 33 13 22 1 0 37 
AQUIIII!!49 22 34 48 19 47 18 20 AQUIIII!!24 45 37 17 19 46 17 46 10 20 45 10 23 23 48 37 18 33 34 47 
22 33 24 49 
AQUIIII!!49 48 23 19 47 22 33 46 34 0 25 18 37 45 20 10 
AQUIIII!!48 37 22 25 2 3 13 33 1 5 0 23 10 34 4 49 
AQUIIII!!48 45 17 19 49 24 18 22 33 37 10 23 46 20 34 47 
AQUIIII!!49 33 25 48 46 1 10 45 23 37 22 0 20 47 34 19 
AQUIIII!!49 33 2 22 0 AQUIIII!!49 46 46 25 23 34 10 20 2 34 45 48 10 25 37 33 47 45 37 0 1 22 47 48 1 13 
23 
AQUIIII!!1 45 20 33 25 0 19 22 23 46 34 48 37 47 10 49 
AQUIIII!!22 47 18 10 23 34 46 0 33 19 48 45 20 37 25 49 
AQUIIII!!10 46 23 25 45 34 0 2 22 20 1 37 33 49 48 47 
AQUIIII!!49 33 22 47 45 24 20 17 34 46 19 10 23 18 37 48 
AQUIIII!!23 34 17 10 24 18 45 33 37 46 20 19 22 47 49 48 
AQUIIII!!20 49 48 22 0 47 34 25 37 45 2 33 23 46 1 10 
AQUIIII!!49 3 10 33 37 47 13 22 0 48 23 25 34 1 2 4 
AQUIIII!!17 47 45 37 16 19 48 15 23 46 18 33 24 22 34 20 
AQUIIII!!33 1 0 3 10 25 47 4 48 2 13 22 34 23 37 49 
AQUIIII!!49 22 19 48 46 24 20 17 23 33 47 18 16 45 34 37 
AQUIIII!!33 34 23 AQUIIII!!5 49 13 46 10 33 22 37 4 20 1 48 37 18 0 45 25 0 2 25 3 10 48 19 AQUIIII!!49 34 
49 23 20 22 34 47 
16 45 48 37 47 19 46 18 24 22 23 33 17 
AQUIIII!!19 20 44 43 32 22 16 17 42 34 24 45 18 23 33 15 
AQUIIII!!23 10 5 13 22 37 1 2 48 33 4 25 0 3 34 49 
AQUIIII!!49 37 25 1 19 46 10 48 20 45 22 33 47 23 34 0 
AQUIIII!!49 10 1 5 2 22 6 31 3 13 4 34 25 37 0 33 
AQUIIII!!49 10 3 6 37 31 33 2 13 5 0 34 25 AQUIIII!!1 4 22 5 4 
6 3 37 31 2 1 22 34 13 33 10 0 25 49 
AQUIIII!!20 47 1 46 0 23 19 22 33 10 37 45 34 25 48 49 
AQUIIII!!37 2 4 1 13 6 3 31 25 5 34 33 22 10 0 49 
AQUIIII!!49 22 2 34 1 46 47 33 25 3 48 23 0 10 13 37 
AQUIIII!!20 45 46 19 18 17 47 24 33 22 34 48 23 37 10 49 
AQUIIII!!34 33 45 22 47 16 48 17 37 23 24 46 18 49 20 19 
Number of Cuts in the second phase:4011
Number of repeat: 3791 
Violation: 195.000000
Violation: 280.000000
Violation: 350.000000
Violation: 420.000000
Violation: 777.000000
Violation: 710.000000
Violation: 297.000000
Violation: 642.000000
Violation: 375.000000
Violation: 650.000000
Violation: 659.000000
Violation: 658.000000
Violation: 280.000000
Violation: 425.000000
Violation: 667.000000
Violation: 178.000000
Violation: 513.000000
Violation: 96.000000
Violation: 140.000000
Violation: 301.000000
Violation: 830.000000
Violation: 124.000000
Violation: 990.000000
Violation: 92.000000
Violation: 301.000000
Violation: 484.000000
Violation: 795.000000
Violation: 992.000000
Violation: 496.000000
Violation: 637.000000
Violation: 515.000000
Violation: 246.000000
Violation: 1207.000000
Violation: 1000.000000
Violation: 480.000000
Violation: 374.000000
Violation: 249.000000
Violation: 530.000000
Violation: 915.000000
Violation: 208.000000
Violation: 50.000000
Violation: 415.000000
Violation: 458.000000
Violation: 1055.000000
Violation: 809.000000
Violation: 359.000000
Violation: 214.000000
Violation: 152.000000
Violation: 280.000000
Violation: 375.000000
Violation: 856.000000
Violation: 318.000000
Violation: 425.000000
Violation: 140.000000
Violation: 75.000000
Violation: 922.000000
Violation: 375.000000
Violation: 748.000000
Violation: 710.000000
Violation: 34.000000
Violation: 375.000000
Violation: 671.000000
Violation: 420.000000
Violation: 135.000000
Violation: 140.000000
Violation: 414.000000
Violation: 352.000000
Violation: 386.000000
Violation: 390.000000
Violation: 530.000000
Violation: 67.000000
Violation: 1526.000000
Violation: 479.000000
Violation: 24.000000
Violation: 250.000000
Violation: 425.000000
Violation: 352.000000
Violation: 375.000000
Violation: 777.000000
Violation: 45.000000
Violation: 201.000000
Violation: 183.000000
Violation: 570.000000
Violation: 1386.000000
Violation: 1590.000000
Violation: 492.000000
Violation: 940.000000
Violation: 640.000000
Violation: 284.000000
Violation: 277.000000
Violation: 375.000000
Violation: 284.000000
Violation: 1015.000000
Violation: 526.000000
Violation: 560.000000
Violation: 484.000000
Violation: 138.000000
Violation: 347.000000
Violation: 80.000000
Violation: 748.000000
Violation: 475.000000
Violation: 353.000000
Violation: 777.000000
Violation: 777.000000
Violation: 140.000000
Violation: 463.000000
Violation: 81.000000
Violation: 318.000000
Violation: 68.000000
Violation: 708.000000
Violation: 710.000000
Violation: 587.000000
Violation: 845.000000
Violation: 1021.000000
Violation: 89.000000
Violation: 390.000000
Violation: 700.000000
Violation: 352.000000
Violation: 246.000000
Violation: 284.000000
Violation: 457.000000
Violation: 354.000000
Violation: 671.000000
Violation: 246.000000
Violation: 140.000000
Violation: 405.000000
Violation: 658.000000
Violation: 708.000000
Violation: 280.000000
Violation: 230.000000
Violation: 705.000000
Violation: 284.000000
Violation: 89.000000
Violation: 30.000000
Violation: 500.000000
Violation: 400.000000
Violation: 106.000000
Violation: 425.000000
Violation: 65.000000
Violation: 386.000000
Violation: 922.000000
Violation: 318.000000
Violation: 280.000000
Violation: 671.000000
Violation: 470.000000
Violation: 602.000000
Violation: 845.000000
Violation: 139.000000
Violation: 76.000000
Violation: 246.000000
Violation: 1352.000000
Violation: 920.000000
Violation: 214.000000
Violation: 526.000000
Violation: 210.000000
Violation: 500.000000
Violation: 500.000000
Violation: 425.000000
Violation: 456.000000
Violation: 782.000000
Violation: 615.000000
Violation: 67.000000
Violation: 874.000000
Violation: 375.000000
Violation: 1102.000000
Violation: 745.000000
Violation: 373.000000
Violation: 636.000000
Violation: 481.000000
Violation: 1104.000000
Violation: 772.000000
Violation: 911.000000
Violation: 106.000000
Violation: 190.000000
Violation: 745.000000
Violation: 238.000000
Violation: 1282.000000
Violation: 655.000000
Violation: 667.000000
Violation: 956.000000
Violation: 67.000000
Violation: 809.000000
Violation: 212.000000
Violation: 280.000000
Violation: 305.000000
Violation: 381.000000
Violation: 515.000000
Violation: 375.000000
Violation: 280.000000
Violation: 1001.000000
Violation: 346.000000
Violation: 945.000000
Violation: 140.000000
Violation: 848.000000
Violation: 515.000000
Violation: 1030.000000
Violation: 214.000000
Violation: 414.000000
Violation: 178.000000
Violation: 280.000000
Violation: 68.000000
Violation: 490.000000
Violation: 365.000000
Violation: 405.000000
Violation: 280.000000
Violation: 375.000000
Violation: 1027.000000
Violation: 371.000000
Violation: 582.000000
Violation: 125.000000
Violation: 750.000000
Violation: 445.000000
Violation: 140.000000
Violation: 374.000000
Violation: 516.000000
Violation: 1492.000000
Violation: 34.000000
Violation: 415.000000
Violation: 415.000000
Violation: 420.000000
2808 16
AQUIIII!!49 47 1 23 37 4 34 0 48 13 22 33 25 3 2 10 
AQUIIII!!49 5 4 22 13 10 33 31 3 1 2 AQUIIII!!6 49 25 17 0 22 34 16 37 24 
20 19 46 48 34 33 23 45 18 37 47 
AQUIIII!!49 37 25 20 48 18 47 45 22 0 23 46 10 19 34 33 
AQUIIII!!17 22 20 24 19 37 10 33 AQUIIII!!47 48 46 34 18 3 34 25 45 33 48 0 23 13 49 AQUIIII!!
22 37 47 13 37 1 10 33 2 47 23 34 1 48 4 0 49 10 
2 46 23 45 25 22 49 
AQUIIII!!49 48 10 3 33 13 0 23 37 1 2 25 4 22 AQUIIII!!34 49 47 46 
13 48 47 AQUIIII!!22 49 23 23 0 0 2 13 25 46 10 2 3 22 34 45 1 48 33 1 10 37 
33 47 25 34 37 
AQUIIII!!49 23 10 46 0 33 37 25 34 22 2 13 1 45 47 48 
AQUIIII!!45 18 48 24 47 49 37 33 46 20 22 23 17 34 10 19 
AQUIIII!!8 12 41 11 40 14 32 26 42 21 39 27 AQUIIII!!7 33 44 47 43 19 9 20 
24 22 37 34 45 23 17 10 46 49 18 48 
AQUIIII!!45 19 22 23 48 24 34 10 37 46 18 20 47 33 17 49 
AQUIIII!!49 0 10 46 48 23 3 1 33 34 2 25 AQUIIII!!22 47 49 37 20 13 48 
0 34 AQUIIII!!37 49 2 34 46 48 1 0 22 2 10 33 33 23 23 4 25 1 45 13 47 10 
47 37 22 25 3 
AQUIIII!!49 16 48 46 22 45 47 19 37 17 24 34 20 33 18 23 
AQUIIII!!49 47 20 46 48 25 45 22 37 10 33 18 23 19 0 34 
AQUIIII!!17 22 18 34 37 16 47 33 24 46 45 23 48 20 49 19 
AQUIIII!!1 48 AQUIIII!!45 33 37 48 34 10 20 23 33 46 25 20 23 34 47 25 46 22 0 10 47 22 18 19 0 49 37 
19 45 49 
AQUIIII!!18 19 33 37 47 48 46 45 34 17 23 24 22 20 10 49 
AQUIIII!!49 3 4 10 37 2 13 31 1 0 33 34 25 22 6 5 
AQUIIII!!33 22 18 20 34 46 45 47 17 23 48 19 16 37 24 49 
AQUIIII!!20 25 10 33 34 37 1 19 0 45 23 22 49 48 46 47 
AQUIIII!!17 47 18 19 34 33 24 37 48 20 46 16 22 45 23 49 
AQUIIII!!49 47 24 34 17 23 48 19 22 46 10 45 20 33 37 18 
AQUIIII!!49 47 AQUIIII!!24 49 16 23 20 3 23 0 46 33 18 48 AQUIIII!!33 10 49 22 22 4 45 13 25 19 34 37 37 31 13 34 3 34 48 6 2 17 25 22 
37 1 5 5 2 
10 4 33 0 1 
AQUIIII!!16 45 46 24 33 22 18 23 37 43 44 34 17 15 19 20 
AQUIIII!!22 10 13 5 48 AQUIIII!!34 37 0 2 23 47 33 48 4 10 2 22 37 20 3 23 1 25 25 34 49 45 
46 1 0 33 49 
AQUIIII!!2 46 22 23 33 3 1 37 13 10 25 34 0 48 49 47 
AQUIIII!!34 46 16 20 33 18 24 48 37 17 22 23 45 47 49 19 
AQUIIII!!19 37 20 33 17 18 22 16 34 15 46 24 23 43 45 44 
AQUIIII!!45 44 17 24 15 20 34 18 32 19 23 22 33 42 43 16 
AQUIIII!!45 48 49 47 46 13 34 2 33 10 22 25 37 23 0 1 
AQUIIII!!24 48 45 20 17 47 19 34 22 46 16 23 33 18 37 49 
AQUIIII!!37 48 13 4 1 0 5 34 2 25 33 10 3 23 22 49 
AQUIIII!!13 5 34 3 10 25 1 6 37 2 0 4 22 31 33 49 
AQUIIII!!3 33 23 47 4 1 13 37 25 0 10 22 2 34 48 49 
AQUIIII!!49 34 22 47 23 17 37 20 10 24 45 46 19 48 33 18 
AQUIIII!!49 0 10 1 47 33 19 22 23 25 20 45 37 34 48 46 
AQUIIII!!49 48 47 20 10 33 22 25 45 37 46 1 0 34 23 2 
AQUIIII!!46 48 49 47 0 23 25 20 45 34 1 22 19 37 33 10 
AQUIIII!!49 19 46 47 25 37 45 48 10 33 0 22 34 1 20 23 
AQUIIII!!49 2 10 46 22 25 47 33 0 34 23 1 37 45 20 48 
AQUIIII!!49 47 AQUIIII!!22 49 34 4 2 33 33 22 25 1 45 2 10 5 0 0 37 13 13 25 1 34 48 37 46 10 23 
3 23 48 
AQUIIII!!49 37 10 25 33 22 13 0 48 23 47 3 2 46 1 34 
AQUIIII!!49 34 45 13 33 0 37 10 25 2 47 48 23 1 46 22 
AQUIIII!!47 44 17 45 37 15 20 24 34 23 46 19 33 18 16 22 
AQUIIII!!1 19 47 46 37 0 48 20 23 25 33 34 45 22 10 49 
AQUIIII!!45 20 49 34 0 18 33 47 48 19 22 25 37 10 46 23 
AQUIIII!!49 34 18 25 20 22 37 10 19 46 23 48 45 0 47 33 
AQUIIII!!45 44 33 23 46 20 15 22 24 16 34 37 17 19 18 47 
AQUIIII!!49 16 48 46 22 45 47 19 37 17 24 34 20 33 18 23 
AQUIIII!!49 47 20 46 48 25 45 22 37 10 33 18 23 19 0 34 
AQUIIII!!49 46 10 22 19 20 47 48 45 25 23 33 34 18 37 0 
AQUIIII!!49 23 34 2 37 10 22 3 0 47 48 25 13 33 1 4 
AQUIIII!!45 44 20 22 17 15 33 34 18 32 23 24 43 16 42 19 
AQUIIII!!45 47 49 19 37 17 46 10 20 22 23 18 24 34 48 33 
AQUIIII!!48 49 46 37 47 18 24 20 45 19 34 17 10 22 33 23 
AQUIIII!!3 5 22 10 13 48 2 4 37 34 33 0 23 1 25 49 
AQUIIII!!49 5 0 31 10 25 37 3 33 13 22 1 34 2 6 4 
AQUIIII!!49 24 47 45 37 33 23 19 20 18 17 16 46 34 48 22 
AQUIIII!!49 18 37 20 48 19 34 47 46 24 16 23 22 45 17 33 
AQUIIII!!49 13 10 34 48 33 5 25 22 37 3 2 0 1 4 23 
AQUIIII!!34 3 13 2 25 1 48 33 4 10 37 23 47 22 0 49 
AQUIIII!!46 48 49 47 0 23 25 20 45 34 1 22 19 37 33 10 
AQUIIII!!46 34 37 18 16 20 47 33 23 24 22 17 19 49 45 48 
AQUIIII!!41 42 11 8 26 14 12 39 32 21 43 27 40 7 44 9 
AQUIIII!!25 47 34 0 46 37 1 20 33 2 45 10 48 23 22 49 
AQUIIII!!17 34 46 19 20 18 22 48 47 33 24 37 16 45 23 49 
AQUIIII!!45 37 47 1 13 33 25 22 34 2 48 0 46 10 23 49 
AQUIIII!!0 3 46 34 22 2 33 1 37 25 10 13 48 23 47 49 
Number of Cuts in the second phase:1316
Number of repeat: 1248 
Violation: 450.000000
Violation: 1460.000000
Violation: 125.000000
Violation: 159.000000
Violation: 267.000000
Violation: 625.000000
Violation: 700.000000
Violation: 917.000000
Violation: 780.000000
Violation: 1405.000000
Violation: 1062.000000
Violation: 780.000000
Violation: 280.000000
Violation: 631.000000
Violation: 745.000000
Violation: 79.000000
Violation: 370.000000
Violation: 631.000000
Violation: 22.000000
Violation: 845.000000
Violation: 370.000000
Violation: 140.000000
Violation: 703.000000
Violation: 1060.000000
Violation: 138.000000
Violation: 175.000000
Violation: 1140.000000
Violation: 101.000000
Violation: 742.000000
Violation: 418.000000
Violation: 475.000000
Violation: 284.000000
Violation: 30.000000
Violation: 845.000000
Violation: 375.000000
Violation: 640.000000
Violation: 87.000000
Violation: 101.000000
Violation: 826.000000
Violation: 867.000000
Violation: 280.000000
Violation: 565.000000
Violation: 555.000000
Violation: 452.000000
Violation: 88.000000
Violation: 1166.000000
Violation: 405.000000
Violation: 463.000000
Violation: 212.000000
Violation: 75.000000
Violation: 1172.000000
Violation: 348.000000
Violation: 104.000000
Violation: 231.000000
Violation: 630.000000
Violation: 318.000000
Violation: 140.000000
Violation: 83.000000
Violation: 533.000000
Violation: 1202.000000
Violation: 564.000000
Violation: 560.000000
Violation: 525.000000
Violation: 274.000000
Violation: 207.000000
Violation: 140.000000
Violation: 318.000000
Violation: 375.000000
took 4.933737
Optimize a model with 1067 rows, 906 columns and 13047 nonzeros
Coefficient statistics:
  Matrix range     [1e+00, 4e+01]
  Objective range  [0e+00, 0e+00]
  Bounds range     [1e+00, 4e+01]
  RHS range        [1e+00, 1e+02]
Presolve removed 341 rows and 107 columns
Presolve time: 0.00s
Presolved: 726 rows, 799 columns, 11238 nonzeros

Iteration    Objective       Primal Inf.    Dual Inf.      Time
       0    0.0000000e+00   4.607505e+01   0.000000e+00      0s
     141    0.0000000e+00   0.000000e+00   0.000000e+00      0s

Solved in 141 iterations and 0.01 seconds
Optimal objective  0.000000000e+00
