j609_3.sm_s2.txt
Academic license - for non-commercial use only
Read LP format model from file lp/j609_3.sm.lp
Reading time = 0.03 seconds
: 797 rows, 3410 columns, 67183 nonzeros
OKGPU
nThreads: 1024 , nBlocks: 12 
Number cuts generated in the phase 1: 8
Number of repeat: 0 
violation 472.000000
violation 576.000000
violation 625.000000
violation 594.000000
violation 622.000000
violation 209.000000
violation 5.000000
violation 50.000000
8592 16
AQUIIII!!107 99 24 1 25 2 34 85 106 66 35 57 67 36 61 14 
AQUIIII!!107 67 61 36 2 35 14 57 25 99 85 38 106 66 24 1 
AQUIIII!!107 36 2 3 85 64 38 61 16 62 57 37 25 15 106 66 
AQUIIII!!107 106 1 36 24 61 67 23 2 85 57 99 34 35 14 66 
AQUIIII!!110 109 6 64 26 18 63 39 61 62 7 66 77 8 112 28 
AQUIIII!!25 40 38 61 2 36 82 77 62 64 15 3 37 66 16 107 
AQUIIII!!62 36 3 66 61 106 64 85 38 25 2 14 16 57 15 107 
AQUIIII!!107 25 38 37 40 77 62 2 64 3 82 66 36 16 15 61 
AQUIIII!!107 25 85 106 3 1 61 35 67 14 36 99 66 57 2 38 
AQUIIII!!61 15 77 108 3 40 82 36 38 25 37 62 66 16 64 107 
AQUIIII!!107 37 15 2 61 57 62 36 64 85 25 16 106 38 66 3 
AQUIIII!!35 106 1 57 99 85 24 14 61 67 2 25 34 36 66 107 
AQUIIII!!107 57 67 1 35 61 66 14 106 2 25 24 85 38 99 36 
AQUIIII!!64 36 57 38 66 37 106 15 3 62 61 16 25 2 85 107 
AQUIIII!!107 38 25 66 15 37 40 16 77 108 36 64 3 82 62 61 
AQUIIII!!15 64 61 3 40 37 16 38 113 82 25 77 108 62 66 107 
AQUIIII!!107 34 85 35 57 2 67 1 36 66 61 24 23 106 99 14 
AQUIIII!!107 40 61 64 82 36 3 77 62 66 15 2 38 25 37 16 
AQUIIII!!107 77 82 40 61 37 62 108 15 16 25 113 66 38 3 64 
AQUIIII!!107 3 36 66 37 108 82 25 77 38 16 40 15 61 62 64 
AQUIIII!!107 61 85 66 3 2 25 38 14 106 36 1 57 35 99 67 
AQUIIII!!61 1 67 36 66 106 85 38 14 35 24 57 99 2 25 107 
AQUIIII!!107 67 66 35 25 38 85 1 106 61 24 36 57 14 99 2 
AQUIIII!!107 14 24 23 57 85 99 67 35 66 2 34 36 106 1 61 
AQUIIII!!57 36 67 14 66 85 2 106 24 23 99 34 35 1 61 107 
AQUIIII!!61 66 108 113 3 82 15 40 37 25 16 62 77 38 64 107 
AQUIIII!!107 66 16 14 85 3 64 57 2 106 62 15 25 36 61 38 
AQUIIII!!17 112 63 41 8 77 62 28 64 61 66 6 111 18 109 110 
AQUIIII!!107 61 108 3 15 77 40 36 38 66 25 62 82 16 37 64 
AQUIIII!!57 62 38 37 25 66 106 2 16 15 61 64 36 3 85 107 
AQUIIII!!107 25 40 38 62 113 37 16 108 66 AQUIIII!!77 107 61 40 15 38 3 82 16 3 15 64 61 
62 36 37 2 77 64 25 66 82 
AQUIIII!!3 62 64 2 36 16 66 85 61 57 15 106 25 37 38 107 
AQUIIII!!108 107 36 38 62 37 82 61 66 3 25 64 40 16 15 77 
AQUIIII!!3 38 25 16 2 37 82 64 36 66 15 62 77 40 61 107 
AQUIIII!!14 61 99 25 24 57 36 1 85 35 66 34 106 2 67 107 
AQUIIII!!107 15 37 2 38 16 3 62 66 36 61 57 64 25 85 106 
AQUIIII!!107 99 1 35 38 67 2 24 66 57 25 106 61 14 85 36 
AQUIIII!!37 2 36 3 85 15 106 25 66 16 62 57 38 64 61 107 
AQUIIII!!107 64 82 16 61 113 25 77 40 66 37 38 108 15 62 3 
AQUIIII!!64 2 3 14 AQUIIII!!16 35 106 106 61 1 36 57 85 36 38 99 15 23 57 66 24 85 25 14 62 107 34 2 
66 61 67 107 
AQUIIII!!107 14 106 66 36 38 15 57 3 25 85 2 62 1 64 61 
AQUIIII!!62 38 16 82 25 3 40 113 108 66 77 64 61 37 15 107 
AQUIIII!!107 82 40 3 61 38 37 62 66 2 16 15 25 36 77 64 
AQUIIII!!16 36 3 66 37 77 61 82 2 62 25 64 40 15 38 107 
AQUIIII!!107 108 3 40 82 61 77 38 16 62 15 64 36 37 66 25 
AQUIIII!!107 108 3 40 82 61 77 38 16 62 15 64 36 37 66 25 
AQUIIII!!107 36 99 85 67 57 25 3 2 14 35 66 61 38 106 1 
AQUIIII!!35 99 106 66 38 67 3 1 2 61 57 36 14 25 85 107 
AQUIIII!!66 61 5 6 112 63 26 77 62 8 4 7 39 64 110 109 
AQUIIII!!66 61 5 6 112 63 26 77 62 8 4 7 39 64 110 109 
AQUIIII!!35 106 1 38 36 66 25 14 61 2 85 67 3 99 57 107 
AQUIIII!!1 24 2 36 25 35 38 85 14 61 106 57 99 67 66 107 
AQUIIII!!62 112 18 8 77 41 66 64 6 61 63 26 28 39 110 109 
AQUIIII!!107 64 66 113 62 77 15 40 25 37 108 3 38 82 16 61 
AQUIIII!!99 85 106 36 14 35 67 2 38 57 61 1 25 24 66 107 
AQUIIII!!64 66 2 38 61 16 25 3 85 62 36 37 57 106 15 107 
AQUIIII!!36 3 15 64 66 14 61 38 2 57 1 25 106 62 85 107 
AQUIIII!!5 77 27 64 39 61 112 66 26 82 29 4 62 7 110 109 
AQUIIII!!107 85 64 25 15 1 106 61 57 14 36 66 62 38 2 3 
AQUIIII!!66 108 40 3 61 16 77 38 113 82 62 25 64 37 15 107 
AQUIIII!!107 36 67 106 14 99 61 24 85 35 25 2 34 66 1 57 
AQUIIII!!15 16 77 36 66 25 61 3 62 64 38 2 40 82 37 107 
AQUIIII!!3 15 82 38 16 37 66 62 40 25 77 61 64 108 36 107 
AQUIIII!!15 108 66 113 82 61 3 62 37 77 64 16 25 40 38 107 
AQUIIII!!24 14 99 36 34 106 61 57 85 23 35 67 1 66 2 107 
AQUIIII!!109 110 4 6 26 5 63 77 8 62 66 61 7 64 39 112 
AQUIIII!!109 110 4 6 26 5 63 77 8 62 66 61 7 64 39 112 
AQUIIII!!1 24 67 99 57 106 35 14 38 2 66 36 25 61 85 107 
AQUIIII!!107 36 99 61 67 2 35 1 106 66 85 3 38 25 14 57 
AQUIIII!!106 107 57 3 85 66 99 1 38 14 35 61 2 25 67 36 
AQUIIII!!110 109 62 18 112 6 66 8 77 28 63 64 61 39 41 26 
AQUIIII!!66 82 3 108 64 77 113 40 25 61 16 37 62 38 15 107 
AQUIIII!!57 3 16 66 106 25 62 38 15 61 14 36 64 2 85 107 
AQUIIII!!107 66 2 35 36 57 61 14 1 24 34 85 99 25 67 106 
AQUIIII!!107 2 37 66 77 62 3 61 36 82 25 64 38 16 40 15 
AQUIIII!!38 16 14 64 106 61 62 66 15 2 57 3 85 36 25 107 
AQUIIII!!14 15 85 38 106 57 25 16 36 61 62 66 2 3 64 107 
AQUIIII!!107 15 57 66 61 106 85 38 14 2 25 3 62 1 64 36 
AQUIIII!!3 15 64 14 38 62 57 106 25 2 85 16 36 66 61 107 
Number of Cuts in the second phase:1936
Number of repeat: 1760 
Violation: 282.000000
Violation: 1245.000000
Violation: 440.000000
Violation: 478.000000
Violation: 190.000000
Violation: 304.000000
Violation: 629.000000
Violation: 84.000000
Violation: 917.000000
Violation: 276.000000
Violation: 1008.000000
Violation: 703.000000
Violation: 736.000000
Violation: 397.000000
Violation: 344.000000
Violation: 335.000000
Violation: 439.000000
Violation: 496.000000
Violation: 189.000000
Violation: 568.000000
Violation: 831.000000
Violation: 174.000000
Violation: 686.000000
Violation: 93.000000
Violation: 410.000000
Violation: 334.000000
Violation: 719.000000
Violation: 359.000000
Violation: 40.000000
Violation: 168.000000
Violation: 72.000000
Violation: 568.000000
Violation: 360.000000
Violation: 239.000000
Violation: 77.000000
Violation: 23.000000
Violation: 134.000000
Violation: 480.000000
Violation: 94.000000
Violation: 144.000000
Violation: 121.000000
Violation: 110.000000
Violation: 144.000000
Violation: 872.000000
Violation: 541.000000
Violation: 392.000000
Violation: 16.000000
Violation: 984.000000
Violation: 238.000000
Violation: 882.000000
Violation: 335.000000
Violation: 648.000000
Violation: 986.000000
Violation: 313.000000
Violation: 439.000000
Violation: 1242.000000
Violation: 222.000000
Violation: 190.000000
Violation: 976.000000
Violation: 470.000000
Violation: 607.000000
Violation: 42.000000
Violation: 253.000000
Violation: 145.000000
Violation: 448.000000
Violation: 546.000000
Violation: 675.000000
Violation: 513.000000
Violation: 470.000000
Violation: 822.000000
Violation: 616.000000
Violation: 480.000000
Violation: 272.000000
Violation: 136.000000
Violation: 814.000000
Violation: 85.000000
Violation: 64.000000
Violation: 208.000000
Violation: 469.000000
Violation: 380.000000
Violation: 10.000000
Violation: 545.000000
Violation: 773.000000
Violation: 155.000000
Violation: 561.000000
Violation: 326.000000
Violation: 116.000000
Violation: 30.000000
Violation: 65.000000
Violation: 100.000000
Violation: 632.000000
Violation: 1007.000000
Violation: 360.000000
Violation: 168.000000
Violation: 397.000000
Violation: 1371.000000
Violation: 8.000000
Violation: 391.000000
Violation: 370.000000
Violation: 875.000000
Violation: 517.000000
Violation: 356.000000
Violation: 32.000000
Violation: 427.000000
Violation: 170.000000
Violation: 112.000000
Violation: 244.000000
Violation: 274.000000
Violation: 950.000000
Violation: 1480.000000
Violation: 288.000000
Violation: 707.000000
Violation: 164.000000
Violation: 126.000000
Violation: 1344.000000
Violation: 558.000000
Violation: 152.000000
Violation: 147.000000
Violation: 148.000000
Violation: 88.000000
Violation: 152.000000
Violation: 31.000000
Violation: 292.000000
Violation: 938.000000
Violation: 183.000000
Violation: 746.000000
Violation: 296.000000
Violation: 318.000000
Violation: 770.000000
Violation: 510.000000
Violation: 366.000000
Violation: 20.000000
Violation: 79.000000
Violation: 81.000000
Violation: 281.000000
Violation: 912.000000
Violation: 32.000000
Violation: 733.000000
Violation: 154.000000
Violation: 344.000000
Violation: 117.000000
Violation: 234.000000
Violation: 313.000000
Violation: 15.000000
Violation: 110.000000
Violation: 448.000000
Violation: 480.000000
Violation: 498.000000
Violation: 570.000000
Violation: 264.000000
Violation: 338.000000
Violation: 132.000000
Violation: 342.000000
Violation: 712.000000
Violation: 652.000000
Violation: 748.000000
Violation: 4.000000
Violation: 657.000000
Violation: 675.000000
Violation: 624.000000
Violation: 450.000000
Violation: 136.000000
Violation: 788.000000
Violation: 1206.000000
Violation: 21.000000
Violation: 614.000000
Violation: 659.000000
Violation: 234.000000
Violation: 908.000000
Violation: 385.000000
Violation: 543.000000
Violation: 731.000000
Violation: 1181.000000
Violation: 40.000000
Violation: 521.000000
Violation: 868.000000
5400 16
AQUIIII!!107 34 66 106 36 2 57 AQUIIII!!14 107 23 37 35 16 57 85 38 61 2 24 106 99 64 67 85 1 62 
15 61 66 3 36 25 
AQUIIII!!15 37 3 66 38 36 77 64 40 82 25 61 62 16 107 108 
AQUIIII!!106 25 57 37 85 61 62 64 2 15 66 3 16 38 36 107 
AQUIIII!!25 24 38 35 2 85 66 61 14 99 106 57 36 67 1 107 
AQUIIII!!107 66 99 34 67 23 35 2 106 24 14 85 1 57 36 61 
AQUIIII!!14 36 67 61 24 85 1 2 99 25 35 106 57 66 34 107 
AQUIIII!!107 38 2 64 61 37 36 16 82 25 62 77 15 66 40 3 
AQUIIII!!107 67 57 14 38 24 85 106 1 66 2 61 35 99 36 25 
AQUIIII!!66 77 39 112 18 6 61 26 62 41 28 64 8 63 110 109 
AQUIIII!!99 2 38 66 36 67 61 35 1 57 14 24 25 85 106 107 
AQUIIII!!AQUIIII!!107 107 77 106 2 15 61 36 38 16 64 108 14 82 57 66 85 25 36 3 66 64 16 61 3 38 62 40 15 62 25 37 

AQUIIII!!99 14 66 1 2 35 61 67 34 36 24 85 106 57 25 107 
AQUIIII!!110 109 66 64 41 77 112 28 62 111 61 8 6 63 39 18 
AQUIIII!!107 25 40 64 113 66 62 15 82 38 108 16 77 37 3 61 
AQUIIII!!40 77 62 3 66 25 82 113 64 38 37 16 61 AQUIIII!!15 61 108 66 107 25 
24 67 1 35 36 57 38 14 85 99 2 107 106 
AQUIIII!!66 67 2 99 24 57 35 85 36 23 61 14 106 34 1 107 
AQUIIII!!67 57 25 66 85 99 14 36 2 34 35 106 1 61 24 107 
AQUIIII!!107 66 14 2 35 61 85 3 36 99 25 67 1 38 106 57 
AQUIIII!!107 3 64 15 66 40 77 25 37 2 82 16 36 62 38 61 
AQUIIII!!107 106 2 61 38 64 14 57 85 36 66 16 3 62 15 25 
AQUIIII!!110 4 109 5 77 64 66 7 39 26 61 62 29 6 82 112 
AQUIIII!!107 106 61 36 34 14 23 1 66 85 99 24 35 2 67 57 
AQUIIII!!85 99 57 14 25 34 106 67 36 24 2 35 66 1 61 107 
AQUIIII!!110 109 66 64 41 77 112 28 62 111 61 8 6 63 39 18 
AQUIIII!!99 61 106 25 85 57 2 3 67 1 66 14 38 35 36 107 
AQUIIII!!16 82 40 62 36 38 61 37 2 77 3 25 64 66 15 107 
AQUIIII!!107 62 3 38 16 37 64 15 85 66 36 2 57 106 25 61 
AQUIIII!!107 36 61 66 23 35 57 34 85 99 24 67 106 2 14 1 
AQUIIII!!66 25 3 16 62 64 85 15 61 36 37 38 57 106 107 2 
AQUIIII!!2 36 67 85 35 57 1 14 61 106 24 66 99 34 25 107 
AQUIIII!!107 62 57 16 64 3 25 36 61 85 14 106 2 15 66 38 
AQUIIII!!24 99 61 85 66 14 25 1 2 67 36 35 106 57 34 107 
AQUIIII!!107 61 85 106 35 36 25 1 34 2 67 57 66 99 14 24 
AQUIIII!!107 36 82 25 66 62 3 16 64 2 37 15 61 38 40 77 
AQUIIII!!107 62 61 36 16 77 38 108 64 37 15 66 82 40 3 25 
AQUIIII!!62 113 77 66 16 82 37 61 25 64 3 108 15 40 38 107 
AQUIIII!!61 66 1 2 24 36 14 34 106 67 99 35 57 23 85 107 
AQUIIII!!107 35 36 99 67 57 14 85 106 1 66 3 2 61 38 25 
AQUIIII!!107 2 85 1 38 67 24 14 35 66 25 61 106 99 57 36 
AQUIIII!!107 62 14 36 106 57 25 3 66 15 85 61 16 38 64 2 
AQUIIII!!57 14 36 25 2 64 85 62 66 61 3 38 15 16 106 107 
AQUIIII!!106 99 3 2 66 25 35 61 14 1 57 36 67 38 85 107 
AQUIIII!!107 37 25 77 16 64 3 2 38 15 40 66 61 36 82 62 
AQUIIII!!77 18 112 7 64 61 26 6 39 63 8 5 62 66 109 110 
AQUIIII!!77 18 112 7 64 61 26 6 39 63 8 5 62 66 109 110 
Number of Cuts in the second phase:1229
Number of repeat: 1181 
Violation: 245.000000
Violation: 586.000000
Violation: 416.000000
Violation: 62.000000
Violation: 75.000000
Violation: 436.000000
Violation: 538.000000
Violation: 838.000000
Violation: 521.000000
Violation: 382.000000
Violation: 314.000000
Violation: 96.000000
Violation: 146.000000
Violation: 1192.000000
Violation: 367.000000
Violation: 170.000000
Violation: 248.000000
Violation: 634.000000
Violation: 131.000000
Violation: 206.000000
Violation: 354.000000
Violation: 246.000000
Violation: 1104.000000
Violation: 64.000000
Violation: 192.000000
Violation: 8.000000
Violation: 793.000000
Violation: 330.000000
Violation: 77.000000
Violation: 601.000000
Violation: 84.000000
Violation: 182.000000
Violation: 1458.000000
Violation: 88.000000
Violation: 78.000000
Violation: 1142.000000
Violation: 766.000000
Violation: 73.000000
Violation: 902.000000
Violation: 405.000000
Violation: 528.000000
Violation: 886.000000
Violation: 48.000000
Violation: 801.000000
Violation: 456.000000
Violation: 244.000000
Violation: 67.000000
Violation: 89.000000
took 9.975321
Optimize a model with 1077 rows, 3410 columns and 69971 nonzeros
Coefficient statistics:
  Matrix range     [1e+00, 1e+02]
  Objective range  [0e+00, 0e+00]
  Bounds range     [1e+00, 1e+02]
  RHS range        [1e+00, 4e+01]

Concurrent LP optimizer: dual simplex and barrier
Showing barrier log only...

Presolve removed 201 rows and 165 columns
Presolve time: 0.02s
Presolved: 876 rows, 3245 columns, 63264 nonzeros

Ordering time: 0.00s

Barrier statistics:
 Dense cols : 23
 AA' NZ     : 6.022e+04
 Factor NZ  : 1.227e+05 (roughly 3 MBytes of memory)
 Factor Ops : 2.748e+07 (less than 1 second per iteration)
 Threads    : 3

                  Objective                Residual
Iter       Primal          Dual         Primal    Dual     Compl     Time
   0   0.00000000e+00 -3.64812500e+01  2.10e+03 0.00e+00  5.79e-01     0s
   1   0.00000000e+00 -7.82830620e+01  6.50e+02 1.05e-02  1.76e-01     0s
   2   0.00000000e+00 -6.64950025e+01  1.84e+02 8.71e-04  5.09e-02     0s
   3   0.00000000e+00 -3.30300608e+01  2.86e+01 2.08e-17  9.58e-03     0s
   4   0.00000000e+00 -1.13814565e+01  2.74e+00 7.70e-18  1.84e-03     0s
   5   0.00000000e+00 -5.36988995e-01  5.80e-13 4.34e-19  7.41e-05     0s
   6   0.00000000e+00 -5.37011281e-04  3.09e-13 2.81e-17  7.41e-08     0s
   7   0.00000000e+00 -5.39321992e-10  6.51e-13 1.45e-20  7.44e-14     0s

Barrier solved model in 7 iterations and 0.06 seconds
Optimal objective 0.00000000e+00

Crossover log...

       0 DPushes remaining with DInf 0.0000000e+00                 0s

    3126 PPushes remaining with PInf 0.0000000e+00                 0s
       0 PPushes remaining with PInf 0.0000000e+00                 0s

  Push phase complete: Pinf 0.0000000e+00, Dinf 0.0000000e+00      0s

Iteration    Objective       Primal Inf.    Dual Inf.      Time
    3152    0.0000000e+00   0.000000e+00   0.000000e+00      0s
    3152    0.0000000e+00   0.000000e+00   0.000000e+00      0s

Solved with barrier
Solved in 3152 iterations and 0.12 seconds
Optimal objective  0.000000000e+00
