A-4.txt_s2.txt
Academic license - for non-commercial use only
Read LP format model from file lp/A-4.txt.lp
Reading time = 0.05 seconds
: 961 rows, 10797 columns, 131727 nonzeros
OKGPU
nThreads: 1024 , nBlocks: 12 
Number cuts generated in the phase 1: 12
Number of repeat: 1 
violation 263.000000
violation 199.000000
violation 174.000000
violation 174.000000
violation 104.000000
violation 45.000000
violation 336.000000
violation 308.000000
violation 773.000000
violation 50.000000
violation 559.000000
8592 16
AQUIIII!!142 100 7 20 88 29 89 19 87 135 21 64 86 139 6 134 
AQUIIII!!142 139 89 6 7 9 136 61 120 135 137 8 10 64 75 114 
AQUIIII!!142 61 120 119 137 10 89 9 0 136 6 135 7 75 114 8 
AQUIIII!!86 64 8 134 7 61 AQUIIII!!75 134 6 6 136 89 88 29 75 21 61 139 64 89 136 135 142 7 9 
114 139 8 135 137 120 142 
AQUIIII!!142 29 135 21 134 64 20 136 100 87 7 86 88 139 6 89 
AQUIIII!!136 137 AQUIIII!!10 142 89 8 7 136 114 137 135 64 10 8 61 9 7 75 9 6 114 61 64 6 139 89 135 139 120 75 142 120 

AQUIIII!!142 120 114 6 75 119 10 9 89 7 0 135 137 61 136 8 
AQUIIII!!142 139 6 134 89 64 75 136 7 8 86 88 61 137 29 135 
AQUIIII!!142 20 134 21 18 6 29 139 5 88 89 87 64 100 19 86 
AQUIIII!!142 86 100 20 89 134 6 139 64 18 5 88 21 87 29 19 
AQUIIII!!142 114 134 7 139 75 137 120 136 135 89 9 8 64 AQUIIII!!61 139 6 
20 21 29 64 6 86 89 87 7 100 135 136 134 88 142 
AQUIIII!!134 89 87 5 19 18 20 6 64 88 86 139 29 100 21 142 
AQUIIII!!89 88 87 AQUIIII!!134 86 21 29 19 6 20 7 88 86 61 139 135 64 7 6 8 29 64 100 136 135 142 134 
89 139 75 21 AQUIIII!!142 142 
75 89 7 137 86 29 8 134 135 139 6 64 136 88 61 
AQUIIII!!142 AQUIIII!!88 19 142 21 5 18 87 86 86 6 100 88 20 134 18 29 89 6 64 5 134 139 21 
139 29 64 100 89 20 19 87 
AQUIIII!!64 134 78 18 139 86 19 29 21 5 144 55 20 88 96 142 
AQUIIII!!142 96 29 78 139 88 55 19 21 18 64 86 20 134 144 5 
AQUIIII!!142 136 75 137 120 9 8 61 89 135 114 134 64 7 139 6 
AQUIIII!!142 114 120 139 136 75 64 135 61 89 9 6 8 137 7 10 
AQUIIII!!89 88 64 61 86 29 134 75 135 8 139 21 6 136 142 7 
AQUIIII!!142 87 134 100 19 6 64 21 89 135 86 88 20 29 139 7 
AQUIIII!!45 96 88 5 64 55 18 86 78 19 20 21 28 29 31 144 
AQUIIII!!18 134 21 144 88 64 20 96 86 19 139 55 78 5 29 142 
AQUIIII!!142 88 6 7 18 86 139 100 64 20 29 21 89 19 87 134 
AQUIIII!!142 100 19 88 29 21 64 AQUIIII!!139 139 6 89 61 86 137 134 20 135 18 114 87 134 7 
120 136 6 7 64 89 8 75 9 142 
AQUIIII!!64 88 87 21 6 19 134 86 29 18 139 20 89 100 7 142 
AQUIIII!!6 87 88 86 139 7 100 20 89 21 29 136 134 135 64 142 
AQUIIII!!142 100 19 139 87 21 134 29 7 6 88 64 86 20 18 89 
AQUIIII!!21 88 6 139 89 7 135 64 136 8 134 61 29 86 75 142 
AQUIIII!!6 8 61 7 114 135 136 119 120 137 89 0 9 75 10 142 
AQUIIII!!142 139 100 134 135 21 136 64 20 88 7 29 87 6 86 89 
AQUIIII!!142 7 19 86 20 64 89 18 88 134 87 6 100 139 29 21 
AQUIIII!!6 64 8 139 86 134 29 135 88 21 75 7 136 89 61 142 
AQUIIII!!142 6 64 20 139 100 134 86 19 87 21 88 29 89 7 18 
AQUIIII!!142 139 21 86 64 20 19 100 134 88 18 29 87 89 5 6 
AQUIIII!!142 7 AQUIIII!!88 29 29 75 61 139 7 86 61 8 88 21 135 64 139 6 75 89 136 89 135 134 8 6 134 86 136 142 137 
64 
AQUIIII!!9 137 134 120 64 61 139 6 89 114 136 75 8 7 135 142 
AQUIIII!!100 86 135 136 20 7 29 134 139 64 87 88 89 6 142 21 
AQUIIII!!142 137 119 6 9 114 136 89 8 7 0 61 10 135 120 75 
AQUIIII!!64 29 134 100 136 139 21 88 7 6 89 86 20 87 135 142 
AQUIIII!!142 114 8 89 120 139 75 61 7 134 9 137 6 64 136 135 
AQUIIII!!87 100 64 6 135 20 89 88 139 19 134 29 21 7 86 142 
AQUIIII!!87 139 18 86 6 29 21 134 89 100 7 64 88 19 20 142 
AQUIIII!!134 139 7 136 87 21 6 20 64 29 100 86 135 88 89 142 
AQUIIII!!142 21 96 86 144 134 64 78 19 139 29 18 88 55 5 20 
AQUIIII!!89 137 120 0 136 9 8 114 119 61 6 75 135 7 10 142 
AQUIIII!!88 18 29 55 86 96 19 20 134 64 5 144 139 21 78 142 
AQUIIII!!21 64 89 139 86 87 6 100 18 29 5 20 88 19 134 142 
AQUIIII!!142 139 8 64 75 6 120 9 135 10 136 7 61 137 89 114 
AQUIIII!!142 21 20 19 18 7 86 29 6 88 134 89 100 87 139 64 
AQUIIII!!134 75 64 8 61 89 135 6 9 136 7 114 137 120 139 142 
AQUIIII!!142 100 20 135 89 21 6 64 86 88 7 136 29 139 87 134 
AQUIIII!!21 134 144 19 5 86 78 20 139 96 88 18 55 64 29 142 
AQUIIII!!100 19 64 89 20 139 134 29 18 87 88 6 86 7 21 142 
AQUIIII!!75 8 6 134 135 120 61 136 139 7 114 9 64 137 89 142 
AQUIIII!!139 135 7 114 120 6 75 61 89 136 9 8 64 137 10 142 
AQUIIII!!142 6 8 75 139 64 136 10 9 137 114 7 120 89 61 135 
AQUIIII!!142 20 144 19 88 55 21 78 18 96 29 86 64 134 5 139 
AQUIIII!!142 114 7 10 9 135 89 61 139 64 136 8 6 75 137 120 
AQUIIII!!142 7 139 6 89 134 29 21 135 88 100 20 64 136 86 87 
AQUIIII!!142 21 96 86 144 134 64 78 19 139 29 18 88 55 5 20 
AQUIIII!!142 136 9 134 75 120 137 64 6 7 139 89 135 114 61 8 
AQUIIII!!142 8 136 134 137 64 6 29 88 61 75 7 89 139 86 135 
AQUIIII!!21 142 6 86 88 64 19 87 89 20 29 18 100 139 134 5 
AQUIIII!!19 21 18 88 86 134 96 139 5 144 78 55 64 29 20 142 
AQUIIII!!142 20 136 64 88 6 86 7 21 87 134 139 100 135 89 29 
AQUIIII!!19 64 89 6 134 100 139 86 21 135 87 7 29 20 88 142 
AQUIIII!!142 136 135 6 89 120 64 75 114 134 9 139 8 137 7 61 
AQUIIII!!142 134 89 5 20 29 18 19 86 21 64 6 139 100 88 87 
AQUIIII!!8 139 29 88 135 7 89 21 86 6 61 75 64 136 134 142 
AQUIIII!!61 134 89 139 136 75 135 29 7 64 8 6 88 86 21 142 
AQUIIII!!142 136 100 139 7 87 64 29 20 134 21 135 88 86 6 89 
AQUIIII!!142 88 20 139 134 100 6 64 7 19 21 18 86 87 89 29 
AQUIIII!!64 136 6 134 139 88 89 87 135 21 7 100 86 20 29 142 
AQUIIII!!7 8 64 6 134 139 88 29 21 86 89 136 135 75 61 142 
AQUIIII!!142 139 86 7 21 88 87 134 89 29 18 100 20 6 64 19 
AQUIIII!!142 61 8 7 135 134 29 89 75 86 137 88 64 6 139 136 
AQUIIII!!142 29 21 6 134 88 100 7 20 19 87 139 89 86 64 18 
AQUIIII!!29 89 86 6 64 75 135 61 137 88 134 7 139 8 136 142 
AQUIIII!!142 135 7 114 89 9 136 137 75 8 119 120 0 10 61 6 
AQUIIII!!5 29 6 86 139 89 100 19 134 64 20 21 87 18 88 142 
AQUIIII!!142 8 10 6 136 135 119 89 75 7 120 9 114 61 0 137 
AQUIIII!!142 8 89 120 136 134 6 9 61 137 114 75 135 7 139 64 
AQUIIII!!89 20 6 18 21 134 29 139 64 5 19 100 87 86 88 142 
AQUIIII!!142 8 64 29 61 6 21 7 88 89 134 139 135 75 136 86 
AQUIIII!!136 139 6 61 75 64 7 9 89 137 114 135 10 120 8 142 
AQUIIII!!88 139 86 134 19 18 64 100 6 20 21 87 89 29 7 142 
AQUIIII!!88 21 100 64 6 7 86 87 89 18 19 139 134 29 20 142 
AQUIIII!!21 142 96 29 5 20 86 18 144 88 78 134 139 19 55 64 
Number of Cuts in the second phase:1232
Number of repeat: 1150 
Violation: 1182.000000
Violation: 305.000000
Violation: 508.000000
Violation: 203.000000
Violation: 182.000000
Violation: 364.000000
Violation: 591.000000
Violation: 94.000000
Violation: 107.000000
Violation: 12.000000
Violation: 553.000000
Violation: 636.000000
Violation: 334.000000
Violation: 136.000000
Violation: 378.000000
Violation: 254.000000
Violation: 385.000000
Violation: 335.000000
Violation: 51.000000
Violation: 348.000000
Violation: 83.000000
Violation: 174.000000
Violation: 338.000000
Violation: 175.000000
Violation: 97.000000
Violation: 1.000000
Violation: 546.000000
Violation: 87.000000
Violation: 744.000000
Violation: 180.000000
Violation: 289.000000
Violation: 100.000000
Violation: 2.000000
Violation: 354.000000
Violation: 347.000000
Violation: 610.000000
Violation: 422.000000
Violation: 508.000000
Violation: 311.000000
Violation: 516.000000
Violation: 17.000000
Violation: 16.000000
Violation: 30.000000
Violation: 178.000000
Violation: 163.000000
Violation: 73.000000
Violation: 864.000000
Violation: 162.000000
Violation: 314.000000
Violation: 168.000000
Violation: 506.000000
Violation: 229.000000
Violation: 567.000000
Violation: 8.000000
Violation: 167.000000
Violation: 1118.000000
Violation: 424.000000
Violation: 695.000000
Violation: 1172.000000
Violation: 1319.000000
Violation: 420.000000
Violation: 50.000000
Violation: 347.000000
Violation: 165.000000
Violation: 297.000000
Violation: 407.000000
Violation: 38.000000
Violation: 109.000000
Violation: 976.000000
Violation: 141.000000
Violation: 192.000000
Violation: 135.000000
Violation: 552.000000
Violation: 172.000000
Violation: 133.000000
Violation: 72.000000
Violation: 955.000000
Violation: 117.000000
Violation: 1158.000000
Violation: 165.000000
Violation: 8.000000
Violation: 375.000000
7404 16
AQUIIII!!142 75 10 136 8 6 135 137 120 89 7 61 0 119 114 9 
AQUIIII!!142 5 139 21 78 64 86 96 20 29 55 18 88 134 144 19 
AQUIIII!!142 21 134 86 64 6 89 100 7 135 139 20 87 29 19 88 
AQUIIII!!137 135 6 29 75 88 64 61 7 136 139 8 89 86 134 142 
AQUIIII!!86 100 139 20 64 88 6 87 18 29 134 19 5 89 21 142 
AQUIIII!!18 21 88 29 64 19 134 20 86 100 89 7 6 87 139 142 
AQUIIII!!142 10 8 119 137 136 61 0 114 135 7 6 75 9 89 120 
AQUIIII!!142 61 64 8 89 137 75 114 10 6 120 139 9 7 135 136 
AQUIIII!!142 139 88 64 55 134 144 19 78 96 86 29 5 18 21 20 
AQUIIII!!142 6 88 19 20 29 7 86 139 21 100 87 89 134 64 18 
AQUIIII!!142 21 134 86 64 6 89 100 7 135 139 20 87 29 19 88 
AQUIIII!!78 5 96 134 21 20 144 29 86 AQUIIII!!19 142 55 8 64 86 136 139 29 18 88 88 137 142 75 64 
139 135 89 7 61 6 134 
AQUIIII!!29 100 18 139 19 20 87 86 6 89 21 7 134 64 88 142 
AQUIIII!!142 7 100 89 18 AQUIIII!!87 142 19 6 29 134 134 88 88 21 135 20 75 139 86 61 6 8 64 86 
64 89 29 136 7 139 21 
AQUIIII!!6 114 75 64 120 9 139 7 8 61 137 135 136 134 89 142 
AQUIIII!!89 61 75 135 0 136 6 7 8 114 10 9 120 137 119 142 
AQUIIII!!142 19 64 88 29 86 7 100 20 139 134 89 21 135 87 6 
AQUIIII!!10 137 7 114 135 75 0 8 120 6 AQUIIII!!136 89 61 137 119 9 75 9 136 89 6 142 10 
7 61 120 135 64 114 139 8 142 
AQUIIII!!142 9 134 114 139 136 135 137 64 89 6 8 7 75 61 120 
AQUIIII!!142 114 89 9 75 0 10 136 6 135 7 120 8 137 119 61 
AQUIIII!!142 114 89 10 136 64 7 61 9 6 120 137 75 8 135 139 
AQUIIII!!142 136 8 134 7 64 61 9 120 137 6 75 139 89 135 114 
AQUIIII!!137 61 136 64 6 8 7 114 75 135 134 139 9 89 120 142 
AQUIIII!!136 10 9 0 137 61 114 135 75 8 119 89 120 6 7 142 
AQUIIII!!142 100 18 6 134 89 7 88 21 29 139 64 86 87 20 19 
AQUIIII!!6 89 134 29 100 139 20 88 21 86 19 7 87 64 18 142 
AQUIIII!!142 136 120 137 9 8 61 135 89 75 10 7 6 0 119 114 
AQUIIII!!142 6 86 87 135 134 88 136 89 64 139 100 29 7 20 21 
AQUIIII!!18 96 5 55 21 19 134 144 29 78 20 88 86 64 139 142 
AQUIIII!!142 21 19 134 64 88 100 29 139 6 18 86 89 7 87 20 
AQUIIII!!21 142 88 136 86 29 87 64 6 20 7 89 134 100 139 135 
AQUIIII!!142 135 89 75 0 120 137 114 10 119 61 7 8 9 6 136 
AQUIIII!!87 21 18 20 29 5 6 64 100 19 88 86 134 139 89 142 
AQUIIII!!10 120 7 114 75 8 9 6 135 137 61 0 89 136 119 142 
AQUIIII!!96 86 144 64 88 139 20 134 21 5 18 78 55 19 29 142 
AQUIIII!!142 6 7 134 20 87 100 64 88 139 21 86 89 29 18 19 
AQUIIII!!75 137 6 61 139 120 135 114 9 8 7 136 134 64 89 142 
AQUIIII!!120 9 61 6 7 75 114 10 64 89 139 137 8 136 135 142 
AQUIIII!!9 89 8 137 139 134 6 114 120 136 135 64 61 7 75 142 
AQUIIII!!19 89 87 5 88 21 100 6 18 139 20 134 64 86 29 142 
AQUIIII!!135 7 9 89 75 61 64 139 137 114 8 120 10 6 136 142 
AQUIIII!!142 8 114 9 7 134 61 89 135 137 136 120 6 75 64 139 
AQUIIII!!142 10 8 137 89 6 135 114 120 75 9 0 136 7 119 61 
AQUIIII!!100 20 88 87 86 6 134 19 7 21 89 64 29 139 135 142 
AQUIIII!!20 64 134 135 88 6 7 100 29 86 87 21 89 139 136 142 
AQUIIII!!7 21 19 86 64 134 87 20 100 89 139 29 6 18 88 142 
AQUIIII!!142 9 6 7 64 61 8 114 135 89 134 120 136 139 75 137 
AQUIIII!!29 89 100 19 AQUIIII!!87 142 20 21 64 29 88 7 134 86 6 5 100 134 64 6 87 18 89 21 19 139 142 139 20 
135 88 86 
AQUIIII!!18 96 45 64 55 78 29 20 21 19 28 86 88 5 31 144 
AQUIIII!!142 8 120 6 114 64 136 75 135 89 7 9 137 61 134 139 
AQUIIII!!142 61 86 89 135 136 134 7 139 75 8 29 137 88 6 64 
AQUIIII!!142 89 21 20 134 18 87 88 19 139 7 86 6 100 64 29 
AQUIIII!!134 135 9 139 137 8 114 6 120 75 61 89 64 142 136 7 
AQUIIII!!142 10 89 135 61 64 8 139 137 75 114 9 6 7 120 136 
AQUIIII!!142 136 139 135 61 6 89 137 75 120 8 9 134 7 64 114 
AQUIIII!!7 136 142 89 6 114 139 135 137 120 10 61 64 75 9 8 
AQUIIII!!142 75 136 8 7 120 137 114 139 61 6 89 135 134 9 64 
AQUIIII!!142 134 29 7 6 100 20 87 19 88 21 139 18 89 86 64 
AQUIIII!!7 135 64 114 137 61 6 139 75 136 10 9 8 89 120 142 
AQUIIII!!142 21 29 7 134 6 100 64 87 89 19 139 20 135 88 86 
AQUIIII!!142 21 88 139 18 20 134 29 86 64 55 144 96 78 19 5 
AQUIIII!!142 5 19 21 78 96 20 18 134 144 55 139 88 64 86 29 
AQUIIII!!88 64 7 87 6 20 139 135 29 134 100 136 89 86 21 142 
AQUIIII!!88 64 7 87 6 20 139 135 29 134 100 136 89 86 21 142 
AQUIIII!!136 120 61 8 139 75 137 7 114 9 134 6 64 135 89 142 
AQUIIII!!88 19 96 21 18 139 AQUIIII!!86 6 134 137 5 55 7 20 75 78 29 29 64 139 144 136 142 
61 8 89 134 86 64 135 88 142 
AQUIIII!!19 88 64 20 139 100 89 86 134 18 6 87 21 5 29 142 
AQUIIII!!18 78 5 19 139 144 96 86 134 64 21 20 55 29 88 142 
AQUIIII!!142 137 119 114 136 0 61 7 75 6 89 8 135 9 120 10 
AQUIIII!!136 0 7 137 75 114 89 6 61 9 135 10 119 120 8 142 
AQUIIII!!139 89 8 135 61 134 7 6 114 136 120 9 75 137 64 142 
AQUIIII!!142 134 64 135 7 29 89 86 6 100 20 139 21 87 19 88 
AQUIIII!!88 134 7 137 8 135 29 75 86 61 6 139 136 64 89 142 
AQUIIII!!142 136 9 8 119 89 0 120 137 114 75 6 135 7 10 61 
AQUIIII!!142 6 64 88 139 19 87 21 89 20 134 18 86 7 29 100 
AQUIIII!!75 61 8 9 136 135 137 0 119 10 120 114 7 89 6 142 
AQUIIII!!142 21 19 134 64 88 100 29 139 6 18 86 89 7 87 20 
AQUIIII!!7 135 89 137 8 134 139 6 29 88 75 86 64 61 136 142 
AQUIIII!!7 139 29 21 88 64 19 20 100 6 134 87 89 86 18 142 
AQUIIII!!88 61 29 7 21 86 8 136 6 64 134 75 139 135 89 142 
AQUIIII!!142 20 96 21 29 78 18 19 144 139 88 64 134 55 5 86 
AQUIIII!!142 64 136 134 61 8 75 114 6 120 89 7 139 137 135 9 
AQUIIII!!142 9 139 114 120 136 61 134 7 6 137 89 135 64 8 75 
Number of Cuts in the second phase:1089
Number of repeat: 1061 
Violation: 165.000000
Violation: 135.000000
Violation: 71.000000
Violation: 90.000000
Violation: 3.000000
Violation: 32.000000
Violation: 813.000000
Violation: 319.000000
Violation: 559.000000
Violation: 390.000000
Violation: 242.000000
Violation: 490.000000
Violation: 126.000000
Violation: 40.000000
Violation: 13.000000
Violation: 14.000000
Violation: 455.000000
Violation: 9.000000
Violation: 198.000000
Violation: 325.000000
Violation: 180.000000
Violation: 48.000000
Violation: 164.000000
Violation: 143.000000
Violation: 635.000000
Violation: 325.000000
Violation: 135.000000
Violation: 158.000000
took 13.972253
Optimize a model with 1130 rows, 10797 columns and 133140 nonzeros
Coefficient statistics:
  Matrix range     [1e-05, 9e+01]
  Objective range  [0e+00, 0e+00]
  Bounds range     [1e+00, 2e+09]
  RHS range        [1e+00, 6e+01]
Warning: Model contains large bounds
         Consider reformulating model or setting NumericFocus parameter
         to avoid numerical issues.

Concurrent LP optimizer: dual simplex and barrier
Showing barrier log only...

Presolve removed 153 rows and 420 columns
Presolve time: 0.04s
Presolved: 977 rows, 10377 columns, 125645 nonzeros

Ordering time: 0.00s

Barrier statistics:
 AA' NZ     : 5.517e+04
 Factor NZ  : 9.686e+04 (roughly 5 MBytes of memory)
 Factor Ops : 1.189e+07 (less than 1 second per iteration)
 Threads    : 3

                  Objective                Residual
Iter       Primal          Dual         Primal    Dual     Compl     Time
   0   0.00000000e+00 -2.68716631e+07  7.25e+09 0.00e+00  1.25e+06     0s
   1   0.00000000e+00 -5.33671214e+06  2.57e+09 7.24e-03  4.36e+05     0s
   2   0.00000000e+00 -1.77253463e+05  6.51e+08 9.71e-17  1.12e+05     0s
   3   0.00000000e+00 -1.40167936e+03  3.03e+04 1.39e-16  5.29e+00     0s
   4   0.00000000e+00 -1.10103353e+03  2.21e+04 2.70e-06  3.65e+00     0s
   5   0.00000000e+00 -1.18430285e+03  1.31e+04 4.03e-05  2.43e+00     0s
   6   0.00000000e+00 -8.75937828e+02  3.82e+03 1.96e-05  7.02e-01     0s
   7   0.00000000e+00 -6.38482276e+02  3.60e+03 3.67e-07  6.21e-01     0s
   8   0.00000000e+00 -5.54145213e+02  2.04e+03 1.85e-07  3.55e-01     0s
   9   0.00000000e+00 -3.84687024e+02  1.24e+03 5.56e-08  2.12e-01     0s
  10   0.00000000e+00 -2.10547284e+02  4.73e+02 1.31e-08  8.07e-02     0s
  11   0.00000000e+00 -1.14893089e+02  1.12e+02 4.22e-09  2.15e-02     0s
  12   0.00000000e+00 -5.11485524e+01  5.93e+01 1.16e-09  1.05e-02     0s

Barrier performed 12 iterations in 0.11 seconds
Barrier solve interrupted - model solved by another algorithm


Solved with dual simplex
Solved in 606 iterations and 0.11 seconds
Optimal objective  0.000000000e+00
