j3017_4.mm_s7.txt
Academic license - for non-commercial use only
Read LP format model from file lp/j3017_4.mm.lp
Reading time = 0.01 seconds
: 351 rows, 906 columns, 9053 nonzeros
OKGPU
nThreads: 1024 , nBlocks: 12 
Number cuts generated in the phase 1: 10
Number of repeat: 1 
violation 661.000000
violation 8.000000
violation 795.000000
violation 210.000000
violation 483.000000
violation 435.000000
violation 581.000000
violation 645.000000
violation 8.000000
8592 16
17 22 21 5 32 AQUIIII!!33 44 9 41 8 29 6 
17 29 46 27 33 32 41 14 47 22 21 9 48 
AQUIIII!!4 33 22 31 21 41 14 8 29 5 32 17 6 9 44 46 
AQUIIII!!46 5 22 8 21 32 33 14 29 41 44 9 6 47 23 17 
AQUIIII!!51 34 20 52 37 26 40 AQUIIII!!49 17 47 48 18 49 37 22 21 19 22 48 16 24 24 16 44 46 26 
38 52 27 47 20 46 
AQUIIII!!46 8 44 AQUIIII!!47 46 21 51 14 26 23 29 52 24 33 22 41 18 5 20 17 9 40 22 49 32 48 6 16 
47 AQUIIII!!37 41 34 9 19 
32 46 14 6 22 8 4 21 33 17 29 5 31 AQUIIII!!44 14 
29 AQUIIII!!26 22 47 41 0 48 52 17 26 52 40 37 31 27 16 9 34 46 37 8 20 22 18 21 19 44 
48 50 51 49 
AQUIIII!!22 0 52 26 40 31 16 34 AQUIIII!!37 14 32 20 8 18 21 17 19 6 48 9 50 47 27 51 48 49 22 33 
46 41 29 AQUIIII!!44 22 
0 52 26 40 31 16 34 37 20 18 19 48 50 51 AQUIIII!!49 16 
52 AQUIIII!!47 44 26 22 17 37 27 26 38 27 21 21 48 AQUIIII!!41 20 44 14 22 29 8 46 AQUIIII!!9 29 49 47 17 46 37 41 48 22 44 32 52 24 52 46 23 
47 14 21 9 AQUIIII!!46 37 
44 6 20 17 8 AQUIIII!!51 22 22 48 16 5 0 21 26 17 52 47 14 41 26 24 33 40 44 49 
31 37 47 16 48 9 34 18 29 37 46 40 26 20 34 27 18 22 19 8 52 48 

50 51 AQUIIII!!49 47 AQUIIII!!26 
44 48 21 20 37 27 46 24 22 52 21 38 52 49 46 26 16 22 38 48 14 47 37 24 17 51 44 AQUIIII!!
27 44 20 26 16 
22 27 46 16 14 21 20 48 47 AQUIIII!!38 24 44 16 17 AQUIIII!!47 52 26 22 47 48 37 48 14 
20 21 29 49 52 27 26 21 37 51 AQUIIII!!41 52 44 46 22 26 17 16 16 9 46 22 27 37 24 
24 34 52 38 18 44 37 
40 AQUIIII!!20 51 46 47 52 49 20 46 48 18 
40 16 22 19 48 26 51 47 37 49 24 34 
AQUIIII!!27 37 49 17 22 46 38 AQUIIII!!26 44 52 48 20 37 24 41 16 9 21 47 47 26 48 17 44 21 
29 16 22 52 14 46 27 
AQUIIII!!44 14 6 29 9 21 5 AQUIIII!!47 48 46 46 23 14 33 22 AQUIIII!!17 37 44 44 32 47 24 27 22 AQUIIII!!24 26 44 8 46 47 51 14 41 38 48 26 16 
49 52 21 52 48 52 24 38 17 21 22 20 22 17 27 26 37 
47 20 46 21 37 16 20 
38 16 27 
AQUIIII!!20 24 22 34 18 52 44 37 47 26 40 49 46 48 51 16 
AQUIIII!!22 47 24 40 37 46 52 AQUIIII!!16 52 49 47 48 26 18 16 51 27 20 49 26 46 34 24 44 21 
37 38 48 17 22 20 44 
AQUIIII!!46 21 47 37 17 9 27 22 41 52 29 8 26 48 44 14 
AQUIIII!!46 47 29 22 8 48 27 14 32 44 17 6 33 21 9 41 
AQUIIII!!44 46 32 8 33 41 21 9 17 27 14 29 6 47 48 22 
AQUIIII!!44 21 AQUIIII!!37 46 47 47 17 29 27 22 41 8 22 48 8 27 52 14 26 32 29 44 46 17 48 6 14 33 9 21 
9 41 
AQUIIII!!44 46 32 AQUIIII!!8 33 16 41 37 21 38 9 17 22 27 24 14 29 49 6 48 47 47 48 22 26 
51 52 21 AQUIIII!!46 16 20 46 27 37 44 20 AQUIIII!!52 
22 34 41 51 21 40 16 17 48 26 18 48 49 AQUIIII!!37 22 48 47 14 26 9 46 29 24 41 14 47 27 27 37 44 44 52 52 
21 46 17 
47 29 26 44 16 9 22 
AQUIIII!!46 44 21 38 AQUIIII!!20 46 22 21 49 47 26 8 16 52 44 37 29 48 5 27 41 47 33 24 22 51 9 
AQUIIII!!6 46 17 21 23 47 32 26 14 52 AQUIIII!!29 AQUIIII!!
44 41 22 44 27 16 37 32 51 9 6 48 8 47 8 14 24 17 27 46 48 21 29 44 27 22 17 20 
49 21 37 9 26 14 38 41 52 33 AQUIIII!!
22 46 14 48 5 47 23 46 AQUIIII!!21 
44 9 8 41 29 22 41 8 AQUIIII!!6 21 22 46 32 17 48 33 32 34 16 33 3 20 9 14 47 38 4 
27 17 6 17 29 52 5 AQUIIII!!44 37 38 
17 14 44 26 26 14 21 22 22 52 21 16 47 48 27 24 AQUIIII!!AQUIIII!!37 44 44 20 46 
9 24 22 44 46 48 47 21 47 
29 38 41 20 32 14 AQUIIII!!22 AQUIIII!!33 21 44 44 49 6 51 47 17 26 16 8 29 26 16 46 37 21 27 47 52 
46 52 18 37 17 24 48 14 34 40 48 27 48 49 26 47 22 16 46 24 20 27 51 
37 
52 22 41 9 
AQUIIII!!44 24 20 46 17 47 22 52 21 16 48 27 26 38 37 49 
AQUIIII!!47 38 37 27 22 20 14 17 AQUIIII!!52 21 47 44 48 48 26 24 24 51 16 26 44 18 46 16 
46 34 AQUIIII!!49 47 37 AQUIIII!!38 40 20 37 46 52 27 26 22 22 27 
20 49 14 20 17 44 52 47 21 48 48 38 26 16 24 17 16 37 44 21 46 22 
24 52 
AQUIIII!!46 48 20 22 14 37 26 17 44 21 47 16 24 AQUIIII!!27 27 38 8 52 22 
9 21 41 26 29 52 47 37 46 17 44 48 14 
AQUIIII!!46 AQUIIII!!44 46 47 48 52 41 9 29 37 16 17 27 52 44 37 14 27 22 9 17 48 21 21 22 29 26 41 14 26 16 
47 
AQUIIII!!44 29 9 8 5 21 46 6 17 32 47 23 AQUIIII!!33 46 41 44 22 48 14 41 
29 17 52 37 27 9 21 22 26 14 16 47 
AQUIIII!!44 AQUIIII!!51 22 26 37 49 18 51 40 AQUIIII!!46 48 24 16 47 20 21 26 52 47 52 34 17 21 20 41 22 46 9 24 44 46 49 16 47 52 22 
48 48 38 29 37 27 14 37 27 16 26 
44 
AQUIIII!!48 16 26 20 14 37 38 52 22 17 44 27 47 24 21 46 
AQUIIII!!44 37 AQUIIII!!47 46 22 47 21 14 52 17 26 41 9 21 44 17 AQUIIII!!16 22 16 44 48 46 22 29 38 33 37 14 27 41 AQUIIII!!27 8 24 44 26 29 48 
16 6 52 27 5 20 AQUIIII!!38 23 
22 48 21 17 24 14 46 37 47 47 51 26 46 24 47 20 32 40 9 49 34 52 21 26 20 
22 44 16 17 49 52 18 37 46 
48 
AQUIIII!!44 26 22 17 41 48 37 AQUIIII!!47 52 46 8 52 21 27 20 9 29 22 46 48 14 27 
37 47 49 38 24 21 AQUIIII!!16 44 47 26 44 17 27 
AQUIIII!!20 44 38 46 26 21 14 26 9 22 29 16 49 41 48 27 46 AQUIIII!!17 17 52 44 16 21 31 37 37 41 48 52 47 24 5 22 14 

AQUIIII!!17 44 21 27 22 20 46 46 32 52 6 AQUIIII!!16 33 44 22 9 29 48 4 9 37 8 6 24 29 46 21 
14 38 5 47 32 49 22 26 AQUIIII!!17 21 17 
8 48 26 41 21 31 AQUIIII!!27 17 22 14 4 49 22 38 33 9 52 
AQUIIII!!5 47 AQUIIII!!24 47 21 5 37 32 44 20 32 41 16 47 32 46 8 14 23 44 47 22 
33 22 33 6 9 9 46 29 6 17 23 46 23 41 29 33 21 44 6 29 
17 5 8 21 44 46 41 
17 14 8 
AQUIIII!!5 32 47 14 22 AQUIIII!!33 46 9 52 29 21 23 26 41 22 21 14 6 29 17 48 8 41 44 27 46 37 
47 44 AQUIIII!!9 50 17 49 16 51 
0 26 48 31 18 40 16 22 19 37 34 20 52 
AQUIIII!!49 18 20 44 51 AQUIIII!!48 44 46 26 16 37 26 16 34 27 37 46 22 20 47 38 52 24 24 49 40 22 
21 52 47 17 48 
AQUIIII!!44 14 48 47 21 9 32 33 41 17 27 46 8 22 29 6 
AQUIIII!!AQUIIII!!49 46 18 19 20 49 44 37 51 51 40 48 24 46 34 16 AQUIIII!!52 26 44 20 34 22 52 37 26 20 22 47 26 47 18 46 52 16 34 24 47 48 40 16 
40 
48 51 22 37 24 49 18 
AQUIIII!!46 16 22 17 20 37 26 52 47 44 21 27 48 38 24 14 
AQUIIII!!22 24 27 38 21 37 48 26 AQUIIII!!44 46 20 14 47 16 16 37 17 21 AQUIIII!!52 48 49 49 22 40 46 29 22 
AQUIIII!!52 41 20 AQUIIII!!48 9 46 47 26 17 48 49 26 52 14 51 34 44 3 AQUIIII!!16 16 44 27 24 5 24 37 18 46 17 32 26 21 18 33 47 22 52 37 20 29 44 
16 52 44 40 21 17 34 51 4 20 37 48 46 8 47 22 26 24 22 47 38 14 
9 
27 6 
41 AQUIIII!!34 44 44 33 
31 22 29 9 21 32 5 17 14 41 4 46 AQUIIII!!AQUIIII!!46 6 47 44 48 47 8 46 26 
16 14 37 20 21 21 41 52 27 24 29 22 9 37 26 16 52 48 22 38 17 27 17 14 
44 
AQUIIII!!AQUIIII!!44 49 51 38 50 37 21 AQUIIII!!34 20 24 22 0 6 1 48 26 14 37 22 33 16 49 52 5 20 18 3 19 46 31 4 40 51 
9 47 41 16 32 26 21 27 34 22 8 52 17 
29 44 
AQUIIII!!AQUIIII!!17 46 32 51 6 16 8 22 52 14 29 40 24 33 47 5 26 41 18 4 20 44 22 49 21 34 31 37 46 48 9 
44 
AQUIIII!!16 37 14 26 17 52 47 27 48 24 20 22 44 38 21 46 
AQUIIII!!44 24 14 27 22 37 48 16 20 26 46 52 38 47 17 21 
AQUIIII!!22 14 33 29 31 5 AQUIIII!!21 46 6 44 41 47 9 22 17 52 32 41 44 14 46 8 4 48 8 17 
26 29 21 9 27 37 
AQUIIII!!46 18 24 20 51 48 40 34 37 49 19 22 47 52 16 26 
AQUIIII!!44 27 21 8 41 14 33 32 17 48 46 22 29 47 9 6 
AQUIIII!!44 33 22 31 5 29 4 8 41 17 21 6 46 9 32 14 
AQUIIII!!44 21 17 46 9 14 8 47 27 22 6 41 48 33 29 32 
AQUIIII!!46 52 27 21 9 17 14 22 48 16 44 29 37 26 41 47 
AQUIIII!!46 44 51 48 27 20 52 38 21 49 26 37 22 24 47 16 
AQUIIII!!26 21 37 24 16 51 22 52 44 48 27 38 20 49 46 47 AQUIIII!!
32 14 21 22 41 8 27 48 44 AQUIIII!!29 47 6 14 33 9 37 9 16 47 52 17 21 46 17 
29 22 27 48 46 26 41 44 AQUIIII!!
46 44 51 48 27 20 52 38 21 49 AQUIIII!!26 46 37 16 22 24 24 47 40 47 34 16 37 
51 18 48 49 20 52 44 22 26 
AQUIIII!!46 47 33 44 32 17 14 22 9 48 27 29 8 21 41 6 
AQUIIII!!51 48 34 26 44 20 52 16 49 18 24 37 40 47 AQUIIII!!22 47 46 46 
AQUIIII!!8 46 14 17 52 48 27 37 26 22 17 16 21 24 48 27 44 52 41 21 29 49 37 47 9 38 22 26 
20 44 
AQUIIII!!46 47 33 44 32 AQUIIII!!17 46 14 52 22 9 49 48 20 27 24 29 18 8 21 16 41 26 6 51 
19 40 47 48 34 22 37 
AQUIIII!!46 38 21 44 52 48 27 37 24 51 20 22 49 26 16 47 
AQUIIII!!46 23 8 17 5 47 32 33 29 41 9 6 44 22 21 14 
AQUIIII!!46 44 27 47 41 8 9 6 33 29 17 21 22 48 14 32 
AQUIIII!!44 17 48 9 33 8 AQUIIII!!29 26 41 22 46 52 22 51 14 24 20 6 48 21 38 27 37 47 21 32 27 
44 47 46 49 16 
AQUIIII!!46 48 52 24 21 51 47 27 26 20 44 49 16 37 22 38 
AQUIIII!!46 20 24 22 16 49 34 47 19 AQUIIII!!48 AQUIIII!!51 26 46 18 17 4 37 46 29 26 40 47 6 52 22 33 
37 5 20 44 38 22 52 48 21 24 32 16 41 27 31 21 14 14 17 44 9 
8 
AQUIIII!!44 41 AQUIIII!!33 44 17 22 22 29 41 6 17 31 46 4 48 14 8 5 14 8 6 9 27 29 9 21 33 46 32 32 
47 21 
AQUIIII!!46 51 47 21 44 20 37 22 26 38 49 16 24 AQUIIII!!27 46 48 48 52 20 
44 52 49 51 22 26 18 34 24 16 37 47 40 
AQUIIII!!44 14 17 21 27 AQUIIII!!24 46 48 17 38 21 47 8 16 9 37 41 52 47 26 14 46 29 22 6 20 32 
48 44 27 22 33 
AQUIIII!!46 41 52 9 16 37 14 48 17 29 47 22 26 44 21 27 
AQUIIII!!44 AQUIIII!!46 44 9 26 32 48 21 9 14 41 22 8 41 17 14 5 29 37 17 47 47 21 22 27 46 8 23 52 33 29 6 

AQUIIII!!46 24 47 26 48 27 37 44 49 22 52 21 51 38 20 16 
AQUIIII!!34 49 26 48 37 20 47 16 22 19 40 52 24 18 51 46 
AQUIIII!!46 51 47 21 44 20 37 22 26 38 49 16 24 27 48 52 
AQUIIII!!46 5 22 17 32 44 33 AQUIIII!!4 44 29 27 21 8 41 46 8 26 47 14 41 9 9 6 29 31 14 52 
48 21 22 37 17 
AQUIIII!!46 37 26 47 48 22 44 49 20 21 16 24 52 38 27 51 
AQUIIII!!46 48 17 47 24 52 44 21 26 38 27 37 22 16 14 20 
AQUIIII!!44 29 22 48 52 27 21 14 17 41 8 AQUIIII!!26 17 37 22 47 16 46 44 9 52 
38 24 48 47 27 21 AQUIIII!!37 44 20 37 49 46 26 9 46 
47 48 29 41 17 26 22 52 16 21 14 27 AQUIIII!!
44 40 AQUIIII!!34 24 22 37 51 27 18 37 21 52 47 46 52 24 22 20 26 26 48 38 16 20 47 48 49 44 
17 16 49 46 
AQUIIII!!44 41 21 33 22 17 46 32 27 14 47 9 8 48 29 6 
AQUIIII!!44 5 46 17 8 31 29 21 AQUIIII!!22 44 32 6 4 22 9 8 6 47 33 46 41 29 14 9 
41 23 14 32 33 5 17 21 
AQUIIII!!44 AQUIIII!!5 46 23 8 6 5 22 47 21 17 17 21 29 9 33 41 23 33 46 47 32 32 14 14 8 44 AQUIIII!!29 44 
6 22 22 37 41 51 20 9 AQUIIII!!38 
26 16 21 21 24 37 26 24 46 16 48 51 49 47 22 52 52 27 44 
48 27 38 20 49 46 47 
AQUIIII!!44 46 14 22 26 8 21 37 47 52 AQUIIII!!41 44 27 5 29 41 48 29 31 9 32 17 6 
33 4 9 46 17 22 AQUIIII!!21 46 14 20 24 8 51 
48 22 49 19 16 40 26 18 52 34 47 AQUIIII!!37 46 
44 48 27 17 38 49 37 22 52 47 26 16 21 20 24 
AQUIIII!!27 52 24 26 49 AQUIIII!!21 44 20 31 46 46 21 17 6 47 5 14 22 33 48 22 32 38 9 16 8 4 37 29 44 17 
41 
AQUIIII!!46 44 48 27 17 38 49 37 22 52 47 26 16 21 20 24 
AQUIIII!!46 29 6 32 21 5 14 9 AQUIIII!!23 46 44 52 17 49 33 26 8 20 47 51 22 41 34 22 18 
16 48 37 19 40 24 47 
AQUIIII!!51 26 48 37 49 34 24 19 40 18 20 22 16 46 52 47 
AQUIIII!!44 52 21 22 14 8 29 17 9 47 46 41 37 48 26 27 
AQUIIII!!44 9 14 46 48 41 21 47 37 8 29 52 17 26 27 22 
AQUIIII!!47 46 26 27 37 52 20 16 48 22 17 24 49 38 44 21 
AQUIIII!!24 16 47 21 27 38 48 51 20 26 44 52 37 22 49 46 
AQUIIII!!17 47 38 37 21 52 48 26 27 16 22 46 20 49 24 44 
AQUIIII!!AQUIIII!!46 44 51 AQUIIII!!14 20 47 21 52 22 40 48 24 16 17 22 48 27 18 16 AQUIIII!!AQUIIII!!47 46 44 52 44 37 8 46 51 46 37 32 52 46 26 6 18 34 47 8 14 40 24 27 9 9 48 26 21 22 49 29 19 47 26 37 22 16 34 44 29 48 41 20 
29 27 41 49 14 17 26 41 
52 17 
9 21 33 37 
48 47 22 
AQUIIII!!8 47 46 27 29 21 22 52 AQUIIII!!41 46 26 51 9 AQUIIII!!44 17 44 38 46 14 32 27 37 6 24 8 48 27 20 44 21 26 47 
22 47 48 29 52 14 21 41 17 49 9 16 33 
22 37 48 
AQUIIII!!44 46 26 48 9 41 22 17 14 37 47 21 27 8 52 29 
AQUIIII!!22 16 52 51 20 24 21 46 49 47 44 38 48 37 27 26 
AQUIIII!!46 38 26 48 24 14 37 20 47 44 27 16 21 17 22 52 
AQUIIII!!44 52 38 46 20 26 27 21 22 49 48 24 37 47 17 16 
AQUIIII!!44 AQUIIII!!52 44 18 37 37 24 46 49 16 16 38 22 49 48 47 20 26 21 34 22 20 26 48 40 51 46 27 24 52 
47 51 
AQUIIII!!44 14 46 48 16 24 21 38 52 20 26 AQUIIII!!37 46 22 32 47 33 27 48 17 47 
9 14 6 29 21 22 27 17 41 44 8 
AQUIIII!!44 17 29 41 32 22 4 6 8 9 31 14 21 33 46 5 
AQUIIII!!46 48 17 21 37 41 8 27 22 26 29 9 47 52 44 14 
AQUIIII!!40 49 26 46 16 37 51 AQUIIII!!20 52 46 44 31 47 24 14 22 17 34 4 48 18 5 
29 32 22 41 33 6 9 44 21 8 
AQUIIII!!44 14 9 41 48 37 22 29 26 17 52 27 46 47 21 8 
AQUIIII!!46 27 48 21 51 52 47 16 38 20 44 22 49 37 26 24 
AQUIIII!!46 5 9 44 32 21 6 22 17 29 8 33 4 31 41 14 
AQUIIII!!46 47 26 52 48 37 18 49 16 34 24 20 51 40 22 19 
AQUIIII!!46 47 26 52 48 37 18 49 16 34 24 20 51 40 22 19 
AQUIIII!!44 6 22 9 4 17 5 32 21 8 33 46 29 41 14 31 
AQUIIII!!46 44 47 26 14 20 21 52 24 22 37 16 48 38 27 17 
AQUIIII!!46 44 47 26 14 20 21 52 24 22 37 16 AQUIIII!!48 38 14 27 17 44 
48 24 20 37 46 47 38 22 52 17 21 16 26 27 
AQUIIII!!44 48 21 47 29 14 16 AQUIIII!!46 17 14 52 26 37 8 22 22 48 27 29 26 47 44 46 37 9 27 17 41 41 
21 52 9 
AQUIIII!!46 44 47 22 48 24 37 16 14 52 27 20 38 21 17 26 
AQUIIII!!46 44 47 22 52 41 14 8 48 17 26 29 21 9 27 37 
AQUIIII!!46 44 47 22 52 41 14 8 48 17 26 29 21 9 27 37 
AQUIIII!!46 38 48 24 17 52 22 27 47 44 14 26 20 21 16 37 
AQUIIII!!44 27 8 46 26 47 41 9 29 14 52 48 21 22 37 17 
AQUIIII!!44 37 46 14 52 20 16 24 27 26 17 47 38 48 22 21 
AQUIIII!!46 16 37 52 22 21 49 20 48 38 27 44 26 24 47 51 
AQUIIII!!44 22 16 20 38 51 26 52 24 48 47 37 21 46 27 49 
AQUIIII!!46 38 17 52 20 37 47 21 26 22 48 44 27 14 24 16 
AQUIIII!!44 9 47 16 37 14 22 26 46 41 29 48 27 21 17 52 
Number of Cuts in the second phase:4801
Number of repeat: 4339 
Violation: 110.000000
Violation: 293.000000
Violation: 926.000000
Violation: 210.000000
Violation: 601.000000
Violation: 292.000000
Violation: 551.000000
Violation: 593.000000
Violation: 1194.000000
Violation: 420.000000
Violation: 586.000000
Violation: 202.000000
Violation: 478.000000
Violation: 870.000000
Violation: 322.000000
Violation: 142.000000
Violation: 243.000000
Violation: 1102.000000
Violation: 613.000000
Violation: 200.000000
Violation: 1202.000000
Violation: 551.000000
Violation: 968.000000
Violation: 435.000000
Violation: 134.000000
Violation: 465.000000
Violation: 1251.000000
Violation: 805.000000
Violation: 740.000000
Violation: 202.000000
Violation: 1202.000000
Violation: 305.000000
Violation: 637.000000
Violation: 486.000000
Violation: 8.000000
Violation: 630.000000
Violation: 8.000000
Violation: 937.000000
Violation: 1312.000000
Violation: 155.000000
Violation: 844.000000
Violation: 265.000000
Violation: 313.000000
Violation: 220.000000
Violation: 515.000000
Violation: 918.000000
Violation: 677.000000
Violation: 653.000000
Violation: 586.000000
Violation: 1244.000000
Violation: 127.000000
Violation: 735.000000
Violation: 330.000000
Violation: 177.000000
Violation: 30.000000
Violation: 531.000000
Violation: 420.000000
Violation: 1106.000000
Violation: 952.000000
Violation: 565.000000
Violation: 609.000000
Violation: 192.000000
Violation: 1126.000000
Violation: 283.000000
Violation: 728.000000
Violation: 98.000000
Violation: 775.000000
Violation: 177.000000
Violation: 551.000000
Violation: 174.000000
Violation: 284.000000
Violation: 1304.000000
Violation: 339.000000
Violation: 114.000000
Violation: 261.000000
Violation: 183.000000
Violation: 460.000000
Violation: 194.000000
Violation: 1358.000000
Violation: 515.000000
Violation: 550.000000
Violation: 1614.000000
Violation: 771.000000
Violation: 892.000000
Violation: 352.000000
Violation: 653.000000
Violation: 735.000000
Violation: 1332.000000
Violation: 1478.000000
Violation: 79.000000
Violation: 486.000000
Violation: 714.000000
Violation: 45.000000
Violation: 292.000000
Violation: 900.000000
Violation: 122.000000
Violation: 491.000000
Violation: 1008.000000
Violation: 577.000000
Violation: 396.000000
Violation: 182.000000
Violation: 473.000000
Violation: 601.000000
Violation: 925.000000
Violation: 589.000000
Violation: 35.000000
Violation: 601.000000
Violation: 408.000000
Violation: 1581.000000
Violation: 190.000000
Violation: 624.000000
Violation: 517.000000
Violation: 497.000000
Violation: 626.000000
Violation: 836.000000
Violation: 537.000000
Violation: 234.000000
Violation: 288.000000
Violation: 347.000000
Violation: 447.000000
Violation: 878.000000
Violation: 473.000000
Violation: 218.000000
Violation: 361.000000
Violation: 596.000000
Violation: 194.000000
Violation: 312.000000
Violation: 1244.000000
Violation: 422.000000
Violation: 1102.000000
Violation: 87.000000
Violation: 1022.000000
Violation: 678.000000
Violation: 16.000000
Violation: 828.000000
Violation: 312.000000
Violation: 101.000000
Violation: 573.000000
Violation: 404.000000
Violation: 999.000000
Violation: 102.000000
Violation: 739.000000
Violation: 353.000000
Violation: 426.000000
Violation: 600.000000
Violation: 272.000000
Violation: 182.000000
Violation: 75.000000
Violation: 637.000000
Violation: 180.000000
Violation: 926.000000
Violation: 330.000000
Violation: 102.000000
Violation: 585.000000
Violation: 456.000000
Violation: 32.000000
Violation: 1110.000000
Violation: 982.000000
Violation: 356.000000
Violation: 565.000000
Violation: 855.000000
Violation: 719.000000
Violation: 115.000000
Violation: 100.000000
Violation: 747.000000
Violation: 82.000000
Violation: 102.000000
Violation: 311.000000
Violation: 143.000000
Violation: 715.000000
Violation: 588.000000
Violation: 842.000000
Violation: 498.000000
Violation: 152.000000
Violation: 981.000000
Violation: 228.000000
Violation: 291.000000
Violation: 420.000000
Violation: 601.000000
Violation: 1527.000000
Violation: 521.000000
Violation: 674.000000
Violation: 304.000000
Violation: 6.000000
Violation: 991.000000
Violation: 31.000000
Violation: 735.000000
Violation: 1086.000000
Violation: 1303.000000
Violation: 380.000000
Violation: 90.000000
Violation: 470.000000
Violation: 599.000000
Violation: 617.000000
Violation: 693.000000
Violation: 942.000000
Violation: 102.000000
Violation: 142.000000
Violation: 333.000000
Violation: 352.000000
Violation: 79.000000
Violation: 903.000000
Violation: 951.000000
Violation: 644.000000
Violation: 7.000000
Violation: 811.000000
Violation: 831.000000
Violation: 704.000000
Violation: 201.000000
Violation: 1178.000000
Violation: 1210.000000
Violation: 443.000000
Violation: 319.000000
Violation: 90.000000
Violation: 694.000000
Violation: 277.000000
Violation: 242.000000
Violation: 587.000000
Violation: 268.000000
Violation: 182.000000
Violation: 152.000000
Violation: 483.000000
Violation: 393.000000
Violation: 989.000000
Violation: 152.000000
Violation: 1111.000000
Violation: 559.000000
Violation: 987.000000
Violation: 337.000000
Violation: 202.000000
Violation: 492.000000
Violation: 943.000000
Violation: 688.000000
Violation: 194.000000
Violation: 743.000000
Violation: 500.000000
Violation: 577.000000
Violation: 312.000000
Violation: 186.000000
Violation: 16.000000
Violation: 591.000000
Violation: 85.000000
Violation: 3.000000
Violation: 487.000000
Violation: 893.000000
Violation: 87.000000
Violation: 190.000000
Violation: 212.000000
Violation: 628.000000
Violation: 1152.000000
Violation: 16.000000
Violation: 693.000000
Violation: 719.000000
Violation: 115.000000
Violation: 981.000000
Violation: 1294.000000
Violation: 432.000000
Violation: 775.000000
Violation: 713.000000
Violation: 465.000000
Violation: 63.000000
Violation: 709.000000
Violation: 648.000000
Violation: 726.000000
Violation: 114.000000
Violation: 836.000000
Violation: 600.000000
Violation: 369.000000
Violation: 932.000000
Violation: 795.000000
Violation: 182.000000
Violation: 926.000000
Violation: 454.000000
Violation: 567.000000
Violation: 139.000000
Violation: 504.000000
Violation: 469.000000
Violation: 152.000000
Violation: 423.000000
Violation: 173.000000
Violation: 304.000000
Violation: 208.000000
Violation: 142.000000
Violation: 160.000000
Violation: 78.000000
Violation: 310.000000
Violation: 141.000000
Violation: 220.000000
Violation: 580.000000
Violation: 310.000000
Violation: 424.000000
Violation: 41.000000
Violation: 428.000000
Violation: 753.000000
Violation: 381.000000
Violation: 40.000000
Violation: 726.000000
Violation: 760.000000
Violation: 264.000000
Violation: 803.000000
Violation: 629.000000
Violation: 374.000000
Violation: 700.000000
Violation: 275.000000
Violation: 722.000000
Violation: 263.000000
Violation: 83.000000
Violation: 162.000000
Violation: 643.000000
Violation: 447.000000
Violation: 499.000000
Violation: 575.000000
Violation: 37.000000
Violation: 708.000000
Violation: 352.000000
Violation: 587.000000
Violation: 293.000000
Violation: 389.000000
Violation: 251.000000
Violation: 471.000000
Violation: 384.000000
Violation: 285.000000
Violation: 290.000000
Violation: 1486.000000
Violation: 398.000000
Violation: 589.000000
Violation: 387.000000
Violation: 394.000000
Violation: 421.000000
Violation: 416.000000
Violation: 324.000000
Violation: 536.000000
Violation: 1159.000000
Violation: 647.000000
Violation: 396.000000
Violation: 759.000000
Violation: 379.000000
Violation: 242.000000
Violation: 277.000000
Violation: 506.000000
Violation: 240.000000
Violation: 591.000000
Violation: 93.000000
Violation: 489.000000
Violation: 172.000000
Violation: 1712.000000
Violation: 362.000000
Violation: 592.000000
Violation: 13.000000
Violation: 515.000000
Violation: 422.000000
Violation: 77.000000
Violation: 593.000000
Violation: 903.000000
Violation: 811.000000
Violation: 461.000000
Violation: 852.000000
Violation: 706.000000
Violation: 209.000000
Violation: 126.000000
Violation: 701.000000
Violation: 1320.000000
Violation: 763.000000
Violation: 925.000000
Violation: 68.000000
Violation: 92.000000
Violation: 1345.000000
Violation: 377.000000
Violation: 307.000000
Violation: 313.000000
Violation: 119.000000
Violation: 503.000000
Violation: 608.000000
Violation: 661.000000
Violation: 776.000000
Violation: 7.000000
Violation: 541.000000
Violation: 278.000000
Violation: 790.000000
Violation: 711.000000
Violation: 1057.000000
Violation: 74.000000
Violation: 174.000000
Violation: 796.000000
Violation: 97.000000
Violation: 83.000000
Violation: 188.000000
Violation: 707.000000
Violation: 709.000000
Violation: 889.000000
Violation: 147.000000
Violation: 938.000000
Violation: 514.000000
Violation: 196.000000
Violation: 702.000000
Violation: 158.000000
Violation: 826.000000
Violation: 109.000000
Violation: 600.000000
Violation: 379.000000
Violation: 881.000000
Violation: 611.000000
Violation: 389.000000
Violation: 200.000000
Violation: 1142.000000
Violation: 209.000000
Violation: 304.000000
Violation: 500.000000
Violation: 194.000000
Violation: 190.000000
Violation: 104.000000
Violation: 305.000000
Violation: 743.000000
Violation: 533.000000
Violation: 706.000000
Violation: 202.000000
Violation: 110.000000
Violation: 201.000000
Violation: 843.000000
Violation: 394.000000
Violation: 347.000000
Violation: 267.000000
Violation: 1183.000000
Violation: 839.000000
Violation: 1302.000000
Violation: 87.000000
Violation: 63.000000
Violation: 333.000000
Violation: 555.000000
Violation: 683.000000
Violation: 277.000000
Violation: 5.000000
Violation: 711.000000
Violation: 189.000000
Violation: 559.000000
Violation: 1288.000000
Violation: 1304.000000
Violation: 477.000000
Violation: 905.000000
Violation: 371.000000
Violation: 88.000000
Violation: 327.000000
Violation: 597.000000
Violation: 253.000000
Violation: 652.000000
Violation: 294.000000
Violation: 1076.000000
Violation: 616.000000
Violation: 479.000000
Violation: 1220.000000
Violation: 176.000000
Violation: 480.000000
Violation: 461.000000
Violation: 259.000000
Violation: 302.000000
Violation: 21.000000
Violation: 167.000000
Violation: 693.000000
Violation: 80.000000
Violation: 210.000000
Violation: 1152.000000
Violation: 1007.000000
8592 16
AQUIIII!!8 46 17 17 21 48 38 48 37 46 47 32 44 6 16 14 44 21 24 
20 52 26 27 22 49 
AQUIIII!!44 17 5 6 34 41 33 21 4 3 32 29 8 14 9 22 
AQUIIII!!29 8 46 47 17 21 26 37 9 27 52 41 48 22 14 44 
AQUIIII!!46 9 14 32 44 6 21 33 8 29 22 5 41 17 31 4 
AQUIIII!!52 20 34 37 26 16 49 48 40 18 47 22 44 24 51 46 
AQUIIII!!29 AQUIIII!!23 22 47 46 5 6 46 32 9 27 33 17 8 22 AQUIIII!!9 22 6 21 16 33 52 41 AQUIIII!!32 49 14 46 44 17 21 20 48 37 14 37 29 27 24 8 44 22 21 47 9 41 48 
47 51 44 14 38 48 
26 52 47 17 27 21 44 29 
46 41 26 16 
AQUIIII!!22 14 21 16 37 46 17 38 20 48 47 52 27 AQUIIII!!24 44 26 22 44 17 
8 9 33 14 32 48 21 29 46 47 41 27 6 
AQUIIII!!17 37 16 48 47 14 26 44 22 52 41 27 29 9 21 46 
AQUIIII!!46 52 AQUIIII!!14 21 37 24 26 27 16 17 49 44 47 21 52 AQUIIII!!27 37 49 47 38 24 41 44 27 9 20 48 29 26 17 22 8 38 17 22 44 48 48 46 47 

16 22 26 20 52 21 37 AQUIIII!!44 46 37 
38 48 AQUIIII!!16 52 20 48 24 16 26 21 20 47 24 17 AQUIIII!!26 49 44 46 38 14 52 27 9 27 21 22 4 22 
5 49 33 37 32 AQUIIII!!17 17 38 3 44 47 34 46 AQUIIII!!21 22 24 47 17 41 38 
AQUIIII!!52 21 27 44 14 44 29 38 37 48 46 8 21 27 21 6 AQUIIII!!48 47 
20 51 20 17 44 24 46 49 37 26 48 22 26 26 16 26 16 37 22 47 16 AQUIIII!!49 21 37 44 46 17 24 52 48 38 22 52 27 47 46 32 22 27 20 
46 47 52 16 49 17 
24 22 44 
20 23 
AQUIIII!!33 44 AQUIIII!!17 41 18 AQUIIII!!14 5 49 24 8 21 26 29 37 6 24 52 22 8 48 44 20 9 9 18 48 33 14 49 47 41 26 51 29 21 
16 16 46 47 44 27 40 34 47 48 52 32 34 22 6 22 40 
37 51 46 46 AQUIIII!!
20 44 
8 14 5 32 33 31 9 22 6 17 4 41 21 46 AQUIIII!!29 46 
24 52 27 37 48 20 AQUIIII!!44 AQUIIII!!47 14 21 24 21 22 44 22 38 40 17 8 16 49 41 48 16 47 26 52 
6 49 29 22 26 9 47 17 34 23 51 5 20 46 18 46 33 37 32 
44 
AQUIIII!!46 44 27 20 38 22 37 52 26 21 16 47 51 49 24 48 
AQUIIII!!14 48 46 26 27 21 9 37 29 52 44 17 41 22 8 47 
AQUIIII!!44 46 26 51 37 27 52 47 24 49 21 22 38 48 16 20 
AQUIIII!!29 41 48 9 21 22 52 37 16 17 47 27 46 26 14 44 
AQUIIII!!44 29 46 27 47 32 17 9 41 21 8 48 33 22 14 6 
AQUIIII!!37 38 24 44 26 22 16 20 21 27 52 51 46 47 48 49 
AQUIIII!!21 AQUIIII!!48 27 47 8 AQUIIII!!22 17 52 22 38 27 48 37 48 14 16 20 41 26 17 9 16 49 33 37 46 29 49 6 24 44 32 51 38 47 52 21 46 24 20 44 26 
AQUIIII!!21 22 27 46 AQUIIII!!47 44 37 52 46 
14 37 
AQUIIII!!38 47 9 20 51 8 46 AQUIIII!!22 41 24 44 16 27 16 37 34 22 52 48 38 21 22 19 26 17 48 40 47 52 21 24 14 47 14 18 AQUIIII!!46 17 16 24 49 33 26 46 20 27 27 32 AQUIIII!!48 44 26 29 17 21 38 

6 22 27 16 AQUIIII!!48 46 8 27 44 17 44 48 37 51 22 47 
47 48 17 46 14 24 21 41 37 21 26 9 49 22 20 33 27 52 
29 22 14 6 52 32 47 24 47 48 20 AQUIIII!!46 26 44 44 21 46 

20 8 38 48 16 14 
22 41 27 44 17 26 52 29 47 21 AQUIIII!!37 21 AQUIIII!!9 27 44 37 
49 22 22 21 16 AQUIIII!!32 47 16 48 5 26 38 40 8 20 52 18 14 24 44 46 17 34 51 9 37 26 51 44 34 
48 33 24 41 20 47 6 22 4 52 3 49 29 46 

AQUIIII!!44 17 22 29 48 AQUIIII!!46 44 27 9 33 47 47 17 21 6 6 23 5 41 AQUIIII!!46 9 46 29 32 41 22 8 24 14 14 37 22 
27 33 21 32 52 21 AQUIIII!!8 20 44 49 
51 37 26 34 48 18 24 16 AQUIIII!!22 44 52 47 49 38 44 48 17 21 AQUIIII!!46 46 20 47 46 40 41 
16 44 26 38 16 27 47 52 47 
29 24 9 48 17 26 48 AQUIIII!!37 26 46 8 27 17 37 22 6 14 17 22 9 49 21 41 AQUIIII!!20 52 29 
51 
48 19 33 49 47 46 21 16 8 24 14 27 20 32 40 22 37 AQUIIII!!44 18 46 
8 22 33 52 6 48 21 5 34 17 47 44 26 41 
14 31 22 32 4 9 29 
AQUIIII!!37 48 16 17 21 47 44 27 41 14 29 22 9 26 52 46 
AQUIIII!!47 44 21 46 16 38 52 24 48 26 37 27 22 17 49 20 
AQUIIII!!27 44 22 AQUIIII!!9 16 8 47 29 29 52 27 47 46 21 22 48 21 37 48 17 17 14 14 41 41 26 26 37 46 52 
9 AQUIIII!!44 46 
16 20 22 27 49 26 47 48 24 37 52 17 21 38 44 
AQUIIII!!44 51 26 37 52 34 24 22 47 40 20 49 48 16 AQUIIII!!18 46 46 16 
24 49 51 26 19 40 37 48 20 22 52 47 34 18 
AQUIIII!!48 AQUIIII!!52 22 26 41 21 47 37 8 41 32 29 48 8 29 9 17 46 21 14 6 27 14 22 33 17 27 44 44 47 9 
46 
AQUIIII!!46 AQUIIII!!46 14 16 47 37 24 52 27 27 47 20 26 21 44 21 26 37 17 48 48 9 22 AQUIIII!!14 29 38 44 
17 AQUIIII!!24 44 44 52 8 52 20 22 41 9 48 14 8 47 46 17 22 33 37 AQUIIII!!17 
46 49 32 5 22 8 21 5 27 29 6 21 29 23 16 22 6 38 31 47 44 26 32 17 46 41 41 4 

21 14 AQUIIII!!AQUIIII!!33 44 46 9 
48 20 14 24 34 27 AQUIIII!!32 52 8 17 40 48 46 51 47 21 49 17 22 21 16 41 9 18 6 26 48 AQUIIII!!29 44 22 46 8 27 51 47 47 22 48 26 9 49 14 44 33 20 29 37 19 
52 24 
41 34 37 26 46 22 
16 52 18 47 37 40 AQUIIII!!
49 48 19 16 52 26 34 40 22 18 51 37 20 24 47 46 
AQUIIII!!44 46 16 22 47 9 26 AQUIIII!!41 46 27 37 52 48 48 16 29 26 17 27 21 52 37 38 14 47 
17 44 21 49 24 22 20 
AQUIIII!!46 48 51 22 37 18 47 20 52 24 19 40 34 16 26 49 
AQUIIII!!44 22 47 21 29 41 48 AQUIIII!!17 44 9 8 14 6 16 32 52 5 26 22 27 46 37 9 46 47 
41 33 23 17 29 21 14 
AQUIIII!!46 51 48 49 20 19 24 34 26 22 16 52 18 47 37 40 
AQUIIII!!48 22 9 47 21 41 6 29 32 8 14 27 17 44 33 46 
AQUIIII!!44 14 48 22 27 46 16 24 37 21 17 47 52 20 26 38 
AQUIIII!!9 17 37 21 27 46 29 14 47 52 22 41 26 8 48 44 
AQUIIII!!46 29 33 32 8 21 44 48 9 17 41 27 AQUIIII!!22 44 14 9 6 AQUIIII!!3 47 44 
17 52 6 21 4 46 33 24 8 22 20 14 26 21 AQUIIII!!37 34 9 16 29 32 17 5 22 27 41 29 48 14 32 47 47 22 14 5 
38 8 
33 23 6 21 17 41 46 44 AQUIIII!!
26 9 17 47 46 27 48 8 21 AQUIIII!!29 46 41 17 26 14 22 52 52 22 44 37 27 41 44 14 
47 9 48 37 29 21 16 
AQUIIII!!46 41 6 5 9 AQUIIII!!29 AQUIIII!!44 38 33 6 26 14 29 48 44 47 16 8 17 37 47 24 27 21 33 52 8 23 14 14 22 17 46 22 17 32 32 21 22 AQUIIII!!46 
21 44 41 20 48 48 47 47 9 22 27 
46 44 18 
40 51 20 16 34 AQUIIII!!24 44 49 22 52 49 37 38 26 16 
24 37 47 26 17 52 AQUIIII!!20 20 46 46 21 51 48 38 27 22 
44 27 26 37 48 21 52 47 24 16 49 
AQUIIII!!AQUIIII!!44 44 29 49 3 16 14 20 33 26 17 34 5 21 22 6 37 41 24 22 52 4 38 17 46 9 48 21 27 8 47 32 

AQUIIII!!49 40 51 24 34 44 20 48 37 46 47 16 52 26 18 22 
AQUIIII!!44 52 48 27 24 26 21 37 16 38 AQUIIII!!14 33 22 44 20 21 47 47 46 32 AQUIIII!!17 8 46 
29 33 41 14 6 22 AQUIIII!!41 46 47 29 14 46 47 22 22 5 21 5 44 23 23 16 44 17 24 AQUIIII!!8 44 9 38 21 AQUIIII!!47 
32 52 46 46 6 17 17 41 17 48 9 9 5 20 26 
8 37 37 27 9 AQUIIII!!14 14 26 14 29 32 8 49 52 4 5 
29 31 41 4 21 48 17 44 21 32 33 22 22 22 21 17 16 44 6 27 9 29 6 

33 41 31 46 
AQUIIII!!44 48 47 14 26 52 29 9 17 46 AQUIIII!!22 33 37 44 21 21 27 47 8 32 41 8 
29 41 6 46 14 AQUIIII!!22 5 44 23 24 17 20 9 
22 46 38 16 27 26 48 49 37 21 47 52 17 
AQUIIII!!40 47 24 26 20 16 AQUIIII!!34 44 41 52 29 37 46 14 48 17 18 27 6 22 21 48 49 9 44 47 22 51 8 33 46 32 

AQUIIII!!46 24 40 48 37 16 34 51 47 19 52 20 22 49 18 26 
AQUIIII!!46 44 27 6 33 41 22 8 32 17 AQUIIII!!9 14 52 21 14 29 47 47 48 48 44 
29 26 41 22 9 16 21 27 AQUIIII!!37 49 17 20 AQUIIII!!34 46 44 
51 26 19 AQUIIII!!16 37 46 26 37 29 22 48 22 48 24 14 8 18 52 40 41 27 52 9 47 22 20 21 21 16 6 38 47 46 44 46 17 AQUIIII!!14 
24 48 4 
51 32 20 44 17 47 31 46 5 16 33 52 
40 18 49 26 34 37 22 24 
AQUIIII!!46 16 24 22 44 48 20 49 26 17 37 38 AQUIIII!!52 41 47 44 26 27 47 21 8 
52 21 37 22 48 27 14 AQUIIII!!AQUIIII!!17 47 44 9 46 52 29 27 47 46 37 
49 51 16 49 22 16 20 48 24 52 51 18 38 24 37 48 44 46 20 26 21 22 40 34 26 

AQUIIII!!47 46 27 37 51 49 16 48 52 38 24 44 20 21 AQUIIII!!22 44 26 26 
48 52 22 20 14 16 37 46 27 47 24 38 21 17 
AQUIIII!!46 29 17 21 16 26 52 47 22 37 27 14 48 44 9 41 
AQUIIII!!49 26 16 44 48 24 47 38 27 46 51 37 52 21 20 22 
AQUIIII!!47 AQUIIII!!44 44 48 27 16 16 24 29 20 AQUIIII!!37 26 46 48 46 9 46 38 6 52 52 41 47 37 22 26 17 22 47 22 17 27 29 21 21 33 41 49 27 9 
32 14 17 
21 14 44 8 48 
AQUIIII!!47 29 9 14 33 5 23 8 22 17 6 44 41 32 21 46 
AQUIIII!!22 48 AQUIIII!!44 44 24 9 49 52 14 27 32 51 4 20 26 29 38 16 17 21 21 37 6 47 33 46 
8 3 5 41 34 22 
AQUIIII!!37 49 22 24 20 48 38 52 47 16 17 21 27 46 26 44 
AQUIIII!!14 46 48 27 29 33 47 22 44 6 17 32 8 9 21 41 
AQUIIII!!44 16 26 48 37 29 14 47 46 AQUIIII!!52 26 9 24 22 38 17 21 27 41 14 21 20 
52 47 16 37 27 22 48 17 44 46 
AQUIIII!!21 AQUIIII!!17 21 48 22 22 37 32 48 47 16 24 44 20 9 27 6 38 33 26 41 46 29 47 14 51 8 52 27 49 46 44 

AQUIIII!!14 46 48 47 32 41 17 9 21 22 33 29 44 8 27 6 
AQUIIII!!21 46 44 20 47 27 49 51 22 52 48 37 16 38 24 26 
AQUIIII!!14 46 48 47 32 41 17 9 21 AQUIIII!!22 46 33 17 29 38 44 49 8 47 27 52 6 24 
26 48 21 16 44 27 22 37 20 
AQUIIII!!44 AQUIIII!!44 51 26 47 46 37 17 52 9 34 26 24 37 22 14 47 29 40 52 20 41 49 48 48 21 16 22 18 16 46 27 

AQUIIII!!44 14 29 37 48 46 22 17 41 52 27 26 47 9 16 21 
AQUIIII!!46 47 20 49 22 18 26 48 51 34 24 37 16 19 52 40 
AQUIIII!!46 20 37 24 47 18 34 48 49 19 22 52 16 40 51 26 
AQUIIII!!46 47 20 49 22 18 26 48 51 34 24 37 16 19 52 40 
AQUIIII!!32 5 8 AQUIIII!!4 47 46 44 6 27 29 22 14 21 14 9 6 41 31 41 17 9 22 32 8 17 33 46 48 44 
21 29 33 
AQUIIII!!46 48 AQUIIII!!41 44 37 48 29 46 26 47 47 27 22 AQUIIII!!51 8 37 51 16 52 38 46 27 20 44 26 9 20 21 44 22 49 14 49 22 18 17 24 52 21 40 52 
48 16 26 
37 24 34 47 
AQUIIII!!44 21 20 26 17 48 37 46 AQUIIII!!24 51 22 16 38 46 44 27 52 20 22 49 49 47 18 16 52 
40 48 26 37 24 34 47 
AQUIIII!!49 48 51 34 37 47 22 46 19 52 40 16 20 24 26 18 
AQUIIII!!44 22 23 17 5 33 32 9 6 14 41 21 47 29 46 8 
AQUIIII!!16 37 49 22 48 20 27 24 52 47 17 26 21 44 38 46 
AQUIIII!!44 38 21 51 20 46 47 52 16 27 22 37 49 24 26 48 
AQUIIII!!44 48 51 22 16 49 40 37 20 34 52 18 24 47 46 26 
AQUIIII!!48 18 24 51 49 37 20 40 16 44 47 52 34 26 22 46 
AQUIIII!!46 41 31 21 6 22 29 14 32 AQUIIII!!8 47 5 44 44 9 24 33 17 4 16 17 46 
26 48 37 21 38 52 20 14 22 27 
AQUIIII!!44 32 46 21 8 41 29 AQUIIII!!5 46 17 47 9 20 33 37 6 22 49 14 24 22 21 4 51 31 16 38 
52 27 48 44 26 
AQUIIII!!44 47 41 32 5 46 17 14 29 23 22 9 6 21 8 33 
AQUIIII!!46 47 20 37 22 49 24 21 51 16 38 52 27 48 44 26 AQUIIII!!
16 51 46 37 20 38 26 44 48 27 52 21 47 22 49 AQUIIII!!24 46 
47 20 37 22 AQUIIII!!49 44 24 47 21 41 51 32 16 5 38 46 52 17 27 14 48 29 44 23 26 22 
9 6 21 8 33 
AQUIIII!!46 26 49 47 24 51 37 34 44 16 22 18 48 20 52 40 
AQUIIII!!44 48 17 52 AQUIIII!!22 44 29 6 14 26 4 21 21 9 32 14 29 46 5 41 9 47 34 41 37 16 22 8 27 
3 33 17 
AQUIIII!!44 41 9 48 46 37 47 22 29 27 14 17 8 21 52 26 
AQUIIII!!44 24 38 47 48 46 17 22 14 52 26 20 37 16 21 AQUIIII!!27 44 
41 48 29 8 9 26 52 22 27 47 17 46 AQUIIII!!21 46 37 18 14 
20 AQUIIII!!16 44 22 9 48 22 19 27 51 41 14 52 48 26 37 34 26 37 17 AQUIIII!!24 16 46 47 52 14 40 46 17 49 21 6 
29 33 47 23 AQUIIII!!
47 46 41 47 52 5 44 22 17 8 21 AQUIIII!!9 9 21 27 21 46 48 29 44 37 32 14 37 26 44 27 29 48 
8 16 41 22 17 
9 41 22 52 14 26 29 47 
AQUIIII!!AQUIIII!!44 21 44 33 46 5 32 29 29 22 22 4 6 3 8 5 17 41 14 9 33 6 14 32 34 
21 4 41 AQUIIII!!46 9 47 31 52 44 17 17 8 21 9 
27 48 37 14 26 29 8 41 22 
AQUIIII!!44 14 29 52 17 46 47 26 9 22 27 21 8 48 41 37 
AQUIIII!!46 26 34 49 18 52 37 20 16 48 44 24 40 51 22 47 
AQUIIII!!46 26 27 14 9 44 47 48 29 52 21 41 22 17 8 37 
AQUIIII!!44 46 48 18 49 20 16 22 52 24 47 26 37 34 51 40 
AQUIIII!!46 26 37 20 51 40 24 52 48 22 18 47 49 19 16 34 
AQUIIII!!44 21 29 5 14 22 9 6 31 AQUIIII!!33 44 4 46 17 48 46 18 8 49 41 20 32 16 
22 52 24 47 26 37 34 51 40 
AQUIIII!!46 21 20 14 52 38 27 44 17 37 22 16 24 AQUIIII!!47 44 48 46 26 AQUIIII!!8 
9 44 29 24 31 47 17 6 21 5 48 22 4 14 33 37 14 16 32 20 41 26 21 22 
52 17 AQUIIII!!46 38 17 46 47 23 27 5 
21 9 AQUIIII!!8 9 29 22 14 44 37 33 14 6 27 41 21 22 41 32 26 
17 29 52 16 46 47 48 44 
AQUIIII!!46 32 21 6 5 22 41 33 17 14 29 8 44 4 9 31 
AQUIIII!!44 46 47 52 24 26 48 51 27 22 49 16 38 21 37 20 
AQUIIII!!46 24 26 21 16 27 17 37 48 22 52 20 49 38 47 44 
AQUIIII!!46 27 26 22 37 17 AQUIIII!!44 46 9 49 47 48 14 16 52 51 29 38 41 37 48 22 16 27 21 44 
24 47 21 52 20 26 
AQUIIII!!47 46 17 29 22 6 21 48 44 27 32 33 9 14 8 41 
AQUIIII!!22 20 52 47 27 44 26 49 AQUIIII!!48 44 24 38 3 16 32 46 6 21 5 37 51 21 
33 4 14 9 41 8 22 17 34 29 
AQUIIII!!47 44 22 29 26 17 21 48 8 37 52 41 9 27 46 14 
AQUIIII!!46 9 29 26 41 17 48 14 22 44 16 21 37 52 47 27 
AQUIIII!!46 22 49 19 37 48 18 40 16 51 26 47 34 20 24 AQUIIII!!52 44 
21 29 3 32 6 9 34 14 8 41 33 4 22 17 5 
AQUIIII!!44 22 38 24 17 16 27 21 52 47 49 46 26 48 37 20 
AQUIIII!!46 51 21 37 20 26 49 AQUIIII!!22 46 27 48 26 38 9 24 41 16 37 48 47 8 44 29 52 17 47 52 
14 44 22 21 27 
AQUIIII!!44 46 16 22 47 9 26 41 27 52 48 29 17 21 37 14 
AQUIIII!!41 44 46 29 8 37 21 47 9 52 14 27 26 48 22 17 
AQUIIII!!44 37 20 48 16 21 49 52 17 27 24 38 47 26 46 22 
AQUIIII!!46 22 49 26 40 51 16 37 18 48 24 34 52 19 20 47 
AQUIIII!!46 48 21 9 29 27 22 32 6 33 14 8 44 17 47 41 
AQUIIII!!47 46 20 19 52 37 40 51 34 16 22 24 26 49 AQUIIII!!18 46 48 48 
29 41 14 32 44 33 21 27 9 47 22 6 8 17 
AQUIIII!!46 40 48 34 47 37 22 49 52 26 18 51 24 44 16 20 
AQUIIII!!44 40 34 24 51 37 22 47 18 26 16 20 46 49 52 48 
AQUIIII!!46 26 49 37 44 52 47 48 38 21 20 27 16 24 17 22 
AQUIIII!!46 51 27 47 37 16 49 48 44 52 20 22 21 24 38 26 
AQUIIII!!44 21 46 17 48 20 27 47 38 49 24 52 26 22 37 16 
AQUIIII!!44 21 46 17 48 20 27 47 38 49 24 52 26 22 37 16 
Number of Cuts in the second phase:4871
Number of repeat: 4636 
Violation: 761.000000
Violation: 702.000000
Violation: 290.000000
Violation: 104.000000
Violation: 432.000000
Violation: 18.000000
Violation: 388.000000
Violation: 259.000000
Violation: 290.000000
Violation: 703.000000
Violation: 194.000000
Violation: 555.000000
Violation: 26.000000
Violation: 691.000000
Violation: 605.000000
Violation: 1292.000000
Violation: 423.000000
Violation: 478.000000
Violation: 927.000000
Violation: 512.000000
Violation: 800.000000
Violation: 789.000000
Violation: 173.000000
Violation: 100.000000
Violation: 1004.000000
Violation: 152.000000
Violation: 235.000000
Violation: 414.000000
Violation: 872.000000
Violation: 150.000000
Violation: 704.000000
Violation: 878.000000
Violation: 150.000000
Violation: 376.000000
Violation: 166.000000
Violation: 611.000000
Violation: 625.000000
Violation: 724.000000
Violation: 192.000000
Violation: 787.000000
Violation: 983.000000
Violation: 178.000000
Violation: 920.000000
Violation: 1141.000000
Violation: 114.000000
Violation: 775.000000
Violation: 1098.000000
Violation: 1184.000000
Violation: 927.000000
Violation: 194.000000
Violation: 588.000000
Violation: 635.000000
Violation: 276.000000
Violation: 720.000000
Violation: 1150.000000
Violation: 19.000000
Violation: 798.000000
Violation: 13.000000
Violation: 328.000000
Violation: 304.000000
Violation: 394.000000
Violation: 609.000000
Violation: 206.000000
Violation: 783.000000
Violation: 1312.000000
Violation: 465.000000
Violation: 504.000000
Violation: 577.000000
Violation: 205.000000
Violation: 1049.000000
Violation: 631.000000
Violation: 498.000000
Violation: 912.000000
Violation: 736.000000
Violation: 189.000000
Violation: 470.000000
Violation: 585.000000
Violation: 90.000000
Violation: 142.000000
Violation: 49.000000
Violation: 818.000000
Violation: 1074.000000
Violation: 487.000000
Violation: 926.000000
Violation: 1292.000000
Violation: 84.000000
Violation: 414.000000
Violation: 796.000000
Violation: 1358.000000
Violation: 348.000000
Violation: 342.000000
Violation: 489.000000
Violation: 327.000000
Violation: 37.000000
Violation: 748.000000
Violation: 22.000000
Violation: 188.000000
Violation: 666.000000
Violation: 588.000000
Violation: 63.000000
Violation: 197.000000
Violation: 80.000000
Violation: 561.000000
Violation: 734.000000
Violation: 237.000000
Violation: 30.000000
Violation: 11.000000
Violation: 202.000000
Violation: 290.000000
Violation: 776.000000
Violation: 1182.000000
Violation: 476.000000
Violation: 82.000000
Violation: 142.000000
Violation: 478.000000
Violation: 351.000000
Violation: 284.000000
Violation: 1312.000000
Violation: 382.000000
Violation: 118.000000
Violation: 421.000000
Violation: 484.000000
Violation: 388.000000
Violation: 238.000000
Violation: 700.000000
Violation: 175.000000
Violation: 549.000000
Violation: 184.000000
Violation: 543.000000
Violation: 221.000000
Violation: 445.000000
Violation: 945.000000
Violation: 598.000000
Violation: 101.000000
Violation: 84.000000
Violation: 771.000000
Violation: 1127.000000
Violation: 1175.000000
Violation: 264.000000
Violation: 46.000000
Violation: 94.000000
Violation: 82.000000
Violation: 621.000000
Violation: 124.000000
Violation: 66.000000
Violation: 292.000000
Violation: 269.000000
Violation: 273.000000
Violation: 260.000000
Violation: 599.000000
Violation: 386.000000
Violation: 123.000000
Violation: 150.000000
Violation: 275.000000
Violation: 575.000000
Violation: 1353.000000
Violation: 760.000000
Violation: 1582.000000
Violation: 474.000000
Violation: 192.000000
Violation: 130.000000
Violation: 368.000000
Violation: 1386.000000
Violation: 419.000000
Violation: 622.000000
Violation: 57.000000
Violation: 373.000000
Violation: 431.000000
Violation: 452.000000
Violation: 609.000000
Violation: 174.000000
Violation: 102.000000
Violation: 652.000000
Violation: 52.000000
Violation: 239.000000
Violation: 183.000000
Violation: 1303.000000
Violation: 484.000000
Violation: 132.000000
Violation: 402.000000
Violation: 380.000000
Violation: 346.000000
Violation: 761.000000
Violation: 1186.000000
Violation: 302.000000
Violation: 303.000000
Violation: 455.000000
Violation: 132.000000
Violation: 285.000000
Violation: 447.000000
Violation: 191.000000
Violation: 703.000000
Violation: 457.000000
Violation: 380.000000
Violation: 42.000000
Violation: 132.000000
Violation: 996.000000
Violation: 1724.000000
Violation: 25.000000
Violation: 778.000000
Violation: 735.000000
Violation: 600.000000
Violation: 609.000000
Violation: 687.000000
Violation: 701.000000
Violation: 400.000000
Violation: 144.000000
Violation: 304.000000
Violation: 195.000000
Violation: 322.000000
Violation: 487.000000
Violation: 93.000000
Violation: 552.000000
Violation: 195.000000
Violation: 233.000000
Violation: 456.000000
Violation: 1288.000000
Violation: 73.000000
Violation: 74.000000
Violation: 90.000000
Violation: 447.000000
Violation: 530.000000
Violation: 608.000000
Violation: 485.000000
Violation: 836.000000
Violation: 626.000000
Violation: 383.000000
Violation: 43.000000
Violation: 609.000000
Violation: 493.000000
Violation: 404.000000
Violation: 477.000000
Violation: 1527.000000
Violation: 109.000000
Violation: 193.000000
816 16
AQUIIII!!46 29 26 22 21 48 47 41 14 16 17 27 37 9 44 52 
AQUIIII!!16 47 49 46 26 24 51 19 18 48 34 52 37 40 20 22 
AQUIIII!!27 16 52 37 17 14 22 38 26 21 48 20 24 44 47 46 
AQUIIII!!22 46 17 21 29 27 52 16 37 9 41 47 AQUIIII!!26 17 14 20 48 48 44 24 
52 16 49 21 38 37 26 27 47 22 44 46 AQUIIII!!
8 AQUIIII!!23 16 6 48 21 52 9 AQUIIII!!14 20 41 32 22 4 33 40 8 29 24 33 17 51 31 19 47 17 5 34 AQUIIII!!21 41 49 48 22 22 18 17 32 46 AQUIIII!!26 26 6 AQUIIII!!37 44 17 29 52 48 47 
47 9 46 24 46 33 5 27 
49 44 14 9 51 14 44 16 16 29 21 46 6 
46 37 AQUIIII!!22 14 38 8 47 23 23 27 52 29 9 6 41 8 21 22 AQUIIII!!22 9 41 47 41 14 44 37 32 4 
32 21 21 8 26 33 5 33 20 46 29 31 
17 44 17 47 
21 5 22 41 32 22 AQUIIII!!6 46 17 29 44 AQUIIII!!48 9 
9 5 14 AQUIIII!!14 AQUIIII!!5 46 22 44 34 17 47 46 46 14 21 9 17 AQUIIII!!
29 27 27 21 22 21 46 21 29 49 8 26 33 27 20 3 52 52 41 47 22 37 16 22 26 41 16 6 37 37 6 22 9 32 18 32 47 41 16 8 4 48 40 47 29 17 20 34 26 44 33 14 24 14 
44 51 24 48 
48 38 44 19 44 
52 
46 
AQUIIII!!46 47 44 17 20 16 24 52 38 48 22 37 26 27 21 14 
AQUIIII!!37 17 47 20 24 16 21 52 14 26 27 38 48 44 22 46 
AQUIIII!!47 44 17 49 21 52 16 46 24 27 22 20 38 26 48 37 
AQUIIII!!6 33 9 4 14 29 21 8 44 22 31 5 32 17 41 46 
AQUIIII!!32 21 41 33 AQUIIII!!14 22 22 37 48 44 AQUIIII!!6 20 21 46 48 22 9 47 29 14 21 17 5 17 8 32 14 27 29 26 47 8 24 44 17 27 
9 16 6 52 44 38 31 46 4 
33 41 46 
AQUIIII!!47 33 5 46 23 41 8 29 9 22 14 6 21 32 17 44 
AQUIIII!!26 52 47 22 48 46 51 49 24 34 37 40 16 AQUIIII!!18 46 20 48 44 14 
41 44 AQUIIII!!AQUIIII!!17 46 46 29 17 47 26 29 52 27 14 24 47 52 49 9 26 16 37 8 44 38 22 41 21 52 22 26 21 9 37 
37 20 47 51 48 44 21 22 8 27 27 48 

AQUIIII!!46 44 9 23 6 32 14 5 17 47 29 8 22 33 21 41 
AQUIIII!!46 47 52 24 49 16 38 21 26 37 20 51 44 22 27 48 
AQUIIII!!52 27 8 29 48 26 21 17 37 44 14 22 41 9 46 47 
AQUIIII!!38 51 47 48 49 24 52 46 27 26 20 37 21 16 22 44 
AQUIIII!!33 14 21 32 22 34 17 8 29 41 AQUIIII!!6 34 4 44 9 48 3 26 5 20 44 51 
52 24 47 40 49 37 22 18 16 46 
AQUIIII!!44 29 17 47 52 26 46 41 27 21 48 37 9 14 8 22 
AQUIIII!!44 22 9 46 41 33 4 8 21 17 6 29 14 31 5 32 
AQUIIII!!20 52 48 21 37 26 46 51 24 38 47 49 22 27 16 44 
AQUIIII!!17 6 9 AQUIIII!!22 27 8 14 33 27 46 47 26 29 9 32 52 44 41 21 48 41 21 14 8 46 47 48 37 
17 22 29 44 
AQUIIII!!20 21 27 24 51 49 22 47 38 37 52 48 26 16 46 44 
AQUIIII!!44 3 17 33 9 4 34 AQUIIII!!29 20 5 AQUIIII!!21 6 44 14 27 21 22 24 8 21 51 6 32 49 31 41 22 14 8 9 47 
33 38 5 37 17 52 41 48 22 26 29 16 32 46 46 44 4 

AQUIIII!!27 47 20 16 49 52 26 21 17 37 38 24 44 48 22 46 
AQUIIII!!29 41 17 22 8 27 21 32 6 48 33 14 9 46 47 44 
AQUIIII!!47 46 AQUIIII!!48 26 37 17 22 27 49 9 38 44 47 37 16 21 48 29 27 41 24 22 26 8 21 52 17 14 52 
44 20 46 
AQUIIII!!9 23 33 8 6 32 46 21 22 14 41 47 17 5 29 44 
AQUIIII!!40 26 37 18 52 49 16 47 51 24 22 48 34 19 20 46 
AQUIIII!!44 21 5 23 14 6 41 33 22 9 47 46 29 8 17 32 
AQUIIII!!46 44 22 9 33 6 5 41 17 8 29 31 21 32 14 4 
AQUIIII!!5 46 14 41 8 32 6 29 9 23 22 47 17 21 33 44 
AQUIIII!!5 46 14 41 8 32 6 29 9 23 22 47 17 21 33 44 
AQUIIII!!32 41 22 17 9 29 33 8 14 3 4 21 5 34 6 44 
AQUIIII!!44 41 17 32 29 22 5 33 9 47 8 14 21 46 6 23 
AQUIIII!!44 21 32 48 6 33 8 14 41 22 46 9 27 47 29 17 
AQUIIII!!44 47 20 51 22 16 46 AQUIIII!!49 44 26 6 27 4 38 17 21 31 37 5 52 33 24 46 48 14 
29 9 8 32 22 21 41 
AQUIIII!!44 AQUIIII!!21 46 29 48 17 14 47 46 16 27 41 14 22 22 8 21 6 41 27 17 47 37 48 9 32 44 9 29 33 52 
26 
AQUIIII!!44 47 AQUIIII!!20 37 51 44 22 46 16 46 26 49 48 26 52 27 38 38 47 21 27 37 22 52 17 24 16 48 24 
20 21 49 
AQUIIII!!46 20 17 22 21 47 38 48 52 16 24 27 37 49 44 26 
AQUIIII!!44 21 29 6 17 33 27 22 47 8 46 41 9 48 14 32 
AQUIIII!!47 44 29 9 6 17 32 27 14 21 22 41 33 46 48 8 
Number of Cuts in the second phase:453
Number of repeat: 435 
Violation: 74.000000
Violation: 962.000000
Violation: 343.000000
Violation: 837.000000
Violation: 932.000000
Violation: 711.000000
Violation: 135.000000
Violation: 327.000000
Violation: 968.000000
Violation: 243.000000
Violation: 374.000000
Violation: 65.000000
Violation: 530.000000
Violation: 604.000000
Violation: 198.000000
Violation: 291.000000
Violation: 114.000000
Violation: 135.000000
took 5.521181
Optimize a model with 1082 rows, 906 columns and 14866 nonzeros
Coefficient statistics:
  Matrix range     [1e+00, 4e+01]
  Objective range  [0e+00, 0e+00]
  Bounds range     [1e+00, 4e+01]
  RHS range        [1e+00, 1e+02]
Presolve removed 521 rows and 108 columns
Presolve time: 0.00s
Presolved: 561 rows, 798 columns, 10711 nonzeros

Iteration    Objective       Primal Inf.    Dual Inf.      Time
       0    0.0000000e+00   4.508044e+01   0.000000e+00      0s
     115    0.0000000e+00   0.000000e+00   0.000000e+00      0s

Solved in 115 iterations and 0.01 seconds
Optimal objective  0.000000000e+00
