j3017_4.mm_s0.txt
Academic license - for non-commercial use only
Read LP format model from file lp/j3017_4.mm.lp
Reading time = 0.01 seconds
: 351 rows, 906 columns, 9053 nonzeros
OKGPU
nThreads: 1024 , nBlocks: 12 
Number cuts generated in the phase 1: 13
Number of repeat: 0 
violation 714.000000
violation 695.000000
violation 185.000000
violation 585.000000
violation 236.000000
violation 674.000000
violation 674.000000
violation 782.000000
violation 423.000000
violation 27.000000
violation 198.000000
violation 402.000000
violation 750.000000
8592 16
48 3 AQUIIII!!16 26 51 31 17 33 9 16 36 17 43 51 54 36 
48 6 AQUIIII!!7 31 23 23 49 8 3 29 43 19 10 18 54 48 
34 36 7 6 51 49 33 3 54 
AQUIIII!!54 18 51 8 31 7 36 34 26 49 29 48 23 3 AQUIIII!!6 31 17 
23 34 7 19 3 8 33 49 36 29 18 54 48 51 6 
AQUIIII!!9 48 5 AQUIIII!!10 34 16 50 4 6 37 23 33 18 43 19 23 3 17 20 49 44 36 41 26 8 54 22 51 36 
AQUIIII!!7 33 51 36 54 23 
AQUIIII!!26 31 4 34 49 16 43 36 17 49 9 43 5 AQUIIII!!6 16 7 50 AQUIIII!!37 26 6 8 48 51 41 20 10 3 8 34 54 17 44 3 51 23 51 49 
8 7 36 48 23 18 54 22 29 
7 36 23 18 20 37 3 6 34 33 19 51 54 19 
54 
AQUIIII!!54 17 10 26 33 5 23 37 36 49 43 16 51 9 48 4 
AQUIIII!!54 22 6 41 20 8 36 18 23 50 44 19 3 7 34 51 
AQUIIII!!49 54 31 AQUIIII!!6 48 9 54 16 10 23 51 51 5 48 33 17 23 10 43 36 17 43 9 26 16 3 4 33 26 
37 36 49 
AQUIIII!!20 53 52 8 44 36 22 41 34 AQUIIII!!51 50 48 58 54 18 26 38 6 57 34 11 8 19 7 
49 36 29 23 31 3 17 18 
AQUIIII!!4 17 43 9 51 49 23 16 26 5 37 10 33 48 36 54 
AQUIIII!!54 23 51 33 31 48 16 49 26 6 17 7 36 10 3 43 
AQUIIII!!54 19 AQUIIII!!6 54 51 4 41 51 3 49 20 37 18 23 50 26 7 5 34 48 44 9 8 17 23 36 22 33 36 43 
16 10 
AQUIIII!!26 AQUIIII!!16 44 6 34 3 52 31 7 48 19 36 18 43 36 17 8 10 41 23 20 AQUIIII!!33 3 23 9 23 26 54 22 10 51 6 33 49 50 5 
54 43 
51 3 AQUIIII!!16 18 17 23 9 49 49 7 48 36 31 3 36 33 54 19 
20 34 51 29 8 6 37 54 
AQUIIII!!54 9 16 43 49 23 4 10 37 17 33 48 26 36 51 5 
AQUIIII!!9 54 23 26 51 43 36 49 3 16 33 17 10 5 48 31 
AQUIIII!!6 7 54 36 43 10 33 31 51 23 3 48 26 17 16 49 
AQUIIII!!31 23 48 33 36 49 43 6 26 17 10 16 3 9 51 54 
AQUIIII!!31 23 48 33 36 49 43 6 26 17 10 16 3 9 51 54 
AQUIIII!!18 8 7 50 6 44 20 19 41 23 34 52 36 22 3 54 
AQUIIII!!34 48 43 3 AQUIIII!!51 45 23 34 8 14 17 13 31 33 49 15 26 12 16 38 6 25 7 37 36 55 54 0 
56 47 21 59 AQUIIII!!
36 5 51 43 48 49 26 31 17 10 AQUIIII!!16 41 23 7 3 3 33 8 9 6 54 23 20 
44 34 19 36 50 22 52 18 54 
AQUIIII!!8 7 48 18 31 33 AQUIIII!!34 36 29 5 36 51 51 43 6 48 23 49 49 26 19 31 3 17 54 10 
16 23 3 33 9 54 
AQUIIII!!25 12 38 45 15 13 56 0 37 55 34 33 14 47 59 21 
AQUIIII!!23 51 7 36 34 6 AQUIIII!!29 20 33 19 36 48 23 18 44 31 34 49 3 3 7 8 54 8 
52 41 6 19 18 22 50 54 
AQUIIII!!AQUIIII!!54 54 7 34 8 36 6 26 41 23 44 17 22 48 34 7 36 19 6 23 49 50 51 20 AQUIIII!!31 3 54 16 18 17 3 51 43 3 
9 8 
36 10 51 49 48 23 26 16 31 43 5 33 
AQUIIII!!54 31 49 7 48 26 51 6 23 17 8 36 34 43 3 16 
AQUIIII!!52 54 6 36 19 34 3 23 44 8 22 41 AQUIIII!!7 8 50 53 20 52 18 19 
34 20 38 44 18 58 57 41 22 50 36 11 
AQUIIII!!54 26 49 AQUIIII!!51 26 43 8 9 34 5 48 33 18 16 6 23 7 10 AQUIIII!!17 4 23 52 36 54 49 48 36 6 37 31 AQUIIII!!36 17 51 3 
19 3 41 34 29 20 3 54 23 23 
34 44 6 8 36 22 50 41 7 7 18 50 8 20 44 18 AQUIIII!!51 
54 19 10 22 51 54 3 
33 26 6 16 43 31 48 17 49 36 7 AQUIIII!!23 54 
4 36 37 23 16 48 10 17 33 AQUIIII!!43 33 49 31 9 3 26 5 49 51 48 
17 16 6 23 36 10 43 7 51 26 54 
AQUIIII!!54 33 48 49 16 26 17 7 10 6 36 3 31 43 51 23 
AQUIIII!!54 3 6 50 19 41 51 18 23 36 20 7 22 44 8 34 
AQUIIII!!48 1 17 26 27 49 33 43 5 4 9 23 10 2 16 37 
AQUIIII!!54 48 16 51 36 AQUIIII!!49 26 23 31 6 17 17 7 34 9 6 3 43 8 43 26 23 3 
33 48 31 10 16 36 54 51 49 
AQUIIII!!51 34 43 23 8 7 48 31 26 6 17 36 16 3 49 54 
AQUIIII!!23 AQUIIII!!26 3 36 51 6 48 43 16 10 9 51 43 17 31 16 17 33 23 7 26 31 49 54 33 48 6 3 10 49 36 
54 
AQUIIII!!54 33 10 26 AQUIIII!!48 54 17 50 37 AQUIIII!!3 9 44 54 51 17 8 23 20 26 36 23 48 16 41 49 8 22 AQUIIII!!23 5 36 4 31 54 7 6 43 16 19 
49 23 AQUIIII!!6 16 26 34 54 43 18 36 31 10 52 51 48 33 
3 43 43 7 26 4 34 36 37 
23 49 17 9 49 36 7 51 51 17 6 5 16 48 AQUIIII!!3 
54 34 7 8 19 
49 8 37 33 51 6 23 36 3 29 AQUIIII!!20 54 34 18 18 19 
23 48 3 8 7 6 29 36 49 AQUIIII!!34 43 31 10 51 51 33 26 
23 9 48 31 49 33 3 36 17 5 16 54 
AQUIIII!!54 51 6 31 33 23 16 43 10 17 3 36 49 48 7 26 
AQUIIII!!55 35 23 2 37 34 47 33 4 9 27 5 1 56 21 59 
AQUIIII!!54 6 41 50 8 34 19 52 18 20 22 36 23 AQUIIII!!44 54 7 18 3 44 
50 8 3 23 52 19 34 7 22 36 20 6 41 
AQUIIII!!48 54 6 23 26 10 51 33 31 7 3 43 36 49 17 16 
AQUIIII!!54 9 36 17 33 4 10 26 16 49 37 43 48 5 51 23 
AQUIIII!!10 23 33 1 16 17 27 2 43 37 26 5 4 9 49 48 AQUIIII!!
51 23 33 49 AQUIIII!!7 43 36 16 43 26 31 5 3 31 26 23 10 51 3 17 AQUIIII!!9 16 33 6 6 17 26 54 36 49 48 33 10 
10 48 17 54 36 49 AQUIIII!!49 16 
8 3 51 23 48 23 43 31 48 54 3 9 18 51 29 36 31 19 54 7 
33 6 34 
AQUIIII!!6 50 23 34 7 41 22 51 20 8 19 3 18 AQUIIII!!44 54 36 8 54 3 
19 34 6 37 51 AQUIIII!!20 49 49 33 10 18 36 36 3 29 51 23 17 43 7 31 
33 48 26 23 6 AQUIIII!!9 54 16 23 54 49 
31 48 16 3 26 33 36 43 51 7 10 17 6 
AQUIIII!!AQUIIII!!54 54 33 26 17 6 51 37 5 16 7 43 48 17 43 16 33 31 AQUIIII!!3 36 48 29 4 26 51 51 10 17 49 49 36 23 23 9 7 36 10 
23 
34 48 6 31 18 49 8 26 3 54 
AQUIIII!!AQUIIII!!43 9 48 54 26 43 10 23 4 49 48 17 17 23 37 33 33 5 16 10 9 49 51 36 36 5 4 54 
16 26 51 37 
AQUIIII!!AQUIIII!!51 48 34 3 23 49 48 23 36 6 18 7 31 17 34 26 51 6 36 49 AQUIIII!!8 8 16 8 29 26 53 43 52 7 54 19 17 31 34 3 
20 54 38 
44 18 58 57 41 22 50 36 AQUIIII!!54 11 51 
26 29 7 6 8 31 3 18 49 23 34 17 36 48 
AQUIIII!!41 18 52 57 19 50 20 44 11 36 22 38 34 58 8 53 
AQUIIII!!29 34 33 36 3 8 7 48 19 51 6 18 23 31 49 54 
AQUIIII!!43 51 48 31 33 6 17 16 26 23 9 10 36 3 49 54 
AQUIIII!!54 4 43 36 16 AQUIIII!!23 54 48 23 10 31 9 49 9 33 5 16 17 17 26 51 33 3 37 49 51 36 
10 26 48 43 5 
AQUIIII!!54 19 23 36 7 18 AQUIIII!!31 8 3 52 8 23 51 58 29 57 33 41 6 20 49 53 34 7 48 18 
34 22 44 50 AQUIIII!!36 51 19 54 
49 26 33 43 3 9 5 36 23 48 16 31 10 17 
AQUIIII!!59 9 21 34 AQUIIII!!2 51 55 54 35 49 56 26 27 33 47 43 1 3 5 9 4 5 37 36 33 23 23 48 
16 31 10 17 
AQUIIII!!AQUIIII!!26 20 54 6 43 23 7 23 51 36 36 34 44 17 8 6 50 31 19 49 22 51 41 7 3 8 34 16 18 48 54 3 

AQUIIII!!54 34 36 31 18 AQUIIII!!49 AQUIIII!!48 17 36 6 51 8 29 23 17 34 17 8 29 36 26 3 51 26 31 7 3 23 
29 48 49 34 26 7 18 6 23 51 6 3 48 49 31 8 7 18 54 54 AQUIIII!!

31 36 26 17 7 3 49 23 48 6 34 29 18 51 8 54 
AQUIIII!!17 8 34 36 AQUIIII!!51 16 3 17 29 10 49 9 26 AQUIIII!!49 18 54 5 10 23 26 33 6 33 31 48 4 AQUIIII!!43 36 31 48 54 51 7 17 51 54 51 23 37 
9 43 6 5 3 16 49 36 48 49 16 23 26 17 
54 31 
48 23 43 36 10 33 26 9 3 
AQUIIII!!54 9 16 31 23 36 51 43 48 AQUIIII!!3 54 49 26 17 23 6 43 49 10 26 17 10 33 51 
7 16 33 31 48 36 3 AQUIIII!!6 51 
54 29 49 20 7 3 6 19 8 34 18 23 37 33 36 
AQUIIII!!8 52 50 20 34 18 44 38 19 22 36 41 57 58 11 53 
AQUIIII!!41 57 19 6 22 34 53 23 36 8 44 50 18 20 52 7 
AQUIIII!!54 49 29 36 7 19 23 33 34 6 3 18 8 AQUIIII!!55 20 37 37 13 51 AQUIIII!!56 
54 34 51 15 26 12 47 23 45 49 33 37 14 33 25 43 0 48 38 16 21 10 59 36 
9 5 4 17 
AQUIIII!!3 17 26 23 51 16 36 7 AQUIIII!!8 18 49 20 34 8 48 52 31 23 22 43 AQUIIII!!3 6 52 19 54 36 
20 44 53 41 19 50 22 6 44 34 23 7 3 54 34 
6 36 8 50 7 41 18 
AQUIIII!!6 17 18 23 31 36 26 48 7 51 29 34 3 8 49 54 
AQUIIII!!31 23 26 36 17 6 33 AQUIIII!!10 54 9 16 43 26 16 6 54 43 51 3 3 49 49 AQUIIII!!51 48 31 
49 34 8 5 AQUIIII!!7 36 48 54 36 3 17 31 23 16 
6 9 26 31 51 10 43 8 17 49 48 29 23 7 AQUIIII!!AQUIIII!!26 18 48 17 23 51 3 6 18 48 33 34 49 49 34 54 7 26 17 
23 26 34 36 36 29 51 51 17 31 3 3 6 8 23 
54 
7 16 43 36 8 48 31 54 
AQUIIII!!54 33 AQUIIII!!10 29 6 7 36 6 16 51 18 17 8 26 37 20 3 19 7 34 31 33 23 36 23 51 3 48 49 43 54 49 

AQUIIII!!53 8 34 52 20 23 36 44 22 58 7 19 18 41 50 57 
AQUIIII!!18 19 50 22 7 20 6 34 23 52 36 44 41 8 3 54 
AQUIIII!!6 36 51 19 33 31 34 18 23 3 29 48 8 7 49 54 
AQUIIII!!8 6 18 36 23 29 31 26 17 34 51 3 49 7 48 54 
AQUIIII!!18 7 23 34 22 50 3 41 44 36 51 20 19 54 8 6 AQUIIII!!
34 7 19 36 3 41 8 23 22 44 50 18 52 6 20 54 
AQUIIII!!51 7 6 19 29 23 36 AQUIIII!!3 54 33 26 48 31 49 51 18 23 34 3 8 43 31 16 54 5 
36 10 48 9 49 17 33 
AQUIIII!!54 18 20 6 3 36 22 23 8 44 50 19 51 7 41 34 
AQUIIII!!43 48 26 10 3 16 9 17 31 49 5 36 33 51 AQUIIII!!23 54 54 8 
3 36 6 37 51 23 49 29 19 20 7 34 18 33 AQUIIII!!
7 36 22 8 20 18 41 51 50 44 3 34 19 6 23 54 
AQUIIII!!20 23 44 34 19 6 3 36 22 41 8 50 18 7 53 52 
AQUIIII!!20 23 44 34 19 6 3 36 22 41 8 50 18 7 53 52 
AQUIIII!!36 6 44 22 7 50 19 AQUIIII!!8 51 18 6 51 49 23 43 41 36 20 48 3 33 34 3 54 26 
9 17 31 23 16 10 54 
AQUIIII!!54 29 18 49 48 34 23 6 33 51 8 36 3 31 7 19 
AQUIIII!!54 5 51 49 16 17 9 43 48 10 33 37 36 4 26 23 
AQUIIII!!59 21 25 47 14 33 34 56 12 55 38 37 15 13 27 1 
AQUIIII!!21 59 12 25 56 33 34 14 15 13 38 37 47 1 27 55 
AQUIIII!!6 17 43 16 33 23 31 9 51 26 36 10 54 48 49 3 
AQUIIII!!AQUIIII!!3 54 18 6 48 7 36 19 26 36 3 29 8 6 49 33 34 23 33 31 37 43 23 20 9 54 17 51 16 
10 51 49 
AQUIIII!!54 18 33 36 7 8 31 23 6 51 19 48 34 49 3 29 
AQUIIII!!1 49 48 5 26 2 33 AQUIIII!!54 4 22 16 8 10 19 9 50 43 18 41 37 3 23 6 27 20 17 36 
34 23 7 51 44 
AQUIIII!!18 7 52 50 6 34 AQUIIII!!19 3 54 20 8 19 22 8 20 29 44 3 41 34 36 37 23 23 54 6 
18 33 7 51 36 49 
AQUIIII!!52 8 19 57 20 38 50 58 36 11 34 53 18 22 44 41 
AQUIIII!!51 54 43 17 23 31 33 AQUIIII!!49 54 3 34 36 20 48 26 8 16 6 6 23 7 7 10 
50 3 41 44 36 22 51 18 19 
AQUIIII!!37 55 5 4 9 27 2 47 1 56 33 23 35 34 21 59 
AQUIIII!!54 51 26 29 7 6 8 31 3 18 49 23 34 17 36 48 
AQUIIII!!18 AQUIIII!!17 36 3 31 23 8 33 6 31 26 48 17 7 7 43 16 49 10 6 3 48 34 51 36 54 49 23 
51 29 26 54 
AQUIIII!!27 2 16 37 9 33 AQUIIII!!36 5 31 59 23 33 10 6 4 26 17 26 7 43 43 16 23 10 3 17 48 51 48 54 1 49 

AQUIIII!!55 56 15 4 2 1 14 34 38 27 37 25 47 33 21 59 
AQUIIII!!54 20 3 41 6 AQUIIII!!8 49 50 51 52 17 23 5 34 23 4 36 37 19 33 7 43 44 9 22 10 18 48 
26 36 16 54 
AQUIIII!!18 44 20 57 11 38 52 58 36 AQUIIII!!19 54 34 10 22 AQUIIII!!43 41 AQUIIII!!54 51 54 50 51 26 16 53 36 36 23 8 48 31 7 16 
33 6 9 23 23 36 10 5 6 49 3 26 49 33 7 17 18 43 31 33 17 29 
48 3 49 8 3 51 37 
34 19 20 
AQUIIII!!29 3 34 36 17 8 23 49 48 6 18 31 51 26 7 54 
AQUIIII!!29 3 34 36 AQUIIII!!17 54 AQUIIII!!5 8 54 43 51 23 17 23 33 49 7 16 6 48 48 49 36 6 3 49 9 18 33 51 18 31 10 29 26 51 3 36 26 8 31 37 7 23 34 54 
19 
20 
AQUIIII!!43 9 36 49 54 17 10 23 51 31 16 5 33 26 48 3 
AQUIIII!!36 51 AQUIIII!!43 7 6 29 48 34 26 8 16 31 3 3 AQUIIII!!31 6 49 48 17 6 54 48 33 36 7 33 23 8 19 49 51 10 23 34 9 31 36 54 19 18 49 
18 51 23 54 29 
33 3 
AQUIIII!!26 48 51 8 7 31 3 17 34 6 36 43 49 23 16 54 
AQUIIII!!36 19 18 20 44 22 41 50 3 52 34 23 54 8 6 7 
AQUIIII!!54 49 16 51 9 6 10 33 31 36 17 48 43 23 26 3 
AQUIIII!!7 52 18 20 36 44 41 22 50 19 6 34 23 3 54 8 
AQUIIII!!54 26 16 43 49 36 17 51 23 31 6 10 33 48 3 AQUIIII!!54 9 44 
7 34 36 18 50 6 41 52 22 19 3 AQUIIII!!23 8 41 20 22 
44 20 52 34 6 3 23 19 AQUIIII!!54 7 43 36 33 10 50 4 8 5 23 18 9 54 37 16 
17 26 36 48 51 49 
AQUIIII!!54 16 49 5 23 31 33 26 9 43 48 3 36 17 10 51 
AQUIIII!!50 57 8 41 20 6 19 44 AQUIIII!!18 51 22 43 23 26 36 52 31 34 10 53 16 7 AQUIIII!!5 
36 48 49 33 3 23 AQUIIII!!AQUIIII!!6 9 29 17 44 36 3 3 23 48 23 6 54 20 31 
31 36 26 48 50 43 36 22 34 17 7 49 19 26 33 7 51 7 18 8 16 52 17 10 6 23 51 18 3 54 49 34 AQUIIII!!
54 41 6 
8 31 53 43 
36 23 51 33 16 7 26 3 17 10 49 48 54 
AQUIIII!!54 36 31 51 7 16 3 26 33 17 23 43 49 48 6 10 AQUIIII!!
34 7 23 26 8 48 16 3 36 49 6 43 51 17 31 54 
AQUIIII!!6 54 9 51 31 48 43 17 16 3 33 10 36 26 49 23 
AQUIIII!!49 54 23 16 17 5 43 51 37 4 48 26 36 9 33 10 
AQUIIII!!34 36 29 7 23 18 17 48 26 51 6 31 8 3 49 54 
AQUIIII!!12 25 34 56 55 33 15 13 37 14 47 27 1 38 59 AQUIIII!!21 23 
34 7 18 6 50 3 22 19 41 36 20 53 44 8 52 
AQUIIII!!36 19 8 23 44 3 20 18 6 34 41 7 51 50 22 54 
AQUIIII!!54 3 9 26 31 23 43 49 16 10 33 48 36 17 5 51 
AQUIIII!!2 37 27 15 25 4 34 33 1 47 14 56 55 38 59 21 
AQUIIII!!54 9 23 36 26 17 49 16 43 10 48 6 31 51 3 33 
AQUIIII!!54 7 31 16 23 3 36 49 10 26 6 33 48 51 17 43 
AQUIIII!!36 23 17 16 31 9 48 3 49 33 26 43 10 51 6 54 
AQUIIII!!16 51 48 26 31 43 17 10 23 6 49 9 3 36 33 54 
AQUIIII!!1 49 48 5 26 2 33 4 16 10 9 43 37 23 27 17 
AQUIIII!!54 10 3 9 36 49 17 16 48 31 51 33 26 43 23 5 
AQUIIII!!54 23 48 36 9 51 17 33 4 5 37 49 16 43 26 10 
AQUIIII!!3 10 17 9 36 48 31 51 5 33 49 26 16 43 23 54 
AQUIIII!!3 19 23 6 44 22 8 41 36 34 18 50 20 7 53 52 
AQUIIII!!AQUIIII!!17 31 43 3 31 43 49 51 26 36 49 3 16 10 10 16 36 26 6 48 7 33 51 23 17 7 33 6 23 54 48 
54 
AQUIIII!!54 6 23 41 8 19 20 18 36 44 7 52 3 34 22 50 
AQUIIII!!10 5 51 43 17 16 3 33 36 26 48 23 9 31 49 54 
AQUIIII!!50 34 53 36 41 18 23 58 22 44 20 19 8 57 7 52 
AQUIIII!!23 36 34 49 8 17 3 43 48 26 6 7 51 31 16 54 
AQUIIII!!23 7 49 8 37 51 20 34 3 19 18 29 6 33 36 54 
AQUIIII!!51 34 8 16 49 6 17 3 31 26 43 23 36 AQUIIII!!19 48 22 18 7 36 54 23 
20 7 44 50 3 6 8 41 34 51 54 
Number of Cuts in the second phase:4099
Number of repeat: 3659 
Violation: 606.000000
Violation: 103.000000
Violation: 1176.000000
Violation: 93.000000
Violation: 293.000000
Violation: 388.000000
Violation: 189.000000
Violation: 570.000000
Violation: 212.000000
Violation: 93.000000
Violation: 592.000000
Violation: 278.000000
Violation: 573.000000
Violation: 1091.000000
Violation: 678.000000
Violation: 530.000000
Violation: 76.000000
Violation: 570.000000
Violation: 83.000000
Violation: 500.000000
Violation: 1176.000000
Violation: 641.000000
Violation: 402.000000
Violation: 550.000000
Violation: 269.000000
Violation: 399.000000
Violation: 571.000000
Violation: 1158.000000
Violation: 296.000000
Violation: 293.000000
Violation: 184.000000
Violation: 348.000000
Violation: 641.000000
Violation: 269.000000
Violation: 586.000000
Violation: 293.000000
Violation: 570.000000
Violation: 390.000000
Violation: 308.000000
Violation: 438.000000
Violation: 142.000000
Violation: 701.000000
Violation: 194.000000
Violation: 5.000000
Violation: 1.000000
Violation: 293.000000
Violation: 1269.000000
Violation: 491.000000
Violation: 196.000000
Violation: 216.000000
Violation: 315.000000
Violation: 608.000000
Violation: 1282.000000
Violation: 998.000000
Violation: 428.000000
Violation: 355.000000
Violation: 284.000000
Violation: 348.000000
Violation: 176.000000
Violation: 541.000000
Violation: 638.000000
Violation: 124.000000
Violation: 129.000000
Violation: 278.000000
Violation: 296.000000
Violation: 65.000000
Violation: 361.000000
Violation: 428.000000
Violation: 528.000000
Violation: 854.000000
Violation: 674.000000
Violation: 586.000000
Violation: 934.000000
Violation: 184.000000
Violation: 1268.000000
Violation: 1250.000000
Violation: 1170.000000
Violation: 92.000000
Violation: 250.000000
Violation: 571.000000
Violation: 608.000000
Violation: 482.000000
Violation: 696.000000
Violation: 989.000000
Violation: 104.000000
Violation: 154.000000
Violation: 298.000000
Violation: 677.000000
Violation: 572.000000
Violation: 221.000000
Violation: 1076.000000
Violation: 91.000000
Violation: 610.000000
Violation: 145.000000
Violation: 92.000000
Violation: 964.000000
Violation: 492.000000
Violation: 384.000000
Violation: 92.000000
Violation: 92.000000
Violation: 585.000000
Violation: 406.000000
Violation: 570.000000
Violation: 696.000000
Violation: 500.000000
Violation: 488.000000
Violation: 679.000000
Violation: 608.000000
Violation: 104.000000
Violation: 798.000000
Violation: 573.000000
Violation: 294.000000
Violation: 249.000000
Violation: 250.000000
Violation: 124.000000
Violation: 168.000000
Violation: 958.000000
Violation: 152.000000
Violation: 185.000000
Violation: 733.000000
Violation: 432.000000
Violation: 1575.000000
Violation: 303.000000
Violation: 395.000000
Violation: 1381.000000
Violation: 787.000000
Violation: 674.000000
Violation: 246.000000
Violation: 92.000000
Violation: 225.000000
Violation: 1361.000000
Violation: 563.000000
Violation: 93.000000
Violation: 369.000000
Violation: 899.000000
Violation: 1145.000000
Violation: 390.000000
Violation: 569.000000
Violation: 696.000000
Violation: 130.000000
Violation: 249.000000
Violation: 156.000000
Violation: 952.000000
Violation: 315.000000
Violation: 296.000000
Violation: 176.000000
Violation: 686.000000
Violation: 804.000000
Violation: 395.000000
Violation: 94.000000
Violation: 1760.000000
Violation: 778.000000
Violation: 172.000000
Violation: 12.000000
Violation: 656.000000
Violation: 269.000000
Violation: 785.000000
Violation: 750.000000
Violation: 1000.000000
Violation: 324.000000
Violation: 491.000000
Violation: 505.000000
Violation: 657.000000
Violation: 816.000000
Violation: 142.000000
Violation: 348.000000
Violation: 702.000000
Violation: 572.000000
Violation: 606.000000
Violation: 1480.000000
Violation: 348.000000
Violation: 388.000000
Violation: 654.000000
Violation: 195.000000
Violation: 373.000000
Violation: 612.000000
Violation: 1000.000000
Violation: 447.000000
Violation: 674.000000
Violation: 84.000000
Violation: 338.000000
Violation: 773.000000
Violation: 1158.000000
Violation: 984.000000
Violation: 954.000000
Violation: 1268.000000
Violation: 866.000000
Violation: 1022.000000
Violation: 417.000000
Violation: 399.000000
Violation: 1136.000000
Violation: 646.000000
Violation: 785.000000
Violation: 298.000000
Violation: 674.000000
Violation: 108.000000
Violation: 195.000000
Violation: 412.000000
Violation: 56.000000
Violation: 297.000000
Violation: 630.000000
Violation: 19.000000
Violation: 142.000000
Violation: 653.000000
Violation: 348.000000
Violation: 103.000000
Violation: 690.000000
Violation: 360.000000
Violation: 36.000000
Violation: 573.000000
Violation: 685.000000
Violation: 89.000000
Violation: 315.000000
Violation: 755.000000
Violation: 567.000000
Violation: 250.000000
Violation: 577.000000
Violation: 440.000000
Violation: 527.000000
Violation: 575.000000
Violation: 862.000000
Violation: 196.000000
Violation: 271.000000
Violation: 768.000000
Violation: 1282.000000
Violation: 340.000000
Violation: 359.000000
Violation: 982.000000
Violation: 695.000000
Violation: 1022.000000
Violation: 248.000000
Violation: 173.000000
Violation: 132.000000
Violation: 1390.000000
Violation: 388.000000
Violation: 291.000000
Violation: 686.000000
Violation: 46.000000
Violation: 676.000000
Violation: 185.000000
Violation: 561.000000
Violation: 468.000000
Violation: 1296.000000
Violation: 313.000000
Violation: 247.000000
Violation: 663.000000
Violation: 101.000000
Violation: 675.000000
Violation: 1149.000000
Violation: 680.000000
Violation: 260.000000
Violation: 449.000000
Violation: 199.000000
Violation: 419.000000
Violation: 169.000000
Violation: 359.000000
Violation: 399.000000
Violation: 540.000000
Violation: 138.000000
Violation: 668.000000
Violation: 315.000000
Violation: 304.000000
Violation: 220.000000
Violation: 346.000000
Violation: 291.000000
Violation: 13.000000
Violation: 348.000000
Violation: 102.000000
Violation: 251.000000
Violation: 440.000000
Violation: 672.000000
Violation: 268.000000
Violation: 127.000000
Violation: 619.000000
Violation: 874.000000
Violation: 989.000000
Violation: 219.000000
Violation: 821.000000
Violation: 176.000000
Violation: 480.000000
Violation: 236.000000
Violation: 752.000000
Violation: 790.000000
Violation: 212.000000
Violation: 663.000000
Violation: 406.000000
Violation: 748.000000
Violation: 391.000000
Violation: 338.000000
Violation: 538.000000
Violation: 426.000000
Violation: 582.000000
Violation: 405.000000
Violation: 701.000000
Violation: 888.000000
Violation: 437.000000
Violation: 509.000000
Violation: 286.000000
Violation: 356.000000
Violation: 573.000000
Violation: 692.000000
Violation: 571.000000
Violation: 459.000000
Violation: 772.000000
Violation: 671.000000
Violation: 260.000000
Violation: 1284.000000
Violation: 386.000000
Violation: 780.000000
Violation: 696.000000
Violation: 193.000000
Violation: 594.000000
Violation: 570.000000
Violation: 885.000000
Violation: 510.000000
Violation: 470.000000
Violation: 660.000000
Violation: 689.000000
Violation: 756.000000
Violation: 1074.000000
Violation: 675.000000
Violation: 674.000000
Violation: 96.000000
Violation: 530.000000
Violation: 437.000000
Violation: 517.000000
Violation: 220.000000
Violation: 866.000000
Violation: 254.000000
Violation: 516.000000
Violation: 594.000000
Violation: 782.000000
Violation: 389.000000
Violation: 385.000000
Violation: 198.000000
Violation: 1370.000000
Violation: 25.000000
Violation: 3.000000
Violation: 673.000000
Violation: 580.000000
Violation: 699.000000
Violation: 581.000000
Violation: 1032.000000
Violation: 328.000000
Violation: 121.000000
Violation: 593.000000
Violation: 234.000000
Violation: 278.000000
Violation: 99.000000
Violation: 786.000000
Violation: 244.000000
Violation: 1370.000000
Violation: 673.000000
Violation: 502.000000
Violation: 182.000000
Violation: 305.000000
Violation: 424.000000
Violation: 1268.000000
Violation: 22.000000
Violation: 315.000000
Violation: 1663.000000
Violation: 280.000000
Violation: 317.000000
Violation: 535.000000
Violation: 132.000000
Violation: 511.000000
Violation: 268.000000
Violation: 562.000000
Violation: 698.000000
Violation: 313.000000
Violation: 1679.000000
Violation: 312.000000
Violation: 764.000000
Violation: 272.000000
Violation: 360.000000
Violation: 49.000000
Violation: 967.000000
Violation: 220.000000
Violation: 136.000000
Violation: 393.000000
Violation: 1668.000000
Violation: 820.000000
Violation: 540.000000
Violation: 1535.000000
Violation: 1115.000000
Violation: 20.000000
Violation: 476.000000
Violation: 1667.000000
Violation: 606.000000
Violation: 370.000000
Violation: 335.000000
Violation: 989.000000
Violation: 543.000000
Violation: 764.000000
Violation: 541.000000
Violation: 452.000000
Violation: 407.000000
Violation: 934.000000
Violation: 312.000000
Violation: 628.000000
Violation: 178.000000
Violation: 1.000000
Violation: 328.000000
Violation: 233.000000
Violation: 302.000000
Violation: 385.000000
Violation: 198.000000
Violation: 146.000000
Violation: 639.000000
Violation: 778.000000
Violation: 197.000000
Violation: 302.000000
Violation: 305.000000
Violation: 610.000000
Violation: 279.000000
Violation: 320.000000
Violation: 449.000000
Violation: 778.000000
Violation: 48.000000
Violation: 642.000000
Violation: 989.000000
Violation: 602.000000
Violation: 686.000000
Violation: 1517.000000
Violation: 292.000000
Violation: 384.000000
Violation: 2.000000
Violation: 390.000000
Violation: 795.000000
Violation: 934.000000
Violation: 706.000000
Violation: 696.000000
Violation: 230.000000
Violation: 1144.000000
Violation: 268.000000
Violation: 1170.000000
Violation: 89.000000
Violation: 888.000000
Violation: 313.000000
Violation: 327.000000
5400 16
AQUIIII!!54 43 48 51 3 23 6 33 16 36 AQUIIII!!10 54 17 43 7 6 49 26 AQUIIII!!26 51 54 31 3 10 
49 16 23 26 17 9 10 49 AQUIIII!!9 54 17 33 23 33 36 26 51 31 36 23 49 48 3 43 16 36 37 
5 48 10 5 17 43 9 31 4 
48 33 51 16 
AQUIIII!!44 7 57 34 20 23 41 18 50 19 22 36 8 53 AQUIIII!!52 34 6 22 
8 52 18 7 41 20 50 AQUIIII!!36 16 3 6 6 43 44 36 19 51 23 23 54 10 
3 26 33 9 49 48 17 31 54 
AQUIIII!!54 29 23 49 51 48 34 17 18 3 26 AQUIIII!!31 AQUIIII!!54 6 54 9 8 23 37 36 51 16 7 10 23 
36 36 48 5 37 49 4 4 33 26 43 51 26 43 16 10 5 33 17 48 9 17 49 

AQUIIII!!18 6 51 8 3 19 29 49 33 7 23 34 37 20 36 54 
AQUIIII!!54 48 29 17 36 8 3 23 49 18 7 AQUIIII!!31 54 51 23 26 48 6 43 34 3 
9 51 6 26 49 31 16 17 33 36 10 
AQUIIII!!51 54 17 33 26 36 48 23 43 49 5 37 16 4 10 9 AQUIIII!!
54 48 29 17 36 8 3 23 49 18 7 31 51 26 6 34 
AQUIIII!!8 31 49 43 26 36 3 34 23 48 17 6 16 51 7 54 
AQUIIII!!14 15 37 55 2 47 38 56 25 4 33 34 27 1 59 21 
AQUIIII!!54 18 6 7 41 44 22 8 51 50 20 19 34 3 23 36 
AQUIIII!!54 48 7 26 23 8 49 36 6 16 17 34 43 AQUIIII!!51 54 31 41 3 20 
36 51 50 6 23 34 22 18 AQUIIII!!8 54 3 23 7 18 19 34 44 3 
7 8 22 52 50 20 41 44 6 36 19 
AQUIIII!!54 4 9 51 43 37 26 5 33 49 17 36 23 16 10 48 
AQUIIII!!8 54 34 18 41 7 AQUIIII!!22 3 36 48 52 36 44 29 3 33 6 49 50 7 23 AQUIIII!!18 20 54 31 19 48 23 
7 19 26 51 23 54 AQUIIII!!8 8 7 49 34 52 36 6 18 6 
23 16 8 17 44 34 43 41 51 36 31 20 3 19 
22 57 53 50 34 6 
AQUIIII!!8 48 49 3 31 7 51 29 23 26 17 34 54 36 18 6 
AQUIIII!!36 31 8 43 54 26 49 51 17 16 7 6 23 34 48 3 
AQUIIII!!7 33 3 18 34 20 23 19 36 29 37 51 6 8 49 54 
AQUIIII!!7 33 3 18 34 20 23 19 36 AQUIIII!!29 41 37 36 51 3 6 44 8 6 49 20 54 50 
34 8 51 19 23 22 7 18 54 
AQUIIII!!54 7 51 20 44 23 19 AQUIIII!!3 54 36 37 22 23 6 33 34 41 51 50 4 18 9 8 43 
17 16 10 5 26 36 48 49 
AQUIIII!!54 51 26 49 3 33 36 17 10 16 31 48 5 9 23 43 
AQUIIII!!34 56 27 47 38 14 1 25 33 2 37 13 55 15 21 59 
AQUIIII!!33 5 26 49 51 9 43 36 10 31 3 16 23 17 48 54 
AQUIIII!!36 10 26 16 AQUIIII!!9 36 31 17 33 51 51 AQUIIII!!3 3 18 34 23 52 49 6 23 5 48 50 43 31 44 48 26 3 17 7 34 54 8 19 
18 6 49 36 29 22 23 7 20 54 41 
53 8 
AQUIIII!!54 48 17 49 51 23 7 43 6 AQUIIII!!8 AQUIIII!!54 31 54 3 3 49 52 16 34 41 36 48 34 23 29 26 22 7 
34 23 6 17 8 26 36 6 50 36 AQUIIII!!20 51 54 19 3 3 7 8 18 18 18 6 44 31 31 

49 7 8 29 51 23 AQUIIII!!34 54 48 48 26 31 36 51 17 18 
17 3 36 34 49 6 23 8 29 7 26 
AQUIIII!!49 54 16 3 33 6 48 51 43 10 31 7 26 36 17 23 
AQUIIII!!54 48 17 49 51 23 7 43 6 8 31 3 16 36 34 26 
AQUIIII!!34 23 51 29 20 36 49 19 7 6 8 3 37 18 33 54 
AQUIIII!!AQUIIII!!47 54 33 3 1 23 25 16 27 49 2 33 15 43 14 9 26 37 31 34 51 4 10 38 36 55 17 56 5 59 48 
21 
AQUIIII!!36 18 19 34 7 33 48 29 31 23 3 49 54 8 51 6 
AQUIIII!!48 23 51 43 10 3 6 17 26 36 31 AQUIIII!!33 3 16 17 7 34 49 18 54 31 
6 51 48 29 23 49 7 8 26 36 54 
AQUIIII!!3 31 18 34 51 AQUIIII!!48 3 29 51 8 20 33 36 49 23 7 7 23 34 6 8 36 6 19 41 54 50 
18 44 22 19 54 
AQUIIII!!54 26 9 49 43 16 33 10 3 17 5 51 23 36 48 31 
AQUIIII!!54 29 23 49 18 17 8 34 7 31 48 6 3 51 26 36 
AQUIIII!!8 53 57 34 11 38 52 19 58 36 22 20 18 44 41 50 
AQUIIII!!16 26 49 23 17 10 31 43 5 51 9 33 48 3 36 54 
AQUIIII!!54 26 7 23 51 48 36 43 31 49 8 3 17 16 6 34 
AQUIIII!!6 8 22 18 36 23 7 41 20 50 44 19 51 3 34 54 
AQUIIII!!54 9 23 10 16 6 51 17 43 49 31 3 33 48 26 36 
AQUIIII!!54 43 48 4 37 5 17 16 23 33 26 10 51 49 36 9 AQUIIII!!
54 36 51 8 6 50 23 22 34 7 3 44 18 41 19 20 
AQUIIII!!7 52 22 50 18 20 53 23 41 8 3 44 6 34 36 19 
AQUIIII!!23 16 6 36 49 8 17 34 7 3 43 48 31 26 51 54 
AQUIIII!!17 33 23 36 26 6 3 31 49 51 10 16 48 43 7 54 
AQUIIII!!48 AQUIIII!!5 3 6 16 18 26 48 4 17 36 51 7 17 31 49 26 10 23 34 37 36 43 29 33 54 49 23 8 54 
9 51 
AQUIIII!!7 16 8 36 43 3 26 51 23 17 48 49 6 31 34 54 
AQUIIII!!29 49 3 AQUIIII!!51 54 37 29 19 7 20 20 7 8 6 36 34 33 3 19 33 34 36 18 49 18 23 8 6 37 54 23 
51 
AQUIIII!!9 3 10 43 17 26 48 31 23 16 33 6 49 AQUIIII!!36 54 29 51 51 
6 48 34 8 23 26 49 7 18 36 3 17 31 54 
AQUIIII!!54 22 44 50 52 23 19 36 18 41 6 8 7 34 20 3 
AQUIIII!!6 23 33 49 19 18 31 7 3 34 36 48 8 AQUIIII!!AQUIIII!!29 54 16 23 51 51 33 
31 9 49 54 8 36 3 6 26 34 10 29 23 18 43 19 51 33 48 31 7 6 36 17 54 49 
3 48 AQUIIII!!4 
16 2 27 37 5 17 43 9 23 10 26 49 33 1 48 
AQUIIII!!16 33 9 54 36 26 10 23 43 51 31 6 17 49 3 48 
AQUIIII!!8 33 7 19 23 36 31 34 51 29 48 3 6 49 18 54 
AQUIIII!!AQUIIII!!49 6 48 33 36 51 37 7 16 36 5 49 33 31 43 17 4 48 26 17 43 51 3 10 16 23 26 54 10 AQUIIII!!9 23 7 
54 36 8 
6 22 18 44 50 23 19 20 3 34 52 41 54 
AQUIIII!!54 20 19 49 3 7 8 23 6 36 34 33 51 18 37 29 
AQUIIII!!19 34 50 8 44 3 18 23 20 36 41 6 53 22 7 52 
AQUIIII!!17 10 26 33 37 36 51 23 43 9 49 16 5 AQUIIII!!4 48 31 54 6 
34 3 49 36 29 23 51 18 26 AQUIIII!!7 51 48 36 17 8 8 17 54 49 
6 43 7 48 16 31 26 23 3 34 54 
AQUIIII!!54 20 7 23 41 44 19 6 8 51 50 34 22 18 36 3 
AQUIIII!!54 20 19 18 23 3 22 52 44 8 41 34 50 7 6 36 
AQUIIII!!52 18 36 11 50 44 57 58 41 20 19 22 34 38 8 53 
AQUIIII!!36 8 34 6 23 3 33 51 7 18 19 29 31 49 48 54 
AQUIIII!!31 6 17 10 33 3 23 7 48 16 43 49 36 51 26 54 
AQUIIII!!43 31 9 26 6 16 49 23 48 10 33 36 17 51 3 54 
AQUIIII!!54 4 49 51 33 16 23 17 36 26 5 9 43 48 10 37 
AQUIIII!!6 50 23 44 22 8 41 3 7 20 36 52 19 18 34 54 
AQUIIII!!54 49 17 36 33 43 10 3 48 51 31 16 23 26 6 7 
AQUIIII!!54 6 16 3 43 31 17 49 51 36 8 34 23 7 48 26 
AQUIIII!!54 AQUIIII!!51 8 8 53 29 57 6 7 23 36 49 44 19 22 31 23 18 6 34 3 34 18 50 7 48 19 36 52 20 33 
41 
AQUIIII!!9 54 49 51 26 10 36 48 6 33 3 23 16 17 43 31 
AQUIIII!!54 51 8 29 6 23 49 19 31 18 3 34 7 48 36 33 
AQUIIII!!49 17 48 31 43 10 7 3 36 23 33 16 51 6 26 54 
AQUIIII!!52 54 19 50 34 22 3 7 41 23 44 20 6 8 18 36 
AQUIIII!!54 8 22 52 6 3 19 50 41 20 23 44 36 18 34 7 
AQUIIII!!22 23 41 3 6 50 36 7 20 19 8 18 44 34 54 51 
AQUIIII!!27 38 47 15 56 55 33 37 2 14 25 4 1 34 59 21 
AQUIIII!!54 48 7 16 8 49 36 6 17 31 AQUIIII!!43 54 34 26 26 7 23 8 51 29 3 6 
17 31 34 48 49 23 36 3 18 51 
AQUIIII!!54 34 48 6 17 7 31 36 51 43 8 49 26 23 3 16 
AQUIIII!!54 23 37 7 29 49 3 33 19 51 8 20 6 18 34 36 
AQUIIII!!51 54 36 10 26 23 49 16 17 31 48 3 43 33 9 6 
AQUIIII!!38 50 11 36 44 34 18 20 19 22 57 58 41 53 8 52 
AQUIIII!!38 50 11 36 44 34 18 20 19 22 57 58 41 53 8 52 
AQUIIII!!38 AQUIIII!!50 18 11 3 36 19 44 37 34 36 18 8 20 AQUIIII!!20 19 33 6 22 18 49 AQUIIII!!57 23 23 37 58 7 34 5 41 16 49 29 53 36 48 8 33 51 8 52 7 48 36 
54 9 51 51 49 34 
33 6 4 31 23 29 43 3 10 19 26 17 54 54 

AQUIIII!!54 6 44 3 36 18 8 23 50 19 20 22 7 34 41 52 
AQUIIII!!48 3 54 18 49 6 8 36 29 23 51 26 7 17 31 34 
AQUIIII!!AQUIIII!!48 48 3 3 49 54 18 43 31 49 6 17 16 8 36 26 29 51 23 36 51 54 26 23 7 33 17 10 31 5 34 9 

AQUIIII!!20 8 7 34 41 22 19 3 44 6 AQUIIII!!36 52 18 44 23 34 51 7 50 6 54 19 
41 18 22 3 36 23 50 20 8 53 
AQUIIII!!19 8 50 18 7 23 6 36 20 3 22 34 41 52 44 54 
AQUIIII!!17 36 3 8 31 51 23 48 16 49 6 26 34 43 7 54 
AQUIIII!!6 54 34 36 8 29 23 20 33 51 49 3 7 19 37 18 
AQUIIII!!58 20 53 8 18 34 41 50 57 22 52 19 44 38 11 36 
AQUIIII!!7 26 36 23 51 17 3 34 49 48 6 16 8 31 43 54 
AQUIIII!!14 13 15 21 11 37 12 57 25 34 45 33 58 38 47 0 
AQUIIII!!7 54 19 6 8 36 3 31 48 49 29 33 51 34 23 18 
AQUIIII!!54 6 34 19 8 41 52 23 20 50 36 3 7 AQUIIII!!22 54 44 18 6 
26 3 23 29 48 7 51 31 18 34 17 8 49 36 
AQUIIII!!54 26 31 3 36 10 48 17 51 7 6 16 33 49 43 23 
AQUIIII!!48 54 18 51 19 3 33 34 49 23 7 31 36 8 29 6 
AQUIIII!!6 8 54 7 29 3 19 33 23 18 31 34 51 49 36 48 
AQUIIII!!36 8 6 48 49 3 17 51 26 7 31 18 23 34 29 54 
AQUIIII!!52 58 20 32 36 53 13 33 38 0 57 12 34 22 11 50 
AQUIIII!!48 31 51 49 10 36 3 16 17 6 23 9 43 26 33 54 
AQUIIII!!0 47 55 56 34 14 15 45 13 59 21 25 37 33 38 12 
AQUIIII!!41 6 20 50 19 36 3 34 22 18 51 8 44 23 7 54 
AQUIIII!!3 23 33 6 48 17 10 49 43 16 31 26 7 36 54 51 
AQUIIII!!54 22 3 23 7 44 52 AQUIIII!!8 33 6 5 50 34 2 20 1 18 37 36 47 41 27 19 38 
55 15 56 4 34 25 21 59 
AQUIIII!!54 41 18 6 36 51 19 7 23 34 44 8 22 20 3 50 
AQUIIII!!48 3 49 31 51 23 16 43 7 36 10 54 17 33 26 6 
AQUIIII!!6 34 37 20 7 8 29 19 23 18 49 3 33 36 54 51 
AQUIIII!!36 23 51 20 18 19 3 44 34 7 50 6 41 22 8 54 
Number of Cuts in the second phase:2549
Number of repeat: 2419 
Violation: 103.000000
Violation: 605.000000
Violation: 180.000000
Violation: 268.000000
Violation: 400.000000
Violation: 686.000000
Violation: 1466.000000
Violation: 385.000000
Violation: 663.000000
Violation: 194.000000
Violation: 260.000000
Violation: 820.000000
Violation: 663.000000
Violation: 854.000000
Violation: 1097.000000
Violation: 252.000000
Violation: 192.000000
Violation: 434.000000
Violation: 772.000000
Violation: 145.000000
Violation: 1022.000000
Violation: 1302.000000
Violation: 1097.000000
Violation: 370.000000
Violation: 571.000000
Violation: 422.000000
Violation: 156.000000
Violation: 346.000000
Violation: 638.000000
Violation: 354.000000
Violation: 76.000000
Violation: 770.000000
Violation: 633.000000
Violation: 770.000000
Violation: 250.000000
Violation: 344.000000
Violation: 482.000000
Violation: 550.000000
Violation: 1290.000000
Violation: 564.000000
Violation: 978.000000
Violation: 1663.000000
Violation: 654.000000
Violation: 265.000000
Violation: 1262.000000
Violation: 1001.000000
Violation: 63.000000
Violation: 656.000000
Violation: 356.000000
Violation: 285.000000
Violation: 277.000000
Violation: 964.000000
Violation: 684.000000
Violation: 1001.000000
Violation: 281.000000
Violation: 173.000000
Violation: 679.000000
Violation: 516.000000
Violation: 570.000000
Violation: 826.000000
Violation: 978.000000
Violation: 291.000000
Violation: 27.000000
Violation: 379.000000
Violation: 82.000000
Violation: 208.000000
Violation: 358.000000
Violation: 265.000000
Violation: 1239.000000
Violation: 97.000000
Violation: 765.000000
Violation: 593.000000
Violation: 313.000000
Violation: 688.000000
Violation: 197.000000
Violation: 958.000000
Violation: 104.000000
Violation: 91.000000
Violation: 27.000000
Violation: 488.000000
Violation: 620.000000
Violation: 472.000000
Violation: 312.000000
Violation: 400.000000
Violation: 56.000000
Violation: 321.000000
Violation: 472.000000
Violation: 338.000000
Violation: 618.000000
Violation: 68.000000
Violation: 282.000000
Violation: 371.000000
Violation: 312.000000
Violation: 280.000000
Violation: 206.000000
Violation: 733.000000
Violation: 2.000000
Violation: 276.000000
Violation: 487.000000
Violation: 674.000000
Violation: 302.000000
Violation: 1146.000000
Violation: 573.000000
Violation: 1505.000000
Violation: 269.000000
Violation: 994.000000
Violation: 66.000000
Violation: 630.000000
Violation: 333.000000
Violation: 260.000000
Violation: 115.000000
Violation: 152.000000
Violation: 27.000000
Violation: 595.000000
Violation: 142.000000
Violation: 967.000000
Violation: 1472.000000
Violation: 321.000000
Violation: 251.000000
Violation: 732.000000
Violation: 1146.000000
Violation: 410.000000
Violation: 197.000000
Violation: 361.000000
Violation: 160.000000
Violation: 778.000000
Violation: 568.000000
Violation: 530.000000
Violation: 264.000000
Violation: 951.000000
took 4.515814
Optimize a model with 940 rows, 906 columns and 12486 nonzeros
Coefficient statistics:
  Matrix range     [1e+00, 4e+01]
  Objective range  [0e+00, 0e+00]
  Bounds range     [1e+00, 4e+01]
  RHS range        [1e+00, 1e+02]
Presolve removed 658 rows and 115 columns
Presolve time: 0.00s
Presolved: 282 rows, 791 columns, 8557 nonzeros

Iteration    Objective       Primal Inf.    Dual Inf.      Time
       0    0.0000000e+00   4.716969e+01   0.000000e+00      0s
     137    0.0000000e+00   0.000000e+00   0.000000e+00      0s

Solved in 137 iterations and 0.01 seconds
Optimal objective  0.000000000e+00
