j3017_4.mm_s8.txt
Academic license - for non-commercial use only
Read LP format model from file lp/j3017_4.mm.lp
Reading time = 0.01 seconds
: 351 rows, 906 columns, 9053 nonzeros
OKGPU
nThreads: 1024 , nBlocks: 12 
Number cuts generated in the phase 1: 14
Number of repeat: 4 
violation 271.000000
violation 689.000000
violation 542.000000
violation 726.000000
violation 592.000000
violation 413.000000
violation 250.000000
violation 250.000000
violation 400.000000
violation 650.000000
8592 16
36 19 30 20 53 54 41 58 32 
AQUIIII!!19 17 53 20 55 58 61 32 60 16 41 59 18 30 36 21 
AQUIIII!!35 11 32 AQUIIII!!0 14 36 41 23 13 21 AQUIIII!!7 58 53 52 5 60 3 59 16 36 61 15 22 30 30 19 12 18 23 4 22 54 59 
20 20 53 55 60 58 55 61 1 30 19 5 
1 18 AQUIIII!!21 19 
21 53 17 20 AQUIIII!!1 41 30 59 32 60 18 41 55 32 21 55 17 61 58 20 59 60 58 19 36 36 16 18 53 4 
30 
AQUIIII!!21 0 AQUIIII!!18 58 16 55 41 9 58 10 30 23 20 8 53 AQUIIII!!24 32 22 58 19 53 56 59 20 60 36 17 6 17 60 5 1 55 59 18 4 1 55 
28 32 61 61 
19 41 36 30 59 21 
AQUIIII!!5 22 6 53 28 1 59 60 58 55 56 23 24 8 9 61 
AQUIIII!!20 19 60 41 59 30 36 21 61 17 AQUIIII!!32 61 18 59 58 18 53 19 1 17 55 20 
53 55 60 36 32 58 21 41 30 16 
AQUIIII!!53 61 55 58 60 21 23 20 36 1 59 30 19 22 18 5 
AQUIIII!!55 61 53 60 59 58 19 20 AQUIIII!!6 36 22 19 5 21 1 17 23 41 30 61 21 59 36 1 
AQUIIII!!55 19 60 55 30 60 32 53 53 21 58 18 18 41 20 61 
16 20 58 32 36 17 59 30 
AQUIIII!!61 9 2 10 3 5 28 8 23 6 24 1 57 60 22 56 
AQUIIII!!55 61 53 60 59 58 AQUIIII!!19 59 20 18 6 1 22 55 5 58 1 60 23 21 30 20 21 36 36 53 
61 30 32 41 19 17 
AQUIIII!!AQUIIII!!61 53 59 18 20 20 19 60 21 61 55 32 AQUIIII!!58 1 30 20 41 19 1 18 21 19 18 17 54 55 36 59 58 30 36 
0 5 36 60 30 53 32 23 41 58 AQUIIII!!21 22 32 4 
53 20 17 21 16 53 55 41 
19 16 17 58 36 55 60 61 59 30 18 
AQUIIII!!58 36 5 60 23 AQUIIII!!55 2 30 60 21 59 22 6 61 56 28 6 57 20 22 59 8 9 53 1 5 1 
56 24 23 10 61 
AQUIIII!!58 60 36 AQUIIII!!32 19 21 21 59 17 32 1 61 55 53 19 20 55 41 30 58 18 36 18 16 60 17 20 30 41 
53 59 61 
AQUIIII!!32 21 59 17 1 61 53 19 55 41 58 36 18 60 20 30 
AQUIIII!!19 60 55 5 59 22 23 6 30 36 21 1 58 53 61 20 
AQUIIII!!30 AQUIIII!!21 30 20 59 14 36 32 15 1 16 60 18 21 17 58 52 53 19 18 35 32 20 41 41 0 61 4 17 54 19 
55 
AQUIIII!!32 60 53 20 58 18 59 17 19 55 41 AQUIIII!!36 36 58 19 61 17 1 20 53 30 41 21 1 
18 55 21 32 30 60 59 61 
AQUIIII!!23 5 60 1 10 AQUIIII!!24 61 22 60 59 5 8 10 57 59 9 56 28 22 56 23 6 9 2 57 61 58 
24 1 28 6 8 
AQUIIII!!53 1 28 22 23 30 5 6 AQUIIII!!61 61 56 20 59 30 60 36 8 18 58 41 21 55 55 17 
1 19 21 32 59 53 58 60 
AQUIIII!!54 4 52 55 53 41 32 19 18 20 36 30 21 17 0 16 
AQUIIII!!23 5 9 7 22 6 10 8 24 3 AQUIIII!!21 57 1 28 23 1 53 56 58 2 60 61 61 
55 20 59 18 30 19 36 22 5 
AQUIIII!!55 1 23 22 59 56 21 5 60 6 30 20 58 61 53 36 
AQUIIII!!20 21 61 17 55 41 58 30 32 53 18 60 59 36 19 1 
AQUIIII!!60 36 AQUIIII!!53 17 1 1 30 AQUIIII!!41 22 20 32 20 55 36 1 58 30 53 22 58 59 21 23 55 AQUIIII!!56 23 AQUIIII!!19 61 AQUIIII!!5 60 AQUIIII!!59 53 21 21 23 36 53 6 57 58 20 21 5 8 21 24 36 60 21 19 56 19 59 52 30 2 60 22 59 17 58 18 6 1 30 18 36 55 1 18 61 55 6 60 19 9 32 5 61 16 28 
41 61 53 
5 53 41 
60 22 55 54 3 61 58 8 59 30 10 20 28 18 61 30 23 17 32 

0 56 20 1 55 
4 
AQUIIII!!AQUIIII!!22 54 23 4 5 52 30 32 6 17 36 16 21 30 60 1 19 59 35 20 20 58 15 61 18 55 0 53 13 56 41 
14 
AQUIIII!!53 1 8 22 30 59 21 56 55 5 6 58 23 60 28 61 
AQUIIII!!53 55 61 9 60 58 6 59 1 56 23 22 28 8 5 24 
AQUIIII!!18 17 58 55 60 59 61 19 30 21 53 32 20 36 41 16 
AQUIIII!!61 55 58 60 59 22 21 6 1 53 28 56 23 30 8 5 
AQUIIII!!59 36 21 18 41 61 16 32 53 58 55 60 20 30 17 19 
AQUIIII!!21 58 59 20 55 53 16 41 36 32 17 18 60 61 19 30 
AQUIIII!!22 36 23 60 53 20 55 5 30 59 58 19 21 1 18 61 
AQUIIII!!18 20 59 58 1 5 36 21 19 30 61 23 53 22 55 60 
AQUIIII!!55 59 20 58 1 60 17 AQUIIII!!30 61 21 60 18 22 24 53 28 32 1 36 56 19 23 41 5 3 61 
10 2 9 6 57 8 
AQUIIII!!56 1 8 5 58 6 21 30 22 55 23 53 28 60 61 59 
AQUIIII!!53 4 54 21 18 17 30 52 41 55 36 20 0 16 32 19 
AQUIIII!!6 23 59 5 58 9 1 22 55 AQUIIII!!28 61 53 8 59 24 19 53 22 56 55 60 60 30 61 20 
23 58 21 1 5 36 6 
AQUIIII!!1 41 61 18 60 55 17 32 AQUIIII!!30 23 20 56 53 9 59 36 57 58 8 21 3 19 24 
6 28 5 10 2 1 22 7 61 
AQUIIII!!61 1 23 24 7 2 5 3 AQUIIII!!54 22 4 AQUIIII!!10 7 21 28 41 41 52 9 17 57 13 55 12 59 8 16 6 11 19 0 16 56 30 
32 30 15 18 35 14 36 
32 53 20 58 60 17 61 
AQUIIII!!53 1 AQUIIII!!55 55 22 53 4 58 30 23 19 36 60 59 21 6 20 5 32 61 18 20 58 21 16 30 59 60 17 36 41 
19 
AQUIIII!!4 54 2 14 12 AQUIIII!!13 30 35 22 34 20 30 53 32 6 7 56 11 1 52 36 0 5 3 21 15 23 
60 58 61 55 59 
AQUIIII!!30 16 59 21 32 36 18 41 17 58 61 53 20 60 55 19 
AQUIIII!!20 19 AQUIIII!!60 22 41 23 8 59 6 30 53 36 59 21 30 AQUIIII!!28 61 53 21 17 60 59 32 AQUIIII!!61 61 18 20 5 54 55 56 58 53 58 53 58 4 55 36 1 1 60 
30 55 30 55 
52 1 41 41 0 32 17 16 32 21 17 18 19 21 18 
19 20 36 
AQUIIII!!59 56 53 58 60 55 6 21 23 AQUIIII!!1 53 36 19 22 AQUIIII!!5 5 61 36 30 55 59 20 1 23 61 36 19 
53 20 30 60 58 1 6 22 30 18 22 60 21 5 20 21 55 61 23 
58 59 
AQUIIII!!1 28 59 6 8 55 53 23 60 9 56 5 58 22 AQUIIII!!24 22 21 61 55 
60 6 59 8 AQUIIII!!53 53 5 19 61 56 55 23 1 28 36 20 30 60 1 6 30 58 22 61 5 
21 23 58 59 
AQUIIII!!58 16 AQUIIII!!17 55 4 53 53 4 18 16 55 20 20 19 32 41 36 54 30 18 19 36 59 17 21 21 0 30 41 0 
52 32 
AQUIIII!!20 61 55 53 41 36 1 58 18 32 19 21 17 59 60 30 
AQUIIII!!36 41 1 59 30 32 17 18 61 60 58 53 19 55 20 21 
AQUIIII!!59 23 19 30 1 6 5 53 58 60 22 20 36 21 61 55 
AQUIIII!!60 58 16 18 59 53 21 55 17 36 30 32 19 20 61 41 
AQUIIII!!61 5 21 23 6 59 19 1 58 30 55 53 22 AQUIIII!!60 20 58 36 
60 59 5 AQUIIII!!61 21 57 56 22 6 AQUIIII!!9 20 61 24 10 28 61 2 10 6 23 60 60 2 5 30 3 57 1 36 1 22 28 5 6 59 23 8 23 19 
24 22 53 56 9 55 8 
1 
AQUIIII!!58 60 59 5 21 22 20 61 23 30 36 6 19 53 55 1 
AQUIIII!!58 60 59 5 21 AQUIIII!!22 20 20 1 61 61 53 23 23 30 56 21 36 30 6 58 5 19 55 36 53 6 55 60 22 1 59 

AQUIIII!!10 22 23 56 28 60 24 59 8 9 6 58 57 1 5 61 
AQUIIII!!20 19 53 61 30 1 60 55 36 23 22 5 18 59 58 21 
AQUIIII!!21 41 17 36 18 32 0 30 20 16 58 53 54 19 55 4 AQUIIII!!
55 1 28 30 53 22 23 8 60 56 21 61 6 58 5 59 
AQUIIII!!58 60 20 53 59 61 55 22 21 18 36 1 23 30 5 19 
AQUIIII!!61 5 6 24 56 22 AQUIIII!!59 61 2 20 10 17 1 32 57 30 9 1 60 41 23 58 8 55 28 19 
36 53 59 60 18 21 
AQUIIII!!36 17 53 18 32 55 59 16 30 19 20 60 21 41 58 61 
AQUIIII!!61 5 57 56 7 1 10 6 24 28 2 8 23 9 3 22 
AQUIIII!!55 53 1 60 19 20 21 23 36 61 22 30 5 59 18 58 
AQUIIII!!54 4 52 55 53 41 32 19 18 20 36 30 21 17 0 16 
AQUIIII!!56 58 1 60 53 23 22 28 6 59 21 30 8 5 55 61 
AQUIIII!!61 55 19 58 22 23 36 21 5 20 1 30 60 18 53 59 
AQUIIII!!1 36 59 61 18 19 60 55 41 53 58 32 20 21 30 17 AQUIIII!!
5 6 21 53 56 60 1 28 22 58 59 8 55 30 23 61 
AQUIIII!!AQUIIII!!8 55 5 53 22 24 61 60 53 56 6 1 23 23 59 56 9 6 61 22 5 28 9 58 1 8 55 28 
60 24 59 58 
AQUIIII!!55 53 4 16 20 19 41 54 18 36 17 21 30 0 52 32 
AQUIIII!!58 55 AQUIIII!!54 10 17 2 0 8 19 6 41 28 30 AQUIIII!!9 16 61 7 32 58 23 21 20 57 18 16 56 20 30 22 36 32 24 4 18 5 53 1 19 
3 53 61 41 
55 17 36 60 21 59 
AQUIIII!!21 18 23 36 22 55 1 58 53 5 30 20 59 61 19 60 
AQUIIII!!20 16 61 53 30 58 59 18 32 17 60 21 55 36 41 19 
AQUIIII!!58 32 21 16 55 19 18 41 59 20 36 30 17 60 4 53 
AQUIIII!!53 4 54 21 18 17 30 52 41 55 36 20 0 16 32 19 
AQUIIII!!17 30 18 20 4 36 60 32 55 53 41 19 16 59 21 58 
AQUIIII!!23 20 5 60 22 1 53 36 19 21 30 59 58 55 AQUIIII!!6 58 61 
17 32 53 16 18 36 21 19 0 41 AQUIIII!!20 32 30 55 4 18 55 AQUIIII!!53 54 61 17 
22 60 5 59 10 19 36 55 41 6 58 23 30 56 20 58 21 28 1 9 61 59 
24 1 60 8 
AQUIIII!!20 58 36 17 32 18 53 1 19 55 21 59 61 30 41 60 
AQUIIII!!AQUIIII!!53 61 1 19 55 21 22 6 58 23 23 30 19 59 59 60 6 53 5 55 61 58 20 22 21 5 30 20 60 36 36 1 

AQUIIII!!59 41 32 36 1 61 21 18 30 58 17 19 20 60 53 55 
AQUIIII!!61 58 28 60 1 24 55 56 9 59 23 6 5 22 8 53 
AQUIIII!!61 6 9 59 5 58 60 55 1 8 24 23 28 56 22 10 
AQUIIII!!30 18 41 21 19 32 58 61 36 55 16 17 20 59 53 60 
AQUIIII!!9 55 60 1 24 6 58 22 53 8 23 5 56 28 59 61 
AQUIIII!!32 41 30 55 18 36 21 60 59 20 19 AQUIIII!!17 55 61 58 22 53 59 1 
58 8 60 1 53 24 6 23 28 5 56 9 61 
AQUIIII!!61 20 60 6 1 22 21 5 55 59 AQUIIII!!53 10 23 28 58 24 19 57 36 3 30 2 
23 1 9 6 22 5 AQUIIII!!56 61 8 7 9 24 61 
8 57 23 5 28 6 56 10 2 7 1 22 3 
AQUIIII!!61 8 24 55 58 22 5 23 53 28 60 59 56 1 6 9 
AQUIIII!!22 56 1 5 9 57 10 23 59 60 24 58 28 6 8 61 
AQUIIII!!1 56 53 55 59 23 6 8 60 28 58 5 30 61 22 21 
AQUIIII!!21 36 30 19 32 1 61 55 20 18 41 59 58 60 17 53 
AQUIIII!!32 21 20 0 52 17 41 30 36 18 15 16 19 4 54 53 
AQUIIII!!32 21 20 0 52 AQUIIII!!17 5 41 23 30 60 36 1 18 AQUIIII!!56 15 10 9 16 56 2 19 58 28 4 9 6 54 24 8 53 57 10 
1 22 22 3 6 57 59 24 8 61 28 
5 60 23 61 
AQUIIII!!61 3 10 8 57 6 22 23 5 9 56 24 2 AQUIIII!!7 1 1 55 28 60 
17 32 20 36 58 21 61 41 53 59 19 18 30 
AQUIIII!!10 28 5 9 8 60 3 2 24 22 23 6 56 1 57 61 
AQUIIII!!61 10 60 3 23 2 56 22 1 6 8 9 24 5 57 28 
AQUIIII!!9 28 56 24 23 8 7 57 22 10 5 1 6 3 2 61 
AQUIIII!!61 8 6 1 9 28 57 24 2 22 23 10 5 56 7 3 
AQUIIII!!61 5 57 10 22 56 24 8 59 23 6 58 60 9 28 1 
AQUIIII!!60 21 61 32 18 17 20 41 30 59 53 55 58 19 16 AQUIIII!!36 
17 36 18 21 30 4 54 0 16 32 41 52 20 53 19 55 
AQUIIII!!41 60 58 55 53 21 61 17 59 36 1 18 32 20 30 19 
AQUIIII!!19 17 53 20 55 58 61 32 60 16 41 59 18 30 36 21 
AQUIIII!!6 53 23 22 21 59 30 58 36 1 19 5 55 60 61 20 
AQUIIII!!15 17 30 32 0 41 12 18 35 16 13 14 11 52 4 54 
AQUIIII!!AQUIIII!!61 55 61 22 56 22 28 5 8 60 1 24 60 59 1 53 57 58 9 10 23 AQUIIII!!6 59 1 24 
9 53 5 36 60 28 AQUIIII!!22 8 23 61 6 20 10 23 58 2 58 30 24 56 61 8 59 
3 19 1 21 9 6 23 55 60 5 
5 56 57 22 28 6 
AQUIIII!!53 59 58 1 32 61 20 30 41 36 55 19 60 18 17 21 
AQUIIII!!53 59 58 1 32 61 20 30 41 36 55 19 60 18 17 21 
AQUIIII!!55 58 60 61 59 36 21 32 17 53 18 30 20 41 19 1 
AQUIIII!!18 30 59 5 1 36 19 60 21 20 61 22 23 58 53 55 
AQUIIII!!53 55 1 22 28 9 6 59 61 60 58 5 23 56 24 8 
AQUIIII!!61 55 22 1 20 60 53 56 58 23 6 21 36 5 59 30 
AQUIIII!!41 53 61 18 21 58 55 59 1 32 17 36 60 20 30 19 
AQUIIII!!61 18 1 20 19 22 58 5 23 30 53 36 AQUIIII!!21 41 59 60 53 55 61 
18 21 58 55 59 1 32 17 36 60 20 30 19 
AQUIIII!!18 36 55 20 17 32 21 58 59 19 30 1 41 53 60 61 
AQUIIII!!19 18 36 0 41 17 20 52 AQUIIII!!21 17 32 41 16 55 30 20 15 58 4 1 54 60 53 21 
53 32 61 59 18 30 19 AQUIIII!!36 22 AQUIIII!!
28 32 57 59 53 9 20 8 61 6 55 56 41 7 30 AQUIIII!!3 61 19 36 2 1 60 21 24 58 1 22 18 10 55 20 36 5 58 17 56 23 53 60 5 1 59 21 23 61 
30 6 

AQUIIII!!AQUIIII!!58 52 16 60 41 59 21 20 41 19 32 36 0 53 18 19 54 55 30 32 1 17 17 4 30 53 61 55 
36 18 21 20 
AQUIIII!!61 53 28 8 5 60 22 59 AQUIIII!!AQUIIII!!23 52 56 17 21 16 30 41 AQUIIII!!41 58 55 22 55 21 20 60 1 20 58 6 6 
19 1 1 60 56 AQUIIII!!36 21 53 61 0 53 59 59 18 32 58 5 54 61 24 9 30 59 9 60 32 18 55 24 30 28 17 58 19 5 4 1 36 8 53 6 
23 55 23 61 
10 
8 57 56 22 28 
AQUIIII!!61 8 9 24 28 57 2 6 10 23 59 56 60 5 22 1 
AQUIIII!!61 9 1 3 5 56 AQUIIII!!10 AQUIIII!!5 8 54 55 4 2 60 32 7 18 59 53 28 23 41 30 24 30 17 22 19 15 20 6 36 58 57 0 21 21 23 16 18 
19 36 52 1 20 
22 53 61 
AQUIIII!!18 58 30 55 21 36 59 1 20 32 61 19 41 53 17 60 
AQUIIII!!22 23 28 6 24 59 60 61 58 1 AQUIIII!!5 55 55 60 56 20 53 9 53 8 22 
1 56 6 61 59 23 30 AQUIIII!!21 58 6 36 56 5 36 58 59 
5 22 20 30 21 55 23 61 1 53 60 
AQUIIII!!18 20 59 58 30 41 17 36 1 AQUIIII!!61 58 1 55 21 19 59 60 55 18 21 36 32 32 53 20 60 
17 53 41 30 61 19 
AQUIIII!!AQUIIII!!24 4 1 16 6 58 5 0 23 36 59 17 9 20 10 AQUIIII!!21 56 58 32 57 19 30 22 41 18 2 60 19 60 59 28 21 55 8 30 18 61 22 
53 59 
36 5 1 23 20 61 55 53 
AQUIIII!!20 61 55 53 41 36 1 58 18 32 19 21 17 59 60 AQUIIII!!30 61 
19 1 17 53 58 30 60 59 32 41 55 21 20 36 18 
AQUIIII!!58 22 23 5 28 6 24 1 55 10 9 56 8 59 60 61 
AQUIIII!!60 17 19 20 30 36 32 41 18 21 59 1 55 53 AQUIIII!!61 60 58 16 
30 20 53 58 21 59 55 61 17 19 36 32 41 18 
AQUIIII!!4 17 18 53 54 21 52 30 AQUIIII!!20 5 15 1 53 36 21 16 60 6 41 36 32 55 23 19 56 0 59 22 
20 58 30 61 
AQUIIII!!17 0 19 41 36 52 32 16 30 20 18 55 21 54 4 53 
AQUIIII!!17 0 19 41 36 52 32 16 30 20 18 55 21 54 4 53 
AQUIIII!!30 32 20 36 17 41 18 16 21 59 58 19 0 55 53 4 
AQUIIII!!30 32 20 36 17 41 18 16 21 59 58 19 0 55 53 AQUIIII!!4 22 
28 5 21 58 8 1 30 59 23 56 53 60 55 6 61 
AQUIIII!!53 19 59 21 36 23 30 18 1 20 58 5 60 55 22 61 
AQUIIII!!61 55 58 19 17 53 41 18 60 32 59 36 20 30 21 1 
AQUIIII!!61 5 21 60 55 18 20 30 22 36 53 59 23 1 58 19 
AQUIIII!!19 59 1 32 41 21 30 60 58 53 20 17 18 61 55 36 
AQUIIII!!1 32 58 20 17 21 18 55 36 61 41 53 59 60 30 19 
AQUIIII!!1 24 6 59 2 23 22 57 9 60 28 10 56 8 5 61 
AQUIIII!!53 22 59 56 60 6 30 21 55 8 28 5 1 23 58 61 
AQUIIII!!9 1 8 53 23 59 22 55 28 24 58 60 56 5 6 61 
AQUIIII!!28 59 6 56 55 53 30 8 5 22 1 60 58 AQUIIII!!21 54 4 23 61 17 
15 16 19 12 18 52 32 13 41 35 0 14 30 
AQUIIII!!19 58 36 5 6 21 1 61 30 59 23 22 55 20 60 53 
AQUIIII!!28 53 56 58 21 60 5 8 55 30 6 59 22 1 23 61 
AQUIIII!!61 32 55 41 17 19 20 59 30 21 60 36 58 18 53 1 
AQUIIII!!58 55 19 1 61 53 30 60 18 20 59 32 36 17 41 21 
Number of Cuts in the second phase:4631
Number of repeat: 3737 
Violation: 1021.000000
Violation: 271.000000
Violation: 306.000000
Violation: 452.000000
Violation: 1100.000000
Violation: 1100.000000
Violation: 436.000000
Violation: 271.000000
Violation: 1205.000000
Violation: 99.000000
Violation: 250.000000
Violation: 270.000000
Violation: 313.000000
Violation: 300.000000
Violation: 533.000000
Violation: 485.000000
Violation: 455.000000
Violation: 544.000000
Violation: 1067.000000
Violation: 211.000000
Violation: 771.000000
Violation: 304.000000
Violation: 84.000000
Violation: 723.000000
Violation: 378.000000
Violation: 550.000000
Violation: 118.000000
Violation: 542.000000
Violation: 633.000000
Violation: 634.000000
Violation: 734.000000
Violation: 363.000000
Violation: 200.000000
Violation: 1000.000000
Violation: 200.000000
Violation: 1108.000000
Violation: 633.000000
Violation: 250.000000
Violation: 159.000000
Violation: 107.000000
Violation: 500.000000
Violation: 378.000000
Violation: 550.000000
Violation: 812.000000
Violation: 1134.000000
Violation: 500.000000
Violation: 525.000000
Violation: 171.000000
Violation: 400.000000
Violation: 250.000000
Violation: 300.000000
Violation: 960.000000
Violation: 418.000000
Violation: 363.000000
Violation: 575.000000
Violation: 363.000000
Violation: 363.000000
Violation: 550.000000
Violation: 600.000000
Violation: 326.000000
Violation: 613.000000
Violation: 714.000000
Violation: 430.000000
Violation: 813.000000
Violation: 175.000000
Violation: 84.000000
Violation: 1133.000000
Violation: 883.000000
Violation: 255.000000
Violation: 863.000000
Violation: 816.000000
Violation: 7.000000
Violation: 300.000000
Violation: 1538.000000
Violation: 559.000000
Violation: 300.000000
Violation: 637.000000
Violation: 200.000000
Violation: 633.000000
Violation: 283.000000
Violation: 284.000000
Violation: 700.000000
Violation: 209.000000
Violation: 559.000000
Violation: 391.000000
Violation: 1255.000000
Violation: 734.000000
Violation: 186.000000
Violation: 279.000000
Violation: 71.000000
Violation: 769.000000
Violation: 983.000000
Violation: 459.000000
Violation: 587.000000
Violation: 370.000000
Violation: 336.000000
Violation: 933.000000
Violation: 173.000000
Violation: 968.000000
Violation: 371.000000
Violation: 100.000000
Violation: 509.000000
Violation: 633.000000
Violation: 280.000000
Violation: 350.000000
Violation: 457.000000
Violation: 908.000000
Violation: 591.000000
Violation: 634.000000
Violation: 600.000000
Violation: 863.000000
Violation: 263.000000
Violation: 738.000000
Violation: 363.000000
Violation: 605.000000
Violation: 100.000000
Violation: 435.000000
Violation: 1134.000000
Violation: 1400.000000
Violation: 250.000000
Violation: 84.000000
Violation: 378.000000
Violation: 107.000000
Violation: 1174.000000
Violation: 33.000000
Violation: 1359.000000
Violation: 1284.000000
Violation: 648.000000
Violation: 154.000000
Violation: 159.000000
Violation: 459.000000
Violation: 812.000000
Violation: 600.000000
Violation: 284.000000
Violation: 50.000000
Violation: 320.000000
Violation: 955.000000
Violation: 208.000000
Violation: 1034.000000
Violation: 719.000000
Violation: 292.000000
Violation: 336.000000
Violation: 918.000000
Violation: 432.000000
Violation: 730.000000
Violation: 363.000000
Violation: 460.000000
Violation: 193.000000
Violation: 550.000000
Violation: 248.000000
Violation: 500.000000
Violation: 855.000000
Violation: 500.000000
Violation: 363.000000
Violation: 271.000000
Violation: 1008.000000
Violation: 700.000000
Violation: 100.000000
Violation: 404.000000
Violation: 733.000000
Violation: 1013.000000
Violation: 500.000000
Violation: 1355.000000
Violation: 219.000000
Violation: 814.000000
Violation: 97.000000
Violation: 663.000000
Violation: 850.000000
Violation: 996.000000
Violation: 363.000000
Violation: 634.000000
Violation: 784.000000
Violation: 634.000000
Violation: 550.000000
Violation: 533.000000
Violation: 908.000000
Violation: 371.000000
Violation: 13.000000
Violation: 548.000000
Violation: 350.000000
Violation: 1086.000000
Violation: 171.000000
Violation: 1026.000000
Violation: 700.000000
Violation: 500.000000
Violation: 209.000000
Violation: 899.000000
Violation: 1313.000000
Violation: 336.000000
Violation: 535.000000
Violation: 89.000000
Violation: 1089.000000
Violation: 908.000000
Violation: 285.000000
Violation: 250.000000
Violation: 541.000000
Violation: 1169.000000
Violation: 785.000000
Violation: 948.000000
Violation: 555.000000
Violation: 100.000000
Violation: 777.000000
Violation: 254.000000
Violation: 250.000000
Violation: 509.000000
Violation: 34.000000
Violation: 1234.000000
Violation: 426.000000
Violation: 452.000000
Violation: 770.000000
Violation: 500.000000
Violation: 833.000000
Violation: 700.000000
Violation: 1033.000000
Violation: 86.000000
Violation: 919.000000
Violation: 550.000000
Violation: 513.000000
Violation: 433.000000
Violation: 905.000000
Violation: 948.000000
Violation: 741.000000
Violation: 371.000000
Violation: 1458.000000
Violation: 400.000000
Violation: 291.000000
Violation: 452.000000
Violation: 559.000000
Violation: 291.000000
Violation: 85.000000
Violation: 788.000000
Violation: 283.000000
Violation: 270.000000
Violation: 285.000000
Violation: 214.000000
Violation: 449.000000
Violation: 259.000000
Violation: 156.000000
Violation: 389.000000
Violation: 734.000000
Violation: 270.000000
Violation: 390.000000
Violation: 436.000000
Violation: 336.000000
Violation: 363.000000
Violation: 270.000000
Violation: 862.000000
Violation: 1063.000000
Violation: 250.000000
Violation: 486.000000
Violation: 1208.000000
Violation: 848.000000
Violation: 1537.000000
Violation: 196.000000
Violation: 719.000000
Violation: 384.000000
Violation: 500.000000
Violation: 100.000000
Violation: 657.000000
Violation: 250.000000
Violation: 650.000000
Violation: 1283.000000
Violation: 300.000000
Violation: 1175.000000
Violation: 250.000000
Violation: 947.000000
Violation: 517.000000
Violation: 700.000000
Violation: 263.000000
Violation: 304.000000
Violation: 960.000000
Violation: 503.000000
Violation: 755.000000
Violation: 371.000000
Violation: 583.000000
Violation: 378.000000
Violation: 27.000000
Violation: 697.000000
Violation: 436.000000
Violation: 634.000000
Violation: 1033.000000
Violation: 434.000000
Violation: 812.000000
Violation: 285.000000
Violation: 759.000000
Violation: 263.000000
Violation: 409.000000
Violation: 92.000000
Violation: 59.000000
Violation: 633.000000
Violation: 300.000000
Violation: 805.000000
Violation: 7.000000
Violation: 234.000000
Violation: 1418.000000
Violation: 548.000000
Violation: 150.000000
Violation: 471.000000
Violation: 658.000000
Violation: 335.000000
Violation: 178.000000
Violation: 300.000000
Violation: 634.000000
Violation: 397.000000
Violation: 363.000000
Violation: 430.000000
Violation: 792.000000
Violation: 1108.000000
Violation: 426.000000
Violation: 100.000000
Violation: 836.000000
Violation: 98.000000
Violation: 430.000000
Violation: 1354.000000
Violation: 868.000000
Violation: 109.000000
Violation: 1005.000000
Violation: 300.000000
Violation: 700.000000
Violation: 534.000000
Violation: 884.000000
Violation: 618.000000
Violation: 1419.000000
Violation: 912.000000
Violation: 926.000000
Violation: 68.000000
Violation: 219.000000
Violation: 713.000000
Violation: 734.000000
Violation: 883.000000
Violation: 886.000000
Violation: 784.000000
Violation: 555.000000
Violation: 834.000000
Violation: 271.000000
Violation: 1134.000000
Violation: 450.000000
Violation: 300.000000
Violation: 792.000000
Violation: 750.000000
Violation: 721.000000
Violation: 322.000000
Violation: 121.000000
Violation: 578.000000
Violation: 141.000000
Violation: 300.000000
Violation: 600.000000
Violation: 99.000000
Violation: 918.000000
Violation: 163.000000
Violation: 905.000000
Violation: 671.000000
Violation: 685.000000
Violation: 855.000000
Violation: 1105.000000
Violation: 1134.000000
Violation: 485.000000
Violation: 619.000000
Violation: 78.000000
Violation: 796.000000
Violation: 171.000000
Violation: 359.000000
Violation: 177.000000
Violation: 771.000000
Violation: 758.000000
Violation: 100.000000
Violation: 700.000000
Violation: 657.000000
Violation: 216.000000
Violation: 164.000000
Violation: 159.000000
Violation: 250.000000
Violation: 274.000000
Violation: 207.000000
Violation: 268.000000
Violation: 541.000000
Violation: 826.000000
Violation: 1237.000000
Violation: 655.000000
Violation: 775.000000
Violation: 449.000000
Violation: 500.000000
Violation: 801.000000
Violation: 583.000000
Violation: 175.000000
Violation: 314.000000
Violation: 855.000000
Violation: 600.000000
Violation: 721.000000
Violation: 733.000000
Violation: 1447.000000
Violation: 993.000000
Violation: 984.000000
Violation: 809.000000
Violation: 250.000000
Violation: 571.000000
Violation: 4.000000
Violation: 689.000000
Violation: 834.000000
Violation: 384.000000
Violation: 755.000000
Violation: 1008.000000
Violation: 463.000000
Violation: 521.000000
Violation: 278.000000
Violation: 734.000000
Violation: 368.000000
Violation: 659.000000
Violation: 955.000000
Violation: 200.000000
Violation: 1321.000000
Violation: 815.000000
Violation: 500.000000
Violation: 1185.000000
Violation: 134.000000
Violation: 1363.000000
Violation: 100.000000
Violation: 658.000000
Violation: 271.000000
Violation: 1034.000000
Violation: 755.000000
Violation: 199.000000
Violation: 639.000000
Violation: 834.000000
Violation: 1154.000000
Violation: 734.000000
Violation: 904.000000
Violation: 884.000000
Violation: 763.000000
Violation: 587.000000
Violation: 984.000000
Violation: 128.000000
Violation: 221.000000
Violation: 120.000000
Violation: 176.000000
Violation: 1208.000000
Violation: 626.000000
Violation: 850.000000
Violation: 92.000000
Violation: 1072.000000
Violation: 407.000000
Violation: 750.000000
Violation: 187.000000
Violation: 547.000000
Violation: 400.000000
Violation: 391.000000
Violation: 355.000000
Violation: 934.000000
Violation: 505.000000
Violation: 25.000000
Violation: 1133.000000
Violation: 737.000000
Violation: 485.000000
Violation: 409.000000
Violation: 585.000000
Violation: 483.000000
Violation: 813.000000
Violation: 33.000000
Violation: 460.000000
Violation: 463.000000
Violation: 383.000000
Violation: 871.000000
Violation: 350.000000
Violation: 370.000000
Violation: 612.000000
Violation: 600.000000
Violation: 157.000000
Violation: 243.000000
Violation: 841.000000
Violation: 333.000000
Violation: 988.000000
Violation: 433.000000
Violation: 710.000000
Violation: 1384.000000
Violation: 687.000000
Violation: 655.000000
Violation: 21.000000
Violation: 171.000000
Violation: 816.000000
Violation: 799.000000
Violation: 903.000000
Violation: 663.000000
Violation: 306.000000
Violation: 642.000000
Violation: 904.000000
Violation: 368.000000
Violation: 1717.000000
Violation: 47.000000
Violation: 597.000000
Violation: 552.000000
Violation: 258.000000
Violation: 405.000000
Violation: 300.000000
Violation: 463.000000
Violation: 122.000000
Violation: 834.000000
Violation: 934.000000
Violation: 449.000000
Violation: 709.000000
Violation: 571.000000
Violation: 1284.000000
Violation: 734.000000
Violation: 918.000000
Violation: 884.000000
Violation: 863.000000
Violation: 617.000000
Violation: 511.000000
Violation: 271.000000
Violation: 850.000000
Violation: 849.000000
Violation: 90.000000
Violation: 383.000000
Violation: 314.000000
Violation: 948.000000
Violation: 500.000000
Violation: 1419.000000
Violation: 755.000000
Violation: 1357.000000
Violation: 905.000000
Violation: 684.000000
Violation: 998.000000
Violation: 1062.000000
Violation: 528.000000
Violation: 630.000000
Violation: 863.000000
Violation: 285.000000
Violation: 134.000000
Violation: 755.000000
Violation: 150.000000
Violation: 550.000000
Violation: 600.000000
Violation: 1633.000000
Violation: 334.000000
Violation: 363.000000
Violation: 903.000000
Violation: 189.000000
Violation: 717.000000
Violation: 463.000000
Violation: 871.000000
Violation: 934.000000
Violation: 1119.000000
Violation: 85.000000
Violation: 834.000000
Violation: 224.000000
Violation: 604.000000
Violation: 508.000000
Violation: 550.000000
Violation: 1100.000000
Violation: 1159.000000
Violation: 719.000000
Violation: 836.000000
Violation: 207.000000
Violation: 250.000000
Violation: 309.000000
Violation: 468.000000
Violation: 283.000000
Violation: 850.000000
Violation: 235.000000
Violation: 675.000000
Violation: 983.000000
Violation: 158.000000
Violation: 1196.000000
Violation: 750.000000
Violation: 930.000000
Violation: 716.000000
Violation: 371.000000
Violation: 1271.000000
Violation: 805.000000
Violation: 720.000000
Violation: 350.000000
Violation: 658.000000
Violation: 678.000000
Violation: 200.000000
Violation: 150.000000
Violation: 711.000000
Violation: 547.000000
Violation: 1058.000000
Violation: 471.000000
Violation: 35.000000
Violation: 571.000000
Violation: 634.000000
Violation: 808.000000
Violation: 291.000000
Violation: 150.000000
Violation: 384.000000
Violation: 350.000000
Violation: 463.000000
Violation: 302.000000
Violation: 204.000000
Violation: 925.000000
Violation: 306.000000
Violation: 450.000000
Violation: 306.000000
Violation: 10.000000
Violation: 163.000000
Violation: 784.000000
Violation: 1158.000000
Violation: 650.000000
Violation: 584.000000
Violation: 685.000000
Violation: 607.000000
Violation: 384.000000
Violation: 789.000000
Violation: 1008.000000
Violation: 415.000000
Violation: 520.000000
Violation: 534.000000
Violation: 600.000000
Violation: 500.000000
Violation: 1205.000000
Violation: 1034.000000
Violation: 309.000000
Violation: 463.000000
Violation: 586.000000
Violation: 213.000000
Violation: 363.000000
Violation: 1134.000000
Violation: 1134.000000
Violation: 4.000000
Violation: 413.000000
Violation: 909.000000
Violation: 883.000000
Violation: 1005.000000
Violation: 655.000000
Violation: 634.000000
Violation: 756.000000
Violation: 500.000000
Violation: 969.000000
Violation: 271.000000
Violation: 360.000000
Violation: 271.000000
Violation: 213.000000
Violation: 341.000000
Violation: 334.000000
Violation: 283.000000
Violation: 971.000000
Violation: 452.000000
Violation: 239.000000
Violation: 534.000000
Violation: 650.000000
Violation: 249.000000
Violation: 1305.000000
Violation: 513.000000
Violation: 469.000000
Violation: 479.000000
Violation: 436.000000
Violation: 354.000000
Violation: 730.000000
Violation: 339.000000
Violation: 1241.000000
Violation: 949.000000
Violation: 359.000000
Violation: 809.000000
Violation: 900.000000
Violation: 147.000000
Violation: 550.000000
Violation: 521.000000
Violation: 329.000000
Violation: 1216.000000
Violation: 784.000000
Violation: 828.000000
Violation: 663.000000
Violation: 1133.000000
Violation: 833.000000
Violation: 755.000000
Violation: 309.000000
Violation: 453.000000
Violation: 200.000000
Violation: 734.000000
Violation: 555.000000
Violation: 150.000000
Violation: 384.000000
Violation: 1205.000000
Violation: 1059.000000
Violation: 436.000000
Violation: 783.000000
Violation: 834.000000
Violation: 199.000000
Violation: 584.000000
Violation: 369.000000
Violation: 650.000000
Violation: 513.000000
Violation: 791.000000
Violation: 611.000000
Violation: 355.000000
Violation: 371.000000
Violation: 868.000000
Violation: 355.000000
Violation: 1113.000000
Violation: 785.000000
Violation: 808.000000
Violation: 585.000000
Violation: 696.000000
Violation: 804.000000
Violation: 650.000000
Violation: 358.000000
Violation: 418.000000
Violation: 586.000000
Violation: 574.000000
Violation: 705.000000
Violation: 833.000000
Violation: 170.000000
Violation: 883.000000
Violation: 909.000000
Violation: 315.000000
Violation: 1154.000000
Violation: 1086.000000
Violation: 510.000000
Violation: 883.000000
Violation: 349.000000
Violation: 613.000000
Violation: 483.000000
Violation: 28.000000
Violation: 383.000000
Violation: 211.000000
Violation: 278.000000
Violation: 759.000000
Violation: 750.000000
Violation: 113.000000
Violation: 1134.000000
Violation: 355.000000
Violation: 400.000000
Violation: 559.000000
Violation: 1425.000000
Violation: 533.000000
Violation: 10.000000
Violation: 383.000000
Violation: 435.000000
Violation: 408.000000
Violation: 571.000000
Violation: 808.000000
Violation: 613.000000
Violation: 7.000000
Violation: 789.000000
Violation: 294.000000
Violation: 550.000000
Violation: 452.000000
Violation: 263.000000
Violation: 1308.000000
Violation: 542.000000
Violation: 563.000000
Violation: 723.000000
Violation: 963.000000
Violation: 21.000000
Violation: 550.000000
Violation: 726.000000
Violation: 997.000000
Violation: 905.000000
Violation: 699.000000
Violation: 263.000000
Violation: 267.000000
Violation: 617.000000
Violation: 350.000000
Violation: 521.000000
Violation: 633.000000
Violation: 584.000000
Violation: 437.000000
Violation: 1286.000000
Violation: 348.000000
Violation: 920.000000
Violation: 1237.000000
Violation: 348.000000
Violation: 364.000000
Violation: 534.000000
Violation: 558.000000
Violation: 175.000000
Violation: 1034.000000
Violation: 7.000000
Violation: 926.000000
Violation: 46.000000
Violation: 634.000000
Violation: 255.000000
Violation: 147.000000
Violation: 1354.000000
Violation: 634.000000
Violation: 413.000000
Violation: 557.000000
Violation: 1283.000000
Violation: 8.000000
Violation: 685.000000
Violation: 204.000000
Violation: 355.000000
Violation: 100.000000
Violation: 108.000000
Violation: 571.000000
Violation: 585.000000
Violation: 635.000000
Violation: 181.000000
Violation: 89.000000
Violation: 905.000000
Violation: 908.000000
Violation: 309.000000
Violation: 630.000000
Violation: 450.000000
Violation: 271.000000
Violation: 218.000000
Violation: 171.000000
Violation: 659.000000
Violation: 1214.000000
Violation: 336.000000
Violation: 26.000000
Violation: 431.000000
Violation: 555.000000
Violation: 605.000000
Violation: 1055.000000
Violation: 159.000000
Violation: 1055.000000
Violation: 433.000000
Violation: 912.000000
Violation: 1787.000000
Violation: 586.000000
Violation: 336.000000
Violation: 1335.000000
Violation: 300.000000
Violation: 571.000000
Violation: 1084.000000
Violation: 271.000000
Violation: 420.000000
Violation: 408.000000
Violation: 62.000000
Violation: 54.000000
Violation: 791.000000
Violation: 475.000000
Violation: 1158.000000
Violation: 350.000000
Violation: 134.000000
Violation: 171.000000
Violation: 1205.000000
Violation: 805.000000
Violation: 210.000000
Violation: 121.000000
Violation: 900.000000
Violation: 605.000000
Violation: 98.000000
Violation: 550.000000
Violation: 1205.000000
Violation: 358.000000
Violation: 469.000000
Violation: 1405.000000
Violation: 1267.000000
Violation: 300.000000
Violation: 147.000000
Violation: 585.000000
Violation: 848.000000
Violation: 184.000000
Violation: 1063.000000
Violation: 883.000000
Violation: 435.000000
Violation: 871.000000
Violation: 797.000000
Violation: 513.000000
Violation: 209.000000
Violation: 884.000000
Violation: 437.000000
Violation: 38.000000
Violation: 247.000000
Violation: 298.000000
Violation: 634.000000
Violation: 200.000000
Violation: 309.000000
Violation: 600.000000
Violation: 121.000000
Violation: 818.000000
Violation: 459.000000
Violation: 343.000000
Violation: 797.000000
Violation: 544.000000
Violation: 100.000000
Violation: 1808.000000
Violation: 371.000000
Violation: 783.000000
Violation: 270.000000
Violation: 418.000000
Violation: 691.000000
Violation: 83.000000
Violation: 389.000000
Violation: 407.000000
Violation: 421.000000
Violation: 634.000000
Violation: 159.000000
Violation: 144.000000
Violation: 54.000000
Violation: 485.000000
Violation: 263.000000
Violation: 534.000000
Violation: 1178.000000
Violation: 37.000000
Violation: 834.000000
Violation: 505.000000
Violation: 375.000000
Violation: 521.000000
Violation: 93.000000
Violation: 321.000000
Violation: 821.000000
7404 16
22 55 60 30 23 19 61 53 20 
AQUIIII!!7 22 5 AQUIIII!!56 55 28 61 3 18 9 21 10 19 1 41 57 58 23 59 6 60 8 16 2 32 24 36 61 30 
17 53 20 
AQUIIII!!21 17 36 30 61 18 59 55 58 32 AQUIIII!!53 61 41 24 60 58 20 57 1 5 19 AQUIIII!!59 
61 28 58 10 8 22 9 6 1 59 60 57 22 AQUIIII!!23 23 10 56 22 24 6 19 8 
1 30 9 60 5 28 55 56 18 AQUIIII!!60 
59 60 AQUIIII!!21 21 21 58 59 5 20 58 18 61 AQUIIII!!6 1 23 53 19 36 36 5 20 59 22 5 23 58 59 1 30 6 22 53 61 1 55 
55 AQUIIII!!23 60 36 56 19 30 5 55 22 23 AQUIIII!!22 AQUIIII!!30 8 19 57 1 22 21 24 AQUIIII!!24 61 53 36 9 1 54 6 53 4 20 
56 6 56 20 15 58 11 9 2 10 
35 60 28 57 28 52 61 23 30 57 60 0 8 
60 6 32 10 3 34 3 5 13 9 2 59 2 8 12 5 58 1 7 23 14 22 5 3 61 1 
23 
60 61 28 
10 24 61 
AQUIIII!!61 6 28 23 58 AQUIIII!!22 61 60 18 8 20 55 53 AQUIIII!!1 55 30 59 30 5 36 58 19 60 21 21 1 53 58 21 56 AQUIIII!!18 22 61 30 41 19 
19 53 5 20 61 59 21 17 23 58 16 36 32 20 
30 55 1 32 60 60 59 18 17 
55 59 41 36 53 
AQUIIII!!54 53 4 41 17 20 52 36 0 16 18 15 21 19 32 30 
AQUIIII!!55 36 53 21 18 59 20 AQUIIII!!58 36 41 5 30 6 30 17 60 1 59 61 60 32 20 1 53 19 19 
61 23 58 55 22 21 
AQUIIII!!16 55 18 17 53 58 59 21 60 4 AQUIIII!!36 41 19 30 41 60 1 32 36 30 32 20 58 
18 53 20 21 59 19 55 61 17 
AQUIIII!!36 30 17 55 AQUIIII!!18 32 21 53 30 32 20 60 41 61 36 20 59 59 19 41 58 55 19 58 1 16 53 
18 21 61 17 60 
AQUIIII!!32 30 20 41 36 59 19 58 55 1 53 18 21 61 17 60 
AQUIIII!!58 53 55 17 19 59 16 36 21 20 30 4 32 60 18 41 
AQUIIII!!17 18 36 41 59 16 32 4 AQUIIII!!58 61 19 36 30 58 21 55 55 1 60 AQUIIII!!32 20 61 53 58 53 21 23 
5 60 55 59 21 17 30 6 41 22 20 1 59 18 36 30 53 20 19 56 
60 
AQUIIII!!28 1 2 10 24 8 57 9 6 59 23 60 56 22 5 61 
AQUIIII!!32 53 17 21 58 20 55 16 60 30 19 59 36 41 18 61 AQUIIII!!
61 53 59 AQUIIII!!60 8 22 57 28 1 23 58 56 10 30 7 21 9 36 3 AQUIIII!!6 23 61 1 55 2 55 20 5 53 24 19 60 22 6 61 59 5 
19 
5 36 20 1 21 18 22 23 58 30 
AQUIIII!!61 36 58 55 1 32 53 21 60 59 17 41 20 18 30 19 
AQUIIII!!19 18 61 17 55 53 58 1 60 36 30 59 32 21 41 20 
AQUIIII!!61 36 58 55 1 32 53 21 60 AQUIIII!!59 54 17 4 41 18 20 17 18 30 30 16 19 36 
0 55 53 21 41 20 52 19 32 
AQUIIII!!53 55 1 24 60 9 6 22 58 59 56 61 28 8 5 23 
AQUIIII!!41 30 36 19 32 17 4 55 60 18 59 53 16 58 20 21 
AQUIIII!!16 20 19 4 17 55 53 30 54 18 52 21 0 41 36 32 
AQUIIII!!60 8 61 56 55 23 28 53 5 1 21 22 59 58 30 6 
AQUIIII!!41 30 36 19 32 17 4 55 60 18 59 53 16 58 20 21 
AQUIIII!!58 55 61 17 36 32 20 21 60 41 18 59 53 30 19 16 
AQUIIII!!60 5 10 57 24 28 59 23 8 2 22 9 1 6 56 61 
AQUIIII!!54 AQUIIII!!4 52 17 16 30 14 21 12 35 32 18 18 30 20 0 15 59 17 60 19 13 61 41 53 32 41 
55 58 36 1 19 
AQUIIII!!5 21 30 55 59 36 61 23 56 58 22 20 60 6 AQUIIII!!53 55 1 58 
30 28 5 22 59 56 1 8 23 6 21 60 53 61 
AQUIIII!!5 56 57 10 9 22 28 6 8 1 24 23 7 2 3 61 
AQUIIII!!61 5 22 59 24 10 28 1 8 6 56 60 9 58 23 55 
AQUIIII!!19 16 30 61 58 59 20 41 32 21 17 18 55 60 53 36 
AQUIIII!!20 1 30 61 36 21 32 41 60 53 18 19 55 59 58 17 
AQUIIII!!60 61 55 58 59 18 19 16 41 21 20 36 53 32 30 17 
AQUIIII!!59 56 55 23 24 9 28 22 60 10 8 58 6 1 5 61 
AQUIIII!!60 61 55 58 59 18 19 16 41 21 20 36 53 32 30 17 
AQUIIII!!19 58 53 17 61 41 AQUIIII!!32 16 60 19 21 59 16 55 32 30 58 36 17 59 18 30 36 18 60 20 41 
61 55 20 53 21 
AQUIIII!!53 58 5 1 21 56 30 6 59 22 8 60 55 61 23 28 
AQUIIII!!21 0 30 18 36 32 19 17 53 4 41 52 16 20 55 54 
AQUIIII!!20 32 17 19 21 AQUIIII!!55 56 60 1 18 10 30 22 58 23 1 57 53 6 36 9 41 AQUIIII!!2 59 28 8 56 61 7 21 
24 5 5 1 28 53 3 58 61 30 
22 55 23 8 59 60 6 61 
AQUIIII!!61 24 5 23 56 6 57 2 60 1 3 10 28 8 22 9 
AQUIIII!!4 54 14 17 16 18 13 52 30 19 32 41 15 35 20 0 
AQUIIII!!54 53 4 41 17 20 52 36 0 16 AQUIIII!!18 53 15 36 41 21 AQUIIII!!32 19 36 17 32 17 20 30 19 21 
32 30 53 19 60 55 59 58 30 18 20 16 41 61 61 60 16 59 55 
58 18 21 
AQUIIII!!61 56 8 57 24 3 22 60 23 10 9 5 2 28 1 6 
AQUIIII!!19 1 23 55 59 61 53 20 22 58 60 6 5 36 30 21 
AQUIIII!!18 17 61 AQUIIII!!19 1 59 36 55 23 20 58 22 60 53 19 5 58 30 1 21 30 60 21 32 59 20 36 53 41 61 
18 55 
AQUIIII!!20 59 60 55 32 41 AQUIIII!!18 1 53 21 61 55 36 58 17 59 AQUIIII!!1 60 19 21 53 58 19 17 41 58 61 32 30 30 16 
20 4 36 53 19 59 32 55 41 30 18 36 
18 17 21 20 60 
AQUIIII!!58 53 20 60 41 19 17 32 30 36 18 55 21 59 1 61 
AQUIIII!!18 55 59 53 19 17 41 61 30 20 32 1 21 60 36 58 
AQUIIII!!18 32 AQUIIII!!17 23 55 AQUIIII!!22 16 24 61 0 6 AQUIIII!!19 20 5 59 1 21 3 41 1 41 10 30 23 59 28 59 5 21 1 36 10 18 2 58 22 36 57 19 55 58 7 4 32 56 56 53 58 28 8 
20 60 9 17 24 61 60 6 
53 8 30 9 
55 61 
AQUIIII!!1 55 5 23 58 61 30 19 22 21 60 18 59 53 36 20 
AQUIIII!!55 60 61 1 23 53 58 22 59 19 36 20 21 5 18 30 
AQUIIII!!30 60 21 19 20 36 55 53 18 41 59 61 32 17 58 1 
AQUIIII!!5 6 59 60 53 1 23 58 36 55 19 22 20 30 21 61 
AQUIIII!!5 58 59 36 20 30 23 22 AQUIIII!!53 56 60 AQUIIII!!8 55 61 23 1 60 9 61 21 28 19 59 57 21 6 55 10 19 18 60 
17 5 53 1 20 24 41 58 18 22 36 59 61 30 32 
58 1 
AQUIIII!!55 AQUIIII!!41 20 58 30 53 32 60 36 55 21 30 4 19 18 20 0 32 41 21 19 59 16 61 54 17 58 36 18 53 17 16 

AQUIIII!!55 58 1 20 AQUIIII!!60 58 36 60 41 5 30 59 53 24 AQUIIII!!18 10 24 17 9 59 61 57 9 32 23 56 59 6 6 21 5 1 19 10 28 
28 8 60 22 56 8 22 1 61 23 
AQUIIII!!AQUIIII!!57 22 17 58 9 30 61 59 
32 60 19 6 15 8 35 5 13 1 52 56 14 53 16 28 AQUIIII!!23 12 1 55 41 8 24 58 18 58 5 0 61 23 54 
60 4 28 56 
59 6 24 55 53 22 9 61 
AQUIIII!!17 61 53 58 41 55 AQUIIII!!61 1 8 19 5 6 18 10 30 28 AQUIIII!!59 61 56 36 53 22 58 32 57 28 20 23 8 60 9 55 21 3 6 
24 21 1 23 2 56 60 5 
60 22 1 59 30 
AQUIIII!!54 4 21 30 41 19 17 20 53 52 16 36 15 18 0 32 
AQUIIII!!30 36 17 59 16 32 41 60 55 18 21 19 53 61 58 20 
AQUIIII!!55 53 60 AQUIIII!!19 53 18 61 59 55 58 18 32 19 20 21 17 17 30 30 41 58 36 36 21 32 16 20 61 59 
16 41 60 
AQUIIII!!AQUIIII!!30 61 17 36 20 53 41 18 36 23 32 58 16 59 60 19 22 53 1 58 55 55 5 18 30 21 21 59 20 4 19 
60 
AQUIIII!!58 21 60 1 6 56 5 36 22 30 61 23 AQUIIII!!59 17 53 60 20 55 55 1 
18 61 41 20 36 19 53 59 58 30 32 21 
AQUIIII!!1 21 55 58 59 60 53 17 61 30 20 36 19 32 41 18 
AQUIIII!!21 61 59 41 19 32 60 18 55 58 36 53 16 17 20 30 
AQUIIII!!58 23 59 20 5 30 21 22 36 55 AQUIIII!!18 16 53 41 61 19 17 60 19 1 55 
AQUIIII!!21 1 36 19 52 32 36 54 53 30 55 18 58 0 22 20 59 4 5 53 60 
6 AQUIIII!!60 20 30 1 23 9 21 59 61 5 
55 24 22 28 6 56 23 58 53 8 61 
AQUIIII!!53 4 36 55 21 16 20 30 17 32 19 0 54 41 52 18 
AQUIIII!!61 28 58 5 53 9 1 55 23 56 8 22 6 24 59 60 AQUIIII!!
61 59 8 56 AQUIIII!!58 58 23 55 59 24 20 23 5 6 30 60 21 22 5 36 28 55 1 18 10 53 9 61 22 19 
60 1 AQUIIII!!
61 24 23 6 9 22 10 57 1 56 2 8 5 59 28 60 
AQUIIII!!16 61 55 30 18 59 21 53 41 36 32 60 17 19 58 20 
AQUIIII!!61 56 AQUIIII!!10 5 22 23 8 6 59 22 1 56 57 1 6 5 8 60 3 9 28 24 2 23 10 2 9 28 24 
7 57 61 AQUIIII!!
61 10 8 6 7 5 24 56 57 28 1 23 3 9 2 22 
AQUIIII!!24 1 22 23 56 9 8 28 57 AQUIIII!!61 10 55 5 53 60 60 2 59 6 19 3 5 61 36 
20 1 21 18 22 23 58 30 
AQUIIII!!30 21 41 18 58 53 16 36 32 59 17 55 60 19 20 61 
AQUIIII!!21 53 61 8 59 56 5 28 6 22 1 30 60 55 23 58 
AQUIIII!!28 5 6 23 24 9 8 1 22 60 59 57 58 56 10 61 
AQUIIII!!61 36 58 22 60 55 1 21 20 30 6 53 5 56 59 23 
AQUIIII!!55 53 1 5 19 30 21 23 6 22 20 36 58 61 AQUIIII!!60 41 59 18 
1 20 30 59 21 53 55 58 60 17 61 32 36 19 
AQUIIII!!41 18 1 20 30 59 21 53 55 58 60 17 61 32 36 19 
AQUIIII!!61 5 8 59 1 60 6 10 55 23 28 56 58 24 9 22 
AQUIIII!!59 21 19 4 36 32 18 30 17 41 60 20 55 58 16 53 
AQUIIII!!28 5 AQUIIII!!58 1 1 5 60 28 24 55 55 58 8 22 23 60 10 8 56 56 22 9 9 23 6 59 59 53 61 6 
24 61 
AQUIIII!!56 5 23 60 1 58 10 8 59 9 6 28 57 24 22 61 
AQUIIII!!61 24 59 56 5 AQUIIII!!58 53 28 16 55 18 9 60 53 59 23 4 22 17 60 19 1 32 6 55 8 41 
58 30 21 36 20 
AQUIIII!!61 55 16 21 59 41 32 20 60 36 19 30 58 53 17 18 
AQUIIII!!10 1 9 28 59 22 23 24 AQUIIII!!6 53 56 58 21 8 55 5 36 60 60 57 58 61 
32 AQUIIII!!41 30 18 1 30 20 16 18 59 36 17 59 19 5 61 AQUIIII!!55 20 55 60 
1 21 59 58 53 61 22 53 21 22 58 23 36 19 23 
6 60 19 5 30 61 20 
AQUIIII!!18 61 20 53 55 58 41 19 17 30 16 60 59 36 21 32 
AQUIIII!!53 61 55 18 19 21 17 30 58 36 32 20 59 16 41 60 
AQUIIII!!61 60 59 10 2 57 56 23 22 1 6 8 5 28 24 9 
AQUIIII!!59 30 21 18 20 58 19 41 1 55 60 36 32 AQUIIII!!17 16 41 53 4 61 21 
36 20 17 30 19 58 32 59 53 60 18 55 
AQUIIII!!16 41 4 21 36 20 17 30 19 58 32 59 53 60 18 55 
AQUIIII!!23 9 24 5 58 28 6 8 1 22 60 55 59 61 56 53 
AQUIIII!!9 8 56 5 23 28 22 60 59 24 6 1 AQUIIII!!53 59 55 58 58 24 61 23 
53 9 8 56 1 5 6 60 22 28 55 AQUIIII!!61 23 
22 56 6 5 9 58 8 10 28 59 55 1 24 60 61 
AQUIIII!!22 59 60 9 57 10 6 1 58 28 23 8 56 5 24 61 
AQUIIII!!60 1 28 2 22 56 59 10 23 9 5 8 57 6 24 61 
AQUIIII!!54 53 4 41 17 20 52 36 0 16 18 15 21 19 32 30 
AQUIIII!!1 36 5 58 30 22 6 21 23 53 60 19 20 55 59 61 
AQUIIII!!1 36 5 58 30 22 6 21 23 53 60 19 20 55 59 61 
AQUIIII!!6 20 23 58 22 60 36 21 55 5 59 30 19 53 61 1 
AQUIIII!!20 61 17 53 21 41 18 1 19 30 60 55 32 36 58 59 
AQUIIII!!61 56 28 58 22 1 6 55 10 59 23 5 60 9 8 24 AQUIIII!!
21 58 AQUIIII!!5 19 53 55 54 1 55 20 16 23 18 56 59 0 32 22 36 52 6 53 41 20 60 36 30 30 21 61 
4 17 
AQUIIII!!53 55 1 24 60 9 6 22 58 59 56 61 28 8 5 23 
AQUIIII!!16 60 59 21 20 17 55 61 53 18 32 58 41 36 30 19 
AQUIIII!!23 1 56 22 3 2 28 57 6 24 10 5 9 7 8 61 
AQUIIII!!17 AQUIIII!!32 41 8 59 23 20 60 60 6 36 59 19 57 5 30 18 28 58 55 16 9 24 53 10 61 56 21 58 1 
22 61 
AQUIIII!!10 9 56 59 28 60 22 1 58 23 24 8 5 6 57 61 
AQUIIII!!61 8 22 55 5 59 6 1 23 56 28 21 30 53 60 58 
AQUIIII!!55 18 41 AQUIIII!!1 17 30 61 53 32 32 41 19 60 59 20 55 19 30 21 58 36 20 60 17 53 58 1 59 36 61 18 21 

AQUIIII!!61 24 8 57 60 23 5 56 58 28 6 9 10 1 59 22 
AQUIIII!!53 55 17 61 20 32 21 59 58 36 30 16 41 19 60 18 
AQUIIII!!53 55 56 8 AQUIIII!!59 53 21 61 30 55 23 60 61 58 22 36 58 59 6 21 28 30 1 1 60 41 5 17 
19 32 20 18 
AQUIIII!!20 16 55 59 58 53 17 30 41 36 18 32 60 61 21 19 
AQUIIII!!53 55 1 22 6 30 36 60 61 21 59 19 5 58 23 20 
AQUIIII!!18 0 16 21 41 58 AQUIIII!!AQUIIII!!AQUIIII!!30 20 30 59 20 19 59 28 17 60 20 24 4 32 55 18 6 32 36 41 56 41 17 0 58 18 32 54 10 53 36 55 23 61 58 4 55 36 53 53 1 17 19 
60 16 1 22 55 21 AQUIIII!!5 21 19 23 8 54 58 8 9 AQUIIII!!
30 56 61 18 
10 
0 22 16 1 21 60 41 24 58 5 30 28 19 55 20 6 32 59 58 36 17 9 AQUIIII!!54 61 23 55 
58 4 21 53 19 
30 5 20 53 36 61 60 6 59 22 1 55 AQUIIII!!
41 3 30 15 0 52 12 35 14 16 32 13 11 7 54 4 
AQUIIII!!5 60 20 59 6 55 AQUIIII!!55 23 4 36 17 19 32 53 30 58 53 16 21 1 59 22 0 21 18 36 58 30 61 19 
41 20 
AQUIIII!!1 55 22 58 36 18 61 5 30 60 21 59 23 20 53 19 
AQUIIII!!16 18 0 36 17 41 20 19 32 52 30 55 4 53 21 54 
AQUIIII!!16 55 18 17 53 58 59 21 60 4 36 19 41 32 30 20 
AQUIIII!!36 18 1 60 32 55 61 AQUIIII!!20 53 59 30 58 58 18 17 53 41 60 59 21 22 19 19 
23 55 1 36 21 30 20 5 61 
AQUIIII!!22 1 36 19 30 21 5 53 20 18 23 59 55 58 60 61 
AQUIIII!!53 AQUIIII!!60 55 21 58 6 58 61 23 16 22 32 59 41 5 19 53 36 1 59 8 17 56 30 28 18 30 21 60 20 55 
61 
AQUIIII!!55 36 53 21 18 59 20 58 41 30 17 60 61 32 1 19 
AQUIIII!!21 6 58 23 22 59 5 53 1 8 56 28 30 60 55 61 
AQUIIII!!21 22 59 58 60 5 53 23 56 1 6 36 20 55 30 61 
AQUIIII!!36 17 58 16 20 60 32 59 19 53 61 55 41 21 30 18 
AQUIIII!!61 1 24 6 60 3 57 28 5 56 9 23 2 8 10 22 
AQUIIII!!22 56 1 55 58 20 60 23 5 36 30 53 6 59 21 61 
AQUIIII!!10 22 23 56 8 57 3 1 28 24 7 9 6 5 2 61 
AQUIIII!!9 1 6 10 60 58 28 23 56 5 22 24 59 57 8 61 
AQUIIII!!53 54 20 16 21 41 0 30 17 32 18 4 36 55 58 19 
AQUIIII!!61 22 58 53 5 6 AQUIIII!!36 5 59 60 20 56 1 23 21 22 23 21 60 6 30 56 30 55 55 
59 1 8 28 53 58 61 
AQUIIII!!9 28 60 22 6 1 5 56 59 23 57 8 58 24 10 61 
AQUIIII!!21 0 30 18 32 20 17 AQUIIII!!36 21 41 8 60 16 22 55 58 19 30 54 1 52 5 53 56 59 4 6 
28 53 23 55 61 
AQUIIII!!10 24 59 5 57 AQUIIII!!23 16 60 30 22 56 36 8 41 9 32 1 6 53 28 17 58 18 61 60 
20 59 58 19 61 21 55 
AQUIIII!!55 59 18 20 53 61 5 60 22 23 1 36 19 58 21 30 
AQUIIII!!53 59 19 61 18 16 60 20 41 58 55 17 21 32 36 30 
AQUIIII!!60 32 17 58 53 59 61 36 19 18 55 1 41 21 20 30 
AQUIIII!!19 21 59 58 61 18 60 17 55 41 20 53 32 30 36 1 
AQUIIII!!61 56 9 8 28 58 53 6 5 60 22 23 59 55 24 1 
AQUIIII!!61 10 56 57 28 5 6 9 24 1 58 8 60 59 23 22 
AQUIIII!!19 16 58 53 55 20 59 21 41 60 18 4 17 30 36 32 
AQUIIII!!53 41 32 58 16 19 59 60 30 18 61 20 55 36 17 21 
AQUIIII!!61 60 58 18 30 32 20 17 21 53 19 16 36 41 59 55 
AQUIIII!!61 8 22 59 23 9 28 1 24 10 56 2 6 5 60 57 
AQUIIII!!61 6 22 9 57 3 5 28 8 1 23 7 56 24 10 2 
AQUIIII!!61 28 2 57 5 1 8 24 23 9 22 59 60 6 56 10 
AQUIIII!!61 59 55 58 6 53 20 19 36 5 22 1 23 30 21 60 
AQUIIII!!53 54 18 58 17 36 0 21 41 20 16 19 30 32 4 55 
AQUIIII!!60 6 10 59 24 8 5 1 56 28 57 9 22 2 23 61 
Number of Cuts in the second phase:4049
Number of repeat: 3518 
Violation: 705.000000
Violation: 100.000000
Violation: 663.000000
Violation: 557.000000
Violation: 1355.000000
Violation: 448.000000
Violation: 960.000000
Violation: 11.000000
Violation: 570.000000
Violation: 702.000000
Violation: 21.000000
Violation: 600.000000
Violation: 10.000000
Violation: 363.000000
Violation: 543.000000
Violation: 850.000000
Violation: 1284.000000
Violation: 278.000000
Violation: 463.000000
Violation: 1655.000000
Violation: 1334.000000
Violation: 317.000000
Violation: 808.000000
Violation: 42.000000
Violation: 537.000000
Violation: 355.000000
Violation: 7.000000
Violation: 383.000000
Violation: 598.000000
Violation: 600.000000
Violation: 563.000000
Violation: 288.000000
Violation: 534.000000
Violation: 654.000000
Violation: 372.000000
Violation: 88.000000
Violation: 1086.000000
Violation: 1000.000000
Violation: 904.000000
Violation: 783.000000
Violation: 28.000000
Violation: 530.000000
Violation: 835.000000
Violation: 100.000000
Violation: 808.000000
Violation: 900.000000
Violation: 559.000000
Violation: 434.000000
Violation: 783.000000
Violation: 663.000000
Violation: 391.000000
Violation: 788.000000
Violation: 336.000000
Violation: 750.000000
Violation: 1033.000000
Violation: 971.000000
Violation: 86.000000
Violation: 809.000000
Violation: 1133.000000
Violation: 668.000000
Violation: 83.000000
Violation: 950.000000
Violation: 392.000000
Violation: 350.000000
Violation: 200.000000
Violation: 1205.000000
Violation: 563.000000
Violation: 84.000000
Violation: 1659.000000
Violation: 97.000000
Violation: 150.000000
Violation: 371.000000
Violation: 783.000000
Violation: 689.000000
Violation: 363.000000
Violation: 237.000000
Violation: 560.000000
Violation: 371.000000
Violation: 250.000000
Violation: 654.000000
Violation: 1384.000000
Violation: 648.000000
Violation: 439.000000
Violation: 799.000000
Violation: 885.000000
Violation: 522.000000
Violation: 500.000000
Violation: 1387.000000
Violation: 884.000000
Violation: 208.000000
Violation: 463.000000
Violation: 704.000000
Violation: 932.000000
Violation: 883.000000
Violation: 85.000000
Violation: 405.000000
Violation: 601.000000
Violation: 335.000000
Violation: 105.000000
Violation: 574.000000
Violation: 1063.000000
Violation: 344.000000
Violation: 858.000000
Violation: 305.000000
Violation: 8.000000
Violation: 721.000000
Violation: 450.000000
Violation: 384.000000
Violation: 391.000000
Violation: 941.000000
Violation: 1119.000000
Violation: 370.000000
Violation: 414.000000
Violation: 1133.000000
Violation: 404.000000
Violation: 784.000000
Violation: 1013.000000
Violation: 818.000000
Violation: 111.000000
Violation: 933.000000
Violation: 1159.000000
Violation: 755.000000
Violation: 909.000000
Violation: 21.000000
Violation: 583.000000
Violation: 934.000000
Violation: 600.000000
Violation: 936.000000
Violation: 103.000000
Violation: 855.000000
Violation: 805.000000
Violation: 621.000000
Violation: 1007.000000
Violation: 1063.000000
Violation: 291.000000
Violation: 801.000000
Violation: 736.000000
Violation: 80.000000
Violation: 313.000000
Violation: 494.000000
Violation: 463.000000
Violation: 634.000000
Violation: 21.000000
Violation: 1383.000000
Violation: 471.000000
Violation: 886.000000
Violation: 1284.000000
Violation: 1008.000000
Violation: 748.000000
Violation: 24.000000
Violation: 863.000000
Violation: 719.000000
Violation: 51.000000
Violation: 845.000000
Violation: 533.000000
Violation: 1234.000000
Violation: 500.000000
Violation: 459.000000
Violation: 546.000000
Violation: 178.000000
Violation: 1020.000000
Violation: 702.000000
Violation: 1237.000000
Violation: 961.000000
Violation: 1034.000000
Violation: 283.000000
Violation: 174.000000
Violation: 471.000000
Violation: 971.000000
Violation: 850.000000
Violation: 13.000000
Violation: 613.000000
Violation: 284.000000
Violation: 679.000000
Violation: 291.000000
Violation: 70.000000
Violation: 783.000000
Violation: 283.000000
Violation: 848.000000
Violation: 1537.000000
Violation: 509.000000
Violation: 558.000000
Violation: 1213.000000
Violation: 400.000000
Violation: 616.000000
Violation: 413.000000
Violation: 358.000000
Violation: 1183.000000
Violation: 1163.000000
Violation: 1234.000000
Violation: 71.000000
Violation: 650.000000
Violation: 960.000000
Violation: 521.000000
Violation: 828.000000
Violation: 249.000000
Violation: 1559.000000
Violation: 159.000000
Violation: 350.000000
Violation: 9.000000
Violation: 1533.000000
Violation: 1084.000000
Violation: 298.000000
Violation: 719.000000
Violation: 102.000000
Violation: 604.000000
Violation: 1174.000000
Violation: 451.000000
Violation: 524.000000
Violation: 186.000000
Violation: 993.000000
Violation: 812.000000
Violation: 413.000000
Violation: 484.000000
Violation: 400.000000
Violation: 313.000000
Violation: 476.000000
Violation: 837.000000
Violation: 834.000000
Violation: 100.000000
Violation: 755.000000
Violation: 850.000000
Violation: 96.000000
Violation: 598.000000
Violation: 222.000000
Violation: 468.000000
Violation: 336.000000
Violation: 1619.000000
Violation: 1308.000000
Violation: 734.000000
Violation: 863.000000
Violation: 185.000000
Violation: 305.000000
Violation: 299.000000
Violation: 733.000000
Violation: 324.000000
Violation: 1254.000000
Violation: 971.000000
Violation: 2080.000000
Violation: 505.000000
Violation: 463.000000
Violation: 535.000000
Violation: 470.000000
Violation: 376.000000
Violation: 1005.000000
Violation: 533.000000
Violation: 275.000000
Violation: 1384.000000
Violation: 755.000000
Violation: 337.000000
Violation: 359.000000
Violation: 484.000000
Violation: 110.000000
Violation: 541.000000
Violation: 634.000000
Violation: 7.000000
Violation: 42.000000
Violation: 102.000000
Violation: 1355.000000
Violation: 963.000000
Violation: 8.000000
Violation: 521.000000
Violation: 5.000000
Violation: 341.000000
Violation: 109.000000
Violation: 400.000000
Violation: 85.000000
Violation: 634.000000
Violation: 271.000000
Violation: 1405.000000
Violation: 212.000000
Violation: 113.000000
Violation: 349.000000
Violation: 217.000000
Violation: 334.000000
Violation: 409.000000
Violation: 1105.000000
Violation: 905.000000
Violation: 905.000000
Violation: 988.000000
Violation: 491.000000
Violation: 351.000000
Violation: 1384.000000
Violation: 633.000000
Violation: 909.000000
Violation: 21.000000
Violation: 884.000000
Violation: 1012.000000
Violation: 463.000000
Violation: 1233.000000
Violation: 354.000000
Violation: 631.000000
Violation: 1088.000000
Violation: 884.000000
Violation: 293.000000
Violation: 713.000000
Violation: 1034.000000
Violation: 1234.000000
Violation: 487.000000
Violation: 648.000000
Violation: 412.000000
Violation: 362.000000
Violation: 899.000000
Violation: 500.000000
Violation: 271.000000
Violation: 621.000000
Violation: 750.000000
Violation: 812.000000
Violation: 761.000000
Violation: 475.000000
Violation: 104.000000
Violation: 934.000000
Violation: 271.000000
Violation: 856.000000
Violation: 645.000000
Violation: 400.000000
Violation: 84.000000
Violation: 555.000000
Violation: 430.000000
Violation: 886.000000
Violation: 496.000000
Violation: 400.000000
Violation: 184.000000
Violation: 834.000000
Violation: 435.000000
Violation: 459.000000
Violation: 302.000000
Violation: 771.000000
Violation: 539.000000
Violation: 617.000000
Violation: 383.000000
Violation: 365.000000
Violation: 300.000000
Violation: 439.000000
Violation: 1003.000000
Violation: 501.000000
Violation: 1205.000000
Violation: 805.000000
Violation: 850.000000
Violation: 1033.000000
Violation: 530.000000
Violation: 196.000000
Violation: 263.000000
Violation: 107.000000
Violation: 158.000000
Violation: 1205.000000
Violation: 1324.000000
Violation: 40.000000
Violation: 488.000000
Violation: 408.000000
Violation: 996.000000
Violation: 718.000000
Violation: 479.000000
Violation: 21.000000
Violation: 686.000000
Violation: 608.000000
Violation: 455.000000
Violation: 835.000000
Violation: 925.000000
Violation: 835.000000
Violation: 462.000000
Violation: 446.000000
Violation: 613.000000
Violation: 371.000000
Violation: 383.000000
Violation: 722.000000
Violation: 433.000000
Violation: 768.000000
Violation: 805.000000
Violation: 419.000000
Violation: 633.000000
Violation: 33.000000
Violation: 884.000000
Violation: 1159.000000
Violation: 105.000000
Violation: 99.000000
Violation: 309.000000
Violation: 363.000000
Violation: 563.000000
Violation: 1237.000000
Violation: 1463.000000
Violation: 790.000000
Violation: 321.000000
Violation: 344.000000
Violation: 50.000000
Violation: 534.000000
Violation: 8.000000
Violation: 383.000000
Violation: 413.000000
Violation: 850.000000
Violation: 271.000000
Violation: 159.000000
Violation: 503.000000
Violation: 819.000000
Violation: 483.000000
Violation: 483.000000
Violation: 1205.000000
Violation: 160.000000
Violation: 1033.000000
Violation: 1105.000000
Violation: 73.000000
Violation: 663.000000
Violation: 13.000000
Violation: 871.000000
Violation: 388.000000
Violation: 633.000000
Violation: 248.000000
Violation: 55.000000
Violation: 542.000000
Violation: 541.000000
Violation: 433.000000
Violation: 634.000000
Violation: 483.000000
Violation: 355.000000
Violation: 1021.000000
Violation: 271.000000
Violation: 254.000000
Violation: 721.000000
Violation: 935.000000
Violation: 963.000000
Violation: 383.000000
Violation: 105.000000
Violation: 1005.000000
Violation: 848.000000
Violation: 500.000000
Violation: 69.000000
Violation: 1255.000000
Violation: 891.000000
Violation: 434.000000
Violation: 621.000000
Violation: 586.000000
Violation: 943.000000
Violation: 110.000000
Violation: 442.000000
Violation: 559.000000
Violation: 871.000000
Violation: 383.000000
Violation: 385.000000
Violation: 900.000000
Violation: 426.000000
Violation: 200.000000
Violation: 1455.000000
Violation: 271.000000
Violation: 18.000000
Violation: 305.000000
Violation: 61.000000
Violation: 387.000000
Violation: 808.000000
Violation: 412.000000
Violation: 905.000000
Violation: 305.000000
Violation: 887.000000
Violation: 426.000000
Violation: 333.000000
Violation: 392.000000
Violation: 1058.000000
Violation: 18.000000
Violation: 566.000000
Violation: 583.000000
Violation: 168.000000
Violation: 705.000000
Violation: 1254.000000
Violation: 1226.000000
Violation: 812.000000
Violation: 850.000000
Violation: 737.000000
Violation: 613.000000
Violation: 928.000000
Violation: 784.000000
Violation: 600.000000
Violation: 730.000000
Violation: 646.000000
Violation: 941.000000
Violation: 451.000000
Violation: 746.000000
Violation: 563.000000
Violation: 198.000000
Violation: 900.000000
Violation: 800.000000
Violation: 476.000000
Violation: 334.000000
Violation: 607.000000
Violation: 50.000000
Violation: 884.000000
Violation: 463.000000
Violation: 433.000000
Violation: 150.000000
Violation: 185.000000
Violation: 663.000000
Violation: 159.000000
Violation: 554.000000
Violation: 646.000000
Violation: 419.000000
Violation: 600.000000
Violation: 535.000000
Violation: 9.000000
Violation: 812.000000
Violation: 387.000000
Violation: 863.000000
Violation: 670.000000
Violation: 404.000000
Violation: 869.000000
Violation: 750.000000
Violation: 787.000000
Violation: 830.000000
Violation: 600.000000
Violation: 1184.000000
Violation: 884.000000
Violation: 434.000000
Violation: 642.000000
Violation: 1039.000000
Violation: 833.000000
Violation: 528.000000
Violation: 441.000000
Violation: 650.000000
Violation: 134.000000
Violation: 658.000000
Violation: 683.000000
Violation: 634.000000
Violation: 384.000000
Violation: 528.000000
Violation: 269.000000
Violation: 221.000000
Violation: 655.000000
Violation: 621.000000
Violation: 612.000000
Violation: 1191.000000
Violation: 909.000000
Violation: 96.000000
Violation: 485.000000
Violation: 344.000000
took 4.674063

Warning: excessive time spent in model updates.
Consider calling update less frequently.

Optimize a model with 1800 rows, 906 columns and 19790 nonzeros
Coefficient statistics:
  Matrix range     [1e+00, 6e+01]
  Objective range  [0e+00, 0e+00]
  Bounds range     [1e+00, 4e+01]
  RHS range        [1e+00, 1e+02]
Presolve removed 1345 rows and 109 columns
Presolve time: 0.00s
Presolved: 455 rows, 797 columns, 9474 nonzeros

Iteration    Objective       Primal Inf.    Dual Inf.      Time
       0    0.0000000e+00   4.476255e+01   0.000000e+00      0s
     114    0.0000000e+00   0.000000e+00   0.000000e+00      0s

Solved in 114 iterations and 0.01 seconds
Optimal objective  0.000000000e+00
