j3017_4.mm_s7.txt
Academic license - for non-commercial use only
Read LP format model from file lp/j3017_4.mm.lp
Reading time = 0.00 seconds
: 351 rows, 906 columns, 9053 nonzeros
OKGPU
nThreads: 1024 , nBlocks: 12 
Number cuts generated in the phase 1: 10
Number of repeat: 1 
violation 661.000000
violation 8.000000
violation 795.000000
violation 210.000000
violation 483.000000
violation 435.000000
violation 581.000000
violation 645.000000
violation 8.000000
8592 16
21 15 16 22 48 44 29 37 22 41 46 14 49 24 41 17 3 17 26 48 48 22 22 29 20 8 47 14 AQUIIII!!6 17 32 52 6 44 46 16 19 48 32 41 32 46 20 32 44 21 45 52 4 37 4 21 21 4 
17 51 4 21 29 14 47 21 44 5 6 9 21 47 47 41 17 46 9 26 9 6 
26 6 6 29 48 17 29 52 21 
22 17 21 8 14 5 3 48 41 17 29 
48 47 41 44 49 5 

5 4 22 27 46 9 8 5 
AQUIIII!!14 44 22 14 45 8 21 9 17 21 44 4 
AQUIIII!!41 

41 46 48 45 47 14 17 22 22 9 6 37 32 AQUIIII!!3 
52 44 9 24 48 AQUIIII!!32 51 26 40 46 16 17 AQUIIII!!29 22 49 19 21 8 26 46 AQUIIII!!18 AQUIIII!!46 5 22 48 49 47 9 46 AQUIIII!!44 22 51 47 26 20 21 0 14 
46 47 20 44 24 17 52 49 46 29 5 16 14 26 40 20 27 44 48 29 52 21 16 51 37 21 50 52 AQUIIII!!52 8 16 52 20 16 44 
48 19 27 27 14 47 47 41 18 16 17 
6 37 0 37 46 37 22 48 48 18 46 52 8 47 8 
26 20 44 44 AQUIIII!!27 47 22 
44 18 17 22 20 50 52 22 48 21 6 49 52 8 17 5 26 48 37 49 48 21 26 20 51 22 51 41 19 46 9 17 
14 

37 9 AQUIIII!!22 47 
27 46 21 AQUIIII!!21 16 4 14 14 41 47 29 45 
48 5 41 14 AQUIIII!!44 44 21 22 22 6 48 27 22 47 8 16 9 17 26 8 51 6 17 20 52 49 44 5 24 3 9 17 AQUIIII!!32 52 
37 29 46 21 44 46 18 22 
46 
27 AQUIIII!!48 46 16 37 47 49 18 8 16 14 52 AQUIIII!!37 47 44 22 26 8 44 52 4 26 20 29 48 5 17 17 15 21 20 41 51 32 9 24 21 
45 21 6 
14 9 17 22 3 
AQUIIII!!44 16 20 17 37 26 24 47 49 18 52 46 21 51 48 22 
AQUIIII!!48 14 46 9 47 21 44 20 22 37 52 16 49 27 26 17 
AQUIIII!!47 27 22 52 16 20 14 44 51 37 26 21 49 17 48 46 
AQUIIII!!46 21 20 14 37 9 27 26 22 52 49 17 48 44 AQUIIII!!16 AQUIIII!!47 44 46 
41 26 9 20 22 22 21 5 16 27 21 48 49 47 51 AQUIIII!!8 18 44 17 37 8 6 17 47 29 AQUIIII!!52 14 29 47 24 52 5 49 47 48 46 18 21 44 
19 6 48 20 9 
37 41 44 14 50 46 22 26 52 AQUIIII!!AQUIIII!!51 17 16 27 22 48 48 17 41 20 46 
46 52 16 6 24 4 22 47 14 
37 22 47 46 29 48 32 52 8 18 21 26 5 17 AQUIIII!!9 21 44 24 44 16 51 
22 49 37 AQUIIII!!44 46 46 
19 21 52 37 21 19 24 22 49 48 20 47 48 26 26 20 51 18 49 47 16 
18 52 44 51 24 
AQUIIII!!47 44 17 52 22 48 46 26 21 20 16 51 24 37 49 18 
AQUIIII!!44 9 14 17 27 8 22 29 46 41 5 21 47 6 48 52 
AQUIIII!!46 51 14 49 22 48 26 21 52 AQUIIII!!16 27 18 47 20 37 17 52 20 48 44 
19 50 49 AQUIIII!!40 16 49 0 44 47 50 26 24 37 48 52 AQUIIII!!22 20 51 46 51 49 16 48 47 19 26 51 44 37 
52 18 16 19 50 AQUIIII!!22 20 46 9 47 
46 22 26 17 24 37 8 22 41 18 
16 21 29 AQUIIII!!6 46 0 47 20 37 27 50 44 47 52 18 16 48 51 46 22 40 14 49 
52 19 48 AQUIIII!!26 AQUIIII!!
19 9 37 21 26 4 49 40 41 20 14 18 17 16 47 48 0 6 22 48 47 51 29 50 52 32 46 AQUIIII!!22 
17 5 47 8 41 46 46 44 29 
27 AQUIIII!!6 27 52 17 8 16 AQUIIII!!21 22 14 21 22 26 44 8 AQUIIII!!46 52 44 48 37 26 14 17 14 47 5 22 8 9 8 9 37 6 47 17 44 27 48 52 9 
47 48 27 46 29 21 20 41 16 52 9 46 14 16 
20 AQUIIII!!
AQUIIII!!46 21 44 47 AQUIIII!!22 14 17 3 9 44 48 9 22 41 44 32 32 
14 6 8 6 17 21 52 29 48 4 14 29 45 4 46 44 8 5 29 46 AQUIIII!!8 5 5 22 16 6 41 41 21 17 22 AQUIIII!!
22 47 44 52 
24 9 49 18 27 AQUIIII!!48 49 21 47 21 20 AQUIIII!!48 22 21 26 8 
52 9 47 27 14 27 51 9 9 26 41 48 29 21 46 48 17 AQUIIII!!37 17 46 48 17 14 51 14 20 50 22 16 17 47 47 46 
19 46 44 52 27 40 37 21 29 26 5 44 18 8 49 52 
22 6 41 20 0 52 47 48 6 16 37 44 16 22 

46 
AQUIIII!!45 44 32 14 8 21 5 9 17 15 AQUIIII!!22 29 44 4 22 41 AQUIIII!!3 14 6 24 
47 44 48 51 51 47 52 27 46 37 20 17 37 16 AQUIIII!!18 AQUIIII!!49 46 49 46 47 21 26 27 17 46 22 37 9 48 52 52 22 16 20 26 32 19 26 47 8 50 
14 21 
20 48 22 14 49 4 48 44 17 29 16 5 21 6 51 41 44 

AQUIIII!!16 26 AQUIIII!!52 51 17 46 22 48 27 49 37 16 21 17 44 21 51 52 48 18 AQUIIII!!46 37 44 49 20 46 14 26 9 20 47 5 47 24 14 
44 21 22 6 
22 32 17 3 8 47 41 4 29 
AQUIIII!!46 44 16 48 26 24 49 22 20 19 37 52 47 51 21 18 
AQUIIII!!44 47 46 49 26 24 AQUIIII!!16 32 37 17 50 22 20 8 22 19 29 48 5 52 9 51 6 18 21 
3 14 41 4 46 45 44 
AQUIIII!!32 17 22 8 29 5 9 6 21 3 14 41 4 46 45 44 
AQUIIII!!46 21 8 9 14 AQUIIII!!47 52 22 22 44 47 6 17 48 17 8 52 27 29 9 5 16 41 48 27 21 
14 44 41 6 29 46 
AQUIIII!!44 32 4 29 14 9 8 48 21 17 41 6 46 22 47 5 
AQUIIII!!44 46 48 41 32 21 4 8 22 17 47 14 9 5 6 29 
AQUIIII!!4 14 5 3 9 6 17 32 22 21 8 47 46 41 44 29 
AQUIIII!!44 46 48 41 32 21 4 8 22 17 47 14 9 5 6 29 
AQUIIII!!48 22 52 37 46 49 26 47 20 24 51 18 19 21 16 44 
AQUIIII!!8 46 5 9 6 17 4 14 41 48 22 47 29 32 21 44 
AQUIIII!!46 49 18 16 37 26 52 50 51 47 48 AQUIIII!!44 17 19 5 AQUIIII!!24 48 44 22 6 4 20 29 5 41 
9 8 22 14 17 4 44 15 47 29 22 3 9 45 21 14 32 6 46 21 
32 AQUIIII!!8 46 AQUIIII!!41 47 44 
3 9 22 32 AQUIIII!!5 15 29 41 3 48 9 4 6 17 16 17 AQUIIII!!6 9 45 46 8 29 14 14 47 32 41 27 17 14 44 21 14 8 16 22 22 44 22 6 21 4 47 8 44 21 52 29 52 
17 27 5 20 41 
21 46 49 
26 37 48 51 
AQUIIII!!44 8 22 21 29 41 6 AQUIIII!!4 22 27 14 17 47 16 9 44 17 46 48 5 51 46 52 3 47 14 32 49 
21 26 37 20 
AQUIIII!!44 37 17 49 51 52 47 26 16 46 18 21 24 AQUIIII!!22 6 20 44 48 52 
5 17 41 8 47 22 27 9 21 29 14 48 46 
AQUIIII!!44 46 9 5 14 21 6 22 32 17 3 8 47 41 4 29 
AQUIIII!!6 44 52 5 17 41 8 47 22 27 9 21 29 14 48 46 
AQUIIII!!22 AQUIIII!!19 44 44 18 51 18 49 24 48 49 51 50 46 37 22 52 16 20 17 16 37 48 24 47 20 26 47 46 52 21 
26 
AQUIIII!!46 8 41 9 22 32 45 4 6 21 14 17 3 5 29 44 
AQUIIII!!46 47 21 17 48 29 9 41 14 16 8 22 27 52 44 6 
AQUIIII!!20 22 37 52 27 26 14 21 49 48 44 51 47 17 16 46 AQUIIII!!
46 9 47 14 17 5 27 29 21 52 48 41 6 22 8 44 
AQUIIII!!48 22 17 41 47 16 8 21 29 27 52 9 14 46 6 44 
AQUIIII!!52 16 37 49 18 47 44 22 AQUIIII!!24 44 21 27 48 AQUIIII!!20 19 AQUIIII!!44 16 20 44 16 49 26 48 49 14 51 46 37 48 46 14 24 22 
52 17 47 19 9 37 18 26 26 22 46 17 26 48 16 21 27 49 51 47 47 52 21 51 46 20 AQUIIII!!50 
18 52 37 22 22 20 51 
24 
26 37 20 47 46 16 49 48 21 52 17 44 
AQUIIII!!46 16 52 47 20 22 26 27 37 21 17 51 44 48 49 14 
AQUIIII!!46 21 8 48 41 4 32 5 22 9 17 6 14 AQUIIII!!44 44 47 52 29 37 
9 17 21 8 47 16 26 AQUIIII!!27 44 22 20 17 46 29 14 5 48 21 
15 9 4 AQUIIII!!32 46 3 44 14 22 45 22 48 AQUIIII!!27 6 44 8 14 16 41 52 49 
37 37 17 14 21 17 9 9 26 16 46 47 48 20 27 49 47 26 21 
20 52 22 
AQUIIII!!47 26 27 9 48 22 16 20 AQUIIII!!37 46 52 47 17 44 44 51 14 48 49 20 21 52 46 22 27 
14 17 16 26 21 37 49 
AQUIIII!!44 AQUIIII!!17 41 46 47 52 8 14 48 27 27 48 44 37 6 21 51 52 49 17 26 29 20 16 22 9 47 21 16 22 
14 46 
AQUIIII!!47 26 27 9 AQUIIII!!48 22 16 16 18 20 22 37 44 52 26 17 44 48 14 AQUIIII!!49 49 44 20 AQUIIII!!21 16 47 46 44 18 37 
18 49 21 52 24 24 26 26 17 46 51 51 21 46 52 47 47 46 24 52 
16 19 48 20 20 48 21 37 22 22 51 
19 37 49 
AQUIIII!!46 51 26 40 18 49 19 52 0 47 20 48 37 50 16 22 
AQUIIII!!44 19 46 50 47 37 18 52 26 16 24 22 49 48 51 20 
AQUIIII!!44 29 17 27 14 41 52 22 16 47 21 46 48 6 9 8 
AQUIIII!!46 16 AQUIIII!!22 48 51 24 22 20 19 19 18 47 16 44 48 49 20 37 37 51 40 50 0 52 50 18 26 49 
47 26 52 46 AQUIIII!!16 
49 44 46 37 48 52 22 47 26 21 24 20 51 18 19 
AQUIIII!!29 14 3 32 22 AQUIIII!!6 46 4 17 32 46 29 21 8 17 3 9 AQUIIII!!6 45 44 45 41 16 14 5 4 46 8 21 17 44 22 47 
5 18 41 20 44 49 9 21 
22 24 26 37 51 48 52 AQUIIII!!
46 44 52 41 17 47 AQUIIII!!46 14 50 22 16 44 48 49 6 52 8 24 29 48 9 19 27 51 16 20 21 47 
22 18 37 26 
AQUIIII!!46 44 52 41 17 47 14 22 48 6 8 29 9 27 16 21 
AQUIIII!!44 22 48 47 16 26 51 20 49 24 17 52 37 21 18 46 
AQUIIII!!44 37 26 48 46 27 9 21 16 52 22 20 14 17 8 47 
AQUIIII!!22 46 47 37 9 48 52 8 21 17 14 20 27 16 26 44 
AQUIIII!!47 14 49 46 48 9 21 44 52 22 37 27 20 16 17 26 
AQUIIII!!26 19 AQUIIII!!47 16 47 51 26 22 20 52 48 49 46 50 48 51 20 18 24 52 19 49 46 37 22 16 24 50 37 18 44 44 

AQUIIII!!6 3 45 9 32 AQUIIII!!44 8 9 29 21 17 46 46 37 21 48 52 22 47 5 14 4 8 41 22 14 27 44 26 
17 20 AQUIIII!!16 47 
44 37 19 49 50 48 20 51 18 52 46 26 22 24 16 
AQUIIII!!6 46 5 8 21 22 9 AQUIIII!!17 46 29 17 14 41 27 41 8 3 52 32 6 4 21 14 47 AQUIIII!!47 44 9 44 
29 14 16 46 44 21 22 48 48 52 
17 6 9 AQUIIII!!47 27 22 21 5 14 29 9 41 52 22 47 8 20 
26 17 27 49 44 48 16 37 46 
AQUIIII!!44 22 8 47 5 52 AQUIIII!!17 49 AQUIIII!!21 46 47 48 16 49 41 47 AQUIIII!!16 29 48 51 46 46 19 20 24 14 50 21 20 26 9 37 18 16 27 52 48 46 6 40 52 
48 51 18 44 0 44 37 19 51 22 18 17 20 26 26 
52 21 22 22 
24 49 47 37 
AQUIIII!!46 41 29 32 4 17 6 22 14 8 44 21 9 5 45 3 
AQUIIII!!49 46 16 47 48 19 50 26 18 52 40 51 0 37 22 20 
AQUIIII!!14 22 17 46 9 32 21 8 3 41 6 45 5 4 29 44 
AQUIIII!!44 14 46 21 48 52 17 6 9 47 27 5 29 41 22 8 AQUIIII!!
24 47 50 26 37 19 22 52 48 49 16 44 46 18 20 51 
AQUIIII!!44 22 52 21 24 18 51 20 16 47 37 17 49 46 26 48 
AQUIIII!!44 29 41 21 9 4 47 48 8 17 22 32 5 6 14 46 
AQUIIII!!47 46 14 AQUIIII!!9 44 44 19 29 46 8 50 52 47 5 37 21 27 18 6 52 48 26 41 16 22 24 17 22 
49 48 51 20 
AQUIIII!!44 41 46 16 52 27 47 29 21 6 14 22 9 48 17 8 
AQUIIII!!46 20 40 26 49 37 16 51 47 18 22 50 48 19 0 52 
AQUIIII!!46 32 6 48 44 8 14 9 17 4 22 29 5 21 41 47 
AQUIIII!!21 22 9 32 3 5 41 8 44 45 14 6 17 4 29 46 
AQUIIII!!46 26 40 49 0 16 47 22 52 18 48 20 37 51 19 50 
AQUIIII!!44 47 48 27 37 46 8 16 26 14 52 21 22 20 17 9 
AQUIIII!!22 8 5 21 32 47 41 9 46 17 29 4 14 3 6 44 
AQUIIII!!46 20 40 26 49 37 16 51 47 18 22 50 48 19 0 52 
AQUIIII!!46 20 40 26 49 37 16 51 AQUIIII!!46 47 22 18 26 22 49 50 16 48 37 19 52 0 50 52 24 
47 44 51 19 48 18 20 
AQUIIII!!37 47 21 44 52 14 17 26 8 48 20 22 27 9 16 46 
AQUIIII!!44 47 16 46 22 37 49 14 9 17 20 48 21 52 26 27 
AQUIIII!!46 8 22 6 32 14 3 9 47 41 44 5 17 29 4 21 
AQUIIII!!44 47 16 46 22 37 49 14 9 17 20 48 21 52 26 27 
AQUIIII!!46 20 17 26 48 37 21 52 51 22 16 24 47 44 18 49 
AQUIIII!!46 47 21 17 51 16 49 44 52 22 48 20 37 14 26 27 
AQUIIII!!44 22 51 48 49 27 47 26 17 16 52 46 21 14 20 37 
AQUIIII!!46 47 21 17 51 16 49 44 52 22 48 20 37 14 26 27 
AQUIIII!!44 29 8 45 15 21 3 6 22 9 4 14 32 AQUIIII!!5 44 17 18 41 22 
37 51 24 48 47 49 26 46 20 19 21 16 52 
AQUIIII!!46 16 49 47 26 22 44 37 48 20 21 52 17 AQUIIII!!27 9 44 14 47 
52 48 21 51 14 16 27 46 20 17 22 26 49 37 
AQUIIII!!44 47 52 48 AQUIIII!!21 44 51 17 14 6 16 29 27 41 22 46 5 20 9 17 47 21 22 14 26 4 49 46 37 48 8 
32 
AQUIIII!!46 16 44 17 29 AQUIIII!!21 44 6 9 48 48 20 41 22 14 52 27 22 8 21 47 14 52 
46 17 27 26 37 16 8 9 47 
AQUIIII!!46 41 32 8 14 9 6 21 17 4 AQUIIII!!5 51 22 20 47 44 44 26 29 49 48 37 
22 24 48 21 46 47 16 17 18 52 
AQUIIII!!16 46 47 49 17 22 51 24 52 26 37 18 48 20 44 21 
AQUIIII!!49 18 46 44 21 47 48 17 24 37 16 51 22 20 26 52 
AQUIIII!!44 5 22 6 41 17 9 29 15 32 8 14 21 4 3 45 
AQUIIII!!47 44 27 16 48 21 52 22 46 14 8 20 37 17 9 26 
AQUIIII!!44 37 48 51 26 49 47 46 19 18 21 AQUIIII!!24 44 16 37 16 20 21 22 9 52 17 26 
AQUIIII!!20 46 46 27 22 48 14 14 49 29 22 52 32 47 
4 21 9 8 44 5 3 47 6 17 41 
AQUIIII!!44 47 48 27 37 46 8 16 26 14 52 21 22 20 17 9 
AQUIIII!!49 19 37 51 16 46 26 48 44 47 20 18 21 24 22 52 
AQUIIII!!46 6 14 8 4 44 29 32 47 17 5 9 22 3 41 21 
AQUIIII!!46 AQUIIII!!20 44 21 20 17 19 22 48 51 18 16 37 49 16 52 47 37 46 47 51 18 49 24 26 44 52 26 50 48 
24 22 
AQUIIII!!46 21 14 17 49 47 22 20 37 16 48 27 51 26 44 52 
AQUIIII!!44 6 48 17 21 9 8 29 22 41 14 46 4 32 5 47 
AQUIIII!!44 20 18 AQUIIII!!21 44 47 48 37 5 46 47 16 22 9 26 27 51 22 17 41 49 14 48 46 52 6 24 
29 21 17 52 8 
AQUIIII!!44 45 9 5 22 14 41 17 8 29 3 6 46 32 4 21 
AQUIIII!!44 32 14 46 9 17 41 21 6 47 22 5 8 4 48 29 
AQUIIII!!44 22 15 41 45 5 29 6 AQUIIII!!8 44 17 8 32 6 9 5 14 32 4 9 3 48 21 4 
14 22 21 17 29 46 47 41 AQUIIII!!
44 32 21 14 46 9 41 3 5 17 8 22 4 29 47 6 
AQUIIII!!44 19 46 50 47 37 18 52 26 16 24 AQUIIII!!22 49 46 48 47 51 20 51 
26 37 52 16 17 22 27 44 21 48 49 20 14 
AQUIIII!!46 47 16 51 24 49 22 44 20 18 26 37 48 19 50 52 
AQUIIII!!46 47 51 26 37 52 16 17 22 27 44 21 48 49 20 14 
AQUIIII!!46 47 16 51 24 49 22 44 20 18 26 37 48 19 50 52 AQUIIII!!
44 46 22 45 4 32 14 17 3 9 AQUIIII!!41 46 21 47 5 16 29 51 8 24 6 49 
22 44 20 18 26 37 48 19 50 52 
AQUIIII!!46 4 17 3 14 5 8 9 32 45 22 6 41 21 44 29 
AQUIIII!!44 9 49 16 20 47 17 14 21 37 46 27 AQUIIII!!52 46 26 52 22 47 48 26 
22 44 20 24 48 49 AQUIIII!!18 44 50 8 16 32 37 21 19 41 51 9 
4 22 5 14 46 17 47 6 29 48 
AQUIIII!!46 20 9 44 AQUIIII!!26 47 44 16 17 49 14 52 46 48 22 6 37 41 17 22 21 27 45 14 29 
9 21 3 8 32 5 4 
AQUIIII!!AQUIIII!!44 AQUIIII!!46 17 44 32 9 51 4 4 16 14 22 19 22 41 52 8 8 45 45 49 6 9 20 46 3 26 32 29 21 14 37 41 15 24 17 6 48 29 5 3 21 47 5 
50 
18 22 44 
AQUIIII!!44 14 4 9 22 17 41 AQUIIII!!15 44 21 8 5 4 45 3 32 8 9 6 14 32 45 29 17 
22 5 6 46 3 41 21 29 
AQUIIII!!46 14 48 49 21 27 44 17 52 20 9 22 47 16 26 37 
AQUIIII!!44 22 37 9 AQUIIII!!47 44 48 26 21 46 20 47 27 52 14 49 46 20 52 22 16 51 26 48 49 18 17 50 
16 24 37 19 
AQUIIII!!46 21 47 8 27 52 37 9 16 26 48 17 44 14 22 20 
AQUIIII!!44 18 19 46 52 16 51 48 47 22 50 37 26 20 49 24 
AQUIIII!!44 9 4 5 6 45 32 15 41 14 29 17 3 21 22 8 
Number of Cuts in the second phase:5088
Number of repeat: 4507 
Violation: 593.000000
Violation: 435.000000
Violation: 761.000000
Violation: 515.000000
Violation: 243.000000
Violation: 202.000000
Violation: 293.000000
Violation: 740.000000
Violation: 870.000000
Violation: 330.000000
Violation: 551.000000
Violation: 1102.000000
Violation: 586.000000
Violation: 420.000000
Violation: 551.000000
Violation: 775.000000
Violation: 952.000000
Violation: 601.000000
Violation: 541.000000
Violation: 629.000000
Violation: 486.000000
Violation: 577.000000
Violation: 447.000000
Violation: 8.000000
Violation: 900.000000
Violation: 4.000000
Violation: 185.000000
Violation: 677.000000
Violation: 305.000000
Violation: 1083.000000
Violation: 322.000000
Violation: 1194.000000
Violation: 465.000000
Violation: 87.000000
Violation: 16.000000
Violation: 182.000000
Violation: 573.000000
Violation: 712.000000
Violation: 68.000000
Violation: 735.000000
Violation: 142.000000
Violation: 182.000000
Violation: 819.000000
Violation: 345.000000
Violation: 347.000000
Violation: 653.000000
Violation: 1202.000000
Violation: 723.000000
Violation: 110.000000
Violation: 1304.000000
Violation: 404.000000
Violation: 202.000000
Violation: 1706.000000
Violation: 40.000000
Violation: 346.000000
Violation: 396.000000
Violation: 776.000000
Violation: 177.000000
Violation: 646.000000
Violation: 536.000000
Violation: 778.000000
Violation: 612.000000
Violation: 263.000000
Violation: 1304.000000
Violation: 814.000000
Violation: 747.000000
Violation: 1127.000000
Violation: 202.000000
Violation: 728.000000
Violation: 515.000000
Violation: 989.000000
Violation: 604.000000
Violation: 700.000000
Violation: 210.000000
Violation: 194.000000
Violation: 531.000000
Violation: 124.000000
Violation: 997.000000
Violation: 629.000000
Violation: 330.000000
Violation: 590.000000
Violation: 352.000000
Violation: 54.000000
Violation: 37.000000
Violation: 352.000000
Violation: 220.000000
Violation: 90.000000
Violation: 7.000000
Violation: 544.000000
Violation: 218.000000
Violation: 102.000000
Violation: 1522.000000
Violation: 305.000000
Violation: 115.000000
Violation: 676.000000
Violation: 208.000000
Violation: 452.000000
Violation: 285.000000
Violation: 1074.000000
Violation: 609.000000
Violation: 582.000000
Violation: 626.000000
Violation: 380.000000
Violation: 775.000000
Violation: 540.000000
Violation: 1110.000000
Violation: 52.000000
Violation: 194.000000
Violation: 392.000000
Violation: 629.000000
Violation: 290.000000
Violation: 510.000000
Violation: 8.000000
Violation: 601.000000
Violation: 288.000000
Violation: 1152.000000
Violation: 585.000000
Violation: 43.000000
Violation: 498.000000
Violation: 170.000000
Violation: 1532.000000
Violation: 693.000000
Violation: 630.000000
Violation: 475.000000
Violation: 313.000000
Violation: 609.000000
Violation: 24.000000
Violation: 62.000000
Violation: 281.000000
Violation: 601.000000
Violation: 264.000000
Violation: 1358.000000
Violation: 420.000000
Violation: 1486.000000
Violation: 982.000000
Violation: 381.000000
Violation: 473.000000
Violation: 1386.000000
Violation: 903.000000
Violation: 1092.000000
Violation: 601.000000
Violation: 1152.000000
Violation: 932.000000
Violation: 234.000000
Violation: 599.000000
Violation: 302.000000
Violation: 426.000000
Violation: 743.000000
Violation: 35.000000
Violation: 354.000000
Violation: 938.000000
Violation: 506.000000
Violation: 374.000000
Violation: 533.000000
Violation: 465.000000
Violation: 393.000000
Violation: 1214.000000
Violation: 753.000000
Violation: 132.000000
Violation: 174.000000
Violation: 716.000000
Violation: 404.000000
Violation: 362.000000
Violation: 469.000000
Violation: 583.000000
Violation: 135.000000
Violation: 104.000000
Violation: 182.000000
Violation: 233.000000
Violation: 84.000000
Violation: 1310.000000
Violation: 333.000000
Violation: 701.000000
Violation: 353.000000
Violation: 152.000000
Violation: 881.000000
Violation: 512.000000
Violation: 234.000000
Violation: 589.000000
Violation: 855.000000
Violation: 621.000000
Violation: 210.000000
Violation: 681.000000
Violation: 304.000000
Violation: 1312.000000
Violation: 301.000000
Violation: 852.000000
Violation: 371.000000
Violation: 260.000000
Violation: 336.000000
Violation: 175.000000
Violation: 177.000000
Violation: 7.000000
Violation: 86.000000
Violation: 183.000000
Violation: 1008.000000
Violation: 787.000000
Violation: 559.000000
Violation: 839.000000
Violation: 200.000000
Violation: 361.000000
Violation: 724.000000
Violation: 1220.000000
Violation: 54.000000
Violation: 227.000000
Violation: 404.000000
Violation: 537.000000
Violation: 1102.000000
Violation: 1186.000000
Violation: 209.000000
Violation: 380.000000
Violation: 1041.000000
Violation: 284.000000
Violation: 1302.000000
Violation: 190.000000
Violation: 292.000000
Violation: 771.000000
Violation: 293.000000
Violation: 158.000000
Violation: 599.000000
Violation: 561.000000
Violation: 445.000000
Violation: 631.000000
Violation: 905.000000
Violation: 1294.000000
Violation: 1588.000000
Violation: 178.000000
Violation: 13.000000
Violation: 920.000000
Violation: 410.000000
Violation: 54.000000
Violation: 1099.000000
Violation: 374.000000
Violation: 387.000000
Violation: 1086.000000
Violation: 294.000000
Violation: 265.000000
Violation: 244.000000
Violation: 13.000000
Violation: 925.000000
Violation: 116.000000
Violation: 1222.000000
Violation: 743.000000
Violation: 86.000000
Violation: 430.000000
Violation: 1276.000000
Violation: 801.000000
Violation: 182.000000
Violation: 417.000000
Violation: 1292.000000
Violation: 337.000000
Violation: 388.000000
Violation: 100.000000
Violation: 582.000000
Violation: 394.000000
Violation: 585.000000
Violation: 943.000000
Violation: 1456.000000
Violation: 394.000000
Violation: 103.000000
Violation: 504.000000
Violation: 748.000000
Violation: 573.000000
Violation: 87.000000
Violation: 1235.000000
Violation: 680.000000
Violation: 333.000000
Violation: 625.000000
Violation: 622.000000
Violation: 760.000000
Violation: 198.000000
Violation: 1614.000000
Violation: 433.000000
Violation: 769.000000
Violation: 942.000000
Violation: 622.000000
Violation: 205.000000
Violation: 677.000000
Violation: 284.000000
Violation: 1202.000000
Violation: 838.000000
Violation: 257.000000
Violation: 79.000000
Violation: 843.000000
Violation: 603.000000
Violation: 278.000000
Violation: 752.000000
Violation: 704.000000
Violation: 432.000000
Violation: 16.000000
Violation: 761.000000
Violation: 381.000000
Violation: 325.000000
Violation: 648.000000
Violation: 18.000000
Violation: 93.000000
Violation: 423.000000
Violation: 124.000000
Violation: 304.000000
Violation: 758.000000
Violation: 6.000000
Violation: 98.000000
Violation: 552.000000
Violation: 90.000000
Violation: 118.000000
Violation: 156.000000
Violation: 719.000000
Violation: 417.000000
Violation: 951.000000
Violation: 313.000000
Violation: 504.000000
Violation: 557.000000
Violation: 334.000000
Violation: 999.000000
Violation: 692.000000
Violation: 87.000000
Violation: 632.000000
Violation: 1312.000000
Violation: 1478.000000
Violation: 600.000000
Violation: 779.000000
Violation: 93.000000
Violation: 831.000000
Violation: 291.000000
Violation: 43.000000
Violation: 460.000000
Violation: 1422.000000
Violation: 487.000000
Violation: 249.000000
Violation: 85.000000
Violation: 800.000000
Violation: 1394.000000
Violation: 271.000000
Violation: 293.000000
Violation: 125.000000
Violation: 1357.000000
Violation: 152.000000
Violation: 153.000000
Violation: 784.000000
Violation: 277.000000
Violation: 551.000000
Violation: 181.000000
Violation: 803.000000
Violation: 799.000000
Violation: 912.000000
Violation: 496.000000
Violation: 1206.000000
Violation: 167.000000
Violation: 656.000000
Violation: 1292.000000
Violation: 147.000000
Violation: 1585.000000
Violation: 703.000000
Violation: 483.000000
Violation: 371.000000
Violation: 621.000000
Violation: 282.000000
Violation: 326.000000
Violation: 380.000000
Violation: 716.000000
Violation: 471.000000
Violation: 289.000000
Violation: 765.000000
Violation: 104.000000
Violation: 1007.000000
Violation: 1842.000000
Violation: 228.000000
Violation: 982.000000
Violation: 605.000000
Violation: 1002.000000
Violation: 457.000000
Violation: 1200.000000
Violation: 72.000000
Violation: 292.000000
Violation: 696.000000
Violation: 1222.000000
Violation: 202.000000
Violation: 167.000000
Violation: 292.000000
Violation: 75.000000
Violation: 217.000000
Violation: 384.000000
Violation: 161.000000
Violation: 190.000000
Violation: 470.000000
Violation: 102.000000
Violation: 357.000000
Violation: 420.000000
Violation: 97.000000
Violation: 549.000000
Violation: 657.000000
Violation: 2007.000000
Violation: 1362.000000
Violation: 346.000000
Violation: 765.000000
Violation: 299.000000
Violation: 22.000000
Violation: 304.000000
Violation: 573.000000
Violation: 711.000000
Violation: 172.000000
Violation: 890.000000
Violation: 229.000000
Violation: 1312.000000
Violation: 319.000000
Violation: 1588.000000
Violation: 201.000000
Violation: 312.000000
Violation: 160.000000
Violation: 683.000000
Violation: 262.000000
Violation: 621.000000
Violation: 787.000000
Violation: 1309.000000
Violation: 795.000000
Violation: 382.000000
Violation: 1178.000000
Violation: 13.000000
Violation: 152.000000
Violation: 828.000000
Violation: 206.000000
Violation: 836.000000
Violation: 581.000000
Violation: 575.000000
Violation: 517.000000
Violation: 90.000000
Violation: 532.000000
Violation: 586.000000
Violation: 228.000000
Violation: 379.000000
Violation: 1275.000000
Violation: 1332.000000
Violation: 678.000000
Violation: 9.000000
Violation: 441.000000
Violation: 143.000000
Violation: 693.000000
Violation: 432.000000
Violation: 108.000000
Violation: 288.000000
Violation: 755.000000
Violation: 90.000000
Violation: 820.000000
Violation: 1320.000000
Violation: 625.000000
Violation: 565.000000
Violation: 394.000000
Violation: 842.000000
Violation: 961.000000
Violation: 176.000000
Violation: 1302.000000
Violation: 108.000000
Violation: 373.000000
Violation: 609.000000
Violation: 541.000000
Violation: 150.000000
Violation: 674.000000
Violation: 796.000000
Violation: 23.000000
Violation: 633.000000
Violation: 202.000000
Violation: 463.000000
Violation: 763.000000
Violation: 231.000000
Violation: 134.000000
Violation: 449.000000
Violation: 1353.000000
Violation: 164.000000
Violation: 190.000000
Violation: 422.000000
Violation: 102.000000
Violation: 408.000000
Violation: 593.000000
Violation: 765.000000
Violation: 526.000000
Violation: 1346.000000
Violation: 235.000000
Violation: 533.000000
Violation: 77.000000
Violation: 721.000000
Violation: 522.000000
Violation: 502.000000
Violation: 213.000000
Violation: 614.000000
Violation: 611.000000
Violation: 1288.000000
Violation: 358.000000
Violation: 630.000000
Violation: 604.000000
Violation: 556.000000
Violation: 592.000000
Violation: 952.000000
Violation: 314.000000
Violation: 431.000000
Violation: 559.000000
Violation: 704.000000
Violation: 438.000000
Violation: 1069.000000
Violation: 98.000000
Violation: 718.000000
Violation: 381.000000
Violation: 738.000000
Violation: 127.000000
Violation: 893.000000
Violation: 83.000000
Violation: 399.000000
Violation: 345.000000
Violation: 698.000000
Violation: 142.000000
Violation: 1236.000000
Violation: 327.000000
Violation: 37.000000
Violation: 388.000000
Violation: 978.000000
Violation: 95.000000
Violation: 570.000000
Violation: 29.000000
Violation: 682.000000
Violation: 110.000000
Violation: 256.000000
Violation: 388.000000
Violation: 633.000000
Violation: 512.000000
Violation: 469.000000
Violation: 557.000000
Violation: 691.000000
Violation: 926.000000
Violation: 962.000000
Violation: 194.000000
Violation: 759.000000
Violation: 192.000000
Violation: 1338.000000
Violation: 76.000000
Violation: 1103.000000
Violation: 533.000000
Violation: 1041.000000
Violation: 458.000000
Violation: 905.000000
Violation: 974.000000
Violation: 1156.000000
Violation: 600.000000
Violation: 688.000000
Violation: 367.000000
Violation: 456.000000
Violation: 639.000000
Violation: 265.000000
Violation: 335.000000
Violation: 184.000000
Violation: 184.000000
Violation: 352.000000
Violation: 1226.000000
Violation: 684.000000
Violation: 420.000000
Violation: 551.000000
Violation: 621.000000
Violation: 308.000000
Violation: 106.000000
Violation: 436.000000
Violation: 141.000000
Violation: 45.000000
Violation: 351.000000
Violation: 137.000000
Violation: 140.000000
Violation: 603.000000
Violation: 65.000000
Violation: 463.000000
Violation: 281.000000
Violation: 291.000000
Violation: 82.000000
Violation: 265.000000
Violation: 226.000000
Violation: 499.000000
Violation: 310.000000
Violation: 220.000000
Violation: 589.000000
Violation: 31.000000
Violation: 195.000000
Violation: 446.000000
Violation: 261.000000
Violation: 460.000000
Violation: 757.000000
7404 16
48 22 41 27 51 52 46 52 8 
47 16 26 21 44 47 AQUIIII!!20 14 17 AQUIIII!!49 20 8 46 18 47 46 17 46 27 22 26 
9 21 37 20 14 44 47 9 
8 27 26 26 44 16 48 AQUIIII!!20 37 5 AQUIIII!!22 52 45 14 44 48 22 52 37 32 37 16 44 4 22 21 6 46 AQUIIII!!
49 3 
44 AQUIIII!!26 9 29 44 24 41 14 9 51 17 21 17 21 21 8 52 29 22 9 20 8 41 47 18 15 46 29 46 14 5 46 16 32 44 8 
47 17 AQUIIII!!48 6 19 AQUIIII!!45 46 52 48 4 52 14 
51 22 46 21 24 3 18 6 
49 49 41 47 26 27 44 21 16 48 20 
48 17 22 18 19 20 51 21 37 26 16 16 47 22 24 AQUIIII!!52 44 44 AQUIIII!!37 
52 27 
29 51 41 49 48 46 AQUIIII!!9 17 AQUIIII!!41 45 44 20 8 44 14 16 AQUIIII!!3 22 22 22 24 5 32 14 5 20 14 17 21 16 47 29 8 48 26 6 9 29 47 47 14 21 46 37 52 6 17 5 19 37 32 27 52 41 26 44 48 22 8 
4 22 6 46 AQUIIII!!3 18 9 
50 47 46 4 44 21 17 29 49 46 21 51 17 

46 8 
47 32 41 3 14 4 6 44 22 21 5 9 
AQUIIII!!44 AQUIIII!!14 29 46 5 27 22 17 6 16 32 48 41 9 8 14 21 52 47 AQUIIII!!20 46 47 22 48 44 49 17 17 21 9 16 37 4 9 47 
20 26 22 44 37 
8 46 14 48 26 21 52 27 
AQUIIII!!44 46 14 17 29 8 32 3 9 41 4 21 22 45 5 6 
AQUIIII!!49 20 16 51 46 26 24 47 22 48 18 17 37 44 21 AQUIIII!!52 46 
9 47 8 44 17 48 27 5 6 29 41 22 14 AQUIIII!!21 44 27 52 22 
37 20 16 52 21 48 9 49 17 14 46 26 47 
AQUIIII!!44 6 22 41 46 32 4 21 45 14 29 3 17 8 9 5 
AQUIIII!!44 32 6 21 41 AQUIIII!!5 46 22 9 15 22 8 47 4 21 14 27 3 AQUIIII!!37 9 46 20 45 44 8 29 26 48 17 51 44 
18 16 22 26 19 17 47 14 52 52 49 
50 16 AQUIIII!!20 46 24 17 37 22 48 21 
41 6 4 3 8 29 14 44 32 9 47 5 
AQUIIII!!47 46 20 49 24 21 17 37 51 22 52 48 26 44 18 16 
AQUIIII!!48 46 14 8 20 47 52 21 37 22 16 AQUIIII!!17 46 26 44 44 26 27 51 9 18 
22 19 47 52 49 50 16 20 24 37 48 
AQUIIII!!14 16 47 52 48 9 41 17 22 6 8 21 27 46 29 44 
AQUIIII!!46 9 49 37 14 48 27 20 26 21 16 47 44 17 22 52 
AQUIIII!!47 14 29 22 8 4 5 32 6 41 17 AQUIIII!!3 47 9 17 21 41 46 4 44 9 
46 AQUIIII!!14 48 6 47 5 8 8 52 AQUIIII!!3 46 9 32 17 22 21 29 44 29 6 17 22 27 47 44 14 22 AQUIIII!!
29 14 46 21 16 49 4 21 37 5 9 20 6 41 16 48 44 52 8 
9 32 AQUIIII!!44 41 47 AQUIIII!!21 46 14 46 14 29 
14 47 22 26 17 8 22 20 4 48 52 5 27 16 32 17 44 6 
41 37 17 27 3 49 9 26 21 AQUIIII!!21 AQUIIII!!46 46 47 41 44 5 22 22 
14 22 48 51 27 4 
44 6 29 21 8 32 52 47 5 17 6 9 21 29 47 8 17 48 AQUIIII!!48 14 46 AQUIIII!!9 44 AQUIIII!!37 44 46 41 48 46 
29 
16 19 47 47 24 48 52 AQUIIII!!20 21 21 21 22 20 AQUIIII!!5 9 49 14 44 46 14 51 9 22 48 AQUIIII!!6 21 27 46 8 48 27 8 48 37 4 AQUIIII!!47 22 47 29 48 AQUIIII!!14 44 18 26 8 22 6 21 AQUIIII!!44 17 48 37 17 32 46 32 22 6 52 44 51 41 14 AQUIIII!!41 14 17 44 
44 41 22 9 22 46 8 29 16 49 44 27 8 17 47 27 26 5 21 17 
27 44 
17 5 4 26 9 17 26 22 8 41 27 29 21 8 16 46 44 9 8 47 16 14 14 22 41 5 29 20 47 17 46 9 3 17 14 20 47 6 
41 46 47 52 52 52 52 6 52 
16 9 9 4 21 
14 48 21 46 48 AQUIIII!!37 45 5 22 44 
32 6 29 26 
21 
27 
21 AQUIIII!!46 14 22 48 21 AQUIIII!!9 44 44 52 8 47 46 29 17 47 41 17 8 21 29 17 52 22 16 14 6 20 46 47 22 52 37 5 16 
6 9 48 8 9 27 27 48 
41 14 
AQUIIII!!46 22 27 37 20 14 48 44 9 21 47 26 52 16 49 17 
AQUIIII!!19 50 46 52 49 26 22 48 44 37 20 16 24 51 47 AQUIIII!!18 44 
47 29 17 21 22 6 AQUIIII!!46 51 52 48 16 49 9 52 8 22 27 18 48 20 41 26 14 16 
37 0 AQUIIII!!1 19 40 44 50 46 47 50 19 20 
37 26 51 24 18 49 52 22 48 47 16 
AQUIIII!!8 46 32 3 29 5 22 14 6 41 9 4 21 17 AQUIIII!!44 22 45 6 
5 29 14 8 17 52 48 46 47 9 27 21 41 44 
AQUIIII!!24 37 44 51 22 48 26 50 20 16 18 52 49 19 46 47 
AQUIIII!!51 49 44 47 48 20 46 52 24 21 18 26 22 37 17 16 
AQUIIII!!46 4 3 32 5 17 29 21 22 9 14 41 44 6 47 8 
AQUIIII!!44 14 4 22 41 3 29 9 45 46 8 17 32 5 6 21 
AQUIIII!!50 18 44 20 26 49 AQUIIII!!24 3 37 22 45 52 AQUIIII!!9 19 44 14 48 47 AQUIIII!!21 16 22 46 29 22 14 52 4 51 52 16 44 47 8 44 41 46 5 17 22 
5 6 20 6 37 29 8 21 46 32 26 17 46 47 9 
48 48 AQUIIII!!19 41 46 51 21 32 18 27 4 24 
21 49 
6 17 9 8 5 29 44 48 47 41 14 22 
AQUIIII!!44 21 41 27 17 6 8 14 47 46 22 16 AQUIIII!!9 44 48 14 29 48 52 27 
26 49 AQUIIII!!22 46 9 52 37 20 21 52 8 47 48 16 27 20 16 46 22 17 AQUIIII!!
17 52 14 AQUIIII!!27 47 46 48 AQUIIII!!37 8 44 46 44 21 41 44 20 9 14 14 37 26 5 52 8 44 21 16 5 
8 26 AQUIIII!!9 47 47 37 4 17 14 48 17 49 47 21 6 22 AQUIIII!!29 17 29 44 44 22 6 22 9 3 48 27 21 48 5 32 14 22 16 15 41 47 41 9 46 9 17 
45 

20 32 21 4 27 17 52 9 26 6 46 29 
21 8 14 22 
AQUIIII!!44 14 47 48 52 AQUIIII!!20 AQUIIII!!44 21 44 17 17 52 14 16 22 47 46 26 22 21 21 4 49 51 27 9 46 6 9 27 26 29 47 37 8 17 
3 49 41 48 46 16 5 37 AQUIIII!!22 AQUIIII!!20 47 32 46 14 44 
44 
20 16 49 52 51 24 22 49 52 47 26 26 37 51 48 22 24 21 16 17 46 37 18 48 17 18 21 20 AQUIIII!!

46 44 14 5 21 8 47 4 17 6 29 22 48 32 41 9 
AQUIIII!!46 44 4 5 6 21 17 3 14 22 9 45 8 32 29 41 
AQUIIII!!46 44 16 52 AQUIIII!!24 15 49 6 47 41 26 32 51 3 22 14 21 8 17 37 17 48 9 18 22 20 45 
4 21 29 5 44 
AQUIIII!!26 47 22 18 20 19 51 52 0 49 37 50 48 16 40 46 
AQUIIII!!46 44 21 17 37 14 20 9 16 26 AQUIIII!!8 47 27 22 46 52 48 48 27 47 52 
37 16 44 20 49 14 51 26 17 22 21 
AQUIIII!!44 9 8 32 29 48 6 47 AQUIIII!!24 46 49 22 20 4 48 41 21 17 52 21 51 5 47 37 14 18 
17 44 16 22 26 AQUIIII!!46 46 3 
14 9 17 29 AQUIIII!!21 44 44 29 22 14 41 52 8 21 6 22 45 9 32 5 8 4 17 
48 27 16 46 41 6 47 
AQUIIII!!AQUIIII!!44 27 20 37 22 14 37 26 24 44 49 52 26 9 18 21 16 48 21 16 52 22 46 49 48 47 51 20 47 17 19 46 

AQUIIII!!44 22 52 46 48 18 50 26 24 51 49 20 37 16 19 47 
AQUIIII!!44 6 AQUIIII!!14 3 41 21 17 14 15 5 9 45 52 AQUIIII!!22 9 8 21 22 48 41 44 9 32 48 29 5 8 4 6 47 29 22 29 8 46 17 
21 6 17 27 5 46 
41 32 4 14 44 47 
AQUIIII!!6 52 8 14 29 16 48 46 27 41 21 22 47 AQUIIII!!9 6 17 45 44 22 
32 8 21 17 29 4 9 14 41 3 15 5 44 
AQUIIII!!44 26 51 52 50 49 16 37 47 18 24 22 46 48 19 20 
AQUIIII!!20 51 46 18 21 48 19 49 16 44 22 26 37 47 24 52 
AQUIIII!!16 46 37 22 52 47 21 49 20 18 AQUIIII!!26 48 16 51 52 19 19 44 20 24 22 
37 48 24 46 AQUIIII!!26 41 44 16 47 44 21 18 29 51 27 49 8 50 52 17 
9 6 14 48 22 47 46 
AQUIIII!!17 52 44 6 AQUIIII!!21 46 14 32 47 AQUIIII!!47 22 22 17 17 48 4 21 29 3 6 41 5 27 8 AQUIIII!!29 47 27 44 14 14 16 9 44 8 9 32 9 29 46 6 21 44 
41 6 9 21 AQUIIII!!17 41 8 44 41 22 52 48 29 
48 52 3 26 16 46 16 46 22 27 
8 21 22 4 5 46 14 14 20 47 
47 17 49 37 9 
AQUIIII!!44 16 37 48 49 22 20 9 47 21 52 27 17 46 14 26 
AQUIIII!!46 18 37 0 51 40 47 26 49 20 50 16 48 52 22 19 
AQUIIII!!44 14 48 16 17 27 47 46 37 26 21 8 52 9 22 20 
AQUIIII!!46 22 14 48 8 5 17 21 52 44 9 6 27 41 29 47 
AQUIIII!!14 46 51 16 48 44 49 22 26 20 47 27 21 17 52 37 
AQUIIII!!14 46 51 16 48 44 49 22 26 20 47 27 21 17 52 37 
AQUIIII!!9 14 4 41 29 17 22 8 32 21 6 5 3 44 46 47 
AQUIIII!!9 14 4 41 29 17 22 8 32 21 6 5 3 AQUIIII!!44 46 46 47 47 48 
37 0 16 AQUIIII!!20 47 22 46 50 51 52 24 51 49 19 AQUIIII!!44 44 40 50 52 18 20 46 26 22 8 49 18 14 
27 19 17 48 37 26 22 52 9 37 47 16 20 
26 16 48 21 
AQUIIII!!44 8 17 9 3 AQUIIII!!47 46 5 41 46 9 29 48 4 8 22 14 41 AQUIIII!!27 14 44 17 6 16 5 32 24 21 47 52 21 
47 6 51 22 44 37 52 21 29 18 22 26 
46 49 17 48 20 
AQUIIII!!44 41 21 9 8 48 46 47 22 14 4 AQUIIII!!32 46 6 44 17 51 29 20 5 47 
14 17 21 49 26 AQUIIII!!48 AQUIIII!!44 52 46 49 AQUIIII!!37 18 44 44 16 20 21 52 22 17 47 17 41 27 46 14 14 
51 46 21 37 29 48 19 52 20 22 6 47 26 8 16 16 48 48 52 26 22 27 16 47 24 22 9 37 50 27 
8 
9 
AQUIIII!!46 37 49 16 19 24 47 22 18 21 26 48 51 52 20 AQUIIII!!44 46 
44 51 20 47 14 17 21 49 26 AQUIIII!!47 48 46 52 AQUIIII!!27 37 46 29 16 44 44 22 52 9 27 17 41 14 
48 21 5 48 21 20 8 47 17 16 22 AQUIIII!!26 14 44 27 6 27 22 52 37 
37 46 8 26 9 16 
52 17 22 14 20 51 21 49 48 47 
AQUIIII!!46 44 51 20 47 14 17 21 49 26 48 52 37 16 22 27 
AQUIIII!!44 49 18 20 47 46 51 37 19 22 26 48 52 16 24 50 
AQUIIII!!20 37 48 AQUIIII!!17 46 18 16 16 47 21 52 26 37 22 52 18 51 17 46 49 49 26 24 48 22 51 24 44 20 47 21 
44 
AQUIIII!!46 20 14 44 17 26 48 51 52 47 16 27 AQUIIII!!37 44 21 9 22 6 49 3 
8 45 46 5 21 17 22 41 4 29 14 32 
AQUIIII!!21 17 52 48 16 20 14 22 9 37 49 27 47 44 26 46 
AQUIIII!!44 52 AQUIIII!!47 9 27 32 26 5 46 17 51 4 49 21 17 44 37 29 45 20 14 14 6 21 41 48 8 22 22 16 3 
46 
AQUIIII!!44 21 5 8 14 47 4 41 29 9 46 22 17 6 32 48 
AQUIIII!!46 24 20 17 37 51 44 48 26 21 52 18 47 22 49 16 
AQUIIII!!44 47 52 9 46 49 26 17 14 37 16 21 22 48 20 27 
AQUIIII!!47 44 17 48 14 46 41 27 8 21 5 52 6 22 9 29 
AQUIIII!!47 46 37 19 16 52 49 48 18 44 20 22 50 51 26 24 
AQUIIII!!44 47 52 9 46 49 26 17 14 37 16 21 22 48 20 27 
AQUIIII!!20 51 46 22 44 48 19 37 18 24 26 47 52 16 50 49 
AQUIIII!!47 46 37 19 16 52 49 48 18 44 20 22 50 51 26 24 
AQUIIII!!49 16 44 46 26 17 14 27 47 22 52 51 21 37 48 20 
AQUIIII!!46 21 47 22 44 20 24 52 19 37 51 48 16 26 49 18 
AQUIIII!!46 18 51 20 48 16 22 52 26 17 37 47 AQUIIII!!44 47 24 44 49 48 21 9 
46 20 37 26 14 27 17 21 49 16 22 52 
AQUIIII!!44 22 AQUIIII!!46 32 22 41 47 6 19 AQUIIII!!48 9 49 44 29 37 52 AQUIIII!!26 17 44 21 24 41 45 22 16 32 18 29 21 22 51 9 3 47 44 14 6 14 50 46 14 52 5 3 20 48 17 4 
46 8 46 17 5 8 9 47 21 16 
29 41 6 8 4 27 

AQUIIII!!AQUIIII!!44 47 49 44 46 8 20 14 21 37 47 22 51 46 22 17 52 27 18 48 48 20 16 52 24 21 26 16 17 9 37 26 

AQUIIII!!46 44 48 24 17 20 18 16 51 47 21 37 26 49 52 22 
AQUIIII!!37 46 47 52 AQUIIII!!24 17 20 49 19 24 51 26 21 18 18 16 16 48 48 20 22 37 49 52 26 44 47 44 
51 21 22 46 
AQUIIII!!44 16 49 19 51 46 47 52 24 37 21 48 26 22 20 18 
AQUIIII!!21 8 17 22 AQUIIII!!52 44 21 27 29 52 46 14 5 41 8 9 27 44 17 6 9 16 6 48 47 47 14 46 29 
41 48 22 
AQUIIII!!46 27 41 AQUIIII!!17 46 47 17 44 29 29 9 41 8 27 5 14 21 6 14 8 6 47 48 52 9 22 52 
44 22 21 48 5 
AQUIIII!!44 5 22 29 17 32 4 9 14 21 8 45 6 46 3 41 
AQUIIII!!AQUIIII!!46 AQUIIII!!46 52 44 46 49 14 20 47 21 44 9 5 16 6 41 26 41 48 22 17 17 47 27 17 9 44 51 29 AQUIIII!!48 47 21 45 46 52 14 4 20 8 6 37 26 14 44 22 3 48 21 27 8 37 22 
51 32 5 52 
29 18 
22 21 24 19 49 16 
AQUIIII!!44 8 5 22 47 41 29 48 17 46 4 9 6 21 32 14 
AQUIIII!!44 22 41 6 29 AQUIIII!!9 46 3 44 15 14 21 21 4 5 32 41 5 22 45 8 17 9 17 14 29 
45 4 6 3 8 32 
AQUIIII!!46 45 21 22 3 5 8 14 9 6 44 4 41 29 32 17 
AQUIIII!!18 20 16 19 24 AQUIIII!!49 44 48 50 46 48 50 22 51 49 52 24 22 26 26 46 37 47 47 20 44 37 
18 52 19 51 16 
AQUIIII!!46 45 21 22 3 5 8 14 9 6 44 4 41 29 32 17 
AQUIIII!!46 22 52 9 26 16 17 21 20 44 37 14 27 48 47 8 
AQUIIII!!44 3 46 9 4 8 22 6 21 17 45 41 32 29 5 14 
AQUIIII!!46 22 37 16 47 27 20 48 14 26 51 44 49 17 21 52 
AQUIIII!!46 45 14 41 32 6 3 17 5 8 29 9 4 44 22 21 
AQUIIII!!46 52 27 37 16 14 47 49 21 22 51 26 48 20 44 17 
AQUIIII!!44 47 21 22 6 17 32 9 5 48 14 46 4 41 29 8 
AQUIIII!!44 27 17 22 48 9 46 49 52 16 21 47 37 14 26 20 
AQUIIII!!44 17 3 41 4 46 21 29 9 5 14 8 32 6 22 45 
AQUIIII!!24 44 18 49 47 20 51 26 52 37 48 46 50 AQUIIII!!22 47 19 21 16 44 
46 37 52 22 20 17 27 49 9 26 14 48 16 
AQUIIII!!49 50 44 51 48 46 24 26 22 19 18 16 47 52 37 20 
AQUIIII!!46 41 48 16 22 AQUIIII!!47 47 44 14 46 8 49 9 24 21 37 52 6 18 29 19 17 48 27 
52 44 20 21 16 51 22 26 
AQUIIII!!44 AQUIIII!!5 44 41 5 29 14 47 6 6 9 4 17 8 21 46 29 14 45 22 4 21 41 17 32 48 3 9 15 32 8 
22 
AQUIIII!!46 52 21 37 49 14 44 20 51 16 27 48 47 22 26 AQUIIII!!17 46 
44 14 16 20 52 8 9 17 48 27 47 37 26 21 AQUIIII!!22 46 
24 47 20 49 51 19 44 26 52 22 21 16 18 37 48 AQUIIII!!
51 49 44 48 50 20 19 16 22 18 47 46 52 24 37 26 
AQUIIII!!46 44 14 16 20 52 8 9 17 48 27 47 37 26 21 22 
AQUIIII!!AQUIIII!!51 52 49 18 44 37 48 26 50 24 20 51 19 19 16 50 22 48 18 47 47 22 46 20 AQUIIII!!52 47 49 24 46 46 14 37 16 29 26 44 22 
6 
9 52 21 17 41 27 48 44 8 16 
AQUIIII!!46 47 37 44 48 26 14 20 9 21 27 8 52 17 16 22 
AQUIIII!!44 48 37 52 46 50 26 16 22 18 24 51 20 49 AQUIIII!!19 46 47 3 
14 8 47 29 32 5 17 6 22 21 9 4 AQUIIII!!44 52 41 18 
37 26 24 51 19 50 48 47 22 20 49 46 16 44 
AQUIIII!!46 52 21 44 27 16 9 17 14 47 26 20 48 37 22 49 
AQUIIII!!46 22 14 9 47 48 29 5 8 41 AQUIIII!!21 47 6 44 44 20 17 14 9 27 48 52 17 
52 46 37 26 27 21 22 16 49 
AQUIIII!!44 22 AQUIIII!!52 44 26 29 21 32 47 17 37 6 19 41 18 16 3 49 8 48 9 51 14 46 4 20 46 24 
47 5 21 22 
AQUIIII!!46 AQUIIII!!44 44 16 16 52 49 26 19 51 51 20 46 50 47 22 52 18 24 19 37 24 21 47 48 49 26 48 22 37 
20 18 
AQUIIII!!46 8 48 44 5 21 6 41 32 14 9 29 47 4 17 22 
AQUIIII!!44 14 17 32 5 41 6 AQUIIII!!48 46 47 21 29 48 21 37 4 16 9 20 46 51 22 47 8 44 
14 AQUIIII!!52 46 27 17 26 21 49 44 41 22 32 17 9 
5 45 14 29 8 6 4 22 3 
AQUIIII!!46 4 5 8 32 29 6 14 17 9 48 47 44 41 22 21 
AQUIIII!!AQUIIII!!19 44 44 46 46 14 50 17 20 29 37 8 26 32 51 3 24 9 18 41 4 49 21 52 22 22 45 48 5 47 6 16 

AQUIIII!!44 22 3 9 32 46 45 14 17 21 29 5 41 4 6 8 
AQUIIII!!46 44 4 5 6 21 17 3 14 22 9 45 8 32 29 41 
AQUIIII!!19 44 46 50 20 37 26 51 24 18 49 52 22 48 47 16 
Number of Cuts in the second phase:4533
Number of repeat: 4251 
Violation: 866.000000
Violation: 34.000000
Violation: 983.000000
Violation: 212.000000
Violation: 903.000000
Violation: 1045.000000
Violation: 483.000000
Violation: 1952.000000
Violation: 457.000000
Violation: 1288.000000
Violation: 269.000000
Violation: 606.000000
Violation: 399.000000
Violation: 298.000000
Violation: 433.000000
Violation: 166.000000
Violation: 268.000000
Violation: 1228.000000
Violation: 577.000000
Violation: 168.000000
Violation: 100.000000
Violation: 1951.000000
Violation: 348.000000
Violation: 166.000000
Violation: 1069.000000
Violation: 118.000000
Violation: 304.000000
Violation: 356.000000
Violation: 456.000000
Violation: 1422.000000
Violation: 349.000000
Violation: 481.000000
Violation: 57.000000
Violation: 663.000000
Violation: 949.000000
Violation: 304.000000
Violation: 550.000000
Violation: 1898.000000
Violation: 348.000000
Violation: 334.000000
Violation: 89.000000
Violation: 818.000000
Violation: 982.000000
Violation: 483.000000
Violation: 724.000000
Violation: 321.000000
Violation: 86.000000
Violation: 263.000000
Violation: 395.000000
Violation: 945.000000
Violation: 940.000000
Violation: 502.000000
Violation: 374.000000
Violation: 1008.000000
Violation: 253.000000
Violation: 609.000000
Violation: 491.000000
Violation: 211.000000
Violation: 1156.000000
Violation: 1107.000000
Violation: 496.000000
Violation: 70.000000
Violation: 1159.000000
Violation: 696.000000
Violation: 566.000000
Violation: 587.000000
Violation: 378.000000
Violation: 1422.000000
Violation: 1057.000000
Violation: 335.000000
Violation: 621.000000
Violation: 597.000000
Violation: 679.000000
Violation: 122.000000
Violation: 946.000000
Violation: 1165.000000
Violation: 701.000000
Violation: 466.000000
Violation: 142.000000
Violation: 313.000000
Violation: 543.000000
Violation: 86.000000
Violation: 191.000000
Violation: 220.000000
Violation: 112.000000
Violation: 330.000000
Violation: 435.000000
Violation: 506.000000
Violation: 1210.000000
Violation: 938.000000
Violation: 133.000000
Violation: 991.000000
Violation: 447.000000
Violation: 202.000000
Violation: 293.000000
Violation: 775.000000
Violation: 585.000000
Violation: 924.000000
Violation: 561.000000
Violation: 431.000000
Violation: 345.000000
Violation: 176.000000
Violation: 430.000000
Violation: 310.000000
Violation: 419.000000
Violation: 82.000000
Violation: 573.000000
Violation: 644.000000
Violation: 1422.000000
Violation: 946.000000
Violation: 497.000000
Violation: 814.000000
Violation: 953.000000
Violation: 1005.000000
Violation: 417.000000
Violation: 23.000000
Violation: 189.000000
Violation: 927.000000
Violation: 207.000000
Violation: 328.000000
Violation: 221.000000
Violation: 803.000000
Violation: 512.000000
Violation: 392.000000
Violation: 66.000000
Violation: 286.000000
Violation: 63.000000
Violation: 209.000000
Violation: 475.000000
Violation: 930.000000
Violation: 132.000000
Violation: 1168.000000
Violation: 897.000000
Violation: 361.000000
Violation: 512.000000
Violation: 51.000000
Violation: 842.000000
Violation: 384.000000
Violation: 174.000000
Violation: 1106.000000
Violation: 109.000000
Violation: 262.000000
Violation: 681.000000
Violation: 545.000000
Violation: 393.000000
Violation: 43.000000
Violation: 836.000000
Violation: 444.000000
Violation: 422.000000
Violation: 875.000000
Violation: 580.000000
Violation: 22.000000
Violation: 664.000000
Violation: 693.000000
Violation: 478.000000
Violation: 191.000000
Violation: 807.000000
Violation: 950.000000
Violation: 1724.000000
Violation: 92.000000
Violation: 233.000000
Violation: 173.000000
Violation: 800.000000
Violation: 57.000000
Violation: 1208.000000
Violation: 768.000000
Violation: 142.000000
Violation: 588.000000
Violation: 872.000000
Violation: 714.000000
Violation: 1302.000000
Violation: 1530.000000
Violation: 531.000000
Violation: 695.000000
Violation: 991.000000
Violation: 81.000000
Violation: 304.000000
Violation: 512.000000
Violation: 388.000000
Violation: 1049.000000
Violation: 394.000000
Violation: 242.000000
Violation: 413.000000
Violation: 277.000000
Violation: 811.000000
Violation: 277.000000
Violation: 557.000000
Violation: 1157.000000
Violation: 1614.000000
Violation: 223.000000
Violation: 284.000000
Violation: 1303.000000
Violation: 478.000000
Violation: 165.000000
Violation: 61.000000
Violation: 609.000000
Violation: 785.000000
Violation: 1084.000000
Violation: 92.000000
Violation: 156.000000
Violation: 624.000000
Violation: 300.000000
Violation: 515.000000
Violation: 1042.000000
Violation: 108.000000
Violation: 885.000000
Violation: 145.000000
Violation: 387.000000
Violation: 1504.000000
Violation: 622.000000
Violation: 120.000000
Violation: 307.000000
Violation: 1060.000000
Violation: 481.000000
Violation: 1082.000000
Violation: 1244.000000
Violation: 1298.000000
Violation: 73.000000
Violation: 253.000000
Violation: 1251.000000
Violation: 310.000000
Violation: 297.000000
Violation: 1030.000000
Violation: 569.000000
Violation: 1212.000000
Violation: 990.000000
Violation: 122.000000
Violation: 216.000000
Violation: 709.000000
Violation: 736.000000
Violation: 609.000000
Violation: 697.000000
Violation: 1362.000000
Violation: 212.000000
Violation: 830.000000
Violation: 327.000000
Violation: 673.000000
Violation: 12.000000
Violation: 128.000000
Violation: 352.000000
Violation: 619.000000
Violation: 293.000000
Violation: 277.000000
Violation: 1124.000000
Violation: 514.000000
Violation: 588.000000
Violation: 421.000000
Violation: 2007.000000
Violation: 625.000000
Violation: 57.000000
Violation: 589.000000
Violation: 141.000000
Violation: 182.000000
Violation: 437.000000
Violation: 616.000000
Violation: 341.000000
Violation: 353.000000
Violation: 326.000000
Violation: 132.000000
Violation: 438.000000
Violation: 1512.000000
Violation: 576.000000
Violation: 489.000000
Violation: 200.000000
Violation: 995.000000
Violation: 152.000000
Violation: 585.000000
Violation: 724.000000
Violation: 504.000000
Violation: 796.000000
Violation: 586.000000
Violation: 609.000000
Violation: 390.000000
Violation: 362.000000
Violation: 237.000000
Violation: 703.000000
Violation: 888.000000
Violation: 112.000000
Violation: 8.000000
Violation: 740.000000
Violation: 951.000000
Violation: 246.000000
took 4.257138
Optimize a model with 1230 rows, 906 columns and 16542 nonzeros
Coefficient statistics:
  Matrix range     [1e+00, 4e+01]
  Objective range  [0e+00, 0e+00]
  Bounds range     [1e+00, 4e+01]
  RHS range        [1e+00, 1e+02]
Presolve removed 587 rows and 108 columns
Presolve time: 0.00s
Presolved: 643 rows, 798 columns, 11409 nonzeros

Iteration    Objective       Primal Inf.    Dual Inf.      Time
       0    0.0000000e+00   4.508044e+01   0.000000e+00      0s
     113    0.0000000e+00   0.000000e+00   0.000000e+00      0s

Solved in 113 iterations and 0.01 seconds
Optimal objective  0.000000000e+00
