j3017_4.mm_s4.txt
Academic license - for non-commercial use only
Read LP format model from file lp/j3017_4.mm.lp
Reading time = 0.01 seconds
: 351 rows, 906 columns, 9053 nonzeros
OKGPU
nThreads: 1024 , nBlocks: 12 
Number cuts generated in the phase 1: 11
Number of repeat: 4 
violation 750.000000
violation 400.000000
violation 420.000000
violation 249.000000
violation 84.000000
violation 139.000000
violation 800.000000
8592 16
AQUIIII!!53 48 47 50 22 24 27 AQUIIII!!13 53 23 31 9 24 11 15 10 22 15 50 25 23 AQUIIII!!31 25 53 51 27 27 AQUIIII!!
15 9 53 31 51 48 14 31 47 10 21 24 11 9 51 48 13 23 19 50 51 AQUIIII!!29 9 48 53 20 10 
24 28 13 47 22 22 31 18 11 19 47 51 25 24 22 
8 21 27 48 
29 9 18 27 20 AQUIIII!!11 53 28 47 
48 31 29 11 22 27 19 24 21 AQUIIII!!28 51 51 53 20 27 15 22 9 25 
15 47 9 50 11 24 31 10 48 13 23 
AQUIIII!!53 51 15 48 AQUIIII!!21 53 47 31 51 29 22 20 29 19 31 11 48 28 27 9 20 24 11 27 21 22 18 
9 24 47 28 19 
AQUIIII!!4 47 21 27 18 20 29 8 28 48 3 24 2 38 31 19 
AQUIIII!!3 38 28 AQUIIII!!20 48 47 8 21 31 10 24 23 27 29 27 29 22 21 50 19 31 18 51 9 2 24 1 11 AQUIIII!!4 15 24 47 53 38 

51 48 47 28 21 AQUIIII!!4 20 18 19 20 18 27 51 31 29 48 19 22 8 28 31 9 53 AQUIIII!!29 
AQUIIII!!8 25 AQUIIII!!AQUIIII!!9 27 9 47 51 22 21 21 10 50 24 29 50 50 53 51 AQUIIII!!20 
28 48 15 25 22 21 27 27 48 47 31 22 23 24 23 51 19 11 31 29 AQUIIII!!11 27 51 11 24 51 11 16 29 21 47 14 28 9 31 47 22 9 15 18 24 31 51 50 13 31 21 10 13 48 24 15 15 18 31 14 9 20 48 23 53 22 9 
20 AQUIIII!!27 10 AQUIIII!!37 28 53 AQUIIII!!8 27 51 27 
53 22 53 21 48 22 29 AQUIIII!!
10 
24 20 47 22 15 48 51 48 AQUIIII!!19 22 53 23 27 27 8 11 27 11 
13 21 15 29 48 29 22 25 20 AQUIIII!!23 53 24 48 53 AQUIIII!!13 24 50 14 9 
11 47 31 47 50 14 11 9 13 27 28 51 31 48 21 31 47 23 AQUIIII!!14 28 31 51 27 24 24 15 15 9 AQUIIII!!25 22 13 47 9 25 51 AQUIIII!!28 24 22 10 50 20 4 50 48 47 18 11 53 48 19 27 AQUIIII!!
50 53 25 48 10 15 48 31 47 24 4 51 10 28 9 38 11 28 27 27 
9 24 38 53 AQUIIII!!8 21 19 50 AQUIIII!!
29 20 19 
51 23 31 23 47 9 48 4 27 29 31 19 28 24 20 13 48 8 27 22 47 53 29 51 9 8 11 38 19 53 29 31 
11 
AQUIIII!!15 47 38 19 18 22 18 21 14 24 21 51 4 29 53 9 25 48 27 24 31 48 15 31 37 20 51 20 31 21 28 16 19 28 24 53 
18 27 20 18 47 
31 15 11 9 8 24 29 50 27 27 53 24 20 31 22 
53 AQUIIII!!22 21 51 53 22 51 10 11 53 51 51 29 24 

53 
21 28 
28 47 31 31 15 18 53 29 27 
21 11 51 48 20 19 9 53 
AQUIIII!!37 27 13 23 11 15 9 14 17 50 22 16 31 10 25 AQUIIII!!53 53 
27 10 17 23 22 31 25 13 37 9 11 14 15 16 50 
AQUIIII!!27 8 20 19 21 47 28 24 48 18 AQUIIII!!51 37 4 50 38 11 31 AQUIIII!!25 29 31 20 53 
13 4 18 27 27 15 21 9 38 10 29 22 AQUIIII!!19 14 47 22 51 16 13 28 23 16 24 17 15 53 8 48 50 
31 10 53 25 
37 27 9 23 31 11 14 AQUIIII!!17 4 AQUIIII!!53 28 50 
AQUIIII!!38 22 11 29 19 28 27 9 24 9 18 20 27 20 31 8 19 28 21 29 22 24 48 27 15 11 18 47 47 51 21 29 20 53 47 31 
48 21 31 48 53 24 51 53 
51 
AQUIIII!!15 AQUIIII!!11 19 25 4 22 24 10 28 13 23 2 9 27 24 31 18 47 AQUIIII!!21 27 11 AQUIIII!!51 8 9 50 51 3 48 15 31 38 53 9 22 
AQUIIII!!29 27 50 22 22 31 15 13 28 20 10 16 47 13 47 23 14 20 1 50 25 48 24 
11 27 19 25 11 14 37 48 AQUIIII!!24 51 53 11 9 
31 23 18 14 29 23 51 15 10 21 22 27 31 53 31 9 
AQUIIII!!53 25 47 
10 21 4 13 3 2 27 28 8 24 31 38 48 27 19 29 50 AQUIIII!!20 18 51 1 21 24 53 
29 AQUIIII!!
AQUIIII!!10 27 AQUIIII!!51 23 17 8 48 27 9 24 51 8 31 AQUIIII!!51 48 53 28 50 AQUIIII!!19 51 15 24 37 15 29 25 22 9 22 AQUIIII!!31 38 20 23 24 18 10 29 31 4 24 13 20 14 31 28 31 22 47 23 22 50 9 48 13 9 10 19 27 22 20 11 25 29 27 31 11 21 27 15 27 AQUIIII!!47 AQUIIII!!51 16 47 47 27 16 22 29 53 28 18 10 53 23 21 47 11 15 48 31 27 11 9 

53 19 37 23 21 27 15 50 53 
50 50 53 17 
10 15 51 
11 9 48 31 50 15 16 48 51 37 14 14 22 11 14 31 9 13 53 9 10 24 11 
23 21 25 25 24 22 53 53 13 


AQUIIII!!53 28 48 29 15 50 9 47 21 27 11 20 31 51 24 22 
AQUIIII!!20 AQUIIII!!24 13 31 27 11 21 10 29 31 15 37 19 14 48 11 51 23 9 50 22 22 28 51 27 16 47 9 53 15 
25 53 
AQUIIII!!47 18 51 28 19 21 38 8 31 29 4 24 27 20 48 53 
AQUIIII!!10 27 9 50 51 31 15 11 29 47 22 21 48 AQUIIII!!23 48 24 23 53 25 
15 11 51 9 27 24 AQUIIII!!13 9 50 15 14 51 10 13 AQUIIII!!22 14 31 15 25 53 9 31 
AQUIIII!!31 23 24 22 AQUIIII!!24 27 10 51 48 37 24 18 11 11 48 19 48 27 31 28 47 16 9 22 50 22 50 47 53 29 21 28 
22 27 11 11 29 9 21 51 31 28 21 20 27 29 53 47 20 
15 19 20 51 53 53 

AQUIIII!!53 51 27 47 31 11 23 50 24 25 15 22 48 13 9 10 
AQUIIII!!51 38 53 28 31 20 29 8 19 47 24 21 48 18 27 4 
AQUIIII!!29 18 24 38 4 51 48 28 20 AQUIIII!!19 8 53 27 47 47 19 21 21 31 48 53 27 
24 18 9 20 8 22 28 51 29 31 
AQUIIII!!22 11 15 24 9 47 13 50 31 AQUIIII!!23 53 10 9 25 27 10 48 21 51 50 53 15 
29 51 47 23 31 22 11 27 24 48 
AQUIIII!!AQUIIII!!8 53 20 10 29 27 48 28 22 31 27 9 2 11 38 50 21 29 15 19 23 51 18 24 48 31 47 24 
3 4 21 47 
AQUIIII!!27 28 31 22 9 21 29 20 15 50 47 24 11 48 53 51 
AQUIIII!!11 27 51 9 20 21 22 19 15 31 24 48 28 29 47 53 
AQUIIII!!53 14 27 9 13 16 10 25 15 31 11 17 23 37 22 50 
AQUIIII!!24 AQUIIII!!15 8 22 29 13 28 11 18 25 48 50 47 51 31 31 10 4 48 27 27 20 23 38 9 21 51 24 53 47 
19 53 
AQUIIII!!53 51 9 11 50 37 13 23 AQUIIII!!27 53 15 27 14 29 16 21 31 9 25 22 10 28 22 8 
18 24 19 51 20 31 47 48 
AQUIIII!!24 21 27 20 38 2 28 31 29 AQUIIII!!19 53 8 10 27 18 13 4 22 3 16 31 47 14 50 1 9 
23 17 37 11 15 25 
AQUIIII!!53 15 31 16 50 AQUIIII!!25 27 10 28 37 18 22 11 14 51 31 13 29 23 47 27 19 9 9 11 48 22 51 21 
AQUIIII!!20 51 24 13 53 31 
24 11 AQUIIII!!23 25 53 22 50 27 31 14 10 9 13 48 9 10 14 50 23 15 27 53 16 
11 37 15 22 25 51 
AQUIIII!!53 20 21 9 29 50 15 28 27 24 22 51 31 47 48 11 
AQUIIII!!18 29 20 11 47 9 51 48 19 24 28 31 27 21 22 53 
AQUIIII!!27 4 24 18 29 19 8 31 3 28 38 21 2 20 1 47 
AQUIIII!!8 28 29 24 22 47 48 9 18 51 21 20 31 27 19 53 
AQUIIII!!53 8 19 48 29 18 27 28 51 21 31 24 4 47 AQUIIII!!20 53 38 47 
31 51 27 50 23 15 AQUIIII!!9 28 22 22 15 48 29 11 24 51 10 48 25 50 31 13 20 24 47 
9 21 11 27 53 
AQUIIII!!15 24 19 20 51 22 48 21 9 28 11 29 27 31 47 53 
AQUIIII!!53 31 37 25 23 16 14 10 11 9 15 27 13 50 22 17 
AQUIIII!!53 48 24 47 29 19 28 20 27 51 31 9 11 21 15 22 
AQUIIII!!10 27 50 23 11 9 24 51 25 22 13 48 31 14 AQUIIII!!15 53 53 51 
20 47 48 19 28 22 9 27 11 18 29 31 21 24 
AQUIIII!!51 53 24 8 28 31 48 29 9 21 22 20 18 27 47 19 
AQUIIII!!53 21 31 9 29 11 50 47 20 24 15 27 22 51 48 28 
AQUIIII!!50 22 29 21 51 11 9 31 15 47 23 27 10 48 24 53 
AQUIIII!!11 31 23 47 24 48 50 27 25 15 10 13 9 22 53 51 
AQUIIII!!53 48 47 20 28 21 38 31 29 8 19 27 51 24 4 18 
AQUIIII!!51 53 24 21 47 18 48 28 27 4 31 8 19 20 29 38 
AQUIIII!!48 20 27 24 22 9 19 31 21 51 29 28 11 15 47 53 
AQUIIII!!53 31 20 9 29 21 51 28 15 24 27 48 47 11 50 22 
AQUIIII!!9 31 21 19 28 27 11 29 22 48 20 47 24 18 51 53 
AQUIIII!!53 11 23 47 AQUIIII!!10 53 22 29 31 47 27 11 50 31 51 15 13 51 25 28 24 9 9 22 15 48 48 21 
50 27 24 20 
AQUIIII!!25 28 2 38 37 6 0 1 49 17 7 12 22 31 5 52 
AQUIIII!!53 AQUIIII!!11 50 9 48 31 23 37 24 23 14 50 31 10 25 14 22 25 10 16 51 15 27 13 9 22 13 17 15 27 
11 53 
AQUIIII!!53 9 24 50 11 25 15 23 10 47 27 31 51 13 48 22 
AQUIIII!!53 29 19 18 20 28 21 4 24 38 AQUIIII!!47 53 51 24 8 20 27 48 31 31 22 
8 51 47 29 28 48 19 27 18 21 9 
AQUIIII!!22 37 31 9 11 27 50 15 13 10 17 25 16 23 14 53 
AQUIIII!!53 31 37 50 27 9 23 25 11 10 16 14 13 15 17 22 
AQUIIII!!53 51 28 29 9 22 47 18 31 19 27 21 48 11 20 24 
AQUIIII!!53 27 13 14 15 22 37 50 25 16 17 10 9 11 31 23 
AQUIIII!!53 31 29 22 48 28 51 21 11 24 50 47 9 27 20 15 
AQUIIII!!53 11 28 47 20 22 21 24 19 15 29 48 9 31 27 51 
AQUIIII!!53 27 20 50 9 51 15 31 48 24 47 28 29 22 11 21 
AQUIIII!!53 10 9 50 16 15 23 14 31 51 25 13 37 11 22 27 
AQUIIII!!53 50 13 51 37 16 27 9 25 22 14 23 10 15 31 11 
AQUIIII!!53 31 13 22 9 14 16 50 23 10 17 27 25 37 15 11 
AQUIIII!!53 29 9 48 47 22 15 51 31 27 19 21 20 28 11 24 
AQUIIII!!53 8 47 19 29 18 38 21 27 31 24 28 51 48 20 4 AQUIIII!!
53 19 AQUIIII!!24 53 27 50 18 31 48 15 9 23 20 21 11 8 13 51 22 31 14 47 16 22 37 28 25 29 51 
27 9 10 
AQUIIII!!53 50 15 25 23 27 9 14 51 24 31 13 48 11 22 10 
AQUIIII!!53 11 15 27 50 51 16 AQUIIII!!10 25 53 23 48 14 9 22 47 9 50 37 11 31 31 13 13 
24 22 10 25 15 27 23 51 
AQUIIII!!53 9 15 17 50 27 13 31 11 37 23 25 10 22 14 16 
AQUIIII!!53 47 48 22 13 31 25 24 27 51 15 9 10 11 23 50 
AQUIIII!!53 24 48 22 27 31 51 25 50 11 9 23 15 10 13 14 AQUIIII!!53 
19 28 20 47 22 24 31 27 11 48 9 15 21 51 29 
AQUIIII!!53 48 47 29 9 22 19 24 20 21 18 51 31 27 28 11 
AQUIIII!!53 47 51 27 21 20 29 11 24 19 18 31 22 48 28 9 
AQUIIII!!53 27 8 47 18 38 28 51 31 20 21 48 24 29 4 19 
AQUIIII!!53 25 22 10 23 31 15 9 27 48 51 14 24 50 11 13 
AQUIIII!!53 31 22 51 27 47 11 10 25 13 50 15 24 9 48 23 AQUIIII!!
53 47 24 48 20 21 31 19 9 22 18 27 51 29 28 11 
AQUIIII!!53 19 22 28 AQUIIII!!20 53 15 29 21 27 29 48 51 31 31 19 24 20 27 47 47 51 9 21 48 24 11 11 
9 18 22 28 
AQUIIII!!53 31 20 18 28 27 4 19 21 8 48 24 29 47 51 38 
AQUIIII!!47 3 21 19 29 2 38 24 4 8 AQUIIII!!1 53 28 31 27 20 16 27 22 18 
31 9 37 23 15 51 50 13 11 10 25 14 
AQUIIII!!53 28 8 24 29 22 47 21 9 27 20 31 51 19 48 18 
AQUIIII!!3 21 47 28 51 8 48 24 38 20 31 27 29 4 19 18 
Number of Cuts in the second phase:5265
Number of repeat: 5057 
Violation: 31.000000
Violation: 500.000000
Violation: 84.000000
Violation: 833.000000
Violation: 600.000000
Violation: 333.000000
Violation: 500.000000
Violation: 600.000000
Violation: 200.000000
Violation: 1000.000000
Violation: 333.000000
Violation: 284.000000
Violation: 568.000000
Violation: 1200.000000
Violation: 500.000000
Violation: 346.000000
Violation: 700.000000
Violation: 500.000000
Violation: 168.000000
Violation: 200.000000
Violation: 200.000000
Violation: 200.000000
Violation: 252.000000
Violation: 537.000000
Violation: 194.000000
Violation: 1050.000000
Violation: 92.000000
Violation: 136.000000
Violation: 55.000000
Violation: 400.000000
Violation: 245.000000
Violation: 400.000000
Violation: 100.000000
Violation: 1000.000000
Violation: 385.000000
Violation: 200.000000
Violation: 168.000000
Violation: 600.000000
Violation: 168.000000
Violation: 132.000000
Violation: 1.000000
Violation: 55.000000
Violation: 600.000000
Violation: 250.000000
Violation: 595.000000
Violation: 334.000000
Violation: 284.000000
Violation: 34.000000
Violation: 537.000000
Violation: 400.000000
Violation: 200.000000
Violation: 334.000000
Violation: 110.000000
Violation: 368.000000
Violation: 684.000000
Violation: 360.000000
Violation: 249.000000
Violation: 250.000000
Violation: 333.000000
Violation: 1000.000000
Violation: 84.000000
Violation: 400.000000
Violation: 250.000000
Violation: 400.000000
Violation: 200.000000
Violation: 533.000000
Violation: 66.000000
Violation: 245.000000
Violation: 233.000000
Violation: 400.000000
Violation: 105.000000
Violation: 600.000000
Violation: 315.000000
Violation: 101.000000
Violation: 200.000000
Violation: 500.000000
Violation: 200.000000
Violation: 200.000000
Violation: 750.000000
Violation: 533.000000
Violation: 333.000000
Violation: 450.000000
Violation: 400.000000
Violation: 200.000000
Violation: 596.000000
Violation: 55.000000
Violation: 200.000000
Violation: 833.000000
Violation: 100.000000
Violation: 333.000000
Violation: 397.000000
Violation: 200.000000
Violation: 200.000000
Violation: 433.000000
Violation: 272.000000
Violation: 400.000000
Violation: 666.000000
Violation: 168.000000
Violation: 200.000000
Violation: 556.000000
Violation: 55.000000
Violation: 204.000000
Violation: 200.000000
Violation: 850.000000
Violation: 100.000000
Violation: 333.000000
Violation: 388.000000
Violation: 684.000000
Violation: 200.000000
Violation: 200.000000
Violation: 50.000000
Violation: 194.000000
Violation: 537.000000
Violation: 350.000000
Violation: 200.000000
Violation: 500.000000
Violation: 833.000000
Violation: 250.000000
Violation: 400.000000
Violation: 537.000000
Violation: 533.000000
Violation: 167.000000
Violation: 1250.000000
Violation: 333.000000
Violation: 582.000000
Violation: 1233.000000
Violation: 272.000000
Violation: 650.000000
Violation: 26.000000
Violation: 500.000000
Violation: 1.000000
Violation: 600.000000
Violation: 1.000000
Violation: 33.000000
Violation: 1000.000000
Violation: 805.000000
Violation: 833.000000
Violation: 500.000000
Violation: 600.000000
Violation: 484.000000
Violation: 500.000000
Violation: 250.000000
Violation: 1000.000000
Violation: 388.000000
Violation: 105.000000
Violation: 81.000000
Violation: 233.000000
Violation: 250.000000
Violation: 500.000000
Violation: 400.000000
Violation: 883.000000
Violation: 685.000000
Violation: 800.000000
Violation: 136.000000
Violation: 83.000000
Violation: 33.000000
Violation: 136.000000
Violation: 200.000000
Violation: 300.000000
Violation: 222.000000
Violation: 1333.000000
Violation: 333.000000
Violation: 1000.000000
Violation: 200.000000
Violation: 50.000000
Violation: 750.000000
Violation: 583.000000
Violation: 500.000000
Violation: 222.000000
Violation: 833.000000
Violation: 245.000000
Violation: 33.000000
Violation: 136.000000
Violation: 200.000000
Violation: 250.000000
Violation: 333.000000
Violation: 167.000000
Violation: 537.000000
Violation: 381.000000
Violation: 685.000000
Violation: 106.000000
Violation: 200.000000
Violation: 571.000000
Violation: 600.000000
Violation: 333.000000
Violation: 200.000000
Violation: 33.000000
Violation: 1200.000000
Violation: 833.000000
Violation: 500.000000
Violation: 500.000000
Violation: 86.000000
Violation: 500.000000
Violation: 596.000000
Violation: 537.000000
Violation: 900.000000
Violation: 284.000000
Violation: 165.000000
Violation: 400.000000
Violation: 833.000000
Violation: 600.000000
Violation: 133.000000
Violation: 600.000000
Violation: 666.000000
Violation: 500.000000
Violation: 833.000000
Violation: 26.000000
Violation: 167.000000
8592 16
AQUIIII!!53 29 28 AQUIIII!!19 53 27 22 10 18 11 11 21 24 48 31 31 47 47 23 51 29 48 51 21 15 AQUIIII!!9 50 AQUIIII!!22 27 53 53 20 24 24 
9 9 51 
27 31 31 27 47 22 48 48 51 15 24 21 10 AQUIIII!!23 21 53 47 20 11 10 27 22 9 9 50 51 11 23 48 29 21 29 50 24 15 19 

31 29 28 22 18 8 47 
AQUIIII!!29 24 21 47 51 31 9 27 22 48 18 19 11 20 28 53 
AQUIIII!!19 29 47 28 48 15 11 24 9 31 AQUIIII!!27 9 22 22 53 28 51 48 21 27 20 15 
50 21 29 47 31 24 20 11 53 51 
AQUIIII!!23 15 50 25 9 51 27 22 31 16 14 37 10 AQUIIII!!13 8 11 28 53 
20 AQUIIII!!47 17 AQUIIII!!29 10 11 4 15 21 23 19 AQUIIII!!25 28 31 27 14 24 38 16 31 9 51 37 28 31 31 27 22 22 22 24 13 48 47 48 9 27 29 15 21 50 48 9 18 11 53 27 11 53 
AQUIIII!!24 20 
20 19 50 48 21 18 29 9 29 21 53 AQUIIII!!11 51 27 22 20 24 
28 51 53 50 15 28 47 27 22 19 51 15 AQUIIII!!31 AQUIIII!!
47 51 22 53 9 
47 9 21 20 AQUIIII!!20 50 AQUIIII!!11 51 53 19 25 8 24 48 28 9 15 27 19 9 28 11 21 13 47 18 31 31 20 23 48 11 18 21 31 24 31 20 AQUIIII!!28 51 29 51 19 38 24 14 22 24 24 4 23 18 27 48 29 53 27 21 47 16 31 10 AQUIIII!!47 53 
29 37 
27 47 
11 29 10 48 AQUIIII!!21 48 AQUIIII!!22 13 51 19 51 53 48 15 
11 47 28 28 17 53 21 51 15 
9 19 21 50 20 22 11 AQUIIII!!9 24 31 51 27 22 AQUIIII!!29 48 25 19 47 AQUIIII!!31 28 53 27 47 27 31 51 8 22 48 14 AQUIIII!!22 24 18 50 11 18 51 18 27 53 13 53 8 9 9 24 9 27 
38 48 8 48 31 20 48 24 21 50 24 29 19 29 22 29 22 21 27 28 28 38 15 20 AQUIIII!!19 51 29 10 47 53 27 4 31 20 24 19 18 20 23 31 27 9 24 29 25 47 48 22 8 53 
53 51 53 31 31 
53 

15 8 53 28 

31 27 51 18 11 4 20 47 21 29 48 AQUIIII!!28 47 AQUIIII!!9 27 21 53 24 50 20 9 
23 
37 27 14 31 31 14 16 15 51 50 9 23 13 13 11 22 11 10 25 15 10 25 51 53 16 
37 22 
AQUIIII!!4 47 53 29 20 31 48 27 19 24 28 51 8 38 18 21 
AQUIIII!!22 9 27 47 48 29 31 51 19 24 11 21 20 AQUIIII!!28 51 18 27 53 31 
28 19 AQUIIII!!9 53 22 47 29 20 51 21 24 48 48 24 31 18 15 8 AQUIIII!!23 47 29 53 9 31 
11 48 50 29 9 21 11 27 15 20 22 21 10 24 27 50 51 
47 22 28 53 
AQUIIII!!53 17 23 16 37 11 50 10 14 9 27 22 13 15 31 25 
AQUIIII!!9 28 31 20 51 AQUIIII!!21 47 AQUIIII!!22 50 31 15 9 28 22 8 29 21 21 27 18 51 47 24 18 11 38 19 24 19 27 48 53 51 28 
47 20 4 24 8 29 AQUIIII!!29 11 48 48 20 31 20 9 53 27 48 53 
21 
29 AQUIIII!!15 28 22 31 48 28 22 24 20 50 51 AQUIIII!!47 27 31 24 47 53 16 11 
23 9 10 27 51 50 22 29 25 51 AQUIIII!!14 15 22 27 21 27 AQUIIII!!13 31 50 50 37 53 48 22 15 
14 31 9 31 50 9 AQUIIII!!10 14 11 15 25 10 28 53 24 
23 20 AQUIIII!!23 22 27 17 51 27 11 15 9 47 29 37 11 24 48 13 27 50 11 9 15 16 31 51 53 24 11 AQUIIII!!31 
21 48 13 53 22 19 25 28 28 47 53 11 29 
51 20 15 9 21 9 15 53 47 53 
48 
AQUIIII!!51 20 53 31 50 22 28 29 15 21 9 27 29 19 24 51 20 21 24 27 
31 48 11 47 22 
AQUIIII!!51 53 47 28 11 31 22 29 27 20 15 9 48 24 50 21 
AQUIIII!!20 19 24 9 28 47 51 21 48 AQUIIII!!18 28 29 31 31 51 27 48 8 50 22 22 53 27 
9 15 11 20 47 21 24 29 53 
AQUIIII!!31 18 51 22 47 21 48 24 19 29 8 27 9 28 20 53 
AQUIIII!!AQUIIII!!13 50 27 22 24 37 9 27 11 15 25 14 10 25 23 10 AQUIIII!!15 31 47 24 17 48 9 13 22 31 16 50 23 15 31 9 AQUIIII!!AQUIIII!!29 11 53 27 47 48 53 51 
22 19 50 
9 8 10 24 51 11 22 19 21 48 18 23 29 29 22 20 47 27 21 9 53 18 AQUIIII!!31 47 53 28 48 11 51 31 10 28 
50 27 24 15 11 24 21 51 22 20 51 53 27 53 
25 31 
13 14 48 23 9 
AQUIIII!!AQUIIII!!51 20 48 28 29 51 22 29 31 47 28 21 20 AQUIIII!!21 15 38 18 11 48 9 31 29 19 27 8 47 48 18 27 11 24 9 24 4 22 19 19 24 53 51 53 
31 
27 28 20 21 47 53 
AQUIIII!!27 10 24 15 48 11 9 22 13 23 25 51 50 31 47 53 
AQUIIII!!17 53 13 31 AQUIIII!!9 53 10 51 16 48 15 31 11 8 27 29 50 47 37 21 22 20 14 28 25 27 23 24 
22 9 18 19 
AQUIIII!!27 16 11 23 51 15 37 22 50 14 25 13 9 31 10 53 
AQUIIII!!53 14 27 51 11 AQUIIII!!31 47 10 29 50 8 13 28 24 19 23 4 22 38 48 21 25 18 15 20 9 31 
24 27 48 51 53 
AQUIIII!!51 24 18 19 21 AQUIIII!!47 16 9 37 22 15 29 22 48 20 13 31 50 8 11 28 9 27 25 53 31 
51 27 23 14 10 53 
AQUIIII!!23 31 22 24 27 50 AQUIIII!!13 14 10 25 11 31 9 27 50 47 16 51 11 25 15 37 22 48 53 51 13 
23 10 9 15 53 
AQUIIII!!50 22 10 47 9 15 27 24 13 11 AQUIIII!!31 28 23 31 53 8 25 29 48 51 51 19 
21 18 38 20 24 AQUIIII!!27 29 48 9 4 27 47 24 15 53 31 
51 21 48 22 23 50 11 10 47 53 
AQUIIII!!22 20 21 AQUIIII!!48 29 8 20 24 21 AQUIIII!!47 47 13 51 29 11 31 19 22 11 31 10 27 18 23 27 48 50 24 51 25 9 22 51 28 28 53 14 AQUIIII!!18 
31 13 19 48 37 9 9 50 15 53 16 27 51 
AQUIIII!!24 27 53 25 51 
23 20 31 31 15 18 11 14 9 9 48 10 24 22 22 53 47 
8 27 19 29 28 21 53 AQUIIII!!
20 51 4 28 38 21 AQUIIII!!19 18 23 27 25 8 50 29 15 48 11 24 22 47 51 31 47 53 
24 AQUIIII!!9 31 27 14 48 50 31 51 13 9 10 11 53 25 
37 10 23 16 15 22 13 27 53 
AQUIIII!!9 10 31 25 50 27 24 15 13 14 48 23 22 11 53 51 
AQUIIII!!19 AQUIIII!!47 53 8 9 51 23 29 47 28 11 9 27 24 15 27 31 31 22 22 18 48 20 25 21 51 48 50 53 13 
24 AQUIIII!!10 38 
29 31 19 51 47 28 8 24 48 21 20 4 18 27 53 
AQUIIII!!53 25 13 22 31 10 9 27 15 50 51 11 48 47 24 23 
AQUIIII!!53 15 11 28 31 21 22 24 48 20 27 47 29 51 9 50 
AQUIIII!!50 31 10 23 25 51 15 24 48 11 47 13 27 9 22 53 
AQUIIII!!53 21 11 22 27 51 15 50 31 24 23 9 48 29 47 10 
AQUIIII!!9 24 27 20 48 11 50 28 29 51 47 31 15 22 21 53 
AQUIIII!!25 11 23 48 51 13 31 14 15 50 24 22 27 9 10 53 
AQUIIII!!21 29 51 27 31 15 11 48 28 20 24 50 9 22 47 53 AQUIIII!!
53 16 15 27 25 10 11 22 50 31 9 14 13 23 37 17 
AQUIIII!!53 4 29 20 19 48 38 24 31 18 27 51 21 28 47 8 
AQUIIII!!23 27 13 22 10 31 9 37 14 50 25 16 15 11 51 53 
AQUIIII!!53 20 51 22 47 9 24 27 29 28 11 15 31 48 19 21 
AQUIIII!!10 22 15 AQUIIII!!50 24 8 29 18 9 29 20 11 27 31 48 27 4 51 47 47 19 23 31 24 28 48 53 21 51 53 21 38 

AQUIIII!!AQUIIII!!53 53 38 11 24 31 51 27 47 9 29 13 28 47 48 51 21 25 20 10 18 22 19 15 4 48 27 50 31 23 8 24 

AQUIIII!!29 9 21 22 11 28 31 15 47 20 27 51 50 48 24 53 
AQUIIII!!53 27 20 19 29 28 31 18 48 8 38 47 4 21 24 51 
AQUIIII!!53 24 9 47 27 31 29 11 21 50 48 51 15 22 AQUIIII!!28 53 20 51 
10 9 23 22 31 50 27 11 48 29 15 47 24 21 
AQUIIII!!17 53 16 37 10 9 23 13 22 31 50 25 11 27 15 14 
AQUIIII!!24 50 25 9 22 27 23 14 10 13 48 15 31 11 51 53 
AQUIIII!!27 28 50 29 9 11 22 15 47 21 48 31 51 24 20 53 
AQUIIII!!53 9 AQUIIII!!51 23 31 11 27 51 11 15 29 21 9 24 22 48 31 24 21 47 29 19 27 15 50 20 10 28 47 
48 22 53 
AQUIIII!!53 15 29 27 47 51 21 31 48 11 24 23 50 22 10 9 
AQUIIII!!53 4 48 47 51 28 20 18 38 29 21 27 24 31 8 19 
AQUIIII!!53 8 29 4 21 38 47 18 27 19 31 51 20 48 28 24 
AQUIIII!!53 9 25 27 51 23 22 10 50 13 47 11 15 24 48 31 
AQUIIII!!53 20 18 AQUIIII!!21 9 28 48 29 31 19 50 24 27 51 9 13 48 15 47 14 51 24 31 11 22 23 11 10 
27 22 25 53 
AQUIIII!!29 22 27 21 19 24 20 15 31 47 9 11 48 28 51 53 
AQUIIII!!53 10 50 15 27 31 25 11 22 16 23 13 37 51 9 14 
AQUIIII!!23 11 24 10 21 29 48 27 9 50 31 51 47 22 15 53 
AQUIIII!!53 15 10 51 31 23 11 24 50 29 27 21 22 48 9 47 
AQUIIII!!53 31 51 15 9 24 47 22 23 50 48 27 10 29 11 21 
AQUIIII!!53 10 37 25 11 14 17 50 9 15 13 23 27 16 22 31 
AQUIIII!!47 11 48 27 28 20 31 21 19 29 51 18 22 24 9 53 
AQUIIII!!1 47 21 27 18 AQUIIII!!31 20 38 21 24 2 27 19 4 4 29 29 18 2 20 1 28 19 3 8 24 31 3 8 47 
38 28 
AQUIIII!!53 25 14 31 37 50 27 10 23 15 11 13 9 17 22 16 
AQUIIII!!53 10 15 23 13 25 AQUIIII!!53 31 11 19 17 24 9 9 14 8 27 28 22 29 50 27 37 48 16 31 22 
21 51 20 18 47 
AQUIIII!!53 14 11 9 31 37 27 50 13 23 22 17 10 16 25 15 
AQUIIII!!53 15 20 50 31 29 47 24 21 27 22 48 9 11 28 51 
AQUIIII!!47 53 51 9 11 18 AQUIIII!!31 53 27 31 24 50 48 11 28 17 19 14 20 9 22 37 29 27 21 22 
23 16 15 25 10 13 
AQUIIII!!53 27 14 9 11 25 15 31 AQUIIII!!50 4 47 13 21 22 3 10 24 51 29 38 24 27 23 8 48 19 
28 20 1 2 31 18 
AQUIIII!!53 51 22 48 50 15 23 14 27 13 11 25 9 24 31 10 
AQUIIII!!53 24 22 47 18 51 21 20 19 31 28 29 27 48 8 9 
AQUIIII!!53 24 22 31 25 11 15 23 50 48 10 9 47 51 13 27 
AQUIIII!!53 20 47 29 24 15 22 48 9 11 21 31 50 27 28 51 
AQUIIII!!51 53 13 10 25 50 31 47 23 11 9 27 24 48 15 22 
AQUIIII!!53 11 22 24 27 51 29 48 31 28 18 20 19 9 21 47 
AQUIIII!!53 25 31 47 11 15 51 13 48 50 22 23 9 27 10 24 
AQUIIII!!53 10 15 48 11 22 50 13 14 25 27 31 9 51 23 24 
AQUIIII!!53 21 8 48 24 29 28 27 20 38 47 31 51 4 19 18 
AQUIIII!!53 51 9 16 23 31 27 25 37 14 11 13 10 15 22 50 
AQUIIII!!53 11 21 22 24 15 20 28 31 27 29 51 48 19 47 9 
AQUIIII!!53 9 10 27 31 24 50 15 22 51 11 23 48 25 13 47 
AQUIIII!!53 24 51 28 27 48 21 31 9 15 19 29 11 22 47 20 
AQUIIII!!53 9 50 22 21 28 15 11 48 31 47 20 29 24 51 27 
AQUIIII!!53 27 21 31 47 22 10 29 50 51 48 23 11 15 9 24 
AQUIIII!!53 48 9 19 20 11 29 21 51 27 24 31 47 22 18 28 
AQUIIII!!53 24 22 10 23 50 25 31 48 51 11 13 14 27 9 15 
AQUIIII!!53 29 18 8 28 19 24 47 21 51 27 4 38 48 20 31 
Number of Cuts in the second phase:5152
Number of repeat: 5074 
Violation: 800.000000
Violation: 733.000000
Violation: 138.000000
Violation: 20.000000
Violation: 1200.000000
Violation: 50.000000
Violation: 214.000000
Violation: 600.000000
Violation: 284.000000
Violation: 101.000000
Violation: 938.000000
Violation: 272.000000
Violation: 401.000000
Violation: 200.000000
Violation: 400.000000
Violation: 888.000000
Violation: 333.000000
Violation: 521.000000
Violation: 563.000000
Violation: 200.000000
Violation: 204.000000
Violation: 600.000000
Violation: 250.000000
Violation: 200.000000
Violation: 200.000000
Violation: 1142.000000
Violation: 226.000000
Violation: 33.000000
Violation: 226.000000
Violation: 200.000000
Violation: 107.000000
Violation: 33.000000
Violation: 500.000000
Violation: 142.000000
Violation: 431.000000
Violation: 537.000000
Violation: 136.000000
Violation: 55.000000
Violation: 1083.000000
Violation: 200.000000
Violation: 400.000000
Violation: 600.000000
Violation: 469.000000
Violation: 500.000000
Violation: 938.000000
Violation: 110.000000
Violation: 1200.000000
Violation: 250.000000
Violation: 200.000000
Violation: 445.000000
Violation: 200.000000
Violation: 100.000000
Violation: 284.000000
Violation: 600.000000
Violation: 200.000000
Violation: 571.000000
Violation: 1000.000000
Violation: 214.000000
Violation: 433.000000
Violation: 800.000000
Violation: 133.000000
Violation: 110.000000
Violation: 372.000000
Violation: 333.000000
Violation: 33.000000
Violation: 1200.000000
Violation: 97.000000
Violation: 385.000000
Violation: 333.000000
Violation: 37.000000
Violation: 33.000000
Violation: 84.000000
Violation: 333.000000
Violation: 500.000000
Violation: 333.000000
Violation: 50.000000
Violation: 943.000000
Violation: 350.000000
2808 16
AQUIIII!!53 23 14 16 50 25 9 31 11 17 37 10 13 22 15 27 
AQUIIII!!24 28 22 19 9 21 31 29 20 18 47 48 27 11 51 53 
AQUIIII!!15 27 14 9 11 AQUIIII!!23 37 15 AQUIIII!!31 10 47 25 27 51 10 13 19 13 24 22 22 48 28 16 11 29 AQUIIII!!50 9 28 11 53 25 27 24 17 23 48 15 
22 4 21 51 18 9 14 20 27 50 24 48 31 51 31 19 53 20 47 
53 8 
21 38 29 31 53 
AQUIIII!!9 29 48 15 22 51 24 28 20 11 27 21 47 19 31 53 
AQUIIII!!53 29 11 AQUIIII!!27 53 9 29 22 48 8 47 20 10 28 50 27 31 9 24 51 23 22 21 24 51 19 15 48 
18 47 31 21 
AQUIIII!!29 22 31 28 21 9 24 51 19 47 18 20 48 8 27 53 
AQUIIII!!51 53 22 31 15 48 11 9 47 24 28 20 27 21 19 29 
AQUIIII!!5 31 49 0 7 6 33 2 12 37 1 4 38 28 25 3 
AQUIIII!!5 31 49 0 7 6 33 2 12 37 1 4 38 28 25 3 
AQUIIII!!22 11 48 9 20 15 28 19 27 24 21 31 29 51 53 47 
AQUIIII!!48 AQUIIII!!31 28 29 24 19 AQUIIII!!11 20 50 29 38 22 19 28 15 20 51 48 27 18 9 47 27 29 48 8 24 9 24 31 22 3 21 31 21 21 28 4 51 27 47 15 47 
53 11 
20 53 51 
AQUIIII!!47 50 AQUIIII!!15 19 13 21 10 20 11 28 27 29 24 27 48 11 25 AQUIIII!!9 23 47 15 31 19 24 22 29 31 9 28 47 51 21 51 53 11 22 
18 48 51 53 AQUIIII!!31 
21 24 48 20 19 9 20 27 51 22 48 27 53 24 
31 8 9 22 28 47 18 29 53 
AQUIIII!!53 48 9 15 22 31 47 27 23 51 50 29 10 11 21 24 
AQUIIII!!29 27 20 11 48 28 51 21 15 19 9 22 31 24 47 53 
AQUIIII!!11 14 25 51 31 9 24 48 23 22 50 27 10 13 15 53 
AQUIIII!!53 19 29 48 28 27 21 22 24 8 20 9 31 18 51 47 
AQUIIII!!52 1 6 31 22 3 0 2 5 7 49 12 28 25 38 37 
AQUIIII!!22 51 13 23 11 31 10 50 15 25 37 9 27 14 16 53 
AQUIIII!!9 18 20 28 22 31 29 48 27 47 24 51 8 21 19 53 
AQUIIII!!53 18 38 4 27 8 19 47 21 20 24 51 28 29 48 31 
AQUIIII!!53 13 15 9 11 10 50 23 37 14 25 16 22 31 17 27 
AQUIIII!!27 AQUIIII!!9 13 48 51 15 25 11 22 23 24 24 14 47 31 10 50 21 10 31 9 22 15 29 48 51 23 50 11 53 27 
53 
AQUIIII!!0 5 1 7 31 6 52 22 2 49 25 28 38 3 12 37 
AQUIIII!!53 48 29 24 9 20 8 47 21 27 19 51 22 28 18 31 
AQUIIII!!53 48 20 15 29 9 21 27 19 28 51 11 22 47 31 24 
AQUIIII!!53 11 51 24 9 22 23 21 31 50 27 10 47 15 48 29 
AQUIIII!!37 14 15 10 23 11 31 50 25 27 16 9 13 51 22 53 
AQUIIII!!27 9 20 8 24 22 48 18 28 31 19 51 29 47 21 53 
AQUIIII!!21 50 22 29 27 24 9 10 11 51 23 31 48 15 47 53 
AQUIIII!!53 23 13 15 10 25 14 16 51 27 11 50 37 9 31 22 
AQUIIII!!19 28 20 48 22 24 21 8 27 9 29 51 31 47 18 53 
AQUIIII!!53 18 29 24 51 48 47 27 22 8 31 21 20 9 AQUIIII!!19 51 28 48 
8 22 21 27 18 47 19 28 20 29 9 31 24 53 
AQUIIII!!53 31 27 47 11 18 20 21 9 19 22 28 24 51 29 48 
AQUIIII!!53 20 22 18 21 11 51 47 24 48 19 9 28 27 31 29 
AQUIIII!!53 23 24 48 15 10 25 11 31 9 51 27 50 13 22 47 
AQUIIII!!53 48 21 24 18 47 20 19 29 9 51 22 31 28 27 11 
AQUIIII!!53 13 9 10 16 11 31 25 50 15 27 14 23 37 22 17 
AQUIIII!!53 51 21 15 23 10 11 47 27 48 24 22 9 29 50 31 
AQUIIII!!53 25 9 17 37 50 31 23 11 16 27 15 14 22 10 13 
AQUIIII!!53 10 50 13 9 24 22 25 27 15 11 48 47 51 23 31 
AQUIIII!!53 20 31 8 27 48 4 38 18 24 19 51 47 28 21 29 
AQUIIII!!53 22 10 14 31 11 27 15 37 13 9 50 23 51 25 16 
Number of Cuts in the second phase:1714
Number of repeat: 1691 
Violation: 833.000000
Violation: 50.000000
Violation: 1000.000000
Violation: 51.000000
Violation: 185.000000
Violation: 191.000000
Violation: 276.000000
Violation: 500.000000
Violation: 245.000000
Violation: 250.000000
Violation: 1333.000000
Violation: 500.000000
Violation: 400.000000
Violation: 1105.000000
Violation: 51.000000
Violation: 250.000000
Violation: 633.000000
Violation: 1037.000000
Violation: 1.000000
Violation: 200.000000
Violation: 600.000000
Violation: 156.000000
Violation: 200.000000
took 5.082013
Optimize a model with 677 rows, 906 columns and 10493 nonzeros
Coefficient statistics:
  Matrix range     [1e+00, 4e+01]
  Objective range  [0e+00, 0e+00]
  Bounds range     [1e+00, 4e+01]
  RHS range        [1e+00, 1e+02]
Presolve removed 385 rows and 107 columns
Presolve time: 0.00s
Presolved: 292 rows, 799 columns, 8711 nonzeros

Iteration    Objective       Primal Inf.    Dual Inf.      Time
       0    0.0000000e+00   4.395544e+01   0.000000e+00      0s
     123    0.0000000e+00   0.000000e+00   0.000000e+00      0s

Solved in 123 iterations and 0.01 seconds
Optimal objective  0.000000000e+00
