j3017_4.mm_s3.txt
Academic license - for non-commercial use only
Read LP format model from file lp/j3017_4.mm.lp
Reading time = 0.01 seconds
: 351 rows, 906 columns, 9053 nonzeros
OKGPU
nThreads: 1024 , nBlocks: 12 
Number cuts generated in the phase 1: 8
Number of repeat: 2 
violation 750.000000
violation 500.000000
violation 404.000000
violation 71.000000
violation 380.000000
violation 800.000000
8592 16
AQUIIII!!48 22 44 46 13 32 20 10 43 9 11 23 AQUIIII!!17 AQUIIII!!48 7 48 7 19 11 13 18 8 32 
7 23 11 46 25 19 20 22 44 18 16 17 19 23 46 44 10 9 12 43 43 45 10 
32 25 
AQUIIII!!48 17 46 23 10 22 7 12 32 8 44 19 11 18 AQUIIII!!43 48 25 23 25 
16 7 14 43 13 46 10 45 9 44 27 20 11 
AQUIIII!!19 48 10 18 23 25 6 8 AQUIIII!!32 46 43 48 46 9 44 10 12 47 17 14 7 27 22 20 
16 23 7 11 21 13 15 45 
AQUIIII!!10 21 44 23 14 11 15 13 AQUIIII!!9 6 16 8 45 2 46 19 20 22 27 17 7 18 48 32 
12 4 3 25 28 43 44 1 
AQUIIII!!AQUIIII!!48 48 46 11 27 43 16 23 15 17 9 44 20 10 14 19 11 46 7 8 45 22 AQUIIII!!21 12 13 18 43 10 32 44 7 17 23 25 

32 6 23 25 19 22 12 44 18 8 7 10 48 46 
AQUIIII!!48 27 13 21 14 10 AQUIIII!!23 47 4 9 5 44 20 7 19 15 32 11 45 22 16 
46 12 28 17 7 8 6 25 43 18 AQUIIII!!48 48 
7 23 27 14 16 AQUIIII!!25 48 46 13 9 14 45 10 44 27 20 20 13 11 43 9 11 45 23 10 43 
25 7 16 AQUIIII!!44 48 46 32 
7 10 18 46 22 17 11 23 13 43 44 9 20 19 
AQUIIII!!46 48 13 11 7 44 45 27 10 16 25 43 23 14 9 20 
AQUIIII!!43 27 14 11 44 20 7 46 10 16 25 23 13 45 9 48 
AQUIIII!!25 8 10 22 7 46 44 43 17 19 18 12 11 AQUIIII!!23 32 48 48 46 
10 18 22 AQUIIII!!7 9 19 19 17 10 43 32 13 18 44 11 23 13 20 46 12 17 32 23 44 11 20 
43 7 22 48 
AQUIIII!!18 17 22 8 32 43 44 12 19 6 46 7 25 AQUIIII!!23 16 15 10 48 48 9 44 
23 21 7 13 45 27 14 46 20 11 10 
AQUIIII!!44 22 12 17 28 4 19 8 32 43 7 6 46 18 25 48 
AQUIIII!!48 17 44 7 12 22 32 18 19 13 20 23 11 43 46 AQUIIII!!10 48 
46 7 9 23 13 43 20 19 11 10 32 22 18 44 16 
AQUIIII!!10 7 23 11 15 21 20 27 13 5 9 47 14 45 16 48 
AQUIIII!!11 17 20 18 19 44 43 12 7 32 46 22 13 10 23 48 
AQUIIII!!48 46 27 7 23 20 14 13 44 45 16 43 9 25 11 10 
AQUIIII!!25 10 19 8 22 12 32 23 44 46 7 6 43 18 17 48 
AQUIIII!!19 22 18 43 AQUIIII!!12 48 13 8 AQUIIII!!18 11 44 43 7 32 43 46 44 23 6 32 10 17 22 20 46 12 7 11 10 19 18 23 17 44 12 17 23 22 25 48 
10 46 32 7 
8 25 48 AQUIIII!!19 25 
6 23 AQUIIII!!43 45 AQUIIII!!23 8 11 14 46 46 46 10 7 44 44 11 44 32 7 12 18 13 18 9 7 AQUIIII!!19 20 22 48 13 43 27 19 10 17 16 46 13 21 48 27 10 15 
10 21 20 15 45 22 20 48 32 11 
16 12 47 23 9 17 7 48 23 
14 
AQUIIII!!48 10 46 23 7 44 12 25 19 43 AQUIIII!!11 48 32 46 18 8 47 22 20 17 7 
15 16 10 9 23 27 14 AQUIIII!!21 48 13 20 11 19 45 46 
12 10 32 23 18 44 11 7 17 43 22 13 
AQUIIII!!46 48 43 16 19 20 AQUIIII!!22 48 23 10 11 16 10 45 32 5 7 9 21 13 23 44 11 18 7 
20 27 13 15 9 47 14 
AQUIIII!!48 43 AQUIIII!!46 18 4 6 17 43 12 19 25 44 22 4 44 12 6 17 8 8 7 32 32 7 19 22 18 AQUIIII!!28 28 48 25 23 
46 7 48 47 
14 45 16 27 11 9 13 5 20 15 21 10 
AQUIIII!!23 18 13 19 7 22 12 32 10 17 20 11 44 48 43 46 
AQUIIII!!12 32 7 17 8 25 4 6 46 43 19 22 28 18 44 48 
AQUIIII!!17 7 20 32 11 44 13 23 18 9 43 19 10 22 48 46 
AQUIIII!!13 20 11 AQUIIII!!44 48 10 43 17 13 20 22 11 AQUIIII!!18 45 23 44 7 7 25 32 32 43 23 12 25 46 16 46 9 10 23 46 32 10 43 19 12 
19 17 48 44 
11 8 18 7 22 19 48 
AQUIIII!!4 8 44 3 19 18 22 AQUIIII!!43 48 17 9 46 25 AQUIIII!!44 6 18 48 28 11 19 20 32 12 43 12 32 17 17 48 AQUIIII!!44 13 46 14 23 8 
19 44 25 AQUIIII!!7 9 18 48 10 11 12 22 16 
46 32 46 46 43 45 22 6 AQUIIII!!10 17 7 48 23 7 46 27 7 23 20 32 23 8 45 
11 19 16 25 43 14 22 21 10 10 15 20 44 23 13 18 13 25 43 27 
48 11 10 
47 7 9 
AQUIIII!!44 22 28 8 3 17 12 25 19 32 18 4 43 6 48 46 
AQUIIII!!22 11 17 23 10 43 18 7 46 44 20 32 19 12 13 48 
AQUIIII!!10 43 22 46 18 23 44 32 25 19 7 11 17 12 8 48 
AQUIIII!!48 27 21 10 5 13 47 9 15 11 16 14 7 20 23 45 
AQUIIII!!4 28 3 AQUIIII!!6 23 8 20 25 AQUIIII!!45 19 11 16 12 46 18 11 7 44 13 22 25 10 17 43 14 32 20 47 43 10 15 46 23 48 46 13 
9 44 21 16 27 45 AQUIIII!!7 9 46 48 27 43 14 20 
48 22 
10 9 19 23 7 13 18 32 11 16 44 48 
AQUIIII!!44 46 13 22 18 20 23 43 11 32 10 7 9 17 19 48 
AQUIIII!!48 32 18 43 28 8 19 44 17 4 46 7 6 22 25 12 
AQUIIII!!32 9 13 46 44 19 23 16 22 18 20 10 43 7 11 48 
AQUIIII!!48 11 32 44 13 9 46 22 23 43 17 18 7 19 10 20 
AQUIIII!!48 46 8 19 32 43 23 17 10 7 18 12 11 25 22 44 
AQUIIII!!23 11 10 17 13 32 18 AQUIIII!!48 43 32 7 7 46 22 43 22 4 20 19 44 6 8 9 18 19 28 46 48 25 
12 17 44 
AQUIIII!!14 20 10 16 AQUIIII!!23 48 13 20 45 25 7 44 14 7 11 9 23 27 10 46 45 43 11 13 48 21 
27 47 9 16 46 15 
AQUIIII!!6 43 46 12 17 8 7 18 4 32 44 22 AQUIIII!!19 9 28 43 25 23 48 18 
32 17 22 11 46 13 44 7 19 20 10 48 
AQUIIII!!48 19 32 17 44 22 46 AQUIIII!!7 48 9 10 7 20 44 23 18 23 11 19 13 43 11 
32 10 20 13 9 43 17 22 18 46 
AQUIIII!!6 10 7 32 43 23 18 12 17 8 25 44 46 22 48 19 
AQUIIII!!48 13 23 AQUIIII!!9 45 7 13 15 32 45 9 23 44 20 11 16 20 7 16 19 27 25 14 46 46 11 44 21 10 10 43 
48 
AQUIIII!!48 19 20 11 32 17 10 12 43 13 22 23 44 46 7 18 
AQUIIII!!7 32 10 9 43 11 18 20 22 16 13 23 44 19 48 46 AQUIIII!!
48 16 46 20 7 23 9 32 18 22 44 13 11 19 43 10 
AQUIIII!!48 13 14 27 10 45 20 23 7 16 9 15 21 47 46 11 
AQUIIII!!9 AQUIIII!!43 48 19 23 25 7 16 19 45 22 AQUIIII!!23 18 10 48 17 46 46 32 13 32 8 20 17 AQUIIII!!44 10 48 10 7 46 32 23 23 25 27 11 11 43 48 15 43 19 14 
44 8 11 12 16 
44 AQUIIII!!46 48 7 21 10 22 23 7 27 25 9 13 47 18 46 16 10 11 15 13 20 12 45 14 
45 20 7 
21 11 9 44 
AQUIIII!!22 23 25 43 12 AQUIIII!!8 7 46 23 18 20 7 19 22 17 13 32 19 44 44 10 10 11 46 48 17 
18 11 12 43 32 48 
AQUIIII!!48 23 27 45 20 13 7 9 21 14 46 15 47 10 11 16 
AQUIIII!!22 46 12 19 17 28 8 25 4 43 32 7 18 6 44 48 
AQUIIII!!48 25 12 7 8 17 22 32 6 46 28 44 43 18 19 4 
AQUIIII!!48 32 18 43 19 17 44 11 46 8 12 23 10 25 AQUIIII!!7 22 10 
AQUIIII!!45 48 16 46 43 19 25 27 22 23 4 11 17 9 18 12 20 28 25 43 7 8 32 13 6 44 44 14 7 46 
48 
AQUIIII!!48 23 11 13 21 16 5 45 47 14 9 10 27 20 7 15 
AQUIIII!!16 48 27 43 25 9 44 20 13 45 14 46 11 23 7 10 
AQUIIII!!23 7 18 19 11 20 32 10 17 43 12 22 44 13 46 48 
AQUIIII!!46 19 10 18 32 25 22 11 43 12 7 8 17 AQUIIII!!44 48 23 17 48 12 
8 10 22 44 43 32 25 19 6 23 46 18 7 
AQUIIII!!45 7 14 46 15 20 23 21 16 10 27 11 9 44 13 48 
AQUIIII!!48 46 32 19 43 13 10 7 17 22 9 20 23 44 11 18 
AQUIIII!!48 32 18 17 22 8 7 AQUIIII!!46 48 44 9 43 27 25 5 12 13 10 11 6 20 19 23 15 
10 16 45 14 47 7 23 21 
AQUIIII!!25 3 19 4 46 6 17 18 8 44 12 43 32 22 28 48 
AQUIIII!!AQUIIII!!7 7 23 23 20 9 47 9 10 45 14 13 13 17 16 21 11 15 32 11 27 20 5 18 10 48 44 
22 43 19 48 46 
AQUIIII!!48 8 46 11 25 19 17 23 7 43 22 18 10 12 32 44 
AQUIIII!!27 45 21 14 16 47 10 46 9 23 7 13 11 20 15 48 
AQUIIII!!20 43 13 22 18 11 32 12 17 44 23 AQUIIII!!19 14 46 21 7 9 10 13 48 
20 45 23 16 11 47 7 10 5 27 AQUIIII!!27 15 45 48 21 
14 16 47 10 46 9 23 7 13 11 20 15 48 
AQUIIII!!18 AQUIIII!!6 10 12 46 8 17 22 4 12 25 23 44 32 18 2 11 19 8 3 22 44 28 32 1 43 43 AQUIIII!!
17 48 46 25 7 7 44 19 18 19 48 22 
23 25 10 8 17 AQUIIII!!11 22 12 AQUIIII!!25 32 17 43 18 18 
32 22 17 25 6 28 4 6 8 1 28 19 19 32 7 12 46 8 43 4 3 12 44 44 48 43 
2 
AQUIIII!!44 43 48 4 18 25 8 19 28 22 17 46 6 7 12 32 
AQUIIII!!20 13 44 11 16 10 23 27 14 AQUIIII!!7 46 45 48 46 32 15 11 9 23 21 18 48 12 
19 22 10 43 20 7 44 13 AQUIIII!!17 19 
10 32 11 9 46 23 18 13 7 22 43 44 20 16 48 
AQUIIII!!48 16 46 44 10 18 32 13 22 11 7 9 23 20 43 19 
AQUIIII!!23 16 10 20 11 45 7 14 9 27 47 5 15 21 13 48 
AQUIIII!!48 32 10 19 AQUIIII!!17 27 7 25 15 44 13 8 45 12 16 18 47 6 14 46 5 22 10 43 7 23 23 
9 11 21 20 48 
AQUIIII!!48 32 25 44 7 17 8 46 6 22 28 12 4 43 19 18 
AQUIIII!!48 43 AQUIIII!!13 21 13 16 10 27 7 10 23 9 25 11 44 45 11 14 9 16 45 20 32 7 46 23 19 15 20 44 
48 46 
AQUIIII!!46 48 AQUIIII!!6 1 25 44 44 43 19 8 17 12 12 4 25 4 7 6 28 28 43 32 22 22 3 19 8 18 2 18 32 
17 
AQUIIII!!25 6 44 3 43 8 17 32 22 18 46 4 12 28 19 48 
AQUIIII!!48 43 AQUIIII!!22 48 25 19 23 7 44 18 19 32 32 23 46 12 12 11 43 46 25 7 22 18 17 8 11 8 10 44 17 10 

AQUIIII!!10 7 16 20 23 45 27 14 47 21 5 13 15 11 9 48 
AQUIIII!!16 45 14 46 21 10 13 47 15 AQUIIII!!20 46 9 48 7 43 23 12 25 27 6 11 17 48 32 8 
23 44 10 19 22 18 7 
AQUIIII!!46 48 9 7 43 13 32 20 16 AQUIIII!!10 48 11 20 44 23 25 7 13 45 27 23 11 19 46 
10 14 44 25 45 9 16 43 
AQUIIII!!47 16 10 21 27 9 14 15 11 23 5 13 20 45 7 48 
AQUIIII!!48 11 27 15 47 13 10 7 16 14 23 5 45 20 9 21 
AQUIIII!!20 46 43 23 13 10 22 9 11 19 7 16 44 32 18 48 
AQUIIII!!18 17 25 19 0 8 AQUIIII!!12 48 6 18 3 19 22 4 4 28 2 32 28 3 32 46 43 43 1 
6 17 22 8 12 AQUIIII!!25 17 44 44 13 
19 46 10 22 11 7 43 23 20 18 9 32 48 
AQUIIII!!48 46 11 10 21 23 9 13 7 27 45 47 14 15 20 16 
AQUIIII!!48 43 23 19 22 32 7 44 18 17 10 12 8 AQUIIII!!46 18 6 25 25 44 
19 32 12 11 8 17 22 23 7 43 10 46 48 
AQUIIII!!3 44 48 19 46 18 32 25 17 8 12 6 28 AQUIIII!!4 48 22 43 32 
22 46 17 13 11 9 23 18 20 7 10 43 19 44 
AQUIIII!!46 19 25 43 8 12 7 32 10 44 23 18 11 17 22 48 
AQUIIII!!13 27 44 16 14 20 11 21 7 23 45 10 9 46 48 15 
AQUIIII!!48 AQUIIII!!22 8 4 17 12 32 8 22 3 12 17 6 46 10 28 19 44 25 32 23 19 43 43 44 18 46 25 18 6 7 
48 
AQUIIII!!20 11 18 7 13 43 44 10 22 32 9 17 19 23 48 46 
AQUIIII!!AQUIIII!!7 46 20 AQUIIII!!48 48 15 46 32 9 7 12 10 22 23 14 32 7 16 13 44 44 20 11 11 27 10 21 25 13 45 22 AQUIIII!!18 11 9 17 3 23 19 19 28 16 23 10 46 12 44 22 48 43 18 
8 
43 19 8 18 
32 25 44 46 17 6 4 2 43 
AQUIIII!!13 23 46 7 43 10 32 25 19 11 9 44 20 AQUIIII!!7 16 43 45 8 48 10 19 
44 32 23 11 22 12 18 17 25 48 46 
AQUIIII!!7 10 12 43 23 25 44 46 32 22 17 18 8 11 19 48 
AQUIIII!!10 47 27 21 5 7 45 15 20 11 9 13 23 14 16 48 
AQUIIII!!48 25 19 23 44 7 32 11 20 46 43 13 16 9 45 10 
AQUIIII!!32 4 28 46 44 25 19 17 6 18 22 8 12 AQUIIII!!7 48 43 46 48 7 
27 44 45 16 11 25 AQUIIII!!13 2 9 43 18 14 19 20 32 43 28 22 10 12 23 3 
17 46 44 8 4 6 25 
AQUIIII!!20 12 22 7 43 11 23 32 13 44 17 10 46 18 48 19 
AQUIIII!!22 13 7 46 19 10 23 12 18 32 43 20 11 17 44 48 
AQUIIII!!12 28 8 3 4 18 44 32 19 43 17 6 25 AQUIIII!!22 20 46 19 48 44 
25 9 13 46 43 16 32 11 45 23 10 7 48 
AQUIIII!!11 43 44 22 23 17 25 32 7 8 12 19 10 18 46 48 
AQUIIII!!9 7 16 44 43 10 23 14 13 27 11 20 45 25 48 46 
AQUIIII!!48 11 46 13 15 23 45 21 10 16 14 20 27 9 44 7 
AQUIIII!!48 10 44 9 16 11 15 13 23 AQUIIII!!27 22 19 7 7 20 11 44 45 AQUIIII!!10 46 43 48 32 14 17 12 20 21 28 9 
18 43 23 8 13 46 32 48 25 
6 4 19 18 7 46 17 22 44 
AQUIIII!!7 11 25 44 18 32 10 17 22 43 19 23 12 8 46 48 
AQUIIII!!16 27 11 23 7 47 45 15 46 21 10 9 13 20 14 48 
AQUIIII!!44 6 17 3 22 19 32 8 18 4 12 25 46 28 43 2 
AQUIIII!!23 11 16 7 10 9 25 45 19 46 32 AQUIIII!!44 7 20 15 AQUIIII!!13 27 6 43 19 14 46 48 21 43 
10 11 17 20 8 9 25 23 23 7 44 22 16 18 13 44 32 45 12 10 48 48 
46 
AQUIIII!!48 46 32 22 19 11 16 9 23 44 10 43 18 20 13 7 
AQUIIII!!23 7 46 21 14 20 9 47 45 10 11 16 27 15 13 48 
AQUIIII!!11 27 7 10 9 16 44 23 14 45 25 43 13 20 46 48 
AQUIIII!!44 AQUIIII!!11 10 43 20 45 6 23 46 32 14 15 22 21 27 4 7 9 17 13 16 46 48 
12 28 18 8 25 19 3 48 44 
AQUIIII!!48 16 45 20 27 AQUIIII!!44 48 14 44 15 19 9 9 21 10 11 13 46 22 23 18 13 23 7 46 10 16 
7 32 20 43 11 
AQUIIII!!AQUIIII!!48 14 17 20 25 45 32 10 23 11 46 13 8 9 11 27 18 47 10 23 19 15 5 44 21 43 7 7 16 48 12 
22 AQUIIII!!
48 20 9 14 46 44 45 15 23 27 13 21 10 11 16 7 
AQUIIII!!46 48 20 19 18 13 7 9 22 16 23 10 32 11 44 43 
AQUIIII!!48 27 23 20 9 15 11 46 45 10 7 14 44 21 13 16 
AQUIIII!!46 48 17 7 43 22 19 25 12 8 23 32 44 18 10 6 
AQUIIII!!46 48 16 11 25 27 23 20 45 14 7 10 9 44 43 13 
AQUIIII!!48 11 44 10 AQUIIII!!16 12 45 17 46 28 15 22 20 6 8 7 46 13 43 21 25 9 44 27 19 23 32 14 4 3 
18 48 
AQUIIII!!19 48 18 43 32 4 17 46 12 25 6 28 44 22 8 3 
AQUIIII!!13 10 9 19 11 44 25 43 7 23 AQUIIII!!32 8 45 44 20 46 23 16 12 46 43 19 48 11 
10 17 32 18 7 25 22 48 
AQUIIII!!13 10 9 19 11 44 25 43 7 23 32 45 20 16 46 48 
Number of Cuts in the second phase:3434
Number of repeat: 3215 
Violation: 600.000000
Violation: 295.000000
Violation: 500.000000
Violation: 600.000000
Violation: 302.000000
Violation: 250.000000
Violation: 500.000000
Violation: 19.000000
Violation: 229.000000
Violation: 224.000000
Violation: 224.000000
Violation: 458.000000
Violation: 151.000000
Violation: 500.000000
Violation: 531.000000
Violation: 200.000000
Violation: 519.000000
Violation: 229.000000
Violation: 887.000000
Violation: 1000.000000
Violation: 1200.000000
Violation: 500.000000
Violation: 500.000000
Violation: 487.000000
Violation: 687.000000
Violation: 600.000000
Violation: 71.000000
Violation: 200.000000
Violation: 1200.000000
Violation: 747.000000
Violation: 250.000000
Violation: 700.000000
Violation: 489.000000
Violation: 531.000000
Violation: 250.000000
Violation: 109.000000
Violation: 500.000000
Violation: 400.000000
Violation: 109.000000
Violation: 200.000000
Violation: 206.000000
Violation: 682.000000
Violation: 500.000000
Violation: 250.000000
Violation: 150.000000
Violation: 500.000000
Violation: 400.000000
Violation: 600.000000
Violation: 500.000000
Violation: 500.000000
Violation: 573.000000
Violation: 200.000000
Violation: 59.000000
Violation: 708.000000
Violation: 200.000000
Violation: 500.000000
Violation: 1000.000000
Violation: 200.000000
Violation: 600.000000
Violation: 228.000000
Violation: 400.000000
Violation: 109.000000
Violation: 600.000000
Violation: 200.000000
Violation: 200.000000
Violation: 1250.000000
Violation: 216.000000
Violation: 500.000000
Violation: 400.000000
Violation: 412.000000
Violation: 573.000000
Violation: 151.000000
Violation: 1000.000000
Violation: 600.000000
Violation: 998.000000
Violation: 600.000000
Violation: 309.000000
Violation: 1000.000000
Violation: 599.000000
Violation: 250.000000
Violation: 500.000000
Violation: 1000.000000
Violation: 1200.000000
Violation: 1000.000000
Violation: 1198.000000
Violation: 453.000000
Violation: 151.000000
Violation: 1200.000000
Violation: 500.000000
Violation: 400.000000
Violation: 1000.000000
Violation: 218.000000
Violation: 887.000000
Violation: 1000.000000
Violation: 200.000000
Violation: 314.000000
Violation: 513.000000
Violation: 49.000000
Violation: 200.000000
Violation: 800.000000
Violation: 500.000000
Violation: 299.000000
Violation: 229.000000
Violation: 500.000000
Violation: 498.000000
Violation: 750.000000
Violation: 400.000000
Violation: 456.000000
Violation: 1000.000000
Violation: 700.000000
Violation: 418.000000
Violation: 250.000000
Violation: 199.000000
Violation: 250.000000
Violation: 751.000000
Violation: 522.000000
Violation: 599.000000
Violation: 400.000000
Violation: 150.000000
Violation: 198.000000
Violation: 200.000000
Violation: 1042.000000
Violation: 200.000000
Violation: 598.000000
Violation: 800.000000
Violation: 199.000000
Violation: 500.000000
Violation: 500.000000
Violation: 500.000000
Violation: 180.000000
Violation: 50.000000
Violation: 228.000000
Violation: 100.000000
Violation: 500.000000
Violation: 600.000000
Violation: 414.000000
Violation: 500.000000
Violation: 1200.000000
Violation: 73.000000
Violation: 224.000000
Violation: 100.000000
Violation: 200.000000
Violation: 600.000000
Violation: 273.000000
Violation: 600.000000
Violation: 30.000000
Violation: 599.000000
Violation: 250.000000
Violation: 500.000000
Violation: 199.000000
Violation: 500.000000
Violation: 200.000000
Violation: 600.000000
Violation: 224.000000
Violation: 200.000000
Violation: 287.000000
Violation: 1273.000000
Violation: 586.000000
Violation: 513.000000
Violation: 200.000000
Violation: 100.000000
Violation: 458.000000
Violation: 402.000000
Violation: 750.000000
Violation: 198.000000
Violation: 218.000000
Violation: 479.000000
Violation: 522.000000
Violation: 1500.000000
Violation: 500.000000
Violation: 1100.000000
Violation: 600.000000
Violation: 273.000000
Violation: 675.000000
Violation: 500.000000
Violation: 119.000000
Violation: 119.000000
Violation: 71.000000
Violation: 1000.000000
Violation: 750.000000
Violation: 323.000000
Violation: 250.000000
Violation: 205.000000
Violation: 199.000000
Violation: 398.000000
Violation: 44.000000
Violation: 500.000000
Violation: 200.000000
Violation: 750.000000
Violation: 200.000000
Violation: 1200.000000
Violation: 200.000000
Violation: 302.000000
Violation: 400.000000
Violation: 609.000000
Violation: 100.000000
Violation: 198.000000
Violation: 656.000000
Violation: 109.000000
Violation: 200.000000
Violation: 71.000000
Violation: 500.000000
Violation: 250.000000
Violation: 529.000000
Violation: 418.000000
Violation: 250.000000
Violation: 750.000000
Violation: 100.000000
Violation: 263.000000
Violation: 109.000000
Violation: 73.000000
Violation: 1250.000000
Violation: 400.000000
Violation: 198.000000
Violation: 229.000000
Violation: 199.000000
Violation: 521.000000
Violation: 379.000000
Violation: 750.000000
5400 16
AQUIIII!!48 18 23 22 9 32 43 44 19 20 10 46 7 13 17 11 
AQUIIII!!AQUIIII!!48 46 46 7 48 6 9 10 44 17 25 44 23 7 18 20 43 23 19 13 32 14 12 11 22 8 16 25 45 
10 43 27 
AQUIIII!!46 48 20 11 14 43 44 13 25 45 7 27 9 16 10 23 
AQUIIII!!12 28 25 6 18 8 17 43 22 3 32 44 48 19 4 46 
AQUIIII!!32 18 12 AQUIIII!!44 8 19 19 46 23 13 AQUIIII!!10 7 7 22 43 18 32 23 11 9 22 17 10 10 44 7 11 25 20 23 12 17 16 32 48 43 46 
22 18 43 19 48 44 
11 20 13 AQUIIII!!46 44 48 7 
10 43 18 8 22 11 19 23 25 46 17 12 32 48 
AQUIIII!!48 13 47 21 10 9 16 27 5 20 AQUIIII!!45 48 15 43 23 7 11 17 14 12 7 46 
32 20 11 19 18 13 23 44 22 10 
AQUIIII!!48 43 32 6 10 44 22 19 25 23 12 17 7 46 8 18 
AQUIIII!!19 46 48 7 12 18 44 17 6 22 32 25 23 10 8 43 
AQUIIII!!17 18 28 12 44 6 22 32 3 8 4 25 43 48 46 19 
AQUIIII!!48 20 10 11 46 9 23 21 15 44 45 27 13 7 16 14 
AQUIIII!!9 27 13 10 23 11 21 16 20 7 14 15 45 47 48 46 
AQUIIII!!23 44 27 43 10 7 13 25 16 45 11 14 20 9 46 48 
AQUIIII!!23 9 21 15 10 14 13 27 5 45 11 7 47 16 AQUIIII!!20 48 48 32 
13 23 10 16 11 25 44 46 45 19 43 7 9 20 
AQUIIII!!48 43 32 18 28 17 25 4 8 6 12 22 7 44 46 19 
AQUIIII!!48 44 7 43 10 25 19 12 23 8 17 32 46 22 6 18 AQUIIII!!
46 48 44 28 43 6 AQUIIII!!8 19 19 22 48 25 44 32 32 18 23 4 22 3 11 17 7 12 10 
18 13 17 46 20 43 9 
AQUIIII!!48 46 45 23 13 7 9 43 10 11 AQUIIII!!14 16 44 48 16 11 27 9 20 32 25 13 
19 44 43 18 7 20 23 10 46 22 
AQUIIII!!48 19 20 22 10 11 43 32 17 44 18 46 23 9 7 13 
AQUIIII!!48 46 18 32 19 23 22 17 8 43 25 11 10 44 12 7 
AQUIIII!!15 20 7 10 27 21 16 13 14 11 23 45 46 9 47 48 
AQUIIII!!22 6 8 19 7 18 AQUIIII!!46 3 23 18 43 AQUIIII!!43 10 44 25 32 19 28 44 17 17 12 10 22 17 32 19 25 46 4 48 8 44 
7 32 43 12 18 8 22 46 25 6 12 48 
23 6 48 
AQUIIII!!48 46 44 23 13 19 18 7 16 32 43 9 11 22 20 10 
AQUIIII!!16 48 10 11 23 25 46 19 7 43 45 13 44 9 20 32 
AQUIIII!!9 11 27 23 7 14 13 20 45 10 25 46 16 48 43 44 
AQUIIII!!10 14 46 11 47 13 23 16 7 9 20 21 27 45 15 48 
AQUIIII!!19 48 43 22 9 7 13 11 16 32 44 46 18 10 20 23 
AQUIIII!!10 11 18 44 16 9 7 13 19 23 32 43 20 22 48 46 
AQUIIII!!17 46 43 23 22 7 10 13 44 18 20 32 11 9 19 AQUIIII!!48 7 
45 10 32 43 23 46 25 11 20 44 9 AQUIIII!!AQUIIII!!13 32 48 16 18 10 19 19 25 AQUIIII!!48 28 23 13 
32 9 9 46 44 7 8 11 14 17 13 15 22 43 23 7 45 21 12 27 7 6 46 19 43 20 44 4 11 16 25 20 46 44 
48 10 
45 48 16 
AQUIIII!!43 1 2 25 12 0 8 19 17 22 28 4 32 3 18 6 
AQUIIII!!7 27 45 44 11 13 14 23 25 10 9 46 20 16 43 48 
AQUIIII!!48 7 10 19 11 18 46 43 32 23 25 17 44 22 8 12 
AQUIIII!!48 15 7 14 23 10 20 27 11 47 5 13 45 16 21 9 
AQUIIII!!48 7 16 46 11 9 AQUIIII!!13 48 47 20 23 19 46 18 16 43 21 44 15 23 10 10 14 22 27 32 11 
20 13 9 45 7 
AQUIIII!!3 12 1 4 18 6 22 17 25 8 44 28 32 2 43 19 
AQUIIII!!48 13 11 19 23 43 45 7 25 44 9 10 16 46 32 20 
AQUIIII!!48 46 18 10 32 43 23 12 25 17 44 8 6 19 22 7 
AQUIIII!!14 11 21 45 10 16 15 20 23 5 9 7 47 27 13 48 
AQUIIII!!11 19 9 10 46 20 43 32 22 16 23 18 7 13 44 48 
AQUIIII!!46 16 9 27 45 14 13 20 23 11 10 44 21 15 7 48 
AQUIIII!!21 47 5 11 20 14 13 16 7 27 10 9 15 23 45 48 
AQUIIII!!48 46 11 43 44 13 16 10 25 27 20 45 23 9 14 7 
AQUIIII!!9 23 11 18 7 AQUIIII!!20 13 17 17 23 32 25 AQUIIII!!43 48 7 22 9 43 44 45 19 10 44 46 48 7 18 19 19 10 46 10 
8 25 12 16 32 23 44 32 22 11 11 46 48 13 AQUIIII!!
48 20 12 43 32 
17 23 22 44 10 19 43 18 7 8 25 46 11 
AQUIIII!!48 11 20 10 16 AQUIIII!!9 43 23 2 46 22 14 46 25 18 27 28 44 4 7 3 43 25 13 19 45 17 
8 32 12 44 6 
AQUIIII!!12 32 46 23 17 44 19 8 6 10 AQUIIII!!25 48 18 46 43 21 7 27 22 13 48 23 
45 47 16 20 14 15 9 10 11 7 
AQUIIII!!48 15 14 7 10 20 27 16 11 13 9 47 46 23 45 21 
AQUIIII!!15 10 20 47 5 14 45 16 7 21 23 27 11 9 13 48 
AQUIIII!!48 43 11 7 10 27 9 44 20 14 45 46 25 23 13 16 
AQUIIII!!32 12 22 6 7 19 46 23 43 18 8 44 25 17 10 48 
AQUIIII!!18 7 8 46 6 25 23 32 44 43 22 10 12 19 17 48 
AQUIIII!!23 22 11 17 32 7 9 44 AQUIIII!!46 48 20 7 10 46 43 13 22 18 4 19 18 48 6 
43 44 25 8 32 19 28 17 12 
AQUIIII!!48 45 15 9 11 21 16 10 5 14 13 47 27 7 AQUIIII!!23 48 20 17 
9 23 10 46 11 13 32 19 44 7 43 20 22 18 
AQUIIII!!6 19 44 17 22 25 32 46 8 18 3 43 12 28 4 48 
AQUIIII!!13 11 23 44 22 18 AQUIIII!!10 44 43 17 11 12 10 20 13 7 16 32 7 19 22 48 23 46 19 
20 43 46 32 9 18 48 
AQUIIII!!25 43 44 6 7 4 28 32 8 18 22 12 19 46 17 48 
AQUIIII!!48 8 28 22 12 44 32 46 17 4 19 25 43 3 6 18 
AQUIIII!!21 23 11 7 9 14 27 46 20 10 45 13 15 47 48 16 
AQUIIII!!17 43 10 7 13 20 11 32 46 18 44 9 22 23 19 48 
AQUIIII!!48 11 27 45 7 46 9 21 14 10 13 15 20 23 44 16 
AQUIIII!!48 25 22 46 44 12 19 10 7 18 6 17 8 43 23 32 
AQUIIII!!48 32 19 7 43 10 18 25 11 23 8 17 46 AQUIIII!!12 48 22 44 44 20 
21 15 23 7 11 9 14 46 13 45 16 27 10 
AQUIIII!!48 9 16 25 44 43 45 32 46 13 19 23 7 11 10 20 
AQUIIII!!48 23 17 22 11 32 12 43 46 19 8 7 44 25 10 18 
AQUIIII!!48 21 16 13 44 10 45 46 15 9 11 14 27 20 7 23 
AQUIIII!!18 8 25 44 19 17 32 12 43 22 46 AQUIIII!!4 18 28 17 6 19 7 25 48 11 
32 43 7 22 10 44 12 8 46 23 48 
AQUIIII!!48 11 12 43 17 44 32 23 7 18 10 20 22 46 13 19 
AQUIIII!!23 22 19 17 AQUIIII!!7 48 18 44 10 32 12 25 6 12 44 18 43 8 32 22 8 43 25 28 46 4 48 17 
19 7 46 6 
AQUIIII!!44 2 43 4 AQUIIII!!25 23 3 28 12 12 8 17 44 6 19 6 22 10 8 19 46 18 18 32 46 
7 22 32 17 25 43 48 
AQUIIII!!48 32 43 10 12 23 13 18 46 22 7 44 17 20 19 11 
AQUIIII!!48 44 32 19 17 43 8 10 25 23 7 18 6 46 12 22 
AQUIIII!!18 17 22 7 12 32 13 23 11 46 19 10 20 43 44 48 
AQUIIII!!19 48 25 12 17 4 18 6 28 44 3 43 46 8 22 32 
AQUIIII!!46 48 25 10 20 44 16 13 9 43 23 45 7 11 19 32 
AQUIIII!!17 22 19 8 32 25 46 3 28 6 12 18 43 4 44 2 
AQUIIII!!48 32 45 20 25 13 9 44 11 7 46 10 23 19 16 43 
AQUIIII!!48 7 11 10 21 27 13 9 23 46 16 44 20 14 45 15 
AQUIIII!!25 10 9 14 43 27 44 11 16 23 45 13 7 20 46 48 
AQUIIII!!25 12 17 43 22 32 44 18 46 23 10 8 19 11 7 48 
AQUIIII!!48 32 23 9 13 20 43 11 44 25 45 16 19 7 46 10 
AQUIIII!!23 11 46 43 10 16 9 32 22 18 44 20 7 13 19 48 
AQUIIII!!8 25 28 18 6 3 19 12 17 22 2 4 32 44 43 1 
AQUIIII!!46 48 20 22 9 19 23 10 43 32 7 44 11 13 16 18 
AQUIIII!!32 46 18 22 7 43 28 44 6 19 4 25 12 8 17 48 
AQUIIII!!1 3 43 44 32 28 25 2 19 18 4 8 12 6 17 22 
AQUIIII!!48 23 13 11 46 45 44 10 20 19 25 43 16 32 9 7 
AQUIIII!!43 19 20 22 16 13 7 11 23 18 44 10 9 32 46 AQUIIII!!48 9 
46 23 20 11 47 21 7 10 15 16 13 45 27 14 48 
AQUIIII!!48 15 14 20 10 11 45 16 47 9 13 23 7 27 46 21 
AQUIIII!!44 18 46 7 32 23 19 20 16 11 9 22 43 10 13 48 
AQUIIII!!48 32 7 20 9 23 22 13 43 16 11 44 18 46 19 10 
AQUIIII!!9 13 15 16 45 27 10 44 14 23 11 7 20 21 48 46 
AQUIIII!!10 7 22 32 13 43 19 46 9 20 44 18 11 23 17 48 
AQUIIII!!48 45 9 20 15 27 13 23 16 14 21 10 7 47 11 46 
AQUIIII!!46 19 48 43 13 7 20 18 11 10 16 44 32 23 22 9 
AQUIIII!!44 23 10 43 22 7 19 18 17 32 13 11 12 46 20 48 
AQUIIII!!12 18 13 10 17 22 46 43 44 23 32 19 7 11 20 48 
AQUIIII!!48 27 23 15 14 11 9 47 20 21 46 45 13 7 16 10 
Number of Cuts in the second phase:2207
Number of repeat: 2162 
Violation: 128.000000
Violation: 109.000000
Violation: 800.000000
Violation: 50.000000
Violation: 1198.000000
Violation: 600.000000
Violation: 200.000000
Violation: 829.000000
Violation: 151.000000
Violation: 1200.000000
Violation: 398.000000
Violation: 1200.000000
Violation: 206.000000
Violation: 500.000000
Violation: 500.000000
Violation: 511.000000
Violation: 200.000000
Violation: 248.000000
Violation: 1284.000000
Violation: 100.000000
Violation: 100.000000
Violation: 1050.000000
Violation: 250.000000
Violation: 700.000000
Violation: 198.000000
Violation: 302.000000
Violation: 269.000000
Violation: 1000.000000
Violation: 500.000000
Violation: 250.000000
Violation: 228.000000
Violation: 599.000000
Violation: 400.000000
Violation: 400.000000
Violation: 489.000000
Violation: 709.000000
Violation: 500.000000
Violation: 1250.000000
Violation: 600.000000
Violation: 628.000000
Violation: 400.000000
Violation: 1000.000000
Violation: 84.000000
Violation: 658.000000
Violation: 750.000000
took 3.927958
Optimize a model with 628 rows, 906 columns and 10186 nonzeros
Coefficient statistics:
  Matrix range     [1e+00, 4e+01]
  Objective range  [0e+00, 0e+00]
  Bounds range     [1e+00, 4e+01]
  RHS range        [1e+00, 1e+02]
Presolve removed 389 rows and 109 columns
Presolve time: 0.00s
Presolved: 239 rows, 797 columns, 8448 nonzeros

Iteration    Objective       Primal Inf.    Dual Inf.      Time
       0    0.0000000e+00   4.408044e+01   0.000000e+00      0s
     130    0.0000000e+00   0.000000e+00   0.000000e+00      0s

Solved in 130 iterations and 0.01 seconds
Optimal objective  0.000000000e+00
