A-4.txt_s2.txt
Academic license - for non-commercial use only
Read LP format model from file lp/A-4.txt.lp
Reading time = 0.05 seconds
: 961 rows, 10797 columns, 131727 nonzeros
OKGPU
nThreads: 1024 , nBlocks: 12 
Number cuts generated in the phase 1: 12
Number of repeat: 1 
violation 263.000000
violation 199.000000
violation 174.000000
violation 174.000000
violation 104.000000
violation 45.000000
violation 336.000000
violation 308.000000
violation 773.000000
violation 50.000000
violation 559.000000
8592 16
AQUIIII!!142 134 87 86 7 19 100 139 88 6 AQUIIII!!21 142 135 29 29 21 139 20 86 64 89 19 89 87 
6 100 20 64 134 5 18 88 
AQUIIII!!142 78 19 18 144 96 55 88 29 64 5 134 20 21 86 139 
AQUIIII!!142 21 88 135 6 75 61 86 134 136 7 8 64 139 29 89 
AQUIIII!!6 135 142 134 139 88 19 29 64 20 100 89 21 87 7 86 
AQUIIII!!29 18 144 20 19 88 55 134 86 64 139 78 96 5 21 142 
AQUIIII!!6 134 137 120 7 9 89 139 135 61 64 136 114 8 75 142 
AQUIIII!!75 64 139 134 88 61 135 8 6 29 7 AQUIIII!!86 89 21 137 86 89 139 136 7 142 100 
88 134 18 20 87 64 19 29 6 142 
AQUIIII!!88 87 7 20 135 29 19 21 139 64 134 86 89 6 100 142 
AQUIIII!!64 5 20 21 AQUIIII!!6 88 114 89 89 61 86 9 139 64 75 18 135 6 136 134 137 7 29 134 100 8 AQUIIII!!19 120 139 6 87 142 86 142 
61 
64 8 AQUIIII!!75 7 135 135 119 136 137 AQUIIII!!89 89 0 142 137 75 88 7 10 19 6 29 20 120 139 7 136 89 88 61 139 8 134 9 134 114 142 86 142 
21 
6 29 87 64 100 135 
AQUIIII!!64 89 86 8 88 139 75 135 137 6 134 7 AQUIIII!!142 136 21 61 100 29 6 139 142 18 
86 5 89 88 20 29 64 87 134 19 
AQUIIII!!AQUIIII!!137 135 6 89 29 134 21 64 87 7 86 61 88 8 20 86 18 29 88 19 6 64 AQUIIII!!136 100 19 75 AQUIIII!!7 89 6 139 29 134 5 142 88 7 
21 139 19 139 21 89 142 134 AQUIIII!!139 142 
86 18 100 100 29 64 6 87 29 7 6 100 86 89 89 134 64 88 20 20 88 87 64 135 20 135 87 86 142 19 134 142 
139 
21 
AQUIIII!!142 18 AQUIIII!!5 88 134 21 139 55 134 AQUIIII!!78 88 134 135 AQUIIII!!29 7 29 139 19 20 6 6 20 6 21 139 86 AQUIIII!!21 64 144 8 64 87 96 75 134 136 64 64 19 7 86 136 86 89 
61 29 86 135 120 18 87 29 20 100 64 89 100 142 88 
61 75 89 139 89 7 136 142 7 21 
135 88 AQUIIII!!142 9 142 
7 6 89 114 120 137 75 8 64 135 139 9 10 134 61 142 137 
8 139 114 136 6 
AQUIIII!!139 96 144 21 78 19 5 AQUIIII!!55 135 64 7 AQUIIII!!136 29 134 AQUIIII!!75 18 135 64 120 135 9 21 134 21 114 8 29 137 88 7 134 89 20 86 64 89 AQUIIII!!86 88 6 75 AQUIIII!!61 6 AQUIIII!!135 142 61 0 139 
61 134 6 6 134 7 64 AQUIIII!!AQUIIII!!20 8 89 61 89 136 142 142 136 86 86 86 86 
8 61 136 87 21 75 139 88 114 75 144 88 29 135 7 139 29 64 88 100 136 142 AQUIIII!!137 7 139 6 21 7 
139 136 89 142 18 137 139 7 AQUIIII!!61 119 5 
134 6 135 89 137 96 9 114 8 89 75 134 8 20 8 75 136 134 8 139 88 89 10 7 139 29 89 19 136 75 135 75 6 78 AQUIIII!!9 64 64 120 142 120 29 64 64 61 136 6 8 142 6 55 134 7 89 142 64 
61 134 29 
142 21 
20 88 142 86 
29 86 
136 6 21 137 7 135 29 134 142 139 88 
88 139 135 135 64 142 86 
100 87 
AQUIIII!!142 6 8 89 86 61 64 75 AQUIIII!!29 88 AQUIIII!!88 29 134 134 96 114 137 86 61 139 5 120 136 64 6 7 18 135 64 55 
7 21 8 144 89 19 135 78 75 20 139 134 139 137 136 142 9 
142 
AQUIIII!!142 139 64 AQUIIII!!75 137 142 136 10 89 6 114 120 61 137 6 89 135 61 8 9 9 75 7 114 120 135 10 7 
8 0 119 136 
AQUIIII!!21 142 87 139 86 5 100 88 29 89 6 134 18 19 20 64 
AQUIIII!!18 88 6 87 86 89 134 139 100 7 20 19 64 29 21 142 
AQUIIII!!139 137 89 6 114 64 9 61 8 120 75 135 10 136 7 142 
AQUIIII!!8 6 75 10 120 137 9 89 61 114 7 135 119 136 0 142 
AQUIIII!!134 136 86 8 64 137 88 139 29 89 61 6 135 75 7 142 
AQUIIII!!142 89 61 7 75 135 8 9 AQUIIII!!6 64 134 114 139 137 120 100 10 139 29 136 
64 7 21 6 89 19 87 135 20 88 86 142 
AQUIIII!!75 120 10 114 7 135 136 64 61 89 AQUIIII!!9 142 8 7 137 21 139 86 6 64 142 88 
19 AQUIIII!!134 136 6 134 139 137 135 29 86 89 139 20 89 87 6 100 8 18 75 
7 61 64 88 29 142 
AQUIIII!!29 6 61 75 88 137 136 AQUIIII!!89 8 86 137 64 75 135 136 134 135 139 139 7 89 8 61 142 86 
88 6 134 7 64 29 142 
AQUIIII!!142 64 135 120 89 114 137 9 139 75 6 61 7 8 134 136 
AQUIIII!!136 139 135 114 7 61 10 64 8 75 137 6 89 120 9 142 
AQUIIII!!86 7 88 21 139 6 135 89 8 134 61 29 136 75 64 142 
AQUIIII!!142 144 AQUIIII!!86 142 5 61 78 29 88 88 75 20 AQUIIII!!19 8 142 96 61 136 21 75 134 18 119 7 64 114 139 55 8 137 134 135 29 89 64 139 135 10 
86 9 137 89 7 6 
136 6 120 0 
AQUIIII!!AQUIIII!!114 139 120 89 9 21 7 135 88 75 20 86 137 139 64 6 87 136 29 8 19 61 6 89 134 64 100 AQUIIII!!134 AQUIIII!!142 20 135 139 
19 7 6 134 142 18 78 21 
29 139 100 88 64 86 19 89 18 87 55 134 96 88 21 7 144 86 142 29 
20 5 64 142 
AQUIIII!!AQUIIII!!142 61 142 7 87 134 7 120 21 75 86 137 6 89 89 AQUIIII!!139 20 9 142 139 AQUIIII!!136 120 29 142 114 137 134 8 19 75 64 135 88 64 7 64 64 114 87 6 100 135 20 
18 139 7 19 29 136 
100 61 135 8 86 89 21 89 6 88 9 6 139 134 10 

AQUIIII!!142 144 86 5 78 88 20 19 96 21 18 64 55 134 29 139 
AQUIIII!!142 88 29 100 86 89 64 20 139 6 21 134 19 7 87 18 
AQUIIII!!142 88 6 87 19 64 135 7 29 89 139 86 20 134 21 100 
AQUIIII!!139 75 64 8 10 135 89 137 7 61 9 120 6 136 114 142 
AQUIIII!!135 88 139 100 87 29 64 134 6 21 86 20 7 136 89 142 
AQUIIII!!88 20 134 55 78 18 64 86 21 5 96 139 29 144 19 142 
AQUIIII!!142 7 20 89 19 86 87 64 135 6 100 29 88 21 139 134 
AQUIIII!!55 88 86 19 64 134 29 144 21 96 18 5 AQUIIII!!139 142 20 134 78 29 142 19 
86 87 6 100 139 AQUIIII!!5 142 89 137 18 75 135 88 64 21 8 7 20 61 64 139 134 
6 89 114 136 9 120 
AQUIIII!!8 89 29 86 134 137 139 6 135 136 7 61 64 88 75 142 
AQUIIII!!AQUIIII!!89 142 6 89 136 19 86 139 139 6 86 29 20 7 134 64 18 75 5 134 21 87 88 29 8 100 61 88 135 64 
137 142 
AQUIIII!!6 21 139 88 134 75 89 8 64 86 AQUIIII!!7 64 136 139 29 75 135 135 61 142 89 
137 136 6 7 88 134 8 86 61 29 142 
AQUIIII!!135 AQUIIII!!88 64 6 86 89 134 136 19 7 20 AQUIIII!!100 88 86 21 21 64 20 6 61 139 7 139 64 18 75 29 100 8 86 87 135 87 29 89 134 139 134 89 142 6 
142 29 
136 7 88 21 142 
AQUIIII!!142 139 134 114 9 AQUIIII!!75 136 64 137 135 75 6 120 89 9 120 10 61 61 137 7 136 89 AQUIIII!!7 8 86 8 114 64 
6 61 135 139 64 75 8 139 135 142 89 
134 6 29 136 7 88 21 142 
AQUIIII!!88 134 87 19 86 64 18 5 89 21 20 29 6 139 100 142 
AQUIIII!!142 100 29 135 7 6 64 21 89 19 87 86 134 20 139 88 
AQUIIII!!142 21 88 135 6 75 61 86 134 136 7 8 64 139 29 89 
AQUIIII!!10 75 114 136 8 61 135 9 137 120 89 139 64 6 7 142 
AQUIIII!!20 18 139 78 29 21 64 55 19 5 134 88 144 86 96 142 
AQUIIII!!AQUIIII!!134 142 7 6 86 21 100 135 89 8 6 29 135 64 29 88 20 136 139 89 136 86 139 87 61 64 75 134 7 88 137 
142 
AQUIIII!!89 8 88 136 64 134 139 135 29 86 75 7 137 61 6 142 
AQUIIII!!142 89 100 136 29 64 21 87 135 139 6 134 7 20 86 88 
AQUIIII!!142 7 86 136 6 61 21 29 8 134 139 75 64 89 135 88 
AQUIIII!!7 87 139 18 29 100 6 134 64 88 86 20 89 21 19 142 
AQUIIII!!142 19 20 29 18 139 87 21 86 64 89 6 5 88 134 100 
AQUIIII!!88 86 55 134 18 19 20 21 29 64 139 78 96 144 5 142 
AQUIIII!!142 20 100 89 88 86 21 18 5 6 134 87 19 139 64 29 
AQUIIII!!142 64 139 21 19 88 5 29 78 134 144 18 86 55 20 96 
AQUIIII!!18 19 96 20 139 78 86 21 88 134 5 55 29 144 64 142 
AQUIIII!!6 137 134 75 136 88 61 86 64 89 8 139 135 29 7 142 
AQUIIII!!142 5 20 86 19 144 88 55 96 64 18 29 78 21 134 139 
AQUIIII!!88 139 100 7 21 86 136 135 87 134 6 64 89 20 29 142 
AQUIIII!!20 6 100 64 87 134 88 21 19 86 18 7 89 139 29 142 
AQUIIII!!142 AQUIIII!!86 142 134 100 20 136 139 7 29 64 88 134 135 86 87 7 AQUIIII!!139 100 136 21 88 139 89 20 89 89 29 137 87 64 6 6 
6 21 7 64 75 135 61 136 8 
134 120 9 135 114 142 
AQUIIII!!120 75 7 114 9 64 61 135 139 6 10 137 136 89 8 142 
AQUIIII!!142 29 6 136 7 61 75 AQUIIII!!AQUIIII!!89 142 139 100 8 136 86 64 88 20 86 61 134 139 86 6 21 64 87 134 135 89 7 88 21 7 135 137 19 
29 64 139 29 88 75 135 6 142 89 
8 134 
AQUIIII!!64 29 61 136 135 86 88 75 137 134 8 6 139 89 7 142 
AQUIIII!!142 114 9 6 120 75 89 136 8 10 7 64 135 137 61 139 
AQUIIII!!142 6 139 134 135 86 29 20 88 64 100 7 87 21 19 89 
AQUIIII!!7 88 135 86 64 136 61 8 21 139 29 89 6 75 134 142 
AQUIIII!!136 64 139 88 29 137 134 7 6 89 75 135 8 61 86 142 
AQUIIII!!142 134 75 6 89 9 120 139 8 61 7 135 136 64 137 114 
AQUIIII!!142 78 55 139 29 19 88 96 20 64 21 86 134 144 18 5 
AQUIIII!!139 9 8 137 7 135 75 136 114 120 61 10 64 89 6 142 
AQUIIII!!142 29 21 139 20 135 134 64 100 87 89 6 88 19 86 7 
AQUIIII!!142 86 5 20 139 78 21 64 19 29 55 144 88 134 96 18 
AQUIIII!!100 20 29 89 86 139 19 64 18 5 6 88 87 134 21 142 
AQUIIII!!142 64 136 135 139 75 7 61 89 137 114 120 9 10 8 6 
AQUIIII!!142 120 9 136 139 137 89 114 10 6 8 61 7 75 64 135 
AQUIIII!!134 88 19 21 20 29 86 7 AQUIIII!!89 142 139 136 135 75 6 29 64 139 100 86 87 6 142 137 
134 89 88 64 7 61 8 135 
AQUIIII!!142 139 7 20 134 87 64 18 86 6 21 88 100 19 89 29 
AQUIIII!!64 75 89 10 114 61 9 137 135 6 136 139 8 120 7 142 
AQUIIII!!142 64 61 114 135 9 8 137 136 6 120 139 75 89 134 7 
AQUIIII!!142 8 86 6 61 135 89 29 88 136 139 21 75 64 134 7 
AQUIIII!!135 29 86 8 134 75 7 139 136 6 61 88 64 137 89 142 
AQUIIII!!142 64 18 87 88 29 6 134 86 89 7 19 100 21 139 20 
AQUIIII!!144 64 78 18 134 19 21 139 29 55 20 86 88 96 5 142 
AQUIIII!!142 139 134 87 7 6 86 19 89 100 18 21 64 20 88 29 
AQUIIII!!134 7 89 8 61 139 135 29 137 6 75 88 86 136 64 142 
AQUIIII!!142 86 134 20 89 100 139 64 88 18 29 87 21 19 5 6 
AQUIIII!!142 9 8 75 64 7 134 6 139 120 61 136 114 89 137 135 
AQUIIII!!142 10 120 135 136 64 9 6 137 89 114 7 8 61 75 139 
AQUIIII!!142 120 6 89 0 9 137 75 10 135 114 61 7 8 119 136 
AQUIIII!!142 64 7 75 139 9 135 89 120 136 6 137 114 61 8 10 
AQUIIII!!142 136 88 139 86 21 135 20 29 7 134 87 64 6 89 100 
AQUIIII!!21 142 20 86 5 78 55 88 18 96 64 144 19 29 134 139 
AQUIIII!!29 20 18 87 7 88 134 100 89 64 6 21 19 139 86 142 
AQUIIII!!142 21 86 29 20 88 18 19 100 134 87 139 89 6 64 7 
AQUIIII!!142 64 135 21 134 88 139 89 136 6 61 29 7 8 75 86 
AQUIIII!!142 78 88 29 21 144 55 18 64 20 134 86 5 139 96 19 
AQUIIII!!142 6 61 10 137 114 120 89 136 0 119 9 135 8 75 7 
AQUIIII!!142 AQUIIII!!8 86 142 89 6 10 88 29 75 136 135 136 7 75 9 139 89 137 61 61 64 134 
64 7 137 6 120 139 135 8 114 
AQUIIII!!142 86 134 8 6 89 139 88 7 136 61 29 75 135 64 21 
AQUIIII!!142 135 120 89 10 0 61 9 137 6 7 75 119 136 8 114 
AQUIIII!!142 86 135 61 88 64 21 139 75 136 29 8 89 134 6 7 
AQUIIII!!142 87 100 89 29 7 135 19 134 88 21 20 139 86 6 64 
AQUIIII!!6 87 89 86 7 100 88 19 29 21 134 64 20 139 135 142 
AQUIIII!!142 5 18 88 29 144 64 20 96 19 55 78 21 134 86 139 
Number of Cuts in the second phase:1965
Number of repeat: 1860 
Violation: 203.000000
Violation: 94.000000
Violation: 182.000000
Violation: 508.000000
Violation: 364.000000
Violation: 305.000000
Violation: 1182.000000
Violation: 591.000000
Violation: 174.000000
Violation: 51.000000
Violation: 167.000000
Violation: 508.000000
Violation: 107.000000
Violation: 32.000000
Violation: 87.000000
Violation: 254.000000
Violation: 1319.000000
Violation: 455.000000
Violation: 8.000000
Violation: 17.000000
Violation: 441.000000
Violation: 636.000000
Violation: 90.000000
Violation: 594.000000
Violation: 164.000000
Violation: 3.000000
Violation: 168.000000
Violation: 610.000000
Violation: 407.000000
Violation: 56.000000
Violation: 90.000000
Violation: 546.000000
Violation: 253.000000
Violation: 40.000000
Violation: 12.000000
Violation: 97.000000
Violation: 300.000000
Violation: 85.000000
Violation: 297.000000
Violation: 38.000000
Violation: 420.000000
Violation: 166.000000
Violation: 955.000000
Violation: 172.000000
Violation: 286.000000
Violation: 192.000000
Violation: 135.000000
Violation: 390.000000
Violation: 407.000000
Violation: 170.000000
Violation: 1168.000000
Violation: 178.000000
Violation: 165.000000
Violation: 744.000000
Violation: 126.000000
Violation: 642.000000
Violation: 172.000000
Violation: 325.000000
Violation: 87.000000
Violation: 644.000000
Violation: 156.000000
Violation: 117.000000
Violation: 180.000000
Violation: 175.000000
Violation: 128.000000
Violation: 170.000000
Violation: 13.000000
Violation: 151.000000
Violation: 291.000000
Violation: 180.000000
Violation: 335.000000
Violation: 55.000000
Violation: 126.000000
Violation: 263.000000
Violation: 136.000000
Violation: 1487.000000
Violation: 864.000000
Violation: 976.000000
Violation: 155.000000
Violation: 581.000000
Violation: 143.000000
Violation: 378.000000
Violation: 289.000000
Violation: 72.000000
Violation: 637.000000
Violation: 154.000000
Violation: 726.000000
Violation: 478.000000
Violation: 48.000000
Violation: 102.000000
Violation: 30.000000
Violation: 124.000000
Violation: 126.000000
Violation: 1137.000000
Violation: 591.000000
Violation: 32.000000
Violation: 6.000000
Violation: 117.000000
Violation: 135.000000
Violation: 581.000000
Violation: 9.000000
Violation: 422.000000
Violation: 135.000000
Violation: 2.000000
Violation: 9.000000
5400 16
AQUIIII!!142 100 29 86 64 6 139 89 18 20 88 134 87 19 7 21 
AQUIIII!!142 75 89 61 137 134 9 64 120 114 6 8 135 139 7 136 
AQUIIII!!8 139 29 7 89 136 134 86 21 61 88 6 75 135 64 142 
AQUIIII!!88 135 21 7 61 86 29 89 134 64 136 139 8 6 75 142 
AQUIIII!!75 61 89 135 137 7 120 136 139 8 6 64 114 134 AQUIIII!!9 135 142 88 
139 134 87 89 20 64 29 6 19 100 7 86 21 142 
AQUIIII!!55 86 96 78 18 20 21 29 144 19 139 88 64 5 142 134 
AQUIIII!!86 7 134 21 6 139 64 88 100 20 135 136 29 87 89 142 
AQUIIII!!29 AQUIIII!!134 64 6 8 86 29 61 86 89 137 21 136 88 AQUIIII!!61 8 134 136 75 135 139 9 139 135 139 7 7 114 135 64 120 88 75 75 134 61 142 89 89 
6 137 136 142 64 
7 8 6 142 
AQUIIII!!134 86 64 29 137 61 8 139 88 7 89 6 135 75 136 142 
AQUIIII!!119 AQUIIII!!9 142 61 120 0 136 136 8 137 10 7 61 114 89 120 119 89 75 75 6 8 135 9 10 135 7 0 6 114 142 137 

AQUIIII!!142 134 88 5 96 29 18 139 78 86 55 144 20 AQUIIII!!21 142 19 64 100 
20 7 21 64 136 89 86 29 135 87 88 134 6 139 
AQUIIII!!120 136 61 8 75 137 10 7 64 6 114 89 9 139 135 142 
AQUIIII!!0 136 8 120 89 7 137 6 135 61 9 114 10 75 119 142 
AQUIIII!!88 21 136 6 87 134 139 64 89 29 20 100 135 86 7 142 
AQUIIII!!142 21 86 135 64 100 89 29 19 88 20 134 6 87 7 139 
AQUIIII!!20 139 88 100 7 86 134 6 89 87 136 64 135 29 21 142 
AQUIIII!!87 AQUIIII!!87 89 89 21 134 6 AQUIIII!!6 21 20 29 18 139 86 136 88 20 20 100 86 19 7 7 64 86 135 134 134 88 139 6 100 100 89 139 29 87 64 7 136 142 88 64 
142 135 
29 21 142 
AQUIIII!!19 20 55 88 144 134 5 86 139 78 18 21 29 64 AQUIIII!!96 21 142 87 
19 89 29 6 134 20 64 100 18 139 88 7 86 142 
AQUIIII!!139 135 88 86 7 8 21 64 89 AQUIIII!!136 142 134 7 75 9 29 89 6 136 61 0 142 137 
61 114 75 8 119 6 135 10 120 
AQUIIII!!142 29 135 100 139 88 87 21 89 6 19 7 86 134 64 20 
AQUIIII!!5 89 21 19 100 64 88 139 18 6 29 86 20 AQUIIII!!134 134 87 100 142 21 
86 88 89 139 7 6 18 64 87 19 20 29 142 
AQUIIII!!64 21 100 19 87 86 139 18 29 89 20 5 134 88 6 AQUIIII!!142 142 
139 134 20 64 86 78 55 29 19 18 5 96 88 144 21 
AQUIIII!!142 61 6 29 134 75 89 7 136 8 139 86 88 64 21 135 
AQUIIII!!75 86 88 64 139 AQUIIII!!89 142 29 88 6 21 136 89 75 134 61 61 64 137 8 135 134 86 8 139 7 29 142 6 
135 7 136 
AQUIIII!!AQUIIII!!142 61 20 134 86 135 64 136 5 9 6 64 100 89 139 120 19 137 134 114 18 7 88 8 89 6 29 75 87 139 21 142 

AQUIIII!!142 29 8 134 137 139 6 89 88 86 64 61 75 7 135 136 
AQUIIII!!100 88 7 134 87 64 29 20 89 135 6 136 86 139 21 142 
AQUIIII!!7 61 75 119 136 0 6 135 8 10 137 89 9 114 120 142 
AQUIIII!!142 120 139 8 114 61 135 136 10 137 9 89 6 75 64 7 
AQUIIII!!142 7 6 134 139 100 86 89 20 29 88 87 18 19 21 64 
AQUIIII!!88 136 134 6 61 86 139 7 8 135 64 137 29 89 75 142 
AQUIIII!!88 135 89 139 6 19 64 86 29 21 134 7 20 87 100 142 
AQUIIII!!61 89 7 139 29 21 75 135 86 64 136 8 88 6 134 142 
AQUIIII!!142 135 136 21 20 134 52 51 6 50 7 49 29 139 AQUIIII!!59 8 58 137 
61 75 89 114 120 136 9 64 7 6 134 139 135 142 
AQUIIII!!61 10 AQUIIII!!120 137 137 89 8 10 64 139 7 135 136 114 9 120 114 6 139 136 135 75 75 64 89 61 6 8 142 7 
9 142 
AQUIIII!!142 86 29 134 136 139 135 8 61 21 7 6 75 64 88 89 
AQUIIII!!86 8 61 6 64 88 29 75 134 139 135 136 21 89 7 142 
AQUIIII!!7 135 21 100 88 86 87 139 29 134 89 20 6 136 64 142 
AQUIIII!!88 89 139 6 75 29 136 134 64 21 135 86 61 7 8 142 
AQUIIII!!142 64 18 89 100 139 88 134 6 20 21 86 19 87 7 29 
AQUIIII!!142 89 6 19 18 100 86 20 64 139 21 87 29 88 5 134 
AQUIIII!!134 120 135 139 7 6 61 8 114 89 9 137 64 136 75 142 
AQUIIII!!142 87 139 86 88 21 29 135 64 89 6 7 20 19 134 100 
AQUIIII!!142 100 20 134 21 6 139 18 19 64 87 29 86 88 7 89 
AQUIIII!!61 64 135 137 8 9 114 7 89 136 139 75 120 6 134 142 
AQUIIII!!21 88 136 135 89 134 61 6 7 8 64 86 75 29 139 142 
AQUIIII!!142 88 89 29 139 87 7 86 19 6 135 20 134 100 64 21 
AQUIIII!!142 137 75 29 6 61 64 89 136 88 135 139 7 86 8 134 
AQUIIII!!142 88 29 19 89 86 6 135 100 64 139 21 134 20 7 87 
AQUIIII!!134 29 88 87 86 139 89 6 19 100 64 21 7 20 135 142 
AQUIIII!!137 136 135 120 75 6 114 8 139 64 9 10 89 7 61 142 
AQUIIII!!AQUIIII!!19 142 7 7 89 87 88 86 6 87 20 134 135 6 136 86 64 20 29 21 139 134 64 21 29 89 100 100 18 88 139 
142 
AQUIIII!!136 61 139 137 7 89 9 6 75 64 135 114 8 134 120 142 
AQUIIII!!142 134 88 6 7 61 139 8 89 135 21 64 136 86 29 75 
AQUIIII!!89 139 20 88 134 6 100 86 87 5 18 64 19 29 21 142 
AQUIIII!!142 8 7 114 120 119 89 9 6 75 135 136 61 137 0 10 
AQUIIII!!61 0 9 7 8 10 6 89 137 135 119 120 114 136 75 142 
AQUIIII!!142 6 8 136 7 89 134 9 114 137 139 135 75 61 64 120 
AQUIIII!!142 88 87 19 7 134 29 18 89 64 86 6 139 20 21 100 
AQUIIII!!142 21 86 135 64 100 89 29 19 88 20 134 6 87 7 139 
AQUIIII!!142 89 135 29 7 137 139 136 75 64 61 6 88 86 134 8 
AQUIIII!!142 87 89 135 86 64 100 139 19 134 20 21 29 6 88 7 
AQUIIII!!142 136 137 134 75 64 7 86 139 6 61 8 135 88 89 29 
AQUIIII!!142 61 139 10 89 6 64 120 135 9 75 136 8 137 114 7 
AQUIIII!!142 86 87 88 20 7 139 100 136 6 134 135 21 89 64 29 
AQUIIII!!139 21 20 29 100 88 5 86 87 89 6 18 64 134 19 142 
AQUIIII!!142 139 6 19 5 18 88 87 21 29 89 86 64 20 100 134 
AQUIIII!!89 20 100 19 21 134 87 5 64 86 29 6 88 18 139 142 
AQUIIII!!142 88 18 20 21 29 134 100 7 89 6 19 139 86 64 87 
AQUIIII!!142 19 139 29 88 20 87 7 89 100 21 135 134 64 6 86 
AQUIIII!!21 142 6 20 7 29 64 89 88 86 19 135 100 134 87 139 
AQUIIII!!142 8 29 59 139 137 58 52 49 50 135 51 134 6 7 136 
AQUIIII!!142 139 19 89 134 100 29 87 18 64 88 6 21 86 7 20 
AQUIIII!!142 86 21 8 135 136 AQUIIII!!75 144 142 89 134 134 7 55 29 64 21 64 139 139 6 18 88 5 61 78 
96 20 29 86 19 88 
AQUIIII!!142 29 88 20 86 18 5 100 139 87 64 21 6 134 89 19 
AQUIIII!!142 87 89 20 7 21 6 135 86 88 19 134 29 64 100 139 
AQUIIII!!142 75 7 21 61 64 134 29 89 8 86 6 135 88 136 139 
AQUIIII!!142 88 139 78 134 64 19 96 29 5 18 21 86 144 20 55 
AQUIIII!!142 21 6 135 139 7 20 87 89 134 100 88 86 64 29 136 
AQUIIII!!142 6 139 88 86 89 20 18 100 21 64 7 29 87 134 19 
Number of Cuts in the second phase:1237
Number of repeat: 1199 
Violation: 157.000000
Violation: 538.000000
Violation: 619.000000
Violation: 193.000000
Violation: 70.000000
Violation: 96.000000
Violation: 153.000000
Violation: 335.000000
Violation: 135.000000
Violation: 305.000000
Violation: 38.000000
Violation: 504.000000
Violation: 628.000000
Violation: 83.000000
Violation: 128.000000
Violation: 199.000000
Violation: 813.000000
Violation: 3.000000
Violation: 133.000000
Violation: 146.000000
Violation: 189.000000
Violation: 163.000000
Violation: 236.000000
Violation: 1052.000000
Violation: 202.000000
Violation: 155.000000
Violation: 55.000000
Violation: 148.000000
Violation: 128.000000
Violation: 100.000000
Violation: 325.000000
Violation: 51.000000
Violation: 246.000000
Violation: 104.000000
Violation: 12.000000
Violation: 236.000000
Violation: 125.000000
Violation: 163.000000
took 13.475855
Optimize a model with 1163 rows, 10797 columns and 133742 nonzeros
Coefficient statistics:
  Matrix range     [1e-05, 9e+01]
  Objective range  [0e+00, 0e+00]
  Bounds range     [1e+00, 2e+09]
  RHS range        [1e+00, 6e+01]
Warning: Model contains large bounds
         Consider reformulating model or setting NumericFocus parameter
         to avoid numerical issues.

Concurrent LP optimizer: dual simplex and barrier
Showing barrier log only...

Presolve removed 153 rows and 420 columns
Presolve time: 0.04s
Presolved: 1010 rows, 10377 columns, 126247 nonzeros

Ordering time: 0.00s

Barrier statistics:
 AA' NZ     : 6.256e+04
 Factor NZ  : 1.078e+05 (roughly 5 MBytes of memory)
 Factor Ops : 1.451e+07 (less than 1 second per iteration)
 Threads    : 3

                  Objective                Residual
Iter       Primal          Dual         Primal    Dual     Compl     Time
   0   0.00000000e+00 -2.68716634e+07  7.25e+09 0.00e+00  1.25e+06     0s
   1   0.00000000e+00 -6.34987054e+06  2.71e+09 1.29e-02  4.70e+05     0s
   2   0.00000000e+00 -2.88115040e+05  8.71e+08 1.46e-16  1.55e+05     0s
   3   0.00000000e+00 -1.55236587e+03  3.05e+04 6.66e-16  5.52e+00     0s
   4   0.00000000e+00 -1.16315058e+03  2.24e+04 2.89e-06  3.87e+00     0s
   5   0.00000000e+00 -1.45991111e+03  1.37e+04 9.22e-05  2.75e+00     0s
   6   0.00000000e+00 -9.53063478e+02  2.53e+03 3.07e-05  5.24e-01     0s
   7   0.00000000e+00 -5.84020698e+02  2.33e+03 2.77e-06  4.15e-01     0s
   8   0.00000000e+00 -3.78121865e+02  1.13e+03 4.91e-09  1.98e-01     0s
   9   0.00000000e+00 -2.21365386e+02  4.72e+02 6.22e-10  8.20e-02     0s
  10   0.00000000e+00 -9.86111617e+01  8.93e+01 7.95e-11  1.76e-02     0s

Barrier performed 10 iterations in 0.11 seconds
Barrier solve interrupted - model solved by another algorithm


Solved with dual simplex
Solved in 607 iterations and 0.11 seconds
Optimal objective  0.000000000e+00
