A-4.txt_s2.txt
Academic license - for non-commercial use only
Read LP format model from file lp/A-4.txt.lp
Reading time = 0.05 seconds
: 961 rows, 10797 columns, 131727 nonzeros
OKGPU
nThreads: 1024 , nBlocks: 12 
Number cuts generated in the phase 1: 12
Number of repeat: 1 
violation 263.000000
violation 199.000000
violation 174.000000
violation 174.000000
violation 104.000000
violation 45.000000
violation 336.000000
violation 308.000000
violation 773.000000
violation 50.000000
violation 559.000000
8592 16
AQUIIII!!142 86 6 87 AQUIIII!!7 AQUIIII!!142 29 142 89 135 29 135 20 89 20 6 8 136 21 88 19 134 89 134 64 86 21 100 64 21 139 64 75 139 88 61 87 88 86 134 100 7 29 135 139 

7 136 6 
AQUIIII!!142 9 10 64 89 61 136 8 137 AQUIIII!!114 7 142 AQUIIII!!139 114 120 142 9 6 6 75 75 75 135 64 89 
7 7 136 64 137 114 120 120 135 8 8 135 134 136 89 10 61 139 139 61 6 137 
9 
AQUIIII!!142 6 86 88 21 136 135 75 7 8 61 134 139 64 29 89 
AQUIIII!!21 142 75 7 8 6 134 135 86 29 64 88 136 89 61 139 
AQUIIII!!21 18 134 88 139 64 144 19 20 78 96 55 86 5 29 142 
AQUIIII!!19 88 29 64 134 18 139 96 5 86 55 78 21 20 142 144 
AQUIIII!!89 20 6 21 134 19 139 7 88 64 100 87 29 135 86 142 
AQUIIII!!8 64 7 75 88 136 135 89 139 6 137 86 134 61 29 142 
AQUIIII!!142 139 100 19 7 134 20 29 86 AQUIIII!!64 5 87 139 89 88 88 18 134 21 6 21 
64 18 29 100 20 87 89 6 86 19 142 
AQUIIII!!134 78 88 86 19 55 96 5 144 29 18 21 64 139 20 142 
AQUIIII!!100 64 139 134 6 88 AQUIIII!!5 61 75 87 21 10 9 20 89 89 8 86 139 29 137 19 6 18 64 142 7 
135 120 136 114 142 
AQUIIII!!7 75 AQUIIII!!137 87 64 134 136 139 9 89 135 64 10 135 120 136 61 7 6 21 8 86 139 100 89 88 114 29 142 6 
20 142 
AQUIIII!!139 78 5 20 144 88 64 21 18 19 AQUIIII!!29 19 134 139 86 55 89 96 5 142 29 
87 64 20 86 21 AQUIIII!!134 AQUIIII!!8 100 135 AQUIIII!!75 18 61 86 136 21 136 88 10 6 88 AQUIIII!!89 6 134 89 6 88 142 7 134 18 7 137 
135 86 114 64 7 78 114 139 AQUIIII!!64 55 75 137 136 20 8 139 135 144 20 6 89 8 134 9 139 139 120 135 5 120 AQUIIII!!136 75 19 142 61 64 89 9 
29 29 64 7 61 21 29 142 139 64 96 139 
7 64 142 88 87 134 
75 142 100 61 
86 86 88 6 6 89 29 135 21 142 134 21 8 
136 142 
AQUIIII!!142 135 88 134 21 8 64 86 61 75 136 29 139 6 89 7 
AQUIIII!!142 89 61 10 0 9 119 7 137 135 114 8 120 6 136 75 
AQUIIII!!142 135 9 137 8 114 61 7 136 75 89 119 120 10 0 6 
AQUIIII!!135 8 136 139 21 29 6 75 61 64 88 134 89 7 86 142 
AQUIIII!!86 88 8 135 64 136 61 21 139 29 134 75 89 7 6 142 
AQUIIII!!9 137 8 75 89 114 10 64 139 61 120 136 6 7 135 142 
AQUIIII!!AQUIIII!!8 64 7 21 9 134 114 96 64 18 135 20 61 88 139 29 137 5 134 144 6 139 136 19 120 55 89 78 75 86 142 142 

AQUIIII!!114 120 75 6 136 7 89 9 10 8 137 64 139 135 61 142 
AQUIIII!!100 20 29 21 88 19 7 139 18 89 AQUIIII!!86 120 134 10 87 137 64 9 6 0 142 7 
6 8 61 75 119 135 114 89 136 142 
AQUIIII!!AQUIIII!!21 64 142 87 9 29 114 135 139 86 135 136 64 20 137 139 6 7 120 6 8 89 61 100 75 134 7 88 142 89 
136 134 
AQUIIII!!21 20 135 134 87 86 100 139 6 89 19 88 29 7 64 142 
AQUIIII!!AQUIIII!!9 139 137 75 8 8 75 89 7 64 114 135 10 134 64 139 21 6 61 88 120 136 89 61 6 136 7 29 135 86 142 142 

AQUIIII!!18 5 86 29 AQUIIII!!139 19 21 134 88 29 144 144 78 86 19 AQUIIII!!78 55 114 96 18 96 75 139 64 120 64 20 136 21 134 9 20 142 135 5 
64 88 8 55 7 142 137 
AQUIIII!!89 88 61 18 10 96 6 139 139 29 142 21 134 
20 78 19 5 86 144 64 55 142 
AQUIIII!!142 AQUIIII!!10 7 89 139 9 AQUIIII!!61 21 120 64 136 7 64 86 139 137 75 88 88 135 135 114 89 64 8 6 20 7 134 137 29 61 8 134 6 136 89 86 
6 75 100 135 87 29 142 136 AQUIIII!!
139 89 142 139 
136 134 88 64 87 6 86 135 21 7 100 20 29 142 
AQUIIII!!142 8 135 89 137 29 61 134 64 136 6 7 75 139 88 86 
AQUIIII!!142 88 87 100 29 5 86 134 18 6 19 21 139 89 64 20 
AQUIIII!!142 21 7 135 88 100 139 134 19 89 86 20 87 29 64 6 
AQUIIII!!142 7 119 75 0 10 120 9 114 61 137 135 136 8 6 89 
AQUIIII!!64 20 134 86 21 6 29 88 18 7 19 139 89 100 87 142 
AQUIIII!!142 10 136 6 75 139 8 89 120 7 135 114 61 64 137 9 
AQUIIII!!142 6 20 89 134 100 86 87 88 29 5 19 18 139 64 21 
AQUIIII!!75 10 89 136 139 9 64 120 135 114 7 61 8 137 6 142 
AQUIIII!!10 61 135 89 8 119 9 120 75 114 137 0 6 136 7 142 AQUIIII!!
134 29 6 86 7 89 87 88 139 21 64 135 20 136 100 142 
AQUIIII!!137 61 136 120 8 75 135 119 114 10 0 7 9 6 89 142 
AQUIIII!!6 64 29 75 134 139 135 86 61 89 88 136 137 142 8 7 
AQUIIII!!10 61 135 89 8 119 9 120 75 114 137 AQUIIII!!0 114 6 120 136 8 7 137 142 7 
9 0 135 10 89 6 61 119 136 AQUIIII!!75 87 142 20 
64 100 134 89 29 21 88 139 86 135 6 7 136 142 
AQUIIII!!142 89 88 87 139 20 100 134 29 18 19 64 5 6 21 86 
AQUIIII!!142 86 20 19 29 18 139 100 134 89 6 87 64 21 88 7 
AQUIIII!!134 135 7 137 AQUIIII!!9 142 120 88 89 134 61 19 64 86 114 7 136 18 75 21 8 87 139 20 6 64 142 6 
29 139 100 89 
AQUIIII!!142 21 139 135 7 136 89 20 87 64 88 134 6 29 86 100 
AQUIIII!!142 100 7 87 89 86 29 135 134 20 64 6 21 88 136 139 
AQUIIII!!100 134 88 89 19 20 7 87 64 29 21 18 6 139 86 142 
AQUIIII!!142 9 134 137 139 61 120 8 114 75 6 136 135 7 64 89 
AQUIIII!!75 61 21 88 8 7 134 29 139 135 86 6 89 136 64 142 
AQUIIII!!86 134 AQUIIII!!6 142 135 7 18 75 88 89 6 64 134 89 88 29 29 20 136 87 21 137 64 7 139 61 100 86 139 19 8 
142 
AQUIIII!!61 75 8 135 89 136 114 120 7 6 64 137 9 139 10 142 
AQUIIII!!142 7 29 75 139 8 64 86 61 134 88 6 135 89 137 136 
AQUIIII!!19 64 18 5 87 20 86 21 88 134 6 29 139 100 89 142 
AQUIIII!!6 135 134 21 139 86 20 89 100 29 87 88 64 19 7 142 
AQUIIII!!142 6 87 21 135 64 29 86 88 89 139 19 7 100 20 134 
AQUIIII!!5 86 100 134 6 139 18 20 87 19 21 64 29 88 89 142 
AQUIIII!!0 9 75 6 7 61 119 120 8 137 114 136 89 10 135 142 
AQUIIII!!139 137 136 89 75 120 135 7 9 6 114 134 64 8 61 142 
AQUIIII!!75 135 10 137 6 139 120 64 7 61 9 89 114 136 8 142 
AQUIIII!!142 139 135 136 21 100 87 20 134 64 89 88 7 86 29 6 
AQUIIII!!142 89 120 135 139 61 6 9 8 136 7 134 114 137 64 75 
AQUIIII!!142 61 114 135 10 75 9 137 136 8 7 120 6 139 64 89 
AQUIIII!!136 6 9 75 10 8 135 61 119 120 114 137 89 7 0 142 
AQUIIII!!134 136 6 135 89 88 64 139 61 8 75 29 86 7 137 142 
AQUIIII!!88 7 135 87 134 100 139 89 6 86 20 136 64 29 142 21 
AQUIIII!!9 8 136 64 61 114 89 AQUIIII!!135 142 6 20 137 134 139 AQUIIII!!139 120 142 7 75 21 10 135 55 7 89 144 142 87 78 
29 6 5 88 20 21 64 136 96 86 134 64 18 100 19 86 29 
88 139 
AQUIIII!!142 89 AQUIIII!!139 61 64 8 29 9 7 120 21 61 8 7 114 89 136 86 75 64 135 139 10 6 88 137 6 
136 75 134 135 142 
AQUIIII!!142 114 139 7 136 8 75 89 120 6 134 64 61 9 137 135 
AQUIIII!!7 10 135 6 8 119 9 137 120 75 89 61 0 136 114 142 
AQUIIII!!142 139 21 64 AQUIIII!!88 64 18 135 55 75 86 8 20 114 5 9 96 139 78 137 29 61 134 6 144 120 19 7 
134 89 136 142 
AQUIIII!!142 88 5 19 89 139 86 6 21 87 20 18 29 134 100 64 
AQUIIII!!142 10 89 7 139 120 75 135 61 8 9 136 6 64 114 137 
AQUIIII!!142 6 29 134 64 86 20 87 88 19 18 100 5 21 89 139 
AQUIIII!!114 120 7 61 75 134 6 89 64 8 137 135 9 136 139 142 
AQUIIII!!134 139 29 21 88 96 144 64 86 19 18 20 AQUIIII!!55 142 5 75 78 21 142 64 
134 135 136 7 86 89 29 88 61 139 6 8 
AQUIIII!!142 136 120 0 89 6 9 10 114 135 8 137 61 7 119 75 
AQUIIII!!142 78 29 88 21 55 5 144 20 139 18 19 96 134 64 86 
AQUIIII!!19 6 29 21 86 88 134 87 100 20 5 64 89 139 18 142 
AQUIIII!!142 135 136 120 61 10 8 6 119 114 75 0 89 7 137 9 
AQUIIII!!142 135 7 6 139 75 88 61 21 29 64 86 89 8 134 136 
AQUIIII!!142 61 64 8 75 7 120 10 89 137 114 139 135 9 136 6 
AQUIIII!!142 139 21 64 20 19 87 89 7 29 134 135 86 100 6 88 
AQUIIII!!142 87 134 21 139 29 6 19 86 7 64 88 20 100 89 18 
AQUIIII!!142 100 134 86 136 88 87 135 89 20 64 7 21 6 139 29 
AQUIIII!!142 89 61 134 64 139 29 135 75 86 21 136 7 6 8 88 
AQUIIII!!7 137 8 75 9 64 61 135 89 120 114 139 134 6 136 142 
AQUIIII!!142 75 134 9 61 139 137 135 8 136 64 114 120 89 6 7 
AQUIIII!!7 135 8 64 89 114 10 9 136 6 139 75 120 137 61 142 
AQUIIII!!29 20 135 64 7 134 139 6 86 100 21 87 136 89 88 142 
AQUIIII!!142 89 7 136 29 100 135 20 139 21 87 6 64 88 86 134 
AQUIIII!!7 8 75 137 136 89 9 119 120 6 61 135 114 10 0 142 
AQUIIII!!142 6 8 75 89 64 134 86 135 29 61 21 139 7 136 88 
AQUIIII!!142 134 18 88 78 29 96 144 20 55 64 86 139 19 5 21 
AQUIIII!!142 7 114 8 135 137 120 6 10 136 139 89 9 61 75 64 
AQUIIII!!142 137 61 7 120 89 75 6 136 64 114 139 10 9 8 135 
AQUIIII!!142 6 61 134 75 89 136 86 64 135 29 139 21 7 8 88 
AQUIIII!!142 6 100 19 88 86 139 89 20 21 134 87 64 5 29 18 
AQUIIII!!142 139 78 20 19 96 55 88 134 144 5 29 21 86 64 18 
AQUIIII!!142 9 114 89 120 8 139 135 75 6 7 136 137 10 64 61 
AQUIIII!!142 AQUIIII!!142 89 29 134 6 136 7 8 89 64 20 75 139 9 100 7 135 136 86 114 88 61 64 139 134 137 21 135 87 6 120 

AQUIIII!!142 6 139 86 134 136 89 135 64 8 61 21 7 88 75 29 
AQUIIII!!18 134 88 89 5 20 139 29 64 87 21 86 6 19 100 142 
AQUIIII!!142 10 6 137 7 120 9 136 0 61 119 114 75 135 89 8 
AQUIIII!!142 100 6 139 134 89 21 18 88 19 86 64 87 29 7 20 
AQUIIII!!142 18 6 19 134 20 21 88 100 87 86 64 29 89 139 5 
AQUIIII!!6 142 135 120 119 7 61 9 89 75 136 8 114 137 0 AQUIIII!!142 10 6 
87 21 7 100 29 134 64 86 136 89 88 139 135 20 
AQUIIII!!142 86 7 64 89 20 6 21 100 135 136 87 134 88 29 139 
AQUIIII!!142 134 61 21 136 29 89 7 64 86 6 139 75 135 88 8 
AQUIIII!!142 75 136 64 86 139 88 7 89 29 137 134 135 6 61 8 
AQUIIII!!142 134 6 139 21 29 135 89 75 136 61 8 86 7 64 88 
AQUIIII!!142 134 21 144 139 78 20 55 29 5 18 86 64 88 96 19 
AQUIIII!!142 6 9 139 64 75 120 61 10 8 7 137 135 114 136 89 
AQUIIII!!142 139 78 64 96 20 86 55 144 29 134 88 5 21 19 18 
AQUIIII!!142 64 29 135 75 88 86 7 139 6 21 8 61 89 136 134 
AQUIIII!!142 136 135 6 137 9 0 8 119 61 7 120 75 114 10 89 
AQUIIII!!136 142 7 89 6 87 21 29 139 20 88 134 64 86 100 135 
Number of Cuts in the second phase:1961
Number of repeat: 1867 
Violation: 107.000000
Violation: 1182.000000
Violation: 305.000000
Violation: 1168.000000
Violation: 508.000000
Violation: 94.000000
Violation: 591.000000
Violation: 254.000000
Violation: 87.000000
Violation: 133.000000
Violation: 364.000000
Violation: 174.000000
Violation: 546.000000
Violation: 165.000000
Violation: 30.000000
Violation: 40.000000
Violation: 165.000000
Violation: 51.000000
Violation: 813.000000
Violation: 97.000000
Violation: 1162.000000
Violation: 12.000000
Violation: 1137.000000
Violation: 182.000000
Violation: 180.000000
Violation: 864.000000
Violation: 407.000000
Violation: 17.000000
Violation: 141.000000
Violation: 203.000000
Violation: 552.000000
Violation: 38.000000
Violation: 12.000000
Violation: 85.000000
Violation: 6.000000
Violation: 135.000000
Violation: 1487.000000
Violation: 11.000000
Violation: 565.000000
Violation: 135.000000
Violation: 289.000000
Violation: 236.000000
Violation: 610.000000
Violation: 325.000000
Violation: 87.000000
Violation: 407.000000
Violation: 180.000000
Violation: 249.000000
Violation: 1319.000000
Violation: 178.000000
Violation: 508.000000
Violation: 726.000000
Violation: 8.000000
Violation: 180.000000
Violation: 390.000000
Violation: 455.000000
Violation: 378.000000
Violation: 325.000000
Violation: 158.000000
Violation: 167.000000
Violation: 642.000000
Violation: 744.000000
Violation: 976.000000
Violation: 135.000000
Violation: 175.000000
Violation: 151.000000
Violation: 25.000000
Violation: 126.000000
Violation: 420.000000
Violation: 79.000000
Violation: 619.000000
Violation: 170.000000
Violation: 246.000000
Violation: 307.000000
Violation: 189.000000
Violation: 48.000000
Violation: 402.000000
Violation: 162.000000
Violation: 24.000000
Violation: 193.000000
Violation: 8.000000
Violation: 335.000000
Violation: 422.000000
Violation: 728.000000
Violation: 192.000000
Violation: 136.000000
Violation: 70.000000
Violation: 33.000000
Violation: 324.000000
Violation: 168.000000
Violation: 199.000000
Violation: 3.000000
Violation: 1172.000000
Violation: 955.000000
8592 16
AQUIIII!!142 134 29 139 20 64 5 100 88 87 21 89 86 18 19 AQUIIII!!6 
142 6 20 89 100 86 29 7 21 88 19 87 139 134 135 64 
AQUIIII!!142 86 6 29 88 20 89 100 139 7 21 19 134 135 AQUIIII!!142 64 89 87 
135 137 7 120 AQUIIII!!136 142 64 9 9 114 8 6 61 114 75 139 AQUIIII!!136 75 142 89 6 136 10 10 75 120 89 61 8 6 
137 135 7 120 119 8 0 119 135 61 
0 7 114 9 137 10 
AQUIIII!!134 139 29 135 88 8 7 61 86 64 75 136 89 21 6 142 
AQUIIII!!19 18 29 21 86 144 139 5 134 88 78 96 55 64 20 142 
AQUIIII!!135 AQUIIII!!9 139 7 8 89 135 6 86 8 61 10 7 136 88 137 6 75 136 61 21 64 134 139 75 114 64 120 29 142 89 
142 
AQUIIII!!20 139 6 87 89 135 136 100 86 88 29 64 134 7 21 142 
AQUIIII!!142 8 136 114 7 6 64 9 89 120 AQUIIII!!75 137 6 139 59 135 51 134 61 49 
139 8 58 137 9 10 135 136 7 50 52 142 
AQUIIII!!61 86 136 134 135 7 AQUIIII!!88 142 86 139 21 21 6 134 89 88 139 64 87 19 75 20 64 6 29 5 8 100 89 29 18 
142 AQUIIII!!
19 AQUIIII!!134 20 88 135 20 87 19 7 88 21 6 29 89 86 86 7 139 29 87 21 AQUIIII!!139 100 64 137 64 134 89 142 136 100 
6 134 89 86 18 7 142 88 AQUIIII!!
AQUIIII!!135 20 114 6 86 137 139 6 64 7 61 134 64 8 19 136 29 88 18 75 64 87 61 75 29 142 6 100 
89 21 5 8 89 120 139 10 142 
139 9 135 142 
AQUIIII!!61 8 136 75 137 135 AQUIIII!!6 5 139 88 86 19 7 100 64 21 AQUIIII!!29 20 64 89 89 7 134 134 19 88 20 18 142 88 29 
135 87 21 64 86 139 100 86 89 6 87 142 6 134 
139 29 142 
AQUIIII!!142 64 7 29 139 100 87 21 86 88 89 134 135 19 20 AQUIIII!!6 
142 86 21 88 136 75 89 139 AQUIIII!!61 135 8 6 AQUIIII!!135 64 7 75 135 134 0 136 61 29 75 114 64 10 119 8 9 120 
89 10 7 7 120 9 6 137 139 136 114 89 8 6 137 142 61 
142 
AQUIIII!!142 29 86 5 18 88 64 100 87 6 19 20 89 21 134 139 
AQUIIII!!139 135 88 21 29 64 87 6 89 19 86 20 100 134 7 142 
AQUIIII!!6 139 86 75 135 134 61 136 64 7 29 8 21 89 88 142 
AQUIIII!!142 29 88 75 8 134 89 21 64 136 61 135 7 139 6 86 
AQUIIII!!142 87 29 18 21 64 139 89 88 7 134 86 100 19 6 20 
AQUIIII!!142 29 88 19 87 134 100 64 6 89 20 86 139 5 21 18 
AQUIIII!!8 135 120 134 61 139 7 114 6 136 9 89 64 137 75 142 
AQUIIII!!142 19 18 21 88 139 55 20 144 64 96 134 29 5 78 86 
AQUIIII!!64 139 135 136 AQUIIII!!7 7 61 AQUIIII!!135 8 142 114 139 6 6 64 9 29 9 89 114 8 10 61 120 137 137 8 64 75 10 88 142 89 
61 120 75 137 135 136 136 6 7 75 86 142 139 
134 89 
AQUIIII!!29 89 18 AQUIIII!!100 20 6 7 5 AQUIIII!!64 19 89 88 20 134 64 89 64 88 18 120 134 21 114 86 87 87 137 19 139 9 139 21 7 29 142 6 
100 AQUIIII!!135 86 139 134 AQUIIII!!6 75 61 120 134 8 6 114 142 75 21 
89 136 8 7 142 139 AQUIIII!!135 
100 7 134 64 86 137 88 64 139 134 88 136 6 89 7 64 61 75 89 135 87 8 29 19 AQUIIII!!61 136 86 139 9 29 142 134 6 20 64 
142 18 18 
78 139 19 21 142 20 55 
29 88 AQUIIII!!144 86 89 5 64 96 134 21 7 142 86 
29 139 88 8 75 136 137 6 135 AQUIIII!!61 61 142 88 
75 136 7 6 137 135 8 134 29 89 64 86 139 142 
AQUIIII!!139 64 135 137 61 9 136 89 6 10 120 8 75 7 114 142 
AQUIIII!!88 64 7 86 89 6 139 136 100 87 20 21 134 29 135 142 
AQUIIII!!137 136 75 9 114 134 7 6 139 64 AQUIIII!!135 19 120 6 61 86 100 89 87 8 142 20 
21 89 18 5 88 29 134 139 64 142 
AQUIIII!!142 5 55 21 86 144 18 78 96 134 AQUIIII!!64 142 134 88 88 20 64 136 19 29 8 61 139 139 89 
135 6 AQUIIII!!75 142 7 119 137 75 29 135 86 6 
114 8 10 7 61 136 89 120 0 137 9 
AQUIIII!!135 88 139 136 6 89 137 8 61 134 29 75 7 86 64 142 
AQUIIII!!142 88 134 6 7 100 89 135 86 29 20 139 19 64 21 87 
AQUIIII!!86 89 100 6 18 20 139 88 7 64 19 21 134 AQUIIII!!29 9 87 7 142 114 
135 10 120 61 8 137 89 0 75 136 6 119 142 
AQUIIII!!134 100 7 86 29 89 19 87 20 88 64 135 6 21 139 142 
AQUIIII!!64 20 7 6 89 29 135 21 87 100 88 139 86 19 134 142 
AQUIIII!!AQUIIII!!29 114 75 86 87 10 6 139 135 134 89 7 137 89 119 19 136 135 0 61 100 8 6 120 64 7 21 9 20 142 88 
142 
AQUIIII!!142 18 20 100 6 21 134 64 89 7 29 87 88 86 19 139 
AQUIIII!!142 134 21 6 88 87 20 89 64 100 139 19 29 18 86 5 
AQUIIII!!142 6 139 64 86 21 87 100 5 134 19 20 18 89 88 29 
AQUIIII!!6 139 87 21 89 7 100 18 134 86 29 64 88 20 19 142 
AQUIIII!!142 18 64 89 7 88 86 134 29 20 100 87 21 139 6 19 
AQUIIII!!8 29 21 89 64 139 7 6 75 61 134 136 88 135 86 142 
AQUIIII!!142 8 7 75 29 134 88 64 135 21 136 89 139 6 86 61 
AQUIIII!!134 100 6 88 139 89 86 135 21 29 20 7 19 64 87 142 
AQUIIII!!139 5 21 19 86 100 18 88 89 29 87 6 64 20 134 142 
AQUIIII!!142 20 7 64 6 89 87 29 100 134 18 86 88 21 139 19 
AQUIIII!!AQUIIII!!61 142 89 139 64 134 29 19 134 87 6 136 29 139 64 20 135 8 88 7 18 89 88 86 137 75 5 86 21 6 142 
100 
AQUIIII!!64 139 6 86 89 19 134 20 100 88 135 29 7 87 21 142 
AQUIIII!!142 86 21 136 89 6 134 88 139 87 100 29 7 135 64 20 
AQUIIII!!86 87 135 21 136 139 88 100 134 89 29 7 6 64 20 142 
AQUIIII!!134 135 120 61 136 64 114 137 8 89 75 7 9 139 6 142 
AQUIIII!!21 100 135 6 64 86 139 136 AQUIIII!!9 134 64 7 61 29 120 20 6 89 7 87 8 88 75 142 89 
137 114 136 10 135 139 142 
AQUIIII!!142 8 139 6 135 75 114 120 136 89 7 61 10 64 9 137 
AQUIIII!!142 75 89 61 114 8 119 6 7 9 135 0 136 120 10 137 
AQUIIII!!142 135 89 64 AQUIIII!!136 114 61 9 139 135 75 10 61 88 139 137 AQUIIII!!89 134 75 136 29 64 86 89 7 8 75 135 7 120 61 6 6 
137 7 142 64 8 
137 114 134 8 120 139 136 9 6 142 
AQUIIII!!64 89 134 87 88 7 136 86 6 139 20 100 135 21 29 142 
AQUIIII!!142 89 8 9 64 61 134 75 114 139 137 7 135 136 120 6 
AQUIIII!!64 5 19 21 144 134 29 55 20 139 96 86 18 88 78 142 
AQUIIII!!64 135 89 10 120 61 9 8 7 6 114 139 136 137 75 142 
AQUIIII!!7 134 6 87 100 139 86 21 29 64 19 88 89 20 135 142 
AQUIIII!!64 7 88 134 139 8 29 21 61 135 6 89 136 86 75 142 
AQUIIII!!142 120 136 9 6 8 114 75 134 64 135 7 89 137 139 61 
AQUIIII!!142 7 75 86 61 139 137 29 6 8 134 64 88 136 89 135 
AQUIIII!!AQUIIII!!75 142 7 137 61 61 9 10 114 75 64 137 114 135 8 8 0 120 119 120 9 135 7 89 6 10 136 6 
89 139 136 142 
AQUIIII!!AQUIIII!!142 19 6 139 86 136 88 135 5 29 87 100 21 29 139 21 89 134 64 88 89 100 6 86 20 18 20 142 134 
7 87 64 
AQUIIII!!142 75 10 119 8 120 89 137 61 9 7 6 136 135 0 114 
AQUIIII!!134 100 86 18 20 19 88 139 87 89 6 29 5 64 142 21 
AQUIIII!!142 6 61 120 75 135 136 114 64 10 7 139 137 9 89 8 
AQUIIII!!142 134 89 139 64 86 88 87 6 100 20 29 21 19 7 135 
AQUIIII!!139 134 135 7 89 75 29 61 136 86 64 137 6 88 8 142 
AQUIIII!!142 88 64 135 75 86 7 134 6 139 89 29 21 136 8 61 
AQUIIII!!142 6 89 86 8 134 64 88 139 136 137 7 29 75 61 135 
AQUIIII!!144 64 96 139 78 21 19 86 20 18 88 55 134 29 5 142 
AQUIIII!!142 88 89 64 100 6 139 5 18 21 19 87 20 86 29 134 
AQUIIII!!142 135 AQUIIII!!75 7 120 7 AQUIIII!!8 142 9 88 136 114 119 120 86 61 135 137 137 137 89 75 61 64 6 10 61 0 139 135 136 6 139 10 64 136 9 89 6 89 114 8 
8 7 142 75 
134 29 
AQUIIII!!142 86 137 134 136 139 89 135 64 75 8 88 61 29 7 6 
AQUIIII!!139 19 20 18 87 89 64 134 86 7 6 29 21 100 88 142 
AQUIIII!!142 64 135 137 6 89 9 136 10 75 61 114 120 7 139 8 
AQUIIII!!142 61 137 136 120 6 9 7 8 89 134 139 114 64 75 135 
AQUIIII!!142 86 29 96 20 19 5 78 64 21 134 144 88 18 55 139 
AQUIIII!!142 86 88 139 8 75 89 29 64 135 6 61 136 7 134 21 
AQUIIII!!144 5 19 21 18 86 29 64 55 88 20 139 78 96 134 142 
AQUIIII!!87 64 6 29 19 20 86 18 100 7 134 139 21 89 88 142 
AQUIIII!!6 139 7 61 29 88 8 134 135 75 86 136 21 64 89 142 
AQUIIII!!20 78 86 29 139 19 55 18 5 96 144 134 64 88 21 142 
AQUIIII!!142 18 64 89 29 21 86 88 6 134 100 7 19 87 20 139 
AQUIIII!!7 136 142 9 61 139 8 120 137 135 10 64 114 75 6 89 
AQUIIII!!61 9 137 135 75 8 6 114 7 64 89 139 136 120 10 142 
AQUIIII!!9 61 75 135 134 137 89 114 7 6 64 120 139 8 136 142 
AQUIIII!!142 87 20 134 89 18 88 29 139 19 6 64 86 5 100 21 
AQUIIII!!142 139 10 6 136 135 9 137 61 64 8 120 75 114 89 7 
AQUIIII!!142 21 86 20 78 18 5 29 96 64 139 134 55 19 88 144 
AQUIIII!!135 142 6 29 88 64 21 89 20 87 7 86 139 136 134 100 
AQUIIII!!142 135 8 86 134 64 61 89 21 136 75 6 88 29 7 139 
AQUIIII!!142 21 86 20 78 18 5 29 96 64 139 134 55 19 88 144 
AQUIIII!!142 134 139 114 120 135 75 8 6 89 61 136 9 137 7 64 
AQUIIII!!142 64 135 89 7 19 88 20 139 134 87 6 100 21 29 86 
AQUIIII!!142 7 89 139 75 120 9 136 134 114 8 61 64 137 135 6 
AQUIIII!!142 88 7 20 19 134 6 139 89 100 86 21 29 87 18 64 
AQUIIII!!5 18 6 20 87 21 29 64 100 134 139 86 88 89 19 142 
AQUIIII!!142 134 51 49 136 139 6 52 29 58 135 59 50 7 137 8 
AQUIIII!!142 61 7 8 137 135 119 9 0 89 6 120 114 10 75 136 
AQUIIII!!19 20 87 5 100 6 86 64 89 21 29 139 88 18 134 142 
AQUIIII!!142 89 134 86 100 18 6 21 139 20 19 88 29 64 87 5 
AQUIIII!!142 100 86 134 21 AQUIIII!!136 142 89 8 87 64 88 135 114 64 7 89 135 61 7 20 136 6 139 137 9 29 
139 6 75 134 120 
AQUIIII!!142 135 134 139 7 9 120 137 136 8 64 61 89 75 114 6 
AQUIIII!!142 87 6 88 86 29 5 100 18 64 19 89 20 139 21 134 
AQUIIII!!142 137 119 0 135 120 6 8 7 136 10 9 89 75 114 61 
AQUIIII!!142 29 100 134 6 19 89 139 18 88 87 7 20 86 21 64 
AQUIIII!!142 10 137 114 139 9 89 75 61 120 7 6 64 135 136 8 
AQUIIII!!142 139 10 61 120 9 135 64 89 7 137 6 136 75 8 AQUIIII!!114 142 
20 7 19 135 139 86 21 88 87 89 100 6 29 134 64 
AQUIIII!!142 6 20 64 88 87 100 134 136 21 89 29 135 86 7 139 
AQUIIII!!142 136 10 7 9 64 139 89 8 120 6 61 137 114 135 75 
Number of Cuts in the second phase:1990
Number of repeat: 1946 
Violation: 172.000000
Violation: 219.000000
Violation: 128.000000
Violation: 164.000000
Violation: 143.000000
Violation: 354.000000
Violation: 591.000000
Violation: 6.000000
Violation: 559.000000
Violation: 325.000000
Violation: 90.000000
Violation: 383.000000
Violation: 840.000000
Violation: 274.000000
Violation: 337.000000
Violation: 83.000000
Violation: 56.000000
Violation: 1172.000000
Violation: 119.000000
Violation: 192.000000
Violation: 174.000000
Violation: 72.000000
Violation: 157.000000
Violation: 128.000000
Violation: 581.000000
Violation: 637.000000
Violation: 229.000000
Violation: 441.000000
Violation: 452.000000
Violation: 594.000000
Violation: 438.000000
Violation: 133.000000
Violation: 634.000000
Violation: 734.000000
Violation: 162.000000
Violation: 126.000000
Violation: 199.000000
Violation: 333.000000
Violation: 21.000000
Violation: 198.000000
Violation: 172.000000
Violation: 55.000000
Violation: 350.000000
Violation: 126.000000
2808 16
AQUIIII!!AQUIIII!!AQUIIII!!142 142 142 9 7 89 137 9 86 7 139 136 AQUIIII!!6 61 8 142 7 137 135 88 137 120 6 136 89 10 120 21 8 75 139 64 119 135 89 134 61 8 114 135 9 114 75 29 114 89 61 20 120 0 136 100 10 119 10 87 7 6 64 
135 

6 0 75 136 
AQUIIII!!29 20 88 134 64 18 19 6 7 100 89 86 87 139 21 142 
AQUIIII!!6 64 7 120 139 75 61 9 89 10 135 136 114 8 142 137 
AQUIIII!!89 100 7 88 6 134 64 139 29 21 86 135 19 87 20 142 
AQUIIII!!134 75 137 114 AQUIIII!!120 7 135 75 61 89 7 8 6 6 134 89 137 139 86 9 64 64 61 136 135 142 8 
88 29 139 136 142 AQUIIII!!
29 89 86 21 139 100 19 6 20 7 87 18 134 64 88 142 
AQUIIII!!142 120 8 135 114 89 6 64 137 75 9 136 61 139 7 10 
AQUIIII!!142 78 29 86 21 96 64 20 144 139 AQUIIII!!55 142 18 6 134 120 19 5 8 114 88 136 
134 139 89 137 61 9 64 135 7 75 
AQUIIII!!142 139 5 96 64 55 88 144 134 86 21 18 29 19 78 20 
AQUIIII!!114 120 89 0 119 61 136 10 7 75 8 135 142 137 6 9 
AQUIIII!!61 120 10 7 8 114 9 135 6 119 136 137 0 89 75 142 
AQUIIII!!86 88 20 135 64 134 139 100 89 136 7 21 6 87 29 142 
AQUIIII!!136 7 9 61 8 75 114 64 137 139 120 134 135 6 89 142 
AQUIIII!!61 137 64 9 8 136 89 120 10 7 75 6 135 139 114 142 
AQUIIII!!64 88 139 8 75 89 86 29 137 61 6 7 135 136 134 142 
AQUIIII!!137 75 136 139 9 114 120 134 89 61 64 135 6 8 7 142 
AQUIIII!!86 134 139 64 8 75 6 135 88 137 89 61 29 142 136 7 
AQUIIII!!75 86 8 6 61 29 139 88 89 7 135 136 134 137 64 142 
AQUIIII!!89 136 137 120 75 114 6 139 64 8 10 135 7 61 9 AQUIIII!!142 
7 136 142 21 86 135 134 6 88 29 89 87 100 139 64 20 
AQUIIII!!136 88 89 134 75 61 21 6 86 7 8 139 29 64 135 142 
AQUIIII!!6 119 7 120 61 136 89 8 114 0 9 137 135 75 10 142 
AQUIIII!!134 5 20 89 88 139 18 21 86 87 6 29 64 100 19 142 
AQUIIII!!142 139 18 134 29 86 89 21 6 100 88 64 87 7 20 19 
AQUIIII!!142 7 134 87 88 19 86 20 29 64 21 6 100 18 139 89 
AQUIIII!!135 64 136 21 75 8 61 6 134 88 139 29 86 89 7 142 
AQUIIII!!142 6 135 75 137 61 8 64 89 88 29 86 7 139 136 134 
AQUIIII!!6 88 87 89 64 18 134 139 21 86 20 19 29 100 5 142 
AQUIIII!!142 144 139 88 78 21 55 20 18 86 134 96 5 19 29 64 
AQUIIII!!142 144 139 88 78 21 55 20 18 86 134 96 5 19 29 64 
AQUIIII!!142 137 6 136 61 7 8 75 120 64 139 135 134 89 9 114 
AQUIIII!!88 61 86 6 75 134 7 29 8 64 21 135 89 136 139 142 
AQUIIII!!29 86 19 55 20 144 18 78 21 64 5 96 134 139 88 142 
AQUIIII!!142 75 89 135 9 61 64 114 7 10 120 137 139 6 8 136 AQUIIII!!
142 135 75 61 136 134 89 114 9 8 120 137 6 64 7 139 
AQUIIII!!142 6 134 86 88 139 136 7 89 61 75 135 21 8 29 64 
AQUIIII!!142 19 18 86 87 139 100 64 20 5 134 6 29 21 88 89 
AQUIIII!!134 18 88 86 7 89 6 19 139 20 29 100 64 87 142 21 
AQUIIII!!29 20 55 78 139 88 134 96 64 5 86 19 18 144 142 21 
AQUIIII!!139 6 89 134 100 20 87 21 88 86 136 29 7 135 64 142 
AQUIIII!!142 135 136 8 139 89 9 120 64 137 7 10 6 61 75 114 
AQUIIII!!142 134 100 89 AQUIIII!!64 142 19 10 29 20 135 86 0 7 61 21 75 87 6 18 120 139 137 6 8 88 136 
9 7 119 89 114 
AQUIIII!!142 135 137 139 29 134 64 61 136 75 88 7 8 6 86 89 
AQUIIII!!142 87 21 89 20 6 7 139 86 88 19 64 134 18 29 100 
AQUIIII!!142 89 19 20 21 29 18 100 87 139 5 88 64 6 86 134 
AQUIIII!!142 87 19 20 88 135 AQUIIII!!100 142 64 136 7 137 86 139 AQUIIII!!139 61 6 142 120 134 7 10 135 89 9 29 6 64 21 88 114 
8 6 75 75 61 8 29 7 86 89 139 135 89 
134 136 64 137 
Number of Cuts in the second phase:644
Number of repeat: 635 
Violation: 1184.000000
Violation: 636.000000
Violation: 172.000000
Violation: 1033.000000
Violation: 263.000000
Violation: 565.000000
Violation: 125.000000
Violation: 165.000000
Violation: 182.000000
took 17.035280
Optimize a model with 1167 rows, 10797 columns and 133692 nonzeros
Coefficient statistics:
  Matrix range     [1e-05, 9e+01]
  Objective range  [0e+00, 0e+00]
  Bounds range     [1e+00, 2e+09]
  RHS range        [1e+00, 6e+01]
Warning: Model contains large bounds
         Consider reformulating model or setting NumericFocus parameter
         to avoid numerical issues.

Concurrent LP optimizer: dual simplex and barrier
Showing barrier log only...

Presolve removed 156 rows and 420 columns
Presolve time: 0.04s
Presolved: 1011 rows, 10377 columns, 126149 nonzeros

Ordering time: 0.00s

Barrier statistics:
 AA' NZ     : 6.187e+04
 Factor NZ  : 1.074e+05 (roughly 5 MBytes of memory)
 Factor Ops : 1.428e+07 (less than 1 second per iteration)
 Threads    : 3

                  Objective                Residual
Iter       Primal          Dual         Primal    Dual     Compl     Time
   0   0.00000000e+00 -2.68716631e+07  7.25e+09 0.00e+00  1.25e+06     0s
   1   0.00000000e+00 -4.99277287e+06  2.53e+09 9.64e-03  4.37e+05     0s
   2   0.00000000e+00 -1.97483481e+05  8.82e+08 1.39e-16  1.55e+05     0s
   3   0.00000000e+00 -1.45176614e+03  3.08e+04 1.60e-16  5.48e+00     0s
   4   0.00000000e+00 -1.13791940e+03  2.40e+04 2.60e-06  4.08e+00     0s
   5   0.00000000e+00 -1.37571591e+03  1.99e+04 9.08e-05  3.63e+00     0s
   6   0.00000000e+00 -1.01366335e+03  1.19e+03 4.62e-05  2.79e-01     0s
   7   0.00000000e+00 -4.34800400e+02  1.06e+03 9.10e-06  1.92e-01     0s
   8   0.00000000e+00 -2.72573374e+02  6.17e+02 3.02e-06  1.08e-01     0s
   9   0.00000000e+00 -1.37720611e+02  5.41e+02 2.76e-07  8.00e-02     0s
  10   0.00000000e+00 -7.76584038e+01  6.55e+01 2.93e-08  1.25e-02     0s
  11   0.00000000e+00 -4.04475160e+01  3.86e+01 1.11e-08  6.86e-03     0s
  12   0.00000000e+00 -3.33258269e+01  1.82e+01 8.70e-09  3.84e-03     0s

Barrier performed 12 iterations in 0.12 seconds
Barrier solve interrupted - model solved by another algorithm


Solved with dual simplex
Solved in 617 iterations and 0.12 seconds
Optimal objective  0.000000000e+00
