A-4.txt_s3.txt
Academic license - for non-commercial use only
Read LP format model from file lp/A-4.txt.lp
Reading time = 0.05 seconds
: 961 rows, 10797 columns, 131727 nonzeros
OKGPU
nThreads: 1024 , nBlocks: 12 
Number cuts generated in the phase 1: 13
Number of repeat: 0 
violation 43.000000
violation 30.000000
violation 10.000000
violation 13.000000
violation 13.000000
violation 198.000000
violation 56.000000
violation 306.000000
violation 785.000000
violation 576.000000
violation 27.000000
violation 714.000000
violation 774.000000
8592 8
AQUIIII!!151 150 93 5 68 21 7 18 
AQUIIII!!151 21 5 AQUIIII!!151 19 13 153 7 154 AQUIIII!!29 150 18 152 95 100 153 93 21 154 149 
AQUIIII!!28 68 151 95 152 
154 74 
153 100 150 95 13 
AQUIIII!!151 AQUIIII!!AQUIIII!!13 151 151 93 93 150 7 18 13 21 21 95 5 150 100 7 5 154 68 68 5 19 
21 

AQUIIII!!151 152 AQUIIII!!151 154 13 153 5 100 7 AQUIIII!!150 21 151 95 68 13 95 93 
150 150 21 
100 13 154 153 
AQUIIII!!151 152 154 153 100 150 95 13 
AQUIIII!!154 151 21 100 5 95 13 150 
AQUIIII!!27 149 74 95 28 152 29 26 
AQUIIII!!153 AQUIIII!!149 154 95 28 13 153 152 21 95 100 150 74 151 154 
29 
AQUIIII!!150 18 7 21 68 93 5 151 
AQUIIII!!153 149 28 152 95 74 154 29 
AQUIIII!!7 18 68 93 150 5 21 151 
AQUIIII!!5 21 18 68 19 7 93 151 
AQUIIII!!7 18 68 93 150 5 21 151 
AQUIIII!!151 13 100 154 21 5 150 95 
AQUIIII!!AQUIIII!!151 151 93 93 150 5 5 7 21 68 7 68 19 18 18 
21 
AQUIIII!!151 13 153 95 100 21 154 150 
AQUIIII!!151 100 153 154 13 150 95 AQUIIII!!152 151 
153 100 95 21 150 13 154 
AQUIIII!!150 93 7 68 13 5 151 21 
AQUIIII!!13 21 154 150 5 95 100 151 
AQUIIII!!7 18 5 93 68 19 21 151 
AQUIIII!!153 95 150 21 100 13 154 151 AQUIIII!!
150 95 21 153 13 154 100 151 
AQUIIII!!5 150 154 100 13 21 95 151 
AQUIIII!!151 154 13 95 152 153 100 150 
AQUIIII!!151 100 153 95 21 150 154 13 AQUIIII!!
151 7 AQUIIII!!AQUIIII!!151 150 100 7 154 93 153 AQUIIII!!18 68 150 95 93 21 21 21 19 5 13 5 
68 18 13 21 68 
93 150 5 151 7 
151 
AQUIIII!!151 150 13 154 21 95 100 153 
AQUIIII!!151 154 13 95 152 153 100 150 
AQUIIII!!21 13 154 100 150 5 95 151 
AQUIIII!!151 21 154 13 150 100 5 95 
AQUIIII!!151 19 93 68 21 7 18 5 
AQUIIII!!93 18 68 21 19 7 5 151 
AQUIIII!!150 95 AQUIIII!!154 150 153 5 152 13 100 93 13 68 151 7 
151 21 
AQUIIII!!18 5 AQUIIII!!150 5 93 150 21 13 68 7 7 93 151 21 
68 151 
AQUIIII!!93 AQUIIII!!150 151 13 95 5 154 21 13 7 150 68 100 151 AQUIIII!!153 
5 21 13 
93 7 150 68 21 151 
AQUIIII!!5 68 AQUIIII!!13 18 21 68 93 150 150 7 7 93 151 5 
151 21 
AQUIIII!!13 150 95 153 154 AQUIIII!!21 100 100 95 151 21 
153 13 150 154 151 
AQUIIII!!151 152 13 AQUIIII!!154 151 100 153 154 95 152 AQUIIII!!150 153 
151 13 153 95 AQUIIII!!100 151 100 95 21 13 150 13 150 
153 154 154 AQUIIII!!150 100 95 21 21 
7 
68 93 18 5 19 151 
AQUIIII!!13 100 21 150 95 154 153 151 
AQUIIII!!151 AQUIIII!!100 151 152 154 AQUIIII!!13 13 154 151 150 100 95 154 153 13 95 21 150 5 100 

150 153 21 95 
AQUIIII!!151 95 13 152 153 150 154 100 
AQUIIII!!151 100 95 150 21 153 154 13 
AQUIIII!!151 154 13 AQUIIII!!100 151 150 100 153 154 21 5 95 95 
21 13 150 
AQUIIII!!68 13 7 21 93 150 5 151 
AQUIIII!!5 150 21 154 95 100 13 151 
AQUIIII!!151 100 153 95 13 21 150 154 
AQUIIII!!13 150 5 7 68 93 151 21 
AQUIIII!!AQUIIII!!151 150 21 13 5 150 7 153 154 13 100 68 95 93 
21 151 
AQUIIII!!150 5 7 13 68 93 21 151 
AQUIIII!!150 154 13 153 95 21 100 151 
AQUIIII!!151 18 21 150 5 68 7 93 
AQUIIII!!21 151 13 150 93 7 5 68 
AQUIIII!!13 93 7 150 5 68 21 151 
AQUIIII!!151 21 5 7 18 93 19 68 
AQUIIII!!21 154 153 13 95 100 150 151 
AQUIIII!!13 93 7 150 5 68 21 151 
AQUIIII!!95 21 100 150 154 153 13 151 
AQUIIII!!151 154 150 100 95 153 21 13 
AQUIIII!!93 21 7 68 150 18 5 151 
AQUIIII!!68 150 7 93 5 21 13 151 
AQUIIII!!7 93 5 13 150 68 151 21 
AQUIIII!!13 154 21 100 153 95 150 151 
AQUIIII!!151 100 150 95 153 154 152 13 
AQUIIII!!153 154 13 21 100 150 95 151 
AQUIIII!!21 151 68 150 7 93 18 5 
AQUIIII!!151 18 68 5 19 93 21 7 
AQUIIII!!151 7 13 21 5 93 68 150 
AQUIIII!!151 5 19 93 18 21 7 68 
AQUIIII!!152 153 74 95 149 28 29 154 
AQUIIII!!151 7 21 5 93 18 68 150 
AQUIIII!!150 100 21 13 95 154 153 151 
AQUIIII!!5 100 13 95 150 154 21 151 
AQUIIII!!5 100 13 95 150 154 21 151 
AQUIIII!!154 AQUIIII!!5 5 95 100 100 13 21 95 13 150 150 151 154 
21 151 
AQUIIII!!13 153 100 95 150 154 152 151 
AQUIIII!!149 100 152 153 95 13 154 29 
AQUIIII!!151 153 95 150 13 152 154 100 
AQUIIII!!151 18 5 93 7 68 150 21 
AQUIIII!!151 153 154 95 152 13 100 150 
AQUIIII!!151 93 21 150 68 13 7 5 
AQUIIII!!5 21 18 19 93 7 68 151 
AQUIIII!!153 95 152 100 150 13 151 154 
AQUIIII!!151 5 18 21 68 93 150 7 
AQUIIII!!13 150 68 93 21 5 7 151 
AQUIIII!!29 154 152 13 153 100 95 149 
AQUIIII!!151 7 18 5 68 19 93 21 
AQUIIII!!95 154 21 100 150 153 13 151 
AQUIIII!!95 13 5 150 AQUIIII!!21 13 100 152 154 95 151 154 100 
153 150 151 
AQUIIII!!151 7 68 21 150 5 13 93 
AQUIIII!!151 150 21 153 95 13 100 154 
AQUIIII!!7 5 93 AQUIIII!!19 154 21 29 153 68 95 18 28 151 149 152 
74 
AQUIIII!!29 154 153 28 149 152 95 74 
AQUIIII!!74 95 149 152 28 153 29 154 
AQUIIII!!151 7 18 21 93 150 5 68 
AQUIIII!!154 151 152 150 100 95 13 153 
AQUIIII!!21 151 7 18 68 93 19 5 
AQUIIII!!151 95 5 21 100 13 154 150 
AQUIIII!!AQUIIII!!151 19 150 21 95 68 100 18 153 5 152 93 154 7 13 
151 
AQUIIII!!29 154 74 28 95 152 149 153 
AQUIIII!!151 21 13 100 154 150 95 153 
AQUIIII!!154 AQUIIII!!150 93 100 21 5 19 95 13 7 151 68 21 5 
18 151 
AQUIIII!!21 7 150 93 18 68 5 151 
AQUIIII!!21 68 93 5 7 18 150 151 
AQUIIII!!5 150 93 13 7 68 21 151 
AQUIIII!!5 150 93 13 7 68 21 151 
AQUIIII!!153 100 AQUIIII!!95 151 150 154 154 100 13 13 151 95 21 152 150 
153 
AQUIIII!!151 154 100 13 95 152 150 153 
AQUIIII!!100 95 5 154 13 150 21 151 
AQUIIII!!151 5 93 7 21 68 13 150 
AQUIIII!!68 7 AQUIIII!!21 95 5 13 13 153 150 100 93 151 149 
152 29 154 
AQUIIII!!100 95 5 154 13 150 21 151 
AQUIIII!!151 7 21 AQUIIII!!13 68 154 5 150 93 100 19 21 18 153 
95 151 
AQUIIII!!151 21 13 150 153 154 100 95 
AQUIIII!!21 151 7 18 68 93 19 5 
AQUIIII!!13 153 152 95 150 100 154 151 
AQUIIII!!93 21 68 5 18 150 7 151 
AQUIIII!!153 150 21 154 13 95 100 151 
AQUIIII!!150 7 68 21 13 93 5 151 
AQUIIII!!93 7 68 21 5 18 19 151 
AQUIIII!!151 21 93 68 7 150 5 18 
AQUIIII!!74 28 149 95 153 152 29 154 
AQUIIII!!151 7 93 68 150 5 21 13 
AQUIIII!!151 95 154 100 21 13 5 150 
AQUIIII!!21 151 7 18 68 93 19 5 
AQUIIII!!13 21 5 150 7 68 93 151 AQUIIII!!
21 150 95 AQUIIII!!153 28 152 154 149 100 74 13 153 95 151 154 
29 
AQUIIII!!152 29 26 74 149 95 27 28 
AQUIIII!!151 18 21 150 93 5 68 7 
AQUIIII!!7 93 18 68 19 5 21 151 
AQUIIII!!7 93 18 68 19 5 21 151 
AQUIIII!!151 150 152 154 95 100 153 13 
AQUIIII!!154 29 153 152 28 95 74 149 
AQUIIII!!13 95 21 150 100 5 154 151 
AQUIIII!!13 5 68 21 7 93 150 151 
AQUIIII!!154 151 153 13 95 100 150 21 
AQUIIII!!7 93 18 68 21 5 150 151 
AQUIIII!!151 7 93 150 5 21 68 13 
AQUIIII!!154 153 29 152 149 13 95 100 
AQUIIII!!149 95 100 13 153 152 29 154 
AQUIIII!!151 7 93 5 68 18 150 21 
AQUIIII!!21 151 13 150 5 68 93 7 
AQUIIII!!93 19 5 68 18 21 7 151 
AQUIIII!!21 93 18 7 68 150 5 151 
AQUIIII!!7 13 5 68 150 93 21 151 
AQUIIII!!151 95 100 13 21 154 150 5 
AQUIIII!!151 150 5 21 154 95 13 100 
AQUIIII!!151 152 100 150 153 95 154 13 
AQUIIII!!154 151 21 100 5 95 13 150 
AQUIIII!!151 152 100 150 153 95 154 13 
AQUIIII!!5 21 93 7 68 18 19 151 
AQUIIII!!21 68 93 18 7 150 5 151 
AQUIIII!!68 93 5 18 21 7 150 151 
Number of Cuts in the second phase:2480
Number of repeat: 2318 
Violation: 825.000000
Violation: 1190.000000
Violation: 183.000000
Violation: 622.000000
Violation: 374.000000
Violation: 79.000000
Violation: 214.000000
Violation: 570.000000
Violation: 787.000000
Violation: 192.000000
Violation: 1564.000000
Violation: 856.000000
Violation: 384.000000
Violation: 77.000000
Violation: 595.000000
Violation: 560.000000
Violation: 700.000000
Violation: 190.000000
Violation: 428.000000
Violation: 119.000000
Violation: 4.000000
Violation: 145.000000
Violation: 355.000000
Violation: 111.000000
Violation: 346.000000
Violation: 451.000000
Violation: 380.000000
Violation: 178.000000
Violation: 340.000000
Violation: 417.000000
Violation: 642.000000
Violation: 680.000000
Violation: 848.000000
Violation: 758.000000
Violation: 18.000000
Violation: 317.000000
Violation: 570.000000
Violation: 31.000000
Violation: 1119.000000
Violation: 284.000000
Violation: 226.000000
Violation: 22.000000
Violation: 35.000000
Violation: 283.000000
Violation: 247.000000
Violation: 735.000000
Violation: 34.000000
Violation: 46.000000
Violation: 975.000000
Violation: 1165.000000
Violation: 919.000000
Violation: 334.000000
Violation: 960.000000
Violation: 59.000000
Violation: 132.000000
Violation: 634.000000
Violation: 309.000000
Violation: 149.000000
Violation: 975.000000
Violation: 115.000000
Violation: 109.000000
Violation: 731.000000
Violation: 396.000000
Violation: 1948.000000
Violation: 1574.000000
Violation: 181.000000
Violation: 591.000000
Violation: 52.000000
Violation: 248.000000
Violation: 75.000000
Violation: 768.000000
Violation: 50.000000
Violation: 768.000000
Violation: 518.000000
Violation: 157.000000
Violation: 599.000000
Violation: 1079.000000
Violation: 532.000000
Violation: 171.000000
Violation: 34.000000
Violation: 734.000000
Violation: 420.000000
Violation: 216.000000
Violation: 541.000000
Violation: 629.000000
Violation: 167.000000
Violation: 1.000000
Violation: 643.000000
Violation: 770.000000
Violation: 264.000000
Violation: 1355.000000
Violation: 747.000000
Violation: 250.000000
Violation: 564.000000
Violation: 521.000000
Violation: 1088.000000
Violation: 1008.000000
Violation: 355.000000
Violation: 133.000000
Violation: 355.000000
Violation: 195.000000
Violation: 630.000000
Violation: 148.000000
Violation: 460.000000
Violation: 305.000000
Violation: 701.000000
Violation: 404.000000
Violation: 413.000000
Violation: 624.000000
Violation: 37.000000
Violation: 518.000000
Violation: 14.000000
Violation: 1428.000000
Violation: 328.000000
Violation: 950.000000
Violation: 80.000000
Violation: 76.000000
Violation: 555.000000
Violation: 71.000000
Violation: 126.000000
Violation: 219.000000
Violation: 128.000000
Violation: 253.000000
Violation: 125.000000
Violation: 165.000000
Violation: 63.000000
Violation: 428.000000
Violation: 624.000000
Violation: 748.000000
Violation: 948.000000
Violation: 1054.000000
Violation: 179.000000
Violation: 294.000000
Violation: 85.000000
Violation: 386.000000
Violation: 151.000000
Violation: 59.000000
Violation: 863.000000
Violation: 315.000000
Violation: 227.000000
Violation: 268.000000
Violation: 440.000000
Violation: 454.000000
Violation: 785.000000
Violation: 144.000000
Violation: 566.000000
Violation: 299.000000
Violation: 291.000000
Violation: 84.000000
Violation: 131.000000
Violation: 423.000000
Violation: 347.000000
Violation: 167.000000
Violation: 543.000000
Violation: 238.000000
Violation: 64.000000
Violation: 8.000000
Violation: 44.000000
Violation: 27.000000
Violation: 267.000000
Violation: 49.000000
Violation: 704.000000
8592 8
AQUIIII!!AQUIIII!!151 151 154 68 150 93 100 150 153 21 152 7 13 5 95 18 

AQUIIII!!151 13 150 154 21 100 AQUIIII!!5 151 95 100 
152 13 150 95 154 153 
AQUIIII!!151 13 154 95 100 150 5 21 
AQUIIII!!151 68 5 18 93 150 7 21 
AQUIIII!!149 28 74 153 95 152 154 29 
AQUIIII!!AQUIIII!!21 154 5 95 95 100 21 150 150 153 100 13 151 13 
154 151 
AQUIIII!!13 150 100 153 154 95 151 21 
AQUIIII!!68 21 150 5 7 93 18 151 
AQUIIII!!5 68 93 19 18 7 AQUIIII!!151 151 21 21 154 13 
5 95 150 100 
AQUIIII!!151 21 5 68 13 7 93 150 
AQUIIII!!151 153 95 21 100 AQUIIII!!150 151 68 13 AQUIIII!!93 5 100 154 18 150 AQUIIII!!13 
7 19 150 21 7 
154 93 95 5 68 153 21 152 18 151 151 

AQUIIII!!151 21 13 95 AQUIIII!!154 151 150 100 100 5 21 
95 AQUIIII!!13 151 154 5 100 150 154 152 13 
150 95 153 
AQUIIII!!151 21 93 5 AQUIIII!!68 151 18 93 19 68 7 5 
21 150 7 18 
AQUIIII!!21 68 93 7 18 5 150 151 
AQUIIII!!21 AQUIIII!!7 93 5 5 150 18 68 7 93 150 18 68 151 151 
21 
AQUIIII!!21 68 AQUIIII!!93 5 18 21 19 95 5 100 7 13 151 154 
150 151 
AQUIIII!!68 13 5 150 93 21 7 151 
AQUIIII!!151 13 95 5 100 154 150 21 
AQUIIII!!151 68 5 150 21 18 7 93 
AQUIIII!!151 150 5 13 68 21 93 7 
AQUIIII!!151 93 68 7 150 21 18 5 
AQUIIII!!13 5 21 154 100 95 150 151 
AQUIIII!!153 21 95 100 150 154 13 151 
AQUIIII!!152 13 95 100 154 150 153 151 
AQUIIII!!151 150 7 93 13 21 68 5 
AQUIIII!!151 13 100 150 95 153 154 152 
AQUIIII!!100 AQUIIII!!13 13 153 153 149 154 152 152 95 95 29 154 100 
150 151 
AQUIIII!!151 18 150 93 AQUIIII!!7 13 68 21 153 5 150 
100 152 95 154 151 
AQUIIII!!151 AQUIIII!!150 149 5 153 28 13 154 152 95 95 74 100 29 21 154 

AQUIIII!!149 153 28 152 95 AQUIIII!!74 18 29 154 93 
7 5 AQUIIII!!21 151 7 68 AQUIIII!!93 150 149 18 151 153 5 
28 19 68 152 21 95 
74 29 154 
AQUIIII!!151 153 13 152 100 150 154 95 
AQUIIII!!13 150 5 93 68 21 7 151 
AQUIIII!!13 95 154 150 100 153 152 151 
AQUIIII!!151 21 150 68 7 93 13 5 
AQUIIII!!151 150 95 154 13 152 100 153 
AQUIIII!!151 150 93 5 18 68 7 21 
AQUIIII!!AQUIIII!!13 153 95 95 153 154 154 13 100 100 150 150 151 152 151 
152 
AQUIIII!!150 95 21 13 5 154 100 151 
AQUIIII!!151 100 150 154 153 13 21 95 
AQUIIII!!18 5 7 150 69 68 151 21 
AQUIIII!!13 153 150 21 95 154 100 151 
AQUIIII!!150 13 153 100 154 95 21 151 
AQUIIII!!13 100 153 150 154 152 95 151 
AQUIIII!!150 13 153 100 154 95 21 151 
AQUIIII!!151 68 21 5 150 93 18 7 
AQUIIII!!21 151 150 7 93 5 68 13 
AQUIIII!!151 5 7 13 93 68 21 150 
AQUIIII!!151 150 100 95 13 153 154 152 
AQUIIII!!151 21 154 100 13 153 150 AQUIIII!!95 13 
152 150 100 95 153 151 154 
AQUIIII!!AQUIIII!!154 154 150 100 21 95 95 21 13 13 100 150 153 153 151 AQUIIII!!151 

13 21 95 5 154 150 100 151 
AQUIIII!!13 5 21 AQUIIII!!95 150 100 152 154 154 150 153 151 100 
13 95 151 
AQUIIII!!154 13 95 150 21 153 100 151 
AQUIIII!!151 93 13 5 21 150 68 7 
AQUIIII!!154 13 95 150 21 100 153 151 
AQUIIII!!7 93 5 AQUIIII!!21 150 100 18 AQUIIII!!95 68 151 13 151 
154 150 153 5 154 150 95 151 100 21 21 13 

AQUIIII!!153 95 100 13 150 154 151 152 
AQUIIII!!151 19 93 21 68 18 5 7 
AQUIIII!!95 154 150 13 153 100 151 152 
AQUIIII!!151 150 5 93 7 13 68 21 
AQUIIII!!151 68 150 21 5 7 93 13 
AQUIIII!!154 13 150 5 21 100 95 151 
AQUIIII!!18 93 7 5 19 68 21 151 
AQUIIII!!151 93 21 18 150 7 5 68 
AQUIIII!!151 19 7 5 93 18 21 68 
AQUIIII!!13 21 154 153 100 150 95 151 
AQUIIII!!151 153 154 13 100 150 152 95 
AQUIIII!!151 68 5 7 18 21 150 93 
AQUIIII!!74 28 95 153 149 152 29 154 
AQUIIII!!153 100 154 13 95 150 21 151 
AQUIIII!!153 100 AQUIIII!!154 5 154 13 150 95 100 150 95 21 21 13 151 151 
AQUIIII!!
AQUIIII!!7 150 13 21 150 13 68 153 AQUIIII!!5 21 100 21 68 154 93 5 95 7 151 18 
151 93 AQUIIII!!
150 95 151 150 
153 13 100 154 151 152 
AQUIIII!!151 150 21 5 154 95 13 100 
AQUIIII!!153 13 150 152 154 100 95 151 
AQUIIII!!151 13 154 100 150 95 152 AQUIIII!!153 100 
149 95 13 152 153 154 29 
AQUIIII!!29 154 74 149 95 153 152 28 
AQUIIII!!26 152 29 149 28 27 95 74 
AQUIIII!!151 AQUIIII!!5 149 68 13 100 7 95 18 154 AQUIIII!!29 93 18 152 21 93 153 150 
19 
21 7 68 5 151 
AQUIIII!!68 13 150 5 93 21 7 151 
AQUIIII!!151 95 100 21 150 13 154 5 
AQUIIII!!151 154 153 150 95 13 152 100 
AQUIIII!!151 154 153 150 95 13 152 100 
AQUIIII!!21 151 153 154 13 AQUIIII!!95 151 150 154 150 100 
100 153 152 13 95 
AQUIIII!!151 95 150 152 100 153 13 154 
AQUIIII!!AQUIIII!!13 7 150 154 5 152 93 153 150 100 68 95 151 18 
151 21 
AQUIIII!!26 29 152 28 149 74 95 27 
AQUIIII!!13 153 154 100 95 152 150 151 
AQUIIII!!154 29 153 149 100 152 13 95 
AQUIIII!!7 150 68 21 13 93 5 151 
AQUIIII!!154 13 100 95 153 21 150 151 
AQUIIII!!153 150 95 13 21 100 151 154 
AQUIIII!!151 68 AQUIIII!!7 21 154 18 5 150 13 93 21 5 150 
95 100 151 
AQUIIII!!13 5 150 100 95 21 154 151 
AQUIIII!!13 5 150 100 95 21 154 151 
AQUIIII!!5 21 68 93 7 18 19 151 
AQUIIII!!19 68 93 5 18 21 7 151 
AQUIIII!!5 19 68 7 18 93 151 21 
AQUIIII!!21 151 150 7 93 5 68 13 
AQUIIII!!151 AQUIIII!!68 151 7 95 18 150 21 154 5 13 93 21 150 100 153 

AQUIIII!!154 151 100 95 153 21 150 13 
AQUIIII!!151 5 93 AQUIIII!!7 18 29 152 150 21 154 68 74 
95 153 28 149 
AQUIIII!!29 152 154 74 95 153 28 149 
AQUIIII!!154 13 153 150 95 100 152 151 
AQUIIII!!151 100 150 13 21 5 154 95 
AQUIIII!!151 AQUIIII!!152 151 100 154 154 13 153 153 95 150 150 100 
13 152 95 
AQUIIII!!151 154 153 150 100 13 152 95 
AQUIIII!!18 5 7 19 68 21 93 151 
AQUIIII!!93 7 21 19 68 18 5 151 
AQUIIII!!150 95 152 100 13 153 154 151 
AQUIIII!!152 151 154 95 100 150 13 153 
AQUIIII!!29 154 152 100 95 149 13 153 
AQUIIII!!152 151 154 95 100 150 13 153 
AQUIIII!!29 154 152 100 95 149 13 153 
AQUIIII!!13 154 100 21 95 150 153 151 
AQUIIII!!5 68 7 18 150 21 93 151 
AQUIIII!!95 13 154 150 100 152 153 151 
AQUIIII!!151 13 100 150 154 21 5 95 
AQUIIII!!151 5 21 68 18 AQUIIII!!7 150 151 100 93 5 
150 13 154 21 95 
AQUIIII!!151 21 154 13 153 95 150 100 
AQUIIII!!151 154 152 95 100 150 153 13 
AQUIIII!!151 154 95 150 152 100 153 13 
AQUIIII!!151 68 5 93 7 150 21 18 
AQUIIII!!151 100 21 95 153 150 13 154 
AQUIIII!!151 5 68 7 21 93 13 150 
AQUIIII!!151 154 152 95 100 150 153 13 
AQUIIII!!150 21 7 5 68 18 93 151 
AQUIIII!!151 154 152 95 100 150 153 13 
AQUIIII!!13 154 95 152 150 100 153 151 
AQUIIII!!151 153 150 95 100 13 152 154 
AQUIIII!!151 154 21 95 100 13 153 150 
AQUIIII!!151 154 21 95 100 13 153 150 
AQUIIII!!13 100 153 154 21 95 150 151 
AQUIIII!!100 95 154 152 150 153 13 151 
AQUIIII!!151 154 150 5 100 95 21 13 
AQUIIII!!151 150 100 154 153 21 13 95 
AQUIIII!!151 21 150 100 95 153 154 13 
AQUIIII!!18 19 21 7 68 5 93 151 
AQUIIII!!100 5 154 150 95 13 21 151 
AQUIIII!!151 95 13 100 154 153 21 150 
AQUIIII!!151 18 5 93 21 68 7 19 
AQUIIII!!7 18 68 21 150 5 93 151 
AQUIIII!!AQUIIII!!154 152 29 95 13 153 153 13 100 150 149 100 95 154 152 151 

AQUIIII!!151 21 154 13 153 95 150 100 
AQUIIII!!151 13 150 100 21 153 95 154 
Number of Cuts in the second phase:2440
Number of repeat: 2386 
Violation: 52.000000
Violation: 574.000000
Violation: 336.000000
Violation: 160.000000
Violation: 212.000000
Violation: 491.000000
Violation: 53.000000
Violation: 744.000000
Violation: 641.000000
Violation: 359.000000
Violation: 107.000000
Violation: 1336.000000
Violation: 739.000000
Violation: 701.000000
Violation: 189.000000
Violation: 49.000000
Violation: 1209.000000
Violation: 531.000000
Violation: 181.000000
Violation: 54.000000
Violation: 323.000000
Violation: 76.000000
Violation: 15.000000
Violation: 498.000000
Violation: 435.000000
Violation: 250.000000
Violation: 350.000000
Violation: 437.000000
Violation: 760.000000
Violation: 305.000000
Violation: 657.000000
Violation: 821.000000
Violation: 269.000000
Violation: 230.000000
Violation: 39.000000
Violation: 424.000000
Violation: 929.000000
Violation: 873.000000
Violation: 760.000000
Violation: 63.000000
Violation: 524.000000
Violation: 273.000000
Violation: 102.000000
Violation: 535.000000
Violation: 201.000000
Violation: 54.000000
Violation: 281.000000
Violation: 791.000000
Violation: 119.000000
Violation: 91.000000
Violation: 24.000000
Violation: 204.000000
Violation: 1165.000000
Violation: 658.000000
816 8
AQUIIII!!74 152 95 149 153 28 154 29 
AQUIIII!!151 68 5 18 19 21 93 7 
AQUIIII!!154 152 29 100 149 13 95 153 
AQUIIII!!100 5 95 21 150 13 154 151 
AQUIIII!!152 13 153 95 154 150 100 151 
AQUIIII!!150 95 5 21 100 154 13 151 
AQUIIII!!19 68 93 18 7 21 5 151 
AQUIIII!!150 95 21 100 13 153 151 154 
AQUIIII!!151 5 18 7 21 68 19 93 
AQUIIII!!152 100 150 154 13 153 95 151 
AQUIIII!!93 150 5 68 7 18 21 151 
AQUIIII!!154 21 95 5 13 100 150 151 
AQUIIII!!68 19 7 5 93 18 21 151 
Number of Cuts in the second phase:234
Number of repeat: 232 
Violation: 209.000000
Violation: 83.000000
took 11.692841

Warning: excessive time spent in model updates.
Consider calling update less frequently.

Optimize a model with 1253 rows, 10797 columns and 133941 nonzeros
Coefficient statistics:
  Matrix range     [1e-05, 9e+01]
  Objective range  [0e+00, 0e+00]
  Bounds range     [1e+00, 2e+09]
  RHS range        [1e+00, 6e+01]
Warning: Model contains large bounds
         Consider reformulating model or setting NumericFocus parameter
         to avoid numerical issues.

Concurrent LP optimizer: dual simplex and barrier
Showing barrier log only...

Presolve removed 179 rows and 420 columns
Presolve time: 0.04s
Presolved: 1074 rows, 10377 columns, 126282 nonzeros

Ordering time: 0.00s

Barrier statistics:
 Dense cols : 16
 AA' NZ     : 4.902e+04
 Factor NZ  : 8.777e+04 (roughly 5 MBytes of memory)
 Factor Ops : 9.592e+06 (less than 1 second per iteration)
 Threads    : 3

                  Objective                Residual
Iter       Primal          Dual         Primal    Dual     Compl     Time
   0   0.00000000e+00 -2.68716626e+07  8.26e+09 0.00e+00  1.42e+06     0s
   1   0.00000000e+00 -4.93664112e+06  3.12e+09 9.06e-03  5.38e+05     0s
   2   0.00000000e+00 -3.16221849e+05  9.21e+08 1.53e-16  1.60e+05     0s
   3   0.00000000e+00 -1.55487513e+03  3.41e+04 2.78e-16  6.03e+00     0s
   4   0.00000000e+00 -1.17821357e+03  2.54e+04 2.41e-06  4.37e+00     0s
   5   0.00000000e+00 -1.55919348e+03  2.15e+04 1.26e-04  4.12e+00     0s
   6   0.00000000e+00 -1.07865210e+03  1.65e+03 5.20e-05  3.88e-01     0s
   7   0.00000000e+00 -8.20407551e+02  1.23e+03 3.04e-05  2.61e-01     0s
   8   0.00000000e+00 -3.38575407e+02  5.74e+02 5.26e-09  1.08e-01     0s
   9   0.00000000e+00 -1.74361179e+02  1.61e+02 1.46e-09  3.25e-02     0s
  10   0.00000000e+00 -7.67846715e+01  5.27e+01 4.37e-10  1.12e-02     0s

Barrier performed 10 iterations in 0.11 seconds
Barrier solve interrupted - model solved by another algorithm


Solved with dual simplex
Solved in 635 iterations and 0.11 seconds
Optimal objective  0.000000000e+00
