A-4.txt_s3.txt
Academic license - for non-commercial use only
Read LP format model from file lp/A-4.txt.lp
Reading time = 0.05 seconds
: 961 rows, 10797 columns, 131727 nonzeros
OKGPU
nThreads: 1024 , nBlocks: 12 
Number cuts generated in the phase 1: 13
Number of repeat: 0 
violation 43.000000
violation 30.000000
violation 10.000000
violation 13.000000
violation 13.000000
violation 198.000000
violation 56.000000
violation 306.000000
violation 785.000000
violation 576.000000
violation 27.000000
violation 714.000000
violation 774.000000
8592 8
AQUIIII!!151 7 18 21 AQUIIII!!93 151 19 7 68 21 5 5 18 
150 AQUIIII!!68 151 93 
13 150 7 68 5 21 93 
AQUIIII!!151 7 93 68 18 21 5 150 
AQUIIII!!21 151 95 154 153 100 13 150 
AQUIIII!!100 150 95 154 5 21 13 151 
AQUIIII!!28 149 95 27 74 26 29 152 
AQUIIII!!151 21 93 18 68 7 19 5 
AQUIIII!!150 68 7 93 5 18 21 151 
AQUIIII!!150 68 7 93 5 18 21 151 
AQUIIII!!5 13 68 93 7 150 21 151 
AQUIIII!!150 68 7 93 5 18 AQUIIII!!154 21 95 151 21 
100 13 153 AQUIIII!!150 153 151 152 
154 13 95 150 100 151 
AQUIIII!!18 19 93 21 7 5 68 151 
AQUIIII!!151 100 95 13 21 153 150 154 
AQUIIII!!151 153 13 AQUIIII!!95 100 154 151 150 152 5 
13 154 150 95 21 100 
AQUIIII!!151 154 95 150 13 21 153 100 
AQUIIII!!151 100 13 21 95 150 5 154 
AQUIIII!!151 21 68 5 7 13 150 93 
AQUIIII!!151 154 95 150 13 21 153 100 
AQUIIII!!29 153 154 152 95 100 13 149 
AQUIIII!!5 68 7 93 13 AQUIIII!!21 150 28 151 152 
149 153 95 74 29 154 
AQUIIII!!151 153 13 150 95 152 100 154 
AQUIIII!!5 100 13 AQUIIII!!21 154 150 29 95 152 154 AQUIIII!!153 151 151 95 19 74 68 
93 149 18 28 7 
5 21 
AQUIIII!!21 151 13 154 95 153 150 100 
AQUIIII!!151 7 150 93 18 68 21 5 
AQUIIII!!74 95 28 149 153 152 154 29 
AQUIIII!!21 151 18 5 7 19 68 93 
AQUIIII!!154 150 13 AQUIIII!!95 153 95 100 100 13 152 150 151 152 
154 153 151 
AQUIIII!!151 21 93 18 68 7 19 5 
AQUIIII!!151 150 154 100 13 95 153 152 
AQUIIII!!151 150 7 68 AQUIIII!!93 21 151 5 5 18 154 
13 150 100 95 21 
AQUIIII!!151 13 7 21 68 5 150 93 
AQUIIII!!151 21 154 5 100 95 13 150 
AQUIIII!!151 95 153 152 100 AQUIIII!!150 151 154 21 5 13 
100 13 95 150 154 
AQUIIII!!151 68 150 21 93 18 5 7 
AQUIIII!!29 154 153 28 152 95 74 149 
AQUIIII!!151 5 93 7 19 68 18 21 
AQUIIII!!21 93 150 7 5 18 68 151 
AQUIIII!!AQUIIII!!151 95 AQUIIII!!153 154 21 100 150 13 21 95 21 153 154 100 100 150 13 150 154 
153 95 151 13 
151 
AQUIIII!!151 150 21 154 13 95 153 100 
AQUIIII!!151 21 7 5 93 18 68 150 
AQUIIII!!151 5 150 100 154 95 13 21 
AQUIIII!!154 151 95 153 13 100 152 150 
AQUIIII!!151 13 95 150 100 21 154 5 
AQUIIII!!154 152 151 150 AQUIIII!!95 151 153 150 13 153 100 100 
154 13 95 152 
AQUIIII!!151 21 95 153 154 100 150 13 
AQUIIII!!154 29 152 153 95 74 149 28 
AQUIIII!!151 13 21 5 100 150 154 95 
AQUIIII!!5 21 18 7 93 68 150 151 
AQUIIII!!18 93 68 150 21 5 7 151 
AQUIIII!!150 153 13 154 21 100 95 151 
AQUIIII!!151 5 93 21 18 7 68 150 
AQUIIII!!151 AQUIIII!!154 151 13 95 100 21 153 5 150 154 152 13 95 150 
100 
AQUIIII!!151 154 13 100 153 150 152 95 
AQUIIII!!149 74 27 28 95 152 26 29 
AQUIIII!!151 21 5 100 13 95 150 AQUIIII!!154 150 
18 7 5 21 93 68 151 
AQUIIII!!151 93 68 18 5 7 150 21 
AQUIIII!!151 21 153 154 95 13 100 150 
AQUIIII!!151 5 21 154 150 95 13 100 
AQUIIII!!28 95 149 74 153 154 AQUIIII!!152 151 29 13 
95 150 154 153 100 152 
AQUIIII!!13 5 93 150 21 7 68 151 
AQUIIII!!151 93 18 21 5 68 7 150 
AQUIIII!!151 152 154 150 153 13 AQUIIII!!100 150 95 95 21 
153 154 13 100 151 
AQUIIII!!150 153 100 13 152 154 95 151 
AQUIIII!!13 95 100 149 152 153 AQUIIII!!154 100 29 95 
154 152 153 13 150 151 
AQUIIII!!151 153 154 100 AQUIIII!!150 95 13 28 152 149 95 74 
152 154 29 153 
AQUIIII!!7 68 5 93 21 150 13 151 
AQUIIII!!13 152 150 95 153 100 151 154 
AQUIIII!!151 93 7 21 13 150 68 5 
AQUIIII!!151 21 13 68 150 93 5 7 
AQUIIII!!152 13 95 153 100 150 154 151 
AQUIIII!!7 5 150 21 18 93 68 151 
AQUIIII!!152 28 149 74 95 153 154 29 
AQUIIII!!100 152 153 13 154 150 95 151 
AQUIIII!!18 7 68 150 93 21 5 151 
AQUIIII!!19 21 7 5 18 93 68 151 
AQUIIII!!100 13 154 95 150 153 21 151 
AQUIIII!!21 154 151 150 95 100 5 13 
AQUIIII!!21 151 5 68 7 13 93 150 AQUIIII!!AQUIIII!!151 151 
150 68 150 95 100 5 21 7 5 93 154 13 13 21 

AQUIIII!!13 153 152 150 95 100 151 154 
AQUIIII!!151 150 21 5 100 154 95 13 
AQUIIII!!151 21 150 95 153 100 13 154 
AQUIIII!!93 5 21 7 19 18 68 151 
AQUIIII!!151 95 13 100 150 152 153 154 
AQUIIII!!151 154 100 21 5 95 13 150 
AQUIIII!!21 151 100 13 154 150 5 95 
AQUIIII!!151 93 7 13 150 21 5 68 
AQUIIII!!151 AQUIIII!!95 151 21 19 150 93 154 18 13 68 7 100 21 5 5 

AQUIIII!!29 154 152 100 13 153 149 95 
AQUIIII!!29 154 152 100 13 153 149 95 
AQUIIII!!21 100 153 95 13 150 154 151 
AQUIIII!!151 93 21 7 150 13 5 68 
AQUIIII!!151 21 153 154 95 13 100 150 
AQUIIII!!95 154 100 13 150 152 153 151 
AQUIIII!!13 150 153 95 152 100 151 154 
AQUIIII!!151 154 100 21 5 95 13 150 
AQUIIII!!149 28 153 74 95 152 29 154 
AQUIIII!!5 93 18 68 7 19 21 151 
AQUIIII!!5 93 18 68 7 19 21 151 
AQUIIII!!151 93 150 13 21 7 68 5 
AQUIIII!!21 151 18 5 7 93 68 19 
AQUIIII!!151 19 93 7 18 5 21 68 
AQUIIII!!151 21 153 154 95 13 100 150 
AQUIIII!!151 150 153 13 95 154 21 100 
AQUIIII!!151 95 5 21 150 13 154 100 
AQUIIII!!AQUIIII!!151 154 150 154 150 152 13 152 100 100 95 153 95 13 153 151 

AQUIIII!!68 13 93 7 5 150 151 21 
AQUIIII!!151 150 5 7 93 68 21 13 
AQUIIII!!151 19 21 5 93 68 18 7 
AQUIIII!!151 68 5 13 7 93 21 150 
AQUIIII!!151 152 154 150 153 13 100 95 
AQUIIII!!151 152 154 150 153 13 100 95 
AQUIIII!!18 5 7 19 68 21 93 151 
AQUIIII!!151 93 5 68 7 18 21 19 AQUIIII!!
21 150 7 93 5 13 68 151 
AQUIIII!!93 68 21 5 18 7 150 151 
AQUIIII!!13 93 7 5 150 68 151 21 
AQUIIII!!95 74 28 149 27 29 26 152 
AQUIIII!!151 18 7 5 68 93 21 19 
AQUIIII!!68 93 7 5 150 21 18 151 
AQUIIII!!7 18 21 150 5 68 93 151 
AQUIIII!!151 21 7 5 93 18 68 150 
AQUIIII!!13 150 154 5 95 21 100 151 
AQUIIII!!29 154 149 28 74 95 153 152 
AQUIIII!!151 21 13 68 150 93 5 7 
AQUIIII!!95 100 13 154 150 153 152 151 
AQUIIII!!151 68 7 19 5 93 18 21 
AQUIIII!!151 95 153 13 154 21 150 100 
AQUIIII!!21 93 68 19 AQUIIII!!7 150 5 7 18 68 151 18 
93 21 5 151 
AQUIIII!!100 154 95 150 5 13 151 21 
AQUIIII!!150 100 95 154 153 152 13 151 
AQUIIII!!21 151 100 154 150 153 13 95 
AQUIIII!!95 150 154 21 153 100 13 151 
AQUIIII!!21 151 68 19 5 7 18 93 
AQUIIII!!149 95 74 153 152 28 29 154 
AQUIIII!!151 AQUIIII!!19 100 18 154 5 93 95 7 152 21 153 68 150 
13 151 
AQUIIII!!154 152 29 153 100 149 95 13 
AQUIIII!!21 19 5 18 93 7 68 151 
AQUIIII!!100 5 154 95 150 13 21 151 
AQUIIII!!151 150 13 154 153 100 152 95 
AQUIIII!!151 150 7 13 93 5 68 21 
AQUIIII!!153 152 74 28 95 149 29 154 
AQUIIII!!151 153 95 13 154 150 100 152 AQUIIII!!
21 151 5 150 13 95 154 100 
AQUIIII!!68 93 21 19 18 7 5 151 
AQUIIII!!154 153 13 100 21 95 150 151 
AQUIIII!!152 28 153 95 74 149 154 29 
Number of Cuts in the second phase:2389
Number of repeat: 2235 
Violation: 248.000000
Violation: 428.000000
Violation: 46.000000
Violation: 145.000000
Violation: 384.000000
Violation: 919.000000
Violation: 80.000000
Violation: 346.000000
Violation: 119.000000
Violation: 1054.000000
Violation: 190.000000
Violation: 680.000000
Violation: 570.000000
Violation: 192.000000
Violation: 856.000000
Violation: 622.000000
Violation: 975.000000
Violation: 1190.000000
Violation: 1119.000000
Violation: 171.000000
Violation: 34.000000
Violation: 825.000000
Violation: 214.000000
Violation: 115.000000
Violation: 77.000000
Violation: 451.000000
Violation: 642.000000
Violation: 595.000000
Violation: 591.000000
Violation: 50.000000
Violation: 374.000000
Violation: 11.000000
Violation: 787.000000
Violation: 420.000000
Violation: 565.000000
Violation: 560.000000
Violation: 340.000000
Violation: 758.000000
Violation: 59.000000
Violation: 111.000000
Violation: 144.000000
Violation: 386.000000
Violation: 418.000000
Violation: 361.000000
Violation: 380.000000
Violation: 1948.000000
Violation: 18.000000
Violation: 768.000000
Violation: 84.000000
Violation: 629.000000
Violation: 149.000000
Violation: 4.000000
Violation: 181.000000
Violation: 414.000000
Violation: 532.000000
Violation: 481.000000
Violation: 250.000000
Violation: 1008.000000
Violation: 791.000000
Violation: 1165.000000
Violation: 228.000000
Violation: 334.000000
Violation: 1564.000000
Violation: 413.000000
Violation: 37.000000
Violation: 365.000000
Violation: 643.000000
Violation: 132.000000
Violation: 157.000000
Violation: 299.000000
Violation: 238.000000
Violation: 269.000000
Violation: 317.000000
Violation: 1355.000000
Violation: 212.000000
Violation: 731.000000
Violation: 396.000000
Violation: 950.000000
Violation: 328.000000
Violation: 960.000000
Violation: 165.000000
Violation: 226.000000
Violation: 630.000000
Violation: 1079.000000
Violation: 518.000000
Violation: 315.000000
Violation: 1428.000000
Violation: 564.000000
Violation: 1209.000000
Violation: 102.000000
Violation: 863.000000
Violation: 219.000000
Violation: 63.000000
Violation: 624.000000
Violation: 179.000000
Violation: 541.000000
Violation: 264.000000
Violation: 1088.000000
Violation: 273.000000
Violation: 151.000000
Violation: 360.000000
Violation: 133.000000
Violation: 284.000000
Violation: 616.000000
Violation: 85.000000
Violation: 760.000000
Violation: 44.000000
Violation: 271.000000
Violation: 424.000000
Violation: 126.000000
Violation: 167.000000
Violation: 929.000000
Violation: 657.000000
Violation: 15.000000
Violation: 1574.000000
Violation: 491.000000
Violation: 183.000000
Violation: 768.000000
Violation: 624.000000
Violation: 785.000000
Violation: 948.000000
Violation: 31.000000
Violation: 634.000000
Violation: 359.000000
Violation: 821.000000
Violation: 109.000000
Violation: 187.000000
Violation: 460.000000
Violation: 86.000000
Violation: 196.000000
Violation: 119.000000
Violation: 294.000000
Violation: 309.000000
Violation: 641.000000
Violation: 535.000000
Violation: 1336.000000
Violation: 281.000000
Violation: 1165.000000
Violation: 1134.000000
Violation: 404.000000
Violation: 739.000000
Violation: 417.000000
Violation: 848.000000
Violation: 27.000000
Violation: 435.000000
Violation: 658.000000
Violation: 355.000000
Violation: 549.000000
Violation: 975.000000
Violation: 351.000000
Violation: 770.000000
Violation: 22.000000
Violation: 39.000000
Violation: 64.000000
7404 8
AQUIIII!!151 21 153 150 154 AQUIIII!!100 151 13 68 95 5 93 
7 13 150 21 
AQUIIII!!151 95 150 21 13 100 154 153 
AQUIIII!!21 AQUIIII!!151 151 68 154 150 150 7 152 13 100 5 153 93 13 
95 
AQUIIII!!151 21 AQUIIII!!7 151 68 95 93 13 13 150 5 154 150 21 
100 153 
AQUIIII!!154 151 95 13 100 150 21 5 
AQUIIII!!68 150 5 93 13 7 AQUIIII!!21 21 18 151 68 
5 150 93 7 151 
AQUIIII!!152 13 95 100 150 AQUIIII!!153 13 154 5 151 68 AQUIIII!!
152 21 95 150 150 7 13 93 154 151 153 
100 151 
AQUIIII!!68 150 5 93 13 7 21 151 
AQUIIII!!151 150 21 13 5 7 93 68 
AQUIIII!!151 150 154 13 95 100 153 21 
AQUIIII!!151 21 93 150 AQUIIII!!7 AQUIIII!!151 151 5 93 150 18 5 21 68 150 5 
100 68 7 95 154 21 13 13 

AQUIIII!!21 151 100 154 13 150 95 5 
AQUIIII!!151 68 18 93 150 21 5 7 
AQUIIII!!151 95 154 153 150 100 13 21 AQUIIII!!
151 13 7 150 68 93 21 5 
AQUIIII!!21 151 93 18 68 5 19 7 
AQUIIII!!151 68 150 7 93 5 18 21 
AQUIIII!!21 151 154 13 95 150 100 153 
AQUIIII!!27 29 149 95 28 74 26 152 
AQUIIII!!68 7 5 93 19 18 21 151 
AQUIIII!!151 AQUIIII!!154 AQUIIII!!153 93 95 13 7 153 150 150 18 100 150 13 21 68 21 95 100 21 
154 5 151 151 

AQUIIII!!151 154 21 5 100 AQUIIII!!150 13 21 95 150 
7 68 93 5 13 151 
AQUIIII!!13 100 95 154 21 150 153 151 
AQUIIII!!151 154 153 13 150 100 21 95 AQUIIII!!
151 18 5 7 93 150 68 21 
AQUIIII!!151 154 21 5 100 150 13 95 
AQUIIII!!151 153 154 100 95 13 150 152 
AQUIIII!!151 93 150 5 13 7 68 21 
AQUIIII!!154 29 149 152 AQUIIII!!74 151 153 21 28 154 95 13 
5 100 95 150 
AQUIIII!!150 13 21 5 154 95 100 151 
AQUIIII!!151 93 68 5 AQUIIII!!21 151 13 7 150 7 150 
18 68 21 5 AQUIIII!!93 13 
5 95 150 154 21 100 151 
AQUIIII!!21 7 150 68 13 93 5 151 
AQUIIII!!152 151 100 154 153 13 95 150 
AQUIIII!!151 154 95 152 100 150 153 13 
AQUIIII!!29 154 95 149 100 13 152 153 
AQUIIII!!149 74 153 95 28 152 154 29 
AQUIIII!!93 150 5 21 7 18 68 151 
AQUIIII!!151 100 13 150 95 21 153 154 
AQUIIII!!5 21 19 7 93 18 68 151 
AQUIIII!!18 21 93 150 7 68 5 151 
AQUIIII!!151 21 5 7 19 18 93 68 
AQUIIII!!151 93 21 7 68 18 5 19 
AQUIIII!!151 13 95 154 21 100 5 150 AQUIIII!!
151 21 13 93 7 68 5 150 
AQUIIII!!29 154 95 13 152 153 100 149 
AQUIIII!!153 149 13 152 95 100 29 154 
AQUIIII!!21 18 19 93 68 7 5 151 
AQUIIII!!151 13 150 68 5 93 7 21 
AQUIIII!!95 153 100 21 154 150 13 151 
AQUIIII!!5 93 13 150 68 7 21 151 
AQUIIII!!153 95 150 152 154 AQUIIII!!100 21 13 95 151 100 
13 154 150 5 151 
AQUIIII!!21 151 95 13 150 100 154 153 
AQUIIII!!151 93 7 21 68 13 150 5 
AQUIIII!!150 154 152 13 100 95 153 151 AQUIIII!!
151 5 21 13 100 95 150 154 
AQUIIII!!151 21 154 13 5 100 95 150 
AQUIIII!!151 7 21 93 5 68 19 18 
AQUIIII!!154 151 95 21 150 100 13 5 
AQUIIII!!21 151 95 13 5 150 100 154 
AQUIIII!!151 93 AQUIIII!!68 7 5 5 150 68 7 93 21 19 18 18 
21 151 
AQUIIII!!7 5 68 93 19 18 21 151 
AQUIIII!!13 150 100 95 151 153 21 154 
AQUIIII!!95 150 21 154 5 13 100 151 
AQUIIII!!150 95 153 13 21 100 151 154 
AQUIIII!!151 21 150 7 68 5 13 93 
AQUIIII!!93 68 5 21 150 7 18 151 
AQUIIII!!7 18 19 68 93 5 21 151 
AQUIIII!!AQUIIII!!7 150 18 21 19 154 68 5 93 100 5 13 21 95 151 
151 
AQUIIII!!153 100 150 154 95 21 13 151 
AQUIIII!!151 5 21 100 95 13 154 150 
AQUIIII!!21 5 154 13 100 150 95 151 
AQUIIII!!151 13 95 21 150 154 100 5 
AQUIIII!!95 13 100 152 153 150 154 151 
AQUIIII!!150 95 13 21 153 100 154 151 
AQUIIII!!152 26 29 95 28 149 74 27 
AQUIIII!!151 68 7 150 5 18 93 21 
AQUIIII!!151 13 150 5 100 21 154 95 AQUIIII!!
149 74 152 153 28 95 29 154 
AQUIIII!!151 21 7 93 150 18 5 68 
AQUIIII!!154 153 13 150 100 152 95 151 
AQUIIII!!21 5 100 95 13 154 150 151 
AQUIIII!!151 150 154 152 153 13 100 95 
AQUIIII!!18 150 7 68 5 21 93 151 
AQUIIII!!21 13 154 153 150 100 95 151 
AQUIIII!!13 149 152 95 153 100 154 29 
AQUIIII!!151 21 68 69 7 150 5 13 
AQUIIII!!5 150 13 100 95 154 151 21 
AQUIIII!!151 5 150 21 7 68 18 93 
AQUIIII!!151 93 5 13 68 21 7 150 
AQUIIII!!151 7 5 21 150 93 13 68 
AQUIIII!!7 5 AQUIIII!!21 100 93 18 13 68 21 19 95 151 150 
5 154 151 
AQUIIII!!151 100 150 13 152 153 95 154 
AQUIIII!!154 13 95 153 150 152 100 151 
AQUIIII!!151 21 19 68 5 93 7 18 
AQUIIII!!151 21 95 154 100 5 150 13 
AQUIIII!!13 21 154 150 5 95 100 151 
AQUIIII!!68 7 5 93 150 21 13 151 
AQUIIII!!151 95 21 153 13 100 150 154 
AQUIIII!!150 5 21 93 7 18 68 151 
AQUIIII!!7 18 5 93 21 19 68 151 
AQUIIII!!151 150 21 95 153 100 13 154 
AQUIIII!!7 18 5 68 150 93 21 151 
AQUIIII!!13 100 95 149 153 154 29 152 
AQUIIII!!93 68 5 18 150 21 7 151 
AQUIIII!!13 100 95 150 152 154 153 151 
AQUIIII!!151 150 13 153 152 100 154 95 
AQUIIII!!151 5 93 19 18 21 68 7 
AQUIIII!!7 5 18 93 68 21 19 151 
AQUIIII!!149 152 153 28 74 95 29 154 
AQUIIII!!21 151 150 100 13 95 153 154 
AQUIIII!!152 95 100 13 150 153 154 151 
AQUIIII!!154 153 100 13 95 21 150 151 
AQUIIII!!151 13 150 21 154 95 100 153 
AQUIIII!!149 152 153 95 28 74 154 AQUIIII!!100 29 95 
13 150 153 151 154 21 
AQUIIII!!13 7 21 5 93 68 150 151 
AQUIIII!!151 68 93 21 150 18 5 7 
AQUIIII!!AQUIIII!!5 151 68 5 93 68 7 93 150 21 13 150 21 18 151 7 

AQUIIII!!21 93 68 150 13 5 7 151 
AQUIIII!!7 68 150 5 18 93 21 151 
AQUIIII!!151 7 68 19 18 93 5 21 
AQUIIII!!100 150 153 154 13 95 21 151 
AQUIIII!!95 152 154 13 100 153 150 151 
AQUIIII!!150 7 68 21 5 13 93 151 
AQUIIII!!151 68 13 93 21 150 7 5 
AQUIIII!!5 7 150 18 93 68 21 151 
AQUIIII!!18 150 5 93 68 21 7 151 
AQUIIII!!151 13 21 100 5 95 150 154 
AQUIIII!!21 151 68 18 5 7 150 93 
AQUIIII!!29 154 149 152 13 100 95 AQUIIII!!153 13 
149 95 100 152 154 153 29 
AQUIIII!!151 152 100 13 154 95 153 150 
AQUIIII!!5 7 21 150 13 AQUIIII!!151 68 152 100 93 13 154 151 95 153 
150 
AQUIIII!!21 93 7 150 18 68 5 151 
AQUIIII!!154 95 150 5 21 100 13 151 
AQUIIII!!13 100 95 154 150 153 21 151 
AQUIIII!!95 100 13 154 150 21 153 151 
AQUIIII!!151 68 21 13 150 93 5 7 
AQUIIII!!19 68 5 93 7 21 18 151 
Number of Cuts in the second phase:2065
Number of repeat: 2013 
Violation: 52.000000
Violation: 303.000000
Violation: 536.000000
Violation: 250.000000
Violation: 357.000000
Violation: 1.000000
Violation: 383.000000
Violation: 194.000000
Violation: 63.000000
Violation: 148.000000
Violation: 1035.000000
Violation: 56.000000
Violation: 531.000000
Violation: 189.000000
Violation: 163.000000
Violation: 35.000000
Violation: 160.000000
Violation: 404.000000
Violation: 701.000000
Violation: 204.000000
Violation: 1.000000
Violation: 700.000000
Violation: 231.000000
Violation: 1401.000000
Violation: 256.000000
Violation: 748.000000
Violation: 423.000000
Violation: 345.000000
Violation: 747.000000
Violation: 526.000000
Violation: 167.000000
Violation: 59.000000
Violation: 504.000000
Violation: 191.000000
Violation: 760.000000
Violation: 58.000000
Violation: 650.000000
Violation: 207.000000
Violation: 1140.000000
Violation: 599.000000
Violation: 268.000000
Violation: 227.000000
Violation: 283.000000
Violation: 266.000000
Violation: 336.000000
Violation: 1152.000000
Violation: 107.000000
Violation: 49.000000
Violation: 701.000000
Violation: 279.000000
Violation: 353.000000
Violation: 305.000000
took 10.214927
Optimize a model with 1241 rows, 10797 columns and 133823 nonzeros
Coefficient statistics:
  Matrix range     [1e-05, 9e+01]
  Objective range  [0e+00, 0e+00]
  Bounds range     [1e+00, 2e+09]
  RHS range        [1e+00, 6e+01]
Warning: Model contains large bounds
         Consider reformulating model or setting NumericFocus parameter
         to avoid numerical issues.

Concurrent LP optimizer: dual simplex and barrier
Showing barrier log only...

Presolve removed 174 rows and 420 columns
Presolve time: 0.04s
Presolved: 1067 rows, 10377 columns, 126208 nonzeros

Ordering time: 0.00s

Barrier statistics:
 Dense cols : 16
 AA' NZ     : 4.880e+04
 Factor NZ  : 8.766e+04 (roughly 5 MBytes of memory)
 Factor Ops : 9.585e+06 (less than 1 second per iteration)
 Threads    : 3

                  Objective                Residual
Iter       Primal          Dual         Primal    Dual     Compl     Time
   0   0.00000000e+00 -2.68716627e+07  8.27e+09 0.00e+00  1.42e+06     0s
   1   0.00000000e+00 -4.50819713e+06  3.22e+09 8.00e-03  5.56e+05     0s
   2   0.00000000e+00 -3.32194800e+05  6.73e+08 1.39e-16  1.17e+05     0s
   3   0.00000000e+00 -1.55336493e+03  4.00e+04 3.05e-16  7.00e+00     0s
   4   0.00000000e+00 -1.23789496e+03  2.56e+04 1.77e-06  4.53e+00     0s
   5   0.00000000e+00 -1.22650806e+03  2.36e+04 6.98e-06  4.17e+00     0s
   6   0.00000000e+00 -1.44152997e+03  1.45e+04 7.89e-05  2.83e+00     0s
   7   0.00000000e+00 -1.11220066e+03  3.53e+03 3.47e-05  7.13e-01     0s
   8   0.00000000e+00 -5.99177185e+02  1.12e+03 8.44e-06  2.18e-01     0s
   9   0.00000000e+00 -4.66572932e+02  8.95e+02 5.25e-06  1.66e-01     0s
  10   0.00000000e+00 -1.88479301e+02  5.51e+02 1.75e-06  9.00e-02     0s
  11   0.00000000e+00 -1.11713793e+02  1.85e+02 7.12e-07  3.25e-02     0s
  12   0.00000000e+00 -4.83555379e+01  3.55e+01 1.68e-07  7.33e-03     0s

Barrier performed 12 iterations in 0.12 seconds
Barrier solve interrupted - model solved by another algorithm


Solved with dual simplex
Solved in 705 iterations and 0.12 seconds
Optimal objective  0.000000000e+00
