j3017_4.mm_s5.txt
Academic license - for non-commercial use only
Read LP format model from file lp/j3017_4.mm.lp
Reading time = 0.01 seconds
: 351 rows, 906 columns, 9053 nonzeros
OKGPU
nThreads: 1024 , nBlocks: 12 
Number cuts generated in the phase 1: 12
Number of repeat: 4 
violation 500.000000
violation 428.000000
violation 750.000000
violation 375.000000
violation 425.000000
violation 425.000000
violation 425.000000
violation 820.000000
8592 16
AQUIIII!!45 44 23 18 16 15 34 22 19 46 20 17 33 24 37 47 
AQUIIII!!46 45 18 17 47 37 22 33 23 16 24 15 44 34 19 20 
AQUIIII!!49 24 19 47 48 46 10 23 22 18 34 33 37 17 20 45 
AQUIIII!!49 19 25 23 20 10 0 34 37 46 47 33 22 45 18 48 
AQUIIII!!37 18 20 22 33 23 24 34 48 49 45 16 46 47 19 17 
AQUIIII!!10 33 25 2 48 3 AQUIIII!!22 13 0 4 34 3 37 34 23 1 13 33 1 48 46 AQUIIII!!2 33 23 49 45 25 47 18 5 22 
0 23 10 10 37 19 AQUIIII!!22 49 19 49 0 
23 37 20 18 45 34 34 25 47 48 33 47 46 46 10 
AQUIIII!!20 AQUIIII!!5 37 2 0 22 33 23 17 10 37 48 4 2 24 48 22 49 0 AQUIIII!!
1 22 45 46 25 46 37 45 10 34 10 18 23 25 48 AQUIIII!!1 34 20 3 37 20 13 34 23 49 47 33 1 
37 AQUIIII!!49 34 17 10 33 2 48 1 19 0 47 0 22 AQUIIII!!AQUIIII!!3 5 24 
AQUIIII!!23 5 23 23 33 25 49 2 10 AQUIIII!!
0 23 20 22 49 47 19 34 10 20 16 2 33 4 10 34 3 13 47 45 1 10 48 48 47 37 33 22 33 33 25 13 22 34 1 34 37 22 31 4 0 33 48 37 6 46 49 25 20 3 
45 19 13 37 49 34 37 49 17 22 

18 25 18 19 0 AQUIIII!!5 48 46 4 48 
24 48 10 25 22 22 23 46 34 49 45 3 
AQUIIII!!15 23 49 23 25 
47 AQUIIII!!37 1 45 19 25 37 0 24 10 13 34 48 2 47 46 18 AQUIIII!!1 2 13 20 1 33 22 0 37 2 48 
46 22 25 AQUIIII!!33 47 48 10 49 46 5 47 
45 37 1 AQUIIII!!34 23 3 AQUIIII!!34 17 AQUIIII!!10 34 37 13 10 13 46 4 23 33 13 25 23 22 2 1 34 10 34 33 22 33 23 37 13 13 49 47 2 5 0 4 33 2 
37 33 10 0 3 10 23 3 33 AQUIIII!!AQUIIII!!25 25 49 25 22 49 49 0 1 22 
1 0 33 2 3 2 4 37 23 0 48 5 23 22 4 48 47 10 48 3 49 22 49 
37 49 4 
48 22 
34 25 2 23 0 0 4 10 3 1 1 37 34 48 3 25 33 49 48 13 5 
34 13 

AQUIIII!!49 20 37 23 AQUIIII!!34 AQUIIII!!49 25 49 33 33 13 0 22 5 46 19 25 1 46 1 13 0 34 3 34 23 10 2 10 48 37 37 45 47 0 47 3 48 18 33 22 
22 23 48 25 2 4 10 

AQUIIII!!15 34 48 24 20 33 23 18 16 19 37 22 46 47 45 17 
AQUIIII!!13 25 1 47 10 34 23 3 37 AQUIIII!!22 37 2 33 33 23 0 AQUIIII!!18 49 25 22 48 0 46 19 
13 46 23 47 33 AQUIIII!!48 48 49 24 2 25 47 10 4 20 45 3 0 17 AQUIIII!!1 10 34 22 37 37 20 10 25 22 49 22 5 45 34 
37 47 49 13 
33 1 46 4 23 23 19 0 48 48 18 10 34 34 
3 33 2 49 
AQUIIII!!49 18 AQUIIII!!0 AQUIIII!!15 33 49 25 17 22 48 24 10 37 18 46 47 16 22 34 23 19 34 33 23 19 20 47 20 22 48 33 45 10 23 37 46 20 34 19 37 
45 24 
17 43 44 18 45 46 
AQUIIII!!17 AQUIIII!!45 49 18 47 34 25 47 1 23 20 10 37 20 33 22 19 46 48 45 24 22 37 46 33 10 34 49 48 
2 0 23 
AQUIIII!!33 4 34 AQUIIII!!45 13 44 25 22 AQUIIII!!19 1 10 34 5 33 6 34 46 18 1 33 24 13 22 20 2 15 2 31 23 AQUIIII!!AQUIIII!!43 10 3 33 17 45 3 16 0 46 6 34 37 4 5 17 
33 37 37 48 22 25 AQUIIII!!31 37 20 0 4 49 22 23 AQUIIII!!19 49 19 13 47 
47 18 20 
5 45 48 47 33 23 34 19 24 48 3 34 17 1 10 24 37 45 46 22 AQUIIII!!20 34 16 25 47 49 33 16 0 
10 48 18 46 1 2 22 37 22 0 49 0 22 
37 23 3 6 49 13 31 
AQUIIII!!25 2 49 23 25 33 10 49 4 37 
5 46 22 33 1 1 34 2 49 10 
0 13 34 37 25 3 23 48 
AQUIIII!!47 49 48 20 45 22 24 AQUIIII!!17 49 46 19 34 22 19 33 10 37 37 10 AQUIIII!!23 47 47 33 49 23 18 AQUIIII!!46 
20 44 45 1 45 23 34 24 33 48 19 18 45 37 47 25 34 16 22 46 15 25 0 23 10 
20 0 46 48 19 18 20 33 
22 34 17 37 
AQUIIII!!AQUIIII!!45 45 46 49 15 19 22 18 16 48 23 24 33 17 17 33 24 37 44 10 18 46 19 34 37 47 43 23 34 20 20 22 

AQUIIII!!16 49 48 18 46 19 37 34 47 20 45 24 22 23 33 17 
AQUIIII!!25 13 45 23 10 37 0 AQUIIII!!1 45 2 49 47 19 22 18 34 33 48 46 24 48 17 49 
33 37 10 AQUIIII!!46 46 34 33 47 24 23 18 20 19 20 22 23 
17 22 15 16 47 34 37 AQUIIII!!18 45 47 44 23 
22 37 16 33 17 20 24 48 AQUIIII!!19 48 34 49 15 47 45 46 22 
18 17 20 46 AQUIIII!!23 32 10 41 19 27 45 26 34 9 11 24 42 33 39 37 15 
12 14 AQUIIII!!40 21 1 44 25 8 0 43 
10 45 20 37 33 34 23 AQUIIII!!1 19 33 48 25 22 23 37 49 34 46 48 0 47 10 
45 47 22 2 46 13 49 
AQUIIII!!1 25 0 10 45 20 37 33 34 23 19 48 22 49 46 AQUIIII!!47 16 AQUIIII!!46 
49 23 48 17 46 33 45 25 34 33 20 24 48 47 18 2 37 AQUIIII!!23 0 34 19 22 34 17 
46 37 22 20 45 47 20 1 23 22 47 45 19 10 33 48 49 37 
18 16 24 49 AQUIIII!!
33 22 23 18 10 0 46 25 45 47 37 19 AQUIIII!!34 12 48 20 26 49 32 
42 7 39 11 8 21 40 AQUIIII!!27 44 41 20 14 33 44 18 9 22 43 19 
17 AQUIIII!!43 0 24 48 15 47 AQUIIII!!37 25 23 19 22 34 22 46 16 37 AQUIIII!!AQUIIII!!20 46 17 15 2 48 45 20 43 45 24 34 
46 33 23 20 44 17 34 37 18 23 37 22 45 23 34 10 47 16 18 1 37 16 33 20 47 19 34 49 16 17 19 
33 46 33 15 24 22 45 46 45 AQUIIII!!
24 23 44 23 48 
18 34 49 46 
20 22 19 10 0 25 1 45 47 AQUIIII!!33 0 37 49 1 
45 34 46 22 20 47 37 33 23 25 19 10 48 49 
AQUIIII!!45 44 33 34 17 32 24 18 16 43 19 AQUIIII!!23 47 42 48 15 49 22 23 20 10 
3 25 4 22 2 33 0 37 1 13 34 
AQUIIII!!47 17 45 23 10 33 24 22 20 18 37 46 34 49 19 48 
AQUIIII!!46 49 24 47 48 17 19 20 37 22 10 45 34 18 23 33 
AQUIIII!!22 19 20 23 49 37 AQUIIII!!49 33 20 34 10 18 17 45 25 24 22 46 37 0 45 23 48 48 AQUIIII!!47 16 49 19 17 18 33 34 34 45 47 46 20 

23 48 24 37 47 10 19 46 33 18 22 
AQUIIII!!22 47 19 37 23 45 34 24 17 20 49 48 46 18 AQUIIII!!33 13 16 37 
10 2 46 34 1 25 23 0 33 22 45 AQUIIII!!49 33 47 47 10 48 46 
0 37 2 AQUIIII!!20 0 48 34 45 37 1 1 25 23 33 22 13 34 48 25 10 49 45 
47 AQUIIII!!22 46 49 2 23 23 46 49 20 
48 2 22 10 25 0 45 1 33 34 47 37 AQUIIII!!
13 37 10 2 46 34 1 25 23 0 33 22 45 49 47 48 
AQUIIII!!13 37 10 2 AQUIIII!!46 34 34 1 1 25 46 23 37 0 22 33 19 22 10 45 49 45 47 33 48 25 AQUIIII!!
48 33 47 47 23 45 0 20 20 48 49 22 
0 34 AQUIIII!!46 0 10 37 23 48 25 45 18 19 19 18 37 47 49 25 
34 10 22 20 46 33 23 49 
AQUIIII!!49 24 20 45 37 23 47 46 10 19 48 22 34 18 33 17 
AQUIIII!!47 16 18 49 17 46 20 37 23 22 24 34 33 45 19 48 
AQUIIII!!17 23 18 20 34 19 37 33 24 15 46 22 45 44 16 47 
AQUIIII!!37 13 1 23 45 25 48 10 46 22 33 0 47 34 2 49 
AQUIIII!!11 42 21 41 27 14 26 39 40 15 12 32 9 43 44 8 
AQUIIII!!25 22 48 10 1 23 46 0 37 2 3 33 13 47 34 49 
AQUIIII!!3 23 25 33 0 48 13 10 4 47 2 22 34 1 37 49 
AQUIIII!!49 33 10 22 3 13 6 34 31 AQUIIII!!1 49 0 22 37 4 4 2 5 2 33 25 47 
13 25 0 1 AQUIIII!!3 33 10 37 23 24 37 48 34 48 20 34 10 
23 18 45 22 17 19 47 46 49 
AQUIIII!!49 46 3 13 34 10 1 47 2 23 37 33 25 AQUIIII!!22 34 37 48 46 0 2 
47 20 48 0 22 25 33 10 AQUIIII!!1 49 23 45 34 22 49 
2 46 1 45 33 37 23 20 47 0 48 25 10 
AQUIIII!!47 49 46 45 22 1 37 23 0 2 25 48 10 20 34 33 
AQUIIII!!49 46 34 48 45 23 20 25 19 37 22 47 10 18 0 33 
AQUIIII!!45 48 18 22 24 15 47 34 19 37 17 16 46 20 23 33 
AQUIIII!!17 33 23 20 AQUIIII!!19 48 22 2 47 46 34 13 AQUIIII!!24 33 48 49 0 37 13 22 18 23 37 15 47 33 45 37 1 46 25 16 46 34 3 
23 10 45 1 2 49 10 
48 34 25 0 47 22 
AQUIIII!!20 2 45 33 1 AQUIIII!!37 48 19 25 49 22 45 48 16 47 24 10 23 0 33 34 37 23 34 46 22 49 17 18 
20 46 47 
AQUIIII!!AQUIIII!!49 22 33 46 48 33 10 34 0 47 46 37 13 22 0 1 23 2 48 23 25 25 1 47 37 13 3 2 34 10 
3 49 
AQUIIII!!49 13 48 3 34 4 1 22 AQUIIII!!23 48 37 2 47 0 49 5 33 25 10 18 33 37 
23 22 45 46 24 10 19 34 17 20 
AQUIIII!!45 44 43 46 20 24 37 33 15 22 18 16 17 19 34 23 
AQUIIII!!34 10 0 22 23 13 25 1 37 47 45 33 48 2 46 49 
AQUIIII!!49 46 33 1 10 0 34 3 2 25 13 23 22 47 37 48 
AQUIIII!!49 37 10 1 22 3 34 6 25 13 33 4 2 31 0 5 
AQUIIII!!49 25 23 34 48 10 2 0 4 47 37 3 22 33 13 1 
AQUIIII!!49 20 25 22 1 10 37 AQUIIII!!47 24 45 45 23 33 48 10 34 46 46 17 0 22 23 2 48 33 34 
19 37 20 47 18 49 
AQUIIII!!49 18 16 37 48 24 33 34 22 47 45 20 46 23 17 19 
AQUIIII!!49 22 37 23 47 46 16 33 17 18 24 19 48 20 34 45 
AQUIIII!!18 20 23 48 45 47 22 10 33 17 37 34 46 24 19 49 
AQUIIII!!49 0 48 34 AQUIIII!!2 49 23 48 45 37 37 24 33 22 13 46 25 23 47 18 1 AQUIIII!!10 10 49 20 22 24 19 19 46 33 
47 17 48 47 46 45 10 34 23 
22 18 34 33 37 17 20 45 
AQUIIII!!20 49 45 34 23 AQUIIII!!37 47 16 46 48 33 49 22 23 17 10 47 3 24 25 18 4 48 22 19 2 
33 0 37 1 13 34 
AQUIIII!!47 20 46 18 23 45 19 22 17 16 48 37 24 33 34 49 
AQUIIII!!49 22 37 18 47 20 48 17 46 24 34 45 19 10 33 23 
AQUIIII!!49 34 18 22 33 46 37 47 23 17 19 45 24 20 16 48 
AQUIIII!!48 23 22 37 34 18 19 46 10 45 47 33 0 20 25 49 
AQUIIII!!46 49 48 20 19 33 47 0 37 1 34 23 10 45 25 AQUIIII!!22 8 
9 43 44 26 12 39 41 42 32 7 40 AQUIIII!!11 27 47 14 49 21 46 
45 23 33 19 37 34 22 25 10 0 48 18 20 
AQUIIII!!49 3 34 0 AQUIIII!!37 49 25 4 23 2 10 33 2 5 13 33 25 37 13 4 1 34 22 22 48 5 1 23 48 10 0 
3 
AQUIIII!!49 AQUIIII!!47 44 24 45 10 37 18 17 48 17 18 46 33 22 34 37 22 33 23 23 20 20 16 46 45 24 19 19 34 15 
43 
AQUIIII!!49 22 1 48 45 20 23 37 19 46 33 47 34 0 10 25 
AQUIIII!!49 22 33 48 10 46 19 23 37 20 47 45 0 34 25 1 
AQUIIII!!49 22 1 48 0 10 3 47 33 46 23 13 34 25 2 37 
AQUIIII!!47 49 46 45 22 1 37 23 0 2 25 48 10 20 34 33 
AQUIIII!!3 25 34 0 23 33 47 48 37 2 22 1 13 10 46 49 
AQUIIII!!49 13 25 0 2 48 47 33 AQUIIII!!34 3 49 22 24 23 17 10 22 37 16 46 20 1 33 
34 19 37 45 47 23 48 18 46 
AQUIIII!!49 19 25 23 20 10 0 34 37 46 47 AQUIIII!!47 33 45 22 49 45 20 18 18 48 10 
33 34 37 22 0 23 19 46 48 25 
AQUIIII!!18 33 24 47 48 19 23 22 34 10 37 20 45 49 17 46 
AQUIIII!!AQUIIII!!49 1 48 25 49 10 47 45 25 47 45 37 37 33 34 33 48 20 2 22 AQUIIII!!23 22 1 45 0 46 44 20 0 32 46 2 
24 10 16 23 23 34 22 
33 20 17 42 19 18 34 15 43 
AQUIIII!!48 49 46 1 19 22 37 0 20 33 25 45 10 34 23 47 
AQUIIII!!49 20 46 47 33 45 48 25 22 34 37 2 23 10 1 0 
AQUIIII!!49 20 34 18 0 10 19 47 33 48 23 37 22 45 25 46 
AQUIIII!!45 49 20 47 46 23 48 33 22 10 17 34 19 24 18 37 
AQUIIII!!49 48 46 34 33 22 23 19 24 20 16 37 45 AQUIIII!!47 18 17 45 18 48 
23 24 47 34 22 15 19 16 46 37 20 33 17 
AQUIIII!!47 16 18 49 17 46 20 37 23 22 24 34 33 45 19 48 
AQUIIII!!47 49 46 10 33 37 48 25 34 22 19 20 45 1 23 0 
AQUIIII!!47 16 18 49 17 46 20 37 23 22 24 34 AQUIIII!!33 49 45 48 19 48 46 
34 33 22 23 19 24 20 16 37 45 47 17 18 
AQUIIII!!49 33 23 34 25 46 2 13 47 10 3 22 37 0 1 48 
AQUIIII!!49 10 45 1 33 25 23 48 19 46 0 47 37 22 20 34 
AQUIIII!!49 18 22 20 37 19 46 0 47 34 25 10 48 23 45 33 
AQUIIII!!45 48 47 49 23 AQUIIII!!37 49 18 48 24 47 46 19 34 25 17 23 19 20 37 0 10 33 22 22 33 
10 18 20 34 46 45 
AQUIIII!!49 13 33 10 37 48 46 25 47 1 2 23 34 0 22 45 
AQUIIII!!49 10 34 2 37 47 48 3 0 46 22 25 23 33 13 1 
AQUIIII!!49 34 46 33 0 20 22 47 48 23 19 1 45 37 AQUIIII!!49 25 46 48 10 24 33 
17 34 19 16 45 18 23 37 20 47 22 
AQUIIII!!49 47 24 22 17 10 46 18 37 33 19 23 20 48 45 34 
AQUIIII!!49 37 1 34 23 33 13 46 10 48 25 3 0 2 47 22 
AQUIIII!!45 37 48 2 1 20 22 34 25 33 0 10 23 47 46 49 
Number of Cuts in the second phase:6080
Number of repeat: 5707 
Violation: 928.000000
Violation: 285.000000
Violation: 285.000000
Violation: 460.000000
Violation: 285.000000
Violation: 750.000000
Violation: 464.000000
Violation: 284.000000
Violation: 125.000000
Violation: 457.000000
Violation: 140.000000
Violation: 375.000000
Violation: 749.000000
Violation: 375.000000
Violation: 570.000000
Violation: 140.000000
Violation: 375.000000
Violation: 926.000000
Violation: 352.000000
Violation: 570.000000
Violation: 642.000000
Violation: 390.000000
Violation: 428.000000
Violation: 375.000000
Violation: 570.000000
Violation: 515.000000
Violation: 178.000000
Violation: 125.000000
Violation: 745.000000
Violation: 500.000000
Violation: 140.000000
Violation: 140.000000
Violation: 625.000000
Violation: 284.000000
Violation: 526.000000
Violation: 705.000000
Violation: 1030.000000
Violation: 375.000000
Violation: 710.000000
Violation: 856.000000
Violation: 727.000000
Violation: 1125.000000
Violation: 500.000000
Violation: 500.000000
Violation: 420.000000
Violation: 420.000000
Violation: 1386.000000
Violation: 347.000000
Violation: 140.000000
Violation: 570.000000
Violation: 1352.000000
Violation: 140.000000
Violation: 749.000000
Violation: 705.000000
Violation: 782.000000
Violation: 375.000000
Violation: 749.000000
Violation: 386.000000
Violation: 710.000000
Violation: 246.000000
Violation: 375.000000
Violation: 125.000000
Violation: 710.000000
Violation: 570.000000
Violation: 1106.000000
Violation: 750.000000
Violation: 375.000000
Violation: 710.000000
Violation: 875.000000
Violation: 940.000000
Violation: 708.000000
Violation: 424.000000
Violation: 750.000000
Violation: 178.000000
Violation: 140.000000
Violation: 420.000000
Violation: 280.000000
Violation: 495.000000
Violation: 420.000000
Violation: 195.000000
Violation: 280.000000
Violation: 457.000000
Violation: 565.000000
Violation: 425.000000
Violation: 370.000000
Violation: 951.000000
Violation: 370.000000
Violation: 375.000000
Violation: 284.000000
Violation: 1352.000000
Violation: 998.000000
Violation: 370.000000
Violation: 34.000000
Violation: 1207.000000
Violation: 140.000000
Violation: 705.000000
Violation: 560.000000
Violation: 106.000000
Violation: 140.000000
Violation: 140.000000
Violation: 318.000000
Violation: 708.000000
Violation: 570.000000
Violation: 106.000000
Violation: 140.000000
Violation: 424.000000
Violation: 125.000000
Violation: 710.000000
Violation: 352.000000
Violation: 456.000000
Violation: 246.000000
Violation: 499.000000
Violation: 375.000000
Violation: 620.000000
Violation: 1772.000000
Violation: 560.000000
Violation: 140.000000
Violation: 852.000000
Violation: 455.000000
Violation: 727.000000
Violation: 1062.000000
Violation: 460.000000
Violation: 318.000000
Violation: 875.000000
Violation: 525.000000
Violation: 1025.000000
Violation: 425.000000
Violation: 659.000000
Violation: 576.000000
Violation: 708.000000
Violation: 625.000000
Violation: 1030.000000
Violation: 405.000000
Violation: 515.000000
Violation: 280.000000
Violation: 425.000000
Violation: 280.000000
Violation: 280.000000
Violation: 447.000000
Violation: 68.000000
Violation: 1000.000000
Violation: 650.000000
Violation: 620.000000
Violation: 125.000000
Violation: 67.000000
Violation: 708.000000
Violation: 67.000000
Violation: 353.000000
Violation: 799.000000
Violation: 379.000000
Violation: 1492.000000
Violation: 250.000000
Violation: 658.000000
Violation: 418.000000
Violation: 318.000000
Violation: 505.000000
Violation: 710.000000
Violation: 655.000000
Violation: 140.000000
Violation: 515.000000
Violation: 922.000000
Violation: 475.000000
Violation: 280.000000
Violation: 385.000000
Violation: 425.000000
Violation: 386.000000
Violation: 799.000000
Violation: 246.000000
Violation: 246.000000
Violation: 737.000000
Violation: 620.000000
Violation: 375.000000
Violation: 922.000000
Violation: 659.000000
Violation: 710.000000
Violation: 515.000000
Violation: 516.000000
Violation: 565.000000
Violation: 249.000000
Violation: 497.000000
Violation: 492.000000
Violation: 425.000000
Violation: 284.000000
Violation: 352.000000
Violation: 140.000000
Violation: 710.000000
Violation: 140.000000
Violation: 424.000000
Violation: 481.000000
Violation: 419.000000
Violation: 495.000000
Violation: 1420.000000
Violation: 782.000000
Violation: 745.000000
Violation: 590.000000
Violation: 265.000000
Violation: 280.000000
Violation: 140.000000
Violation: 34.000000
Violation: 741.000000
Violation: 710.000000
Violation: 250.000000
Violation: 570.000000
Violation: 487.000000
Violation: 140.000000
Violation: 319.000000
Violation: 1120.000000
Violation: 837.000000
Violation: 705.000000
Violation: 140.000000
Violation: 625.000000
Violation: 642.000000
Violation: 1250.000000
Violation: 123.000000
Violation: 642.000000
Violation: 845.000000
Violation: 1386.000000
Violation: 1212.000000
Violation: 515.000000
Violation: 745.000000
Violation: 515.000000
Violation: 333.000000
Violation: 655.000000
Violation: 140.000000
Violation: 315.000000
Violation: 737.000000
Violation: 1352.000000
Violation: 772.000000
Violation: 125.000000
Violation: 283.000000
Violation: 589.000000
Violation: 500.000000
Violation: 676.000000
Violation: 691.000000
Violation: 777.000000
Violation: 34.000000
Violation: 1025.000000
Violation: 374.000000
Violation: 375.000000
Violation: 1207.000000
Violation: 589.000000
Violation: 509.000000
Violation: 420.000000
Violation: 207.000000
Violation: 374.000000
Violation: 458.000000
Violation: 650.000000
Violation: 602.000000
Violation: 945.000000
Violation: 246.000000
Violation: 138.000000
Violation: 659.000000
Violation: 922.000000
Violation: 212.000000
Violation: 1102.000000
Violation: 106.000000
Violation: 375.000000
Violation: 602.000000
Violation: 231.000000
Violation: 513.000000
Violation: 1120.000000
Violation: 246.000000
Violation: 140.000000
Violation: 275.000000
Violation: 1021.000000
Violation: 935.000000
Violation: 1386.000000
Violation: 845.000000
Violation: 386.000000
Violation: 375.000000
Violation: 420.000000
Violation: 140.000000
Violation: 319.000000
Violation: 1202.000000
Violation: 1030.000000
Violation: 375.000000
Violation: 250.000000
Violation: 560.000000
Violation: 231.000000
Violation: 881.000000
Violation: 246.000000
Violation: 420.000000
Violation: 280.000000
Violation: 881.000000
Violation: 456.000000
Violation: 245.000000
Violation: 515.000000
Violation: 457.000000
Violation: 602.000000
Violation: 497.000000
Violation: 708.000000
Violation: 385.000000
Violation: 1087.000000
Violation: 500.000000
Violation: 832.000000
Violation: 650.000000
Violation: 335.000000
Violation: 625.000000
Violation: 386.000000
Violation: 214.000000
Violation: 420.000000
Violation: 375.000000
Violation: 1481.000000
Violation: 525.000000
Violation: 225.000000
Violation: 420.000000
Violation: 80.000000
Violation: 742.000000
Violation: 777.000000
Violation: 375.000000
Violation: 462.000000
Violation: 642.000000
Violation: 565.000000
Violation: 710.000000
Violation: 777.000000
Violation: 140.000000
Violation: 375.000000
Violation: 140.000000
Violation: 85.000000
Violation: 457.000000
Violation: 600.000000
Violation: 560.000000
Violation: 375.000000
Violation: 497.000000
Violation: 604.000000
Violation: 86.000000
Violation: 370.000000
Violation: 625.000000
Violation: 133.000000
Violation: 214.000000
Violation: 462.000000
Violation: 140.000000
Violation: 704.000000
Violation: 551.000000
Violation: 704.000000
Violation: 462.000000
Violation: 152.000000
Violation: 140.000000
Violation: 420.000000
Violation: 133.000000
Violation: 227.000000
Violation: 500.000000
Violation: 420.000000
Violation: 375.000000
Violation: 319.000000
Violation: 1022.000000
Violation: 89.000000
Violation: 52.000000
Violation: 1207.000000
Violation: 375.000000
Violation: 848.000000
Violation: 497.000000
Violation: 917.000000
Violation: 458.000000
Violation: 655.000000
Violation: 625.000000
Violation: 315.000000
Violation: 375.000000
Violation: 1022.000000
Violation: 996.000000
Violation: 745.000000
Violation: 1140.000000
Violation: 795.000000
Violation: 1000.000000
Violation: 120.000000
Violation: 195.000000
Violation: 481.000000
Violation: 587.000000
Violation: 86.000000
Violation: 812.000000
Violation: 67.000000
Violation: 703.000000
Violation: 848.000000
8592 16
AQUIIII!!AQUIIII!!49 49 24 33 AQUIIII!!AQUIIII!!17 46 AQUIIII!!18 49 49 AQUIIII!!37 49 13 46 49 47 47 20 AQUIIII!!0 25 10 23 37 49 23 31 20 48 0 AQUIIII!!37 33 46 45 22 45 45 34 19 45 25 25 6 44 33 13 23 22 23 5 43 45 47 34 34 0 33 34 18 48 AQUIIII!!48 20 16 48 34 22 3 13 45 25 22 22 49 37 33 18 2 0 1 2 23 2 37 18 23 47 48 23 0 16 48 10 10 0 47 15 2 0 34 46 37 1 25 10 20 33 47 3 20 37 1 33 22 19 47 19 25 1 
24 22 4 19 19 20 
22 

46 1 10 4 46 34 10 25 34 37 17 
37 33 


33 10 46 23 45 48 22 34 
AQUIIII!!46 23 33 24 34 20 48 47 10 49 45 19 17 22 18 37 
AQUIIII!!24 34 10 17 33 18 45 23 AQUIIII!!37 20 19 33 49 0 46 1 47 45 22 23 20 10 48 37 
22 25 48 34 47 46 19 49 
AQUIIII!!1 47 2 25 23 48 34 37 22 AQUIIII!!0 46 20 45 18 33 33 13 34 10 49 22 
AQUIIII!!24 34 49 31 37 4 10 5 17 6 3 19 25 23 2 47 0 45 33 46 37 13 48 AQUIIII!!22 
33 10 1 20 49 25 
22 47 10 1 AQUIIII!!AQUIIII!!AQUIIII!!0 23 5 37 37 47 13 45 AQUIIII!!33 34 37 33 48 20 48 2 0 47 45 AQUIIII!!46 33 22 18 46 49 23 23 18 22 1 20 AQUIIII!!19 17 22 10 34 18 49 49 20 0 37 AQUIIII!!22 24 34 45 20 3 17 33 AQUIIII!!20 23 1 34 
22 2 46 10 10 10 37 13 23 19 18 34 48 33 25 3 34 0 19 37 34 19 31 2 37 48 22 25 46 AQUIIII!!25 33 46 23 24 4 37 22 10 4 45 33 49 49 49 6 25 33 16 19 47 
10 
23 47 24 AQUIIII!!17 47 AQUIIII!!48 37 48 46 48 49 45 47 
1 22 23 2 
45 1 34 48 47 48 34 1 19 5 46 46 23 13 33 0 13 24 45 22 10 2 34 24 10 49 49 16 37 
10 47 
22 
25 47 45 37 34 AQUIIII!!2 48 17 22 10 23 
33 3 34 18 3 46 3 34 23 0 20 0 37 17 33 37 49 13 48 47 
1 0 48 49 AQUIIII!!4 2 
49 25 1 22 49 37 33 
46 AQUIIII!!22 25 48 10 23 2 22 4 45 34 20 25 33 13 45 23 1 49 23 48 
20 46 0 AQUIIII!!17 47 49 16 
45 18 34 33 1 24 33 47 2 19 37 37 23 46 34 13 49 22 
10 0 47 25 48 
AQUIIII!!49 47 46 45 1 25 37 34 22 48 23 33 20 0 19 10 
AQUIIII!!9 43 44 15 33 16 12 27 14 32 41 11 42 34 21 39 
AQUIIII!!48 24 46 17 20 33 22 47 23 10 45 19 34 18 37 49 
AQUIIII!!45 48 22 10 37 47 49 18 17 19 34 33 24 23 46 20 
AQUIIII!!34 37 10 22 19 25 1 33 0 23 48 46 49 47 20 45 
AQUIIII!!13 0 1 2 10 34 AQUIIII!!22 0 37 22 3 AQUIIII!!48 37 23 33 23 23 19 25 25 37 10 5 16 33 4 22 1 49 34 45 
46 19 48 49 33 AQUIIII!!20 24 22 47 34 18 46 37 47 48 18 49 34 33 45 
19 17 45 20 47 
10 48 AQUIIII!!46 33 17 1 24 5 20 2 23 48 49 25 3 
34 23 37 AQUIIII!!13 34 AQUIIII!!10 1 4 22 10 0 13 25 4 34 47 49 AQUIIII!!0 0 
49 3 20 34 22 48 33 2 25 47 37 1 20 48 17 37 23 16 23 46 46 33 47 37 45 2 18 49 10 48 
22 22 45 33 49 19 
23 24 
AQUIIII!!25 22 33 AQUIIII!!5 49 0 48 45 23 48 25 1 23 0 37 34 2 47 10 AQUIIII!!13 22 46 37 46 1 0 4 20 33 33 34 19 2 3 
34 10 AQUIIII!!37 49 0 AQUIIII!!13 
20 19 10 AQUIIII!!49 33 3 24 22 37 20 22 33 48 46 1 17 33 24 23 10 34 34 25 46 18 46 23 49 48 10 20 18 47 19 23 17 48 19 23 22 37 
45 45 37 47 
34 45 25 48 22 AQUIIII!!18 47 19 49 47 23 
16 25 49 49 AQUIIII!!
0 17 AQUIIII!!22 34 22 47 10 25 AQUIIII!!24 22 1 18 46 AQUIIII!!4 20 43 48 20 37 18 34 23 18 5 16 33 33 0 47 37 37 2 18 46 AQUIIII!!48 23 47 AQUIIII!!3 15 19 45 37 13 45 33 20 19 33 10 33 33 46 17 16 48 17 19 31 48 49 47 17 34 22 45 

16 6 37 17 22 48 10 16 19 34 49 23 24 AQUIIII!!24 20 
19 18 33 46 37 AQUIIII!!34 34 22 23 24 49 20 47 23 37 34 44 37 10 22 0 46 45 46 24 46 2 49 25 
22 37 45 
23 0 45 20 48 20 46 33 23 33 25 18 49 22 10 49 47 
45 45 
1 19 34 20 34 AQUIIII!!
48 22 1 AQUIIII!!4 47 25 AQUIIII!!48 49 34 49 1 AQUIIII!!
2 34 47 37 48 46 23 AQUIIII!!33 33 37 3 10 48 10 2 0 25 2 37 0 48 1 19 13 22 34 23 0 34 46 23 46 25 22 3 4 AQUIIII!!13 23 20 2 3 5 33 19 33 23 10 45 1 24 22 49 25 47 45 37 33 
0 13 33 25 17 47 0 13 1 34 22 49 1 46 47 10 
49 20 34 10 
23 37 48 22 49 
37 
45 48 18 47 16 49 
AQUIIII!!49 24 48 33 34 46 22 10 20 19 17 47 45 18 23 37 
AQUIIII!!49 20 18 24 34 23 19 22 37 33 17 47 48 46 45 16 
AQUIIII!!47 46 49 18 48 34 16 22 19 37 23 20 24 33 45 17 
AQUIIII!!33 18 17 24 19 23 34 10 AQUIIII!!22 33 46 2 20 22 AQUIIII!!45 34 0 13 34 49 10 10 37 1 23 45 5 48 25 25 47 13 3 
47 0 22 48 23 1 AQUIIII!!33 37 17 37 4 48 2 49 48 33 
49 47 46 22 
45 37 34 18 20 23 19 46 24 16 49 
AQUIIII!!37 2 0 AQUIIII!!25 46 23 1 0 34 13 10 1 AQUIIII!!33 47 5 22 10 2 13 3 34 45 2 25 48 10 48 47 1 33 23 13 22 49 22 
37 48 25 AQUIIII!!48 4 4 13 23 34 33 49 37 10 
0 34 33 23 3 1 AQUIIII!!25 49 22 48 
2 23 AQUIIII!!37 18 33 3 46 37 0 37 0 4 25 13 5 19 49 22 45 
48 33 34 0 5 10 23 22 10 47 1 20 25 34 49 2 4 
3 49 
AQUIIII!!45 AQUIIII!!49 17 20 22 23 19 33 37 22 16 34 33 20 16 37 46 17 49 24 18 18 47 45 24 48 
23 19 34 47 48 46 AQUIIII!!
37 10 23 33 22 1 46 2 34 48 25 13 0 AQUIIII!!47 10 45 19 49 
34 33 23 47 25 18 48 22 AQUIIII!!37 45 0 24 AQUIIII!!46 19 20 49 34 45 2 33 49 45 46 
1 20 46 18 22 34 17 48 23 37 47 47 0 23 37 48 33 10 22 49 10 
13 25 
AQUIIII!!AQUIIII!!37 0 22 25 10 37 25 45 4 48 23 2 34 34 3 46 AQUIIII!!1 22 37 48 47 25 0 AQUIIII!!1 23 33 25 3 20 37 13 22 10 2 2 33 AQUIIII!!33 1 47 0 13 0 1 49 10 47 25 49 
5 3 0 
34 23 10 4 46 33 48 34 3 23 22 AQUIIII!!2 22 48 14 13 13 34 12 49 10 48 27 
33 1 39 AQUIIII!!AQUIIII!!49 9 23 20 33 40 
37 33 0 41 2 13 22 11 3 0 42 46 19 8 2 49 45 5 26 47 37 32 25 21 
48 10 46 7 34 43 34 48 44 1 
4 25 22 10 37 23 47 23 49 1 
49 
AQUIIII!!45 49 20 48 23 34 1 37 47 25 10 2 0 46 22 33 
AQUIIII!!18 49 17 46 24 22 19 23 48 37 33 45 47 10 34 20 
AQUIIII!!44 45 15 33 16 22 43 17 37 24 46 20 18 23 34 19 
AQUIIII!!16 48 46 45 18 23 15 24 33 20 17 19 34 47 37 22 
AQUIIII!!0 13 33 22 31 1 10 37 3 4 34 25 2 5 6 49 
AQUIIII!!18 47 19 49 20 48 46 33 34 16 17 23 22 45 37 24 
AQUIIII!!2 23 45 22 37 13 48 46 AQUIIII!!34 33 0 13 25 48 AQUIIII!!10 49 0 1 0 37 33 23 1 47 37 4 49 46 5 48 
25 19 20 2 1 3 25 23 34 34 22 10 45 22 10 49 33 
47 
AQUIIII!!46 37 24 18 33 15 20 17 22 47 19 16 34 23 45 44 
AQUIIII!!46 45 AQUIIII!!23 25 22 24 10 33 13 37 0 20 48 48 10 23 47 2 19 34 47 18 1 17 33 49 AQUIIII!!34 
46 49 37 0 45 25 AQUIIII!!22 4 49 49 22 48 
10 10 2 23 23 0 33 2 3 1 48 37 13 3 1 47 34 37 5 4 22 34 
AQUIIII!!25 45 33 44 13 34 
20 22 33 23 24 15 16 37 43 19 AQUIIII!!18 10 46 25 17 22 
48 13 0 45 33 2 1 46 47 23 34 37 49 
AQUIIII!!20 33 10 0 19 18 25 45 22 47 34 23 48 46 37 49 
AQUIIII!!AQUIIII!!49 49 46 45 48 10 20 34 18 25 19 22 48 47 0 10 13 22 33 24 46 37 45 23 33 1 17 47 2 23 
37 34 AQUIIII!!
46 47 44 45 18 16 19 34 33 15 22 17 20 24 37 23 
AQUIIII!!20 33 34 18 17 23 24 48 19 37 47 49 22 45 10 46 
AQUIIII!!48 22 23 37 45 25 34 1 20 0 47 46 2 10 33 49 
AQUIIII!!49 37 0 34 AQUIIII!!5 34 10 46 6 37 13 23 22 10 4 45 2 47 AQUIIII!!48 3 5 25 25 0 0 33 22 20 31 33 22 1 33 10 
1 34 19 1 49 4 
48 23 13 3 37 25 2 49 
AQUIIII!!44 45 24 16 19 18 20 23 17 33 15 47 46 22 37 34 
AQUIIII!!1 0 19 33 10 25 22 AQUIIII!!23 33 20 34 46 22 34 47 37 23 47 17 48 19 49 16 45 20 
37 18 15 24 46 45 44 
AQUIIII!!49 46 33 34 10 48 1 2 22 47 37 23 3 13 0 25 
AQUIIII!!AQUIIII!!49 49 19 48 48 22 34 3 17 2 45 0 33 37 47 4 46 1 37 5 22 25 18 33 16 10 24 23 20 34 23 13 

AQUIIII!!18 48 24 34 23 37 45 33 10 22 49 47 19 17 46 20 
AQUIIII!!47 13 48 2 10 0 22 25 34 1 23 33 3 46 AQUIIII!!37 23 49 24 
32 34 33 15 20 43 17 16 22 18 19 42 45 44 
AQUIIII!!45 18 46 48 47 20 34 37 17 16 23 24 22 19 33 AQUIIII!!49 49 
13 3 48 22 1 47 46 33 37 34 0 2 25 10 23 AQUIIII!!
49 37 13 3 33 10 23 48 34 5 2 22 0 4 25 1 
AQUIIII!!2 33 34 22 10 0 37 25 1 4 3 48 5 23 13 49 
AQUIIII!!44 45 18 23 20 43 34 33 32 42 16 17 22 24 19 15 
AQUIIII!!47 33 46 0 20 22 10 25 37 34 2 48 45 1 23 49 
AQUIIII!!49 33 37 4 1 13 34 23 5 2 22 10 0 48 3 25 
AQUIIII!!3 33 22 0 1 23 25 4 13 37 34 48 47 2 10 49 
AQUIIII!!49 23 34 20 10 45 33 48 2 0 37 22 47 46 1 25 
AQUIIII!!0 45 19 23 10 25 22 20 37 34 47 33 18 49 48 46 
AQUIIII!!19 33 34 24 46 16 23 45 18 47 37 20 22 48 17 49 AQUIIII!!49 
10 34 1 5 25 37 6 33 22 2 31 3 0 13 AQUIIII!!4 37 
34 0 48 AQUIIII!!13 AQUIIII!!45 49 0 22 17 33 34 25 25 46 1 23 10 46 47 45 10 22 47 48 47 2 20 23 33 37 49 23 1 
33 45 13 19 48 24 18 37 
34 46 22 10 2 49 
AQUIIII!!49 37 3 AQUIIII!!10 18 47 20 22 48 2 25 23 0 33 45 0 22 25 46 13 1 33 23 4 47 48 34 19 37 
34 10 49 
AQUIIII!!10 20 45 47 23 34 48 46 33 24 17 19 37 18 22 49 
AQUIIII!!10 45 49 25 34 33 22 23 20 37 19 1 0 47 48 46 
AQUIIII!!49 0 1 33 34 13 5 48 10 23 37 2 3 4 22 25 
AQUIIII!!49 4 23 37 10 1 5 2 34 3 48 33 0 22 13 25 
AQUIIII!!49 4 13 AQUIIII!!2 46 5 48 37 47 45 0 49 25 34 20 48 0 34 37 22 3 25 22 23 10 10 1 1 19 23 33 
33 
AQUIIII!!20 17 45 46 49 47 34 24 18 19 48 23 37 22 16 33 
AQUIIII!!18 33 19 34 20 37 45 22 23 16 46 24 17 48 47 49 
AQUIIII!!44 45 33 19 16 20 24 17 23 46 22 34 18 47 37 15 
AQUIIII!!47 46 18 45 23 37 48 24 17 34 16 22 33 19 20 49 
AQUIIII!!AQUIIII!!49 19 19 34 46 45 33 37 22 1 17 20 10 37 0 47 25 22 34 45 23 48 24 23 47 18 
46 33 49 20 16 48 
AQUIIII!!49 47 10 AQUIIII!!46 AQUIIII!!49 37 49 13 22 45 22 3 25 25 25 0 37 10 1 3 2 22 5 23 20 6 47 34 33 23 4 4 33 33 48 2 1 0 48 31 34 34 0 37 
2 1 10 13 

AQUIIII!!49 34 46 18 47 24 10 23 33 17 37 AQUIIII!!48 49 20 4 45 34 22 23 19 2 
33 5 0 25 3 48 37 10 1 22 13 
AQUIIII!!7 44 43 14 11 42 9 27 12 26 21 41 32 8 39 40 
AQUIIII!!49 22 34 18 16 20 37 46 45 33 17 48 47 19 23 24 
AQUIIII!!49 34 33 22 37 20 18 16 47 19 45 48 23 17 46 24 
AQUIIII!!25 46 37 10 23 47 19 34 0 18 22 48 33 20 49 45 
AQUIIII!!49 20 23 45 47 37 33 46 17 18 16 19 34 48 24 22 
AQUIIII!!49 10 20 18 34 47 17 23 AQUIIII!!45 49 37 22 19 18 33 19 24 17 22 34 48 37 46 
24 46 47 45 23 48 20 33 16 
AQUIIII!!49 33 25 46 0 34 22 37 13 47 2 23 48 3 10 1 
AQUIIII!!49 46 23 16 19 17 47 34 20 33 18 37 45 22 48 24 
AQUIIII!!49 33 48 34 5 22 37 3 25 2 13 0 10 23 4 1 
AQUIIII!!49 46 37 22 33 1 48 2 23 10 13 3 25 47 34 0 
AQUIIII!!46 15 45 19 47 18 37 33 24 34 23 16 44 20 17 22 
AQUIIII!!49 33 AQUIIII!!4 25 25 22 13 1 37 5 0 34 48 22 33 23 2 37 47 0 10 AQUIIII!!13 34 49 10 45 37 2 23 23 48 1 47 3 46 45 33 
49 25 
2 10 22 46 34 1 0 20 48 
AQUIIII!!45 48 18 24 33 49 34 46 19 22 23 10 47 17 20 37 
AQUIIII!!18 49 16 46 48 19 17 45 34 23 47 20 22 37 24 33 
AQUIIII!!49 34 20 46 2 33 0 37 23 1 25 22 48 47 10 45 
AQUIIII!!49 48 19 23 17 22 33 47 45 16 18 34 24 20 37 46 
AQUIIII!!49 3 13 AQUIIII!!48 1 23 25 13 10 10 37 34 46 33 6 0 31 1 3 2 5 33 2 22 37 0 25 22 47 4 34 49 

AQUIIII!!49 22 19 47 34 46 24 20 33 10 18 23 37 45 17 48 
AQUIIII!!47 17 45 23 22 33 48 49 37 24 19 46 10 20 34 18 
AQUIIII!!19 45 49 34 48 22 0 47 25 33 37 20 23 10 1 46 
AQUIIII!!49 22 46 19 24 16 33 47 48 37 23 34 45 20 18 17 
AQUIIII!!49 25 47 33 0 13 3 AQUIIII!!1 49 37 2 4 1 23 3 2 33 34 48 48 4 22 37 5 10 22 
10 25 34 13 0 23 
AQUIIII!!49 0 19 23 10 46 22 1 37 45 25 20 48 34 33 47 
AQUIIII!!49 34 25 0 47 37 48 45 33 1 23 13 2 46 10 22 
AQUIIII!!49 22 24 34 18 16 48 47 46 19 33 45 20 37 23 17 
AQUIIII!!19 45 49 46 34 18 48 20 33 47 25 10 23 37 0 22 
AQUIIII!!49 10 34 37 1 25 23 13 47 3 0 2 48 33 22 4 
AQUIIII!!49 37 34 45 47 10 20 23 17 46 22 19 33 18 48 24 
AQUIIII!!15 47 45 46 44 16 23 17 18 19 24 33 34 20 37 22 
AQUIIII!!49 1 0 25 22 46 10 34 47 48 23 45 37 33 19 20 
AQUIIII!!45 46 16 33 47 37 17 23 20 44 22 18 15 19 24 34 
AQUIIII!!18 47 19 49 20 48 46 33 34 16 17 23 22 45 37 24 
AQUIIII!!49 19 48 33 22 25 10 37 0 20 1 23 34 47 45 46 
AQUIIII!!47 45 46 48 37 16 19 23 34 17 18 33 24 22 49 20 
Number of Cuts in the second phase:6079
Number of repeat: 5879 
Violation: 70.000000
Violation: 140.000000
Violation: 655.000000
Violation: 51.000000
Violation: 420.000000
Violation: 793.000000
Violation: 833.000000
Violation: 625.000000
Violation: 405.000000
Violation: 1027.000000
Violation: 375.000000
Violation: 1315.000000
Violation: 638.000000
Violation: 280.000000
Violation: 811.000000
Violation: 811.000000
Violation: 777.000000
Violation: 981.000000
Violation: 424.000000
Violation: 419.000000
Violation: 386.000000
Violation: 370.000000
Violation: 848.000000
Violation: 318.000000
Violation: 240.000000
Violation: 89.000000
Violation: 178.000000
Violation: 782.000000
Violation: 560.000000
Violation: 175.000000
Violation: 140.000000
Violation: 178.000000
Violation: 1052.000000
Violation: 214.000000
Violation: 140.000000
Violation: 373.000000
Violation: 560.000000
Violation: 356.000000
Violation: 650.000000
Violation: 280.000000
Violation: 875.000000
Violation: 487.000000
Violation: 135.000000
Violation: 833.000000
Violation: 140.000000
Violation: 140.000000
Violation: 772.000000
Violation: 500.000000
Violation: 741.000000
Violation: 352.000000
Violation: 940.000000
Violation: 962.000000
Violation: 371.000000
Violation: 140.000000
Violation: 1152.000000
Violation: 375.000000
Violation: 134.000000
Violation: 721.000000
Violation: 280.000000
Violation: 402.000000
Violation: 632.000000
Violation: 497.000000
Violation: 47.000000
Violation: 347.000000
Violation: 33.000000
Violation: 267.000000
Violation: 655.000000
Violation: 425.000000
Violation: 490.000000
Violation: 319.000000
Violation: 89.000000
Violation: 799.000000
Violation: 189.000000
Violation: 1096.000000
Violation: 1096.000000
Violation: 1492.000000
Violation: 374.000000
Violation: 178.000000
Violation: 742.000000
Violation: 112.000000
Violation: 487.000000
Violation: 405.000000
Violation: 352.000000
Violation: 265.000000
Violation: 318.000000
Violation: 375.000000
Violation: 280.000000
Violation: 1147.000000
Violation: 414.000000
Violation: 240.000000
Violation: 125.000000
Violation: 848.000000
Violation: 280.000000
Violation: 458.000000
Violation: 848.000000
Violation: 625.000000
Violation: 392.000000
Violation: 370.000000
Violation: 1400.000000
Violation: 85.000000
Violation: 352.000000
Violation: 551.000000
Violation: 1310.000000
Violation: 935.000000
Violation: 632.000000
Violation: 85.000000
Violation: 1523.000000
Violation: 390.000000
Violation: 280.000000
Violation: 874.000000
Violation: 658.000000
Violation: 742.000000
Violation: 140.000000
Violation: 170.000000
Violation: 106.000000
Violation: 416.000000
Violation: 777.000000
Violation: 375.000000
Violation: 265.000000
Violation: 373.000000
Violation: 147.000000
Violation: 492.000000
Violation: 500.000000
Violation: 371.000000
Violation: 245.000000
Violation: 310.000000
Violation: 356.000000
Violation: 922.000000
Violation: 140.000000
Violation: 275.000000
Violation: 840.000000
Violation: 655.000000
Violation: 350.000000
Violation: 370.000000
Violation: 673.000000
Violation: 456.000000
Violation: 280.000000
Violation: 418.000000
Violation: 676.000000
Violation: 500.000000
Violation: 318.000000
Violation: 655.000000
Violation: 250.000000
Violation: 275.000000
Violation: 246.000000
Violation: 799.000000
Violation: 280.000000
Violation: 125.000000
Violation: 53.000000
Violation: 456.000000
Violation: 650.000000
Violation: 922.000000
Violation: 284.000000
Violation: 447.000000
Violation: 85.000000
Violation: 1777.000000
Violation: 676.000000
Violation: 745.000000
Violation: 1400.000000
Violation: 78.000000
Violation: 250.000000
Violation: 352.000000
Violation: 636.000000
Violation: 922.000000
Violation: 280.000000
Violation: 240.000000
Violation: 246.000000
Violation: 420.000000
Violation: 34.000000
Violation: 226.000000
Violation: 67.000000
Violation: 214.000000
Violation: 673.000000
Violation: 777.000000
Violation: 370.000000
Violation: 30.000000
Violation: 492.000000
Violation: 458.000000
Violation: 852.000000
Violation: 741.000000
Violation: 333.000000
Violation: 487.000000
Violation: 1022.000000
Violation: 106.000000
Violation: 140.000000
Violation: 655.000000
Violation: 625.000000
Violation: 497.000000
Violation: 1416.000000
Violation: 795.000000
Violation: 1416.000000
Violation: 373.000000
Violation: 375.000000
Violation: 214.000000
Violation: 650.000000
Violation: 170.000000
Violation: 175.000000
Violation: 530.000000
Violation: 310.000000
Violation: 207.000000
2808 16
AQUIIII!!49 45 10 17 22 33 48 19 46 23 20 47 37 18 34 24 
AQUIIII!!45 44 24 34 17 15 46 18 23 33 16 22 20 37 19 43 
AQUIIII!!24 33 19 23 20 34 17 48 46 37 18 47 22 49 45 16 
AQUIIII!!24 33 19 23 20 34 17 48 46 37 18 47 22 49 45 16 
AQUIIII!!37 24 17 33 18 47 45 16 22 23 34 46 48 19 20 49 
AQUIIII!!25 AQUIIII!!37 17 45 AQUIIII!!33 23 18 46 10 19 34 1 15 43 33 22 22 46 24 24 34 23 15 13 34 20 0 20 16 22 44 19 2 17 23 49 43 18 48 37 33 47 44 37 
45 45 
46 16 
AQUIIII!!25 37 45 23 10 1 33 46 34 13 0 22 2 49 48 47 
AQUIIII!!1 0 37 AQUIIII!!10 20 3 48 5 34 6 47 34 46 22 33 2 AQUIIII!!25 45 33 31 0 34 4 37 2 13 1 22 33 22 49 0 2 
46 10 3 25 37 23 48 49 23 
10 13 47 1 AQUIIII!!25 2 49 25 
13 46 37 0 34 48 23 22 1 33 45 10 47 AQUIIII!!49 49 
22 13 33 23 1 4 34 5 37 48 10 2 3 25 0 
AQUIIII!!49 31 25 13 0 6 33 22 34 3 5 10 4 37 1 2 
AQUIIII!!16 46 45 37 19 24 43 22 20 34 23 44 18 15 17 33 
AQUIIII!!10 18 33 22 47 34 23 20 19 45 17 37 24 46 49 48 
AQUIIII!!19 22 34 37 47 24 16 20 48 18 33 17 23 46 15 45 
AQUIIII!!23 34 19 20 37 47 18 33 0 10 45 AQUIIII!!AQUIIII!!25 19 17 22 34 22 46 46 45 48 45 34 49 22 47 
0 37 10 24 37 20 33 19 25 AQUIIII!!23 20 0 33 1 16 2 18 48 23 48 48 23 49 10 47 46 47 49 
37 
AQUIIII!!46 22 25 45 22 46 13 48 3 1 1 25 33 13 34 34 49 2 
10 33 47 37 0 23 49 
AQUIIII!!49 47 4 13 33 25 34 48 37 0 23 22 1 2 10 3 
AQUIIII!!49 47 13 0 25 10 2 48 45 33 34 46 22 1 23 37 
AQUIIII!!49 19 45 37 22 46 34 23 20 33 47 17 48 18 24 16 
AQUIIII!!49 48 46 25 47 1 3 13 37 33 0 22 10 34 2 23 
AQUIIII!!48 49 46 34 22 37 10 2 47 1 0 33 20 45 25 23 
AQUIIII!!AQUIIII!!10 48 17 0 24 34 45 22 34 33 37 1 19 20 20 19 18 23 22 10 23 45 33 37 46 25 49 49 48 47 47 46 

AQUIIII!!23 AQUIIII!!37 46 13 1 0 47 49 23 1 10 25 48 10 33 2 AQUIIII!!34 33 10 2 22 17 45 34 24 37 46 45 0 48 34 20 45 37 25 47 19 22 
20 49 18 
22 23 33 46 49 48 47 
AQUIIII!!33 22 10 AQUIIII!!20 16 46 17 47 19 23 20 45 46 1 48 19 24 25 23 34 47 37 34 48 37 0 18 49 45 
22 AQUIIII!!33 10 49 1 
22 45 2 33 0 37 25 13 34 48 23 47 46 49 
AQUIIII!!48 49 46 47 22 10 18 33 24 45 17 19 34 23 37 20 
AQUIIII!!33 AQUIIII!!25 2 20 33 22 31 19 5 46 25 34 10 47 4 45 3 0 37 10 34 23 1 18 13 37 0 48 22 49 6 
49 
AQUIIII!!3 10 46 48 22 1 37 25 33 2 34 0 13 23 47 49 
AQUIIII!!20 48 37 34 22 0 46 1 33 47 45 25 10 23 2 49 
AQUIIII!!47 46 49 45 48 20 18 25 37 34 19 22 33 0 23 10 
AQUIIII!!47 46 49 45 48 20 18 25 37 34 19 22 33 0 23 10 
AQUIIII!!49 33 1 10 34 4 48 23 3 22 0 2 13 25 5 37 
AQUIIII!!23 22 0 19 1 37 20 46 45 10 33 48 25 34 47 49 
AQUIIII!!49 46 48 33 22 10 20 34 0 37 47 23 25 1 45 2 
AQUIIII!!37 45 1 46 25 0 13 23 22 34 10 33 47 48 2 49 
AQUIIII!!45 46 44 16 43 34 20 24 17 37 19 23 33 15 18 22 
AQUIIII!!49 2 4 23 5 33 25 37 13 34 3 22 48 1 0 10 
AQUIIII!!46 48 49 45 22 33 1 20 37 25 2 0 47 10 23 34 
AQUIIII!!49 25 19 23 47 10 45 37 0 48 22 20 1 33 46 34 
AQUIIII!!19 46 47 49 18 20 10 23 0 22 34 45 25 48 33 37 
AQUIIII!!49 34 46 3 10 23 48 2 22 47 1 37 0 25 33 13 
AQUIIII!!49 23 19 47 37 33 0 34 46 22 10 48 45 20 1 25 
AQUIIII!!49 0 25 22 37 47 1 46 33 23 20 34 19 48 45 10 
AQUIIII!!49 46 0 34 2 23 48 22 25 47 1 3 10 33 37 13 
AQUIIII!!49 10 25 33 1 37 13 23 46 22 0 3 2 48 47 34 
AQUIIII!!46 48 49 2 34 20 10 33 45 0 23 47 37 1 25 22 
Number of Cuts in the second phase:1992
Number of repeat: 1932 
Violation: 166.000000
Violation: 246.000000
Violation: 916.000000
Violation: 375.000000
Violation: 564.000000
Violation: 655.000000
Violation: 1526.000000
Violation: 874.000000
Violation: 550.000000
Violation: 581.000000
Violation: 419.000000
Violation: 812.000000
Violation: 280.000000
Violation: 451.000000
Violation: 280.000000
Violation: 175.000000
Violation: 487.000000
Violation: 1064.000000
Violation: 515.000000
Violation: 280.000000
Violation: 818.000000
Violation: 451.000000
Violation: 510.000000
Violation: 957.000000
Violation: 464.000000
Violation: 375.000000
Violation: 814.000000
Violation: 825.000000
Violation: 546.000000
Violation: 27.000000
Violation: 375.000000
Violation: 184.000000
Violation: 276.000000
Violation: 370.000000
Violation: 207.000000
Violation: 486.000000
Violation: 548.000000
Violation: 515.000000
Violation: 352.000000
Violation: 1232.000000
Violation: 500.000000
Violation: 1131.000000
Violation: 284.000000
Violation: 83.000000
Violation: 659.000000
Violation: 481.000000
Violation: 346.000000
Violation: 140.000000
Violation: 68.000000
Violation: 526.000000
Violation: 560.000000
Violation: 356.000000
Violation: 560.000000
Violation: 214.000000
Violation: 1405.000000
Violation: 26.000000
Violation: 486.000000
Violation: 951.000000
Violation: 225.000000
Violation: 375.000000
took 4.963871
Optimize a model with 997 rows, 906 columns and 12789 nonzeros
Coefficient statistics:
  Matrix range     [1e+00, 4e+01]
  Objective range  [0e+00, 0e+00]
  Bounds range     [1e+00, 4e+01]
  RHS range        [1e+00, 1e+02]
Presolve removed 341 rows and 107 columns
Presolve time: 0.00s
Presolved: 656 rows, 799 columns, 10889 nonzeros

Iteration    Objective       Primal Inf.    Dual Inf.      Time
       0    0.0000000e+00   4.607505e+01   0.000000e+00      0s
     114    0.0000000e+00   0.000000e+00   0.000000e+00      0s

Solved in 114 iterations and 0.01 seconds
Optimal objective  0.000000000e+00
