j3017_4.mm_s0.txt
Academic license - for non-commercial use only
Read LP format model from file lp/j3017_4.mm.lp
Reading time = 0.01 seconds
: 351 rows, 906 columns, 9053 nonzeros
OKGPU
nThreads: 1024 , nBlocks: 12 
Number cuts generated in the phase 1: 13
Number of repeat: 0 
violation 714.000000
violation 695.000000
violation 185.000000
violation 585.000000
violation 236.000000
violation 674.000000
violation 674.000000
violation 782.000000
violation 423.000000
violation 27.000000
violation 198.000000
violation 402.000000
violation 750.000000
8592 16
8 44 3 6 
36 20 22 19 
AQUIIII!!14 27 38 1 15 34 25 37 13 47 56 AQUIIII!!2 8 55 18 33 19 21 52 59 44 
20 AQUIIII!!3 36 33 50 10 41 16 6 36 22 31 7 23 17 34 43 54 23 
6 26 51 3 9 AQUIIII!!49 43 54 49 48 23 
51 3 17 AQUIIII!!34 31 43 36 26 6 7 AQUIIII!!8 17 48 5 23 16 49 7 31 10 26 54 54 17 
16 4 6 23 34 26 36 37 AQUIIII!!48 36 6 33 49 43 48 51 10 16 8 51 43 3 16 51 
31 9 23 54 
33 17 AQUIIII!!26 5 36 33 48 49 9 31 3 16 49 54 54 23 
36 9 10 26 17 43 3 AQUIIII!!48 54 49 51 43 
17 AQUIIII!!AQUIIII!!6 51 3 23 16 41 10 49 7 6 10 36 23 34 17 33 50 3 48 26 20 48 43 31 22 51 
52 33 18 31 7 7 36 36 AQUIIII!!8 26 5 19 16 49 44 6 10 23 3 54 17 54 
4 
23 26 AQUIIII!!37 44 36 6 33 22 48 23 16 52 43 51 18 9 50 54 7 
19 AQUIIII!!36 54 41 29 51 20 19 34 23 3 AQUIIII!!48 8 18 4 54 34 23 
AQUIIII!!6 48 54 8 AQUIIII!!54 33 36 19 49 8 49 43 26 17 36 31 6 10 7 51 7 23 16 36 3 10 41 AQUIIII!!33 7 9 44 36 
49 51 23 49 6 33 37 3 43 34 26 4 20 48 16 31 18 36 
5 3 17 50 17 26 22 37 
9 51 16 54 10 AQUIIII!!
33 6 AQUIIII!!23 41 15 48 23 38 5 22 27 AQUIIII!!43 8 AQUIIII!!47 18 54 34 3 2 50 51 36 6 AQUIIII!!1 34 44 
8 37 49 AQUIIII!!44 3 51 9 55 7 10 51 44 48 52 25 9 20 23 36 36 34 43 50 26 8 50 14 33 AQUIIII!!33 18 3 22 33 44 23 41 37 7 7 AQUIIII!!13 51 26 22 17 19 41 56 33 6 16 19 5 34 54 59 34 20 20 3 36 20 36 
21 23 36 23 16 23 36 
6 19 34 51 7 48 18 54 19 10 3 17 54 
8 4 50 
49 20 43 8 51 49 54 7 
6 5 41 37 31 AQUIIII!!18 29 54 54 3 
22 51 AQUIIII!!51 19 7 17 18 23 AQUIIII!!8 10 54 23 54 37 17 
49 5 
23 26 43 27 49 48 2 16 36 16 51 23 29 17 4 4 34 33 36 AQUIIII!!3 5 37 54 9 10 31 37 43 33 6 23 1 26 26 9 48 18 
49 48 36 54 18 33 

49 3 AQUIIII!!6 54 20 31 34 16 51 48 19 49 7 43 29 36 8 7 
17 26 10 3 51 6 23 33 
AQUIIII!!54 49 34 19 7 6 3 23 29 20 51 36 33 8 AQUIIII!!37 54 18 51 
7 8 17 23 49 36 29 34 3 31 6 26 48 18 
AQUIIII!!49 51 48 3 16 10 43 33 31 23 54 9 5 26 17 36 
AQUIIII!!49 AQUIIII!!37 10 8 23 49 54 20 26 29 36 23 43 34 16 7 31 18 6 36 7 51 33 6 17 19 48 AQUIIII!!33 51 20 3 3 54 50 

18 3 6 41 7 34 8 22 52 36 AQUIIII!!23 54 44 18 19 3 49 54 8 
23 34 20 29 19 33 6 36 7 51 37 
AQUIIII!!54 23 18 8 37 49 33 19 7 36 20 AQUIIII!!29 44 51 51 3 18 6 3 34 6 
20 36 41 19 34 23 7 50 8 22 54 AQUIIII!!
19 6 23 8 31 3 7 29 34 AQUIIII!!18 17 33 43 48 33 36 49 54 6 51 16 49 31 
10 23 48 26 36 AQUIIII!!51 33 3 58 9 AQUIIII!!38 54 34 55 
23 37 7 15 16 34 49 21 26 12 6 13 48 11 31 25 8 45 36 14 3 0 17 47 43 
51 54 
AQUIIII!!51 7 23 8 22 41 3 36 18 34 6 44 AQUIIII!!50 19 37 AQUIIII!!20 48 49 54 4 3 
48 16 9 49 26 51 33 43 23 36 31 43 17 17 33 6 10 16 51 54 9 10 23 36 
26 5 54 
AQUIIII!!43 7 49 3 26 AQUIIII!!48 31 6 36 31 7 16 26 36 34 3 23 6 17 51 29 51 AQUIIII!!18 8 8 54 34 
23 48 52 AQUIIII!!AQUIIII!!34 18 43 5 17 19 4 49 10 6 23 54 9 44 17 
48 AQUIIII!!50 49 43 54 3 9 17 8 6 33 3 20 48 10 51 41 26 23 16 7 16 33 48 36 31 33 23 36 36 36 22 5 49 AQUIIII!!54 49 26 26 16 51 
18 37 54 31 22 51 
3 6 54 17 
51 43 23 23 20 10 41 44 7 8 
3 7 50 36 34 19 54 
AQUIIII!!52 54 3 7 6 41 36 34 50 22 AQUIIII!!23 51 18 48 54 44 8 8 3 19 20 29 6 
19 31 49 34 36 23 18 7 33 
AQUIIII!!7 6 43 16 36 23 26 51 17 34 54 8 31 3 49 48 
AQUIIII!!34 26 23 49 AQUIIII!!3 20 51 18 7 22 48 52 31 19 8 36 6 44 16 23 36 7 17 41 43 AQUIIII!!34 54 34 8 
22 6 6 50 8 3 19 54 20 
41 44 51 7 50 23 36 18 3 54 
AQUIIII!!51 AQUIIII!!26 43 4 37 36 10 9 48 16 48 17 AQUIIII!!16 9 49 33 29 49 10 18 17 5 3 51 33 23 26 51 23 36 7 4 43 6 23 37 33 54 20 5 49 37 
54 34 AQUIIII!!
36 9 8 33 19 36 54 10 
51 6 31 26 43 48 16 17 23 49 AQUIIII!!3 43 54 3 
33 49 31 17 6 51 36 7 16 26 23 10 48 54 AQUIIII!!
20 44 23 AQUIIII!!34 37 22 33 36 16 5 3 AQUIIII!!7 26 23 23 19 18 36 16 51 48 51 6 10 48 41 9 49 8 51 26 50 17 33 AQUIIII!!54 4 10 
51 43 43 19 17 49 49 4 54 6 36 
37 37 29 9 33 5 7 54 18 
20 8 23 34 36 3 54 
AQUIIII!!48 43 10 37 16 9 AQUIIII!!51 44 5 3 23 22 36 34 17 8 26 7 33 19 4 36 49 52 54 20 
AQUIIII!!41 20 53 6 52 18 50 41 50 18 23 6 23 54 34 8 
44 19 7 36 57 22 AQUIIII!!
8 51 6 33 18 23 37 19 AQUIIII!!3 25 20 14 29 13 34 37 7 45 49 57 36 11 54 21 
15 34 38 AQUIIII!!12 AQUIIII!!AQUIIII!!8 58 48 AQUIIII!!18 51 33 52 7 19 44 23 AQUIIII!!34 47 26 44 41 44 36 0 31 41 50 18 
23 34 23 20 3 6 6 6 36 36 8 41 26 23 8 18 51 22 49 34 7 6 3 7 20 22 50 43 3 7 31 19 17 19 6 18 7 20 23 49 8 54 54 3 34 AQUIIII!!

51 36 36 54 29 29 16 8 48 33 54 17 50 23 
34 22 19 3 51 3 54 54 36 
7 
49 48 18 51 8 6 34 31 
AQUIIII!!4 5 16 33 9 23 36 49 48 37 26 51 43 17 10 54 
AQUIIII!!54 50 18 6 34 7 19 41 8 36 51 23 44 22 3 20 
AQUIIII!!54 48 3 33 6 26 43 AQUIIII!!54 23 51 36 10 29 16 3 49 7 36 48 17 6 9 34 31 18 
51 17 26 31 49 8 23 
AQUIIII!!43 49 10 36 7 6 48 17 16 51 26 3 33 31 23 54 
AQUIIII!!51 54 36 6 20 49 7 33 23 19 34 29 37 8 3 18 
AQUIIII!!3 48 49 17 AQUIIII!!7 48 29 54 51 6 54 23 34 36 31 33 6 7 8 31 23 34 36 3 18 18 26 19 
8 29 51 49 
AQUIIII!!36 18 41 50 34 52 44 7 6 3 22 19 8 20 AQUIIII!!23 23 54 43 
26 9 49 3 AQUIIII!!16 33 48 9 17 16 AQUIIII!!36 10 6 31 5 8 51 33 18 49 23 5 36 17 10 49 23 54 17 48 51 26 AQUIIII!!36 
31 50 31 29 3 19 7 26 23 34 43 36 51 54 3 52 
48 41 54 20 
18 3 6 34 22 44 8 7 54 
AQUIIII!!54 22 8 41 19 51 3 6 34 7 20 36 23 44 18 50 
AQUIIII!!AQUIIII!!51 0 32 54 58 36 44 3 36 19 31 50 48 57 18 34 23 33 7 38 11 49 12 34 52 AQUIIII!!17 20 54 6 53 18 29 
34 26 29 8 23 
7 6 51 8 33 AQUIIII!!37 54 3 31 19 3 20 33 36 51 49 16 
23 36 5 17 48 49 26 9 AQUIIII!!43 6 10 16 
49 3 34 31 8 51 17 36 43 23 26 48 7 54 
AQUIIII!!8 52 53 19 23 41 20 36 22 44 58 18 34 7 57 50 AQUIIII!!
53 8 52 36 AQUIIII!!3 54 43 7 6 23 17 41 16 23 34 48 50 26 44 10 18 7 51 19 31 6 3 33 20 49 22 36 

AQUIIII!!54 3 23 19 AQUIIII!!44 54 7 17 18 31 8 49 22 43 AQUIIII!!6 54 23 34 17 6 51 49 51 41 31 10 50 48 36 36 8 26 20 6 
3 51 16 23 48 29 33 3 7 18 
7 36 34 26 
AQUIIII!!7 49 8 43 23 17 51 36 16 3 31 34 26 48 6 54 
AQUIIII!!54 7 6 23 49 33 8 37 29 AQUIIII!!36 36 18 33 51 7 3 49 AQUIIII!!20 8 51 19 3 29 34 18 19 
22 23 36 18 41 34 44 31 8 51 19 6 6 48 7 34 3 20 54 23 
50 54 
AQUIIII!!AQUIIII!!3 19 41 22 50 8 20 44 18 6 36 7 23 50 44 36 22 20 6 51 3 18 8 23 34 19 41 34 54 54 7 
52 
AQUIIII!!23 50 19 44 58 57 41 34 36 18 20 7 22 53 52 AQUIIII!!8 
16 51 9 10 36 23 31 AQUIIII!!48 41 5 34 17 3 3 44 26 7 43 36 33 AQUIIII!!6 49 7 18 54 34 23 
23 19 26 50 31 22 16 20 6 53 3 8 48 52 17 
36 8 49 43 54 51 
AQUIIII!!41 34 3 AQUIIII!!48 44 29 7 6 36 23 34 6 AQUIIII!!AQUIIII!!3 18 54 26 54 23 48 8 19 19 8 17 22 49 50 18 49 6 34 22 31 3 20 23 51 26 53 36 51 31 8 7 18 16 52 54 20 17 

43 3 7 34 23 7 51 6 8 36 44 
41 AQUIIII!!14 50 55 36 38 
45 15 37 0 33 12 47 56 13 34 25 21 59 
AQUIIII!!59 21 56 0 33 12 55 15 37 14 AQUIIII!!13 49 54 45 43 AQUIIII!!38 7 0 25 36 10 47 34 3 59 47 51 25 6 
33 15 31 56 16 45 26 23 14 48 12 17 
37 38 33 34 21 13 55 
AQUIIII!!54 48 10 23 51 9 3 16 49 31 33 17 43 6 26 36 
AQUIIII!!54 48 10 23 51 9 3 16 49 31 33 17 43 6 26 36 
AQUIIII!!54 49 8 48 7 3 51 43 26 36 34 16 17 31 6 23 
AQUIIII!!3 AQUIIII!!51 54 48 49 23 8 49 48 7 8 26 3 51 17 43 36 26 34 36 6 34 54 16 31 17 16 31 7 6 43 23 

AQUIIII!!49 8 3 51 AQUIIII!!19 54 6 19 34 33 18 3 23 49 7 48 8 31 36 18 48 51 29 36 33 7 54 23 
6 34 31 29 
AQUIIII!!54 17 10 5 48 3 26 51 36 23 49 31 16 43 33 9 
AQUIIII!!48 3 51 9 6 16 10 54 17 26 23 49 36 33 43 31 
AQUIIII!!49 26 43 48 3 54 6 51 17 8 23 31 7 16 34 36 
AQUIIII!!29 17 6 18 36 49 7 26 34 8 48 51 3 23 31 54 
AQUIIII!!49 3 31 48 9 10 43 36 51 17 26 23 16 6 33 54 
AQUIIII!!54 23 26 33 3 6 36 43 31 48 17 10 49 7 51 16 
AQUIIII!!3 41 44 8 23 6 18 19 36 50 34 20 22 52 7 53 
AQUIIII!!31 43 34 36 48 6 AQUIIII!!23 3 23 51 3 16 48 7 49 17 8 36 17 34 26 54 7 
29 51 31 26 49 18 8 6 AQUIIII!!54 48 
51 7 23 31 34 AQUIIII!!3 54 36 23 16 26 49 31 26 43 43 3 8 6 17 48 6 33 54 17 
7 36 51 49 10 16 
AQUIIII!!54 7 48 33 3 51 36 6 19 34 29 23 31 49 18 8 
AQUIIII!!3 6 36 48 51 34 23 19 18 7 29 49 33 8 31 54 
AQUIIII!!36 8 34 26 51 3 6 23 16 43 49 48 31 17 7 54 
AQUIIII!!36 3 20 49 23 33 8 37 6 34 29 51 18 19 7 54 
AQUIIII!!54 51 5 31 49 33 43 48 3 17 36 26 16 9 23 10 
AQUIIII!!54 26 18 48 34 31 3 29 51 7 23 6 49 17 36 8 
AQUIIII!!54 51 5 31 49 33 43 48 3 17 36 26 16 9 23 10 
AQUIIII!!51 6 7 31 34 23 19 48 8 18 36 49 3 29 33 54 
AQUIIII!!54 18 20 34 44 19 23 AQUIIII!!52 50 8 23 3 6 7 7 50 41 22 52 41 18 36 22 6 20 
36 3 19 44 34 8 54 
AQUIIII!!51 54 8 26 17 43 16 34 7 48 49 6 3 AQUIIII!!23 54 31 18 36 48 
51 49 7 AQUIIII!!33 59 23 21 29 14 AQUIIII!!31 1 54 8 15 34 47 3 51 34 13 23 6 37 48 25 19 7 36 27 31 38 
6 2 17 55 26 33 18 34 49 56 3 
36 8 29 
AQUIIII!!8 52 53 19 23 41 20 36 22 44 58 18 34 7 57 50 
AQUIIII!!54 31 34 6 23 18 33 36 3 8 48 49 7 51 29 19 
AQUIIII!!AQUIIII!!54 49 7 49 54 23 34 8 23 36 17 3 18 36 51 16 34 43 6 29 3 33 48 26 19 20 7 37 51 
6 8 31 
AQUIIII!!54 51 43 49 36 6 48 16 26 10 17 31 7 33 3 23 
AQUIIII!!31 43 17 23 48 16 36 7 26 AQUIIII!!49 54 6 33 26 51 48 3 31 10 54 23 
9 5 17 33 16 36 3 43 49 51 10 
AQUIIII!!54 34 6 37 7 19 3 36 29 20 8 23 51 18 33 49 
AQUIIII!!49 54 9 51 31 43 36 17 6 48 33 23 3 AQUIIII!!10 51 16 26 54 
33 43 5 3 AQUIIII!!26 9 21 31 59 10 55 36 56 48 38 49 37 16 33 17 47 23 15 
34 25 13 14 27 12 1 
AQUIIII!!36 52 34 50 23 44 18 19 20 8 22 3 6 7 41 54 
AQUIIII!!54 43 3 51 17 49 31 6 36 34 48 7 26 16 23 8 
AQUIIII!!54 26 16 33 48 4 36 17 23 10 43 51 49 5 37 9 
AQUIIII!!AQUIIII!!54 0 5 47 16 33 23 56 9 38 49 12 33 21 48 51 34 10 55 36 15 31 25 17 13 3 59 26 14 43 45 
37 
AQUIIII!!51 54 AQUIIII!!29 54 8 4 3 33 36 23 7 10 31 51 18 16 48 36 34 5 17 48 23 43 26 37 49 9 26 6 17 
49 
AQUIIII!!29 49 19 18 6 23 33 20 37 8 3 36 7 34 51 54 
AQUIIII!!54 8 23 48 26 16 36 31 3 51 34 17 6 49 7 43 
AQUIIII!!43 48 4 49 23 33 37 10 16 36 17 26 9 51 5 54 
AQUIIII!!1 48 4 9 5 10 16 33 43 2 26 37 23 27 17 49 
AQUIIII!!54 51 10 33 5 16 3 48 36 17 26 31 43 AQUIIII!!AQUIIII!!9 54 54 23 9 26 49 51 
48 49 36 16 16 33 31 31 43 43 49 36 3 3 10 10 9 6 6 48 17 26 33 23 23 17 
51 
AQUIIII!!54 51 10 AQUIIII!!33 12 5 25 16 38 3 14 48 34 36 45 17 21 26 11 31 43 15 9 13 23 58 49 55 
37 33 0 47 
AQUIIII!!0 47 11 38 55 12 15 33 58 14 34 45 37 21 25 13 
AQUIIII!!47 0 14 56 55 12 38 25 21 59 33 15 13 34 37 45 
AQUIIII!!54 26 37 51 23 33 49 9 16 4 5 36 10 43 17 48 
AQUIIII!!54 16 36 23 17 33 51 10 6 49 26 31 48 43 7 3 
AQUIIII!!49 54 33 17 9 48 16 26 4 5 37 23 10 51 43 36 
AQUIIII!!21 59 38 25 37 27 33 1 14 4 56 15 2 55 47 34 
AQUIIII!!23 17 2 37 43 27 26 9 AQUIIII!!16 54 5 10 33 36 10 33 4 26 49 23 1 9 48 AQUIIII!!5 
48 4 54 49 8 43 26 48 23 17 36 37 16 6 51 7 
49 31 34 43 17 3 51 16 
AQUIIII!!54 16 48 9 23 36 AQUIIII!!43 54 31 49 26 34 51 19 10 7 33 6 3 3 49 23 17 29 6 20 
51 36 33 8 AQUIIII!!37 54 18 48 
8 49 34 3 26 31 16 17 43 7 23 51 6 36 
AQUIIII!!54 3 7 52 41 18 50 22 23 19 8 20 36 6 44 34 
AQUIIII!!54 34 17 36 23 26 3 49 51 18 8 6 48 29 7 31 
AQUIIII!!17 5 4 16 10 2 27 37 33 59 43 23 9 26 48 1 
AQUIIII!!49 54 8 34 33 51 36 6 3 18 19 23 48 29 31 7 
AQUIIII!!54 3 5 10 26 9 23 17 43 33 36 31 49 51 16 48 
AQUIIII!!52 20 58 11 36 38 19 0 50 53 44 12 33 32 34 57 
AQUIIII!!54 23 9 26 43 17 10 49 33 31 16 3 48 5 36 51 
AQUIIII!!54 49 3 23 34 7 36 18 8 37 19 AQUIIII!!51 54 29 6 20 19 33 33 6 23 
37 29 3 49 8 20 7 18 34 36 51 
AQUIIII!!49 54 7 6 31 29 AQUIIII!!26 54 48 48 34 23 8 17 17 5 51 36 36 10 23 9 18 3 26 
3 43 16 49 31 51 33 
AQUIIII!!54 48 23 17 5 36 10 9 26 3 43 16 49 31 51 33 
AQUIIII!!54 49 51 17 6 48 7 8 31 23 43 3 16 36 34 26 
AQUIIII!!AQUIIII!!54 54 49 8 51 36 17 6 19 48 20 7 8 34 31 51 23 43 33 3 23 16 AQUIIII!!7 36 34 48 49 26 54 3 
43 3 29 36 6 51 33 18 9 37 23 5 
26 49 16 17 10 31 
AQUIIII!!54 9 5 AQUIIII!!33 54 49 26 51 31 17 51 6 48 36 7 10 8 31 17 23 43 43 3 3 16 48 36 23 34 16 26 
49 
AQUIIII!!49 54 8 3 34 16 43 31 48 23 26 17 51 6 AQUIIII!!36 54 7 48 
26 7 AQUIIII!!36 54 51 19 17 3 23 29 49 49 34 37 3 20 6 18 31 51 18 8 8 36 29 33 
34 6 23 7 
AQUIIII!!54 8 18 34 36 29 3 20 37 6 33 49 51 19 23 7 
AQUIIII!!54 51 5 16 3 49 31 10 43 48 9 36 17 33 26 23 
AQUIIII!!54 51 5 16 3 49 31 10 43 48 9 36 17 33 26 23 
AQUIIII!!54 7 8 23 36 26 48 6 18 17 31 34 29 49 AQUIIII!!51 51 3 54 
4 49 48 23 16 AQUIIII!!10 0 33 47 36 26 45 9 15 5 14 37 34 17 43 21 
25 11 38 55 56 37 13 33 12 
AQUIIII!!54 48 3 33 6 26 43 23 51 10 16 49 36 17 9 31 
AQUIIII!!54 19 36 33 18 3 31 51 7 8 23 29 48 34 49 6 
AQUIIII!!54 36 49 7 37 34 33 3 18 20 19 51 6 8 23 29 
AQUIIII!!54 23 51 31 33 36 49 6 48 10 17 7 43 16 3 26 
AQUIIII!!54 33 31 29 3 19 6 8 51 49 36 AQUIIII!!34 48 48 54 18 33 23 51 7 23 
43 16 37 5 9 4 26 36 17 10 49 
Number of Cuts in the second phase:6302
Number of repeat: 5826 
Violation: 92.000000
Violation: 142.000000
Violation: 399.000000
Violation: 103.000000
Violation: 293.000000
Violation: 641.000000
Violation: 390.000000
Violation: 570.000000
Violation: 674.000000
Violation: 500.000000
Violation: 92.000000
Violation: 315.000000
Violation: 641.000000
Violation: 66.000000
Violation: 348.000000
Violation: 93.000000
Violation: 93.000000
Violation: 586.000000
Violation: 278.000000
Violation: 252.000000
Violation: 500.000000
Violation: 348.000000
Violation: 1.000000
Violation: 76.000000
Violation: 934.000000
Violation: 1176.000000
Violation: 185.000000
Violation: 1667.000000
Violation: 1268.000000
Violation: 293.000000
Violation: 296.000000
Violation: 527.000000
Violation: 279.000000
Violation: 142.000000
Violation: 293.000000
Violation: 293.000000
Violation: 356.000000
Violation: 168.000000
Violation: 205.000000
Violation: 298.000000
Violation: 104.000000
Violation: 212.000000
Violation: 417.000000
Violation: 585.000000
Violation: 269.000000
Violation: 606.000000
Violation: 491.000000
Violation: 530.000000
Violation: 674.000000
Violation: 856.000000
Violation: 103.000000
Violation: 5.000000
Violation: 296.000000
Violation: 673.000000
Violation: 1076.000000
Violation: 225.000000
Violation: 570.000000
Violation: 1.000000
Violation: 571.000000
Violation: 1575.000000
Violation: 572.000000
Violation: 472.000000
Violation: 866.000000
Violation: 678.000000
Violation: 984.000000
Violation: 124.000000
Violation: 782.000000
Violation: 1050.000000
Violation: 65.000000
Violation: 428.000000
Violation: 630.000000
Violation: 428.000000
Violation: 315.000000
Violation: 212.000000
Violation: 573.000000
Violation: 154.000000
Violation: 348.000000
Violation: 348.000000
Violation: 327.000000
Violation: 606.000000
Violation: 684.000000
Violation: 680.000000
Violation: 122.000000
Violation: 733.000000
Violation: 738.000000
Violation: 500.000000
Violation: 646.000000
Violation: 570.000000
Violation: 492.000000
Violation: 315.000000
Violation: 268.000000
Violation: 399.000000
Violation: 586.000000
Violation: 402.000000
Violation: 826.000000
Violation: 676.000000
Violation: 76.000000
Violation: 1361.000000
Violation: 571.000000
Violation: 369.000000
Violation: 320.000000
Violation: 409.000000
Violation: 315.000000
Violation: 166.000000
Violation: 315.000000
Violation: 461.000000
Violation: 185.000000
Violation: 702.000000
Violation: 1381.000000
Violation: 602.000000
Violation: 570.000000
Violation: 298.000000
Violation: 673.000000
Violation: 303.000000
Violation: 804.000000
Violation: 184.000000
Violation: 13.000000
Violation: 1269.000000
Violation: 571.000000
Violation: 93.000000
Violation: 399.000000
Violation: 641.000000
Violation: 250.000000
Violation: 216.000000
Violation: 610.000000
Violation: 674.000000
Violation: 750.000000
Violation: 582.000000
Violation: 1284.000000
Violation: 689.000000
Violation: 978.000000
Violation: 84.000000
Violation: 594.000000
Violation: 608.000000
Violation: 27.000000
Violation: 934.000000
Violation: 588.000000
Violation: 446.000000
Violation: 102.000000
Violation: 92.000000
Violation: 416.000000
Violation: 122.000000
Violation: 419.000000
Violation: 798.000000
Violation: 395.000000
Violation: 55.000000
Violation: 176.000000
Violation: 564.000000
Violation: 728.000000
Violation: 567.000000
Violation: 153.000000
Violation: 89.000000
Violation: 388.000000
Violation: 395.000000
Violation: 121.000000
Violation: 934.000000
Violation: 1480.000000
Violation: 732.000000
Violation: 348.000000
Violation: 1.000000
Violation: 276.000000
Violation: 608.000000
Violation: 196.000000
Violation: 429.000000
Violation: 182.000000
Violation: 94.000000
Violation: 695.000000
Violation: 286.000000
Violation: 733.000000
Violation: 958.000000
Violation: 806.000000
Violation: 304.000000
Violation: 145.000000
Violation: 395.000000
Violation: 932.000000
Violation: 477.000000
Violation: 497.000000
Violation: 866.000000
Violation: 198.000000
Violation: 794.000000
Violation: 91.000000
Violation: 271.000000
Violation: 248.000000
Violation: 451.000000
Violation: 92.000000
Violation: 424.000000
Violation: 19.000000
Violation: 206.000000
Violation: 570.000000
Violation: 301.000000
Violation: 1076.000000
Violation: 584.000000
Violation: 269.000000
Violation: 142.000000
Violation: 550.000000
Violation: 328.000000
Violation: 675.000000
Violation: 550.000000
Violation: 584.000000
Violation: 1094.000000
Violation: 49.000000
Violation: 1000.000000
Violation: 1250.000000
Violation: 821.000000
Violation: 308.000000
Violation: 573.000000
Violation: 470.000000
Violation: 573.000000
Violation: 641.000000
Violation: 848.000000
Violation: 263.000000
Violation: 315.000000
Violation: 390.000000
Violation: 499.000000
Violation: 412.000000
Violation: 120.000000
Violation: 675.000000
Violation: 369.000000
Violation: 158.000000
Violation: 696.000000
Violation: 203.000000
Violation: 105.000000
Violation: 276.000000
Violation: 355.000000
Violation: 573.000000
Violation: 686.000000
Violation: 1076.000000
Violation: 104.000000
Violation: 440.000000
Violation: 92.000000
Violation: 1315.000000
Violation: 539.000000
Violation: 575.000000
Violation: 127.000000
Violation: 576.000000
Violation: 123.000000
Violation: 195.000000
Violation: 1149.000000
Violation: 346.000000
Violation: 304.000000
Violation: 385.000000
Violation: 650.000000
Violation: 929.000000
Violation: 351.000000
Violation: 249.000000
Violation: 491.000000
Violation: 70.000000
Violation: 794.000000
Violation: 750.000000
Violation: 778.000000
Violation: 646.000000
Violation: 312.000000
Violation: 952.000000
Violation: 173.000000
Violation: 694.000000
Violation: 661.000000
Violation: 760.000000
Violation: 312.000000
Violation: 594.000000
Violation: 258.000000
Violation: 386.000000
Violation: 459.000000
Violation: 551.000000
Violation: 593.000000
Violation: 424.000000
Violation: 388.000000
Violation: 1074.000000
Violation: 390.000000
Violation: 280.000000
Violation: 203.000000
Violation: 782.000000
Violation: 679.000000
Violation: 220.000000
Violation: 692.000000
Violation: 1268.000000
Violation: 382.000000
Violation: 527.000000
Violation: 199.000000
Violation: 472.000000
Violation: 492.000000
Violation: 510.000000
Violation: 728.000000
Violation: 668.000000
Violation: 260.000000
Violation: 416.000000
Violation: 70.000000
Violation: 378.000000
Violation: 340.000000
Violation: 449.000000
Violation: 507.000000
Violation: 1169.000000
Violation: 370.000000
Violation: 657.000000
Violation: 406.000000
Violation: 696.000000
Violation: 573.000000
Violation: 292.000000
Violation: 280.000000
Violation: 577.000000
Violation: 348.000000
Violation: 188.000000
Violation: 642.000000
Violation: 486.000000
Violation: 397.000000
Violation: 630.000000
Violation: 218.000000
Violation: 569.000000
Violation: 194.000000
Violation: 268.000000
Violation: 672.000000
Violation: 208.000000
Violation: 503.000000
Violation: 178.000000
Violation: 361.000000
Violation: 509.000000
Violation: 176.000000
Violation: 189.000000
Violation: 194.000000
Violation: 642.000000
Violation: 546.000000
Violation: 698.000000
Violation: 1020.000000
Violation: 371.000000
Violation: 315.000000
Violation: 571.000000
Violation: 193.000000
Violation: 534.000000
Violation: 699.000000
Violation: 1091.000000
Violation: 278.000000
Violation: 418.000000
Violation: 384.000000
Violation: 124.000000
Violation: 268.000000
Violation: 419.000000
Violation: 225.000000
Violation: 652.000000
Violation: 491.000000
Violation: 477.000000
Violation: 157.000000
Violation: 453.000000
Violation: 780.000000
Violation: 488.000000
Violation: 250.000000
Violation: 305.000000
Violation: 635.000000
Violation: 115.000000
Violation: 385.000000
Violation: 197.000000
Violation: 233.000000
Violation: 271.000000
Violation: 436.000000
Violation: 74.000000
Violation: 701.000000
Violation: 1505.000000
Violation: 360.000000
Violation: 127.000000
Violation: 186.000000
Violation: 278.000000
Violation: 1087.000000
Violation: 81.000000
Violation: 449.000000
Violation: 1163.000000
Violation: 389.000000
Violation: 301.000000
Violation: 696.000000
Violation: 132.000000
Violation: 3.000000
Violation: 1155.000000
Violation: 480.000000
Violation: 146.000000
Violation: 290.000000
Violation: 378.000000
Violation: 112.000000
Violation: 199.000000
Violation: 369.000000
Violation: 384.000000
Violation: 654.000000
Violation: 68.000000
Violation: 284.000000
Violation: 478.000000
Violation: 459.000000
Violation: 112.000000
Violation: 234.000000
Violation: 302.000000
Violation: 778.000000
Violation: 407.000000
Violation: 676.000000
Violation: 377.000000
Violation: 263.000000
Violation: 265.000000
Violation: 251.000000
Violation: 50.000000
Violation: 650.000000
Violation: 816.000000
Violation: 1022.000000
Violation: 367.000000
Violation: 426.000000
Violation: 676.000000
Violation: 219.000000
Violation: 1166.000000
Violation: 656.000000
Violation: 697.000000
Violation: 1022.000000
Violation: 668.000000
Violation: 505.000000
Violation: 482.000000
Violation: 531.000000
Violation: 492.000000
Violation: 716.000000
Violation: 305.000000
Violation: 470.000000
Violation: 608.000000
Violation: 770.000000
Violation: 676.000000
Violation: 528.000000
Violation: 438.000000
Violation: 185.000000
Violation: 63.000000
Violation: 297.000000
Violation: 249.000000
Violation: 675.000000
Violation: 93.000000
Violation: 302.000000
Violation: 608.000000
Violation: 798.000000
Violation: 477.000000
Violation: 1315.000000
Violation: 276.000000
Violation: 96.000000
Violation: 172.000000
Violation: 677.000000
Violation: 198.000000
Violation: 440.000000
Violation: 934.000000
Violation: 639.000000
Violation: 88.000000
Violation: 400.000000
Violation: 946.000000
Violation: 92.000000
Violation: 372.000000
Violation: 294.000000
Violation: 788.000000
Violation: 773.000000
Violation: 480.000000
Violation: 224.000000
Violation: 1097.000000
Violation: 608.000000
Violation: 294.000000
Violation: 568.000000
Violation: 438.000000
Violation: 296.000000
Violation: 586.000000
Violation: 487.000000
Violation: 635.000000
Violation: 610.000000
Violation: 104.000000
Violation: 595.000000
Violation: 397.000000
Violation: 27.000000
Violation: 593.000000
Violation: 1165.000000
Violation: 227.000000
Violation: 243.000000
Violation: 758.000000
Violation: 789.000000
Violation: 342.000000
Violation: 19.000000
Violation: 220.000000
Violation: 653.000000
Violation: 155.000000
Violation: 103.000000
Violation: 871.000000
Violation: 362.000000
Violation: 357.000000
Violation: 327.000000
7404 16
38 23 49 5 18 19 33 AQUIIII!!AQUIIII!!48 3 29 34 54 9 49 51 23 19 23 18 AQUIIII!!AQUIIII!!AQUIIII!!48 6 5 31 17 7 52 49 3 7 37 51 5 29 23 6 9 8 33 33 36 26 23 10 9 6 53 37 23 4 51 16 17 36 34 43 
49 3 AQUIIII!!5 49 43 33 17 36 16 31 8 49 43 17 16 31 10 16 48 26 17 36 20 36 33 51 48 7 51 36 36 51 33 16 16 6 17 3 36 AQUIIII!!26 18 48 37 48 54 26 26 54 33 48 51 4 43 51 17 26 
3 51 
3 23 
16 3 51 49 23 6 26 19 AQUIIII!!AQUIIII!!10 54 10 10 54 48 36 31 48 6 43 23 54 
31 31 23 10 5 36 10 
33 33 3 43 7 43 6 36 16 43 26 17 49 49 54 18 17 9 26 9 AQUIIII!!10 10 
49 36 3 17 5 54 54 AQUIIII!!9 54 16 8 
43 26 
10 36 
43 3 7 43 16 48 23 3 17 48 34 7 17 23 51 48 54 26 31 51 10 36 
49 33 31 3 51 
48 16 3 33 51 33 29 33 5 7 54 23 10 49 31 
26 26 54 23 49 
17 AQUIIII!!31 31 9 54 AQUIIII!!6 48 51 54 54 54 49 33 

36 16 5 5 26 9 AQUIIII!!4 10 54 51 48 8 49 3 48 36 23 29 37 3 26 10 7 AQUIIII!!17 9 6 54 43 48 36 48 23 33 33 17 43 31 19 26 17 23 5 16 
31 
49 18 16 34 51 51 9 49 37 
10 AQUIIII!!43 54 36 49 33 3 23 18 4 AQUIIII!!33 
1 51 55 23 9 36 34 7 37 31 47 8 23 34 56 29 AQUIIII!!33 19 35 54 6 2 34 48 27 7 
5 33 4 3 59 19 21 8 
36 37 6 23 29 20 49 18 51 
AQUIIII!!AQUIIII!!51 54 54 51 31 49 16 36 48 5 7 9 36 10 3 33 48 3 23 23 10 26 AQUIIII!!26 17 43 54 43 49 48 33 17 17 6 31 26 16 
5 
49 16 51 9 37 10 AQUIIII!!43 54 36 49 33 3 23 18 4 33 
51 23 36 7 31 8 34 29 19 6 48 
AQUIIII!!54 51 49 36 5 9 10 48 3 23 26 17 43 33 31 16 
AQUIIII!!17 26 16 31 23 7 43 36 34 49 54 48 6 8 51 3 
AQUIIII!!50 20 19 34 22 41 23 3 51 18 36 44 8 7 6 54 
AQUIIII!!AQUIIII!!50 7 20 18 AQUIIII!!19 37 37 34 34 49 22 AQUIIII!!19 26 41 7 23 43 23 23 36 16 3 36 6 6 4 51 49 16 5 51 18 3 8 36 17 10 29 44 48 48 20 8 49 51 33 31 7 3 33 17 6 54 51 9 54 
43 AQUIIII!!36 
33 54 10 26 26 23 54 3 54 
48 
7 10 49 16 43 36 51 6 23 17 33 31 
AQUIIII!!23 54 49 26 6 10 16 36 AQUIIII!!33 23 17 43 9 31 43 9 10 31 51 48 17 51 16 3 6 
AQUIIII!!26 54 3 33 36 3 6 52 48 AQUIIII!!44 36 3 7 34 54 36 50 49 AQUIIII!!7 18 AQUIIII!!
41 43 19 58 8 37 22 20 AQUIIII!!18 23 16 AQUIIII!!6 26 41 22 AQUIIII!!10 51 41 19 6 11 17 
9 44 8 51 44 10 6 33 18 8 34 4 3 26 48 50 19 50 37 36 AQUIIII!!7 20 36 19 5 48 16 8 23 50 36 16 17 23 49 34 20 18 33 4 43 51 AQUIIII!!57 44 41 AQUIIII!!26 49 49 43 34 38 52 AQUIIII!!8 33 9 5 31 23 22 7 54 7 33 36 43 23 34 17 36 52 29 23 
7 23 6 51 3 3 53 6 20 16 27 3 54 36 8 52 3 22 23 36 2 

17 44 34 7 6 AQUIIII!!16 49 54 6 54 49 17 31 7 1 
22 
20 3 31 48 48 50 19 26 26 
31 8 34 49 49 34 41 51 48 48 26 18 18 17 AQUIIII!!43 20 54 23 6 36 3 36 19 
43 AQUIIII!!AQUIIII!!33 37 10 51 23 8 17 3 23 10 54 54 54 48 23 19 43 51 

36 
6 41 51 26 23 36 31 16 9 51 43 17 5 AQUIIII!!7 51 49 16 36 18 8 54 54 AQUIIII!!48 
26 20 AQUIIII!!AQUIIII!!3 54 16 33 8 22 31 17 48 AQUIIII!!10 9 50 34 6 7 47 6 51 16 7 18 0 34 AQUIIII!!43 29 5 10 59 36 54 23 6 54 3 21 36 26 34 
55 8 33 36 49 4 8 34 6 44 3 26 49 49 12 51 7 48 50 3 38 18 37 20 36 56 
51 54 AQUIIII!!44 51 20 23 15 47 AQUIIII!!23 
41 14 33 43 22 0 6 49 33 19 44 37 17 7 37 16 8 3 38 9 50 8 45 36 18 51 45 33 13 19 57 31 31 34 22 25 54 33 41 23 22 10 23 
15 
23 48 19 34 54 34 36 19 3 54 
21 7 
12 
18 58 44 6 25 51 7 13 3 34 11 AQUIIII!!20 14 54 
50 
23 6 19 41 34 54 20 
49 18 51 8 7 29 23 33 36 37 3 
AQUIIII!!54 48 6 AQUIIII!!29 51 3 54 36 33 49 3 18 31 51 6 33 48 7 23 8 29 31 49 23 8 34 18 19 AQUIIII!!7 
49 34 54 19 31 36 10 
33 36 3 6 51 43 16 48 17 26 9 23 
AQUIIII!!20 53 52 8 36 22 57 58 7 19 18 34 41 50 23 44 
AQUIIII!!52 20 53 57 32 11 12 38 19 58 34 50 44 0 33 36 
AQUIIII!!26 3 18 17 7 6 49 29 31 48 36 23 8 34 54 51 
AQUIIII!!36 23 20 19 22 50 7 44 18 34 6 3 41 53 8 52 
AQUIIII!!54 AQUIIII!!33 10 48 31 26 6 17 51 36 26 31 43 23 49 34 48 17 3 23 51 16 43 36 9 16 3 49 
7 8 6 54 
AQUIIII!!33 47 15 55 AQUIIII!!25 AQUIIII!!16 37 6 23 1 10 36 27 36 3 56 48 19 38 43 18 14 23 52 13 9 7 2 22 17 AQUIIII!!34 41 3 31 21 44 31 AQUIIII!!16 59 8 33 44 26 
50 49 51 23 AQUIIII!!20 26 41 17 51 34 54 7 51 19 6 51 20 48 37 54 
6 36 7 
34 6 23 36 49 3 19 43 6 18 3 33 AQUIIII!!33 23 20 23 7 22 29 6 10 3 34 17 54 50 
8 34 8 49 43 54 18 36 
36 3 54 16 
51 8 49 26 48 31 7 AQUIIII!!54 49 
36 19 31 AQUIIII!!33 34 8 23 29 17 7 48 23 31 AQUIIII!!18 36 18 48 51 3 48 51 29 3 3 6 36 49 34 29 51 6 8 7 54 26 18 
26 31 8 AQUIIII!!7 54 17 54 AQUIIII!!
54 34 20 34 23 3 48 6 51 29 49 49 23 54 34 3 
7 36 8 6 18 29 26 18 51 37 49 33 8 AQUIIII!!17 36 54 31 19 20 7 6 52 
23 6 
44 50 34 19 7 18 41 23 22 8 36 3 
AQUIIII!!54 48 31 23 36 3 49 26 10 16 33 43 9 17 5 51 
AQUIIII!!54 48 31 23 36 3 49 26 10 16 33 43 9 17 5 51 
AQUIIII!!34 36 6 41 19 23 7 3 20 50 44 22 18 8 53 52 
AQUIIII!!34 37 7 18 36 51 33 20 6 8 29 19 3 23 54 49 
AQUIIII!!26 9 27 33 59 4 16 17 23 2 5 10 43 37 1 48 
AQUIIII!!50 6 19 34 20 3 22 36 52 44 41 18 7 8 23 54 
AQUIIII!!54 22 AQUIIII!!44 54 18 23 7 20 23 34 6 19 52 49 20 36 36 18 34 7 19 6 41 8 8 3 50 33 3 37 
29 51 
AQUIIII!!3 23 AQUIIII!!18 18 31 58 29 38 6 57 19 34 7 AQUIIII!!11 34 43 44 49 36 36 36 26 19 8 5 50 33 9 0 16 54 33 17 51 22 33 48 20 23 
52 31 53 48 
51 10 3 54 49 
AQUIIII!!48 3 16 26 23 34 43 36 17 49 8 7 31 6 51 54 
AQUIIII!!17 33 10 23 3 51 AQUIIII!!16 31 6 43 31 26 49 10 9 36 48 AQUIIII!!23 AQUIIII!!36 22 16 54 26 3 52 7 43 23 7 6 54 8 36 17 
34 41 48 18 23 49 51 3 33 20 6 51 8 19 3 50 19 AQUIIII!!54 34 41 54 
20 6 17 44 36 33 50 44 22 6 7 18 23 54 
AQUIIII!!16 
54 18 36 3 49 51 10 34 6 9 41 26 20 22 3 AQUIIII!!7 6 51 44 50 31 52 8 23 48 7 36 18 43 AQUIIII!!19 36 
54 50 20 48 
19 17 8 31 22 36 34 51 41 26 23 33 44 16 3 9 54 49 
43 10 23 6 3 
AQUIIII!!54 33 51 29 7 18 48 6 36 49 3 34 AQUIIII!!8 54 31 52 23 7 19 36 
41 23 3 6 8 19 34 20 44 50 22 18 
AQUIIII!!54 48 17 31 36 51 26 33 16 9 49 43 10 23 6 3 
AQUIIII!!9 49 16 43 5 26 10 37 23 48 36 4 33 17 51 54 
AQUIIII!!54 26 34 3 8 7 6 51 18 31 29 36 49 23 17 48 
AQUIIII!!54 34 20 51 6 29 49 8 18 23 3 AQUIIII!!7 9 37 56 59 33 19 55 21 36 
5 35 23 2 4 27 34 47 1 33 37 
AQUIIII!!33 19 3 36 23 18 48 51 8 34 31 29 6 AQUIIII!!7 8 49 7 54 6 
17 31 AQUIIII!!26 19 29 36 18 20 51 8 23 49 36 37 AQUIIII!!AQUIIII!!3 3 54 20 34 18 31 36 49 7 18 22 48 6 34 8 54 17 51 6 
23 3 50 29 49 AQUIIII!!34 33 26 33 7 6 8 23 41 54 31 51 18 
48 AQUIIII!!AQUIIII!!29 19 43 54 54 3 7 17 6 44 4 48 9 AQUIIII!!AQUIIII!!41 52 5 36 51 54 54 23 7 23 16 23 3 22 54 52 48 36 34 
48 51 20 36 6 
16 23 50 33 49 33 44 9 26 19 10 18 10 51 34 23 6 3 17 22 26 34 54 16 18 
51 36 43 8 49 41 26 44 17 3 37 23 31 8 10 3 6 19 49 36 7 50 
36 20 
43 7 

AQUIIII!!54 AQUIIII!!22 54 18 6 51 17 7 48 3 36 50 AQUIIII!!51 20 51 19 26 6 34 8 50 34 7 41 8 23 3 6 18 8 36 44 49 41 19 16 3 36 23 
34 43 44 31 
23 20 7 22 54 
AQUIIII!!54 AQUIIII!!51 23 6 33 10 34 23 19 36 20 33 36 16 37 3 8 26 7 49 51 48 49 17 3 43 18 9 29 31 6 
54 
AQUIIII!!54 36 34 48 3 6 51 26 17 7 29 49 8 31 23 18 
AQUIIII!!54 23 44 52 41 36 7 6 3 50 19 18 20 22 34 8 
AQUIIII!!23 34 20 19 51 50 8 36 3 41 18 22 6 44 7 54 
AQUIIII!!54 8 34 48 3 26 6 49 29 36 51 17 18 7 23 31 
AQUIIII!!51 54 23 8 29 36 18 19 49 7 34 33 6 37 20 3 
AQUIIII!!54 29 33 20 37 18 36 3 49 19 7 51 23 34 8 6 
AQUIIII!!43 9 33 16 5 26 31 23 51 49 10 17 3 36 48 54 
AQUIIII!!23 8 49 33 3 18 19 34 51 7 29 6 36 37 20 54 
AQUIIII!!54 44 19 8 23 18 41 AQUIIII!!52 31 36 23 34 36 7 51 10 6 26 22 16 50 9 3 17 20 43 
48 49 6 33 3 54 
AQUIIII!!54 49 23 5 3 17 43 48 10 51 16 31 26 33 9 36 
AQUIIII!!8 18 17 31 36 6 3 49 34 48 23 51 AQUIIII!!29 54 7 49 26 23 54 5 
3 17 43 48 10 51 16 31 26 33 9 36 
AQUIIII!!54 51 31 36 29 48 23 7 49 6 8 26 17 18 34 3 
AQUIIII!!23 54 5 36 10 43 17 9 51 31 AQUIIII!!26 23 33 7 16 6 48 51 49 33 3 3 
48 31 36 26 43 10 16 17 54 49 AQUIIII!!
26 37 AQUIIII!!2 54 33 48 4 49 23 17 49 51 16 6 5 7 43 26 9 3 17 AQUIIII!!10 27 54 23 10 31 43 1 36 33 48 6 16 
7 36 18 31 3 
19 33 23 8 34 51 49 29 48 
AQUIIII!!54 31 49 AQUIIII!!3 54 18 48 34 49 7 17 6 51 36 6 17 7 8 26 48 3 26 10 29 23 51 43 23 AQUIIII!!33 
22 16 34 36 51 31 44 
36 8 50 18 6 20 41 23 3 19 7 54 
AQUIIII!!48 AQUIIII!!51 20 3 53 26 52 49 11 18 0 34 50 54 57 17 34 36 22 AQUIIII!!6 18 54 31 36 23 48 19 7 44 49 29 58 17 8 33 
51 38 6 
7 26 3 10 23 43 33 16 36 31 
AQUIIII!!53 52 20 36 50 34 23 6 3 44 8 19 41 7 18 22 
AQUIIII!!54 7 20 3 18 51 19 23 41 34 6 8 36 44 50 22 
AQUIIII!!52 20 53 41 19 34 57 18 50 58 44 23 36 7 22 8 
AQUIIII!!51 16 26 5 48 17 23 10 9 43 49 36 37 33 4 54 
AQUIIII!!52 8 34 AQUIIII!!18 54 20 37 3 29 36 33 23 49 6 7 22 19 7 18 44 8 19 23 41 51 50 3 54 AQUIIII!!36 
54 34 23 20 33 6 20 AQUIIII!!
51 54 6 29 37 19 19 6 49 51 3 7 7 20 18 AQUIIII!!36 36 54 29 23 23 8 18 17 34 34 51 
5 8 37 43 3 26 33 37 49 49 
36 4 16 33 10 48 9 
AQUIIII!!54 41 50 6 52 36 18 22 34 44 23 19 20 7 8 3 
AQUIIII!!54 36 19 8 AQUIIII!!49 54 48 23 29 18 7 34 33 19 6 6 34 7 3 22 23 3 51 50 18 51 31 8 
36 41 20 44 
AQUIIII!!54 48 51 16 43 49 6 3 23 10 33 9 26 31 36 17 
AQUIIII!!26 6 3 48 34 31 8 17 51 18 36 7 23 29 54 49 
AQUIIII!!54 48 51 16 43 49 6 3 23 10 33 9 26 31 36 17 
AQUIIII!!21 59 45 33 14 34 15 13 AQUIIII!!47 36 55 31 0 16 25 10 12 33 23 37 56 54 6 38 
9 17 43 26 51 3 49 48 
AQUIIII!!54 48 51 16 43 49 6 3 23 10 33 9 26 31 36 17 
AQUIIII!!44 50 3 34 18 51 8 36 19 6 20 41 23 22 7 54 
AQUIIII!!34 6 16 31 43 AQUIIII!!17 54 48 3 23 36 26 7 36 6 8 33 7 48 3 18 54 34 51 19 49 8 
31 51 23 49 29 
AQUIIII!!54 22 34 18 8 7 3 50 44 AQUIIII!!36 54 41 23 19 52 AQUIIII!!20 50 54 52 34 23 48 22 6 51 3 
33 19 7 29 18 34 20 19 36 36 44 7 6 31 8 49 41 23 
3 8 6 18 
AQUIIII!!47 0 11 12 21 56 45 33 55 15 13 34 37 14 38 25 
AQUIIII!!48 3 49 9 31 51 23 33 36 54 10 17 26 16 5 43 
AQUIIII!!54 33 43 31 3 49 36 6 23 51 48 17 26 10 16 7 
AQUIIII!!AQUIIII!!48 54 54 23 36 3 31 16 48 36 23 5 33 9 31 3 10 51 17 17 33 7 51 43 10 26 6 49 16 
49 43 26 
AQUIIII!!54 19 36 34 7 3 18 37 8 33 23 6 49 51 20 29 
AQUIIII!!54 34 51 6 AQUIIII!!16 51 17 54 31 17 43 23 48 16 23 31 49 36 26 7 36 48 7 6 8 43 3 3 
26 49 34 8 
AQUIIII!!48 3 49 9 31 51 23 33 36 54 10 17 26 16 5 43 
AQUIIII!!33 36 31 9 26 51 3 43 23 16 AQUIIII!!6 48 10 54 17 51 49 31 54 43 48 AQUIIII!!36 
17 44 49 34 10 20 26 41 7 3 3 22 23 6 16 18 6 51 50 33 23 
8 7 19 36 54 
AQUIIII!!54 26 16 3 34 23 43 48 17 36 AQUIIII!!49 48 6 54 31 7 51 51 31 8 43 
36 17 49 10 26 7 3 AQUIIII!!59 23 21 16 1 6 27 33 2 AQUIIII!!
14 54 37 7 15 29 38 47 6 33 17 4 3 34 48 56 51 55 8 25 
26 36 31 49 18 23 34 
AQUIIII!!51 54 17 18 8 23 36 6 49 7 34 3 48 26 31 29 
AQUIIII!!49 54 16 7 51 48 36 6 3 AQUIIII!!17 8 54 26 37 51 23 34 6 19 43 31 20 
33 8 23 29 18 34 49 36 3 7 
AQUIIII!!51 48 3 6 33 54 7 31 29 23 49 19 18 36 34 8 
AQUIIII!!51 54 17 26 6 8 36 48 49 18 31 34 7 29 3 23 AQUIIII!!
54 34 19 31 23 3 6 18 36 48 51 33 7 29 49 8 
AQUIIII!!52 20 53 50 38 32 34 12 36 58 19 0 57 33 11 44 
AQUIIII!!53 52 8 19 50 57 18 23 20 34 6 22 41 36 44 7 
AQUIIII!!54 19 48 3 33 29 31 7 34 6 36 49 23 51 8 18 
AQUIIII!!54 16 23 10 31 36 48 33 51 3 49 6 17 43 7 26 
AQUIIII!!54 8 23 48 34 49 3 51 18 6 AQUIIII!!7 54 33 48 29 34 36 18 19 19 51 31 
7 49 8 23 33 36 29 3 31 6 
AQUIIII!!54 48 34 18 19 51 7 49 8 23 33 36 29 3 31 6 
AQUIIII!!8 52 7 53 23 20 41 50 18 58 57 36 22 44 19 34 
AQUIIII!!54 16 43 7 49 23 3 31 34 26 48 6 17 51 AQUIIII!!8 54 36 41 
6 22 50 44 18 8 20 34 3 36 19 23 7 52 
AQUIIII!!54 16 43 34 49 17 8 36 3 7 48 31 26 23 6 AQUIIII!!51 54 
34 7 6 3 50 41 22 18 52 19 20 36 44 8 23 
AQUIIII!!44 22 19 23 20 41 36 3 34 7 6 8 50 18 54 52 
AQUIIII!!54 51 33 16 43 10 26 49 48 6 23 7 3 31 17 36 
AQUIIII!!54 34 22 44 3 AQUIIII!!7 54 6 23 7 8 50 41 19 19 20 50 20 6 51 22 36 52 18 44 
23 36 18 34 8 41 3 
AQUIIII!!48 49 54 23 16 10 31 51 26 6 43 9 17 33 3 36 
AQUIIII!!20 58 52 57 36 50 38 8 19 44 53 34 18 22 11 41 
AQUIIII!!54 23 33 36 10 51 49 6 48 17 43 AQUIIII!!26 54 3 10 16 51 7 43 5 31 26 
16 9 33 36 17 23 49 3 31 48 
AQUIIII!!AQUIIII!!54 54 23 51 41 48 34 7 7 10 50 43 6 23 3 17 8 31 19 16 3 36 33 20 6 52 26 22 49 44 36 18 

AQUIIII!!54 51 36 17 16 34 23 8 43 26 49 7 31 3 6 48 
AQUIIII!!54 51 36 17 16 34 23 8 43 26 49 7 31 3 6 48 
AQUIIII!!54 31 7 23 43 26 16 8 6 36 17 49 48 51 34 3 
AQUIIII!!59 21 4 55 2 25 33 1 37 34 27 47 56 38 5 15 
AQUIIII!!54 26 16 33 10 9 31 5 43 23 49 17 3 51 36 48 
AQUIIII!!47 27 56 1 4 2 14 55 33 15 34 25 38 37 21 59 
AQUIIII!!0 47 15 25 13 11 21 33 14 55 38 58 12 45 37 34 
AQUIIII!!54 48 8 29 7 18 3 49 34 6 33 36 51 19 31 23 
AQUIIII!!54 48 8 29 7 18 3 49 AQUIIII!!34 49 6 3 33 7 36 54 51 6 19 48 31 51 23 16 
26 36 10 31 17 43 23 33 
AQUIIII!!49 3 7 54 6 48 51 16 26 36 10 31 17 43 23 33 
Number of Cuts in the second phase:5407
Number of repeat: 5233 
Violation: 724.000000
Violation: 563.000000
Violation: 672.000000
Violation: 1505.000000
Violation: 30.000000
Violation: 695.000000
Violation: 976.000000
Violation: 98.000000
Violation: 726.000000
Violation: 826.000000
Violation: 768.000000
Violation: 468.000000
Violation: 63.000000
Violation: 287.000000
Violation: 141.000000
Violation: 2.000000
Violation: 280.000000
Violation: 227.000000
Violation: 149.000000
Violation: 1187.000000
Violation: 885.000000
Violation: 574.000000
Violation: 384.000000
Violation: 610.000000
Violation: 772.000000
Violation: 315.000000
Violation: 376.000000
Violation: 132.000000
Violation: 674.000000
Violation: 890.000000
Violation: 221.000000
Violation: 292.000000
Violation: 157.000000
Violation: 35.000000
Violation: 98.000000
Violation: 900.000000
Violation: 53.000000
Violation: 87.000000
Violation: 429.000000
Violation: 536.000000
Violation: 187.000000
Violation: 660.000000
Violation: 130.000000
Violation: 686.000000
Violation: 897.000000
Violation: 103.000000
Violation: 104.000000
Violation: 574.000000
Violation: 696.000000
Violation: 182.000000
Violation: 407.000000
Violation: 620.000000
Violation: 624.000000
Violation: 313.000000
Violation: 417.000000
Violation: 593.000000
Violation: 99.000000
Violation: 1304.000000
Violation: 302.000000
Violation: 405.000000
Violation: 783.000000
Violation: 701.000000
Violation: 834.000000
Violation: 222.000000
Violation: 452.000000
Violation: 359.000000
Violation: 156.000000
Violation: 509.000000
Violation: 359.000000
Violation: 265.000000
Violation: 369.000000
Violation: 552.000000
Violation: 271.000000
Violation: 434.000000
Violation: 1315.000000
Violation: 1668.000000
Violation: 71.000000
Violation: 624.000000
Violation: 197.000000
Violation: 249.000000
Violation: 361.000000
Violation: 400.000000
Violation: 572.000000
Violation: 296.000000
Violation: 1213.000000
Violation: 320.000000
Violation: 260.000000
Violation: 358.000000
Violation: 571.000000
Violation: 353.000000
Violation: 464.000000
Violation: 187.000000
Violation: 313.000000
Violation: 963.000000
Violation: 303.000000
Violation: 149.000000
Violation: 508.000000
Violation: 639.000000
Violation: 653.000000
Violation: 667.000000
Violation: 91.000000
Violation: 327.000000
Violation: 656.000000
Violation: 466.000000
Violation: 520.000000
Violation: 346.000000
Violation: 782.000000
Violation: 840.000000
Violation: 785.000000
Violation: 842.000000
Violation: 269.000000
Violation: 1478.000000
Violation: 152.000000
Violation: 207.000000
Violation: 183.000000
Violation: 572.000000
Violation: 969.000000
Violation: 145.000000
Violation: 305.000000
Violation: 321.000000
Violation: 72.000000
Violation: 291.000000
Violation: 642.000000
Violation: 15.000000
Violation: 1237.000000
Violation: 904.000000
Violation: 291.000000
Violation: 333.000000
Violation: 1219.000000
Violation: 654.000000
Violation: 81.000000
Violation: 12.000000
Violation: 680.000000
Violation: 297.000000
Violation: 498.000000
Violation: 366.000000
Violation: 656.000000
Violation: 436.000000
Violation: 154.000000
Violation: 236.000000
Violation: 370.000000
Violation: 302.000000
Violation: 327.000000
Violation: 154.000000
Violation: 248.000000
Violation: 312.000000
Violation: 1379.000000
Violation: 313.000000
Violation: 243.000000
Violation: 361.000000
Violation: 383.000000
Violation: 363.000000
Violation: 333.000000
Violation: 333.000000
Violation: 557.000000
Violation: 398.000000
Violation: 399.000000
Violation: 130.000000
Violation: 177.000000
Violation: 543.000000
Violation: 345.000000
Violation: 596.000000
Violation: 654.000000
Violation: 620.000000
Violation: 696.000000
Violation: 562.000000
Violation: 273.000000
Violation: 534.000000
Violation: 396.000000
Violation: 370.000000
Violation: 49.000000
Violation: 662.000000
Violation: 1002.000000
Violation: 327.000000
took 4.730227
Optimize a model with 1020 rows, 906 columns and 13318 nonzeros
Coefficient statistics:
  Matrix range     [1e+00, 4e+01]
  Objective range  [0e+00, 0e+00]
  Bounds range     [1e+00, 4e+01]
  RHS range        [1e+00, 1e+02]
Presolve removed 717 rows and 115 columns
Presolve time: 0.00s
Presolved: 303 rows, 791 columns, 8664 nonzeros

Iteration    Objective       Primal Inf.    Dual Inf.      Time
       0    0.0000000e+00   4.716969e+01   0.000000e+00      0s
     147    0.0000000e+00   0.000000e+00   0.000000e+00      0s

Solved in 147 iterations and 0.01 seconds
Optimal objective  0.000000000e+00
