A-4.txt_s3.txt
Academic license - for non-commercial use only
Read LP format model from file lp/A-4.txt.lp
Reading time = 0.05 seconds
: 961 rows, 10797 columns, 131727 nonzeros
OKGPU
nThreads: 1024 , nBlocks: 12 
Number cuts generated in the phase 1: 13
Number of repeat: 0 
violation 43.000000
violation 30.000000
violation 10.000000
violation 13.000000
violation 13.000000
violation 198.000000
violation 56.000000
violation 306.000000
violation 785.000000
violation 576.000000
violation 27.000000
violation 714.000000
violation 774.000000
8592 16
AQUIIII!!151 143 7 21 150 AQUIIII!!5 151 68 104 18 68 13 7 87 5 94 93 87 19 19 93 104 18 145 92 6 
92 21 143 145 148 94 
AQUIIII!!AQUIIII!!151 92 151 148 153 93 154 145 143 5 21 149 150 150 19 68 13 94 104 18 7 104 92 21 87 94 5 68 7 87 
152 93 
AQUIIII!!151 104 21 13 154 93 19 150 87 143 94 5 7 18 92 68 
AQUIIII!!151 5 143 19 150 148 87 94 92 68 93 145 7 18 104 21 
AQUIIII!!29 154 26 100 95 68 27 117 152 28 83 153 93 13 150 149 
AQUIIII!!154 29 117 93 28 153 21 149 83 100 152 13 68 150 95 151 
AQUIIII!!117 153 13 151 150 27 83 149 28 152 100 93 68 95 29 154 
AQUIIII!!83 149 117 26 95 27 13 100 93 28 150 68 154 153 29 152 
AQUIIII!!152 93 83 95 13 150 149 28 29 153 68 100 117 154 21 151 AQUIIII!!
153 93 117 25 26 152 149 28 13 27 95 100 68 83 29 154 
AQUIIII!!104 152 18 21 13 150 93 87 94 5 68 92 7 153 151 154 
AQUIIII!!154 93 18 13 92 87 153 7 150 21 94 152 68 104 5 151 
AQUIIII!!151 21 117 83 AQUIIII!!95 151 13 154 152 150 149 93 28 68 153 150 21 154 117 29 13 5 100 149 153 83 
29 68 100 95 152 93 
AQUIIII!!68 18 143 21 145 94 5 7 6 87 19 148 104 93 92 151 
AQUIIII!!104 18 5 93 150 92 87 7 21 19 13 68 94 154 153 151 
AQUIIII!!151 13 93 21 143 94 68 7 150 104 145 19 5 87 18 92 
AQUIIII!!151 87 13 AQUIIII!!145 151 7 13 143 154 93 153 18 5 104 87 150 18 94 150 92 93 5 94 19 92 21 21 68 104 
7 19 68 
AQUIIII!!151 104 150 153 18 93 19 7 13 5 68 87 21 94 154 92 
AQUIIII!!28 100 93 95 13 153 68 154 117 150 29 152 27 83 149 151 
AQUIIII!!26 68 149 150 153 13 100 83 152 95 27 93 117 28 29 154 
AQUIIII!!150 94 7 87 21 152 149 68 153 13 93 92 104 154 5 151 
AQUIIII!!21 94 93 7 68 92 87 150 5 104 153 19 13 18 154 151 
AQUIIII!!151 145 87 6 68 143 92 104 18 94 21 7 19 93 148 5 
AQUIIII!!151 13 150 143 94 104 68 87 7 19 AQUIIII!!93 5 151 18 154 93 21 87 92 
18 150 94 5 154 92 7 104 13 68 19 21 143 
AQUIIII!!151 21 154 29 5 100 13 93 95 150 149 83 153 117 68 152 
AQUIIII!!151 104 93 143 92 7 94 154 68 150 18 13 21 5 87 19 
AQUIIII!!154 21 95 117 93 29 152 149 100 153 28 150 13 83 68 151 
AQUIIII!!154 151 29 149 95 153 83 28 152 93 117 100 150 27 68 13 
AQUIIII!!13 21 151 93 28 149 100 68 117 150 83 152 95 153 29 154 
AQUIIII!!104 94 7 148 21 19 143 68 92 93 5 18 145 6 87 151 
AQUIIII!!29 154 151 95 117 68 5 153 100 152 83 13 93 149 150 21 
AQUIIII!!151 95 154 152 153 68 117 29 150 13 83 28 100 149 93 27 
AQUIIII!!154 151 149 153 29 117 68 21 152 5 13 150 100 83 93 95 
AQUIIII!!21 104 87 150 154 92 7 93 68 94 19 13 AQUIIII!!5 151 153 104 18 87 151 7 
92 21 19 150 93 143 13 18 94 68 5 154 
AQUIIII!!5 93 21 149 154 104 87 153 92 152 13 7 150 68 94 151 
AQUIIII!!151 68 153 93 29 154 152 28 149 95 27 100 13 150 83 117 
AQUIIII!!26 152 95 13 100 29 117 25 83 28 68 149 93 154 27 153 
AQUIIII!!150 21 18 19 104 87 7 153 154 13 93 5 94 68 92 151 
AQUIIII!!29 154 151 95 117 68 5 153 100 152 83 13 93 149 150 21 
AQUIIII!!93 149 68 5 83 13 150 21 95 117 29 153 154 100 151 152 
AQUIIII!!18 94 21 68 7 104 150 93 19 87 154 13 92 5 143 151 
AQUIIII!!151 13 150 93 154 153 149 87 21 152 94 7 5 92 104 68 
AQUIIII!!117 29 83 28 150 100 153 93 95 13 154 68 149 152 27 151 
AQUIIII!!5 104 143 68 13 92 93 7 21 145 94 150 19 87 18 151 
AQUIIII!!151 93 21 5 94 104 92 87 152 13 154 7 150 153 68 18 
AQUIIII!!151 104 92 145 21 68 18 87 7 150 13 143 93 19 5 94 
AQUIIII!!151 5 150 87 21 153 18 154 152 7 94 93 92 68 104 13 
AQUIIII!!151 21 93 7 18 92 104 143 13 19 68 5 150 87 94 145 
AQUIIII!!151 87 154 21 152 92 93 104 153 150 68 18 13 5 7 94 
AQUIIII!!94 7 21 19 68 87 92 5 148 104 143 18 93 145 6 151 
AQUIIII!!94 68 7 13 154 5 18 93 153 92 150 104 87 19 151 21 
AQUIIII!!83 5 151 93 21 117 150 95 68 149 13 100 152 153 29 154 
AQUIIII!!151 94 152 154 5 68 21 7 87 150 18 13 93 104 92 153 
AQUIIII!!100 117 13 153 149 68 28 152 27 93 95 83 29 150 154 151 
AQUIIII!!100 117 13 153 149 68 28 152 27 93 95 83 29 150 154 151 
AQUIIII!!104 152 5 87 93 94 13 18 68 21 154 153 92 7 150 151 
AQUIIII!!151 152 13 21 5 92 153 18 154 94 87 68 150 104 7 93 
AQUIIII!!149 117 150 28 83 27 154 153 13 95 100 152 29 68 93 151 
AQUIIII!!104 21 154 13 7 152 68 153 150 94 149 87 93 5 92 151 
AQUIIII!!152 150 5 94 154 68 7 153 104 87 92 149 13 93 21 151 
AQUIIII!!152 150 5 94 154 68 7 153 104 87 92 149 13 93 21 151 
AQUIIII!!151 68 18 21 104 7 19 94 13 154 92 143 93 150 87 5 
AQUIIII!!151 5 154 153 7 94 19 18 93 92 150 13 21 68 87 104 
AQUIIII!!151 143 94 18 104 13 150 92 19 93 68 87 7 145 21 5 
AQUIIII!!68 150 93 87 5 18 92 AQUIIII!!21 83 150 13 152 28 104 68 7 149 143 21 154 AQUIIII!!145 95 7 93 19 100 94 92 13 151 117 153 29 
5 153 151 68 
152 87 104 21 94 150 18 13 93 151 154 
AQUIIII!!151 153 152 68 28 154 13 100 21 149 29 95 83 150 93 117 
AQUIIII!!87 148 143 19 68 18 145 5 21 150 92 93 7 104 94 151 
AQUIIII!!152 29 28 117 13 154 153 83 93 21 149 68 95 150 100 151 
AQUIIII!!152 151 150 94 104 87 149 21 92 5 7 68 93 154 153 13 
AQUIIII!!151 104 150 93 94 18 21 145 143 92 19 87 13 68 5 7 
AQUIIII!!35 114 75 32 119 1 36 34 74 33 82 22 42 118 30 155 
AQUIIII!!149 117 152 28 150 153 29 93 27 95 83 154 68 100 13 151 
AQUIIII!!154 151 29 149 95 153 83 28 152 93 117 100 150 27 68 13 
AQUIIII!!151 21 143 104 5 94 13 7 19 92 93 154 87 150 18 68 
AQUIIII!!151 87 18 104 21 5 68 94 93 143 6 19 145 148 92 7 
AQUIIII!!152 149 104 13 7 21 154 94 92 150 153 93 68 5 87 151 
AQUIIII!!151 6 21 18 19 5 87 AQUIIII!!94 151 93 104 13 143 94 7 153 68 150 145 5 92 93 148 7 
87 104 21 154 68 19 92 18 
AQUIIII!!151 93 19 87 7 150 13 21 92 104 18 94 143 145 5 68 
AQUIIII!!87 94 5 104 19 150 154 153 93 18 92 68 7 21 13 151 
AQUIIII!!87 94 7 68 154 18 5 150 93 104 152 92 153 13 21 151 
AQUIIII!!151 21 68 150 154 149 13 7 153 93 152 104 87 94 5 92 
AQUIIII!!68 29 13 95 100 154 28 149 117 83 21 93 153 150 152 151 
AQUIIII!!145 92 150 5 18 68 87 93 104 148 7 94 21 19 143 151 
AQUIIII!!151 13 150 68 5 7 87 19 21 143 94 92 18 93 104 154 
AQUIIII!!18 5 150 87 13 68 94 93 153 92 104 7 151 154 152 21 
AQUIIII!!151 93 92 154 94 21 7 152 13 68 153 5 150 149 104 87 
AQUIIII!!100 153 149 28 95 93 150 154 68 13 83 117 21 151 29 152 
AQUIIII!!151 21 154 29 5 100 13 93 95 150 149 83 153 117 68 152 
AQUIIII!!19 13 21 5 143 145 92 104 7 87 150 94 18 68 93 151 
AQUIIII!!151 68 92 94 7 154 93 18 19 153 13 87 104 150 5 21 
AQUIIII!!154 68 28 83 93 100 117 13 153 149 29 25 95 27 152 26 
AQUIIII!!151 143 7 145 18 93 21 92 68 150 148 19 5 94 104 87 
AQUIIII!!151 92 5 87 7 19 6 145 94 18 148 104 21 143 68 93 
AQUIIII!!29 154 151 95 117 68 5 153 100 152 83 13 93 149 150 21 
AQUIIII!!148 93 94 21 19 18 7 6 5 143 68 104 92 87 145 151 
AQUIIII!!153 152 100 117 21 13 151 95 93 5 149 83 150 68 29 154 
AQUIIII!!153 152 100 117 21 13 151 95 93 5 149 83 150 68 29 154 
AQUIIII!!93 152 150 83 13 117 153 100 29 68 28 149 21 95 151 154 
AQUIIII!!149 68 153 94 92 7 13 150 152 5 21 87 104 93 154 151 
AQUIIII!!13 92 87 19 7 21 93 150 5 68 104 154 94 18 143 151 
AQUIIII!!21 5 94 143 7 145 87 148 19 68 18 92 93 104 6 151 
AQUIIII!!68 100 95 153 151 117 152 5 13 21 150 93 149 83 AQUIIII!!154 29 21 
94 93 92 148 18 6 143 68 87 5 7 145 19 104 151 
AQUIIII!!150 93 94 104 21 92 154 13 7 153 68 18 87 5 19 151 
AQUIIII!!AQUIIII!!152 87 151 149 149 7 5 150 21 94 154 153 5 95 21 29 92 152 93 13 93 68 117 104 100 153 13 151 
154 83 68 150 
AQUIIII!!151 29 149 13 83 93 68 27 153 95 150 152 100 154 28 117 
AQUIIII!!150 7 93 68 13 87 19 21 145 18 92 5 143 104 94 151 
AQUIIII!!151 68 87 19 94 5 143 150 7 92 145 18 104 21 148 93 
AQUIIII!!93 145 18 5 143 6 94 92 148 19 21 68 87 104 7 151 
AQUIIII!!5 13 150 87 18 104 93 92 68 94 154 152 21 153 7 151 
AQUIIII!!21 154 151 92 7 68 19 93 150 13 87 94 153 5 104 18 
AQUIIII!!154 153 93 29 117 150 13 21 28 68 149 152 100 95 83 151 
AQUIIII!!87 5 68 19 13 21 93 143 92 18 154 94 150 7 104 151 
AQUIIII!!68 5 7 93 18 150 19 94 92 87 13 143 104 154 151 21 
AQUIIII!!68 5 7 93 18 150 19 94 92 87 13 143 104 154 151 21 
AQUIIII!!17 153 93 28 152 100 74 27 25 149 83 26 95 117 154 29 
AQUIIII!!17 153 93 28 152 100 74 27 25 149 83 26 95 117 154 29 
AQUIIII!!19 21 7 68 153 154 13 18 150 94 93 87 92 5 104 151 
AQUIIII!!151 154 149 29 27 152 100 83 150 13 95 153 117 28 93 68 
AQUIIII!!152 151 104 92 94 153 7 149 5 93 87 150 68 21 154 13 
AQUIIII!!151 28 93 154 117 100 153 21 95 150 68 29 83 152 149 13 
AQUIIII!!21 68 145 18 143 104 148 150 94 87 93 5 92 7 19 151 
AQUIIII!!151 154 28 29 150 27 83 152 95 AQUIIII!!100 95 153 27 149 93 28 83 13 13 68 100 117 117 
153 150 68 29 152 149 93 151 154 
AQUIIII!!21 150 19 87 13 68 143 145 92 5 18 93 104 7 94 151 
AQUIIII!!151 154 28 29 150 27 83 152 95 100 153 149 93 13 68 117 
AQUIIII!!87 145 92 18 93 7 5 104 143 148 68 6 19 94 21 151 
AQUIIII!!87 145 92 18 93 7 5 104 143 148 68 6 19 94 21 151 
AQUIIII!!5 21 94 93 13 143 68 19 7 154 104 92 18 150 87 151 
AQUIIII!!93 92 148 143 104 150 18 7 5 145 19 68 21 94 87 151 
AQUIIII!!150 104 93 13 7 152 21 94 149 5 87 92 154 68 153 151 
AQUIIII!!19 21 104 145 143 18 92 5 148 7 87 94 68 6 93 151 
AQUIIII!!29 154 26 100 95 68 27 117 152 28 83 153 93 13 150 149 
AQUIIII!!150 83 154 29 153 93 68 13 152 95 100 117 21 149 28 151 
AQUIIII!!149 13 153 93 29 154 95 150 28 100 83 27 152 68 117 151 
Number of Cuts in the second phase:1984
Number of repeat: 1859 
Violation: 384.000000
Violation: 560.000000
Violation: 119.000000
Violation: 345.000000
Violation: 595.000000
Violation: 77.000000
Violation: 214.000000
Violation: 642.000000
Violation: 132.000000
Violation: 787.000000
Violation: 192.000000
Violation: 856.000000
Violation: 157.000000
Violation: 380.000000
Violation: 1190.000000
Violation: 374.000000
Violation: 145.000000
Violation: 758.000000
Violation: 451.000000
Violation: 340.000000
Violation: 680.000000
Violation: 204.000000
Violation: 919.000000
Violation: 346.000000
Violation: 190.000000
Violation: 902.000000
Violation: 171.000000
Violation: 535.000000
Violation: 570.000000
Violation: 428.000000
Violation: 1120.000000
Violation: 825.000000
Violation: 46.000000
Violation: 4.000000
Violation: 1564.000000
Violation: 420.000000
Violation: 34.000000
Violation: 396.000000
Violation: 1152.000000
Violation: 532.000000
Violation: 499.000000
Violation: 90.000000
Violation: 334.000000
Violation: 417.000000
Violation: 273.000000
Violation: 111.000000
Violation: 622.000000
Violation: 386.000000
Violation: 299.000000
Violation: 32.000000
Violation: 929.000000
Violation: 1165.000000
Violation: 350.000000
Violation: 115.000000
Violation: 641.000000
Violation: 768.000000
Violation: 948.000000
Violation: 518.000000
Violation: 347.000000
Violation: 179.000000
Violation: 1008.000000
Violation: 1134.000000
Violation: 149.000000
Violation: 344.000000
Violation: 309.000000
Violation: 816.000000
Violation: 109.000000
Violation: 424.000000
Violation: 556.000000
Violation: 629.000000
Violation: 323.000000
Violation: 250.000000
Violation: 988.000000
Violation: 23.000000
Violation: 133.000000
Violation: 791.000000
Violation: 37.000000
Violation: 50.000000
Violation: 382.000000
Violation: 1574.000000
Violation: 960.000000
Violation: 657.000000
Violation: 791.000000
Violation: 528.000000
Violation: 284.000000
Violation: 1088.000000
Violation: 1146.000000
Violation: 188.000000
Violation: 187.000000
Violation: 821.000000
Violation: 91.000000
Violation: 80.000000
Violation: 125.000000
Violation: 706.000000
Violation: 1547.000000
Violation: 599.000000
Violation: 165.000000
Violation: 564.000000
Violation: 75.000000
Violation: 234.000000
Violation: 130.000000
Violation: 107.000000
Violation: 768.000000
Violation: 906.000000
Violation: 1025.000000
Violation: 92.000000
Violation: 246.000000
Violation: 179.000000
Violation: 739.000000
Violation: 226.000000
Violation: 1119.000000
Violation: 19.000000
Violation: 616.000000
Violation: 219.000000
Violation: 1355.000000
Violation: 144.000000
Violation: 470.000000
Violation: 165.000000
Violation: 460.000000
Violation: 574.000000
Violation: 59.000000
Violation: 154.000000
Violation: 345.000000
Violation: 975.000000
Violation: 1428.000000
7404 16
AQUIIII!!151 92 150 154 153 104 13 7 5 87 68 149 93 21 152 94 
AQUIIII!!151 19 94 104 7 18 21 68 AQUIIII!!87 151 145 93 5 100 93 29 13 28 143 152 150 154 92 95 
153 150 AQUIIII!!68 151 21 104 13 87 83 18 AQUIIII!!149 13 151 117 92 7 
68 92 5 21 94 68 21 87 93 150 150 93 153 13 154 94 7 104 152 AQUIIII!!5 151 154 
93 18 149 19 143 5 
154 83 150 117 13 68 152 95 21 29 100 153 
AQUIIII!!151 68 AQUIIII!!87 21 7 152 151 150 5 154 7 18 87 153 145 5 93 93 92 143 94 94 6 104 68 21 13 19 AQUIIII!!
92 151 69 68 148 7 18 93 
21 18 145 87 143 150 13 94 19 5 104 92 
AQUIIII!!21 151 5 18 7 150 13 93 68 104 87 154 152 153 92 94 
AQUIIII!!5 19 150 104 68 92 153 94 87 21 154 AQUIIII!!7 93 18 87 93 68 13 5 151 150 154 
13 19 143 92 21 7 18 104 94 151 
AQUIIII!!5 93 104 68 143 AQUIIII!!94 AQUIIII!!151 19 18 152 150 93 68 87 69 13 21 143 150 18 68 AQUIIII!!93 145 19 143 100 92 150 21 5 148 150 87 21 94 7 104 149 5 151 18 95 
13 93 153 92 19 7 94 83 154 92 154 145 21 117 148 29 151 87 

7 5 68 151 
AQUIIII!!87 5 19 150 145 104 AQUIIII!!143 153 7 93 21 154 94 83 93 152 13 29 92 18 100 68 68 149 151 
21 117 AQUIIII!!95 95 150 AQUIIII!!93 13 18 68 19 5 149 151 6 27 92 
83 AQUIIII!!7 29 151 5 7 28 94 143 153 93 68 104 152 143 148 100 68 21 117 87 92 154 94 145 AQUIIII!!5 13 104 18 93 148 145 93 150 18 21 151 69 6 151 
19 143 
87 68 
19 150 87 94 5 13 92 7 AQUIIII!!154 151 21 151 152 
68 13 150 93 100 5 21 149 95 153 83 154 117 29 
AQUIIII!!151 93 18 104 92 150 94 7 19 143 145 68 87 13 5 21 
AQUIIII!!151 21 7 104 68 154 143 150 5 AQUIIII!!13 18 21 87 151 87 94 68 19 153 92 154 93 13 
92 152 93 150 5 7 104 94 18 
AQUIIII!!151 149 5 29 83 154 150 153 93 100 117 13 152 95 21 68 
AQUIIII!!151 153 AQUIIII!!117 100 68 153 29 74 152 117 83 95 28 27 93 4 95 83 149 25 150 28 100 17 13 93 149 154 27 26 
152 29 
AQUIIII!!151 7 5 18 68 13 19 87 145 21 150 92 93 94 104 143 
AQUIIII!!151 149 150 68 152 83 117 29 100 95 93 153 21 5 154 13 
AQUIIII!!151 92 150 154 93 5 87 21 18 94 152 13 104 7 153 68 
AQUIIII!!151 68 29 150 154 83 152 153 95 117 21 149 28 100 93 13 
AQUIIII!!151 150 93 83 29 21 100 152 95 154 117 68 149 28 153 13 
AQUIIII!!150 94 153 7 19 87 104 93 13 21 68 5 92 18 151 154 
AQUIIII!!68 143 94 18 5 21 6 93 7 104 148 92 19 145 87 151 
AQUIIII!!87 13 93 104 18 153 21 154 92 68 152 5 150 7 94 151 
AQUIIII!!154 5 152 153 68 149 94 104 93 87 21 92 7 150 13 151 
AQUIIII!!94 5 68 92 7 18 143 145 150 19 87 104 93 13 21 151 
AQUIIII!!151 21 7 104 68 154 143 150 5 13 18 87 94 19 92 93 
AQUIIII!!152 149 68 29 117 150 83 153 154 21 100 5 93 13 95 151 
AQUIIII!!152 154 153 29 83 68 25 95 26 13 149 27 100 28 117 93 
AQUIIII!!95 154 21 149 68 152 153 13 83 150 93 28 100 29 117 151 
AQUIIII!!93 7 154 13 87 152 150 153 94 21 5 68 149 104 92 151 
AQUIIII!!151 150 93 68 83 152 100 154 95 29 117 27 13 149 28 153 
AQUIIII!!151 13 95 83 68 93 150 153 21 AQUIIII!!154 151 149 7 100 87 117 92 29 5 28 152 94 154 
104 68 21 18 153 152 13 93 150 
AQUIIII!!32 114 118 74 82 14 119 36 42 1 35 34 75 33 30 155 
AQUIIII!!28 154 13 68 150 95 29 117 149 153 100 83 27 93 151 152 
AQUIIII!!151 92 104 94 68 7 143 93 5 154 18 13 21 150 87 19 
AQUIIII!!151 149 21 100 117 150 95 152 154 68 83 153 29 5 93 13 
AQUIIII!!18 19 94 93 150 104 5 7 154 21 87 92 153 68 13 151 
AQUIIII!!18 104 92 152 68 21 93 153 94 150 13 87 154 5 7 151 
AQUIIII!!151 95 117 154 68 28 153 149 29 152 100 93 13 83 27 150 
AQUIIII!!151 21 104 AQUIIII!!148 21 87 117 19 68 145 153 5 13 93 83 68 152 94 5 150 93 AQUIIII!!18 151 92 143 18 150 92 95 154 7 104 149 13 
100 153 154 94 29 150 
93 87 5 7 68 19 21 151 
AQUIIII!!92 18 154 104 13 153 94 150 93 87 5 7 68 AQUIIII!!19 21 21 117 151 68 
153 13 83 152 5 93 151 150 95 149 100 154 29 
AQUIIII!!19 150 21 5 143 87 94 18 13 93 92 154 7 68 104 151 
AQUIIII!!151 7 154 92 150 104 94 149 152 68 21 13 93 87 153 5 
AQUIIII!!7 68 104 154 94 93 13 153 150 87 21 152 18 92 5 151 
AQUIIII!!6 148 68 18 5 143 87 19 21 145 104 93 94 92 7 151 
AQUIIII!!93 143 68 5 7 19 150 92 104 18 87 13 145 94 21 151 
AQUIIII!!151 153 21 152 68 29 149 154 95 13 150 93 100 83 117 28 
AQUIIII!!104 93 92 94 19 7 143 145 87 18 13 68 150 5 21 151 
AQUIIII!!104 93 92 94 19 7 143 145 87 18 13 68 150 5 21 151 
AQUIIII!!151 21 93 145 92 19 143 150 68 5 104 7 18 87 148 94 
AQUIIII!!151 93 154 5 104 87 7 149 68 AQUIIII!!92 151 152 21 150 150 153 92 13 87 94 19 21 104 
7 143 94 154 13 68 5 93 18 
AQUIIII!!21 151 100 149 AQUIIII!!29 95 93 68 100 117 150 83 13 5 83 117 93 152 154 153 153 29 152 150 28 154 95 13 
68 149 151 21 
AQUIIII!!151 150 104 94 68 148 92 7 87 145 93 5 19 18 21 143 
AQUIIII!!151 92 87 145 5 150 93 13 104 19 21 18 94 143 7 68 
AQUIIII!!151 68 154 153 104 93 7 92 150 94 19 18 21 87 13 5 
AQUIIII!!151 143 92 94 19 68 87 148 104 7 93 5 150 21 18 145 
AQUIIII!!151 94 148 68 92 93 143 5 19 145 87 18 104 7 21 6 
AQUIIII!!151 18 93 154 13 153 87 5 92 19 150 94 21 68 7 104 
AQUIIII!!87 145 94 92 7 143 21 19 150 93 104 68 148 5 18 151 
AQUIIII!!151 87 93 92 143 94 21 19 7 5 154 13 104 18 68 150 
AQUIIII!!151 92 87 19 18 94 93 148 5 150 104 143 7 145 21 68 
AQUIIII!!100 93 13 149 AQUIIII!!29 104 154 21 83 153 148 5 87 150 150 68 94 95 92 117 93 152 19 151 143 21 68 
7 18 5 145 151 
AQUIIII!!104 87 5 18 94 68 93 154 7 21 153 13 92 152 150 151 
AQUIIII!!13 28 149 95 68 29 150 83 27 153 152 117 93 100 154 151 
AQUIIII!!151 95 68 149 5 117 83 100 93 29 154 153 13 152 21 150 
AQUIIII!!152 100 154 95 93 21 68 117 153 149 83 5 150 29 13 151 
AQUIIII!!29 154 149 153 150 27 100 13 117 26 28 83 68 95 93 152 
AQUIIII!!151 94 87 93 104 153 7 149 13 21 5 68 92 154 150 152 
AQUIIII!!21 117 95 152 83 100 93 149 68 13 150 28 29 154 153 151 
AQUIIII!!27 150 93 149 152 153 95 154 13 28 117 83 29 68 100 151 
AQUIIII!!151 21 18 87 92 5 148 93 68 145 7 150 94 143 104 19 
AQUIIII!!151 153 150 93 7 94 19 92 18 154 13 5 68 21 87 104 
AQUIIII!!153 149 100 13 152 68 21 150 5 95 83 29 154 93 117 151 
AQUIIII!!151 94 19 21 7 93 18 87 104 92 143 68 13 150 5 145 
AQUIIII!!151 68 104 152 5 154 13 93 7 149 87 153 92 21 150 94 
AQUIIII!!155 30 118 82 36 33 75 22 1 34 74 119 114 35 32 42 
AQUIIII!!100 28 13 29 152 150 149 27 68 153 83 95 93 154 117 151 
AQUIIII!!154 29 83 27 95 153 149 152 13 117 100 26 28 150 93 68 
AQUIIII!!68 152 83 93 154 28 150 13 29 153 117 149 100 27 95 151 
AQUIIII!!151 29 28 153 68 100 95 21 83 152 149 117 150 13 154 93 
AQUIIII!!151 7 13 19 92 87 5 104 94 93 21 68 154 150 143 18 
AQUIIII!!5 149 68 13 21 94 AQUIIII!!7 87 152 104 104 92 150 93 AQUIIII!!13 151 87 93 145 153 150 93 154 68 154 92 92 7 104 151 5 19 
87 21 7 94 18 143 153 19 68 148 18 94 21 6 5 
151 
AQUIIII!!151 148 6 87 93 5 104 145 19 143 21 18 7 68 94 92 
AQUIIII!!95 100 152 93 149 74 25 28 27 17 83 153 26 117 29 154 
AQUIIII!!95 100 149 150 154 83 68 93 29 153 28 152 117 13 21 151 
AQUIIII!!95 100 149 150 154 83 68 93 29 153 28 152 117 13 21 151 
AQUIIII!!95 28 13 21 152 100 93 29 150 83 149 68 153 154 117 151 
AQUIIII!!74 14 42 75 119 33 82 34 114 32 35 118 1 36 155 30 
AQUIIII!!21 93 18 153 150 5 13 92 87 104 154 7 152 68 94 151 
AQUIIII!!94 152 153 104 154 92 5 149 93 13 68 150 87 21 7 151 
AQUIIII!!151 150 93 153 18 5 154 87 94 92 7 68 21 19 13 104 
AQUIIII!!151 18 150 152 104 153 68 13 92 21 154 94 87 7 5 93 
AQUIIII!!151 21 93 145 92 19 143 150 68 5 104 7 18 87 148 94 
AQUIIII!!153 154 100 150 29 149 28 27 13 68 83 117 95 93 152 151 
AQUIIII!!21 154 151 13 87 5 104 152 7 153 149 92 93 68 94 150 
AQUIIII!!150 29 83 149 13 152 117 154 100 153 68 28 93 95 21 151 
AQUIIII!!29 154 153 95 13 100 28 149 117 83 68 93 152 150 26 27 
AQUIIII!!21 151 153 87 7 68 93 104 18 92 152 154 94 5 150 13 
AQUIIII!!151 94 19 5 92 104 153 93 68 18 13 150 154 21 7 87 
AQUIIII!!93 21 150 68 13 5 149 92 152 87 104 153 94 7 154 151 
AQUIIII!!151 19 21 5 87 93 18 94 143 154 68 104 13 92 7 150 
AQUIIII!!151 87 93 68 92 18 19 94 148 5 145 150 21 7 143 104 
AQUIIII!!151 68 13 153 154 21 87 93 5 19 150 94 18 7 104 92 
AQUIIII!!93 104 87 19 148 145 68 18 7 94 92 5 143 21 6 151 
AQUIIII!!21 151 148 19 92 143 104 18 7 93 68 145 5 87 6 94 
AQUIIII!!117 154 152 150 149 153 68 21 100 83 95 13 93 5 29 151 
AQUIIII!!7 87 93 13 21 18 68 154 5 153 104 150 92 94 152 151 
AQUIIII!!19 68 87 94 13 153 104 18 92 93 21 7 5 150 154 151 
Number of Cuts in the second phase:1754
Number of repeat: 1694 
Violation: 663.000000
Violation: 1401.000000
Violation: 76.000000
Violation: 153.000000
Violation: 424.000000
Violation: 59.000000
Violation: 18.000000
Violation: 126.000000
Violation: 22.000000
Violation: 1054.000000
Violation: 787.000000
Violation: 8.000000
Violation: 343.000000
Violation: 207.000000
Violation: 1334.000000
Violation: 748.000000
Violation: 449.000000
Violation: 181.000000
Violation: 167.000000
Violation: 413.000000
Violation: 163.000000
Violation: 15.000000
Violation: 4.000000
Violation: 215.000000
Violation: 562.000000
Violation: 421.000000
Violation: 372.000000
Violation: 361.000000
Violation: 146.000000
Violation: 711.000000
Violation: 634.000000
Violation: 279.000000
Violation: 330.000000
Violation: 324.000000
Violation: 163.000000
Violation: 309.000000
Violation: 820.000000
Violation: 259.000000
Violation: 844.000000
Violation: 255.000000
Violation: 624.000000
Violation: 1079.000000
Violation: 700.000000
Violation: 536.000000
Violation: 181.000000
Violation: 1.000000
Violation: 317.000000
Violation: 929.000000
Violation: 998.000000
Violation: 848.000000
Violation: 1165.000000
Violation: 328.000000
Violation: 351.000000
Violation: 306.000000
Violation: 542.000000
Violation: 883.000000
Violation: 97.000000
Violation: 357.000000
Violation: 558.000000
Violation: 440.000000
took 15.028449
Optimize a model with 1220 rows, 10797 columns and 133668 nonzeros
Coefficient statistics:
  Matrix range     [1e-05, 9e+01]
  Objective range  [0e+00, 0e+00]
  Bounds range     [1e+00, 2e+09]
  RHS range        [1e+00, 6e+01]
Warning: Model contains large bounds
         Consider reformulating model or setting NumericFocus parameter
         to avoid numerical issues.

Concurrent LP optimizer: dual simplex and barrier
Showing barrier log only...

Presolve removed 172 rows and 420 columns
Presolve time: 0.04s
Presolved: 1048 rows, 10377 columns, 126066 nonzeros

Ordering time: 0.00s

Barrier statistics:
 Dense cols : 15
 AA' NZ     : 5.071e+04
 Factor NZ  : 9.267e+04 (roughly 5 MBytes of memory)
 Factor Ops : 1.042e+07 (less than 1 second per iteration)
 Threads    : 3

                  Objective                Residual
Iter       Primal          Dual         Primal    Dual     Compl     Time
   0   0.00000000e+00 -2.68716627e+07  8.27e+09 0.00e+00  1.42e+06     0s
   1   0.00000000e+00 -4.44265555e+06  2.80e+09 7.89e-03  4.83e+05     0s
   2   0.00000000e+00 -2.69709456e+05  1.81e+08 7.77e-16  3.15e+04     0s
   3   0.00000000e+00 -1.46837811e+03  3.41e+04 5.27e-16  6.00e+00     0s
   4   0.00000000e+00 -1.17271682e+03  2.65e+04 2.58e-06  4.50e+00     0s
   5   0.00000000e+00 -1.29919809e+03  3.89e+03 5.22e-05  8.78e-01     0s
   6   0.00000000e+00 -6.93054919e+02  1.44e+03 3.48e-06  2.94e-01     0s
   7   0.00000000e+00 -3.73135187e+02  5.51e+02 1.63e-07  1.11e-01     0s

Barrier performed 7 iterations in 0.10 seconds
Barrier solve interrupted - model solved by another algorithm


Solved with dual simplex
Solved in 614 iterations and 0.10 seconds
Optimal objective  0.000000000e+00
