j3017_4.mm_s1.txt
Academic license - for non-commercial use only
Read LP format model from file lp/j3017_4.mm.lp
Reading time = 0.01 seconds
: 351 rows, 906 columns, 9053 nonzeros
OKGPU
nThreads: 1024 , nBlocks: 12 
Number cuts generated in the phase 1: 9
Number of repeat: 0 
violation 587.000000
violation 545.000000
violation 545.000000
violation 578.000000
violation 286.000000
violation 428.000000
violation 284.000000
violation 284.000000
violation 800.000000
8592 16
AQUIIII!!55 29 7 40 9 18 52 14 13 47 11 34 2 20 10 27 
AQUIIII!!55 AQUIIII!!34 55 9 7 20 27 40 2 52 9 7 AQUIIII!!15 10 10 55 29 11 18 47 17 47 2 16 52 13 21 20 18 40 34 14 34 9 11 29 7 27 27 14 
13 40 29 
2 10 13 11 14 
AQUIIII!!55 37 1 49 51 17 24 12 21 0 29 23 48 50 16 AQUIIII!!15 55 
13 10 21 40 20 7 34 2 14 29 27 17 9 18 11 
AQUIIII!!10 16 40 29 0 27 7 21 9 12 17 11 34 2 15 55 
AQUIIII!!7 0 27 16 1 40 24 34 AQUIIII!!21 21 9 50 17 24 12 10 2 15 29 2 51 55 12 
15 37 1 17 16 0 27 AQUIIII!!49 AQUIIII!!55 10 0 
27 24 18 12 15 29 AQUIIII!!16 55 52 34 13 22 9 34 7 54 AQUIIII!!9 10 12 8 20 16 17 11 37 50 7 1 2 14 29 27 24 21 5 40 0 40 17 2 2 19 37 21 47 50 1 
55 27 53 
15 23 21 6 29 48 7 49 51 AQUIIII!!3 55 7 18 
4 29 
2 11 40 13 34 16 10 AQUIIII!!21 14 2 17 9 34 27 AQUIIII!!55 11 AQUIIII!!AQUIIII!!
49 40 12 17 1 17 29 24 48 24 13 AQUIIII!!17 7 7 17 21 52 1 29 21 23 20 15 27 16 50 7 16 21 12 15 29 AQUIIII!!0 15 29 37 10 2 40 9 24 16 AQUIIII!!18 10 51 0 12 14 0 AQUIIII!!27 16 27 12 AQUIIII!!9 52 7 37 50 2 51 34 27 13 55 2 10 51 34 29 
40 1 24 27 34 15 9 16 0 47 21 10 13 55 16 17 12 14 37 2 10 
47 37 11 2 55 7 52 1 AQUIIII!!9 13 AQUIIII!!
14 55 AQUIIII!!47 27 15 9 16 27 14 50 21 15 17 9 2 34 29 20 
29 21 10 55 14 21 27 27 7 AQUIIII!!29 
11 34 13 AQUIIII!!9 10 15 18 40 7 11 51 17 1 34 51 7 27 12 12 2 18 2 40 16 55 27 18 17 29 20 55 0 9 
16 
7 11 7 27 11 13 29 2 15 29 34 55 55 1 15 37 40 

11 2 11 21 29 24 AQUIIII!!10 12 20 2 51 17 40 17 27 2 37 24 9 13 29 34 47 9 7 29 18 16 2 9 21 7 29 21 21 40 13 12 21 AQUIIII!!AQUIIII!!AQUIIII!!13 55 17 55 55 7 10 55 2 47 
10 14 0 
55 
17 40 2 34 27 9 15 27 
AQUIIII!!7 7 34 15 11 21 17 9 11 20 55 21 0 1 55 10 7 

40 21 12 40 27 9 50 AQUIIII!!29 16 16 27 40 27 34 7 1 13 29 1 12 24 20 0 24 47 29 17 18 12 27 
37 21 15 7 2 AQUIIII!!0 34 2 9 55 10 24 37 14 55 20 51 
16 55 2 18 15 
49 14 49 1 13 51 27 40 15 29 24 11 2 50 52 55 0 21 10 
16 AQUIIII!!9 12 55 17 55 9 
10 
2 24 1 27 7 16 AQUIIII!!15 34 55 0 48 12 21 21 AQUIIII!!16 17 55 37 40 24 29 
12 51 2 24 16 12 0 AQUIIII!!1 7 55 17 27 1 16 21 50 29 51 23 AQUIIII!!37 15 0 55 17 50 49 2 49 29 29 12 15 27 21 
17 21 24 17 AQUIIII!!37 55 51 
51 17 50 2 11 49 24 14 0 15 18 15 0 13 1 16 
21 50 9 37 10 27 7 1 16 12 2 
34 29 40 27 
AQUIIII!!47 4 48 52 22 6 49 54 53 5 23 8 AQUIIII!!3 55 19 49 37 29 29 
21 17 51 2 24 15 0 16 50 37 27 1 12 
AQUIIII!!27 0 9 16 7 34 2 AQUIIII!!10 7 29 15 40 1 9 17 11 24 34 40 47 21 14 12 27 10 55 20 
52 2 18 13 55 
AQUIIII!!10 14 9 18 29 27 AQUIIII!!13 11 10 40 16 21 40 2 34 11 2 16 27 7 12 17 15 34 17 55 9 7 
21 29 0 AQUIIII!!55 
7 29 40 9 11 34 47 14 27 10 20 52 2 18 13 55 
AQUIIII!!2 11 14 47 34 52 29 9 7 27 20 18 AQUIIII!!40 1 10 12 13 17 55 51 
48 24 50 23 29 0 37 15 16 49 21 55 
AQUIIII!!AQUIIII!!16 34 37 11 51 18 2 AQUIIII!!50 40 27 7 7 21 27 17 AQUIIII!!AQUIIII!!27 24 34 29 9 27 14 0 16 15 21 14 18 12 17 13 29 9 34 29 21 40 17 10 29 AQUIIII!!15 11 2 55 AQUIIII!!7 16 18 13 40 14 7 18 2 
9 7 2 2 27 1 21 17 7 20 9 14 40 55 10 13 10 29 2 AQUIIII!!7 
1 11 16 27 10 14 29 10 55 34 2 11 13 
12 21 40 9 34 17 13 9 17 17 24 55 20 40 21 0 
11 14 11 16 47 21 2 AQUIIII!!34 AQUIIII!!29 29 10 55 14 15 27 27 11 13 
27 7 14 16 52 18 55 16 40 13 34 20 
9 10 34 55 47 7 13 9 
10 21 7 27 18 40 11 2 55 10 21 
55 AQUIIII!!
17 29 29 49 18 15 34 27 40 51 9 1 12 2 2 55 21 
17 50 37 16 0 24 55 
AQUIIII!!55 24 15 0 AQUIIII!!1 55 37 27 21 9 27 AQUIIII!!15 12 55 12 29 24 0 9 17 7 40 21 16 21 0 17 15 16 51 37 10 2 50 2 
16 17 49 2 34 29 11 1 29 27 7 12 
51 
AQUIIII!!10 14 11 29 27 21 17 2 9 40 34 16 7 15 13 55 
AQUIIII!!10 14 11 29 27 21 17 2 9 40 34 16 7 15 13 55 
AQUIIII!!10 14 20 17 2 18 29 11 21 7 40 34 13 9 27 55 
AQUIIII!!2 7 16 21 29 11 17 15 AQUIIII!!AQUIIII!!10 9 34 29 24 9 9 16 15 40 10 17 27 14 0 13 21 12 55 7 2 14 27 21 
27 2 37 11 29 13 7 16 1 34 51 55 40 
17 15 55 
AQUIIII!!15 16 51 0 17 24 37 12 1 50 AQUIIII!!2 18 21 40 29 27 27 11 AQUIIII!!49 10 16 55 9 AQUIIII!!AQUIIII!!12 
34 20 55 27 29 18 40 AQUIIII!!2 21 29 14 10 11 0 2 2 21 21 7 17 14 11 15 17 AQUIIII!!29 47 34 34 7 27 13 21 13 18 7 29 47 40 40 20 20 34 12 27 34 7 9 10 20 11 15 27 29 55 16 17 10 13 2 9 
10 40 10 14 52 55 9 14 
47 2 11 21 AQUIIII!!7 34 55 29 48 13 9 
27 49 9 40 50 
18 55 17 11 29 
2 37 13 24 7 AQUIIII!!12 AQUIIII!!55 55 10 15 17 
15 23 15 9 51 10 13 27 21 21 29 29 16 AQUIIII!!34 12 0 55 2 11 16 1 AQUIIII!!27 7 40 55 17 47 34 21 
16 40 9 12 7 18 2 0 40 9 11 14 40 AQUIIII!!27 27 11 16 16 29 17 55 12 2 21 10 
27 20 2 15 2 11 
29 0 52 7 7 14 34 29 13 9 21 10 0 40 7 
34 34 55 15 
17 10 AQUIIII!!9 55 11 37 55 12 
16 21 29 49 AQUIIII!!48 2 23 40 50 9 15 12 0 27 51 11 17 15 24 17 10 1 21 
34 7 16 29 55 13 AQUIIII!!54 
50 49 48 37 AQUIIII!!8 55 4 40 52 29 23 7 5 14 22 34 19 2 6 16 29 17 3 27 53 18 
21 10 9 13 11 
AQUIIII!!14 34 17 27 21 2 AQUIIII!!29 55 13 7 11 21 40 9 10 27 7 16 18 11 9 2 16 34 55 10 
17 13 14 40 15 29 
AQUIIII!!55 18 13 21 14 27 10 2 20 29 9 47 11 7 34 40 
AQUIIII!!21 14 27 17 10 7 34 16 2 13 40 9 11 15 29 55 
AQUIIII!!17 12 21 24 2 15 51 1 0 29 37 9 16 27 7 55 
AQUIIII!!27 34 1 9 12 17 2 7 0 40 10 16 24 15 21 55 
AQUIIII!!7 27 20 14 47 2 18 21 10 29 34 11 9 40 55 13 
AQUIIII!!27 29 12 21 40 11 34 16 2 17 7 9 15 10 55 13 
AQUIIII!!29 0 27 51 AQUIIII!!21 55 7 AQUIIII!!9 14 40 2 29 14 1 7 17 2 47 12 16 24 9 2 15 10 27 37 21 18 16 27 55 11 20 
15 13 40 10 17 29 13 9 11 34 52 55 34 
7 
AQUIIII!!2 18 9 14 34 29 21 16 40 10 11 7 27 13 17 55 
AQUIIII!!55 21 15 37 AQUIIII!!12 49 17 24 AQUIIII!!29 55 21 1 0 7 16 15 2 27 27 0 51 51 12 2 51 27 7 29 15 24 24 50 0 37 17 50 16 29 
2 1 21 37 1 16 50 55 17 
12 
AQUIIII!!55 14 27 13 47 11 29 21 34 18 20 9 2 7 40 10 
AQUIIII!!21 40 9 12 34 2 17 13 27 29 16 11 15 10 7 55 
AQUIIII!!55 16 23 0 49 51 15 1 48 12 29 17 21 24 AQUIIII!!50 7 37 29 
10 47 34 14 11 2 52 13 40 9 27 20 AQUIIII!!18 15 55 7 
24 51 1 27 9 12 0 16 29 17 2 37 21 55 
AQUIIII!!50 55 1 2 51 16 17 21 0 12 15 37 27 29 49 24 
AQUIIII!!34 29 14 7 11 13 21 20 40 10 2 9 27 18 47 55 
AQUIIII!!55 11 13 40 7 10 20 18 9 21 27 17 29 14 34 2 
AQUIIII!!2 7 15 17 21 0 37 29 51 16 1 12 27 24 9 55 
AQUIIII!!55 13 34 18 9 14 2 17 27 40 10 21 7 29 11 20 
AQUIIII!!49 24 1 29 0 16 50 23 17 37 48 15 51 12 21 55 
AQUIIII!!21 10 18 AQUIIII!!27 11 55 7 13 9 7 21 34 34 AQUIIII!!14 13 55 20 40 0 11 47 37 40 18 17 29 20 15 9 27 AQUIIII!!21 2 2 0 47 16 10 7 
29 1 50 55 21 12 14 29 48 
51 51 27 50 15 12 23 2 29 24 24 1 49 17 
37 16 55 
AQUIIII!!55 24 21 27 0 40 7 10 12 17 2 1 16 34 9 AQUIIII!!15 
55 10 9 11 34 52 13 40 14 7 2 18 27 29 20 47 
AQUIIII!!21 17 2 9 34 13 11 10 40 16 18 7 27 14 29 55 
AQUIIII!!18 10 2 14 20 40 11 29 13 7 34 52 9 47 27 55 
AQUIIII!!13 55 34 2 11 29 15 21 27 12 9 10 7 40 16 17 
AQUIIII!!55 14 10 11 27 16 34 21 7 13 40 18 29 2 17 9 
AQUIIII!!20 11 14 34 21 13 40 9 18 2 7 17 27 29 10 55 
AQUIIII!!2 27 13 7 9 29 11 10 AQUIIII!!14 11 15 40 17 34 7 16 17 20 21 18 55 
34 40 AQUIIII!!21 15 29 29 27 1 37 13 49 10 17 24 9 50 AQUIIII!!14 51 47 2 2 14 21 55 16 40 
0 9 27 34 12 55 29 
20 13 18 27 10 2 21 7 55 11 
AQUIIII!!17 13 27 7 AQUIIII!!9 24 16 50 34 48 40 49 51 29 37 2 16 10 23 14 17 18 12 0 11 29 21 21 55 15 
1 55 
AQUIIII!!49 55 15 50 12 2 51 29 1 37 17 24 27 21 AQUIIII!!0 23 16 21 
48 15 50 37 49 1 51 12 29 17 16 24 0 55 AQUIIII!!
21 29 9 15 51 16 24 1 0 27 2 7 12 17 37 55 
AQUIIII!!55 51 16 21 0 1 24 17 50 37 27 15 29 7 2 12 
AQUIIII!!52 27 10 2 20 18 7 9 40 13 47 29 34 11 55 14 
AQUIIII!!16 0 49 1 29 50 12 51 21 15 23 24 48 17 37 55 
AQUIIII!!13 52 34 2 18 29 27 47 20 9 7 40 10 11 14 55 
AQUIIII!!6 4 51 50 49 3 54 29 5 53 48 22 8 37 19 23 
AQUIIII!!49 6 50 51 4 1 3 5 48 43 31 0 24 37 8 19 
AQUIIII!!16 15 14 7 13 40 29 9 21 10 34 17 2 11 27 55 
AQUIIII!!55 17 2 12 27 15 34 0 40 16 1 21 7 9 10 24 
AQUIIII!!21 17 9 14 13 2 27 16 18 34 29 11 10 7 40 55 
AQUIIII!!55 34 27 2 29 12 7 11 9 15 16 13 21 10 40 17 
AQUIIII!!14 55 29 AQUIIII!!34 17 7 1 2 21 15 29 10 16 40 7 9 37 17 0 11 27 16 24 27 2 21 12 13 15 
50 51 55 
AQUIIII!!55 9 16 2 40 7 15 17 10 27 13 29 11 14 34 21 
AQUIIII!!55 7 11 12 40 27 15 17 29 21 2 13 10 34 9 16 
AQUIIII!!AQUIIII!!55 55 34 27 17 15 16 11 18 9 40 29 27 7 10 40 21 12 11 34 9 2 13 21 14 13 29 16 2 10 7 17 

AQUIIII!!55 29 11 14 27 10 18 20 AQUIIII!!2 55 9 21 13 9 7 29 21 14 16 47 10 34 2 40 7 
34 18 27 13 11 17 40 
AQUIIII!!55 AQUIIII!!11 55 47 21 34 37 13 12 21 17 20 23 14 29 7 16 29 1 10 51 9 15 AQUIIII!!40 55 50 27 0 10 18 13 24 2 18 49 
2 48 11 
29 14 34 27 16 7 40 17 9 21 
AQUIIII!!2 55 47 40 11 13 7 10 34 18 14 20 9 29 27 21 
AQUIIII!!55 34 17 10 15 12 9 29 2 7 11 16 40 27 21 0 
AQUIIII!!55 34 29 17 18 40 14 21 16 27 11 2 7 9 13 10 
AQUIIII!!55 11 21 16 27 9 13 34 17 7 40 2 10 15 29 12 
AQUIIII!!55 14 17 27 13 7 15 11 9 29 16 2 34 10 40 21 
AQUIIII!!55 29 7 14 13 18 17 40 27 21 20 2 34 10 9 11 
AQUIIII!!2 13 27 9 AQUIIII!!52 55 20 14 29 9 27 40 10 7 18 47 11 18 40 11 2 10 16 17 34 21 55 13 14 29 
7 34 
AQUIIII!!55 34 17 2 16 9 10 13 21 15 7 12 29 40 11 27 
AQUIIII!!13 55 14 27 2 29 17 11 21 40 16 9 10 15 7 AQUIIII!!34 55 
24 49 17 21 15 50 16 2 37 27 0 51 29 12 1 
AQUIIII!!55 40 1 10 2 9 21 0 AQUIIII!!17 2 7 16 1 24 37 34 21 12 27 27 15 0 
17 16 51 9 15 29 24 7 12 55 
AQUIIII!!55 21 9 12 27 11 0 2 7 29 15 34 17 16 40 10 
AQUIIII!!29 34 7 2 11 27 15 9 10 13 16 40 17 21 12 55 
AQUIIII!!55 0 2 24 9 34 12 1 10 7 40 16 27 15 21 17 
AQUIIII!!49 55 15 AQUIIII!!2 55 0 27 17 10 21 12 24 34 1 40 50 11 12 15 16 17 27 0 51 2 37 29 29 21 
16 7 9 
AQUIIII!!55 12 10 0 27 9 21 15 2 17 34 24 16 40 7 1 
AQUIIII!!55 13 7 34 21 2 15 10 27 16 17 9 11 14 40 29 
AQUIIII!!55 40 47 34 18 2 29 13 11 10 20 9 14 27 7 52 
AQUIIII!!48 52 49 23 6 54 37 19 3 5 29 8 53 22 4 47 
AQUIIII!!55 17 29 15 37 2 50 0 21 24 16 12 51 27 49 1 
AQUIIII!!55 10 29 11 21 27 2 AQUIIII!!14 55 15 27 9 13 40 20 16 29 17 7 7 40 14 34 2 13 9 
34 10 11 18 47 21 
AQUIIII!!49 48 54 50 5 51 19 53 3 37 4 8 29 22 6 23 
AQUIIII!!55 29 10 47 14 27 52 7 40 34 20 9 18 13 11 2 
AQUIIII!!55 1 16 7 2 10 21 40 24 17 15 12 27 34 9 0 
AQUIIII!!55 2 21 34 0 7 29 27 17 40 16 9 15 12 10 11 
AQUIIII!!55 11 13 10 15 16 9 12 34 7 21 27 2 17 29 40 
AQUIIII!!55 1 34 40 17 7 0 15 21 10 2 12 24 27 9 16 
AQUIIII!!11 55 21 16 9 17 29 34 40 10 15 0 12 27 7 2 
AQUIIII!!55 27 7 21 2 1 51 29 24 12 15 37 50 0 16 17 
AQUIIII!!55 20 47 21 10 29 18 40 9 34 13 2 14 27 7 11 
AQUIIII!!55 40 11 21 13 7 17 AQUIIII!!27 34 55 16 15 2 29 21 10 15 37 12 29 9 50 
12 0 27 7 17 51 1 16 2 24 
AQUIIII!!55 2 12 27 17 37 50 24 0 1 16 7 21 51 15 29 
AQUIIII!!55 11 52 9 14 20 27 13 40 29 7 47 2 34 10 18 
AQUIIII!!55 27 7 29 17 10 0 11 12 2 21 9 40 34 15 16 
AQUIIII!!55 40 AQUIIII!!18 55 47 13 10 11 7 9 29 10 13 27 34 16 27 15 14 34 9 17 14 2 21 29 11 2 40 20 7 
21 
Number of Cuts in the second phase:6476
Number of repeat: 6042 
Violation: 514.000000
Violation: 403.000000
Violation: 228.000000
Violation: 513.000000
Violation: 218.000000
Violation: 600.000000
Violation: 257.000000
Violation: 1200.000000
Violation: 257.000000
Violation: 600.000000
Violation: 179.000000
Violation: 226.000000
Violation: 342.000000
Violation: 327.000000
Violation: 425.000000
Violation: 102.000000
Violation: 109.000000
Violation: 763.000000
Violation: 470.000000
Violation: 200.000000
Violation: 342.000000
Violation: 175.000000
Violation: 171.000000
Violation: 262.000000
Violation: 109.000000
Violation: 438.000000
Violation: 611.000000
Violation: 218.000000
Violation: 184.000000
Violation: 200.000000
Violation: 171.000000
Violation: 398.000000
Violation: 400.000000
Violation: 939.000000
Violation: 771.000000
Violation: 327.000000
Violation: 513.000000
Violation: 342.000000
Violation: 82.000000
Violation: 514.000000
Violation: 569.000000
Violation: 787.000000
Violation: 766.000000
Violation: 261.000000
Violation: 428.000000
Violation: 428.000000
Violation: 432.000000
Violation: 257.000000
Violation: 171.000000
Violation: 199.000000
Violation: 398.000000
Violation: 366.000000
Violation: 771.000000
Violation: 484.000000
Violation: 262.000000
Violation: 113.000000
Violation: 736.000000
Violation: 284.000000
Violation: 287.000000
Violation: 381.000000
Violation: 327.000000
Violation: 775.000000
Violation: 413.000000
Violation: 393.000000
Violation: 113.000000
Violation: 428.000000
Violation: 199.000000
Violation: 512.000000
Violation: 798.000000
Violation: 455.000000
Violation: 599.000000
Violation: 171.000000
Violation: 912.000000
Violation: 285.000000
Violation: 179.000000
Violation: 147.000000
Violation: 311.000000
Violation: 408.000000
Violation: 456.000000
Violation: 218.000000
Violation: 98.000000
Violation: 313.000000
Violation: 234.000000
Violation: 222.000000
Violation: 480.000000
Violation: 748.000000
Violation: 763.000000
Violation: 617.000000
Violation: 1000.000000
Violation: 981.000000
Violation: 407.000000
Violation: 556.000000
Violation: 397.000000
Violation: 476.000000
Violation: 222.000000
Violation: 626.000000
Violation: 1196.000000
Violation: 284.000000
Violation: 162.000000
Violation: 424.000000
Violation: 454.000000
Violation: 483.000000
Violation: 53.000000
Violation: 569.000000
Violation: 155.000000
Violation: 611.000000
Violation: 284.000000
Violation: 348.000000
Violation: 98.000000
Violation: 763.000000
Violation: 394.000000
Violation: 288.000000
Violation: 292.000000
Violation: 226.000000
Violation: 724.000000
Violation: 569.000000
Violation: 397.000000
Violation: 802.000000
Violation: 255.000000
Violation: 226.000000
Violation: 388.000000
Violation: 218.000000
Violation: 447.000000
Violation: 318.000000
Violation: 501.000000
Violation: 869.000000
Violation: 397.000000
Violation: 330.000000
Violation: 600.000000
Violation: 1028.000000
Violation: 365.000000
Violation: 142.000000
Violation: 589.000000
Violation: 753.000000
Violation: 394.000000
Violation: 1174.000000
Violation: 113.000000
Violation: 200.000000
Violation: 284.000000
Violation: 698.000000
Violation: 762.000000
Violation: 292.000000
Violation: 563.000000
Violation: 428.000000
Violation: 200.000000
Violation: 572.000000
Violation: 589.000000
Violation: 912.000000
Violation: 113.000000
Violation: 662.000000
Violation: 591.000000
Violation: 287.000000
Violation: 446.000000
Violation: 494.000000
Violation: 541.000000
Violation: 635.000000
Violation: 333.000000
Violation: 210.000000
Violation: 171.000000
Violation: 405.000000
Violation: 514.000000
Violation: 370.000000
Violation: 999.000000
Violation: 206.000000
Violation: 798.000000
Violation: 264.000000
Violation: 350.000000
Violation: 311.000000
Violation: 171.000000
Violation: 388.000000
Violation: 806.000000
Violation: 542.000000
Violation: 513.000000
Violation: 281.000000
Violation: 654.000000
Violation: 677.000000
Violation: 1364.000000
Violation: 480.000000
Violation: 400.000000
Violation: 427.000000
Violation: 355.000000
Violation: 748.000000
Violation: 14.000000
Violation: 600.000000
Violation: 370.000000
Violation: 513.000000
Violation: 443.000000
Violation: 311.000000
Violation: 589.000000
Violation: 284.000000
Violation: 288.000000
Violation: 770.000000
Violation: 292.000000
Violation: 428.000000
Violation: 350.000000
Violation: 872.000000
Violation: 790.000000
Violation: 606.000000
Violation: 463.000000
Violation: 959.000000
Violation: 222.000000
Violation: 342.000000
Violation: 331.000000
Violation: 569.000000
Violation: 632.000000
Violation: 748.000000
Violation: 319.000000
Violation: 857.000000
Violation: 1090.000000
Violation: 498.000000
Violation: 541.000000
Violation: 281.000000
Violation: 872.000000
Violation: 939.000000
Violation: 164.000000
Violation: 456.000000
Violation: 1084.000000
Violation: 510.000000
Violation: 97.000000
Violation: 1037.000000
Violation: 577.000000
Violation: 200.000000
Violation: 394.000000
Violation: 341.000000
Violation: 568.000000
Violation: 199.000000
Violation: 581.000000
Violation: 775.000000
Violation: 831.000000
Violation: 318.000000
Violation: 310.000000
Violation: 298.000000
Violation: 989.000000
Violation: 541.000000
Violation: 1036.000000
Violation: 341.000000
Violation: 222.000000
Violation: 456.000000
Violation: 112.000000
Violation: 318.000000
Violation: 177.000000
Violation: 606.000000
Violation: 529.000000
Violation: 446.000000
Violation: 455.000000
Violation: 112.000000
Violation: 654.000000
Violation: 282.000000
Violation: 313.000000
Violation: 514.000000
Violation: 852.000000
Violation: 689.000000
Violation: 1102.000000
Violation: 298.000000
Violation: 769.000000
Violation: 176.000000
Violation: 498.000000
Violation: 939.000000
Violation: 89.000000
Violation: 740.000000
Violation: 529.000000
Violation: 43.000000
Violation: 211.000000
Violation: 654.000000
Violation: 542.000000
Violation: 861.000000
Violation: 142.000000
Violation: 678.000000
Violation: 220.000000
Violation: 342.000000
Violation: 297.000000
Violation: 113.000000
Violation: 199.000000
Violation: 1084.000000
Violation: 773.000000
Violation: 501.000000
Violation: 183.000000
Violation: 229.000000
Violation: 339.000000
Violation: 406.000000
Violation: 990.000000
Violation: 368.000000
Violation: 397.000000
Violation: 253.000000
Violation: 423.000000
Violation: 872.000000
Violation: 835.000000
Violation: 102.000000
Violation: 475.000000
Violation: 1000.000000
Violation: 498.000000
Violation: 1456.000000
Violation: 554.000000
Violation: 226.000000
Violation: 291.000000
Violation: 495.000000
Violation: 145.000000
Violation: 614.000000
Violation: 655.000000
Violation: 280.000000
Violation: 255.000000
Violation: 611.000000
Violation: 426.000000
Violation: 671.000000
Violation: 599.000000
Violation: 432.000000
Violation: 220.000000
Violation: 575.000000
Violation: 275.000000
Violation: 141.000000
Violation: 262.000000
Violation: 1298.000000
Violation: 607.000000
Violation: 436.000000
Violation: 575.000000
Violation: 98.000000
Violation: 414.000000
Violation: 263.000000
Violation: 269.000000
Violation: 1374.000000
Violation: 662.000000
Violation: 397.000000
Violation: 392.000000
Violation: 636.000000
Violation: 225.000000
Violation: 149.000000
Violation: 576.000000
Violation: 681.000000
Violation: 226.000000
Violation: 231.000000
Violation: 339.000000
Violation: 825.000000
Violation: 561.000000
Violation: 521.000000
Violation: 281.000000
Violation: 545.000000
Violation: 832.000000
Violation: 400.000000
Violation: 622.000000
Violation: 393.000000
Violation: 828.000000
Violation: 370.000000
Violation: 397.000000
Violation: 199.000000
Violation: 452.000000
Violation: 427.000000
Violation: 669.000000
Violation: 271.000000
Violation: 225.000000
Violation: 912.000000
Violation: 660.000000
Violation: 592.000000
Violation: 226.000000
Violation: 341.000000
Violation: 541.000000
Violation: 421.000000
Violation: 752.000000
Violation: 677.000000
Violation: 363.000000
Violation: 124.000000
Violation: 178.000000
Violation: 55.000000
Violation: 684.000000
Violation: 256.000000
Violation: 990.000000
Violation: 428.000000
Violation: 176.000000
Violation: 604.000000
Violation: 43.000000
Violation: 869.000000
Violation: 331.000000
Violation: 142.000000
Violation: 82.000000
Violation: 109.000000
Violation: 968.000000
Violation: 561.000000
Violation: 148.000000
Violation: 825.000000
Violation: 542.000000
Violation: 572.000000
Violation: 635.000000
Violation: 1130.000000
Violation: 359.000000
Violation: 293.000000
Violation: 428.000000
Violation: 168.000000
Violation: 370.000000
Violation: 474.000000
Violation: 455.000000
Violation: 246.000000
Violation: 342.000000
Violation: 339.000000
Violation: 564.000000
Violation: 654.000000
Violation: 308.000000
Violation: 748.000000
Violation: 681.000000
Violation: 454.000000
Violation: 616.000000
Violation: 483.000000
Violation: 373.000000
Violation: 244.000000
Violation: 309.000000
Violation: 140.000000
Violation: 939.000000
Violation: 342.000000
Violation: 140.000000
Violation: 284.000000
Violation: 460.000000
Violation: 394.000000
Violation: 225.000000
Violation: 263.000000
Violation: 490.000000
Violation: 585.000000
Violation: 542.000000
Violation: 405.000000
Violation: 325.000000
Violation: 228.000000
Violation: 319.000000
Violation: 269.000000
Violation: 236.000000
Violation: 358.000000
Violation: 292.000000
Violation: 14.000000
Violation: 663.000000
Violation: 659.000000
Violation: 114.000000
Violation: 681.000000
Violation: 27.000000
Violation: 295.000000
Violation: 556.000000
Violation: 748.000000
Violation: 349.000000
Violation: 568.000000
8592 16
AQUIIII!!55 1 0 9 27 12 37 15 29 21 16 AQUIIII!!7 55 2 29 17 17 9 51 2 24 7 21 
AQUIIII!!55 24 18 51 40 27 21 1 7 10 0 AQUIIII!!29 16 55 34 34 37 2 14 9 15 9 13 12 11 16 18 
13 14 27 11 7 2 17 29 27 10 
40 47 20 21 
AQUIIII!!55 11 15 9 AQUIIII!!34 55 2 13 40 18 27 29 16 9 13 2 12 14 10 11 29 20 7 10 17 52 21 27 
7 40 34 47 
AQUIIII!!55 17 2 1 16 21 51 29 27 7 37 9 15 12 24 0 
AQUIIII!!20 27 2 9 13 47 34 40 18 11 7 29 10 52 55 14 
AQUIIII!!40 9 AQUIIII!!2 15 29 17 12 12 27 0 34 27 16 1 7 21 0 16 29 51 11 24 21 2 17 37 10 50 55 7 
15 55 
AQUIIII!!55 AQUIIII!!29 9 AQUIIII!!50 17 2 29 40 11 7 15 34 34 16 10 21 16 24 27 40 2 27 29 13 0 12 13 21 7 AQUIIII!!11 9 15 2 17 27 
13 17 AQUIIII!!AQUIIII!!14 10 12 37 20 10 15 37 0 17 11 2 1 51 16 14 29 51 12 7 47 16 21 15 18 13 21 55 AQUIIII!!49 55 2 11 
29 
29 AQUIIII!!9 7 2 21 27 18 12 40 24 55 29 40 AQUIIII!!47 1 7 52 27 2 9 17 18 9 10 29 AQUIIII!!16 18 34 34 29 27 10 2 13 55 27 34 52 27 27 20 
7 40 AQUIIII!!34 12 50 AQUIIII!!AQUIIII!!11 AQUIIII!!40 9 27 11 16 55 40 10 10 16 55 10 11 47 13 17 
34 7 24 11 
11 13 AQUIIII!!7 40 AQUIIII!!27 20 2 27 AQUIIII!!7 17 10 40 20 11 2 7 52 15 29 10 40 9 14 0 47 34 AQUIIII!!40 47 12 14 34 7 14 21 29 17 20 7 29 AQUIIII!!18 0 14 29 29 29 15 13 11 14 55 10 21 27 29 2 55 21 9 40 21 18 29 2 13 9 47 17 21 AQUIIII!!11 18 52 16 
14 21 15 34 15 10 37 9 10 7 2 10 10 34 0 13 40 9 2 51 27 21 13 AQUIIII!!2 
17 7 27 15 40 18 20 7 34 11 34 AQUIIII!!55 27 0 34 17 11 51 AQUIIII!!17 55 27 27 40 52 16 AQUIIII!!9 2 9 2 
16 0 12 7 48 34 20 55 50 55 29 55 13 17 9 17 34 55 9 13 14 
AQUIIII!!AQUIIII!!55 40 21 49 21 18 2 7 11 11 
17 13 21 10 1 

11 1 13 16 0 9 9 17 11 55 11 17 15 34 10 10 29 AQUIIII!!27 2 
12 40 24 40 17 2 40 AQUIIII!!7 34 18 15 16 AQUIIII!!47 15 0 2 10 12 2 24 7 29 2 2 29 16 16 14 7 27 2 21 55 29 9 14 55 12 13 50 51 14 27 10 21 21 17 14 9 

12 55 24 34 16 11 
34 15 1 15 9 21 7 27 55 29 29 
9 11 16 52 15 27 2 7 
27 21 2 13 9 27 12 17 21 
17 2 34 12 15 40 7 20 27 34 37 40 10 27 16 10 29 15 
21 23 21 18 40 10 55 11 7 37 7 29 
9 17 7 55 55 AQUIIII!!1 16 
11 
27 9 10 55 AQUIIII!!AQUIIII!!12 16 34 12 
12 7 37 40 55 15 27 51 34 40 9 7 0 
AQUIIII!!29 7 12 13 40 40 0 15 21 17 13 21 34 0 10 2 29 29 29 27 16 15 29 55 15 2 34 55 21 
16 40 
10 27 2 9 16 55 15 49 16 9 11 
AQUIIII!!12 29 13 10 13 50 34 12 21 11 24 29 16 17 2 7 2 1 16 11 27 18 17 0 55 11 55 10 17 
7 
55 12 17 
9 9 55 40 AQUIIII!!
55 27 AQUIIII!!21 40 17 16 2 15 34 18 24 52 14 27 55 10 34 
9 1 29 0 20 10 11 12 13 9 34 7 47 16 27 40 7 21 14 2 
55 
AQUIIII!!55 34 47 52 13 27 18 2 7 AQUIIII!!10 55 20 11 14 2 9 47 11 14 40 52 29 29 
27 9 40 10 20 18 13 7 34 
AQUIIII!!21 2 34 16 7 AQUIIII!!9 0 12 1 13 21 10 24 15 7 29 15 17 29 11 12 27 16 37 40 27 55 17 
51 2 9 55 
AQUIIII!!29 1 49 27 12 16 51 24 AQUIIII!!15 15 21 40 37 17 2 14 34 50 11 0 AQUIIII!!13 17 55 16 55 2 37 
1 7 29 16 21 15 10 12 9 23 27 51 55 49 
24 29 48 0 AQUIIII!!17 27 50 40 21 11 
7 18 9 34 29 AQUIIII!!20 55 13 10 2 2 15 17 14 21 17 14 10 55 34 
11 40 27 29 16 9 7 21 13 
AQUIIII!!AQUIIII!!14 21 52 27 10 2 27 18 7 16 13 34 9 29 53 17 20 40 11 14 29 7 34 11 40 13 AQUIIII!!18 11 9 47 16 2 10 7 
55 29 
12 0 9 40 17 34 2 AQUIIII!!27 AQUIIII!!2 10 7 29 15 15 24 34 21 50 55 12 AQUIIII!!
10 12 2 27 21 9 27 1 0 10 16 29 7 17 11 9 37 AQUIIII!!16 14 34 27 55 17 40 29 51 40 9 12 11 0 2 47 0 49 2 21 20 15 21 40 55 27 55 16 
18 10 
17 52 13 24 34 7 1 
15 AQUIIII!!55 29 
9 13 47 AQUIIII!!2 40 7 16 11 2 40 9 34 27 20 17 52 21 18 7 10 11 27 29 14 18 55 14 
AQUIIII!!10 29 AQUIIII!!34 40 37 AQUIIII!!13 15 AQUIIII!!15 2 55 AQUIIII!!27 34 17 10 
55 2 13 9 15 2 49 17 2 9 40 29 10 16 12 11 17 16 7 29 34 16 15 12 7 21 AQUIIII!!51 40 11 14 37 0 24 1 34 18 27 1 17 23 50 47 0 12 24 7 12 27 10 AQUIIII!!48 21 2 21 49 24 0 20 10 12 12 29 55 37 16 21 9 
16 23 29 9 34 55 1 51 40 7 15 17 
13 1 21 49 15 21 50 24 27 AQUIIII!!AQUIIII!!55 27 0 17 29 10 55 11 
9 21 0 40 
13 27 55 51 
47 17 
16 2 9 48 7 13 11 29 34 40 11 50 34 7 20 55 20 52 14 
18 2 10 18 27 29 14 21 55 55 

AQUIIII!!55 34 17 2 29 14 13 21 9 18 10 7 20 27 11 40 
AQUIIII!!29 40 47 9 18 34 20 21 14 2 27 7 13 10 11 55 
AQUIIII!!13 27 7 9 55 11 52 14 34 29 18 40 20 10 47 2 
AQUIIII!!27 34 9 21 11 29 13 16 12 2 7 17 40 10 15 55 AQUIIII!!
49 0 48 37 16 12 24 21 17 50 29 51 23 15 1 55 
AQUIIII!!55 17 40 27 13 14 7 29 15 AQUIIII!!2 55 11 2 9 50 10 16 16 12 34 21 21 49 
15 51 1 0 24 27 17 37 29 
AQUIIII!!29 34 40 18 AQUIIII!!7 2 16 7 2 12 14 34 17 11 13 9 21 10 11 9 0 27 40 10 27 55 17 
15 21 AQUIIII!!29 14 16 10 55 40 
2 27 7 16 21 17 11 29 13 18 9 34 55 
AQUIIII!!10 20 34 27 2 13 17 29 AQUIIII!!21 55 7 7 40 11 34 18 2 9 16 14 27 55 11 
15 9 29 40 17 12 0 21 10 
AQUIIII!!0 50 AQUIIII!!16 1 24 0 51 7 29 9 21 16 27 15 2 2 15 40 49 24 37 17 17 12 12 10 1 21 55 27 
34 AQUIIII!!55 48 
AQUIIII!!15 15 1 9 51 AQUIIII!!21 50 55 34 11 17 29 AQUIIII!!40 49 40 18 21 17 29 34 17 16 7 0 AQUIIII!!AQUIIII!!2 9 29 21 29 16 51 16 14 14 12 27 17 16 27 29 10 24 2 27 37 10 10 AQUIIII!!16 10 18 12 11 13 7 23 7 37 9 2 17 14 
21 37 15 13 27 2 15 12 55 21 7 34 40 0 2 
55 24 13 
13 51 29 40 12 1 7 21 17 17 0 27 16 1 27 AQUIIII!!15 11 34 16 20 50 11 55 2 40 55 9 
24 
9 55 21 2 
29 18 50 10 7 47 55 
27 21 7 AQUIIII!!34 2 13 7 11 11 AQUIIII!!14 29 21 29 12 10 55 0 10 
12 9 9 16 AQUIIII!!15 17 37 13 29 23 15 40 21 15 16 34 7 49 27 0 34 40 55 2 21 
12 17 11 29 50 27 AQUIIII!!51 55 AQUIIII!!48 18 16 
49 17 9 17 23 24 16 50 29 0 1 55 10 37 7 
48 14 15 2 12 34 17 13 16 40 24 29 21 27 1 21 11 55 55 
51 
AQUIIII!!40 16 34 0 27 12 7 15 10 11 9 2 21 17 29 55 
AQUIIII!!55 24 16 0 1 2 51 21 17 15 37 7 AQUIIII!!52 27 29 9 9 29 18 12 10 
47 34 13 11 7 14 20 40 2 27 55 
AQUIIII!!55 40 17 16 1 0 21 10 34 24 2 15 12 9 27 7 
AQUIIII!!40 20 29 14 27 34 2 11 18 17 9 7 13 10 21 55 
AQUIIII!!27 28 22 47 13 18 10 7 9 2 20 21 29 14 55 11 
AQUIIII!!21 7 9 15 2 29 1 16 37 24 17 12 27 51 0 55 
AQUIIII!!18 21 13 9 20 11 47 14 34 10 29 27 7 2 40 AQUIIII!!55 27 40 
AQUIIII!!52 55 7 17 2 15 11 11 AQUIIII!!14 34 52 29 12 34 34 9 29 13 29 2 47 27 14 AQUIIII!!10 18 10 0 21 20 7 21 51 10 20 40 50 9 2 9 37 7 55 18 24 16 11 
29 
AQUIIII!!27 16 40 55 17 47 2 17 13 15 37 1 55 2 12 
7 0 24 49 51 27 21 55 15 
0 12 16 27 1 9 29 
AQUIIII!!55 29 9 7 21 13 15 27 2 34 40 11 16 AQUIIII!!AQUIIII!!17 21 2 10 34 47 12 29 18 
10 52 27 34 47 14 18 10 9 13 11 7 40 55 2 29 13 11 20 40 7 27 14 9 55 20 

AQUIIII!!0 9 16 29 27 10 15 12 21 7 40 34 17 2 55 11 
AQUIIII!!9 18 10 13 27 14 11 21 17 20 7 29 2 40 34 55 
AQUIIII!!27 37 15 2 50 1 7 24 AQUIIII!!29 16 40 17 34 29 17 12 15 0 10 16 51 21 21 13 55 7 
11 2 14 9 27 55 
AQUIIII!!34 40 21 27 AQUIIII!!29 55 15 13 21 11 24 14 7 10 17 7 12 15 37 2 1 17 16 29 9 51 55 0 
2 50 16 27 
AQUIIII!!55 49 37 51 12 1 24 0 17 16 15 48 21 23 50 29 
AQUIIII!!15 16 13 17 34 21 10 27 11 9 2 29 7 40 12 55 
AQUIIII!!55 18 10 13 34 7 14 27 2 29 17 16 21 9 11 40 
AQUIIII!!55 50 29 16 1 15 37 21 17 27 2 0 51 24 7 12 
AQUIIII!!55 50 29 16 1 15 37 21 17 27 2 0 51 24 7 12 
AQUIIII!!22 23 51 3 4 5 6 37 29 8 19 54 48 50 53 49 
AQUIIII!!55 10 29 13 34 18 2 7 21 40 11 27 9 17 16 14 
AQUIIII!!55 10 29 9 7 34 17 27 40 16 2 12 11 21 15 0 
AQUIIII!!55 40 10 13 18 14 2 27 9 7 17 34 11 20 29 21 
AQUIIII!!50 7 17 12 2 37 0 29 51 16 1 24 15 27 21 55 
AQUIIII!!55 14 11 21 40 10 27 17 29 16 7 34 2 13 15 9 
AQUIIII!!47 55 2 27 14 29 34 11 21 7 20 9 18 40 10 13 
AQUIIII!!2 29 21 27 24 16 15 1 17 9 37 7 0 12 51 55 
AQUIIII!!7 29 2 40 34 27 11 14 9 10 17 21 16 18 AQUIIII!!13 55 55 
23 21 17 24 50 51 12 37 49 1 48 16 29 15 0 
AQUIIII!!55 1 29 16 17 21 12 50 2 49 24 15 37 27 51 0 
AQUIIII!!55 21 15 16 12 7 27 24 0 1 29 37 51 17 50 2 
AQUIIII!!55 AQUIIII!!15 55 24 27 29 51 20 21 34 18 0 2 27 13 40 29 14 16 10 7 17 9 7 21 17 37 11 9 
2 1 12 
AQUIIII!!55 7 11 2 AQUIIII!!16 34 40 29 13 15 21 11 17 AQUIIII!!17 34 47 12 10 13 16 9 7 40 14 18 21 18 9 27 29 2 10 27 29 9 
27 7 52 13 20 2 14 55 10 
11 34 40 55 
AQUIIII!!55 16 37 17 9 7 0 2 21 15 27 29 12 51 24 1 
AQUIIII!!55 AQUIIII!!15 10 11 47 9 2 27 20 7 7 17 34 29 40 40 21 18 29 11 14 2 9 10 27 34 14 13 13 16 AQUIIII!!21 
55 55 
12 1 16 50 24 21 48 17 37 0 49 23 15 29 51 
AQUIIII!!4 48 3 49 22 54 5 23 8 19 51 29 50 6 37 53 
AQUIIII!!9 2 34 27 14 47 40 11 20 10 18 7 29 55 52 13 
AQUIIII!!55 11 21 20 47 40 27 13 34 29 18 10 9 14 2 7 
AQUIIII!!55 13 47 10 9 34 18 27 21 7 11 20 14 29 40 2 
AQUIIII!!55 18 11 29 20 14 2 7 34 13 10 AQUIIII!!21 55 9 2 27 9 17 29 40 13 
12 7 27 16 17 34 40 15 11 10 21 
AQUIIII!!55 27 16 10 12 15 13 21 2 7 40 9 29 34 17 11 
AQUIIII!!55 2 34 13 10 29 18 9 17 21 7 16 27 11 40 14 
AQUIIII!!21 17 2 34 13 10 18 11 20 40 27 7 9 14 29 55 
AQUIIII!!55 20 14 10 2 34 47 52 13 7 9 18 40 11 29 27 
AQUIIII!!55 13 20 29 9 10 27 7 2 40 14 11 47 18 52 34 
AQUIIII!!55 29 20 2 AQUIIII!!AQUIIII!!47 27 55 13 29 27 37 2 21 37 15 11 12 9 12 17 14 51 0 10 21 29 18 1 7 24 16 40 0 1 34 24 
49 15 50 51 49 2 55 16 
17 21 27 50 
AQUIIII!!55 29 24 12 37 1 51 17 21 0 AQUIIII!!2 55 16 13 15 2 27 12 7 21 50 15 
40 27 7 11 29 10 AQUIIII!!16 55 9 11 17 9 34 13 
15 12 27 7 2 21 10 34 17 29 16 40 
AQUIIII!!50 16 29 0 12 24 27 51 37 17 1 21 2 7 15 55 
AQUIIII!!55 34 17 10 40 27 13 2 21 7 16 15 29 12 11 9 
AQUIIII!!55 7 17 2 16 51 1 50 37 15 12 0 29 21 27 24 
AQUIIII!!55 9 10 21 13 7 29 14 16 17 11 34 15 27 40 2 
AQUIIII!!50 27 49 1 17 37 55 0 51 21 15 16 12 24 2 29 
AQUIIII!!55 21 17 15 27 49 50 2 51 37 24 0 1 16 12 29 
AQUIIII!!55 7 2 13 29 27 10 40 9 47 34 14 18 11 20 21 
AQUIIII!!55 11 2 10 29 27 14 7 9 40 18 20 52 13 34 47 
AQUIIII!!55 27 17 16 51 9 0 24 1 12 21 15 7 AQUIIII!!37 2 2 AQUIIII!!47 29 55 18 
11 55 10 14 21 9 10 21 11 14 29 34 7 29 20 17 27 13 40 18 13 7 34 2 9 
40 27 16 
AQUIIII!!48 50 37 16 17 24 15 12 0 1 29 21 51 49 23 55 
AQUIIII!!55 15 7 2 10 14 11 27 29 13 21 9 40 16 34 17 
AQUIIII!!55 17 49 16 23 1 15 12 0 24 50 29 51 37 48 21 
AQUIIII!!55 29 13 17 21 7 18 40 11 14 16 34 9 27 2 10 
AQUIIII!!55 1 16 15 7 12 0 37 29 51 27 50 17 2 21 24 
AQUIIII!!55 13 34 7 40 14 11 9 27 10 18 2 47 29 20 21 
AQUIIII!!55 29 20 14 34 47 13 10 27 21 9 40 2 11 18 7 
AQUIIII!!55 17 12 37 1 49 23 51 0 29 15 16 50 48 21 24 
AQUIIII!!55 29 27 34 18 7 14 10 47 13 20 21 40 11 2 9 
AQUIIII!!55 17 12 27 2 7 40 29 16 0 11 9 15 10 34 21 
AQUIIII!!55 27 24 7 12 0 9 2 21 1 40 16 10 17 15 34 
AQUIIII!!55 2 14 34 13 7 11 16 40 17 10 29 9 15 27 21 
AQUIIII!!55 51 24 21 17 16 0 50 15 29 37 12 27 2 1 7 
AQUIIII!!55 24 1 51 12 AQUIIII!!49 55 2 10 37 7 17 40 27 21 21 17 15 2 0 29 50 0 29 34 16 16 
9 15 27 12 11 
Number of Cuts in the second phase:6545
Number of repeat: 6389 
Violation: 226.000000
Violation: 569.000000
Violation: 404.000000
Violation: 284.000000
Violation: 606.000000
Violation: 289.000000
Violation: 569.000000
Violation: 571.000000
Violation: 179.000000
Violation: 1145.000000
Violation: 105.000000
Violation: 568.000000
Violation: 971.000000
Violation: 199.000000
Violation: 284.000000
Violation: 311.000000
Violation: 98.000000
Violation: 246.000000
Violation: 27.000000
Violation: 747.000000
Violation: 84.000000
Violation: 264.000000
Violation: 763.000000
Violation: 226.000000
Violation: 775.000000
Violation: 777.000000
Violation: 273.000000
Violation: 418.000000
Violation: 753.000000
Violation: 298.000000
Violation: 1026.000000
Violation: 476.000000
Violation: 173.000000
Violation: 482.000000
Violation: 55.000000
Violation: 475.000000
Violation: 363.000000
Violation: 386.000000
Violation: 342.000000
Violation: 884.000000
Violation: 681.000000
Violation: 273.000000
Violation: 71.000000
Violation: 309.000000
Violation: 516.000000
Violation: 175.000000
Violation: 441.000000
Violation: 231.000000
Violation: 970.000000
Violation: 888.000000
Violation: 427.000000
Violation: 548.000000
Violation: 265.000000
Violation: 476.000000
Violation: 989.000000
Violation: 945.000000
Violation: 262.000000
Violation: 644.000000
Violation: 234.000000
Violation: 263.000000
Violation: 364.000000
Violation: 255.000000
Violation: 469.000000
Violation: 142.000000
Violation: 370.000000
Violation: 396.000000
Violation: 28.000000
Violation: 556.000000
Violation: 55.000000
Violation: 605.000000
Violation: 576.000000
Violation: 599.000000
Violation: 247.000000
Violation: 503.000000
Violation: 364.000000
Violation: 370.000000
Violation: 1187.000000
Violation: 559.000000
Violation: 109.000000
Violation: 345.000000
Violation: 276.000000
Violation: 1036.000000
Violation: 551.000000
Violation: 321.000000
Violation: 634.000000
Violation: 371.000000
Violation: 645.000000
Violation: 758.000000
Violation: 439.000000
Violation: 1462.000000
Violation: 684.000000
Violation: 385.000000
Violation: 585.000000
Violation: 432.000000
Violation: 244.000000
Violation: 611.000000
Violation: 938.000000
Violation: 549.000000
Violation: 370.000000
Violation: 944.000000
Violation: 1026.000000
Violation: 195.000000
Violation: 691.000000
Violation: 938.000000
Violation: 262.000000
Violation: 458.000000
Violation: 427.000000
Violation: 441.000000
Violation: 568.000000
Violation: 454.000000
Violation: 263.000000
Violation: 643.000000
Violation: 114.000000
Violation: 28.000000
Violation: 935.000000
Violation: 678.000000
Violation: 253.000000
Violation: 787.000000
Violation: 339.000000
Violation: 284.000000
Violation: 512.000000
Violation: 898.000000
Violation: 293.000000
Violation: 516.000000
Violation: 942.000000
Violation: 472.000000
Violation: 250.000000
Violation: 131.000000
Violation: 503.000000
Violation: 458.000000
Violation: 417.000000
Violation: 113.000000
Violation: 281.000000
Violation: 98.000000
Violation: 643.000000
Violation: 479.000000
Violation: 121.000000
Violation: 319.000000
Violation: 148.000000
Violation: 739.000000
Violation: 1215.000000
Violation: 880.000000
Violation: 355.000000
Violation: 662.000000
Violation: 621.000000
Violation: 443.000000
Violation: 32.000000
Violation: 234.000000
Violation: 339.000000
Violation: 552.000000
Violation: 89.000000
Violation: 320.000000
Violation: 109.000000
Violation: 196.000000
Violation: 362.000000
Violation: 109.000000
2808 16
AQUIIII!!55 17 21 34 7 16 29 14 15 11 9 27 2 13 10 40 
AQUIIII!!10 21 18 2 34 29 13 27 20 11 47 9 40 14 7 55 
AQUIIII!!40 13 18 20 34 27 11 29 9 10 7 14 52 47 2 55 
AQUIIII!!2 20 9 34 18 7 11 13 29 10 47 27 40 21 55 14 
AQUIIII!!AQUIIII!!17 10 0 40 2 21 37 27 27 2 21 14 16 20 7 29 51 13 1 9 24 11 12 7 9 18 34 29 47 15 55 55 

AQUIIII!!12 40 10 15 AQUIIII!!7 15 9 16 17 0 2 34 29 11 21 17 14 27 40 21 16 2 13 29 10 55 11 
9 27 7 34 55 
AQUIIII!!16 12 9 21 AQUIIII!!17 27 0 7 16 2 40 13 2 10 15 40 10 15 7 29 34 AQUIIII!!34 29 7 55 21 11 21 AQUIIII!!17 
17 48 12 2 12 9 16 0 27 9 29 11 AQUIIII!!40 1 55 10 50 18 
11 21 14 21 49 13 29 15 29 13 16 27 40 17 11 34 24 10 23 7 34 51 17 55 37 16 55 
18 
2 9 27 55 14 
AQUIIII!!55 7 15 21 51 17 24 27 2 9 16 0 12 37 1 29 
AQUIIII!!10 7 34 20 9 27 18 13 2 29 40 47 11 55 14 52 
AQUIIII!!49 51 24 0 23 50 48 17 21 37 1 12 15 29 16 55 
AQUIIII!!40 12 AQUIIII!!7 24 29 34 34 40 0 27 16 9 21 21 10 15 2 17 17 0 15 1 AQUIIII!!9 12 10 11 16 27 27 7 9 55 2 7 
10 21 55 20 
14 2 47 11 18 29 40 13 34 AQUIIII!!55 15 
0 1 24 50 29 12 37 AQUIIII!!16 17 27 16 51 40 7 11 21 10 17 15 2 29 55 21 
34 9 27 0 2 12 7 55 
AQUIIII!!29 24 37 0 50 2 15 27 21 51 1 49 12 17 16 55 
AQUIIII!!55 15 27 9 12 17 10 29 34 16 40 11 7 21 AQUIIII!!2 55 13 11 
18 13 27 10 40 16 17 9 34 29 14 21 2 7 
AQUIIII!!55 16 11 27 18 34 17 2 13 40 29 14 10 7 21 9 
AQUIIII!!27 55 49 50 1 0 51 16 15 12 24 21 17 2 29 37 
AQUIIII!!10 14 34 18 11 21 20 27 40 7 9 29 2 47 13 55 
AQUIIII!!9 18 17 11 2 10 40 14 27 21 7 29 34 20 13 55 
AQUIIII!!7 9 53 11 29 10 14 13 20 34 18 27 52 40 47 2 
AQUIIII!!21 16 24 51 29 12 2 49 AQUIIII!!1 13 50 17 15 10 27 34 37 40 0 11 17 16 55 21 
9 27 2 18 29 14 7 55 
AQUIIII!!29 13 11 9 14 18 47 27 7 2 20 34 40 21 10 55 
AQUIIII!!55 1 37 17 0 15 7 12 27 16 29 24 51 50 2 21 
AQUIIII!!55 13 16 10 34 2 29 9 12 17 21 40 27 11 15 7 
AQUIIII!!55 40 11 27 47 9 20 18 52 10 29 2 34 7 14 13 
AQUIIII!!55 34 15 17 16 12 9 40 21 2 29 11 7 13 10 27 
AQUIIII!!21 16 2 27 40 34 29 15 12 7 17 10 13 11 9 55 
AQUIIII!!12 16 34 17 11 15 7 21 2 40 0 27 10 9 29 55 
AQUIIII!!55 12 27 2 9 16 21 29 15 24 17 7 0 1 51 37 
AQUIIII!!55 7 11 20 40 10 29 27 9 13 34 18 2 47 14 21 
AQUIIII!!18 40 11 13 29 14 9 21 27 7 34 55 10 20 2 47 
AQUIIII!!55 7 12 10 29 17 27 13 9 11 34 40 16 15 2 21 
AQUIIII!!55 34 52 10 2 14 40 13 AQUIIII!!29 55 9 24 47 29 7 51 18 0 27 2 20 12 11 16 
15 17 21 1 27 49 37 50 
AQUIIII!!55 15 11 34 7 2 17 21 10 29 16 9 12 13 27 40 
AQUIIII!!16 15 21 11 27 2 0 7 34 9 29 12 10 40 17 55 
AQUIIII!!55 2 21 27 12 15 40 17 34 AQUIIII!!9 55 11 17 29 24 10 29 7 0 16 37 13 12 
49 21 1 51 16 50 2 15 27 
AQUIIII!!55 21 50 23 17 0 24 48 51 12 1 16 49 29 15 37 
AQUIIII!!55 29 27 9 20 11 2 34 13 18 21 14 10 17 7 40 
AQUIIII!!55 29 1 12 2 9 21 15 17 51 0 27 16 7 24 37 
AQUIIII!!48 49 52 4 29 5 53 8 22 54 6 23 37 50 3 19 
AQUIIII!!55 51 15 37 7 21 27 29 50 16 2 0 1 24 17 12 
AQUIIII!!55 9 40 2 13 18 29 20 7 27 21 14 17 10 11 34 
AQUIIII!!55 21 50 27 16 12 15 0 2 17 37 51 24 49 1 29 
AQUIIII!!55 34 27 7 13 14 9 29 18 11 21 47 40 20 2 10 
AQUIIII!!47 48 3 5 29 52 6 4 49 23 22 8 37 54 19 53 
AQUIIII!!14 55 27 2 34 40 20 10 7 52 9 11 18 47 29 13 
AQUIIII!!55 15 21 16 51 23 24 49 17 48 0 12 50 1 29 37 
AQUIIII!!55 16 17 40 10 9 29 11 13 18 7 21 14 34 2 27 
AQUIIII!!55 7 13 27 47 18 20 34 9 2 52 10 11 40 14 29 
AQUIIII!!55 21 7 27 9 10 24 17 12 15 1 16 40 0 2 34 
Number of Cuts in the second phase:2135
Number of repeat: 2099 
Violation: 798.000000
Violation: 652.000000
Violation: 226.000000
Violation: 51.000000
Violation: 310.000000
Violation: 108.000000
Violation: 415.000000
Violation: 319.000000
Violation: 140.000000
Violation: 405.000000
Violation: 822.000000
Violation: 110.000000
Violation: 84.000000
Violation: 1072.000000
Violation: 394.000000
Violation: 294.000000
Violation: 284.000000
Violation: 404.000000
Violation: 304.000000
Violation: 237.000000
Violation: 274.000000
Violation: 344.000000
Violation: 428.000000
Violation: 406.000000
Violation: 55.000000
Violation: 716.000000
Violation: 399.000000
Violation: 246.000000
Violation: 592.000000
Violation: 275.000000
Violation: 143.000000
Violation: 1130.000000
Violation: 142.000000
Violation: 494.000000
Violation: 908.000000
Violation: 844.000000
took 6.311015
Optimize a model with 993 rows, 906 columns and 12937 nonzeros
Coefficient statistics:
  Matrix range     [1e+00, 4e+01]
  Objective range  [0e+00, 0e+00]
  Bounds range     [1e+00, 4e+01]
  RHS range        [1e+00, 1e+02]
Presolve removed 511 rows and 108 columns
Presolve time: 0.00s
Presolved: 482 rows, 798 columns, 9970 nonzeros

Iteration    Objective       Primal Inf.    Dual Inf.      Time
       0    0.0000000e+00   4.570005e+01   0.000000e+00      0s
     123    0.0000000e+00   0.000000e+00   0.000000e+00      0s

Solved in 123 iterations and 0.01 seconds
Optimal objective  0.000000000e+00
