j3017_4.mm_s4.txt
Academic license - for non-commercial use only
Read LP format model from file lp/j3017_4.mm.lp
Reading time = 0.01 seconds
: 351 rows, 906 columns, 9053 nonzeros
OKGPU
nThreads: 1024 , nBlocks: 12 
Number cuts generated in the phase 1: 11
Number of repeat: 4 
violation 750.000000
violation 400.000000
violation 420.000000
violation 249.000000
violation 84.000000
violation 139.000000
violation 800.000000
8592 16
AQUIIII!!53 25 16 37 50 14 9 23 27 51 22 13 31 11 10 15 
AQUIIII!!53 21 29 27 11 10 9 31 15 48 22 50 47 23 51 24 
AQUIIII!!51 53 48 10 11 47 25 15 31 22 9 24 13 27 50 23 
AQUIIII!!51 31 48 25 24 10 15 50 AQUIIII!!27 53 23 8 9 38 13 4 11 48 22 47 29 53 31 
28 27 AQUIIII!!24 15 47 20 13 19 18 27 21 51 47 
24 11 31 22 25 50 51 10 9 23 48 53 
AQUIIII!!53 21 27 11 28 31 24 51 15 29 20 AQUIIII!!48 31 AQUIIII!!19 9 21 53 47 AQUIIII!!22 48 24 
53 29 38 28 51 20 24 18 21 27 11 18 9 22 47 47 27 48 22 AQUIIII!!51 27 19 53 21 29 20 51 48 19 11 29 20 8 28 28 9 4 18 20 48 31 53 9 47 28 
19 22 51 47 24 
31 31 19 
29 8 27 AQUIIII!!24 53 18 50 21 24 
13 27 47 22 9 23 10 11 48 25 51 15 31 
AQUIIII!!48 38 19 47 24 8 31 AQUIIII!!27 27 21 47 18 31 20 48 29 4 51 51 28 28 4 21 53 20 
18 29 19 8 24 38 53 
AQUIIII!!27 29 47 19 48 AQUIIII!!21 4 24 18 9 51 20 15 51 48 27 24 22 8 29 19 28 20 53 28 21 11 47 31 31 AQUIIII!!38 53 
4 
27 29 24 28 51 8 19 38 AQUIIII!!53 47 51 16 31 11 14 48 31 15 18 37 27 20 10 13 53 23 AQUIIII!!9 53 21 22 31 25 27 
50 23 
14 15 9 10 11 22 24 25 48 50 13 51 
AQUIIII!!51 9 29 24 22 31 18 21 27 AQUIIII!!8 29 47 20 AQUIIII!!21 28 AQUIIII!!19 53 22 19 37 31 27 48 51 48 22 15 19 22 53 23 18 15 10 20 51 9 9 
11 11 20 14 24 48 31 9 51 27 27 50 29 13 47 16 11 31 25 24 
28 21 53 47 
28 53 
AQUIIII!!53 28 51 38 27 18 19 4 48 47 29 31 8 20 24 21 
AQUIIII!!1 47 19 24 31 20 27 38 4 3 8 28 2 21 18 29 
AQUIIII!!16 7 23 31 17 49 12 0 6 52 5 38 28 25 37 1 
AQUIIII!!53 4 28 27 31 18 38 24 20 48 51 47 8 29 21 19 
AQUIIII!!15 29 10 27 31 24 11 48 23 51 22 50 47 9 21 53 
AQUIIII!!51 38 18 47 19 4 8 20 27 24 29 AQUIIII!!48 51 53 28 29 28 21 19 48 31 4 53 20 27 
47 24 38 18 21 31 8 
AQUIIII!!28 27 18 1 19 38 3 8 20 29 21 31 24 4 2 47 AQUIIII!!
53 15 21 29 27 51 22 19 20 24 47 48 28 31 9 11 
AQUIIII!!28 19 9 29 21 11 22 48 24 47 20 18 51 27 31 53 
AQUIIII!!51 53 15 28 48 22 21 24 20 27 29 31 11 50 47 9 
AQUIIII!!53 31 21 15 47 29 48 27 11 20 9 24 22 51 28 19 
AQUIIII!!47 48 20 24 27 28 11 31 9 19 51 22 21 29 15 53 
AQUIIII!!24 31 8 19 28 51 47 18 27 21 29 AQUIIII!!20 53 38 51 48 50 4 28 53 9 
48 20 47 22 29 21 27 31 15 24 11 
AQUIIII!!27 24 29 10 51 50 AQUIIII!!15 11 31 50 11 48 47 47 9 25 23 27 22 10 21 31 48 51 53 13 
24 23 9 22 15 53 
AQUIIII!!27 14 AQUIIII!!10 53 9 31 24 15 AQUIIII!!20 25 50 29 16 9 13 24 51 50 47 38 11 11 51 27 29 22 21 8 23 23 48 37 22 53 47 15 
4 10 27 31 48 21 31 28 51 19 53 18 

AQUIIII!!53 10 24 22 13 11 14 23 48 27 25 15 50 51 9 31 
AQUIIII!!53 29 31 10 48 27 50 22 21 24 9 23 51 15 11 47 
AQUIIII!!2 4 1 47 29 38 24 31 21 18 27 28 19 3 20 8 
AQUIIII!!53 51 4 21 38 47 27 31 18 28 29 8 19 48 24 20 
AQUIIII!!53 23 14 16 22 9 15 13 50 10 37 31 27 11 17 25 
AQUIIII!!27 25 31 23 15 13 10 9 50 48 11 24 22 14 53 51 
AQUIIII!!27 13 14 50 22 9 11 15 31 16 10 25 17 37 23 53 
AQUIIII!!53 24 51 21 47 11 18 31 19 22 29 27 9 48 28 20 
AQUIIII!!48 50 14 51 25 9 23 AQUIIII!!11 AQUIIII!!53 22 53 31 24 15 48 13 24 27 21 31 27 24 51 10 AQUIIII!!9 21 15 31 38 53 11 27 29 
28 51 47 21 47 20 47 4 22 28 28 8 31 18 9 22 19 29 8 27 19 
18 19 48 48 20 20 24 29 51 
53 
AQUIIII!!21 50 22 24 AQUIIII!!20 51 28 53 27 28 29 18 9 20 31 29 51 11 11 31 48 48 47 47 15 9 53 22 
24 27 19 21 
AQUIIII!!4 47 20 24 21 3 31 19 28 18 29 48 38 27 51 8 
AQUIIII!!29 51 4 AQUIIII!!20 53 47 28 27 20 21 31 51 18 24 8 31 24 27 48 11 28 29 19 9 38 21 53 22 
15 48 47 50 
AQUIIII!!9 15 22 37 31 10 13 50 27 14 23 16 17 11 25 53 
AQUIIII!!8 22 19 48 9 31 20 18 24 27 28 29 47 21 53 51 
AQUIIII!!28 38 31 3 20 27 48 24 18 8 29 2 21 19 4 47 
AQUIIII!!21 29 AQUIIII!!8 28 47 38 19 21 31 29 20 4 38 18 28 48 4 27 24 24 48 51 AQUIIII!!27 47 53 18 20 10 51 19 31 53 8 16 
31 22 53 14 
17 9 13 23 11 27 50 25 15 37 
AQUIIII!!21 47 3 51 27 29 31 19 38 28 48 24 8 4 18 20 
AQUIIII!!22 23 10 37 14 51 16 25 13 15 31 50 11 9 27 53 
AQUIIII!!53 47 38 4 27 48 51 19 31 28 24 21 20 8 18 29 
AQUIIII!!48 15 25 50 31 24 10 11 47 22 9 13 51 27 23 53 
AQUIIII!!53 48 22 29 50 21 24 51 28 AQUIIII!!27 14 15 27 11 31 13 20 10 47 9 9 
25 16 22 11 50 23 31 37 15 17 53 
AQUIIII!!47 20 38 48 21 4 29 27 AQUIIII!!51 28 50 24 22 47 31 48 19 29 27 AQUIIII!!8 11 29 18 15 48 31 28 9 20 53 51 22 24 
15 21 20 28 53 27 
24 9 11 51 47 19 31 21 53 
AQUIIII!!15 24 21 29 10 27 22 48 11 50 31 9 51 23 47 AQUIIII!!53 31 
14 9 22 11 37 13 23 16 10 50 25 27 15 53 51 
AQUIIII!!25 31 23 14 10 22 50 27 11 13 9 24 48 15 51 53 
AQUIIII!!53 15 29 27 20 50 9 22 51 24 21 28 48 31 47 11 
AQUIIII!!28 18 8 29 27 31 24 38 21 4 19 2 20 1 47 3 
AQUIIII!!53 10 23 48 15 22 51 9 11 50 31 13 27 24 25 14 
AQUIIII!!51 47 53 27 15 21 29 50 20 22 9 48 31 11 AQUIIII!!28 51 24 53 
9 24 13 25 11 31 14 10 27 23 22 48 50 15 
AQUIIII!!53 11 15 47 20 51 27 31 21 22 24 9 48 29 28 50 
AQUIIII!!11 51 27 47 22 24 21 9 23 48 50 29 31 10 15 53 
AQUIIII!!51 29 19 31 21 27 18 20 48 24 22 8 28 9 47 53 
AQUIIII!!17 53 11 37 14 9 22 31 13 23 27 15 25 50 10 16 
AQUIIII!!21 53 27 48 31 24 28 22 20 11 9 50 47 51 29 15 
AQUIIII!!53 51 22 23 10 31 9 15 16 37 50 11 14 25 13 27 
AQUIIII!!53 22 9 28 48 51 50 24 27 20 15 21 47 11 31 29 
AQUIIII!!53 27 47 28 18 20 24 31 48 51 19 22 29 8 21 9 
AQUIIII!!8 24 20 21 19 38 28 47 48 31 18 4 27 29 51 53 
AQUIIII!!9 27 48 47 51 21 29 10 24 22 15 50 AQUIIII!!23 51 21 11 11 31 50 53 9 
23 22 31 47 10 27 29 48 24 15 53 
AQUIIII!!53 50 27 10 51 31 15 9 25 14 16 23 13 37 11 22 
AQUIIII!!53 31 10 25 50 13 22 16 11 17 37 14 9 23 27 15 
AQUIIII!!53 15 21 19 20 22 AQUIIII!!28 53 48 22 47 20 24 11 31 11 51 9 29 48 29 27 51 31 27 
28 47 24 18 19 21 9 
AQUIIII!!53 48 25 11 23 24 22 14 31 50 10 15 9 27 13 51 
AQUIIII!!53 13 24 23 11 48 51 10 27 15 25 31 50 14 22 9 
AQUIIII!!24 22 31 15 20 11 27 48 19 9 47 28 29 21 53 51 
AQUIIII!!53 51 31 15 28 22 47 48 20 29 24 21 19 27 9 11 
AQUIIII!!28 29 9 15 31 48 20 24 51 11 27 22 21 47 19 53 
AQUIIII!!25 22 15 9 24 13 10 50 51 31 11 48 27 47 23 53 
AQUIIII!!31 47 20 51 48 21 29 22 11 24 9 15 50 27 28 53 
AQUIIII!!53 47 15 9 29 21 51 20 48 19 24 22 31 11 28 27 
AQUIIII!!53 27 15 37 14 10 9 11 23 13 22 31 25 16 17 50 
AQUIIII!!AQUIIII!!53 53 31 23 19 15 24 24 29 51 47 13 38 22 48 31 9 51 27 4 25 28 48 18 10 20 47 21 11 27 50 8 

AQUIIII!!15 14 23 22 11 13 27 25 48 51 9 10 31 50 24 53 
AQUIIII!!53 22 47 31 10 11 15 27 AQUIIII!!24 53 25 24 50 9 9 19 48 29 23 47 51 21 13 27 
18 8 31 48 AQUIIII!!51 15 28 51 22 25 20 
37 10 22 27 31 11 16 50 9 14 13 23 53 
AQUIIII!!51 19 8 24 27 47 29 31 4 38 18 48 21 28 20 53 
AQUIIII!!31 48 11 10 14 15 51 50 27 13 23 25 24 22 9 53 
AQUIIII!!10 22 29 AQUIIII!!53 24 50 15 37 10 21 22 50 9 17 48 25 23 27 11 31 13 31 16 9 14 11 27 15 47 23 
51 53 
AQUIIII!!47 18 9 29 19 51 8 24 21 31 27 28 48 20 22 53 
AQUIIII!!53 31 20 38 47 48 29 51 18 19 21 27 28 24 8 4 
AQUIIII!!28 38 20 18 27 24 31 47 48 4 51 8 21 29 19 53 
AQUIIII!!51 20 53 27 22 AQUIIII!!28 24 9 38 28 8 48 31 29 24 31 4 18 18 48 8 29 19 20 47 27 21 2 19 3 
47 21 
AQUIIII!!53 47 9 31 51 15 10 22 48 25 11 13 23 27 24 50 
AQUIIII!!21 31 50 20 9 22 47 24 27 48 28 29 11 51 15 53 
AQUIIII!!53 24 8 20 28 18 47 51 27 38 21 48 19 31 29 4 
AQUIIII!!53 47 51 4 31 24 28 27 29 19 48 18 20 38 8 21 
AQUIIII!!11 15 48 27 22 24 47 9 29 50 28 21 20 51 31 53 
AQUIIII!!53 31 29 15 21 47 22 24 48 20 11 51 28 50 9 27 
AQUIIII!!27 9 29 47 28 15 31 50 AQUIIII!!47 48 29 22 19 20 11 24 21 20 11 22 48 24 28 53 9 31 51 27 
18 21 53 51 
AQUIIII!!53 51 50 37 27 16 31 22 23 15 14 13 25 11 9 10 
AQUIIII!!53 28 21 22 31 20 19 51 48 24 11 27 15 47 29 9 
AQUIIII!!53 22 25 14 AQUIIII!!51 53 29 11 51 31 48 28 37 31 27 20 21 10 11 23 27 47 15 19 9 16 15 AQUIIII!!13 24 11 22 9 31 
14 50 50 
27 25 13 15 10 16 23 9 37 22 53 17 
AQUIIII!!25 51 47 53 48 22 50 13 10 9 23 31 27 24 11 15 
AQUIIII!!53 21 51 48 31 18 29 24 9 19 20 28 47 27 22 11 
AQUIIII!!29 21 47 27 11 AQUIIII!!19 28 11 9 22 20 25 48 31 15 51 24 24 15 9 22 31 53 50 
23 10 13 27 48 51 14 53 
AQUIIII!!53 27 47 28 9 22 51 20 19 8 24 31 21 18 29 48 
AQUIIII!!53 9 51 31 24 23 48 50 11 AQUIIII!!10 AQUIIII!!14 24 53 13 8 11 27 19 24 15 22 18 31 25 31 28 
48 18 27 21 48 22 38 47 29 9 27 19 3 20 51 51 20 28 29 21 
4 47 
AQUIIII!!11 51 22 27 50 23 48 10 15 24 47 25 9 31 13 53 
AQUIIII!!53 50 9 37 13 27 16 10 15 25 23 51 11 31 14 22 
AQUIIII!!22 47 21 19 15 9 20 51 31 48 28 11 24 29 27 53 
AQUIIII!!31 15 27 9 24 51 50 47 11 22 23 48 10 13 25 53 
AQUIIII!!51 53 19 21 31 11 27 9 24 48 47 22 15 29 28 20 
AQUIIII!!10 13 16 11 22 17 25 14 9 31 37 15 23 50 27 53 
AQUIIII!!47 51 11 50 48 28 20 21 9 24 15 31 29 22 27 53 
AQUIIII!!53 23 22 51 50 15 11 27 48 31 25 13 14 24 10 9 
AQUIIII!!9 28 15 24 29 11 47 22 48 31 21 50 51 20 27 53 
AQUIIII!!53 25 14 50 51 23 9 27 16 13 11 31 22 37 15 10 
AQUIIII!!4 2 47 31 24 3 19 21 27 29 18 28 20 8 1 38 
AQUIIII!!37 27 51 25 14 15 22 9 13 50 11 23 16 31 10 53 
AQUIIII!!53 AQUIIII!!8 21 18 31 48 38 27 19 24 9 47 20 28 29 8 4 18 24 19 51 22 28 21 48 
29 31 20 47 27 51 53 
AQUIIII!!18 24 AQUIIII!!28 53 27 31 21 10 47 13 50 11 20 15 51 9 27 51 16 19 11 31 25 22 9 48 14 29 23 53 37 
22 
AQUIIII!!13 23 11 15 31 22 14 10 17 37 16 27 9 50 AQUIIII!!25 47 53 9 
28 24 48 51 21 20 50 11 27 22 31 15 29 53 
AQUIIII!!53 28 21 24 31 19 9 27 11 22 29 51 20 48 47 18 
AQUIIII!!31 20 27 21 18 51 29 8 9 24 28 48 22 47 19 53 
AQUIIII!!53 18 31 38 29 19 24 4 48 20 47 27 51 28 8 21 
AQUIIII!!53 50 24 9 10 22 15 13 25 47 31 48 11 23 27 51 
AQUIIII!!24 13 15 22 50 23 14 9 11 25 27 48 10 31 53 51 
AQUIIII!!53 25 48 15 9 10 50 23 22 31 13 27 24 47 AQUIIII!!51 53 11 11 
24 13 27 47 23 9 10 22 31 51 25 50 15 48 
AQUIIII!!47 48 24 11 27 20 50 51 15 28 9 29 31 22 53 21 
AQUIIII!!53 9 23 50 37 31 22 17 25 14 15 13 11 AQUIIII!!16 9 27 10 47 
20 29 27 11 28 19 24 31 21 48 22 18 51 53 
AQUIIII!!11 9 25 10 22 24 47 50 15 13 23 27 48 51 31 53 
AQUIIII!!18 48 21 22 9 8 24 29 27 47 19 51 31 20 28 53 
Number of Cuts in the second phase:3469
Number of repeat: 3256 
Violation: 568.000000
Violation: 200.000000
Violation: 500.000000
Violation: 55.000000
Violation: 600.000000
Violation: 245.000000
Violation: 200.000000
Violation: 500.000000
Violation: 284.000000
Violation: 500.000000
Violation: 136.000000
Violation: 200.000000
Violation: 84.000000
Violation: 284.000000
Violation: 1200.000000
Violation: 1000.000000
Violation: 333.000000
Violation: 252.000000
Violation: 1000.000000
Violation: 400.000000
Violation: 83.000000
Violation: 850.000000
Violation: 400.000000
Violation: 250.000000
Violation: 600.000000
Violation: 110.000000
Violation: 250.000000
Violation: 655.000000
Violation: 168.000000
Violation: 833.000000
Violation: 883.000000
Violation: 284.000000
Violation: 500.000000
Violation: 1250.000000
Violation: 1000.000000
Violation: 200.000000
Violation: 250.000000
Violation: 333.000000
Violation: 500.000000
Violation: 200.000000
Violation: 97.000000
Violation: 600.000000
Violation: 200.000000
Violation: 249.000000
Violation: 50.000000
Violation: 600.000000
Violation: 315.000000
Violation: 433.000000
Violation: 200.000000
Violation: 200.000000
Violation: 500.000000
Violation: 666.000000
Violation: 400.000000
Violation: 200.000000
Violation: 400.000000
Violation: 600.000000
Violation: 450.000000
Violation: 750.000000
Violation: 1000.000000
Violation: 272.000000
Violation: 200.000000
Violation: 800.000000
Violation: 537.000000
Violation: 200.000000
Violation: 600.000000
Violation: 200.000000
Violation: 250.000000
Violation: 556.000000
Violation: 200.000000
Violation: 346.000000
Violation: 194.000000
Violation: 400.000000
Violation: 200.000000
Violation: 200.000000
Violation: 400.000000
Violation: 333.000000
Violation: 83.000000
Violation: 33.000000
Violation: 594.000000
Violation: 223.000000
Violation: 136.000000
Violation: 1200.000000
Violation: 245.000000
Violation: 333.000000
Violation: 700.000000
Violation: 33.000000
Violation: 100.000000
Violation: 333.000000
Violation: 500.000000
Violation: 500.000000
Violation: 66.000000
Violation: 800.000000
Violation: 55.000000
Violation: 200.000000
Violation: 400.000000
Violation: 500.000000
Violation: 1250.000000
Violation: 450.000000
Violation: 500.000000
Violation: 194.000000
Violation: 600.000000
Violation: 110.000000
Violation: 684.000000
Violation: 582.000000
Violation: 233.000000
Violation: 833.000000
Violation: 200.000000
Violation: 1050.000000
Violation: 600.000000
Violation: 33.000000
Violation: 136.000000
Violation: 1000.000000
Violation: 1200.000000
Violation: 400.000000
Violation: 684.000000
Violation: 533.000000
Violation: 249.000000
Violation: 733.000000
Violation: 200.000000
Violation: 1200.000000
Violation: 200.000000
Violation: 101.000000
Violation: 276.000000
Violation: 500.000000
Violation: 100.000000
Violation: 1000.000000
Violation: 33.000000
Violation: 600.000000
Violation: 55.000000
Violation: 81.000000
Violation: 600.000000
Violation: 600.000000
Violation: 299.000000
Violation: 250.000000
Violation: 110.000000
Violation: 142.000000
Violation: 650.000000
Violation: 272.000000
Violation: 80.000000
Violation: 416.000000
Violation: 200.000000
Violation: 750.000000
Violation: 200.000000
Violation: 136.000000
Violation: 200.000000
Violation: 333.000000
Violation: 78.000000
Violation: 1000.000000
Violation: 800.000000
Violation: 1000.000000
Violation: 666.000000
Violation: 333.000000
Violation: 484.000000
Violation: 385.000000
Violation: 1200.000000
Violation: 368.000000
Violation: 633.000000
Violation: 168.000000
Violation: 33.000000
Violation: 1000.000000
Violation: 350.000000
Violation: 200.000000
Violation: 500.000000
Violation: 685.000000
Violation: 833.000000
Violation: 600.000000
Violation: 168.000000
Violation: 250.000000
Violation: 533.000000
Violation: 333.000000
Violation: 501.000000
Violation: 83.000000
Violation: 333.000000
Violation: 805.000000
Violation: 50.000000
Violation: 31.000000
Violation: 1.000000
Violation: 750.000000
Violation: 200.000000
Violation: 1000.000000
Violation: 600.000000
Violation: 350.000000
Violation: 1000.000000
Violation: 1142.000000
Violation: 484.000000
Violation: 1200.000000
Violation: 33.000000
Violation: 37.000000
Violation: 132.000000
Violation: 50.000000
Violation: 1200.000000
Violation: 26.000000
Violation: 1233.000000
Violation: 1.000000
Violation: 123.000000
Violation: 400.000000
Violation: 33.000000
Violation: 300.000000
Violation: 1333.000000
Violation: 433.000000
Violation: 167.000000
Violation: 284.000000
Violation: 750.000000
Violation: 166.000000
Violation: 185.000000
Violation: 529.000000
Violation: 500.000000
Violation: 833.000000
Violation: 250.000000
Violation: 84.000000
Violation: 385.000000
Violation: 250.000000
Violation: 50.000000
7404 16
AQUIIII!!53 11 13 50 17 31 9 AQUIIII!!AQUIIII!!16 53 53 22 15 51 14 23 20 23 51 22 10 AQUIIII!!50 27 27 53 47 19 15 21 9 48 25 51 31 9 37 18 48 28 
27 27 8 47 24 29 11 47 13 20 11 21 9 22 18 22 31 10 29 25 24 
19 
24 48 31 AQUIIII!!28 53 
20 27 22 29 47 28 19 21 51 48 18 31 11 24 AQUIIII!!9 53 
22 48 29 51 47 19 AQUIIII!!31 53 11 51 20 29 28 22 18 48 24 28 27 21 9 50 21 20 47 
31 24 15 9 27 11 
AQUIIII!!47 4 27 31 21 8 38 28 20 1 18 24 3 19 2 29 
AQUIIII!!31 47 38 4 28 3 8 18 20 24 21 2 19 27 29 1 
AQUIIII!!18 27 22 20 29 51 31 9 28 47 48 11 24 19 21 53 
AQUIIII!!51 27 13 9 25 15 47 31 48 24 50 10 11 22 AQUIIII!!23 47 53 28 
31 18 27 20 29 21 51 AQUIIII!!24 31 8 48 48 38 24 4 22 19 28 53 18 
51 AQUIIII!!21 23 29 51 27 27 19 13 20 AQUIIII!!24 47 27 48 18 11 29 11 9 47 53 50 22 
31 28 14 48 9 51 21 10 9 22 19 15 AQUIIII!!24 25 53 31 53 31 20 
9 11 24 53 27 
28 20 21 48 50 51 22 15 AQUIIII!!11 53 29 10 47 51 
37 50 15 13 16 23 27 11 25 31 14 22 9 
AQUIIII!!53 13 25 11 15 47 23 31 22 48 51 9 24 27 50 10 
AQUIIII!!53 27 19 28 24 18 51 29 47 31 48 21 8 20 4 38 
AQUIIII!!10 11 15 27 AQUIIII!!25 51 23 11 16 10 9 AQUIIII!!9 53 22 22 23 14 23 25 50 27 24 16 AQUIIII!!37 13 14 31 24 31 50 14 13 50 15 15 53 50 47 13 9 51 48 25 48 
11 13 31 17 15 37 22 10 10 27 
11 53 9 
22 31 27 AQUIIII!!25 23 51 AQUIIII!!51 20 31 53 31 19 
19 9 29 22 48 28 24 47 28 9 48 21 24 27 27 22 51 47 15 11 21 15 11 53 29 
53 AQUIIII!!20 50 
23 48 22 15 31 47 10 9 51 13 AQUIIII!!24 53 25 11 9 27 25 53 11 
23 48 22 50 15 AQUIIII!!53 13 50 10 15 47 24 31 51 24 25 51 22 48 27 31 
11 10 47 9 23 13 27 
AQUIIII!!53 48 24 51 28 11 22 31 21 18 19 27 20 29 9 47 
AQUIIII!!53 21 31 29 11 10 48 15 23 47 27 51 24 50 9 22 
AQUIIII!!51 53 47 22 25 10 48 11 23 27 50 9 31 24 15 13 
AQUIIII!!31 25 47 13 22 48 9 27 24 23 10 11 50 15 51 53 
AQUIIII!!25 24 22 14 48 11 15 10 27 50 9 51 23 13 31 53 
AQUIIII!!53 24 31 22 AQUIIII!!27 53 29 19 18 29 51 47 47 21 48 20 31 19 51 11 27 28 9 21 48 9 24 AQUIIII!!
22 28 20 9 15 15 28 29 11 11 
47 51 24 20 27 31 21 48 50 22 53 
AQUIIII!!11 23 27 48 10 9 31 AQUIIII!!50 8 47 28 24 20 25 19 48 22 13 31 24 15 53 4 38 51 29 
18 3 27 47 2 21 
AQUIIII!!10 14 9 27 13 15 51 22 16 50 23 25 37 11 31 53 
AQUIIII!!53 27 22 11 50 31 13 47 24 10 23 48 51 25 15 9 
AQUIIII!!15 27 23 9 17 13 37 50 AQUIIII!!11 53 16 29 25 50 14 22 31 9 10 27 22 15 53 51 
21 48 47 24 20 AQUIIII!!31 28 53 11 22 
9 31 28 48 AQUIIII!!20 48 19 19 29 AQUIIII!!22 21 18 51 51 29 29 18 38 8 15 20 8 27 21 24 31 28 47 19 27 
28 24 21 31 4 20 24 11 2 47 3 9 27 53 
1 47 
AQUIIII!!AQUIIII!!53 53 50 8 9 28 31 19 47 22 23 18 15 20 10 51 22 48 24 21 21 27 27 29 11 24 51 31 48 9 29 47 

AQUIIII!!38 20 31 29 18 1 19 28 24 8 4 2 27 21 47 3 
AQUIIII!!11 31 47 9 19 51 18 48 20 21 27 28 22 24 29 53 
AQUIIII!!27 21 8 48 47 31 38 29 28 24 20 19 18 51 4 53 
AQUIIII!!28 31 9 11 29 24 48 19 21 47 22 51 27 15 53 20 
AQUIIII!!AQUIIII!!50 8 24 29 20 23 31 22 AQUIIII!!19 48 24 22 9 24 48 48 28 31 27 27 27 50 9 13 21 51 14 10 47 25 31 18 51 10 21 15 23 22 AQUIIII!!11 29 53 53 15 
11 9 9 47 14 53 53 15 51 

27 50 16 22 23 11 13 25 10 37 31 17 
AQUIIII!!51 53 50 37 11 15 14 16 9 23 27 13 25 31 10 22 
AQUIIII!!21 22 31 18 27 47 48 51 29 8 20 24 19 9 28 53 
AQUIIII!!51 47 9 48 22 29 20 11 28 15 31 21 27 24 19 53 
AQUIIII!!53 21 24 51 15 22 29 31 28 47 11 19 9 48 27 20 
AQUIIII!!25 13 9 47 15 23 24 51 27 10 50 11 48 22 31 53 
AQUIIII!!27 51 21 9 22 11 31 15 20 48 50 29 47 24 28 53 
AQUIIII!!10 51 9 27 31 11 15 22 25 14 13 23 16 37 50 53 
AQUIIII!!53 21 9 29 48 19 24 22 20 47 11 28 51 31 27 18 
AQUIIII!!20 9 27 18 24 28 31 48 19 22 8 29 51 47 21 53 
AQUIIII!!8 22 29 31 47 27 48 24 18 9 19 28 20 53 AQUIIII!!51 11 21 9 
27 15 31 23 51 48 10 47 50 29 22 24 21 53 AQUIIII!!
37 31 23 13 9 14 25 16 50 11 15 10 27 51 22 53 
AQUIIII!!53 25 51 31 11 15 13 48 AQUIIII!!50 53 14 19 10 18 22 20 27 21 24 48 9 AQUIIII!!23 24 53 9 
38 29 48 11 24 22 31 29 28 4 47 47 27 18 51 
20 21 31 8 19 27 28 51 
AQUIIII!!53 20 28 50 47 48 15 9 24 11 27 21 29 22 51 31 
AQUIIII!!27 29 8 28 48 18 47 31 19 4 51 21 38 24 53 20 
AQUIIII!!37 2 3 38 4 25 28 33 5 6 0 31 12 1 49 7 
AQUIIII!!9 25 13 16 14 31 23 11 27 50 22 10 15 37 51 53 
AQUIIII!!22 51 19 11 24 21 48 27 28 31 9 47 18 29 20 53 
AQUIIII!!53 9 50 10 22 31 11 51 13 23 25 15 37 14 16 27 
AQUIIII!!53 48 15 24 51 31 AQUIIII!!29 28 53 9 27 19 24 20 51 27 48 47 50 11 23 22 21 9 22 11 
21 15 47 31 10 AQUIIII!!29 53 
50 23 51 9 16 27 13 10 14 37 25 15 22 31 11 
AQUIIII!!31 9 51 22 48 28 27 47 50 24 21 11 15 20 29 53 
AQUIIII!!47 27 11 18 48 19 22 21 9 28 29 31 20 51 24 53 
AQUIIII!!53 11 13 48 15 47 25 31 27 51 9 AQUIIII!!10 9 24 21 23 27 22 47 50 
20 22 28 51 31 15 11 50 29 24 48 53 
AQUIIII!!31 23 22 9 50 51 21 11 27 48 29 24 10 15 47 53 
AQUIIII!!31 10 23 51 47 24 25 13 15 9 11 27 AQUIIII!!48 31 50 51 22 21 53 19 
18 47 11 22 29 9 24 48 28 20 27 53 
AQUIIII!!53 20 29 8 51 18 47 31 27 28 9 22 19 48 24 21 
AQUIIII!!24 4 AQUIIII!!53 38 48 48 47 20 51 31 24 47 22 27 21 28 27 20 21 28 29 8 18 29 19 9 8 18 51 31 53 19 

AQUIIII!!53 21 4 47 29 24 28 18 8 31 20 19 27 38 51 48 
AQUIIII!!53 9 22 21 31 47 48 19 29 51 AQUIIII!!24 20 18 28 11 8 28 38 20 4 27 48 
47 27 51 29 31 24 19 18 21 53 
AQUIIII!!53 47 48 27 18 31 24 51 21 8 29 19 4 20 38 28 
AQUIIII!!53 17 22 9 31 37 23 11 13 25 27 14 16 15 50 AQUIIII!!10 53 22 
10 AQUIIII!!50 15 9 50 16 9 25 27 23 23 AQUIIII!!27 11 11 48 8 14 22 19 17 13 48 37 31 47 31 14 13 51 22 10 15 27 
25 9 24 53 24 
18 28 31 20 51 29 53 21 
AQUIIII!!53 20 22 51 21 27 18 8 28 31 29 48 9 19 47 24 
AQUIIII!!51 31 22 10 23 27 15 50 48 13 9 25 14 24 11 53 
AQUIIII!!31 14 22 23 37 13 9 27 25 16 50 15 11 10 53 51 
AQUIIII!!20 53 24 48 8 19 27 18 47 29 21 28 31 51 9 22 
AQUIIII!!1 38 25 2 37 28 3 0 7 22 6 49 5 52 12 31 
AQUIIII!!53 22 48 25 10 15 11 13 27 23 47 51 24 9 31 50 
AQUIIII!!53 31 4 20 48 27 47 8 28 29 24 18 19 51 38 21 AQUIIII!!
53 23 22 9 31 10 27 21 15 50 29 11 48 51 24 47 
AQUIIII!!51 53 18 21 4 19 8 27 29 20 47 24 48 38 28 31 
AQUIIII!!51 53 21 48 9 24 20 47 19 28 29 22 15 27 31 11 
AQUIIII!!20 27 28 48 AQUIIII!!11 29 51 47 48 31 24 9 21 31 18 18 47 28 29 4 27 22 51 24 38 21 8 19 19 20 53 53 

AQUIIII!!53 50 31 51 9 25 27 48 AQUIIII!!53 15 13 48 11 27 23 23 22 22 10 10 47 14 24 11 
31 24 50 15 9 25 51 13 
AQUIIII!!48 51 23 27 9 29 24 21 31 10 50 11 22 15 47 53 
AQUIIII!!27 9 29 47 51 24 21 22 20 15 48 31 19 28 11 53 
AQUIIII!!31 11 10 47 51 13 24 22 9 AQUIIII!!50 21 23 22 27 48 15 20 48 18 25 9 53 51 
29 19 28 31 47 27 24 8 53 
AQUIIII!!53 10 51 50 14 9 31 27 24 48 22 23 13 25 11 15 
AQUIIII!!53 37 27 31 23 14 11 22 50 9 13 15 16 25 51 10 
AQUIIII!!51 53 24 15 19 28 47 48 31 20 29 9 11 22 27 21 
AQUIIII!!28 8 18 27 19 31 51 20 24 48 3 38 29 47 4 21 
AQUIIII!!27 23 21 9 22 31 10 51 15 24 29 47 48 11 50 53 
AQUIIII!!20 53 15 48 21 24 11 22 9 50 29 47 28 51 31 27 
AQUIIII!!53 28 31 24 47 51 48 20 15 11 29 27 50 9 21 22 
AQUIIII!!17 53 37 25 13 14 10 50 9 31 15 16 11 23 27 22 
AQUIIII!!29 4 24 47 8 48 27 31 20 28 51 19 18 38 21 53 
AQUIIII!!48 21 11 22 28 29 9 27 51 31 47 24 15 19 20 53 
AQUIIII!!20 53 18 28 27 29 51 24 31 38 4 21 48 8 19 47 
AQUIIII!!53 23 31 27 48 47 11 10 25 22 24 51 15 50 13 9 
AQUIIII!!53 22 15 25 13 11 47 10 31 23 48 24 9 51 50 27 
AQUIIII!!53 24 27 47 31 21 20 4 29 18 28 51 48 38 8 19 
AQUIIII!!47 4 8 27 24 38 21 19 31 20 2 29 3 AQUIIII!!15 28 11 48 27 18 48 
10 14 51 24 22 23 25 13 50 31 9 53 
AQUIIII!!25 38 28 37 1 0 6 3 7 33 2 49 12 31 4 5 
AQUIIII!!29 31 22 19 51 11 18 48 47 27 28 9 24 53 20 21 
AQUIIII!!53 22 14 27 15 10 9 23 31 17 16 25 13 11 37 50 
AQUIIII!!20 53 9 51 15 48 11 47 27 31 29 22 28 19 21 24 
Number of Cuts in the second phase:2989
Number of repeat: 2936 
Violation: 200.000000
Violation: 1000.000000
Violation: 165.000000
Violation: 500.000000
Violation: 400.000000
Violation: 938.000000
Violation: 900.000000
Violation: 84.000000
Violation: 583.000000
Violation: 445.000000
Violation: 526.000000
Violation: 600.000000
Violation: 447.000000
Violation: 150.000000
Violation: 1.000000
Violation: 334.000000
Violation: 167.000000
Violation: 381.000000
Violation: 1333.000000
Violation: 600.000000
Violation: 583.000000
Violation: 333.000000
Violation: 533.000000
Violation: 571.000000
Violation: 200.000000
Violation: 833.000000
Violation: 333.000000
Violation: 1000.000000
Violation: 500.000000
Violation: 1083.000000
Violation: 200.000000
Violation: 83.000000
Violation: 280.000000
Violation: 537.000000
Violation: 1200.000000
Violation: 284.000000
Violation: 1000.000000
Violation: 200.000000
Violation: 50.000000
Violation: 101.000000
Violation: 685.000000
Violation: 250.000000
Violation: 500.000000
Violation: 136.000000
Violation: 250.000000
Violation: 400.000000
Violation: 200.000000
Violation: 165.000000
Violation: 372.000000
Violation: 681.000000
Violation: 1200.000000
Violation: 214.000000
Violation: 250.000000
took 3.946334
Optimize a model with 634 rows, 906 columns and 10132 nonzeros
Coefficient statistics:
  Matrix range     [1e+00, 4e+01]
  Objective range  [0e+00, 0e+00]
  Bounds range     [1e+00, 4e+01]
  RHS range        [1e+00, 1e+02]
Presolve removed 366 rows and 107 columns
Presolve time: 0.00s
Presolved: 268 rows, 799 columns, 8585 nonzeros

Iteration    Objective       Primal Inf.    Dual Inf.      Time
       0    0.0000000e+00   4.614294e+01   0.000000e+00      0s
     105    0.0000000e+00   0.000000e+00   0.000000e+00      0s

Solved in 105 iterations and 0.01 seconds
Optimal objective  0.000000000e+00
