j3017_4.mm_s8.txt
Academic license - for non-commercial use only
Read LP format model from file lp/j3017_4.mm.lp
Reading time = 0.01 seconds
: 351 rows, 906 columns, 9053 nonzeros
OKGPU
nThreads: 1024 , nBlocks: 12 
Number cuts generated in the phase 1: 14
Number of repeat: 4 
violation 271.000000
violation 689.000000
violation 542.000000
violation 726.000000
violation 592.000000
violation 413.000000
violation 250.000000
violation 250.000000
violation 400.000000
violation 650.000000
8592 16
30 60 61 1 AQUIIII!!18 23 41 55 53 36 17 22 
5 58 20 30 36 19 18 1 59 21 61 55 60 
AQUIIII!!AQUIIII!!30 36 21 5 60 30 59 19 23 53 53 61 55 55 20 58 22 18 22 1 19 21 36 1 
59 20 5 60 58 6 23 61 
AQUIIII!!21 5 23 59 AQUIIII!!19 36 20 60 1 58 58 20 36 53 30 17 22 30 AQUIIII!!60 6 61 20 61 61 21 19 55 AQUIIII!!AQUIIII!!58 55 18 60 8 56 58 21 32 10 55 1 36 59 6 AQUIIII!!23 41 41 53 5 61 59 
57 21 
30 53 2 58 55 19 1 AQUIIII!!8 5 32 60 5 30 6 9 18 60 6 53 22 23 1 20 59 24 22 5 55 23 59 
60 53 28 1 56 22 56 21 3 60 22 58 61 1 53 AQUIIII!!8 
28 6 6 61 23 
60 36 21 28 17 30 21 59 30 AQUIIII!!56 1 
19 22 55 0 1 56 17 58 28 32 55 61 58 
53 4 59 30 5 20 23 21 30 16 8 18 61 41 AQUIIII!!
55 21 54 32 53 36 20 
53 17 36 55 59 19 AQUIIII!!58 53 30 41 18 20 60 58 41 55 16 AQUIIII!!61 61 61 19 
58 60 21 32 60 59 36 41 1 16 18 17 59 20 30 36 55 17 21 19 AQUIIII!!
30 22 53 56 32 8 18 6 
28 AQUIIII!!AQUIIII!!10 61 1 6 57 36 60 5 22 9 10 5 2 23 7 23 24 56 59 53 8 5 21 28 24 AQUIIII!!60 23 57 61 56 59 61 18 9 55 
21 3 23 58 6 1 20 2 58 1 22 5 30 1 53 61 
30 
55 59 20 36 22 60 19 
AQUIIII!!30 21 36 19 1 55 17 61 53 32 60 18 20 58 59 41 
AQUIIII!!30 5 20 22 AQUIIII!!59 1 32 19 41 23 36 36 18 21 53 58 60 53 55 60 58 55 30 1 59 18 17 61 20 19 
61 21 
AQUIIII!!30 21 36 19 1 55 17 61 53 32 60 18 20 58 59 41 
AQUIIII!!55 20 AQUIIII!!59 30 53 16 30 58 61 36 58 17 32 21 36 55 17 59 1 18 18 53 21 AQUIIII!!19 41 20 56 60 22 61 19 10 60 
5 32 1 41 60 8 
6 2 23 24 28 57 AQUIIII!!59 55 9 20 61 59 
53 30 61 58 32 36 17 1 18 21 41 60 19 
AQUIIII!!20 19 17 30 59 32 41 58 60 55 AQUIIII!!53 61 60 1 61 21 18 53 36 32 
59 55 36 41 58 17 18 30 21 20 19 16 
AQUIIII!!60 36 21 18 20 32 19 41 61 30 53 1 AQUIIII!!58 61 AQUIIII!!17 19 23 59 21 30 60 55 32 59 41 
59 1 18 20 AQUIIII!!8 36 36 1 30 55 55 60 58 17 6 61 53 59 58 55 53 23 
56 21 30 6 22 56 5 5 58 28 1 22 60 
21 20 53 61 
AQUIIII!!30 5 20 22 59 19 23 36 21 58 53 60 55 1 AQUIIII!!18 9 61 1 
56 24 8 3 2 60 6 5 10 22 57 AQUIIII!!23 55 28 58 61 24 
1 59 60 23 5 22 6 8 28 9 53 56 61 
AQUIIII!!20 59 55 36 AQUIIII!!18 19 58 21 30 21 32 32 41 17 59 30 18 19 20 61 36 41 1 53 55 60 1 17 60 61 
58 53 
AQUIIII!!55 59 61 19 1 53 17 21 60 32 41 18 58 36 20 30 
AQUIIII!!19 36 30 1 17 AQUIIII!!32 61 55 21 5 60 23 18 58 AQUIIII!!55 20 30 8 41 20 59 5 61 59 28 53 53 
23 58 2 60 1 21 9 1 24 22 60 6 56 AQUIIII!!22 AQUIIII!!36 55 6 30 
53 10 5 41 20 56 17 22 3 16 59 18 57 19 54 61 23 30 
36 0 19 21 52 58 4 53 20 60 21 55 32 1 36 18 
61 
AQUIIII!!21 60 19 61 32 55 17 58 18 30 1 53 41 36 59 20 
AQUIIII!!36 32 55 59 58 16 17 41 53 61 60 20 18 30 21 19 
AQUIIII!!1 18 20 AQUIIII!!17 22 61 28 41 53 32 21 58 61 30 1 21 55 19 60 53 58 AQUIIII!!59 59 36 56 36 32 8 55 55 6 60 
5 59 23 58 30 16 
17 41 53 61 60 20 18 30 21 19 
AQUIIII!!17 32 41 AQUIIII!!19 22 36 5 53 1 58 16 24 18 28 61 6 55 59 21 56 30 57 AQUIIII!!58 60 61 9 20 8 23 60 1 8 2 59 10 28 61 
5 
3 23 56 57 9 24 6 10 7 22 
AQUIIII!!AQUIIII!!17 32 21 18 4 60 36 21 20 30 30 59 53 32 59 16 1 60 36 18 41 53 61 19 20 55 58 41 19 58 17 
55 
AQUIIII!!5 1 21 30 59 58 36 18 22 55 19 53 20 23 61 60 
AQUIIII!!30 16 58 32 41 20 21 18 36 53 19 17 60 55 59 61 
AQUIIII!!17 19 18 60 58 AQUIIII!!61 20 21 21 59 53 19 41 41 20 17 1 55 60 30 55 32 36 36 
53 58 32 30 AQUIIII!!1 32 59 36 61 60 18 
41 53 59 16 30 18 21 61 20 17 55 58 19 
AQUIIII!!61 3 10 8 56 9 23 60 6 22 28 2 24 1 5 AQUIIII!!57 20 
59 55 30 21 AQUIIII!!17 36 58 20 32 18 61 0 18 58 41 16 60 41 53 54 19 21 1 19 36 32 
17 30 53 55 4 
AQUIIII!!32 30 36 18 55 20 AQUIIII!!41 0 1 30 19 16 59 AQUIIII!!32 61 58 17 20 59 60 19 16 18 21 20 58 60 17 21 55 53 21 AQUIIII!!18 41 2 61 54 19 32 6 36 
30 52 57 53 41 56 17 36 53 9 
55 10 4 23 
8 5 60 22 1 28 24 59 61 AQUIIII!!
20 1 36 19 53 58 23 60 55 59 21 22 5 6 30 AQUIIII!!61 19 
59 55 AQUIIII!!20 55 18 17 17 61 18 36 21 41 20 32 30 60 53 1 21 59 58 32 60 30 61 1 53 
36 41 58 19 
AQUIIII!!61 36 41 17 53 32 59 21 30 AQUIIII!!16 61 58 1 60 3 55 56 19 24 20 10 18 57 
28 22 6 5 8 2 23 7 9 
AQUIIII!!36 41 59 55 18 53 20 17 1 58 60 32 19 AQUIIII!!61 61 30 21 53 
20 55 19 5 60 6 23 58 22 AQUIIII!!30 55 1 19 36 53 59 1 21 61 
58 21 30 41 59 60 18 17 20 36 32 
AQUIIII!!16 58 17 59 30 18 53 21 20 60 32 36 61 55 AQUIIII!!41 60 19 59 
18 61 53 19 55 20 58 36 21 1 32 17 30 41 
AQUIIII!!61 AQUIIII!!28 60 1 59 23 18 24 61 57 53 7 19 55 5 20 10 58 9 36 2 AQUIIII!!21 22 61 1 8 6 32 8 56 17 55 3 30 9 6 41 23 

53 24 AQUIIII!!1 6 22 22 5 30 59 36 28 59 58 60 23 58 5 56 53 
1 60 55 19 20 21 61 
AQUIIII!!30 1 61 60 AQUIIII!!36 41 58 32 53 18 19 53 18 55 59 20 21 60 61 32 21 17 41 36 55 59 19 20 30 
1 58 17 
AQUIIII!!55 30 41 20 61 59 18 58 19 AQUIIII!!17 61 32 55 36 53 1 17 53 58 60 41 21 36 AQUIIII!!60 
16 19 58 20 41 18 59 30 60 32 19 21 55 59 61 1 36 
17 18 32 AQUIIII!!53 22 20 28 AQUIIII!!8 21 19 53 30 32 56 
58 55 24 21 55 58 59 60 23 6 16 60 30 9 36 1 41 5 61 59 
18 20 53 61 17 
AQUIIII!!57 10 8 1 24 5 56 59 60 AQUIIII!!58 55 23 41 22 36 9 20 6 58 28 17 61 
61 AQUIIII!!1 60 30 28 6 59 53 18 59 22 60 55 21 56 8 32 23 53 58 1 19 9 AQUIIII!!
24 61 5 18 61 55 
59 58 41 19 53 30 17 16 20 36 AQUIIII!!21 6 32 22 60 30 
36 59 58 23 5 53 AQUIIII!!1 21 60 19 55 58 19 17 20 20 21 1 61 30 
59 55 61 60 53 41 36 32 18 
AQUIIII!!55 60 59 53 61 1 5 58 30 22 21 20 36 23 19 6 
AQUIIII!!61 AQUIIII!!20 55 60 41 41 17 1 19 21 30 53 16 32 55 59 30 53 17 58 60 AQUIIII!!32 18 1 58 21 9 61 36 5 AQUIIII!!20 
17 58 18 60 59 59 41 24 36 23 36 19 6 19 AQUIIII!!
56 30 32 28 17 30 36 10 59 20 22 19 55 8 20 53 58 55 1 59 61 61 16 60 55 58 18 
32 18 41 61 21 60 21 53 

AQUIIII!!8 30 58 1 AQUIIII!!5 18 23 21 59 6 55 53 61 28 22 21 56 53 60 61 16 55 60 59 20 
41 30 17 19 AQUIIII!!36 17 32 36 61 58 59 
1 58 60 53 55 20 18 32 30 41 19 21 
AQUIIII!!61 56 59 10 23 9 22 58 1 5 24 55 6 28 60 8 
AQUIIII!!1 56 7 23 9 2 AQUIIII!!10 1 24 6 AQUIIII!!3 24 53 57 8 20 8 23 17 5 5 18 22 3 32 6 AQUIIII!!7 16 58 28 22 21 60 61 32 57 61 18 
30 59 9 60 41 28 19 58 55 56 53 55 10 30 59 41 2 21 17 19 61 36 1 36 
61 
20 
AQUIIII!!58 21 32 18 59 60 19 55 53 30 41 17 36 1 61 20 
AQUIIII!!56 5 23 6 9 1 28 8 7 24 10 57 3 22 2 61 
AQUIIII!!AQUIIII!!61 6 28 6 28 23 2 8 59 23 56 56 1 22 60 5 10 10 60 1 24 22 58 57 9 57 8 
3 9 24 5 61 
AQUIIII!!61 1 55 19 5 60 20 23 36 21 6 30 22 58 53 59 
AQUIIII!!61 1 6 57 2 60 28 23 56 24 10 59 8 22 9 5 
AQUIIII!!41 58 19 16 55 61 59 60 30 53 20 18 32 17 36 21 
AQUIIII!!61 10 57 8 22 28 23 5 9 56 2 1 24 3 7 6 
AQUIIII!!20 21 53 59 58 61 55 18 1 32 41 30 19 36 17 60 
AQUIIII!!19 1 55 53 17 20 41 32 58 60 61 21 36 18 30 59 
AQUIIII!!19 36 30 1 17 32 55 21 60 18 58 20 41 59 61 53 
AQUIIII!!36 20 30 59 60 32 18 4 21 19 41 16 55 58 53 17 
AQUIIII!!21 AQUIIII!!58 36 1 17 20 61 61 20 30 17 32 36 60 58 18 18 41 59 59 1 41 19 30 53 60 55 53 
32 55 21 19 
AQUIIII!!30 59 53 55 1 21 AQUIIII!!23 1 55 58 53 22 5 22 36 9 6 56 59 20 61 60 28 6 5 24 56 23 8 61 60 
58 
AQUIIII!!19 58 1 41 59 36 21 61 53 18 60 30 20 32 55 17 
AQUIIII!!1 19 21 59 17 36 58 41 20 53 60 18 61 32 55 30 
AQUIIII!!53 55 32 41 4 18 0 16 21 19 52 20 30 54 36 17 
AQUIIII!!16 17 54 55 53 4 58 18 0 19 36 41 20 30 32 21 
AQUIIII!!61 23 59 5 9 60 55 24 58 1 56 22 6 28 10 8 
AQUIIII!!4 19 55 53 16 32 41 21 17 30 54 20 58 36 18 AQUIIII!!0 61 30 
28 22 6 60 21 1 5 58 59 56 55 53 23 8 
AQUIIII!!6 21 22 59 23 30 1 61 5 58 36 AQUIIII!!56 61 60 58 20 16 53 53 17 55 30 
21 32 36 60 55 19 59 18 20 41 
AQUIIII!!61 41 60 30 20 18 53 58 55 17 59 16 32 36 19 21 
AQUIIII!!61 22 59 28 1 58 6 24 23 5 55 56 8 AQUIIII!!9 19 36 60 53 53 58 21 
41 55 60 20 1 61 18 30 59 17 32 
AQUIIII!!6 36 20 61 21 23 56 58 22 5 30 60 59 1 53 55 
AQUIIII!!21 19 53 41 32 61 36 AQUIIII!!60 61 58 36 20 23 18 5 55 17 30 1 22 55 21 1 20 59 19 
6 58 60 AQUIIII!!59 61 53 20 30 59 16 
18 58 60 55 21 41 19 32 30 53 17 36 
AQUIIII!!61 20 59 16 18 58 60 55 21 41 19 32 30 53 17 36 
AQUIIII!!20 53 60 41 18 21 55 58 61 1 59 17 19 36 32 30 
AQUIIII!!58 30 1 36 19 21 5 23 59 20 18 22 60 61 55 53 
AQUIIII!!53 41 59 58 21 32 1 19 30 17 60 36 18 61 55 20 
AQUIIII!!53 41 59 58 21 32 1 19 30 17 60 36 18 61 55 20 
AQUIIII!!61 55 8 53 28 59 58 6 1 56 9 60 23 24 22 5 
AQUIIII!!61 56 10 60 23 24 AQUIIII!!55 61 59 22 8 24 28 9 8 1 59 22 1 5 9 58 56 6 10 
57 60 5 2 28 6 23 
AQUIIII!!58 36 32 61 60 20 59 53 55 41 18 17 21 30 16 19 
AQUIIII!!30 60 19 18 53 61 58 59 32 55 41 20 17 16 36 21 
AQUIIII!!23 57 59 60 28 6 22 1 24 56 8 9 58 5 10 61 
AQUIIII!!21 AQUIIII!!19 53 53 4 17 55 30 32 0 20 18 60 32 21 59 36 41 58 58 54 30 20 17 1 41 36 16 18 19 
61 AQUIIII!!61 55 60 
59 AQUIIII!!18 61 55 23 8 30 60 19 6 21 5 58 56 36 1 1 2 22 53 23 5 28 20 9 
24 57 10 59 22 
AQUIIII!!61 20 32 19 30 58 60 36 55 1 21 41 18 59 53 17 
AQUIIII!!36 59 18 21 1 32 55 58 19 61 60 53 41 17 20 30 
AQUIIII!!53 61 41 20 36 58 55 59 21 17 32 60 18 30 19 1 
AQUIIII!!55 21 61 18 53 36 59 5 22 30 20 1 19 58 23 AQUIIII!!60 
20 55 21 59 53 1 41 58 61 30 18 36 17 60 19 32 
AQUIIII!!61 AQUIIII!!9 61 20 59 30 22 21 60 56 36 1 58 28 55 41 6 17 23 18 55 59 19 60 16 24 53 53 32 
8 58 5 
AQUIIII!!55 17 53 61 20 21 1 41 58 59 19 30 18 36 32 60 
AQUIIII!!61 56 1 10 3 9 28 7 23 57 24 2 5 22 8 6 
AQUIIII!!58 32 1 20 55 41 36 61 60 59 30 17 19 18 53 21 
AQUIIII!!36 32 1 61 20 58 18 53 55 17 21 60 59 41 30 19 
AQUIIII!!6 60 56 55 58 23 30 21 53 8 28 22 5 59 AQUIIII!!1 57 7 61 6 
24 5 2 8 23 10 1 22 9 56 3 28 61 
AQUIIII!!61 16 36 21 58 19 17 60 59 41 32 30 53 20 18 55 
AQUIIII!!1 58 19 41 59 18 30 60 36 55 32 20 17 61 21 53 
AQUIIII!!55 AQUIIII!!53 53 1 18 5 17 23 4 61 54 6 32 24 19 22 16 21 28 59 41 0 56 20 60 30 9 55 8 36 58 58 

AQUIIII!!19 60 32 55 59 53 58 36 41 61 18 16 20 21 17 AQUIIII!!30 58 
59 16 32 17 41 36 60 AQUIIII!!61 55 20 19 18 16 19 53 58 21 61 55 18 53 32 30 21 
30 41 60 59 20 36 17 
AQUIIII!!61 1 55 20 30 36 60 19 53 17 18 59 32 41 58 21 
AQUIIII!!32 41 30 60 61 55 36 58 53 59 1 17 18 19 20 21 
AQUIIII!!61 56 59 53 6 5 30 55 36 58 23 21 60 20 22 1 
AQUIIII!!30 1 23 21 59 6 5 58 8 55 56 61 28 22 60 53 
AQUIIII!!61 19 55 60 17 32 20 59 21 58 18 1 53 30 41 36 
AQUIIII!!30 36 41 1 55 60 18 19 32 20 17 58 61 53 59 21 
AQUIIII!!61 6 56 57 60 58 22 24 10 5 9 28 8 59 23 1 AQUIIII!!
21 36 59 18 58 41 20 30 61 55 53 60 17 32 19 1 
AQUIIII!!55 19 61 20 5 21 30 58 6 36 60 53 23 1 59 22 
AQUIIII!!53 58 17 59 55 1 61 30 20 41 36 19 32 21 18 60 
AQUIIII!!61 59 16 58 20 21 53 60 18 55 30 41 19 36 32 17 
AQUIIII!!53 18 30 41 19 58 55 17 20 59 61 32 60 36 21 16 AQUIIII!!
61 20 32 17 41 30 16 59 36 19 18 53 21 60 55 58 
AQUIIII!!1 17 59 30 18 58 53 60 AQUIIII!!20 61 19 22 8 21 53 61 55 59 32 6 55 23 1 36 58 41 21 30 
60 28 56 5 
AQUIIII!!61 59 24 8 56 6 55 58 9 10 60 5 28 23 22 1 
AQUIIII!!61 5 30 19 1 21 23 36 53 60 58 59 20 6 55 22 
AQUIIII!!23 22 60 19 61 36 21 20 58 5 1 55 18 53 59 30 
AQUIIII!!53 55 61 60 18 32 36 21 58 41 30 20 1 59 19 17 
AQUIIII!!59 61 AQUIIII!!23 55 53 19 56 1 60 61 55 53 9 32 28 21 58 58 6 60 8 18 1 59 22 30 24 20 5 17 
41 36 
AQUIIII!!36 58 30 59 21 19 60 53 61 20 17 18 16 55 41 32 
AQUIIII!!17 20 1 32 58 53 55 19 61 60 59 30 21 18 41 36 
AQUIIII!!61 56 2 10 23 3 57 8 5 7 1 6 28 24 9 22 
AQUIIII!!19 30 53 18 20 36 59 55 AQUIIII!!32 61 24 60 22 61 8 58 28 59 1 58 21 10 17 56 41 1 9 
23 60 5 57 6 
AQUIIII!!61 8 55 22 5 1 58 9 60 23 56 10 59 24 28 6 
AQUIIII!!17 53 18 55 61 16 41 32 30 20 AQUIIII!!21 19 60 58 59 1 36 41 58 59 19 36 
21 61 53 18 60 30 20 32 55 17 
AQUIIII!!61 59 60 23 1 10 8 28 9 24 6 5 22 56 57 2 
AQUIIII!!61 55 36 23 60 21 18 1 30 22 20 5 53 19 59 58 
AQUIIII!!20 58 41 61 17 30 19 32 60 21 18 1 53 59 36 55 
AQUIIII!!21 59 1 30 17 58 20 53 60 32 41 36 55 61 19 AQUIIII!!18 20 
55 53 58 19 36 32 30 59 41 60 61 17 21 18 1 
AQUIIII!!20 32 30 18 60 17 58 21 59 53 AQUIIII!!41 17 55 30 61 19 36 1 59 36 53 
1 41 32 55 58 20 18 60 19 61 21 
AQUIIII!!19 60 32 20 55 30 58 21 53 18 36 59 17 41 61 1 
AQUIIII!!55 61 18 19 30 21 5 1 36 22 59 23 53 58 20 60 
AQUIIII!!20 19 17 30 59 32 41 58 60 55 53 61 1 21 18 36 
AQUIIII!!20 55 53 AQUIIII!!61 21 19 32 59 55 5 19 60 30 1 41 36 20 59 18 18 58 61 21 1 30 58 23 53 22 36 
17 60 
AQUIIII!!20 21 19 41 17 60 55 36 53 58 32 30 1 59 61 18 
AQUIIII!!19 20 18 30 41 1 55 61 59 53 21 17 36 58 60 32 
AQUIIII!!1 23 59 61 55 20 18 53 19 21 60 30 22 36 5 58 
AQUIIII!!55 4 53 0 17 20 21 36 19 54 58 18 16 32 41 30 
AQUIIII!!21 60 58 59 20 18 36 32 55 17 53 30 1 19 41 61 
AQUIIII!!41 59 19 30 61 17 53 60 58 21 32 1 18 55 36 20 
AQUIIII!!61 59 28 9 56 53 1 55 23 24 6 58 5 8 22 60 
AQUIIII!!60 1 61 55 18 30 59 41 53 19 17 58 36 21 32 20 
AQUIIII!!21 1 20 61 55 18 36 59 60 41 19 17 30 32 53 58 
AQUIIII!!19 30 53 18 20 36 59 55 32 60 61 58 1 21 17 41 
AQUIIII!!19 59 55 20 18 17 61 36 41 32 30 53 21 58 60 1 
AQUIIII!!32 30 61 41 19 55 60 17 59 58 1 53 18 36 20 21 
Number of Cuts in the second phase:6906
Number of repeat: 6042 
Violation: 783.000000
Violation: 430.000000
Violation: 100.000000
Violation: 306.000000
Violation: 633.000000
Violation: 306.000000
Violation: 452.000000
Violation: 1100.000000
Violation: 363.000000
Violation: 908.000000
Violation: 363.000000
Violation: 459.000000
Violation: 544.000000
Violation: 324.000000
Violation: 250.000000
Violation: 513.000000
Violation: 71.000000
Violation: 550.000000
Violation: 271.000000
Violation: 850.000000
Violation: 84.000000
Violation: 600.000000
Violation: 255.000000
Violation: 392.000000
Violation: 270.000000
Violation: 634.000000
Violation: 326.000000
Violation: 833.000000
Violation: 300.000000
Violation: 271.000000
Violation: 597.000000
Violation: 634.000000
Violation: 383.000000
Violation: 391.000000
Violation: 100.000000
Violation: 771.000000
Violation: 542.000000
Violation: 750.000000
Violation: 340.000000
Violation: 790.000000
Violation: 455.000000
Violation: 304.000000
Violation: 89.000000
Violation: 883.000000
Violation: 1217.000000
Violation: 1108.000000
Violation: 271.000000
Violation: 525.000000
Violation: 460.000000
Violation: 550.000000
Violation: 200.000000
Violation: 42.000000
Violation: 900.000000
Violation: 371.000000
Violation: 108.000000
Violation: 84.000000
Violation: 408.000000
Violation: 550.000000
Violation: 100.000000
Violation: 768.000000
Violation: 883.000000
Violation: 100.000000
Violation: 378.000000
Violation: 541.000000
Violation: 634.000000
Violation: 122.000000
Violation: 905.000000
Violation: 815.000000
Violation: 750.000000
Violation: 517.000000
Violation: 173.000000
Violation: 956.000000
Violation: 336.000000
Violation: 384.000000
Violation: 825.000000
Violation: 300.000000
Violation: 948.000000
Violation: 271.000000
Violation: 1083.000000
Violation: 833.000000
Violation: 926.000000
Violation: 400.000000
Violation: 113.000000
Violation: 200.000000
Violation: 211.000000
Violation: 750.000000
Violation: 500.000000
Violation: 534.000000
Violation: 848.000000
Violation: 521.000000
Violation: 685.000000
Violation: 650.000000
Violation: 1283.000000
Violation: 634.000000
Violation: 801.000000
Violation: 452.000000
Violation: 796.000000
Violation: 263.000000
Violation: 630.000000
Violation: 452.000000
Violation: 134.000000
Violation: 418.000000
Violation: 941.000000
Violation: 633.000000
Violation: 809.000000
Violation: 521.000000
Violation: 100.000000
Violation: 550.000000
Violation: 541.000000
Violation: 363.000000
Violation: 250.000000
Violation: 35.000000
Violation: 437.000000
Violation: 449.000000
Violation: 664.000000
Violation: 719.000000
Violation: 1159.000000
Violation: 734.000000
Violation: 332.000000
Violation: 1234.000000
Violation: 733.000000
Violation: 426.000000
Violation: 884.000000
Violation: 750.000000
Violation: 436.000000
Violation: 791.000000
Violation: 904.000000
Violation: 1034.000000
Violation: 350.000000
Violation: 609.000000
Violation: 634.000000
Violation: 534.000000
Violation: 575.000000
Violation: 363.000000
Violation: 371.000000
Violation: 170.000000
Violation: 1284.000000
Violation: 697.000000
Violation: 726.000000
Violation: 500.000000
Violation: 1134.000000
Violation: 336.000000
Violation: 717.000000
Violation: 285.000000
Violation: 360.000000
Violation: 1808.000000
Violation: 660.000000
Violation: 633.000000
Violation: 983.000000
Violation: 657.000000
Violation: 600.000000
Violation: 270.000000
Violation: 994.000000
Violation: 1309.000000
Violation: 734.000000
Violation: 734.000000
Violation: 326.000000
Violation: 172.000000
Violation: 1108.000000
Violation: 285.000000
Violation: 463.000000
Violation: 150.000000
Violation: 849.000000
Violation: 297.000000
Violation: 650.000000
Violation: 1134.000000
Violation: 928.000000
Violation: 550.000000
Violation: 542.000000
Violation: 263.000000
Violation: 292.000000
Violation: 268.000000
Violation: 1133.000000
Violation: 1008.000000
Violation: 1063.000000
Violation: 674.000000
Violation: 159.000000
Violation: 350.000000
Violation: 734.000000
Violation: 528.000000
Violation: 433.000000
Violation: 920.000000
Violation: 534.000000
Violation: 485.000000
Violation: 814.000000
Violation: 871.000000
Violation: 1384.000000
Violation: 391.000000
Violation: 883.000000
Violation: 691.000000
Violation: 134.000000
Violation: 1430.000000
Violation: 400.000000
Violation: 733.000000
Violation: 1033.000000
Violation: 500.000000
Violation: 600.000000
Violation: 918.000000
Violation: 1208.000000
Violation: 825.000000
Violation: 309.000000
Violation: 900.000000
Violation: 484.000000
Violation: 450.000000
Violation: 684.000000
Violation: 884.000000
Violation: 1633.000000
Violation: 1033.000000
Violation: 484.000000
Violation: 700.000000
Violation: 963.000000
Violation: 836.000000
Violation: 1063.000000
Violation: 435.000000
Violation: 863.000000
Violation: 468.000000
Violation: 800.000000
Violation: 250.000000
Violation: 504.000000
Violation: 534.000000
Violation: 700.000000
Violation: 971.000000
Violation: 460.000000
Violation: 34.000000
Violation: 1241.000000
Violation: 484.000000
Violation: 363.000000
Violation: 642.000000
Violation: 547.000000
Violation: 1534.000000
Violation: 570.000000
Violation: 457.000000
Violation: 178.000000
Violation: 809.000000
Violation: 734.000000
Violation: 421.000000
Violation: 541.000000
Violation: 1000.000000
Violation: 650.000000
Violation: 709.000000
Violation: 907.000000
Violation: 207.000000
Violation: 1159.000000
Violation: 500.000000
Violation: 339.000000
Violation: 756.000000
Violation: 834.000000
Violation: 355.000000
Violation: 463.000000
Violation: 1534.000000
Violation: 521.000000
Violation: 834.000000
Violation: 530.000000
Violation: 908.000000
Violation: 1119.000000
Violation: 459.000000
Violation: 484.000000
Violation: 498.000000
Violation: 559.000000
Violation: 170.000000
Violation: 683.000000
Violation: 933.000000
Violation: 708.000000
Violation: 550.000000
Violation: 521.000000
Violation: 1072.000000
Violation: 750.000000
Violation: 541.000000
Violation: 359.000000
Violation: 633.000000
Violation: 214.000000
Violation: 178.000000
Violation: 292.000000
Violation: 767.000000
Violation: 333.000000
Violation: 1784.000000
Violation: 578.000000
Violation: 1021.000000
Violation: 657.000000
Violation: 733.000000
Violation: 1283.000000
Violation: 659.000000
Violation: 948.000000
Violation: 92.000000
Violation: 754.000000
Violation: 1263.000000
Violation: 1066.000000
Violation: 761.000000
Violation: 400.000000
Violation: 99.000000
Violation: 600.000000
Violation: 350.000000
Violation: 834.000000
Violation: 1221.000000
Violation: 7.000000
Violation: 585.000000
Violation: 812.000000
Violation: 925.000000
Violation: 984.000000
Violation: 741.000000
Violation: 884.000000
Violation: 772.000000
Violation: 748.000000
Violation: 463.000000
Violation: 567.000000
Violation: 542.000000
Violation: 727.000000
Violation: 713.000000
Violation: 521.000000
Violation: 107.000000
Violation: 836.000000
Violation: 784.000000
Violation: 7.000000
Violation: 212.000000
Violation: 213.000000
Violation: 783.000000
Violation: 826.000000
Violation: 713.000000
Violation: 586.000000
Violation: 156.000000
Violation: 684.000000
Violation: 418.000000
Violation: 271.000000
Violation: 1059.000000
Violation: 361.000000
Violation: 809.000000
Violation: 700.000000
Violation: 775.000000
Violation: 147.000000
Violation: 648.000000
Violation: 762.000000
Violation: 837.000000
Violation: 493.000000
Violation: 1086.000000
Violation: 689.000000
Violation: 559.000000
Violation: 891.000000
Violation: 883.000000
Violation: 1205.000000
Violation: 734.000000
Violation: 21.000000
Violation: 300.000000
Violation: 697.000000
Violation: 270.000000
Violation: 378.000000
Violation: 142.000000
Violation: 383.000000
Violation: 611.000000
Violation: 270.000000
Violation: 689.000000
Violation: 333.000000
Violation: 723.000000
Violation: 484.000000
Violation: 685.000000
Violation: 908.000000
Violation: 207.000000
Violation: 409.000000
Violation: 613.000000
Violation: 32.000000
Violation: 792.000000
Violation: 421.000000
Violation: 863.000000
Violation: 528.000000
Violation: 426.000000
Violation: 21.000000
Violation: 884.000000
Violation: 22.000000
Violation: 463.000000
Violation: 613.000000
Violation: 792.000000
Violation: 485.000000
Violation: 791.000000
Violation: 734.000000
Violation: 500.000000
Violation: 1534.000000
Violation: 483.000000
Violation: 1158.000000
Violation: 642.000000
Violation: 1019.000000
Violation: 485.000000
Violation: 671.000000
Violation: 400.000000
Violation: 598.000000
Violation: 650.000000
Violation: 84.000000
Violation: 585.000000
Violation: 300.000000
Violation: 231.000000
Violation: 997.000000
Violation: 408.000000
Violation: 233.000000
Violation: 963.000000
Violation: 1026.000000
Violation: 884.000000
Violation: 586.000000
Violation: 941.000000
Violation: 171.000000
Violation: 734.000000
Violation: 21.000000
Violation: 291.000000
Violation: 883.000000
Violation: 372.000000
Violation: 383.000000
Violation: 816.000000
Violation: 1533.000000
Violation: 834.000000
Violation: 1308.000000
Violation: 384.000000
Violation: 541.000000
Violation: 544.000000
Violation: 763.000000
Violation: 471.000000
Violation: 384.000000
Violation: 750.000000
Violation: 100.000000
Violation: 300.000000
Violation: 456.000000
Violation: 335.000000
Violation: 363.000000
Violation: 41.000000
Violation: 713.000000
Violation: 1384.000000
Violation: 100.000000
Violation: 1060.000000
Violation: 685.000000
Violation: 547.000000
Violation: 222.000000
Violation: 250.000000
Violation: 610.000000
Violation: 612.000000
Violation: 571.000000
Violation: 1533.000000
Violation: 550.000000
Violation: 1050.000000
Violation: 451.000000
Violation: 302.000000
Violation: 963.000000
Violation: 359.000000
Violation: 734.000000
Violation: 741.000000
Violation: 300.000000
Violation: 634.000000
Violation: 483.000000
Violation: 374.000000
Violation: 1449.000000
Violation: 384.000000
Violation: 350.000000
Violation: 909.000000
Violation: 429.000000
Violation: 463.000000
Violation: 634.000000
Violation: 771.000000
Violation: 128.000000
Violation: 550.000000
Violation: 350.000000
Violation: 1158.000000
Violation: 335.000000
Violation: 884.000000
Violation: 35.000000
Violation: 599.000000
Violation: 107.000000
Violation: 171.000000
Violation: 300.000000
Violation: 884.000000
Violation: 963.000000
Violation: 300.000000
Violation: 84.000000
Violation: 584.000000
Violation: 871.000000
Violation: 935.000000
Violation: 221.000000
Violation: 763.000000
Violation: 71.000000
Violation: 534.000000
Violation: 900.000000
Violation: 209.000000
Violation: 591.000000
Violation: 284.000000
Violation: 703.000000
Violation: 909.000000
Violation: 383.000000
Violation: 249.000000
Violation: 500.000000
Violation: 583.000000
Violation: 570.000000
Violation: 796.000000
Violation: 478.000000
Violation: 1534.000000
Violation: 633.000000
Violation: 34.000000
Violation: 371.000000
Violation: 535.000000
Violation: 921.000000
Violation: 1039.000000
Violation: 600.000000
Violation: 580.000000
Violation: 771.000000
Violation: 534.000000
Violation: 348.000000
Violation: 649.000000
Violation: 813.000000
Violation: 550.000000
Violation: 650.000000
Violation: 552.000000
Violation: 263.000000
Violation: 321.000000
Violation: 571.000000
Violation: 1058.000000
Violation: 716.000000
Violation: 336.000000
Violation: 378.000000
Violation: 281.000000
Violation: 755.000000
Violation: 1134.000000
Violation: 1357.000000
Violation: 483.000000
Violation: 613.000000
Violation: 600.000000
Violation: 167.000000
Violation: 300.000000
Violation: 622.000000
Violation: 559.000000
Violation: 398.000000
Violation: 299.000000
Violation: 921.000000
Violation: 335.000000
Violation: 650.000000
Violation: 783.000000
Violation: 409.000000
Violation: 535.000000
Violation: 816.000000
Violation: 983.000000
Violation: 936.000000
Violation: 326.000000
Violation: 733.000000
Violation: 363.000000
Violation: 510.000000
Violation: 326.000000
Violation: 435.000000
Violation: 971.000000
Violation: 20.000000
Violation: 734.000000
Violation: 456.000000
Violation: 805.000000
Violation: 1658.000000
Violation: 763.000000
Violation: 1245.000000
Violation: 100.000000
Violation: 1717.000000
Violation: 850.000000
Violation: 5.000000
Violation: 500.000000
Violation: 10.000000
Violation: 909.000000
Violation: 571.000000
Violation: 244.000000
Violation: 1048.000000
Violation: 719.000000
Violation: 291.000000
Violation: 784.000000
Violation: 184.000000
Violation: 650.000000
Violation: 621.000000
Violation: 850.000000
Violation: 685.000000
Violation: 111.000000
Violation: 771.000000
Violation: 1284.000000
Violation: 566.000000
Violation: 883.000000
Violation: 984.000000
Violation: 100.000000
Violation: 684.000000
Violation: 584.000000
Violation: 407.000000
Violation: 291.000000
Violation: 586.000000
Violation: 994.000000
Violation: 784.000000
Violation: 33.000000
Violation: 1284.000000
Violation: 1113.000000
Violation: 459.000000
Violation: 834.000000
Violation: 452.000000
Violation: 1175.000000
Violation: 572.000000
Violation: 306.000000
Violation: 522.000000
Violation: 716.000000
Violation: 428.000000
Violation: 535.000000
Violation: 1183.000000
Violation: 234.000000
Violation: 359.000000
Violation: 484.000000
Violation: 384.000000
Violation: 163.000000
Violation: 1234.000000
Violation: 909.000000
Violation: 662.000000
Violation: 1085.000000
Violation: 1033.000000
Violation: 158.000000
Violation: 809.000000
Violation: 547.000000
Violation: 813.000000
Violation: 265.000000
Violation: 585.000000
Violation: 1084.000000
Violation: 497.000000
Violation: 1234.000000
Violation: 634.000000
Violation: 100.000000
Violation: 435.000000
Violation: 1034.000000
Violation: 1118.000000
Violation: 283.000000
Violation: 159.000000
Violation: 830.000000
Violation: 1086.000000
Violation: 559.000000
Violation: 709.000000
Violation: 657.000000
Violation: 349.000000
Violation: 429.000000
Violation: 1034.000000
Violation: 430.000000
Violation: 180.000000
Violation: 700.000000
Violation: 509.000000
Violation: 835.000000
Violation: 466.000000
Violation: 909.000000
Violation: 1134.000000
Violation: 1180.000000
Violation: 42.000000
Violation: 371.000000
Violation: 618.000000
Violation: 202.000000
Violation: 949.000000
Violation: 420.000000
Violation: 1059.000000
Violation: 540.000000
Violation: 1076.000000
Violation: 179.000000
Violation: 409.000000
Violation: 100.000000
Violation: 250.000000
Violation: 783.000000
Violation: 908.000000
Violation: 563.000000
Violation: 584.000000
Violation: 550.000000
Violation: 663.000000
Violation: 817.000000
Violation: 489.000000
Violation: 836.000000
Violation: 372.000000
Violation: 834.000000
Violation: 541.000000
Violation: 783.000000
Violation: 744.000000
Violation: 1034.000000
Violation: 99.000000
Violation: 700.000000
Violation: 363.000000
Violation: 121.000000
Violation: 1042.000000
Violation: 279.000000
Violation: 1309.000000
Violation: 363.000000
Violation: 750.000000
Violation: 633.000000
Violation: 249.000000
Violation: 634.000000
Violation: 271.000000
Violation: 469.000000
Violation: 909.000000
Violation: 371.000000
Violation: 633.000000
Violation: 771.000000
Violation: 883.000000
Violation: 1463.000000
Violation: 642.000000
Violation: 404.000000
Violation: 910.000000
Violation: 228.000000
Violation: 509.000000
Violation: 113.000000
Violation: 432.000000
Violation: 800.000000
Violation: 770.000000
Violation: 563.000000
Violation: 360.000000
Violation: 470.000000
Violation: 1134.000000
Violation: 1133.000000
Violation: 47.000000
Violation: 434.000000
Violation: 994.000000
Violation: 500.000000
Violation: 89.000000
Violation: 659.000000
Violation: 960.000000
Violation: 1076.000000
Violation: 641.000000
Violation: 963.000000
Violation: 1176.000000
Violation: 960.000000
Violation: 1084.000000
Violation: 732.000000
Violation: 297.000000
Violation: 600.000000
Violation: 658.000000
Violation: 392.000000
Violation: 800.000000
Violation: 963.000000
Violation: 791.000000
Violation: 483.000000
Violation: 948.000000
Violation: 309.000000
Violation: 1085.000000
Violation: 655.000000
Violation: 1013.000000
Violation: 883.000000
Violation: 783.000000
Violation: 669.000000
Violation: 643.000000
Violation: 680.000000
Violation: 505.000000
Violation: 478.000000
Violation: 530.000000
Violation: 792.000000
Violation: 909.000000
Violation: 730.000000
Violation: 300.000000
Violation: 363.000000
Violation: 1658.000000
Violation: 495.000000
Violation: 642.000000
Violation: 1133.000000
Violation: 859.000000
Violation: 386.000000
Violation: 363.000000
Violation: 134.000000
Violation: 884.000000
Violation: 871.000000
Violation: 384.000000
Violation: 534.000000
Violation: 68.000000
Violation: 736.000000
Violation: 983.000000
Violation: 334.000000
Violation: 229.000000
Violation: 883.000000
Violation: 1025.000000
Violation: 350.000000
Violation: 1409.000000
Violation: 863.000000
Violation: 805.000000
Violation: 552.000000
Violation: 430.000000
Violation: 834.000000
Violation: 284.000000
Violation: 141.000000
Violation: 485.000000
Violation: 845.000000
Violation: 983.000000
Violation: 494.000000
Violation: 905.000000
Violation: 433.000000
Violation: 733.000000
Violation: 21.000000
Violation: 534.000000
Violation: 175.000000
Violation: 100.000000
Violation: 1408.000000
Violation: 347.000000
Violation: 270.000000
Violation: 849.000000
Violation: 484.000000
Violation: 500.000000
Violation: 941.000000
Violation: 926.000000
Violation: 1191.000000
Violation: 1200.000000
Violation: 634.000000
Violation: 684.000000
Violation: 1159.000000
Violation: 250.000000
Violation: 249.000000
Violation: 100.000000
Violation: 1134.000000
Violation: 567.000000
Violation: 563.000000
Violation: 639.000000
Violation: 200.000000
Violation: 84.000000
Violation: 984.000000
Violation: 363.000000
Violation: 1033.000000
Violation: 71.000000
Violation: 633.000000
Violation: 86.000000
Violation: 650.000000
Violation: 763.000000
Violation: 509.000000
Violation: 1308.000000
Violation: 278.000000
Violation: 883.000000
Violation: 11.000000
Violation: 1263.000000
Violation: 641.000000
Violation: 834.000000
Violation: 658.000000
Violation: 456.000000
Violation: 283.000000
Violation: 1384.000000
Violation: 680.000000
Violation: 171.000000
Violation: 300.000000
Violation: 508.000000
Violation: 284.000000
Violation: 178.000000
Violation: 528.000000
Violation: 685.000000
Violation: 658.000000
Violation: 1030.000000
Violation: 550.000000
Violation: 1534.000000
Violation: 221.000000
Violation: 189.000000
Violation: 470.000000
Violation: 405.000000
Violation: 333.000000
Violation: 552.000000
Violation: 356.000000
Violation: 595.000000
Violation: 696.000000
Violation: 1178.000000
Violation: 730.000000
Violation: 263.000000
Violation: 501.000000
Violation: 600.000000
Violation: 484.000000
Violation: 521.000000
Violation: 606.000000
Violation: 250.000000
Violation: 1033.000000
Violation: 368.000000
Violation: 713.000000
Violation: 500.000000
Violation: 354.000000
Violation: 142.000000
Violation: 809.000000
Violation: 271.000000
Violation: 371.000000
Violation: 671.000000
Violation: 1075.000000
Violation: 734.000000
Violation: 1176.000000
Violation: 500.000000
Violation: 363.000000
5400 16
AQUIIII!!61 36 58 53 59 60 20 21 41 1 18 19 AQUIIII!!30 61 17 32 1 55 20 
19 53 5 30 60 59 AQUIIII!!21 20 18 1 23 61 36 59 55 21 58 30 22 18 53 
17 58 60 19 AQUIIII!!55 19 41 32 36 36 21 
60 53 58 1 41 AQUIIII!!59 32 21 18 55 19 30 60 18 36 20 20 61 1 17 41 
17 32 30 58 55 61 53 59 
AQUIIII!!16 30 19 60 AQUIIII!!53 19 18 36 41 5 36 20 21 32 60 61 61 20 18 55 59 AQUIIII!!17 22 36 59 53 17 58 23 18 
1 41 55 58 30 30 32 55 58 21 19 
21 16 60 59 20 53 61 
AQUIIII!!30 16 20 18 41 60 58 55 17 32 59 36 19 21 53 61 AQUIIII!!
36 16 19 61 AQUIIII!!30 53 21 1 55 61 53 55 18 58 59 19 41 60 21 20 36 60 59 17 18 58 30 32 23 
22 5 20 
AQUIIII!!18 30 17 19 1 36 20 59 53 60 32 55 41 61 21 58 
AQUIIII!!5 30 59 36 18 58 1 60 22 53 61 21 55 23 19 20 
AQUIIII!!6 53 5 23 21 56 58 1 30 59 8 28 22 60 55 61 AQUIIII!!
30 18 17 36 19 21 53 58 20 0 16 4 55 32 54 41 
AQUIIII!!19 58 21 59 30 23 22 5 6 20 36 61 60 55 53 1 
AQUIIII!!18 59 21 60 17 32 53 41 36 16 58 30 20 19 55 61 
AQUIIII!!5 28 22 57 8 9 24 2 23 3 60 56 6 10 AQUIIII!!57 1 5 61 60 
3 56 8 AQUIIII!!AQUIIII!!10 59 28 53 55 9 6 24 22 22 6 24 28 24 2 AQUIIII!!58 5 6 AQUIIII!!AQUIIII!!18 56 1 28 53 58 36 23 23 1 61 17 5 60 61 30 59 60 60 19 
21 9 23 58 53 59 10 59 8 32 20 22 32 9 60 61 8 41 17 56 1 59 20 41 61 58 53 36 22 
1 55 55 1 55 20 61 21 1 30 60 18 18 19 
58 55 61 19 21 23 

30 5 36 
AQUIIII!!53 61 30 21 59 32 60 17 41 36 55 20 1 18 58 19 
AQUIIII!!AQUIIII!!21 22 58 36 6 18 AQUIIII!!AQUIIII!!28 59 21 23 8 61 32 9 59 20 1 23 55 60 AQUIIII!!53 24 22 58 21 41 AQUIIII!!10 60 41 60 58 5 24 55 53 53 9 18 56 5 32 6 20 17 10 59 19 58 6 30 30 AQUIIII!!56 1 17 58 23 36 61 53 60 30 8 9 60 58 55 55 1 1 1 59 1 59 19 6 28 61 60 
58 1 55 5 
28 60 9 32 59 23 61 10 18 17 56 
24 22 41 61 24 57 36 
8 59 55 61 28 20 AQUIIII!!
19 5 60 
58 8 22 56 AQUIIII!!23 22 41 36 61 19 53 
53 1 58 55 55 5 20 6 18 20 32 30 59 59 1 21 36 56 60 61 21 
17 30 61 
AQUIIII!!61 57 28 23 5 8 1 6 56 9 10 59 60 58 24 22 
AQUIIII!!17 30 19 36 58 20 53 41 AQUIIII!!60 55 20 21 30 1 17 32 1 61 32 59 55 18 
59 53 19 60 21 41 61 58 18 36 AQUIIII!!
17 19 30 18 16 36 41 60 55 61 32 20 21 53 58 59 
AQUIIII!!19 53 61 55 59 60 58 20 5 6 21 22 1 36 23 30 
AQUIIII!!16 30 36 59 32 17 AQUIIII!!20 20 58 17 41 30 19 41 18 53 55 21 61 55 53 1 21 18 60 60 
32 59 36 58 61 19 
AQUIIII!!36 32 30 41 21 53 20 59 18 1 55 61 AQUIIII!!AQUIIII!!58 17 1 19 30 60 30 19 17 19 36 
61 58 60 20 53 55 41 21 60 17 55 18 21 58 1 41 32 32 61 59 20 18 36 
AQUIIII!!59 16 53 36 
19 30 55 41 60 21 53 20 59 32 17 61 18 58 
AQUIIII!!30 59 36 58 32 18 41 53 60 61 AQUIIII!!17 21 21 30 19 16 41 55 1 20 32 
58 61 36 18 19 53 20 60 55 17 59 
AQUIIII!!19 59 53 55 61 60 17 58 41 20 21 36 30 32 16 18 
AQUIIII!!36 32 AQUIIII!!52 61 18 60 17 53 30 20 41 32 21 36 0 19 54 21 19 41 16 55 20 59 4 58 55 17 53 30 
16 18 
AQUIIII!!36 32 AQUIIII!!52 53 18 19 17 36 30 60 41 18 21 59 20 0 AQUIIII!!32 54 16 32 19 55 16 16 41 20 61 58 4 58 21 55 19 30 53 21 17 
53 61 41 
60 AQUIIII!!55 57 59 24 22 36 1 30 56 18 6 17 60 20 59 
AQUIIII!!2 59 28 6 5 53 23 36 8 55 10 20 9 30 61 
60 58 56 23 1 22 5 21 61 
AQUIIII!!8 2 22 5 23 6 7 AQUIIII!!AQUIIII!!9 32 3 20 36 1 19 41 24 41 AQUIIII!!17 28 52 23 55 10 30 1 57 21 21 56 55 19 58 61 30 21 
30 59 17 5 1 36 AQUIIII!!6 53 61 32 59 58 8 0 20 20 5 16 18 22 59 4 60 60 6 AQUIIII!!18 61 55 24 61 54 
56 1 9 53 36 22 8 57 
53 58 9 61 56 28 
10 56 23 23 55 2 59 60 6 10 60 
1 22 24 5 28 
AQUIIII!!18 60 36 20 32 53 58 55 21 AQUIIII!!16 16 59 30 61 41 41 0 30 20 19 17 17 19 
54 21 58 36 32 18 53 55 4 
AQUIIII!!AQUIIII!!36 23 19 28 60 1 21 AQUIIII!!9 59 60 60 58 24 3 53 10 56 20 23 10 6 AQUIIII!!22 22 23 5 1 30 8 AQUIIII!!60 57 57 1 21 59 8 55 6 19 1 5 5 24 18 58 22 2 2 59 61 9 28 5 60 
6 6 61 1 56 55 
17 9 56 41 59 23 53 61 53 32 
24 58 28 20 8 30 22 55 61 
36 61 
AQUIIII!!36 20 53 19 60 18 58 16 17 32 30 21 55 41 59 61 
AQUIIII!!61 19 17 20 60 1 53 21 41 18 55 30 59 36 32 58 
AQUIIII!!55 58 53 16 17 21 18 41 36 59 61 AQUIIII!!19 19 20 32 32 AQUIIII!!21 60 20 30 55 17 
61 30 30 41 1 53 41 21 36 55 18 1 58 18 53 60 17 32 59 59 60 36 20 58 
61 19 
AQUIIII!!55 53 54 32 AQUIIII!!20 53 18 61 4 55 36 23 16 30 19 5 21 22 30 59 0 18 52 36 17 21 41 60 
19 1 20 58 
AQUIIII!!30 21 36 20 53 AQUIIII!!61 30 19 18 58 17 1 58 17 55 59 61 41 60 55 36 60 AQUIIII!!59 32 20 18 53 61 
21 60 32 36 20 16 19 17 16 59 41 18 
53 58 32 41 19 55 30 21 
AQUIIII!!21 36 18 58 20 59 55 16 60 32 41 19 17 30 61 53 
AQUIIII!!21 17 1 18 32 36 59 19 58 30 41 55 53 61 60 20 
AQUIIII!!21 17 1 18 32 36 59 19 58 30 41 55 53 61 AQUIIII!!60 AQUIIII!!0 20 21 17 
60 41 5 20 30 30 59 20 21 61 16 22 58 23 18 58 36 6 19 19 32 59 4 36 55 1 53 55 
53 
AQUIIII!!21 22 18 30 20 1 AQUIIII!!36 21 58 60 55 5 5 30 19 20 59 61 53 22 60 23 23 58 61 6 
19 59 36 1 55 53 
AQUIIII!!59 22 36 30 1 60 AQUIIII!!18 53 58 55 20 21 5 30 55 32 19 21 59 53 18 19 58 23 61 61 41 
36 17 60 1 20 
AQUIIII!!61 23 28 10 56 22 6 58 1 60 9 8 59 5 57 24 
AQUIIII!!19 20 17 53 41 60 61 1 18 58 21 30 36 32 55 59 
AQUIIII!!61 22 20 19 55 59 23 36 58 53 1 21 30 5 6 60 
AQUIIII!!17 20 30 58 61 1 36 18 60 53 19 55 32 41 21 59 
AQUIIII!!21 22 58 18 5 30 53 1 59 19 36 55 23 61 60 20 
AQUIIII!!23 5 61 60 30 58 22 59 21 20 18 19 36 53 55 1 
AQUIIII!!5 59 24 23 AQUIIII!!28 58 22 60 6 5 1 55 10 53 9 9 56 22 8 56 2 1 60 59 57 24 61 8 
23 28 6 61 
AQUIIII!!20 1 58 53 19 60 18 21 30 55 32 17 41 36 61 59 
AQUIIII!!61 56 57 6 8 22 5 3 9 2 23 10 28 7 24 1 
AQUIIII!!AQUIIII!!18 30 19 21 36 19 1 41 20 32 55 20 60 59 41 58 59 53 61 60 58 16 17 36 21 55 53 18 32 17 30 61 

AQUIIII!!53 55 58 19 32 41 59 20 16 18 36 30 60 61 21 17 
AQUIIII!!20 30 17 AQUIIII!!1 32 32 21 55 60 53 59 16 53 20 19 41 60 59 21 58 41 55 61 61 36 58 30 18 17 36 19 
18 
AQUIIII!!32 21 60 53 16 AQUIIII!!20 18 41 59 19 58 36 55 1 61 20 36 55 30 60 17 41 19 59 18 
61 58 17 21 53 32 30 
AQUIIII!!61 21 20 60 1 41 53 36 AQUIIII!!17 58 32 19 55 17 59 32 19 30 53 58 59 18 41 
55 20 60 16 30 18 4 36 21 
AQUIIII!!58 16 19 60 21 53 17 61 55 41 30 20 36 18 59 32 
AQUIIII!!36 30 18 21 58 32 20 1 53 17 19 60 59 61 41 55 
AQUIIII!!58 41 17 36 4 16 18 32 19 20 21 AQUIIII!!0 58 53 20 30 59 54 61 55 5 
22 36 23 6 60 30 21 55 1 56 53 
AQUIIII!!6 60 55 30 58 21 53 23 59 56 5 20 1 36 22 61 
AQUIIII!!56 9 AQUIIII!!55 23 58 3 5 1 AQUIIII!!59 22 20 60 56 41 28 10 61 23 2 58 8 28 30 10 24 36 24 57 53 9 1 32 8 6 21 7 22 59 6 61 18 5 17 
61 60 
55 1 19 
AQUIIII!!61 58 23 60 59 22 19 1 21 5 AQUIIII!!20 19 36 21 30 60 55 36 53 30 18 18 
32 20 53 41 1 AQUIIII!!17 18 59 61 60 59 61 58 20 55 58 
17 16 32 41 21 53 19 55 36 30 
AQUIIII!!1 19 41 61 32 21 60 53 18 55 30 58 36 59 17 20 
AQUIIII!!AQUIIII!!60 20 20 30 61 17 30 1 21 32 18 55 16 AQUIIII!!59 59 30 53 32 18 19 17 21 60 41 53 21 19 41 36 36 16 61 55 59 58 53 41 18 58 32 36 

19 17 61 55 20 60 58 
AQUIIII!!21 36 18 59 61 20 60 58 41 53 32 19 17 30 55 1 
AQUIIII!!30 21 36 20 53 61 19 58 1 17 59 41 55 60 32 18 
AQUIIII!!41 21 17 61 32 1 60 58 59 36 53 19 55 18 30 20 
AQUIIII!!55 17 60 36 1 19 58 61 32 18 59 30 53 21 AQUIIII!!41 1 20 22 
9 23 57 5 56 10 28 24 60 8 2 6 59 AQUIIII!!AQUIIII!!61 41 55 
21 17 17 60 61 36 32 1 1 60 19 58 58 59 61 36 32 53 19 18 55 59 18 30 30 53 20 21 
41 20 
AQUIIII!!61 18 17 36 19 53 30 58 21 55 32 20 59 16 60 41 
AQUIIII!!61 58 20 41 30 55 60 36 1 53 32 18 17 21 59 19 
AQUIIII!!21 20 32 30 55 53 36 60 61 19 41 59 18 58 17 1 
AQUIIII!!59 55 17 58 21 36 30 18 16 41 32 20 53 19 61 60 
AQUIIII!!61 32 30 20 41 59 21 1 17 60 58 55 53 18 19 36 
AQUIIII!!53 30 59 22 28 8 AQUIIII!!56 AQUIIII!!61 21 19 1 23 53 59 1 1 53 58 58 20 5 60 60 55 21 36 6 55 55 60 20 23 61 22 30 
23 18 30 21 5 58 AQUIIII!!6 22 53 59 5 22 36 19 61 1 

23 55 56 61 6 59 60 20 58 5 36 30 21 
AQUIIII!!53 30 21 56 8 5 60 58 6 23 1 28 55 59 22 61 
AQUIIII!!1 AQUIIII!!8 22 28 9 57 24 22 2 5 6 59 1 2 57 56 56 28 10 8 24 3 6 7 23 5 60 23 9 10 61 61 

AQUIIII!!20 41 18 53 60 61 17 32 36 30 19 21 58 55 59 1 
AQUIIII!!59 60 20 55 1 17 32 19 58 41 36 61 53 18 30 21 
AQUIIII!!19 36 21 60 53 58 1 41 59 32 55 30 18 20 61 17 
AQUIIII!!16 41 59 55 18 60 20 32 61 17 53 19 30 36 58 21 
AQUIIII!!55 41 30 32 21 1 36 20 19 53 60 18 58 59 61 17 
AQUIIII!!41 36 20 17 55 18 60 58 21 59 61 32 53 16 30 19 
AQUIIII!!61 59 36 5 58 19 20 21 AQUIIII!!55 61 30 53 22 23 60 36 6 20 23 1 53 55 1 59 
21 30 5 19 18 58 60 22 
AQUIIII!!61 1 5 59 57 56 24 60 10 58 9 28 23 6 22 8 
AQUIIII!!61 22 60 9 5 55 56 23 1 10 28 6 8 58 59 24 AQUIIII!!
55 60 61 22 5 58 21 36 6 20 1 23 53 59 56 30 
AQUIIII!!20 53 60 61 17 41 59 55 36 21 30 32 18 58 19 1 
AQUIIII!!36 18 21 20 1 41 32 58 55 17 61 30 59 AQUIIII!!60 59 53 32 19 20 61 
30 1 21 53 55 AQUIIII!!17 58 36 18 18 41 21 36 60 20 19 1 
41 32 58 55 17 61 30 59 60 53 19 
AQUIIII!!61 1 58 AQUIIII!!5 61 60 23 20 2 56 57 5 23 AQUIIII!!AQUIIII!!6 61 22 1 21 22 53 59 10 60 21 5 56 30 36 1 41 9 55 58 8 59 30 6 36 28 28 59 19 60 23 30 3 55 56 
8 1 58 60 24 32 22 
20 53 18 6 53 55 
61 17 21 
AQUIIII!!61 55 21 22 23 6 36 19 58 59 30 20 1 53 5 60 
AQUIIII!!60 22 58 55 53 61 59 28 23 56 21 30 5 6 8 1 
AQUIIII!!1 53 17 32 58 21 61 36 60 55 18 20 30 59 41 19 
AQUIIII!!61 55 59 30 53 60 20 32 18 16 36 17 58 19 41 21 
AQUIIII!!59 30 22 23 6 36 5 21 53 55 58 1 56 60 61 20 
AQUIIII!!58 18 60 59 55 1 61 53 41 30 21 17 36 19 32 20 
AQUIIII!!20 61 60 36 16 17 59 AQUIIII!!18 36 53 18 58 21 32 20 41 1 19 41 55 32 30 58 21 55 
17 61 30 59 60 53 19 
AQUIIII!!61 20 22 58 19 6 59 1 23 21 30 53 55 60 36 5 
AQUIIII!!58 53 61 41 32 55 20 30 18 60 36 19 17 1 59 AQUIIII!!21 60 
10 6 8 22 1 24 23 56 59 28 9 58 55 5 61 
AQUIIII!!61 21 5 36 60 22 1 23 59 18 53 30 20 19 58 55 
AQUIIII!!17 58 61 36 59 30 55 21 1 53 41 60 18 32 19 20 
AQUIIII!!19 41 17 53 61 21 60 36 32 20 1 30 18 59 55 58 
AQUIIII!!61 55 58 53 6 59 5 30 60 20 1 21 22 56 23 36 
AQUIIII!!61 1 8 10 9 6 2 5 59 22 56 60 23 57 28 24 
AQUIIII!!21 58 55 36 60 18 32 53 41 61 17 19 59 16 20 30 
AQUIIII!!53 18 17 16 19 55 54 4 0 20 52 21 41 36 30 32 
AQUIIII!!58 18 60 59 55 1 61 53 41 30 21 17 36 19 32 20 
AQUIIII!!41 19 53 58 55 20 18 32 59 1 36 60 21 17 30 61 
AQUIIII!!18 58 55 53 17 20 36 41 30 16 32 21 0 54 19 4 
AQUIIII!!19 32 41 55 36 30 21 59 58 61 20 1 60 53 17 18 
AQUIIII!!AQUIIII!!61 1 21 19 1 41 6 61 20 32 36 21 58 30 60 59 53 19 18 5 55 53 30 23 58 60 36 22 59 55 17 
20 
AQUIIII!!1 57 10 24 7 22 2 56 8 3 6 23 9 28 5 61 
AQUIIII!!21 61 60 17 53 1 36 20 19 55 41 18 32 58 30 59 
AQUIIII!!20 30 18 41 32 1 61 36 55 58 59 53 17 21 19 60 
AQUIIII!!20 30 18 41 32 1 61 36 55 58 59 53 17 21 19 60 
AQUIIII!!61 58 56 60 24 23 6 1 22 9 57 8 5 28 10 59 
AQUIIII!!61 58 55 21 22 1 23 30 6 8 56 59 53 60 5 28 
AQUIIII!!61 21 59 AQUIIII!!36 61 18 55 1 58 60 59 17 32 60 58 18 19 23 30 53 55 22 53 5 41 19 20 21 
30 36 1 20 
AQUIIII!!61 6 1 9 3 10 2 23 22 24 57 5 28 7 56 8 
AQUIIII!!61 55 60 16 21 20 30 58 17 41 32 36 18 59 53 19 
AQUIIII!!55 53 17 58 60 16 41 18 30 61 36 19 32 21 20 59 
AQUIIII!!21 41 1 36 61 30 17 18 58 20 53 19 60 59 32 55 
AQUIIII!!61 58 56 23 1 60 9 28 8 24 6 10 22 59 57 5 
AQUIIII!!60 16 AQUIIII!!55 36 61 21 2 19 10 20 24 41 23 58 7 AQUIIII!!53 9 20 61 22 59 32 56 59 41 5 17 17 57 18 3 55 30 8 19 
28 21 6 58 1 60 
36 30 53 61 18 1 32 
AQUIIII!!61 6 58 22 60 28 9 1 53 8 5 59 23 55 24 56 
AQUIIII!!61 23 8 59 60 24 6 5 1 22 57 2 10 56 28 9 
AQUIIII!!61 1 28 23 21 53 55 60 5 58 30 56 22 6 59 8 
AQUIIII!!61 1 53 5 21 58 22 18 19 59 55 60 23 20 30 36 
AQUIIII!!61 58 9 56 59 5 22 8 60 10 28 55 24 23 6 1 
AQUIIII!!17 59 32 18 41 58 60 55 21 61 36 53 19 20 1 30 
AQUIIII!!60 21 16 32 55 20 17 19 41 61 53 18 30 58 59 36 
AQUIIII!!20 1 61 59 21 30 18 53 17 58 60 19 55 41 32 36 
AQUIIII!!61 6 20 30 AQUIIII!!36 6 58 24 19 9 60 10 5 22 22 56 55 1 53 5 21 59 59 60 8 1 2 23 57 
28 23 61 
AQUIIII!!61 23 1 28 24 10 60 9 22 55 5 56 59 8 6 58 
AQUIIII!!53 20 17 1 30 55 61 19 41 60 59 32 18 58 36 21 
AQUIIII!!30 53 18 23 AQUIIII!!60 32 58 60 1 58 1 61 17 59 20 55 36 20 19 22 18 21 55 19 53 36 41 5 59 
30 61 21 
AQUIIII!!61 5 8 30 53 1 28 23 58 60 59 56 21 6 55 22 
AQUIIII!!19 20 36 58 60 61 53 32 18 55 41 21 30 1 59 17 
AQUIIII!!53 18 61 55 19 59 17 32 36 41 60 21 16 30 20 58 
AQUIIII!!59 20 23 22 21 58 36 30 6 1 5 19 53 61 55 60 
AQUIIII!!21 19 18 59 60 1 17 41 53 32 58 20 30 55 36 61 
AQUIIII!!61 20 53 1 32 60 18 19 30 36 55 17 59 21 41 58 
Number of Cuts in the second phase:4346
Number of repeat: 4022 
Violation: 107.000000
Violation: 644.000000
Violation: 249.000000
Violation: 633.000000
Violation: 1383.000000
Violation: 211.000000
Violation: 94.000000
Violation: 671.000000
Violation: 463.000000
Violation: 1383.000000
Violation: 357.000000
Violation: 635.000000
Violation: 834.000000
Violation: 485.000000
Violation: 302.000000
Violation: 319.000000
Violation: 963.000000
Violation: 113.000000
Violation: 571.000000
Violation: 1400.000000
Violation: 1309.000000
Violation: 370.000000
Violation: 1308.000000
Violation: 271.000000
Violation: 1034.000000
Violation: 650.000000
Violation: 784.000000
Violation: 484.000000
Violation: 821.000000
Violation: 422.000000
Violation: 678.000000
Violation: 571.000000
Violation: 541.000000
Violation: 304.000000
Violation: 371.000000
Violation: 891.000000
Violation: 1005.000000
Violation: 709.000000
Violation: 463.000000
Violation: 409.000000
Violation: 534.000000
Violation: 511.000000
Violation: 191.000000
Violation: 371.000000
Violation: 921.000000
Violation: 363.000000
Violation: 930.000000
Violation: 265.000000
Violation: 12.000000
Violation: 421.000000
Violation: 339.000000
Violation: 259.000000
Violation: 684.000000
Violation: 1063.000000
Violation: 211.000000
Violation: 362.000000
Violation: 452.000000
Violation: 1076.000000
Violation: 284.000000
Violation: 908.000000
Violation: 691.000000
Violation: 483.000000
Violation: 659.000000
Violation: 634.000000
Violation: 164.000000
Violation: 784.000000
Violation: 909.000000
Violation: 363.000000
Violation: 770.000000
Violation: 614.000000
Violation: 493.000000
Violation: 162.000000
Violation: 384.000000
Violation: 835.000000
Violation: 884.000000
Violation: 335.000000
Violation: 249.000000
Violation: 557.000000
Violation: 361.000000
Violation: 200.000000
Violation: 100.000000
Violation: 343.000000
Violation: 762.000000
Violation: 883.000000
Violation: 930.000000
Violation: 1134.000000
Violation: 250.000000
Violation: 333.000000
Violation: 1283.000000
Violation: 363.000000
Violation: 734.000000
Violation: 434.000000
Violation: 585.000000
Violation: 755.000000
Violation: 320.000000
Violation: 719.000000
Violation: 900.000000
Violation: 649.000000
Violation: 435.000000
Violation: 871.000000
Violation: 109.000000
Violation: 307.000000
Violation: 1308.000000
Violation: 586.000000
Violation: 1134.000000
Violation: 122.000000
Violation: 384.000000
Violation: 383.000000
Violation: 932.000000
Violation: 869.000000
Violation: 536.000000
Violation: 50.000000
Violation: 534.000000
Violation: 633.000000
Violation: 926.000000
Violation: 307.000000
Violation: 584.000000
Violation: 530.000000
Violation: 633.000000
Violation: 224.000000
Violation: 500.000000
Violation: 1034.000000
Violation: 585.000000
Violation: 634.000000
Violation: 909.000000
Violation: 659.000000
Violation: 821.000000
Violation: 7.000000
Violation: 566.000000
Violation: 89.000000
Violation: 550.000000
Violation: 400.000000
Violation: 808.000000
Violation: 657.000000
Violation: 717.000000
Violation: 641.000000
Violation: 476.000000
Violation: 1059.000000
Violation: 378.000000
Violation: 150.000000
Violation: 541.000000
Violation: 821.000000
Violation: 843.000000
Violation: 400.000000
Violation: 211.000000
Violation: 613.000000
Violation: 1133.000000
Violation: 21.000000
Violation: 584.000000
Violation: 97.000000
Violation: 1219.000000
Violation: 362.000000
Violation: 384.000000
Violation: 741.000000
Violation: 734.000000
Violation: 1383.000000
Violation: 486.000000
Violation: 1371.000000
Violation: 29.000000
Violation: 450.000000
Violation: 1058.000000
Violation: 883.000000
Violation: 1100.000000
Violation: 1284.000000
Violation: 370.000000
Violation: 350.000000
Violation: 371.000000
Violation: 421.000000
Violation: 364.000000
Violation: 1559.000000
Violation: 950.000000
Violation: 21.000000
Violation: 963.000000
Violation: 154.000000
Violation: 333.000000
Violation: 600.000000
Violation: 1171.000000
Violation: 535.000000
Violation: 383.000000
Violation: 809.000000
Violation: 159.000000
Violation: 754.000000
Violation: 671.000000
Violation: 909.000000
Violation: 63.000000
Violation: 1384.000000
Violation: 889.000000
Violation: 633.000000
Violation: 557.000000
Violation: 382.000000
Violation: 200.000000
Violation: 1034.000000
Violation: 181.000000
Violation: 835.000000
Violation: 633.000000
Violation: 634.000000
Violation: 757.000000
Violation: 950.000000
Violation: 437.000000
Violation: 634.000000
Violation: 436.000000
Violation: 435.000000
Violation: 791.000000
Violation: 633.000000
Violation: 285.000000
Violation: 100.000000
Violation: 271.000000
Violation: 750.000000
Violation: 371.000000
Violation: 534.000000
Violation: 748.000000
Violation: 546.000000
Violation: 126.000000
Violation: 883.000000
Violation: 363.000000
Violation: 698.000000
Violation: 546.000000
Violation: 551.000000
Violation: 1234.000000
Violation: 607.000000
Violation: 271.000000
Violation: 243.000000
Violation: 324.000000
Violation: 836.000000
Violation: 291.000000
Violation: 384.000000
Violation: 710.000000
Violation: 305.000000
Violation: 1558.000000
Violation: 66.000000
Violation: 1133.000000
Violation: 466.000000
Violation: 415.000000
Violation: 298.000000
Violation: 542.000000
Violation: 634.000000
Violation: 520.000000
Violation: 377.000000
Violation: 704.000000
Violation: 409.000000
Violation: 820.000000
Violation: 655.000000
Violation: 963.000000
Violation: 150.000000
Violation: 350.000000
Violation: 363.000000
Violation: 503.000000
Violation: 344.000000
Violation: 158.000000
Violation: 634.000000
Violation: 1205.000000
Violation: 809.000000
Violation: 620.000000
Violation: 926.000000
Violation: 713.000000
Violation: 655.000000
Violation: 341.000000
Violation: 850.000000
Violation: 51.000000
Violation: 385.000000
Violation: 334.000000
Violation: 513.000000
Violation: 35.000000
Violation: 271.000000
Violation: 370.000000
Violation: 625.000000
Violation: 483.000000
Violation: 1069.000000
Violation: 250.000000
Violation: 760.000000
Violation: 721.000000
Violation: 724.000000
Violation: 675.000000
Violation: 948.000000
Violation: 1133.000000
Violation: 400.000000
Violation: 702.000000
Violation: 759.000000
Violation: 109.000000
Violation: 584.000000
Violation: 384.000000
Violation: 107.000000
Violation: 1176.000000
Violation: 334.000000
Violation: 500.000000
Violation: 608.000000
Violation: 700.000000
Violation: 628.000000
Violation: 586.000000
Violation: 201.000000
Violation: 529.000000
Violation: 542.000000
Violation: 770.000000
Violation: 675.000000
Violation: 180.000000
Violation: 658.000000
Violation: 909.000000
Violation: 750.000000
Violation: 390.000000
Violation: 834.000000
Violation: 113.000000
Violation: 499.000000
Violation: 909.000000
Violation: 400.000000
Violation: 1208.000000
Violation: 325.000000
Violation: 784.000000
Violation: 361.000000
Violation: 528.000000
Violation: 371.000000
Violation: 884.000000
Violation: 734.000000
Violation: 1134.000000
Violation: 212.000000
Violation: 1133.000000
Violation: 483.000000
Violation: 1159.000000
Violation: 335.000000
Violation: 436.000000
Violation: 763.000000
Violation: 61.000000
Violation: 859.000000
Violation: 730.000000
Violation: 665.000000
took 4.537333
Optimize a model with 1563 rows, 906 columns and 18027 nonzeros
Coefficient statistics:
  Matrix range     [1e+00, 4e+01]
  Objective range  [0e+00, 0e+00]
  Bounds range     [1e+00, 4e+01]
  RHS range        [1e+00, 1e+02]
Presolve removed 1128 rows and 109 columns
Presolve time: 0.00s
Presolved: 435 rows, 797 columns, 9501 nonzeros

Iteration    Objective       Primal Inf.    Dual Inf.      Time
       0    0.0000000e+00   4.476255e+01   0.000000e+00      0s
     114    0.0000000e+00   0.000000e+00   0.000000e+00      0s

Solved in 114 iterations and 0.01 seconds
Optimal objective  0.000000000e+00
