A-4.txt_s3.txt
Academic license - for non-commercial use only
Read LP format model from file lp/A-4.txt.lp
Reading time = 0.05 seconds
: 961 rows, 10797 columns, 131727 nonzeros
OKGPU
nThreads: 1024 , nBlocks: 12 
Number cuts generated in the phase 1: 13
Number of repeat: 0 
violation 43.000000
violation 30.000000
violation 10.000000
violation 13.000000
violation 13.000000
violation 198.000000
violation 56.000000
violation 306.000000
violation 785.000000
violation 576.000000
violation 27.000000
violation 714.000000
violation 774.000000
8592 8
AQUIIII!!151 150 7 68 AQUIIII!!151 5 21 21 93 18 18 68 5 93 19 
7 AQUIIII!!
151 154 150 21 AQUIIII!!100 151 13 21 95 68 5 AQUIIII!!7 
151 93 19 68 5 5 18 150 
21 7 18 93 
AQUIIII!!AQUIIII!!151 151 AQUIIII!!154 93 151 21 7 95 93 21 18 153 150 19 150 18 AQUIIII!!100 5 5 151 21 13 68 7 5 

AQUIIII!!150 68 151 21 
13 7 150 18 100 68 21 93 5 
95 154 
AQUIIII!!151 93 150 21 68 5 7 18 
AQUIIII!!154 95 100 152 150 153 13 151 
AQUIIII!!149 100 95 13 29 153 152 154 
AQUIIII!!13 150 100 95 153 154 151 152 
AQUIIII!!74 153 28 152 AQUIIII!!100 149 153 95 150 154 154 95 29 13 
151 21 
AQUIIII!!68 93 150 7 5 18 21 AQUIIII!!151 7 
68 5 19 93 18 151 21 
AQUIIII!!100 95 AQUIIII!!13 18 152 93 153 5 150 68 154 7 150 151 151 
21 
AQUIIII!!13 95 150 154 AQUIIII!!152 154 153 100 13 151 100 
150 21 AQUIIII!!153 93 AQUIIII!!AQUIIII!!95 21 7 151 151 68 100 154 AQUIIII!!
13 AQUIIII!!95 5 AQUIIII!!154 153 150 13 AQUIIII!!150 100 13 150 5 7 AQUIIII!!153 13 154 93 100 95 21 100 150 95 5 13 95 154 13 151 13 151 21 150 152 13 95 
100 68 154 150 153 21 5 21 

152 21 150 100 150 95 151 151 151 151 
153 


154 151 
AQUIIII!!AQUIIII!!13 150 95 AQUIIII!!68 100 100 154 AQUIIII!!18 150 153 21 153 95 152 21 93 153 AQUIIII!!150 150 5 154 95 151 21 7 21 100 
100 151 AQUIIII!!13 154 153 154 151 13 
154 95 
151 150 21 
13 5 95 150 151 13 AQUIIII!!AQUIIII!!
100 18 AQUIIII!!68 21 151 151 150 93 
154 93 150 5 5 13 7 7 100 68 153 151 21 
152 19 95 18 
151 
AQUIIII!!100 AQUIIII!!150 5 154 21 21 19 95 68 13 5 93 151 7 
AQUIIII!!18 13 AQUIIII!!151 21 152 
100 100 AQUIIII!!153 150 68 13 95 AQUIIII!!18 154 154 19 13 AQUIIII!!153 150 7 153 21 151 95 21 100 5 151 AQUIIII!!
5 154 21 
154 150 100 93 150 95 21 151 100 95 95 
151 13 154 
151 153 
13 AQUIIII!!150 95 151 150 
154 13 152 100 153 151 
AQUIIII!!19 21 93 7 5 AQUIIII!!68 151 18 154 151 
95 AQUIIII!!5 151 100 13 AQUIIII!!154 21 151 13 100 93 95 13 150 153 
7 150 150 152 21 
68 5 
AQUIIII!!AQUIIII!!151 13 83 93 150 5 93 21 152 150 13 7 154 68 153 151 

AQUIIII!!93 5 150 18 68 21 7 151 
AQUIIII!!151 18 5 93 7 68 21 150 
AQUIIII!!AQUIIII!!151 154 151 21 95 153 5 150 13 154 21 95 100 100 150 13 

AQUIIII!!100 95 154 150 152 153 13 151 
AQUIIII!!93 68 7 21 13 150 5 151 
AQUIIII!!5 100 21 154 150 13 95 151 
AQUIIII!!100 21 AQUIIII!!95 68 153 7 93 150 150 13 18 151 21 154 5 
151 
AQUIIII!!95 150 21 13 AQUIIII!!5 150 AQUIIII!!100 151 152 AQUIIII!!151 95 13 7 154 5 150 153 
21 100 154 93 154 95 68 21 100 5 150 151 18 13 

151 
AQUIIII!!151 7 21 68 150 18 93 5 
AQUIIII!!13 152 95 153 100 150 154 AQUIIII!!151 13 AQUIIII!!
153 95 5 154 21 7 150 93 100 151 21 
AQUIIII!!150 21 13 13 68 AQUIIII!!95 151 68 154 93 
150 150 153 13 100 7 151 5 
21 AQUIIII!!151 
95 13 150 100 21 5 151 154 
AQUIIII!!152 153 100 AQUIIII!!95 93 154 68 150 13 21 151 5 
18 150 7 151 
AQUIIII!!151 68 21 13 7 150 5 93 
AQUIIII!!5 150 95 13 154 100 21 151 
AQUIIII!!151 19 68 93 5 18 21 7 
AQUIIII!!100 13 95 149 154 29 153 152 
AQUIIII!!152 153 154 29 95 13 149 100 
AQUIIII!!AQUIIII!!151 151 93 68 68 150 13 7 7 93 21 13 5 21 150 5 

AQUIIII!!13 154 150 21 100 5 95 151 
AQUIIII!!95 21 AQUIIII!!AQUIIII!!100 100 153 5 152 150 150 13 95 13 154 153 151 150 21 95 154 13 100 
151 151 AQUIIII!!
154 153 152 
13 154 95 150 100 151 
AQUIIII!!5 AQUIIII!!150 150 13 95 154 100 21 13 153 151 100 21 95 154 151 

AQUIIII!!95 13 149 152 153 100 29 AQUIIII!!93 154 68 
7 150 13 5 21 151 
AQUIIII!!151 5 7 21 93 AQUIIII!!68 5 13 7 150 93 
18 21 68 150 151 
AQUIIII!!154 151 153 13 95 152 150 100 
AQUIIII!!151 21 153 100 95 150 13 154 
AQUIIII!!154 100 13 152 150 153 95 151 
AQUIIII!!5 68 AQUIIII!!93 5 68 7 150 21 13 21 19 93 18 7 151 151 

AQUIIII!!150 100 21 153 154 13 95 AQUIIII!!151 
5 93 150 21 68 7 13 151 
AQUIIII!!151 150 95 154 13 100 21 153 AQUIIII!!
5 93 18 7 19 68 21 151 
AQUIIII!!151 150 18 AQUIIII!!68 151 21 100 13 5 95 93 21 5 AQUIIII!!7 154 152 
150 13 
100 95 153 150 151 154 
AQUIIII!!153 154 29 152 28 74 AQUIIII!!149 100 95 13 
95 150 153 154 21 151 
AQUIIII!!AQUIIII!!154 21 151 150 100 154 152 13 5 13 150 95 95 153 100 151 

AQUIIII!!100 13 95 150 153 154 21 151 
AQUIIII!!100 150 153 AQUIIII!!21 95 13 154 74 95 151 28 
149 29 152 153 154 
AQUIIII!!100 150 13 153 152 154 95 151 
AQUIIII!!154 150 100 153 95 13 21 151 
AQUIIII!!13 150 152 154 95 100 153 151 
AQUIIII!!151 7 150 18 68 5 93 21 
AQUIIII!!151 21 150 7 93 13 AQUIIII!!68 18 5 93 
21 150 5 7 68 151 
AQUIIII!!150 13 95 152 154 153 100 151 
AQUIIII!!151 21 68 5 150 93 7 18 
AQUIIII!!154 100 152 95 150 13 153 151 
AQUIIII!!151 18 7 21 68 93 5 150 
AQUIIII!!151 18 21 7 93 5 68 19 
AQUIIII!!151 13 100 5 21 154 95 150 
AQUIIII!!151 13 153 100 21 150 154 95 
AQUIIII!!100 154 95 153 21 150 13 151 
AQUIIII!!13 154 150 153 21 AQUIIII!!95 100 29 151 154 
149 74 28 153 152 95 
AQUIIII!!151 21 68 150 7 13 5 93 
AQUIIII!!29 154 28 149 152 74 95 153 
AQUIIII!!151 95 154 153 100 13 150 21 
AQUIIII!!151 100 152 153 95 150 154 13 
AQUIIII!!18 68 5 7 93 150 151 21 
AQUIIII!!19 18 68 7 5 93 21 151 
AQUIIII!!7 5 93 68 18 21 19 151 
AQUIIII!!95 13 21 154 150 5 100 151 
AQUIIII!!18 68 21 5 AQUIIII!!7 153 93 100 150 95 151 13 
149 152 29 154 
AQUIIII!!5 21 13 93 7 150 68 151 
AQUIIII!!151 93 68 150 5 7 21 18 
AQUIIII!!152 100 13 95 150 154 153 151 
AQUIIII!!5 93 68 18 7 19 21 151 
AQUIIII!!151 21 13 154 100 5 95 150 
AQUIIII!!151 5 150 68 21 13 93 7 
AQUIIII!!151 100 13 154 95 150 21 5 
AQUIIII!!AQUIIII!!151 151 68 5 21 150 13 21 93 68 5 93 7 7 150 18 

AQUIIII!!151 7 93 21 18 68 19 5 
AQUIIII!!7 68 93 13 5 150 151 21 
AQUIIII!!154 29 28 153 74 149 152 95 
AQUIIII!!151 68 150 21 7 18 5 93 
AQUIIII!!13 154 150 21 153 100 95 151 AQUIIII!!151 
154 13 150 95 152 153 100 
AQUIIII!!151 19 AQUIIII!!93 151 5 21 68 5 18 68 7 19 21 18 
7 93 
AQUIIII!!151 13 95 150 154 100 21 5 
AQUIIII!!151 21 150 5 100 154 95 13 
AQUIIII!!150 7 93 5 68 13 21 151 
AQUIIII!!151 154 13 AQUIIII!!150 151 19 95 7 152 18 93 153 21 68 100 5 

AQUIIII!!151 150 154 100 153 13 95 152 
AQUIIII!!150 100 13 21 153 AQUIIII!!95 151 154 21 151 153 
150 154 95 100 13 
AQUIIII!!151 150 93 5 7 68 21 18 
AQUIIII!!153 13 150 154 100 95 151 21 
AQUIIII!!151 5 18 93 68 21 7 150 
AQUIIII!!151 150 21 95 5 154 100 13 
AQUIIII!!AQUIIII!!151 150 151 154 95 13 100 153 152 150 154 13 95 153 21 100 

AQUIIII!!21 151 93 18 7 5 68 150 
AQUIIII!!151 5 7 68 19 21 18 93 
AQUIIII!!151 95 154 152 100 150 153 13 
AQUIIII!!21 93 13 7 68 150 5 151 
AQUIIII!!151 68 93 5 150 18 21 7 
AQUIIII!!13 5 68 150 7 21 93 151 
AQUIIII!!151 93 7 5 68 21 150 18 
AQUIIII!!151 100 152 154 153 95 150 13 
AQUIIII!!21 151 100 150 13 95 5 154 
AQUIIII!!151 21 7 68 150 5 13 93 
AQUIIII!!151 150 154 21 95 5 13 100 
AQUIIII!!151 154 100 95 153 13 152 150 
AQUIIII!!18 AQUIIII!!68 5 93 21 7 18 68 AQUIIII!!19 150 21 21 5 93 151 151 154 7 
153 151 150 
95 100 13 
AQUIIII!!13 AQUIIII!!93 154 21 5 153 29 68 7 152 150 13 151 149 
100 95 
AQUIIII!!5 150 95 21 13 154 100 151 AQUIIII!!
151 154 100 95 153 13 152 150 
AQUIIII!!151 153 95 100 21 13 154 150 
AQUIIII!!95 13 100 149 154 152 29 153 
AQUIIII!!154 151 13 100 5 95 21 150 
AQUIIII!!151 153 95 13 100 150 21 154 
AQUIIII!!21 151 100 95 13 154 153 150 
AQUIIII!!151 13 154 150 21 5 100 95 
AQUIIII!!151 21 68 18 7 19 93 5 
AQUIIII!!29 154 100 95 152 153 13 149 
AQUIIII!!151 100 153 154 152 13 95 150 
AQUIIII!!154 151 100 13 95 21 5 150 
AQUIIII!!151 95 150 154 153 100 13 152 
AQUIIII!!151 95 5 13 154 100 21 150 
AQUIIII!!151 21 95 150 100 154 13 153 
AQUIIII!!152 154 29 153 149 28 95 74 
AQUIIII!!151 154 5 100 150 13 95 21 
AQUIIII!!151 100 21 153 95 154 13 150 
AQUIIII!!151 154 5 100 150 13 95 21 
AQUIIII!!151 150 95 AQUIIII!!21 151 13 150 100 21 5 13 154 5 
95 154 100 
AQUIIII!!154 151 153 95 100 13 150 152 
AQUIIII!!21 5 150 18 7 93 68 151 
AQUIIII!!151 150 100 5 154 AQUIIII!!13 152 95 151 21 100 
154 13 153 95 150 
AQUIIII!!151 153 13 152 95 100 150 154 
AQUIIII!!151 153 100 150 95 152 13 AQUIIII!!154 151 
154 13 152 150 95 153 100 
AQUIIII!!152 154 151 150 100 95 13 153 
AQUIIII!!151 21 150 7 93 13 68 5 
AQUIIII!!150 154 100 95 13 5 AQUIIII!!21 151 151 
100 153 152 150 95 13 154 
AQUIIII!!151 150 13 95 100 153 152 154 
AQUIIII!!151 7 5 93 68 18 150 21 
AQUIIII!!151 7 68 150 21 18 5 93 
AQUIIII!!29 154 100 95 153 13 149 152 
AQUIIII!!151 18 150 5 21 7 93 68 
AQUIIII!!151 13 21 150 95 153 154 100 
AQUIIII!!151 5 68 93 19 18 7 21 
AQUIIII!!151 154 21 95 153 150 100 13 
AQUIIII!!21 151 154 95 13 5 150 100 
AQUIIII!!151 18 21 93 150 5 7 68 
AQUIIII!!151 21 100 150 153 154 95 13 
AQUIIII!!154 29 149 13 100 153 95 152 
AQUIIII!!151 152 100 150 13 95 154 153 
AQUIIII!!151 152 100 150 AQUIIII!!13 95 151 150 154 13 153 93 
154 5 21 83 
AQUIIII!!151 68 93 21 19 18 5 7 
Number of Cuts in the second phase:3396
Number of repeat: 3266 
Violation: 119.000000
Violation: 192.000000
Violation: 595.000000
Violation: 384.000000
Violation: 380.000000
Violation: 145.000000
Violation: 758.000000
Violation: 642.000000
Violation: 428.000000
Violation: 624.000000
Violation: 115.000000
Violation: 340.000000
Violation: 1190.000000
Violation: 374.000000
Violation: 680.000000
Violation: 181.000000
Violation: 417.000000
Violation: 570.000000
Violation: 346.000000
Violation: 460.000000
Violation: 560.000000
Violation: 856.000000
Violation: 929.000000
Violation: 181.000000
Violation: 111.000000
Violation: 634.000000
Violation: 214.000000
Violation: 4.000000
Violation: 77.000000
Violation: 518.000000
Violation: 226.000000
Violation: 109.000000
Violation: 1.000000
Violation: 291.000000
Violation: 54.000000
Violation: 190.000000
Violation: 1165.000000
Violation: 451.000000
Violation: 37.000000
Violation: 1564.000000
Violation: 532.000000
Violation: 1008.000000
Violation: 238.000000
Violation: 126.000000
Violation: 52.000000
Violation: 629.000000
Violation: 555.000000
Violation: 1355.000000
Violation: 125.000000
Violation: 44.000000
Violation: 212.000000
Violation: 46.000000
Violation: 960.000000
Violation: 132.000000
Violation: 386.000000
Violation: 919.000000
Violation: 80.000000
Violation: 768.000000
Violation: 35.000000
Violation: 219.000000
Violation: 731.000000
Violation: 360.000000
Violation: 975.000000
Violation: 253.000000
Violation: 541.000000
Violation: 948.000000
Violation: 179.000000
Violation: 413.000000
Violation: 1088.000000
Violation: 133.000000
Violation: 167.000000
Violation: 309.000000
Violation: 396.000000
Violation: 149.000000
Violation: 59.000000
Violation: 71.000000
Violation: 1574.000000
Violation: 748.000000
Violation: 708.000000
Violation: 141.000000
Violation: 787.000000
Violation: 404.000000
Violation: 324.000000
Violation: 18.000000
Violation: 791.000000
Violation: 250.000000
Violation: 296.000000
Violation: 825.000000
Violation: 435.000000
Violation: 267.000000
Violation: 658.000000
Violation: 760.000000
Violation: 34.000000
Violation: 1134.000000
Violation: 566.000000
Violation: 760.000000
Violation: 564.000000
Violation: 1054.000000
Violation: 1948.000000
Violation: 624.000000
Violation: 863.000000
Violation: 770.000000
Violation: 491.000000
Violation: 50.000000
Violation: 649.000000
Violation: 536.000000
Violation: 59.000000
Violation: 171.000000
Violation: 53.000000
Violation: 734.000000
Violation: 269.000000
Violation: 13.000000
Violation: 821.000000
Violation: 157.000000
Violation: 574.000000
Violation: 268.000000
Violation: 317.000000
Violation: 630.000000
Violation: 128.000000
Violation: 347.000000
Violation: 438.000000
Violation: 107.000000
Violation: 196.000000
Violation: 167.000000
Violation: 423.000000
Violation: 424.000000
Violation: 191.000000
Violation: 424.000000
Violation: 183.000000
Violation: 63.000000
8592 8
AQUIIII!!151 93 5 150 7 13 21 68 
AQUIIII!!151 153 100 154 95 150 152 13 
AQUIIII!!151 7 19 18 21 68 5 93 
AQUIIII!!151 95 21 153 13 100 150 154 
AQUIIII!!151 AQUIIII!!7 151 93 21 5 95 19 150 21 100 AQUIIII!!18 153 AQUIIII!!151 68 151 154 AQUIIII!!150 
21 13 151 93 
95 150 18 100 153 154 21 152 7 13 13 68 153 100 95 154 5 AQUIIII!!
150 
151 
7 19 18 AQUIIII!!151 21 93 5 5 68 19 68 93 18 
21 7 
AQUIIII!!151 93 21 68 13 150 7 5 
AQUIIII!!151 21 7 5 93 19 18 68 
AQUIIII!!95 100 13 149 153 152 154 29 
AQUIIII!!5 100 95 150 13 151 21 154 
AQUIIII!!28 AQUIIII!!152 152 149 44 95 154 74 153 153 13 29 45 154 150 
151 
AQUIIII!!AQUIIII!!68 13 7 18 100 21 95 93 154 150 152 5 153 151 150 
151 AQUIIII!!13 
100 AQUIIII!!95 7 150 5 154 21 153 19 151 152 93 AQUIIII!!68 
152 18 100 151 154 
153 AQUIIII!!AQUIIII!!13 21 19 95 7 150 150 93 5 151 68 93 
5 7 21 18 18 AQUIIII!!68 151 151 13 

150 AQUIIII!!154 5 100 150 13 152 AQUIIII!!93 AQUIIII!!153 18 7 150 AQUIIII!!21 93 95 68 13 150 68 5 151 151 153 68 7 
21 
100 7 13 AQUIIII!!149 5 93 93 151 95 21 21 
68 152 151 18 29 150 
AQUIIII!!7 21 154 5 150 
151 68 
5 AQUIIII!!7 AQUIIII!!68 93 21 18 13 5 93 151 150 
154 21 100 7 13 5 150 AQUIIII!!151 95 93 
151 150 
5 AQUIIII!!7 5 21 13 68 68 13 93 21 151 150 
7 151 AQUIIII!!
153 152 AQUIIII!!18 154 150 13 7 150 68 95 21 100 93 151 AQUIIII!!5 151 
150 AQUIIII!!
5 21 150 154 13 13 93 100 7 AQUIIII!!95 5 21 21 68 151 153 151 

154 95 100 AQUIIII!!150 5 13 18 151 93 
68 AQUIIII!!151 19 21 21 68 19 7 93 5 151 18 
7 
AQUIIII!!AQUIIII!!150 13 AQUIIII!!13 21 153 154 100 AQUIIII!!100 100 150 95 13 153 154 21 21 13 AQUIIII!!95 154 95 151 150 151 153 5 152 154 68 
151 150 150 95 13 AQUIIII!!
21 151 100 151 93 154 7 5 
153 
95 151 150 152 
13 100 
AQUIIII!!AQUIIII!!151 95 21 13 21 150 5 13 100 95 154 150 153 151 100 
154 
AQUIIII!!151 13 95 150 100 5 154 21 
AQUIIII!!151 152 154 153 AQUIIII!!13 151 100 150 150 153 95 100 
154 95 13 152 
AQUIIII!!151 13 AQUIIII!!7 13 68 5 150 100 93 21 AQUIIII!!5 154 151 21 21 150 150 95 93 
7 151 68 13 
5 
AQUIIII!!151 154 153 95 150 152 13 AQUIIII!!100 151 
95 152 100 13 154 153 150 
AQUIIII!!13 95 150 100 153 151 154 21 
AQUIIII!!150 152 100 13 153 95 154 151 
AQUIIII!!100 154 13 95 150 5 21 151 
AQUIIII!!5 21 7 68 93 150 18 151 
AQUIIII!!68 7 21 5 AQUIIII!!13 93 150 150 13 151 154 
95 153 100 152 151 
AQUIIII!!18 AQUIIII!!150 93 150 5 100 68 154 7 95 AQUIIII!!21 21 100 151 5 13 
13 154 151 95 
5 21 150 151 
AQUIIII!!150 100 AQUIIII!!154 150 153 13 95 152 5 13 93 151 68 
7 151 21 
AQUIIII!!21 100 153 13 150 154 95 151 
AQUIIII!!153 150 152 154 95 100 13 151 
AQUIIII!!5 7 93 150 68 21 18 151 
AQUIIII!!21 150 7 93 5 18 AQUIIII!!68 151 100 
152 153 154 150 13 95 151 
AQUIIII!!151 13 153 95 100 154 150 21 
AQUIIII!!5 AQUIIII!!150 153 18 150 68 13 7 95 21 AQUIIII!!154 93 5 21 151 100 7 151 150 
68 
21 93 18 151 AQUIIII!!
21 19 AQUIIII!!7 18 100 5 150 93 21 68 AQUIIII!!153 5 151 154 154 13 
13 95 95 151 150 
21 100 151 
AQUIIII!!151 5 150 7 93 18 68 21 
AQUIIII!!100 5 21 154 150 95 13 151 
AQUIIII!!18 68 7 5 93 150 21 151 
AQUIIII!!151 5 13 154 21 100 95 150 
AQUIIII!!151 18 7 150 5 21 68 93 
AQUIIII!!151 150 68 21 5 AQUIIII!!7 151 AQUIIII!!93 100 21 18 95 151 
154 13 150 100 5 21 13 95 154 5 150 

AQUIIII!!151 95 150 13 152 153 100 154 
AQUIIII!!18 5 68 7 93 150 21 151 
AQUIIII!!21 154 151 153 95 100 150 13 
AQUIIII!!151 21 68 19 7 18 93 5 
AQUIIII!!151 21 95 100 13 153 154 150 
AQUIIII!!18 93 7 68 5 21 19 151 
AQUIIII!!21 68 13 AQUIIII!!150 93 93 18 5 21 7 7 5 151 19 
68 151 AQUIIII!!
68 18 93 5 7 21 150 151 
AQUIIII!!19 7 18 5 68 93 21 151 
AQUIIII!!154 13 100 153 21 150 95 151 
AQUIIII!!154 21 13 100 AQUIIII!!150 151 95 152 5 95 151 13 
154 153 150 100 
AQUIIII!!13 5 95 21 AQUIIII!!150 150 100 93 154 AQUIIII!!151 21 151 
150 18 93 5 18 68 7 7 21 68 151 5 

AQUIIII!!5 150 13 21 7 93 68 151 
AQUIIII!!151 154 150 95 153 13 AQUIIII!!100 154 21 29 
149 95 13 153 100 152 
AQUIIII!!153 13 100 150 95 152 154 151 
AQUIIII!!151 93 18 68 7 150 5 21 
AQUIIII!!151 13 154 95 100 5 150 21 
AQUIIII!!150 68 93 5 18 7 21 151 
AQUIIII!!151 153 95 154 150 100 13 152 
AQUIIII!!151 150 93 7 68 5 18 21 
AQUIIII!!95 150 154 100 153 21 13 151 
AQUIIII!!151 21 7 5 68 150 93 18 
AQUIIII!!151 154 153 100 13 150 AQUIIII!!21 95 151 
21 13 5 68 93 150 7 
AQUIIII!!13 5 154 95 100 150 151 21 
AQUIIII!!151 5 AQUIIII!!68 13 13 7 153 21 95 93 150 150 
152 100 AQUIIII!!151 154 153 151 21 154 
95 150 13 100 
AQUIIII!!151 154 153 100 13 150 21 95 
AQUIIII!!151 21 100 13 154 153 150 95 
AQUIIII!!151 153 100 150 95 13 154 21 
AQUIIII!!149 28 153 95 74 152 29 154 
AQUIIII!!95 AQUIIII!!100 151 13 93 21 7 154 21 5 18 150 151 150 
68 5 
AQUIIII!!13 150 AQUIIII!!152 151 153 100 95 95 100 154 154 13 151 150 
21 5 
AQUIIII!!154 21 151 150 153 95 13 100 
AQUIIII!!68 5 93 19 7 21 18 151 
AQUIIII!!151 5 13 21 68 150 93 7 
AQUIIII!!151 154 100 95 150 13 153 21 
AQUIIII!!5 AQUIIII!!150 29 13 154 93 95 68 149 21 100 7 151 13 
152 153 
AQUIIII!!21 153 154 13 150 100 AQUIIII!!95 151 151 150 
13 21 AQUIIII!!100 5 AQUIIII!!151 93 21 100 13 7 5 68 13 5 AQUIIII!!21 
154 151 154 95 154 95 150 100 150 
95 151 150 
13 153 21 
AQUIIII!!151 150 100 13 5 154 21 95 
AQUIIII!!151 150 95 100 21 154 13 153 
AQUIIII!!151 5 19 93 AQUIIII!!151 18 93 68 18 21 7 5 21 7 
19 68 
AQUIIII!!151 150 18 AQUIIII!!93 7 68 21 18 21 93 19 68 5 5 7 
151 
AQUIIII!!5 19 18 7 21 68 93 151 
AQUIIII!!95 150 5 13 100 154 21 151 
AQUIIII!!19 18 21 93 68 7 5 151 
AQUIIII!!100 13 95 153 154 152 150 151 
AQUIIII!!21 151 95 150 5 13 100 154 
AQUIIII!!151 18 93 5 7 19 68 21 
AQUIIII!!18 7 21 93 68 5 19 151 
AQUIIII!!151 100 95 13 154 150 152 153 
AQUIIII!!95 150 100 21 153 13 154 151 
AQUIIII!!13 93 21 68 7 5 150 151 
AQUIIII!!151 68 7 19 5 93 21 18 
AQUIIII!!5 7 150 68 21 93 18 151 
AQUIIII!!151 5 150 21 68 7 18 93 
AQUIIII!!151 150 21 7 93 68 18 5 
AQUIIII!!153 95 152 100 13 150 154 151 
AQUIIII!!151 95 13 154 100 153 150 21 
AQUIIII!!151 7 150 93 68 5 13 21 AQUIIII!!
151 153 150 152 154 95 100 13 
AQUIIII!!29 154 152 100 149 95 13 153 
AQUIIII!!13 150 100 153 95 154 151 152 
AQUIIII!!151 19 18 7 93 68 21 5 
AQUIIII!!100 21 150 95 154 5 13 151 
AQUIIII!!151 150 21 93 5 13 68 7 
AQUIIII!!154 152 151 153 150 13 100 95 
AQUIIII!!151 100 152 13 154 153 95 150 
AQUIIII!!19 21 68 18 7 5 93 151 
AQUIIII!!151 5 68 7 21 13 93 150 
AQUIIII!!150 21 154 AQUIIII!!100 151 95 13 153 154 13 153 151 150 
100 152 95 
AQUIIII!!151 152 100 13 154 150 95 153 
AQUIIII!!154 5 95 100 21 150 13 151 
AQUIIII!!152 151 154 153 95 100 150 13 
AQUIIII!!21 151 18 150 5 7 68 93 
AQUIIII!!151 21 154 13 100 150 153 95 
AQUIIII!!152 151 154 153 95 100 150 13 
AQUIIII!!154 152 151 150 100 95 153 13 
AQUIIII!!151 93 21 5 68 AQUIIII!!150 18 151 7 7 
13 93 68 5 21 150 
AQUIIII!!151 93 5 68 21 19 7 18 
AQUIIII!!21 151 5 93 18 150 68 7 
AQUIIII!!151 93 5 7 68 21 18 19 
AQUIIII!!154 151 5 95 100 150 21 13 
AQUIIII!!151 5 95 13 150 21 100 154 
AQUIIII!!151 100 95 153 154 13 150 21 
AQUIIII!!151 7 21 68 93 5 150 13 
AQUIIII!!152 151 150 100 13 153 95 154 
AQUIIII!!154 13 95 150 5 21 100 151 
AQUIIII!!151 AQUIIII!!150 150 5 5 13 68 93 7 68 93 21 7 18 
151 21 
AQUIIII!!151 13 95 5 154 150 21 100 
AQUIIII!!151 7 150 21 13 5 93 68 
AQUIIII!!151 153 154 13 152 95 100 150 
AQUIIII!!151 153 154 13 95 150 100 21 
AQUIIII!!93 7 5 19 18 21 68 151 
AQUIIII!!154 151 21 150 100 153 13 95 
AQUIIII!!151 21 13 5 68 93 150 7 
AQUIIII!!151 100 154 153 13 95 150 21 
AQUIIII!!21 151 100 95 13 150 153 154 
AQUIIII!!151 100 150 152 13 154 95 153 
AQUIIII!!151 18 150 68 5 21 7 93 
AQUIIII!!151 152 154 153 13 100 150 95 
AQUIIII!!151 21 150 93 7 68 13 5 
AQUIIII!!151 152 154 153 13 100 150 95 
AQUIIII!!21 151 154 150 153 95 100 13 AQUIIII!!
151 13 100 154 95 150 152 153 
AQUIIII!!151 150 5 100 95 154 13 21 
AQUIIII!!151 7 18 5 21 150 93 68 
AQUIIII!!154 151 95 21 100 150 153 13 
AQUIIII!!151 21 68 13 150 5 93 7 
AQUIIII!!151 7 5 68 21 93 18 150 
AQUIIII!!21 151 13 5 95 100 150 154 
Number of Cuts in the second phase:3418
Number of repeat: 3396 
Violation: 305.000000
Violation: 204.000000
Violation: 279.000000
Violation: 209.000000
Violation: 437.000000
Violation: 86.000000
Violation: 78.000000
Violation: 361.000000
Violation: 681.000000
Violation: 518.000000
Violation: 355.000000
Violation: 481.000000
Violation: 1152.000000
Violation: 134.000000
Violation: 256.000000
Violation: 1035.000000
Violation: 289.000000
Violation: 34.000000
Violation: 49.000000
Violation: 283.000000
Violation: 131.000000
Violation: 246.000000
2808 8
AQUIIII!!151 154 150 100 95 AQUIIII!!13 151 21 154 5 AQUIIII!!150 
151 95 13 21 5 5 150 100 93 13 AQUIIII!!7 
21 151 68 153 
154 150 21 95 13 100 
AQUIIII!!151 21 93 13 7 5 150 68 
AQUIIII!!AQUIIII!!151 151 93 68 5 13 21 13 93 7 68 7 21 150 150 
5 
AQUIIII!!151 153 154 95 150 100 13 21 
AQUIIII!!13 150 5 21 95 154 100 151 
AQUIIII!!AQUIIII!!5 93 68 68 21 150 AQUIIII!!93 AQUIIII!!21 5 7 21 7 150 19 5 5 13 18 93 13 95 151 7 151 21 
19 
154 68 100 18 151 151 

AQUIIII!!18 21 AQUIIII!!7 93 150 68 68 13 5 21 93 7 151 5 
150 151 
AQUIIII!!151 154 150 153 13 95 21 100 
AQUIIII!!151 13 150 AQUIIII!!95 154 151 153 93 152 13 100 21 
7 5 150 68 
AQUIIII!!151 150 18 5 21 7 93 68 
AQUIIII!!151 13 154 100 150 95 5 21 
AQUIIII!!151 154 150 153 13 95 21 100 
AQUIIII!!151 18 5 150 21 68 7 93 
AQUIIII!!13 95 154 150 100 5 151 21 
AQUIIII!!13 95 154 150 100 5 151 21 
AQUIIII!!150 154 21 95 153 13 100 151 
AQUIIII!!13 150 154 152 153 100 95 151 
AQUIIII!!7 150 AQUIIII!!68 68 13 5 93 18 AQUIIII!!5 150 AQUIIII!!100 151 21 13 153 21 93 154 100 
7 13 21 151 150 150 
21 153 154 95 151 95 
151 
AQUIIII!!150 7 13 68 5 21 93 151 
AQUIIII!!5 7 18 93 21 68 19 151 
AQUIIII!!18 93 5 7 21 150 68 151 
AQUIIII!!13 95 100 21 150 153 154 151 
AQUIIII!!5 18 93 19 68 21 7 151 
AQUIIII!!29 154 74 149 95 152 28 153 
AQUIIII!!5 7 21 18 68 19 93 AQUIIII!!151 154 
100 AQUIIII!!153 93 13 150 95 13 152 5 150 7 151 68 
151 21 
AQUIIII!!95 154 AQUIIII!!13 7 100 68 152 AQUIIII!!21 153 153 150 150 74 18 151 95 93 
152 5 149 151 28 
154 29 
AQUIIII!!152 100 13 154 153 150 95 151 
AQUIIII!!154 100 13 21 95 150 153 151 
AQUIIII!!21 150 93 68 7 5 13 151 
AQUIIII!!151 150 154 13 153 152 95 100 
AQUIIII!!153 13 95 21 150 100 154 151 
AQUIIII!!100 95 152 13 150 153 151 154 
AQUIIII!!13 150 152 153 95 154 100 151 
AQUIIII!!151 100 154 95 153 152 150 13 
AQUIIII!!151 153 150 152 95 154 13 100 
AQUIIII!!151 154 150 100 95 13 21 5 
AQUIIII!!7 5 18 93 68 150 21 151 
AQUIIII!!151 95 154 150 21 100 13 153 
AQUIIII!!151 95 153 150 100 154 13 152 
AQUIIII!!95 150 153 154 100 13 152 151 
AQUIIII!!151 13 21 68 93 5 7 150 
AQUIIII!!68 18 21 7 19 5 93 151 
AQUIIII!!151 19 21 68 7 18 93 5 
AQUIIII!!13 150 95 154 21 100 5 151 
AQUIIII!!151 13 95 152 100 154 150 153 
AQUIIII!!151 150 5 68 93 18 7 21 
AQUIIII!!154 153 152 29 13 100 149 95 
AQUIIII!!151 154 150 95 153 21 13 100 
AQUIIII!!151 154 150 95 153 21 13 100 
AQUIIII!!151 18 68 19 93 21 7 5 
AQUIIII!!151 95 150 154 21 13 100 5 
AQUIIII!!151 154 150 95 21 5 100 13 
AQUIIII!!21 151 93 5 7 18 68 19 
AQUIIII!!151 153 150 152 100 95 13 154 
AQUIIII!!151 150 68 7 21 93 5 18 
AQUIIII!!21 151 93 7 13 68 5 150 
AQUIIII!!151 153 150 21 154 13 100 95 
AQUIIII!!151 150 68 21 93 18 7 5 
AQUIIII!!151 21 93 13 7 68 5 150 
Number of Cuts in the second phase:1094
Number of repeat: 1086 
Violation: 173.000000
Violation: 489.000000
Violation: 657.000000
Violation: 328.000000
Violation: 265.000000
Violation: 76.000000
Violation: 383.000000
Violation: 315.000000
took 11.679948
Optimize a model with 1195 rows, 10797 columns and 133454 nonzeros
Coefficient statistics:
  Matrix range     [1e-05, 9e+01]
  Objective range  [0e+00, 0e+00]
  Bounds range     [1e+00, 2e+09]
  RHS range        [1e+00, 6e+01]
Warning: Model contains large bounds
         Consider reformulating model or setting NumericFocus parameter
         to avoid numerical issues.

Concurrent LP optimizer: dual simplex and barrier
Showing barrier log only...

Presolve removed 169 rows and 420 columns
Presolve time: 0.04s
Presolved: 1026 rows, 10377 columns, 125867 nonzeros

Ordering time: 0.00s

Barrier statistics:
 AA' NZ     : 6.114e+04
 Factor NZ  : 1.081e+05 (roughly 5 MBytes of memory)
 Factor Ops : 1.376e+07 (less than 1 second per iteration)
 Threads    : 3

                  Objective                Residual
Iter       Primal          Dual         Primal    Dual     Compl     Time
   0   0.00000000e+00 -2.68716626e+07  8.27e+09 0.00e+00  1.42e+06     0s
   1   0.00000000e+00 -4.36557401e+06  2.69e+09 7.04e-03  4.64e+05     0s
   2   0.00000000e+00 -2.51568384e+05  1.62e+08 1.94e-16  2.82e+04     0s
   3   0.00000000e+00 -1.45271605e+03  3.42e+04 2.50e-16  6.03e+00     0s
   4   0.00000000e+00 -1.18339752e+03  2.65e+04 2.47e-06  4.52e+00     0s
   5   0.00000000e+00 -1.34935078e+03  1.26e+04 6.25e-05  2.37e+00     0s
   6   0.00000000e+00 -9.35619598e+02  2.03e+03 2.89e-05  4.06e-01     0s
   7   0.00000000e+00 -3.97550018e+02  1.18e+03 4.81e-06  2.04e-01     0s
   8   0.00000000e+00 -1.71923474e+02  3.84e+02 2.09e-07  6.58e-02     0s
   9   0.00000000e+00 -8.97117604e+01  1.06e+02 6.79e-08  1.96e-02     0s
  10   0.00000000e+00 -3.85756431e+01  3.41e+01 1.60e-08  6.56e-03     0s
  11   0.00000000e+00 -1.85599428e+01  7.83e+00 4.78e-09  1.85e-03     0s
  12   0.00000000e+00 -1.31619895e+01  4.16e+00 3.18e-09  1.10e-03     0s
  13   0.00000000e+00 -1.03216853e+01  2.25e+00 2.38e-09  7.29e-04     0s
  14   0.00000000e+00 -6.51332256e+00  1.27e+00 1.38e-09  4.24e-04     0s
  15   0.00000000e+00 -4.28255932e+00  5.24e-01 8.31e-10  2.40e-04     0s

Barrier performed 15 iterations in 0.12 seconds
Barrier solve interrupted - model solved by another algorithm


Solved with dual simplex
Solved in 654 iterations and 0.12 seconds
Optimal objective  0.000000000e+00
