A-4.txt_s3.txt
Academic license - for non-commercial use only
Read LP format model from file lp/A-4.txt.lp
Reading time = 0.05 seconds
: 961 rows, 10797 columns, 131727 nonzeros
OKGPU
nThreads: 1024 , nBlocks: 12 
Number cuts generated in the phase 1: 13
Number of repeat: 0 
violation 43.000000
violation 30.000000
violation 10.000000
violation 13.000000
violation 13.000000
violation 198.000000
violation 56.000000
violation 306.000000
violation 785.000000
violation 576.000000
violation 27.000000
violation 714.000000
violation 774.000000
8592 16
AQUIIII!!151 29 28 83 153 13 117 150 149 93 154 100 27 152 95 68 
AQUIIII!!151 87 143 7 92 18 19 AQUIIII!!13 151 68 154 5 7 94 92 21 93 93 68 104 149 154 21 150 13 
AQUIIII!!87 151 150 154 93 153 68 5 87 152 104 19 104 AQUIIII!!5 94 13 151 
18 21 7 92 154 21 104 143 94 18 150 AQUIIII!!68 
151 87 19 5 92 149 94 92 68 152 87 21 153 154 93 94 7 7 150 93 13 13 5 153 150 104 

AQUIIII!!151 95 149 117 152 150 154 100 29 153 93 5 21 13 68 83 
AQUIIII!!151 68 94 93 18 6 7 148 19 21 5 87 145 143 92 104 
AQUIIII!!154 29 28 83 93 13 152 100 68 151 27 95 117 150 149 153 
AQUIIII!!13 154 5 19 68 143 104 94 18 92 7 150 21 93 87 151 
AQUIIII!!7 92 145 68 19 5 93 6 87 143 21 AQUIIII!!94 151 5 18 68 94 104 150 21 148 93 153 151 104 
87 92 19 154 18 7 13 
AQUIIII!!7 18 5 92 19 87 145 13 94 93 143 21 68 150 104 151 
AQUIIII!!151 100 117 13 29 152 68 21 83 154 93 153 150 5 95 149 
AQUIIII!!87 143 148 145 5 68 7 92 19 93 18 21 94 104 6 151 
AQUIIII!!152 151 5 21 93 150 153 13 68 117 83 29 149 100 154 95 
AQUIIII!!154 29 83 150 21 152 68 100 153 149 93 117 95 13 151 5 
AQUIIII!!151 153 AQUIIII!!95 151 100 93 68 117 93 83 152 21 29 13 5 68 13 150 21 95 150 29 117 152 100 154 AQUIIII!!151 149 5 95 154 83 152 149 
153 153 68 
93 100 150 117 149 5 83 13 21 29 154 
AQUIIII!!21 154 151 13 143 94 104 19 5 93 7 18 92 150 87 68 
AQUIIII!!154 151 149 29 AQUIIII!!5 151 95 87 93 93 153 150 92 117 21 21 5 100 150 83 153 149 13 94 68 68 152 7 
13 154 104 152 
AQUIIII!!95 149 28 151 83 13 117 27 100 68 93 150 154 152 29 153 
AQUIIII!!7 93 145 6 104 148 19 5 94 18 143 92 21 68 87 151 
AQUIIII!!151 154 152 95 93 150 28 83 153 13 149 68 27 117 100 29 
AQUIIII!!151 154 152 95 93 150 28 83 153 13 149 68 27 117 100 29 
AQUIIII!!5 68 93 153 154 152 94 13 92 87 150 104 149 7 21 151 
AQUIIII!!151 154 152 95 93 150 28 83 153 13 149 68 27 117 100 29 
AQUIIII!!151 7 154 94 13 19 5 18 68 87 104 21 93 92 143 150 
AQUIIII!!151 7 21 87 148 92 94 145 93 18 68 150 143 5 19 104 
AQUIIII!!68 152 28 93 153 13 150 95 27 149 154 83 117 29 100 151 
AQUIIII!!151 117 83 153 27 93 100 150 149 29 28 13 68 152 95 154 
AQUIIII!!117 149 153 21 150 95 13 68 152 93 83 29 154 28 100 151 
AQUIIII!!21 68 153 149 83 150 5 29 152 100 117 13 154 93 95 151 
AQUIIII!!151 104 92 93 153 87 7 94 154 5 13 68 21 152 18 150 
AQUIIII!!151 68 94 92 150 18 104 143 13 87 154 19 7 21 93 5 
AQUIIII!!151 150 149 154 153 100 13 83 93 95 29 28 68 21 117 152 
AQUIIII!!151 153 13 21 94 154 93 18 5 7 104 68 87 150 92 19 
AQUIIII!!29 93 100 68 149 117 83 152 150 95 27 13 28 154 153 151 
AQUIIII!!AQUIIII!!151 155 104 18 30 21 114 143 32 150 34 145 94 87 42 7 33 5 36 92 19 82 148 1 68 93 14 
119 75 35 74 AQUIIII!!118 151 
93 149 117 13 153 68 29 21 83 152 95 100 154 150 28 
AQUIIII!!92 68 153 104 93 150 152 AQUIIII!!18 13 21 7 151 154 93 94 92 21 18 5 143 87 13 151 7 
94 87 104 145 5 68 19 150 
AQUIIII!!104 154 5 19 143 92 21 150 13 7 93 68 87 18 94 151 
AQUIIII!!151 6 68 87 143 7 148 104 19 21 145 5 92 94 93 18 
AQUIIII!!151 28 153 95 117 68 21 149 93 152 100 154 83 29 13 150 
AQUIIII!!5 104 87 150 18 AQUIIII!!7 154 151 145 92 150 92 94 18 13 93 19 143 13 21 104 68 87 5 153 68 93 94 151 21 
19 7 
AQUIIII!!151 13 93 28 117 83 153 29 AQUIIII!!154 93 68 68 149 5 152 153 27 100 13 150 117 95 100 
21 95 29 149 154 152 83 150 151 
AQUIIII!!7 94 18 92 150 143 145 19 87 68 104 93 5 148 21 151 
AQUIIII!!7 94 18 92 150 143 145 19 87 68 104 93 5 148 21 151 
AQUIIII!!153 117 154 95 100 13 93 149 83 28 150 152 29 68 21 151 
AQUIIII!!150 151 149 153 21 95 93 83 117 68 28 13 152 100 29 154 
AQUIIII!!151 143 19 87 21 6 148 93 5 92 7 18 AQUIIII!!145 151 104 5 94 150 68 94 
93 68 153 7 152 21 87 149 154 92 13 104 
AQUIIII!!18 93 68 148 6 5 104 145 143 87 21 7 19 92 94 151 
AQUIIII!!151 150 13 104 154 18 7 21 68 94 93 5 153 87 92 152 
AQUIIII!!151 83 152 13 149 100 150 29 95 28 93 68 21 117 153 154 
AQUIIII!!153 154 150 21 7 18 94 93 87 5 92 19 68 104 13 151 
AQUIIII!!151 150 145 93 5 94 92 148 21 68 143 104 18 7 87 19 
AQUIIII!!104 94 150 19 92 153 18 7 87 154 21 5 68 93 13 151 
AQUIIII!!5 117 154 149 83 68 13 150 153 95 21 93 152 29 100 151 
AQUIIII!!151 7 104 143 150 19 94 93 13 92 5 18 21 68 154 87 
AQUIIII!!19 93 94 154 87 68 7 21 150 13 92 143 5 104 18 151 
AQUIIII!!151 7 150 94 13 18 154 68 152 21 153 92 87 93 5 104 
AQUIIII!!AQUIIII!!152 154 100 150 28 5 95 143 153 87 154 19 27 68 149 7 29 93 150 21 68 92 93 104 13 94 117 18 83 13 151 151 

AQUIIII!!154 93 117 153 68 5 152 83 95 21 100 13 149 150 29 151 
AQUIIII!!21 94 68 152 13 150 154 93 87 104 7 92 18 5 153 151 
AQUIIII!!21 68 150 5 18 94 13 93 87 19 104 92 7 143 154 151 
AQUIIII!!154 151 95 150 27 13 29 152 68 28 153 117 83 149 100 93 
AQUIIII!!151 143 92 19 154 13 104 21 18 150 5 87 94 7 93 68 
AQUIIII!!154 29 13 100 152 95 21 117 151 68 149 93 83 150 153 5 
AQUIIII!!68 21 93 92 6 148 5 19 145 94 87 104 143 18 7 151 
AQUIIII!!151 93 95 150 100 68 154 153 21 83 117 149 29 13 152 28 
AQUIIII!!104 94 143 5 92 148 93 87 68 18 145 150 19 21 7 151 
AQUIIII!!18 145 87 7 68 148 143 19 94 6 92 104 93 5 21 151 
AQUIIII!!150 28 83 13 68 100 95 26 117 27 93 149 29 154 152 153 
AQUIIII!!151 5 143 19 13 104 87 7 18 94 92 145 150 21 68 93 
AQUIIII!!19 21 18 150 87 143 145 7 92 104 94 93 68 5 13 151 
AQUIIII!!151 95 153 100 150 13 149 154 93 29 28 68 83 117 152 27 
AQUIIII!!151 93 6 104 21 7 143 18 94 148 92 145 87 68 19 5 
AQUIIII!!19 104 18 87 150 92 148 93 145 68 21 5 143 94 7 151 
AQUIIII!!21 151 150 7 94 5 68 18 92 93 87 104 143 AQUIIII!!13 151 19 5 145 
94 148 6 87 145 7 68 93 92 18 19 104 21 143 
AQUIIII!!92 94 154 87 152 13 150 68 153 93 104 5 21 149 7 151 
AQUIIII!!151 19 145 68 143 94 104 5 150 93 18 87 21 7 13 92 
AQUIIII!!151 13 87 94 21 154 5 7 68 93 150 152 92 149 104 153 
AQUIIII!!150 18 152 13 92 154 94 5 68 AQUIIII!!21 94 104 93 5 87 68 153 104 7 18 151 87 
21 7 145 148 150 19 92 93 143 151 
AQUIIII!!151 154 7 92 93 68 149 21 13 87 150 153 5 AQUIIII!!152 151 104 18 94 7 145 
5 19 104 93 143 21 68 87 6 92 148 94 
AQUIIII!!151 104 145 93 94 87 18 13 150 92 143 5 21 68 7 19 
AQUIIII!!18 94 19 104 93 92 87 7 145 5 143 68 148 21 150 151 
AQUIIII!!29 154 68 150 149 83 152 95 93 151 5 117 13 153 100 21 
AQUIIII!!28 83 27 117 150 93 68 95 100 153 149 29 13 152 154 26 
AQUIIII!!154 29 100 28 151 27 13 95 117 153 68 149 83 93 150 152 
AQUIIII!!149 95 21 152 5 100 93 153 154 150 83 13 68 29 117 151 
AQUIIII!!153 117 100 150 27 68 93 26 95 28 152 13 149 83 29 154 
AQUIIII!!92 94 104 21 68 7 87 6 18 145 143 93 19 5 148 151 
AQUIIII!!93 95 68 152 117 154 21 150 100 83 13 153 28 29 149 151 
AQUIIII!!7 21 18 143 94 150 92 87 68 13 19 5 104 93 145 151 
AQUIIII!!153 28 117 154 95 83 100 93 13 150 68 29 149 21 151 152 
AQUIIII!!150 5 68 87 148 18 93 92 21 19 145 143 104 7 94 151 
AQUIIII!!151 153 149 150 117 83 28 100 21 29 152 93 68 95 154 13 
AQUIIII!!151 92 104 153 149 87 94 154 68 21 13 7 5 150 152 93 
AQUIIII!!119 32 34 AQUIIII!!33 42 87 143 118 5 82 19 1 150 75 94 35 104 AQUIIII!!22 145 93 114 18 104 74 21 68 36 68 87 155 93 152 30 13 150 
7 94 92 21 151 5 149 
154 13 153 92 7 151 
AQUIIII!!151 87 94 145 7 18 92 143 93 150 19 21 104 68 13 5 
AQUIIII!!18 5 19 68 13 21 143 94 150 154 93 104 7 87 92 151 
AQUIIII!!151 100 29 149 150 5 68 117 153 13 95 83 152 154 93 21 
AQUIIII!!151 104 87 93 154 152 7 150 AQUIIII!!5 5 21 154 153 92 117 94 100 13 93 68 13 153 150 149 149 
29 152 21 95 68 83 151 
AQUIIII!!21 117 83 29 100 95 28 149 93 153 154 152 150 68 13 151 
AQUIIII!!151 21 104 152 93 153 94 7 68 13 87 150 92 154 5 18 
AQUIIII!!151 152 13 154 93 68 7 87 149 104 150 5 21 94 92 153 
AQUIIII!!151 92 94 153 93 154 68 7 87 18 5 21 150 152 13 104 
AQUIIII!!151 152 13 154 93 68 7 87 149 104 150 5 21 94 92 153 
AQUIIII!!154 29 95 117 100 152 21 93 68 149 83 150 151 13 5 153 
AQUIIII!!21 154 13 68 7 149 93 5 153 92 152 87 94 150 104 151 
AQUIIII!!151 100 93 68 153 29 27 117 13 28 152 150 149 83 154 95 
AQUIIII!!151 154 93 68 87 104 19 5 13 18 7 92 21 143 94 150 
AQUIIII!!87 5 148 150 19 21 94 104 93 68 143 92 18 7 145 151 
AQUIIII!!151 21 104 152 93 153 94 7 68 13 87 150 92 154 5 18 
AQUIIII!!94 7 93 150 152 18 104 68 92 13 153 154 5 87 151 21 
AQUIIII!!13 93 28 83 153 149 117 150 100 21 154 68 29 95 152 151 
AQUIIII!!29 154 68 150 149 83 152 95 93 151 5 117 13 153 100 21 
AQUIIII!!151 21 154 104 18 68 19 92 94 87 153 93 7 13 5 150 
Number of Cuts in the second phase:1979
Number of repeat: 1850 
Violation: 451.000000
Violation: 192.000000
Violation: 1190.000000
Violation: 1574.000000
Violation: 560.000000
Violation: 119.000000
Violation: 856.000000
Violation: 428.000000
Violation: 149.000000
Violation: 380.000000
Violation: 373.000000
Violation: 226.000000
Violation: 384.000000
Violation: 595.000000
Violation: 642.000000
Violation: 334.000000
Violation: 77.000000
Violation: 214.000000
Violation: 145.000000
Violation: 532.000000
Violation: 758.000000
Violation: 507.000000
Violation: 190.000000
Violation: 340.000000
Violation: 374.000000
Violation: 787.000000
Violation: 622.000000
Violation: 680.000000
Violation: 1564.000000
Violation: 111.000000
Violation: 75.000000
Violation: 278.000000
Violation: 440.000000
Violation: 281.000000
Violation: 34.000000
Violation: 255.000000
Violation: 171.000000
Violation: 396.000000
Violation: 4.000000
Violation: 555.000000
Violation: 346.000000
Violation: 154.000000
Violation: 355.000000
Violation: 570.000000
Violation: 641.000000
Violation: 19.000000
Violation: 181.000000
Violation: 126.000000
Violation: 420.000000
Violation: 37.000000
Violation: 212.000000
Violation: 115.000000
Violation: 1008.000000
Violation: 789.000000
Violation: 1165.000000
Violation: 219.000000
Violation: 46.000000
Violation: 132.000000
Violation: 23.000000
Violation: 1120.000000
Violation: 51.000000
Violation: 1134.000000
Violation: 284.000000
Violation: 291.000000
Violation: 49.000000
Violation: 948.000000
Violation: 1088.000000
Violation: 616.000000
Violation: 1355.000000
Violation: 634.000000
Violation: 35.000000
Violation: 229.000000
Violation: 919.000000
Violation: 187.000000
Violation: 564.000000
Violation: 629.000000
Violation: 695.000000
Violation: 80.000000
Violation: 317.000000
Violation: 238.000000
Violation: 1401.000000
Violation: 988.000000
Violation: 283.000000
Violation: 250.000000
Violation: 299.000000
Violation: 372.000000
Violation: 167.000000
Violation: 382.000000
Violation: 365.000000
Violation: 748.000000
Violation: 1165.000000
Violation: 104.000000
Violation: 52.000000
Violation: 134.000000
Violation: 44.000000
Violation: 317.000000
Violation: 460.000000
Violation: 2.000000
Violation: 50.000000
Violation: 1198.000000
Violation: 386.000000
Violation: 417.000000
Violation: 331.000000
Violation: 449.000000
Violation: 1.000000
Violation: 24.000000
Violation: 421.000000
Violation: 195.000000
Violation: 793.000000
Violation: 144.000000
Violation: 960.000000
Violation: 1948.000000
Violation: 574.000000
Violation: 267.000000
Violation: 196.000000
Violation: 44.000000
Violation: 165.000000
Violation: 816.000000
Violation: 1428.000000
Violation: 975.000000
Violation: 85.000000
Violation: 768.000000
Violation: 281.000000
Violation: 473.000000
Violation: 929.000000
Violation: 90.000000
Violation: 61.000000
Violation: 541.000000
Violation: 551.000000
8592 16
AQUIIII!!151 93 152 29 153 68 5 83 100 95 149 117 150 154 13 21 
AQUIIII!!151 87 21 19 154 104 143 93 92 68 13 18 150 94 7 5 
AQUIIII!!151 21 AQUIIII!!143 151 104 154 92 5 68 21 93 19 150 93 7 18 18 87 19 5 68 94 7 148 94 145 AQUIIII!!92 6 151 104 
21 87 18 153 93 13 5 
68 104 145 143 94 7 148 6 19 87 92 
AQUIIII!!151 18 92 21 19 150 145 5 68 143 148 93 7 94 104 87 
AQUIIII!!155 30 75 114 2 33 34 22 36 35 42 74 119 118 32 82 
AQUIIII!!154 29 153 83 95 5 151 149 13 93 100 150 21 117 68 152 
AQUIIII!!7 149 152 87 153 13 94 104 68 93 5 92 150 154 21 151 
AQUIIII!!153 95 149 100 26 13 152 93 25 27 83 117 68 28 29 154 
AQUIIII!!7 149 152 87 153 13 94 104 68 93 5 92 150 154 21 151 
AQUIIII!!151 143 150 92 94 148 19 5 145 87 93 18 21 68 7 104 
AQUIIII!!151 153 94 93 87 92 5 7 150 104 13 68 19 AQUIIII!!18 154 95 21 
154 93 153 29 100 152 83 117 28 149 21 68 13 150 151 
AQUIIII!!151 152 154 21 153 117 83 28 93 13 29 95 68 149 100 150 
AQUIIII!!117 68 154 100 5 150 152 153 AQUIIII!!21 151 13 21 93 92 29 AQUIIII!!94 95 151 104 7 83 87 18 149 153 93 151 7 104 
94 152 145 68 143 149 150 154 92 150 68 87 5 148 93 13 5 
19 21 
AQUIIII!!151 13 152 154 153 95 150 28 117 68 29 149 100 83 93 27 
AQUIIII!!151 149 68 154 117 83 153 29 95 13 28 27 150 100 93 152 
AQUIIII!!151 13 104 150 152 5 154 21 149 87 68 93 94 92 153 7 
AQUIIII!!151 68 13 117 154 28 149 95 152 93 29 100 83 21 150 153 
AQUIIII!!151 21 29 68 117 149 100 153 152 95 154 150 AQUIIII!!93 151 19 83 94 13 104 21 28 18 
7 93 13 150 5 92 143 145 68 87 AQUIIII!!
93 153 13 117 149 28 21 68 151 152 95 100 150 83 29 154 
AQUIIII!!154 87 92 5 7 68 94 13 152 18 21 153 104 150 93 151 
AQUIIII!!151 153 100 154 149 117 150 93 152 AQUIIII!!13 93 27 104 68 5 95 94 83 92 28 87 29 150 
154 13 143 7 19 68 18 151 21 
AQUIIII!!87 7 152 104 153 92 93 21 68 154 13 150 149 94 5 151 
AQUIIII!!29 154 28 100 68 150 149 93 152 83 151 117 95 21 153 13 
AQUIIII!!155 30 33 32 75 114 22 36 119 82 35 74 118 1 34 42 
AQUIIII!!114 75 35 82 74 33 34 36 2 42 119 32 118 22 30 155 
AQUIIII!!114 75 35 82 74 33 34 36 2 42 119 32 118 22 30 155 
AQUIIII!!151 154 13 150 153 87 AQUIIII!!94 149 93 29 7 154 5 152 104 13 149 95 117 152 21 92 21 68 93 68 100 
83 150 153 5 151 
AQUIIII!!148 92 21 87 104 143 145 5 93 18 68 19 7 94 6 151 
AQUIIII!!151 19 94 5 68 13 18 87 154 150 104 7 21 143 93 92 
AQUIIII!!154 29 95 26 93 100 13 83 28 27 149 153 25 117 152 68 
AQUIIII!!151 21 153 92 87 154 5 7 94 93 18 104 150 68 13 152 
AQUIIII!!150 5 104 13 7 68 145 87 143 94 18 93 21 92 19 151 
AQUIIII!!151 93 145 21 7 94 104 92 19 5 18 148 150 87 68 143 
AQUIIII!!94 7 87 68 18 6 93 19 143 104 145 5 21 148 92 151 
AQUIIII!!151 7 21 153 19 92 13 93 68 154 94 150 18 5 104 87 
AQUIIII!!150 19 68 143 AQUIIII!!5 94 68 18 104 92 13 93 7 145 154 18 92 19 87 87 94 21 21 5 93 7 151 148 
69 150 143 151 
AQUIIII!!151 104 21 18 87 7 148 143 19 93 94 150 68 92 145 5 
AQUIIII!!151 29 153 83 150 117 13 93 21 149 152 154 28 95 100 68 
AQUIIII!!143 148 93 5 7 18 94 19 68 21 6 104 92 145 87 151 
AQUIIII!!151 68 7 93 21 104 150 5 143 145 92 94 19 18 87 148 
AQUIIII!!92 87 13 18 7 104 154 150 68 143 19 94 93 5 151 21 
AQUIIII!!18 7 143 19 94 148 68 150 5 145 93 21 104 87 92 151 
AQUIIII!!7 143 150 154 13 19 104 5 68 87 93 18 94 21 92 151 
AQUIIII!!151 68 94 5 92 93 104 7 143 21 19 13 87 18 150 154 
AQUIIII!!152 68 93 5 150 18 94 104 7 92 21 87 13 154 153 151 
AQUIIII!!93 5 68 18 152 7 13 104 AQUIIII!!87 151 154 92 150 93 153 18 87 94 143 92 150 5 151 145 21 21 
68 19 13 7 104 94 
AQUIIII!!151 18 19 7 13 87 94 21 154 93 5 150 143 104 68 92 
AQUIIII!!154 13 18 92 143 21 68 94 7 5 104 150 93 87 19 151 
AQUIIII!!154 87 92 7 68 152 153 93 13 149 21 94 150 104 5 151 
AQUIIII!!74 153 100 27 26 149 25 17 93 117 95 83 28 152 154 29 
AQUIIII!!145 93 7 21 104 143 18 94 87 19 68 5 148 92 6 151 
AQUIIII!!152 151 68 5 21 104 150 13 87 149 92 154 7 94 93 153 
AQUIIII!!151 87 150 145 18 21 92 68 19 5 7 148 94 104 93 143 
AQUIIII!!18 7 150 13 104 19 21 145 87 68 93 5 94 AQUIIII!!92 143 18 151 87 
148 21 5 7 92 145 68 93 94 143 104 6 19 151 
AQUIIII!!104 87 150 143 5 94 93 21 18 19 68 13 7 92 151 154 
AQUIIII!!151 7 68 5 18 104 150 13 19 92 93 94 21 154 87 143 
AQUIIII!!154 83 95 149 29 152 13 93 150 153 117 21 68 5 100 151 
AQUIIII!!151 154 104 150 21 18 19 68 5 143 7 92 87 13 93 94 
AQUIIII!!151 154 5 21 150 93 18 19 68 7 94 92 104 87 153 13 
AQUIIII!!151 93 18 104 7 6 145 19 5 87 92 68 21 148 94 143 
AQUIIII!!151 92 7 21 104 149 152 153 13 93 94 150 68 87 154 5 
AQUIIII!!95 21 83 100 5 149 150 153 93 117 154 29 13 152 68 151 
AQUIIII!!92 87 68 150 104 18 153 13 5 154 94 93 7 21 152 AQUIIII!!151 151 
68 150 93 5 19 143 94 104 21 7 18 154 13 92 87 
AQUIIII!!152 151 83 154 21 117 28 29 68 93 150 149 95 13 100 153 
AQUIIII!!18 92 93 87 153 154 7 13 104 21 68 94 5 19 150 151 
AQUIIII!!151 29 153 149 5 68 93 150 154 13 21 117 83 100 95 152 
AQUIIII!!151 92 19 6 21 68 87 5 18 7 143 94 148 145 104 93 
AQUIIII!!151 93 94 68 21 92 153 87 13 7 150 152 154 18 5 104 
AQUIIII!!151 154 104 150 21 18 19 68 5 143 7 92 87 13 93 94 
AQUIIII!!154 29 83 28 26 150 13 93 68 27 95 153 149 152 117 100 
AQUIIII!!151 104 153 21 93 5 94 13 92 150 18 7 68 152 87 154 
AQUIIII!!95 93 149 68 28 29 150 13 117 83 21 154 100 153 152 151 
AQUIIII!!33 32 118 34 82 114 119 75 42 36 74 35 14 1 30 155 
AQUIIII!!150 92 93 21 87 152 13 68 18 104 154 153 94 5 7 151 
AQUIIII!!151 93 94 153 7 13 150 5 18 68 19 87 92 104 154 21 
AQUIIII!!19 87 18 94 7 68 93 150 153 13 104 5 21 154 92 151 
AQUIIII!!148 87 5 94 68 6 145 143 104 92 18 93 19 7 151 21 
AQUIIII!!92 21 18 104 5 94 150 68 87 93 143 145 7 13 19 151 
AQUIIII!!153 68 100 154 29 93 150 13 117 21 83 152 5 95 149 151 
AQUIIII!!155 30 119 82 33 36 35 32 75 22 1 34 74 42 114 118 
AQUIIII!!151 68 13 104 145 19 7 5 92 150 93 94 21 143 18 87 
AQUIIII!!151 21 154 5 7 18 153 104 92 93 13 68 87 94 152 150 
AQUIIII!!94 5 87 92 154 68 93 21 104 152 18 153 13 150 7 151 
AQUIIII!!152 87 68 104 93 150 94 154 21 7 18 13 153 92 5 151 
AQUIIII!!152 29 154 117 17 95 100 25 74 27 153 28 93 149 26 83 
AQUIIII!!151 100 117 95 13 152 153 93 149 150 29 28 27 68 83 154 
AQUIIII!!151 145 93 94 21 5 92 148 150 143 104 68 87 19 7 18 
AQUIIII!!151 21 154 5 7 18 153 104 92 93 13 68 87 94 152 150 
AQUIIII!!153 154 5 93 87 92 18 104 13 150 21 94 19 7 68 151 
AQUIIII!!104 92 150 145 143 19 21 94 7 148 68 18 5 87 93 151 
AQUIIII!!154 29 153 83 95 5 151 149 13 93 100 150 21 117 68 152 
AQUIIII!!145 5 87 94 6 93 7 148 92 21 19 18 104 143 68 151 
AQUIIII!!100 149 28 95 21 13 117 153 93 29 154 83 150 68 151 152 
AQUIIII!!151 18 5 154 153 87 93 7 21 150 92 152 94 68 104 13 
AQUIIII!!29 154 153 95 149 68 13 150 151 28 152 117 100 83 27 93 
AQUIIII!!5 21 154 153 93 68 100 13 117 29 95 83 150 149 152 151 
AQUIIII!!151 6 19 148 68 145 143 94 92 93 5 87 21 7 18 104 
AQUIIII!!92 104 68 153 94 87 150 5 18 19 154 13 7 93 21 151 
AQUIIII!!151 5 150 92 94 7 153 13 93 68 154 21 87 104 152 149 
AQUIIII!!19 150 68 7 94 143 13 93 5 145 21 87 18 104 92 151 
AQUIIII!!151 7 21 19 150 153 104 68 13 87 94 5 92 154 93 18 
AQUIIII!!87 5 145 92 19 68 94 6 93 143 7 18 104 21 148 151 
AQUIIII!!151 21 92 154 68 5 19 153 87 93 94 13 7 150 18 104 
AQUIIII!!29 150 68 83 154 21 152 5 100 13 117 149 93 153 95 151 
AQUIIII!!151 19 18 21 92 93 94 148 87 143 145 104 7 68 6 5 
AQUIIII!!152 151 27 93 83 150 153 13 29 28 95 154 117 100 149 68 
AQUIIII!!29 151 154 93 13 117 150 153 68 28 95 100 152 27 83 149 
AQUIIII!!93 117 83 28 29 153 149 100 150 21 13 152 68 95 154 151 
AQUIIII!!152 151 153 150 27 93 95 68 117 13 100 28 149 154 29 83 
AQUIIII!!5 7 94 149 93 13 104 92 154 21 150 153 68 152 87 151 
AQUIIII!!7 19 92 148 143 104 94 68 21 93 87 145 18 5 6 151 
AQUIIII!!154 93 83 149 29 13 150 153 21 117 68 95 152 28 100 151 
AQUIIII!!29 154 100 153 149 21 151 93 13 5 152 150 68 83 117 95 
AQUIIII!!151 100 150 153 21 13 152 83 149 95 93 68 29 117 154 28 
Number of Cuts in the second phase:1932
Number of repeat: 1862 
Violation: 787.000000
Violation: 85.000000
Violation: 791.000000
Violation: 848.000000
Violation: 378.000000
Violation: 640.000000
Violation: 342.000000
Violation: 49.000000
Violation: 347.000000
Violation: 309.000000
Violation: 361.000000
Violation: 528.000000
Violation: 365.000000
Violation: 350.000000
Violation: 363.000000
Violation: 747.000000
Violation: 178.000000
Violation: 357.000000
Violation: 147.000000
Violation: 97.000000
Violation: 1336.000000
Violation: 91.000000
Violation: 100.000000
Violation: 107.000000
Violation: 153.000000
Violation: 658.000000
Violation: 518.000000
Violation: 658.000000
Violation: 171.000000
Violation: 315.000000
Violation: 521.000000
Violation: 1119.000000
Violation: 935.000000
Violation: 30.000000
Violation: 118.000000
Violation: 108.000000
Violation: 16.000000
Violation: 765.000000
Violation: 572.000000
Violation: 344.000000
Violation: 785.000000
Violation: 1015.000000
Violation: 88.000000
Violation: 69.000000
Violation: 1548.000000
Violation: 146.000000
Violation: 791.000000
Violation: 341.000000
Violation: 597.000000
Violation: 624.000000
Violation: 181.000000
Violation: 620.000000
Violation: 1334.000000
Violation: 704.000000
Violation: 808.000000
Violation: 114.000000
Violation: 345.000000
Violation: 902.000000
Violation: 663.000000
Violation: 206.000000
Violation: 22.000000
Violation: 188.000000
Violation: 12.000000
Violation: 236.000000
Violation: 821.000000
Violation: 863.000000
Violation: 131.000000
Violation: 13.000000
Violation: 696.000000
Violation: 244.000000
2808 16
AQUIIII!!151 19 104 18 150 21 92 7 93 13 154 87 5 68 153 94 
AQUIIII!!151 104 94 93 7 18 87 19 5 92 143 13 68 21 150 145 
AQUIIII!!151 87 154 19 150 5 153 13 93 7 94 68 21 104 92 18 
AQUIIII!!13 154 21 149 95 117 93 100 83 28 29 153 68 150 151 152 
AQUIIII!!5 92 94 93 152 154 153 150 21 13 7 104 18 87 68 151 
AQUIIII!!29 152 13 149 93 5 154 83 100 68 21 153 150 117 95 151 
AQUIIII!!151 5 104 150 93 68 19 145 21 94 13 87 143 92 18 7 
AQUIIII!!114 74 35 2 34 118 36 82 33 75 22 42 32 119 155 30 
AQUIIII!!150 154 27 153 13 95 68 100 117 93 83 28 149 151 29 152 
AQUIIII!!104 68 154 93 21 150 18 87 92 7 19 13 143 5 94 151 
AQUIIII!!87 19 94 154 18 153 93 68 5 92 7 13 21 104 150 151 
AQUIIII!!151 5 145 143 7 68 94 6 18 104 87 19 93 21 148 92 
AQUIIII!!68 18 150 104 21 87 13 153 93 154 152 94 92 7 5 151 
AQUIIII!!152 154 151 149 13 21 93 153 68 7 150 92 104 94 5 87 
AQUIIII!!151 68 100 117 93 13 150 149 152 153 29 154 95 5 83 21 
AQUIIII!!151 21 87 93 94 19 13 143 92 18 5 68 145 7 150 104 
AQUIIII!!151 21 145 150 143 104 93 7 68 148 19 5 94 87 18 92 
AQUIIII!!151 87 7 5 148 6 18 93 145 19 94 68 143 104 92 21 
AQUIIII!!100 154 68 153 28 83 149 117 95 13 29 152 27 150 93 151 
AQUIIII!!154 151 94 21 153 87 149 92 93 150 68 104 152 13 5 7 
AQUIIII!!94 5 104 19 145 18 87 7 143 13 21 68 93 150 92 151 
AQUIIII!!151 27 28 68 149 83 95 29 152 150 93 117 13 154 153 100 
AQUIIII!!5 92 93 87 13 150 94 153 7 154 68 104 152 18 21 151 
AQUIIII!!153 5 7 68 13 19 150 93 87 154 104 92 21 94 18 151 
AQUIIII!!151 21 104 5 18 92 87 153 13 152 7 93 150 154 68 94 
AQUIIII!!150 13 5 153 68 83 93 29 149 21 95 152 117 154 100 151 
AQUIIII!!154 29 28 68 152 95 153 100 151 13 117 27 149 150 93 83 
AQUIIII!!151 94 93 68 21 13 149 104 152 92 7 153 154 87 150 5 
AQUIIII!!93 94 7 149 154 21 87 152 150 13 5 153 92 104 68 151 
AQUIIII!!154 29 153 25 26 149 100 74 17 83 93 28 117 152 95 27 
AQUIIII!!7 145 18 21 92 104 5 143 68 87 148 150 94 93 19 151 
AQUIIII!!150 68 93 149 152 13 100 29 95 28 154 153 83 21 117 151 
AQUIIII!!151 150 19 94 7 13 18 93 21 104 92 87 145 143 5 68 
AQUIIII!!100 117 150 153 154 83 28 29 95 27 149 152 68 13 93 151 
AQUIIII!!148 104 18 93 87 5 150 143 68 21 19 145 7 94 92 151 
AQUIIII!!154 104 92 5 150 93 19 18 68 21 87 153 13 94 7 151 
AQUIIII!!151 152 13 28 153 83 29 21 154 68 95 150 93 117 149 100 
AQUIIII!!13 149 152 100 21 95 93 117 150 68 28 154 29 83 153 151 
AQUIIII!!100 154 68 21 13 93 149 95 83 152 117 153 28 29 150 151 
AQUIIII!!92 104 19 150 18 5 93 7 13 87 94 153 21 68 151 154 
AQUIIII!!19 104 92 21 94 154 153 87 68 13 18 150 7 5 93 151 
AQUIIII!!18 7 94 13 92 104 87 93 153 150 5 19 68 154 21 151 
AQUIIII!!18 7 94 13 92 104 87 93 153 150 5 19 68 154 21 151 
Number of Cuts in the second phase:674
Number of repeat: 654 
Violation: 90.000000
Violation: 591.000000
Violation: 614.000000
Violation: 824.000000
Violation: 825.000000
Violation: 548.000000
Violation: 366.000000
Violation: 1025.000000
Violation: 330.000000
Violation: 434.000000
Violation: 259.000000
Violation: 227.000000
Violation: 768.000000
Violation: 347.000000
Violation: 107.000000
Violation: 70.000000
Violation: 137.000000
Violation: 950.000000
Violation: 1054.000000
Violation: 165.000000
took 18.292109

Warning: excessive time spent in model updates.
Consider calling update less frequently.

Optimize a model with 1254 rows, 10797 columns and 134064 nonzeros
Coefficient statistics:
  Matrix range     [1e-05, 9e+01]
  Objective range  [0e+00, 0e+00]
  Bounds range     [1e+00, 2e+09]
  RHS range        [1e+00, 6e+01]
Warning: Model contains large bounds
         Consider reformulating model or setting NumericFocus parameter
         to avoid numerical issues.

Concurrent LP optimizer: dual simplex and barrier
Showing barrier log only...

Presolve removed 175 rows and 420 columns
Presolve time: 0.04s
Presolved: 1079 rows, 10377 columns, 126454 nonzeros

Ordering time: 0.00s

Barrier statistics:
 Dense cols : 17
 AA' NZ     : 5.158e+04
 Factor NZ  : 9.349e+04 (roughly 5 MBytes of memory)
 Factor Ops : 1.041e+07 (less than 1 second per iteration)
 Threads    : 3

                  Objective                Residual
Iter       Primal          Dual         Primal    Dual     Compl     Time
   0   0.00000000e+00 -2.68716627e+07  8.26e+09 0.00e+00  1.42e+06     0s
   1   0.00000000e+00 -5.49060266e+06  2.92e+09 6.60e-03  4.93e+05     0s
   2   0.00000000e+00 -2.63738041e+05  4.31e+08 9.71e-17  7.45e+04     0s
   3   0.00000000e+00 -1.46651576e+03  3.28e+04 2.66e-15  5.75e+00     0s
   4   0.00000000e+00 -1.14119967e+03  2.55e+04 2.65e-06  4.29e+00     0s
   5   0.00000000e+00 -1.49003280e+03  5.67e+03 1.04e-04  1.49e+00     0s
   6   0.00000000e+00 -8.76907274e+02  1.10e+03 4.67e-06  2.54e-01     0s

Barrier performed 6 iterations in 0.10 seconds
Barrier solve interrupted - model solved by another algorithm


Solved with dual simplex
Solved in 560 iterations and 0.10 seconds
Optimal objective  0.000000000e+00
