j3017_4.mm_s8.txt
Academic license - for non-commercial use only
Read LP format model from file lp/j3017_4.mm.lp
Reading time = 0.01 seconds
: 351 rows, 906 columns, 9053 nonzeros
OKGPU
nThreads: 1024 , nBlocks: 12 
Number cuts generated in the phase 1: 14
Number of repeat: 4 
violation 271.000000
violation 689.000000
violation 542.000000
violation 726.000000
violation 592.000000
violation 413.000000
violation 250.000000
violation 250.000000
violation 400.000000
violation 650.000000
8592 16
AQUIIII!!61 21 32 41 30 53 55 22 58 51 59 20 60 36 18 19 
AQUIIII!!61 1 5 2 31 6 22 56 57 23 28 42 10 24 8 9 
AQUIIII!!55 4 18 32 30 22 58 16 17 19 41 36 51 20 21 53 
AQUIIII!!4 53 55 0 32 17 19 51 18 36 30 20 21 22 41 16 
AQUIIII!!36 51 58 21 60 30 22 55 19 32 18 41 61 53 20 59 
AQUIIII!!51 19 20 41 21 1 36 30 22 53 58 61 59 60 32 55 
AQUIIII!!53 58 59 24 30 56 36 1 23 5 6 55 22 60 61 28 
AQUIIII!!28 59 58 30 24 22 56 23 5 1 53 60 36 6 55 61 
AQUIIII!!AQUIIII!!59 61 20 24 59 23 28 21 5 1 22 AQUIIII!!56 58 4 36 54 60 55 15 5 12 53 30 52 23 30 37 53 35 55 60 13 24 11 58 
47 1 0 32 22 30 36 41 28 16 6 14 
61 AQUIIII!!
59 58 1 5 53 36 28 23 21 AQUIIII!!22 57 60 24 22 30 9 AQUIIII!!55 61 8 6 55 61 42 36 
1 23 59 5 21 53 60 30 28 24 6 28 10 5 22 1 20 24 23 56 60 31 58 61 

AQUIIII!!61 28 5 23 1 6 60 24 56 8 10 59 25 35 9 22 
AQUIIII!!61 53 55 59 20 18 32 36 22 21 19 51 60 30 58 41 
AQUIIII!!53 61 1 22 36 60 55 32 41 21 20 AQUIIII!!59 55 19 4 51 53 17 58 30 22 19 
51 18 36 30 16 32 41 0 21 20 
AQUIIII!!56 58 23 59 5 36 22 8 28 30 1 24 AQUIIII!!AQUIIII!!6 28 61 60 53 24 55 58 22 61 24 9 
21 60 28 6 55 5 5 1 60 8 59 10 23 35 6 56 30 23 1 25 36 59 22 61 

AQUIIII!!61 10 57 60 22 9 23 1 56 6 31 28 8 24 42 5 
AQUIIII!!6 58 59 1 30 5 8 35 28 22 9 60 23 56 24 61 
AQUIIII!!23 24 59 58 28 AQUIIII!!60 51 5 19 30 36 56 41 22 16 1 30 36 20 58 6 22 61 32 55 21 53 17 AQUIIII!!
18 61 28 55 24 AQUIIII!!4 6 53 18 53 59 21 23 
36 41 58 5 AQUIIII!!53 30 51 20 56 60 19 19 55 36 22 58 AQUIIII!!1 41 
59 61 16 32 30 58 30 20 24 36 58 23 59 22 60 36 32 22 56 21 55 53 17 55 51 5 18 61 6 55 60 
22 4 1 53 28 AQUIIII!!
30 60 
23 42 57 28 31 5 8 22 9 24 56 10 1 6 61 
AQUIIII!!20 53 19 21 55 61 36 60 22 51 59 32 58 30 41 18 
AQUIIII!!20 53 19 21 55 61 36 60 22 51 59 32 58 30 41 18 
AQUIIII!!61 28 10 5 1 9 6 23 42 8 57 24 56 31 22 2 
AQUIIII!!61 22 28 60 36 56 58 23 8 24 55 59 30 5 1 6 
AQUIIII!!61 55 36 20 32 19 60 53 41 22 59 58 21 30 18 51 
AQUIIII!!61 58 6 30 56 9 60 22 23 59 5 24 1 28 35 8 
AQUIIII!!55 23 30 6 5 53 36 59 56 1 60 22 58 28 24 61 
AQUIIII!!24 60 28 31 8 1 42 23 6 5 56 57 22 9 10 61 
AQUIIII!!32 AQUIIII!!18 61 36 22 10 41 23 2 58 57 59 8 56 55 28 24 21 6 30 31 9 51 42 1 60 5 20 
22 19 61 53 
AQUIIII!!58 AQUIIII!!1 61 30 59 36 59 5 56 60 28 20 55 23 24 21 22 58 30 23 53 22 6 53 60 28 24 5 61 36 
1 55 
AQUIIII!!61 24 22 35 9 30 8 60 1 23 58 6 59 56 28 5 
AQUIIII!!55 1 53 20 60 61 36 22 59 23 28 24 21 5 58 30 
AQUIIII!!28 58 30 6 22 24 23 59 5 36 53 61 60 55 1 21 
AQUIIII!!55 1 53 20 60 61 36 22 59 23 28 AQUIIII!!24 59 21 51 5 20 58 58 30 60 
30 41 19 21 32 53 61 36 22 55 1 
AQUIIII!!24 1 59 60 8 56 25 10 5 22 28 23 6 9 35 61 
AQUIIII!!61 24 30 9 59 6 28 22 35 56 8 23 1 5 58 60 
AQUIIII!!8 55 22 59 30 1 28 6 36 60 56 58 5 24 23 61 
AQUIIII!!AQUIIII!!AQUIIII!!1 20 61 24 55 22 28 28 9 36 5 35 60 9 23 23 25 5 58 59 10 59 60 8 23 22 25 6 1 1 56 5 28 10 30 6 8 24 60 35 53 56 21 22 24 61 61 59 


AQUIIII!!61 10 5 24 57 28 2 23 56 22 42 6 31 1 8 9 
AQUIIII!!60 AQUIIII!!20 61 61 55 30 21 53 58 22 36 36 1 53 21 55 30 59 59 1 23 5 22 AQUIIII!!23 28 21 28 24 16 58 60 19 5 24 55 
6 30 
41 58 22 32 51 17 20 36 18 53 4 
AQUIIII!!61 28 8 22 30 56 58 9 24 60 1 5 23 6 35 59 
AQUIIII!!61 6 58 21 53 36 60 59 55 23 5 24 22 30 1 28 
AQUIIII!!61 22 59 60 19 30 58 51 32 41 21 36 20 53 18 55 
AQUIIII!!21 23 59 30 58 55 24 61 36 28 60 5 22 20 53 1 
AQUIIII!!55 21 23 1 60 20 28 61 53 5 59 24 58 36 22 30 
AQUIIII!!19 22 20 55 41 53 58 51 60 36 21 32 18 30 59 61 
AQUIIII!!20 53 36 55 18 41 AQUIIII!!60 51 32 32 19 59 20 19 59 22 22 58 60 30 55 21 41 61 36 AQUIIII!!
30 61 58 36 21 6 18 60 51 24 53 22 61 55 
59 56 58 30 5 8 23 1 28 
AQUIIII!!55 4 20 32 AQUIIII!!30 4 22 54 19 58 36 35 21 30 41 20 36 18 53 41 16 17 52 51 15 17 18 
32 51 16 19 0 
AQUIIII!!58 56 24 23 22 55 5 1 36 60 8 59 28 30 6 61 
AQUIIII!!24 28 59 30 AQUIIII!!61 56 60 53 59 22 8 23 58 58 22 1 6 36 9 55 24 60 35 6 23 5 56 61 30 
5 28 1 
AQUIIII!!61 53 36 23 56 5 22 24 28 6 1 55 59 30 58 60 
AQUIIII!!24 20 58 30 28 22 36 21 60 23 55 5 59 53 61 1 
AQUIIII!!51 19 60 41 20 21 32 1 53 AQUIIII!!55 21 36 59 30 58 53 41 36 32 30 20 19 22 60 61 59 
51 22 58 61 AQUIIII!!55 58 18 51 
36 AQUIIII!!60 61 22 41 59 59 6 53 23 21 28 19 58 20 5 32 55 55 30 56 1 60 61 30 
22 1 36 24 53 AQUIIII!!
8 28 1 57 42 56 31 24 6 10 2 9 5 22 23 61 
AQUIIII!!61 30 56 60 AQUIIII!!22 1 36 55 24 30 23 61 58 60 41 55 5 22 59 19 28 20 51 6 1 58 59 53 36 
53 21 32 
AQUIIII!!61 36 1 22 5 23 55 56 24 6 30 60 58 59 53 28 
AQUIIII!!61 20 60 51 59 19 53 55 30 58 41 36 21 22 32 1 
AQUIIII!!61 23 28 5 22 21 55 20 24 59 1 58 60 53 36 30 
AQUIIII!!36 28 53 5 24 58 20 30 22 59 1 21 60 23 55 61 
AQUIIII!!22 36 19 60 30 21 59 51 1 32 58 41 61 55 53 20 AQUIIII!!
24 60 56 30 36 55 22 6 58 28 23 59 5 AQUIIII!!53 1 1 61 28 
31 57 60 22 23 9 42 5 6 24 56 8 10 61 
AQUIIII!!59 AQUIIII!!30 61 6 30 60 8 53 61 28 AQUIIII!!56 58 61 23 56 8 36 9 9 22 35 24 23 5 60 28 10 5 22 1 58 1 22 55 6 23 1 35 28 
59 24 6 60 59 56 
5 AQUIIII!!23 25 30 24 56 
24 AQUIIII!!59 61 28 24 55 5 22 6 1 36 30 1 21 8 6 58 58 60 36 5 60 61 28 
53 23 22 55 59 
AQUIIII!!61 59 24 9 8 56 1 28 23 35 60 30 22 6 5 58 
AQUIIII!!61 24 22 56 10 8 5 1 9 23 AQUIIII!!31 61 6 36 51 28 21 60 19 42 18 53 57 55 
20 32 60 22 30 59 58 41 
AQUIIII!!0 30 16 21 17 36 22 18 20 55 51 19 41 32 4 53 
AQUIIII!!20 30 41 32 51 61 21 59 36 22 58 19 1 60 55 53 
AQUIIII!!24 60 6 56 1 8 9 5 59 10 25 28 22 23 35 61 
AQUIIII!!58 41 55 59 30 60 19 51 21 1 36 32 53 20 22 61 
AQUIIII!!AQUIIII!!61 58 31 55 1 9 22 23 19 8 53 6 59 56 57 1 2 30 42 10 51 5 41 22 28 32 24 36 
21 20 60 61 
AQUIIII!!22 10 57 28 8 42 9 60 AQUIIII!!56 61 23 59 24 8 31 24 6 1 5 60 1 28 61 6 23 
58 AQUIIII!!22 61 9 55 56 19 35 5 22 30 32 
18 21 36 58 30 51 41 59 53 60 20 
AQUIIII!!53 4 20 18 58 21 51 36 30 19 55 22 41 16 17 32 
AQUIIII!!22 56 53 24 58 60 23 5 55 30 6 1 28 AQUIIII!!59 21 36 58 61 19 
20 59 1 55 22 51 53 36 30 41 60 32 61 
AQUIIII!!60 55 61 20 21 51 19 59 36 1 53 41 32 22 30 58 
AQUIIII!!58 59 AQUIIII!!36 5 55 55 6 24 58 22 36 53 1 28 30 28 60 20 56 24 1 30 5 23 23 53 61 60 
21 22 59 61 
AQUIIII!!2 24 57 23 5 28 8 31 10 6 42 1 56 9 22 61 
AQUIIII!!58 36 28 5 30 23 56 6 60 59 24 61 22 53 55 1 
AQUIIII!!61 28 22 23 10 24 42 1 AQUIIII!!61 6 5 36 59 8 19 9 21 60 20 57 51 56 32 31 60 
22 55 30 58 53 41 18 
AQUIIII!!22 9 5 35 60 28 23 6 8 1 59 25 56 24 10 61 
AQUIIII!!61 56 59 35 23 22 5 1 30 58 24 28 6 9 60 8 
AQUIIII!!21 61 53 55 60 58 32 19 22 59 51 36 41 18 30 20 
AQUIIII!!1 55 60 36 61 51 30 53 58 22 32 41 59 20 21 19 
AQUIIII!!1 9 23 28 5 35 59 56 10 8 25 22 60 6 24 61 
AQUIIII!!61 58 56 59 6 24 28 30 60 5 1 36 53 22 23 55 
AQUIIII!!5 56 9 28 23 60 10 6 57 31 8 24 1 22 42 61 
AQUIIII!!61 22 55 5 1 58 24 60 20 53 36 59 30 28 21 23 
AQUIIII!!61 8 60 58 30 35 22 23 AQUIIII!!1 28 5 36 9 56 24 5 56 24 59 23 28 6 60 
30 6 59 53 22 1 55 58 61 
AQUIIII!!5 1 28 60 25 56 35 22 24 8 10 23 59 6 9 61 
AQUIIII!!53 61 55 22 23 36 60 6 28 24 58 5 1 59 21 30 
AQUIIII!!61 41 53 30 AQUIIII!!59 53 19 5 24 22 22 1 59 32 30 36 58 36 60 1 58 28 20 55 51 56 21 23 60 55 6 
61 
AQUIIII!!1 22 55 30 59 60 36 5 53 58 24 23 28 6 56 61 
AQUIIII!!61 28 10 5 59 35 22 9 25 56 60 8 6 1 24 23 
AQUIIII!!61 2 57 9 1 8 28 42 6 23 56 10 31 5 22 24 
AQUIIII!!61 5 AQUIIII!!24 60 53 1 28 22 30 36 24 59 6 58 5 21 23 22 1 28 55 23 60 30 59 6 36 
56 58 61 53 55 
AQUIIII!!54 4 15 30 32 17 18 19 41 52 16 36 35 20 0 51 
AQUIIII!!61 6 24 55 23 1 59 21 36 58 30 22 60 5 28 53 
AQUIIII!!61 42 28 9 1 5 56 10 22 8 6 23 31 57 60 24 
AQUIIII!!36 51 52 15 17 20 41 0 18 19 32 35 16 30 4 54 
AQUIIII!!1 53 22 58 61 19 60 55 30 32 21 36 20 59 41 51 
AQUIIII!!61 60 6 59 24 53 23 22 30 55 5 36 28 58 1 21 
AQUIIII!!61 23 60 1 28 6 58 36 53 30 55 56 22 24 5 59 
AQUIIII!!6 56 28 8 22 60 23 57 9 42 31 5 10 24 1 61 
AQUIIII!!61 59 20 53 21 60 30 23 1 55 58 22 28 36 24 5 
AQUIIII!!53 61 58 59 18 22 20 21 32 51 60 36 30 41 55 19 
AQUIIII!!AQUIIII!!53 30 1 6 55 36 59 5 21 60 59 23 1 61 58 55 60 23 56 20 28 58 5 24 22 30 22 28 36 53 24 61 

AQUIIII!!61 41 21 22 51 58 60 59 18 19 32 20 36 55 53 30 
AQUIIII!!55 5 60 6 21 28 24 59 23 22 36 30 58 61 1 53 
AQUIIII!!55 5 60 6 21 28 24 59 23 22 36 30 58 61 1 53 
AQUIIII!!61 21 51 22 20 55 32 1 53 19 60 41 AQUIIII!!30 4 55 58 59 21 51 36 41 
AQUIIII!!53 61 32 53 36 AQUIIII!!55 58 5 59 23 20 20 24 22 18 28 16 32 36 30 36 53 22 17 6 60 18 21 61 19 19 56 51 
58 60 59 30 30 58 22 1 41 55 

AQUIIII!!53 59 61 19 30 18 60 55 21 51 58 41 20 32 36 22 
AQUIIII!!19 55 59 41 21 30 AQUIIII!!53 9 36 1 22 51 59 1 60 20 23 58 5 32 8 28 22 10 60 35 6 61 56 
25 24 61 
AQUIIII!!32 61 1 59 41 55 20 53 58 19 60 22 30 51 36 21 
AQUIIII!!61 22 60 1 24 5 53 59 58 30 55 28 6 21 23 36 
AQUIIII!!61 30 8 59 22 28 60 23 35 5 AQUIIII!!24 61 56 1 60 58 55 6 36 9 6 
22 56 5 24 58 23 28 8 30 59 1 
AQUIIII!!22 28 58 5 1 23 59 20 24 55 21 60 30 53 36 61 
AQUIIII!!61 6 23 60 56 9 1 35 8 25 5 28 59 24 22 10 
AQUIIII!!28 6 58 55 1 59 24 22 5 30 23 36 56 53 60 61 
AQUIIII!!55 20 53 32 30 59 18 60 19 36 17 51 58 41 22 21 
AQUIIII!!61 8 60 56 35 23 59 25 9 10 24 5 28 AQUIIII!!1 55 22 17 6 53 
58 19 16 51 18 22 36 59 AQUIIII!!30 21 55 41 61 20 32 32 53 
18 20 21 22 51 58 60 41 36 19 59 30 
AQUIIII!!60 20 23 59 24 36 28 21 5 1 22 58 30 61 55 53 
AQUIIII!!55 1 53 20 60 61 36 22 59 23 28 24 21 5 58 30 
AQUIIII!!6 AQUIIII!!28 61 57 5 23 58 1 59 42 30 10 36 5 28 24 55 8 AQUIIII!!60 31 22 20 56 20 21 22 1 30 60 23 51 9 21 61 22 24 
61 53 60 
32 58 19 36 41 53 AQUIIII!!59 61 1 60 55 55 
36 6 22 56 5 24 58 23 28 8 30 59 1 
AQUIIII!!AQUIIII!!23 28 61 1 22 55 41 53 24 53 61 55 30 51 36 59 5 21 58 6 19 58 60 59 36 60 30 22 
20 21 32 1 
AQUIIII!!61 55 32 41 21 19 59 18 58 20 53 51 22 60 30 36 
AQUIIII!!61 5 23 60 59 22 21 36 53 1 20 24 58 55 30 28 
AQUIIII!!6 1 8 9 23 24 10 22 60 31 5 28 42 57 56 61 
AQUIIII!!61 9 23 24 30 8 60 56 35 28 59 22 5 58 6 1 
AQUIIII!!55 56 53 1 30 5 59 6 24 36 58 28 61 23 22 60 
AQUIIII!!41 20 59 58 32 51 30 60 18 36 19 22 21 55 61 53 
AQUIIII!!61 25 35 9 56 10 28 1 24 59 22 23 6 8 60 5 
AQUIIII!!4 54 12 15 32 52 41 16 0 47 13 37 11 30 35 14 
Number of Cuts in the second phase:4226
Number of repeat: 3646 
Violation: 306.000000
Violation: 719.000000
Violation: 271.000000
Violation: 200.000000
Violation: 544.000000
Violation: 300.000000
Violation: 250.000000
Violation: 750.000000
Violation: 200.000000
Violation: 86.000000
Violation: 300.000000
Violation: 363.000000
Violation: 363.000000
Violation: 211.000000
Violation: 271.000000
Violation: 600.000000
Violation: 200.000000
Violation: 550.000000
Violation: 452.000000
Violation: 525.000000
Violation: 600.000000
Violation: 21.000000
Violation: 1050.000000
Violation: 451.000000
Violation: 200.000000
Violation: 550.000000
Violation: 304.000000
Violation: 250.000000
Violation: 1100.000000
Violation: 57.000000
Violation: 100.000000
Violation: 213.000000
Violation: 1119.000000
Violation: 409.000000
Violation: 500.000000
Violation: 100.000000
Violation: 450.000000
Violation: 459.000000
Violation: 452.000000
Violation: 150.000000
Violation: 371.000000
Violation: 1333.000000
Violation: 633.000000
Violation: 960.000000
Violation: 384.000000
Violation: 634.000000
Violation: 333.000000
Violation: 549.000000
Violation: 685.000000
Violation: 550.000000
Violation: 550.000000
Violation: 418.000000
Violation: 455.000000
Violation: 100.000000
Violation: 884.000000
Violation: 463.000000
Violation: 122.000000
Violation: 197.000000
Violation: 717.000000
Violation: 426.000000
Violation: 407.000000
Violation: 584.000000
Violation: 719.000000
Violation: 542.000000
Violation: 175.000000
Violation: 98.000000
Violation: 634.000000
Violation: 178.000000
Violation: 905.000000
Violation: 270.000000
Violation: 863.000000
Violation: 255.000000
Violation: 533.000000
Violation: 71.000000
Violation: 485.000000
Violation: 159.000000
Violation: 771.000000
Violation: 918.000000
Violation: 31.000000
Violation: 400.000000
Violation: 326.000000
Violation: 250.000000
Violation: 1901.000000
Violation: 558.000000
Violation: 826.000000
Violation: 436.000000
Violation: 634.000000
Violation: 430.000000
Violation: 100.000000
Violation: 400.000000
Violation: 336.000000
Violation: 1000.000000
Violation: 308.000000
Violation: 634.000000
Violation: 1000.000000
Violation: 200.000000
Violation: 378.000000
Violation: 1005.000000
Violation: 291.000000
Violation: 84.000000
Violation: 519.000000
Violation: 400.000000
Violation: 850.000000
Violation: 400.000000
Violation: 657.000000
Violation: 700.000000
Violation: 200.000000
Violation: 84.000000
Violation: 271.000000
Violation: 300.000000
Violation: 413.000000
Violation: 371.000000
Violation: 83.000000
Violation: 750.000000
Violation: 150.000000
Violation: 669.000000
Violation: 700.000000
Violation: 213.000000
Violation: 418.000000
Violation: 384.000000
Violation: 193.000000
Violation: 89.000000
Violation: 1063.000000
Violation: 100.000000
Violation: 291.000000
Violation: 100.000000
Violation: 107.000000
Violation: 100.000000
Violation: 1000.000000
Violation: 600.000000
Violation: 905.000000
Violation: 449.000000
Violation: 407.000000
Violation: 542.000000
Violation: 500.000000
Violation: 1005.000000
Violation: 812.000000
Violation: 513.000000
Violation: 371.000000
Violation: 271.000000
Violation: 1105.000000
Violation: 207.000000
Violation: 134.000000
Violation: 300.000000
Violation: 378.000000
Violation: 400.000000
Violation: 600.000000
Violation: 355.000000
Violation: 848.000000
Violation: 734.000000
Violation: 517.000000
Violation: 350.000000
Violation: 419.000000
Violation: 671.000000
Violation: 250.000000
Violation: 211.000000
Violation: 184.000000
Violation: 100.000000
Violation: 798.000000
Violation: 1003.000000
Violation: 792.000000
Violation: 102.000000
Violation: 250.000000
Violation: 1178.000000
Violation: 457.000000
Violation: 463.000000
Violation: 335.000000
Violation: 384.000000
Violation: 433.000000
Violation: 50.000000
Violation: 813.000000
Violation: 300.000000
Violation: 358.000000
Violation: 719.000000
Violation: 700.000000
Violation: 719.000000
Violation: 100.000000
Violation: 169.000000
Violation: 100.000000
Violation: 533.000000
Violation: 484.000000
Violation: 34.000000
Violation: 903.000000
Violation: 383.000000
Violation: 158.000000
Violation: 633.000000
Violation: 541.000000
Violation: 1359.000000
Violation: 300.000000
Violation: 1271.000000
Violation: 178.000000
Violation: 763.000000
Violation: 566.000000
Violation: 305.000000
Violation: 304.000000
Violation: 600.000000
Violation: 634.000000
Violation: 7.000000
Violation: 250.000000
Violation: 355.000000
Violation: 1086.000000
Violation: 199.000000
Violation: 84.000000
Violation: 466.000000
Violation: 904.000000
Violation: 905.000000
Violation: 302.000000
Violation: 459.000000
Violation: 813.000000
Violation: 769.000000
Violation: 162.000000
Violation: 1067.000000
Violation: 355.000000
Violation: 321.000000
Violation: 634.000000
Violation: 109.000000
Violation: 313.000000
Violation: 634.000000
Violation: 963.000000
Violation: 1234.000000
Violation: 452.000000
Violation: 714.000000
Violation: 1113.000000
Violation: 195.000000
Violation: 262.000000
Violation: 363.000000
Violation: 336.000000
Violation: 119.000000
Violation: 723.000000
Violation: 7.000000
Violation: 362.000000
Violation: 1205.000000
Violation: 500.000000
Violation: 384.000000
Violation: 95.000000
Violation: 5.000000
Violation: 271.000000
Violation: 384.000000
Violation: 463.000000
Violation: 213.000000
Violation: 333.000000
Violation: 362.000000
Violation: 231.000000
Violation: 334.000000
Violation: 184.000000
Violation: 205.000000
Violation: 309.000000
Violation: 363.000000
Violation: 134.000000
Violation: 134.000000
Violation: 363.000000
Violation: 741.000000
Violation: 372.000000
Violation: 384.000000
Violation: 100.000000
Violation: 705.000000
Violation: 336.000000
Violation: 384.000000
Violation: 971.000000
Violation: 109.000000
Violation: 271.000000
Violation: 521.000000
Violation: 963.000000
Violation: 11.000000
Violation: 350.000000
Violation: 300.000000
Violation: 263.000000
Violation: 684.000000
Violation: 21.000000
Violation: 285.000000
Violation: 771.000000
Violation: 905.000000
Violation: 500.000000
Violation: 1034.000000
Violation: 271.000000
Violation: 100.000000
Violation: 815.000000
Violation: 350.000000
Violation: 884.000000
Violation: 270.000000
Violation: 19.000000
Violation: 263.000000
Violation: 550.000000
Violation: 300.000000
Violation: 7.000000
Violation: 250.000000
Violation: 1559.000000
Violation: 785.000000
Violation: 816.000000
Violation: 100.000000
Violation: 516.000000
Violation: 84.000000
Violation: 723.000000
Violation: 850.000000
Violation: 249.000000
Violation: 205.000000
Violation: 1026.000000
Violation: 1108.000000
Violation: 155.000000
Violation: 1537.000000
Violation: 84.000000
Violation: 583.000000
Violation: 734.000000
Violation: 250.000000
Violation: 133.000000
Violation: 213.000000
Violation: 558.000000
Violation: 250.000000
Violation: 650.000000
Violation: 500.000000
Violation: 105.000000
Violation: 571.000000
Violation: 699.000000
Violation: 435.000000
Violation: 118.000000
Violation: 271.000000
Violation: 349.000000
Violation: 550.000000
Violation: 600.000000
Violation: 83.000000
Violation: 134.000000
Violation: 599.000000
Violation: 721.000000
Violation: 452.000000
Violation: 1309.000000
Violation: 21.000000
Violation: 437.000000
Violation: 370.000000
Violation: 463.000000
Violation: 633.000000
Violation: 571.000000
Violation: 7.000000
Violation: 349.000000
Violation: 1175.000000
Violation: 750.000000
Violation: 9.000000
Violation: 309.000000
Violation: 413.000000
Violation: 100.000000
Violation: 650.000000
Violation: 109.000000
Violation: 550.000000
Violation: 800.000000
Violation: 50.000000
Violation: 820.000000
Violation: 571.000000
Violation: 600.000000
Violation: 383.000000
Violation: 134.000000
Violation: 460.000000
Violation: 719.000000
Violation: 741.000000
Violation: 521.000000
Violation: 189.000000
Violation: 500.000000
Violation: 350.000000
Violation: 600.000000
Violation: 363.000000
Violation: 326.000000
Violation: 92.000000
Violation: 834.000000
Violation: 370.000000
Violation: 550.000000
Violation: 83.000000
Violation: 734.000000
Violation: 1174.000000
Violation: 271.000000
Violation: 850.000000
Violation: 452.000000
Violation: 613.000000
Violation: 784.000000
Violation: 426.000000
Violation: 361.000000
Violation: 100.000000
Violation: 398.000000
Violation: 400.000000
Violation: 50.000000
Violation: 300.000000
Violation: 633.000000
Violation: 249.000000
Violation: 533.000000
Violation: 650.000000
Violation: 563.000000
Violation: 200.000000
Violation: 905.000000
Violation: 250.000000
Violation: 298.000000
Violation: 171.000000
Violation: 663.000000
Violation: 521.000000
Violation: 634.000000
Violation: 812.000000
Violation: 384.000000
Violation: 1105.000000
Violation: 89.000000
Violation: 250.000000
Violation: 233.000000
Violation: 100.000000
Violation: 805.000000
Violation: 634.000000
Violation: 655.000000
Violation: 214.000000
Violation: 283.000000
Violation: 250.000000
Violation: 925.000000
Violation: 571.000000
Violation: 1537.000000
Violation: 1003.000000
Violation: 163.000000
Violation: 644.000000
Violation: 378.000000
Violation: 255.000000
Violation: 21.000000
Violation: 450.000000
Violation: 434.000000
Violation: 63.000000
Violation: 378.000000
Violation: 359.000000
Violation: 1137.000000
Violation: 271.000000
Violation: 250.000000
Violation: 50.000000
Violation: 179.000000
Violation: 884.000000
Violation: 781.000000
Violation: 250.000000
Violation: 613.000000
Violation: 733.000000
Violation: 863.000000
Violation: 506.000000
Violation: 285.000000
Violation: 413.000000
Violation: 100.000000
Violation: 21.000000
Violation: 207.000000
Violation: 1159.000000
Violation: 505.000000
Violation: 459.000000
Violation: 211.000000
Violation: 96.000000
Violation: 1063.000000
Violation: 471.000000
Violation: 21.000000
Violation: 466.000000
Violation: 1159.000000
Violation: 471.000000
Violation: 848.000000
Violation: 1213.000000
Violation: 670.000000
Violation: 7.000000
Violation: 33.000000
Violation: 834.000000
Violation: 111.000000
Violation: 350.000000
Violation: 463.000000
Violation: 533.000000
Violation: 270.000000
Violation: 384.000000
Violation: 41.000000
Violation: 85.000000
Violation: 454.000000
Violation: 211.000000
Violation: 655.000000
Violation: 1089.000000
Violation: 549.000000
Violation: 383.000000
Violation: 814.000000
Violation: 563.000000
Violation: 384.000000
Violation: 633.000000
Violation: 371.000000
Violation: 361.000000
Violation: 363.000000
Violation: 1538.000000
Violation: 541.000000
Violation: 755.000000
Violation: 44.000000
Violation: 470.000000
Violation: 263.000000
Violation: 771.000000
Violation: 925.000000
Violation: 156.000000
Violation: 713.000000
Violation: 306.000000
Violation: 92.000000
Violation: 790.000000
Violation: 113.000000
Violation: 216.000000
Violation: 848.000000
Violation: 563.000000
Violation: 159.000000
Violation: 634.000000
Violation: 1405.000000
Violation: 337.000000
Violation: 750.000000
Violation: 183.000000
Violation: 105.000000
Violation: 100.000000
Violation: 557.000000
Violation: 250.000000
Violation: 658.000000
Violation: 463.000000
Violation: 884.000000
Violation: 177.000000
Violation: 1121.000000
Violation: 934.000000
Violation: 521.000000
Violation: 903.000000
Violation: 141.000000
Violation: 189.000000
Violation: 796.000000
Violation: 907.000000
Violation: 278.000000
Violation: 308.000000
Violation: 416.000000
Violation: 555.000000
Violation: 500.000000
Violation: 997.000000
Violation: 771.000000
Violation: 784.000000
Violation: 100.000000
Violation: 734.000000
Violation: 932.000000
Violation: 384.000000
Violation: 363.000000
Violation: 483.000000
Violation: 18.000000
Violation: 763.000000
Violation: 685.000000
Violation: 448.000000
Violation: 884.000000
Violation: 1019.000000
Violation: 1033.000000
Violation: 512.000000
Violation: 449.000000
Violation: 140.000000
Violation: 250.000000
Violation: 800.000000
Violation: 734.000000
Violation: 650.000000
Violation: 483.000000
Violation: 350.000000
Violation: 133.000000
Violation: 1134.000000
Violation: 250.000000
Violation: 633.000000
Violation: 908.000000
Violation: 784.000000
Violation: 350.000000
Violation: 713.000000
Violation: 105.000000
Violation: 300.000000
Violation: 326.000000
Violation: 105.000000
Violation: 700.000000
Violation: 883.000000
Violation: 500.000000
Violation: 534.000000
Violation: 550.000000
Violation: 996.000000
Violation: 478.000000
Violation: 271.000000
Violation: 850.000000
Violation: 814.000000
Violation: 178.000000
Violation: 871.000000
Violation: 400.000000
Violation: 200.000000
Violation: 300.000000
Violation: 107.000000
Violation: 634.000000
Violation: 699.000000
Violation: 63.000000
Violation: 419.000000
Violation: 321.000000
Violation: 295.000000
Violation: 698.000000
Violation: 214.000000
Violation: 249.000000
Violation: 63.000000
8592 16
AQUIIII!!61 57 42 23 5 1 28 10 31 6 60 8 24 56 9 22 
AQUIIII!!61 10 56 AQUIIII!!57 61 5 28 9 5 22 20 AQUIIII!!24 24 61 31 56 1 28 55 59 8 24 60 1 36 55 28 42 30 23 53 36 1 6 58 58 60 53 5 
23 60 22 6 21 22 
59 30 23 
AQUIIII!!55 61 53 AQUIIII!!60 4 21 54 1 5 53 59 32 22 51 30 21 36 18 6 19 24 0 23 58 30 28 20 
17 22 41 36 16 
AQUIIII!!61 60 55 59 19 53 30 32 21 22 36 51 58 20 1 41 
AQUIIII!!21 22 36 19 18 51 30 60 55 59 58 53 61 41 20 32 
AQUIIII!!41 30 51 59 21 60 22 55 20 32 36 19 58 53 1 61 
AQUIIII!!23 36 22 60 6 28 53 5 24 1 21 30 AQUIIII!!55 41 58 30 59 51 61 59 
21 60 22 55 20 32 36 19 58 53 1 AQUIIII!!61 61 
1 23 28 10 56 6 8 25 35 AQUIIII!!24 60 59 5 32 22 59 58 9 
20 36 60 51 53 55 22 1 19 41 21 30 61 
AQUIIII!!AQUIIII!!61 4 51 53 16 41 AQUIIII!!32 19 20 59 59 41 58 18 21 30 17 21 32 32 30 55 AQUIIII!!51 18 21 61 54 36 6 22 36 9 18 0 56 19 53 19 58 36 20 22 
60 58 23 59 22 55 60 
30 41 8 28 20 1 5 24 53 35 
60 51 AQUIIII!!30 6 22 21 61 59 24 
60 23 28 22 36 5 53 58 1 30 55 61 
AQUIIII!!19 1 60 53 21 59 32 22 61 20 30 58 55 51 36 41 
AQUIIII!!36 6 AQUIIII!!5 AQUIIII!!8 28 30 5 56 53 6 60 6 59 59 23 30 24 58 35 55 58 24 59 23 23 1 61 21 22 22 5 28 53 28 1 30 60 58 55 24 9 1 22 60 
56 36 61 61 

AQUIIII!!59 36 32 51 41 58 21 30 60 18 22 53 20 19 61 55 
AQUIIII!!6 22 56 30 28 5 1 55 59 58 23 8 60 36 24 61 
AQUIIII!!21 36 59 30 19 51 53 60 55 18 20 58 22 41 32 61 
AQUIIII!!59 AQUIIII!!60 61 23 23 AQUIIII!!56 36 28 8 61 30 24 58 24 58 22 AQUIIII!!59 20 56 35 12 28 22 60 0 5 1 58 9 41 22 36 6 35 28 21 59 24 16 30 5 5 
30 61 60 14 53 30 13 55 23 47 1 53 52 
6 11 1 32 55 15 
37 54 AQUIIII!!4 59 
60 23 36 24 58 20 28 AQUIIII!!61 5 56 22 22 21 24 28 30 31 AQUIIII!!61 2 19 23 20 53 10 53 5 30 55 58 6 1 60 8 41 1 
22 42 36 57 32 9 18 
55 21 51 59 61 
AQUIIII!!55 61 53 60 21 1 5 59 22 30 36 6 24 23 58 28 
AQUIIII!!61 1 28 23 6 59 36 5 24 30 22 60 56 53 58 55 
AQUIIII!!24 59 30 60 36 21 58 6 22 28 1 5 55 53 23 61 
AQUIIII!!24 59 30 60 36 21 58 6 22 28 1 5 55 53 23 61 
AQUIIII!!19 32 18 41 58 55 21 30 20 51 60 53 22 59 36 61 
AQUIIII!!61 58 30 28 59 60 6 9 24 5 56 23 1 8 22 AQUIIII!!35 24 
55 28 58 21 36 1 59 53 5 22 30 20 60 23 61 
AQUIIII!!61 55 24 5 59 1 23 30 AQUIIII!!56 61 6 59 22 23 60 30 53 24 36 28 28 6 AQUIIII!!58 58 
61 8 55 36 22 24 36 6 60 56 22 1 5 5 
28 55 56 58 60 1 30 23 59 AQUIIII!!53 
28 59 23 6 55 24 30 60 36 53 58 1 5 56 22 61 
AQUIIII!!61 59 24 5 22 25 8 60 35 23 56 1 10 AQUIIII!!AQUIIII!!9 4 61 6 54 AQUIIII!!21 28 53 61 6 
32 41 51 30 51 36 21 60 18 5 32 19 1 18 0 59 55 30 53 22 20 23 17 20 22 22 19 60 41 36 28 36 58 24 16 21 
55 30 58 53 
59 
AQUIIII!!53 1 21 22 32 30 58 20 55 36 51 60 41 61 59 19 
AQUIIII!!9 5 8 1 6 42 10 22 31 23 57 60 24 56 28 61 
AQUIIII!!32 58 36 22 17 19 30 21 41 51 53 59 60 18 20 55 
AQUIIII!!60 5 28 22 6 36 58 55 59 23 56 30 1 8 24 61 
AQUIIII!!5 22 8 23 30 28 1 6 59 35 56 AQUIIII!!9 61 58 31 24 60 60 23 61 AQUIIII!!5 
24 6 53 9 23 28 60 57 36 1 58 8 1 42 28 24 5 22 55 59 56 10 22 21 
30 20 61 
AQUIIII!!61 21 60 53 59 58 5 22 1 24 30 36 28 23 6 55 
AQUIIII!!31 60 10 42 22 8 6 57 1 56 AQUIIII!!5 2 28 28 9 57 24 56 23 8 61 23 
42 22 31 10 5 9 6 1 24 61 
AQUIIII!!1 53 19 59 41 36 51 61 55 20 22 58 21 32 30 60 
AQUIIII!!30 36 22 32 41 51 53 55 59 60 58 21 18 17 19 20 
AQUIIII!!61 1 53 28 5 6 56 58 30 59 55 60 36 22 23 24 
AQUIIII!!58 41 36 18 30 53 32 51 55 22 59 60 19 61 21 20 
AQUIIII!!55 36 AQUIIII!!8 61 5 21 23 5 60 60 6 1 53 24 30 28 24 58 1 56 58 22 59 59 30 28 61 23 
20 36 22 55 
AQUIIII!!61 23 28 8 24 58 30 5 60 35 1 9 6 59 56 22 
AQUIIII!!6 59 53 1 23 55 5 22 58 21 24 30 28 60 36 61 
AQUIIII!!23 AQUIIII!!28 60 30 21 22 AQUIIII!!22 20 20 23 36 32 58 1 36 1 59 51 58 30 22 5 5 41 24 24 59 60 59 19 55 28 1 20 36 30 21 61 58 55 53 53 53 
60 61 21 55 
61 
AQUIIII!!23 5 53 36 30 58 21 59 22 24 20 28 1 55 61 60 
AQUIIII!!23 6 59 24 28 56 30 1 55 58 22 8 36 60 5 61 
AQUIIII!!61 22 28 6 56 30 55 58 36 60 5 23 1 53 59 24 
AQUIIII!!55 58 59 6 36 30 28 60 23 53 21 24 5 1 22 61 
AQUIIII!!28 55 22 1 59 24 23 5 8 60 30 56 36 6 58 61 
AQUIIII!!58 36 21 24 6 23 28 22 1 30 5 59 55 60 61 53 
AQUIIII!!30 51 41 16 22 32 21 19 36 20 18 4 17 58 53 55 
AQUIIII!!28 59 36 6 22 5 30 23 56 58 24 8 1 61 60 55 
AQUIIII!!22 32 18 55 51 60 59 58 41 30 21 36 20 19 53 61 
AQUIIII!!60 59 58 53 18 AQUIIII!!55 22 22 32 19 18 55 21 51 51 60 20 59 41 58 36 41 32 30 30 21 61 36 
20 19 53 61 
AQUIIII!!61 1 30 58 53 20 55 22 28 24 36 5 59 AQUIIII!!58 60 30 23 20 19 21 59 
21 53 51 1 22 60 36 55 32 41 61 
AQUIIII!!61 28 24 2 8 42 22 31 57 56 5 23 6 9 1 10 
AQUIIII!!61 32 36 18 30 58 53 51 55 19 20 41 59 21 22 60 
AQUIIII!!56 8 6 22 24 10 5 28 59 1 9 60 35 23 25 61 
AQUIIII!!60 24 58 56 8 1 28 5 59 9 23 6 30 35 22 AQUIIII!!61 54 
4 32 0 35 18 51 41 36 17 20 19 52 30 15 16 
AQUIIII!!17 53 20 55 16 59 19 36 58 21 51 18 AQUIIII!!32 30 30 41 20 22 1 
22 23 58 53 21 24 60 59 36 28 5 55 61 
AQUIIII!!5 10 2 28 23 24 57 6 22 AQUIIII!!31 56 17 42 53 1 20 8 9 55 61 16 
59 19 36 58 21 51 18 32 30 41 22 
AQUIIII!!61 28 60 22 25 35 10 6 8 1 56 5 23 59 9 24 
AQUIIII!!21 1 51 55 30 41 32 36 53 59 22 19 58 60 20 61 
AQUIIII!!55 23 30 24 22 56 1 36 6 59 58 28 53 5 60 61 
AQUIIII!!21 1 51 55 30 41 32 36 53 59 22 19 58 60 AQUIIII!!20 41 61 55 
60 32 20 51 22 21 30 36 19 58 59 1 53 61 
AQUIIII!!61 6 23 22 56 36 53 30 5 59 55 58 28 1 60 24 
AQUIIII!!61 24 AQUIIII!!55 36 30 5 6 21 20 21 58 60 1 60 55 22 30 28 53 1 53 24 23 59 59 23 5 36 22 28 
58 61 
AQUIIII!!28 1 6 42 9 5 31 2 22 56 57 23 10 24 8 61 
AQUIIII!!19 18 20 16 55 53 59 21 41 17 32 36 30 58 22 51 
AQUIIII!!1 55 53 59 60 5 30 6 21 36 58 23 61 28 22 24 
AQUIIII!!21 22 41 32 30 60 53 51 58 59 20 36 19 18 61 55 
AQUIIII!!61 21 53 60 41 36 19 30 51 59 18 22 20 58 55 32 
AQUIIII!!61 30 51 58 59 41 21 53 60 20 32 36 19 22 1 55 
AQUIIII!!61 6 24 2 23 9 1 22 5 42 10 8 31 56 57 28 
AQUIIII!!5 24 58 1 59 60 22 6 23 55 28 36 30 56 53 61 
AQUIIII!!59 1 5 23 22 60 6 28 56 36 55 30 53 58 24 61 
AQUIIII!!23 58 36 21 30 1 22 6 53 24 59 60 5 55 28 61 
AQUIIII!!61 28 1 55 23 53 24 60 5 22 58 59 36 20 30 21 
AQUIIII!!61 22 1 5 23 28 6 24 36 53 30 60 21 55 58 59 
AQUIIII!!1 58 59 5 28 53 22 20 60 30 24 55 36 AQUIIII!!23 53 21 4 61 17 
41 19 21 22 0 55 30 20 51 32 18 16 36 
AQUIIII!!61 36 58 60 19 59 51 22 21 30 55 41 32 18 53 20 
AQUIIII!!61 10 24 28 60 57 6 23 9 8 5 1 42 22 31 56 
AQUIIII!!22 30 28 24 36 1 5 23 55 53 60 59 20 21 58 61 
AQUIIII!!59 21 32 36 22 30 41 AQUIIII!!58 4 20 54 53 53 32 51 51 60 21 18 61 19 1 0 55 30 19 20 
17 22 41 36 16 
AQUIIII!!20 36 28 24 53 AQUIIII!!22 1 55 5 21 61 59 60 23 58 22 30 1 55 61 58 60 21 
24 5 36 53 30 6 23 59 28 
AQUIIII!!61 22 24 60 28 23 AQUIIII!!53 59 36 55 9 20 24 58 28 59 56 1 22 30 23 5 6 21 
60 8 1 35 58 5 30 61 
AQUIIII!!17 20 41 19 22 36 30 60 58 21 51 32 59 53 AQUIIII!!18 55 55 
23 1 22 21 5 AQUIIII!!58 53 24 59 36 56 59 23 28 5 60 36 30 60 53 55 1 20 58 61 28 
22 30 24 6 61 
AQUIIII!!54 4 47 37 15 17 35 12 13 16 30 52 0 41 32 14 
AQUIIII!!55 53 41 4 32 21 17 22 18 36 30 19 58 20 16 51 
AQUIIII!!30 21 1 36 22 53 59 61 55 32 51 58 20 60 19 41 
AQUIIII!!58 1 23 30 22 AQUIIII!!5 61 9 8 8 59 22 6 60 24 9 60 23 28 56 35 35 58 61 30 
56 24 28 59 1 6 5 
AQUIIII!!61 24 56 22 30 23 28 36 60 58 1 6 59 55 5 53 
AQUIIII!!53 55 61 6 30 AQUIIII!!59 61 60 6 56 AQUIIII!!23 23 61 25 36 58 22 1 5 59 28 55 5 9 60 28 22 36 24 24 8 58 8 24 
60 59 1 56 35 23 10 22 56 28 5 1 
30 6 
AQUIIII!!4 54 14 13 12 47 32 30 16 52 0 35 41 15 17 37 
AQUIIII!!61 30 8 23 60 5 35 56 1 24 59 28 22 9 6 58 
AQUIIII!!61 36 1 5 22 6 58 23 55 21 53 60 24 28 59 30 
AQUIIII!!28 59 6 58 1 8 36 60 24 55 5 23 56 30 22 61 
AQUIIII!!61 5 22 60 58 24 59 6 36 28 55 8 56 23 30 1 
AQUIIII!!28 60 23 21 58 22 30 36 59 6 55 53 24 1 5 61 
AQUIIII!!61 AQUIIII!!6 60 36 53 30 61 28 59 60 21 55 24 28 53 1 55 58 1 30 22 22 58 56 5 6 59 36 23 24 
5 23 
AQUIIII!!61 59 28 55 5 30 1 56 24 6 60 58 22 53 36 23 
AQUIIII!!14 30 35 32 16 52 15 11 41 0 12 37 47 13 4 54 
AQUIIII!!10 8 1 57 60 31 56 42 6 5 22 9 28 24 23 61 
AQUIIII!!4 54 16 18 52 30 15 13 41 0 46 17 37 14 35 32 
AQUIIII!!19 58 41 60 21 51 59 55 20 53 32 1 36 AQUIIII!!30 61 56 22 9 61 24 
10 22 1 23 6 8 57 28 5 2 42 31 
AQUIIII!!53 4 20 22 21 0 41 18 55 30 16 32 19 51 36 17 
AQUIIII!!59 19 22 21 32 30 58 36 60 55 51 AQUIIII!!41 32 18 41 20 53 53 61 60 
21 55 20 19 61 1 30 22 36 58 51 59 
AQUIIII!!1 30 53 23 55 24 59 6 AQUIIII!!5 61 60 22 56 1 22 57 28 9 58 10 36 23 61 
60 8 42 5 31 28 6 24 56 
AQUIIII!!61 24 60 23 21 20 59 36 5 55 22 28 1 30 53 58 
AQUIIII!!18 32 30 60 36 59 21 41 58 22 51 19 61 20 55 53 
AQUIIII!!61 57 22 8 6 2 23 1 24 28 10 42 31 9 56 5 
AQUIIII!!30 19 36 0 17 51 21 20 16 41 55 22 32 18 53 4 
AQUIIII!!61 41 53 36 55 21 19 60 59 51 22 32 58 30 20 1 
AQUIIII!!5 1 56 23 31 22 9 6 28 2 57 24 42 8 10 61 
AQUIIII!!61 1 24 8 23 60 5 6 30 59 28 36 56 55 58 22 
AQUIIII!!53 60 61 1 59 23 36 21 55 24 20 28 22 58 5 30 
AQUIIII!!21 58 55 19 60 41 32 20 22 30 18 59 36 53 51 61 
AQUIIII!!22 24 30 56 59 6 58 5 60 23 28 53 1 36 55 61 
AQUIIII!!1 58 59 8 23 9 60 28 22 56 24 AQUIIII!!6 55 61 5 53 30 60 AQUIIII!!35 21 54 1 61 4 5 30 
59 15 22 12 30 17 36 13 6 52 24 14 23 41 35 58 16 28 47 
0 32 37 
AQUIIII!!61 28 6 21 1 60 59 22 23 53 58 24 30 55 36 5 
AQUIIII!!61 51 22 59 55 30 32 41 1 53 21 58 19 36 60 20 
AQUIIII!!61 59 5 23 22 10 60 24 9 8 1 25 56 28 6 35 
AQUIIII!!6 53 59 30 36 AQUIIII!!19 23 56 58 41 55 17 24 36 22 32 1 59 60 16 28 20 58 22 18 5 30 61 51 
53 55 21 
AQUIIII!!21 24 5 1 36 6 30 22 58 61 23 55 53 60 28 59 
AQUIIII!!21 24 5 1 36 6 30 22 58 61 23 AQUIIII!!55 4 53 54 60 0 28 32 59 41 
19 36 52 18 14 17 30 16 51 35 15 
AQUIIII!!60 61 55 1 51 36 20 19 58 53 30 59 32 22 41 21 
AQUIIII!!60 61 55 1 51 36 20 19 58 53 30 59 32 22 41 21 
AQUIIII!!41 18 16 51 52 0 20 32 30 35 17 21 19 36 54 4 
AQUIIII!!24 22 30 6 60 56 1 58 55 28 5 36 59 23 53 61 
Number of Cuts in the second phase:4284
Number of repeat: 3917 
Violation: 1155.000000
Violation: 334.000000
Violation: 542.000000
Violation: 270.000000
Violation: 500.000000
Violation: 244.000000
Violation: 905.000000
Violation: 763.000000
Violation: 183.000000
Violation: 1384.000000
Violation: 550.000000
Violation: 1175.000000
Violation: 48.000000
Violation: 544.000000
Violation: 219.000000
Violation: 134.000000
Violation: 202.000000
Violation: 350.000000
Violation: 1134.000000
Violation: 533.000000
Violation: 100.000000
Violation: 668.000000
Violation: 605.000000
Violation: 463.000000
Violation: 884.000000
Violation: 133.000000
Violation: 18.000000
Violation: 360.000000
Violation: 463.000000
Violation: 900.000000
Violation: 184.000000
Violation: 933.000000
Violation: 208.000000
Violation: 722.000000
Violation: 300.000000
Violation: 723.000000
Violation: 1159.000000
Violation: 333.000000
Violation: 370.000000
Violation: 1119.000000
Violation: 7.000000
Violation: 1174.000000
Violation: 856.000000
Violation: 808.000000
Violation: 548.000000
Violation: 900.000000
Violation: 121.000000
Violation: 21.000000
Violation: 633.000000
Violation: 250.000000
Violation: 500.000000
Violation: 550.000000
Violation: 21.000000
Violation: 134.000000
Violation: 834.000000
Violation: 1174.000000
Violation: 181.000000
Violation: 378.000000
Violation: 613.000000
Violation: 571.000000
Violation: 292.000000
Violation: 756.000000
Violation: 50.000000
Violation: 530.000000
Violation: 905.000000
Violation: 263.000000
Violation: 1113.000000
Violation: 905.000000
Violation: 221.000000
Violation: 350.000000
Violation: 222.000000
Violation: 136.000000
Violation: 142.000000
Violation: 541.000000
Violation: 309.000000
Violation: 611.000000
Violation: 384.000000
Violation: 405.000000
Violation: 750.000000
Violation: 1050.000000
Violation: 403.000000
Violation: 533.000000
Violation: 659.000000
Violation: 484.000000
Violation: 142.000000
Violation: 300.000000
Violation: 71.000000
Violation: 300.000000
Violation: 121.000000
Violation: 194.000000
Violation: 271.000000
Violation: 100.000000
Violation: 216.000000
Violation: 60.000000
Violation: 771.000000
Violation: 1355.000000
Violation: 147.000000
Violation: 713.000000
Violation: 113.000000
Violation: 585.000000
Violation: 971.000000
Violation: 705.000000
Violation: 333.000000
Violation: 559.000000
Violation: 133.000000
Violation: 559.000000
Violation: 371.000000
Violation: 1133.000000
Violation: 710.000000
Violation: 1133.000000
Violation: 600.000000
Violation: 34.000000
Violation: 384.000000
Violation: 563.000000
Violation: 426.000000
Violation: 713.000000
Violation: 269.000000
Violation: 883.000000
Violation: 513.000000
Violation: 1134.000000
Violation: 57.000000
Violation: 689.000000
Violation: 1284.000000
Violation: 439.000000
Violation: 234.000000
Violation: 34.000000
Violation: 309.000000
Violation: 44.000000
Violation: 21.000000
Violation: 163.000000
Violation: 1558.000000
Violation: 541.000000
Violation: 378.000000
Violation: 150.000000
Violation: 213.000000
Violation: 334.000000
Violation: 156.000000
Violation: 63.000000
Violation: 100.000000
Violation: 1021.000000
Violation: 430.000000
Violation: 363.000000
Violation: 363.000000
Violation: 905.000000
Violation: 84.000000
Violation: 184.000000
Violation: 250.000000
Violation: 326.000000
Violation: 192.000000
Violation: 305.000000
Violation: 834.000000
Violation: 413.000000
Violation: 650.000000
Violation: 470.000000
Violation: 286.000000
Violation: 169.000000
Violation: 521.000000
Violation: 158.000000
Violation: 371.000000
Violation: 546.000000
Violation: 83.000000
Violation: 207.000000
Violation: 528.000000
Violation: 100.000000
Violation: 271.000000
Violation: 486.000000
Violation: 150.000000
Violation: 391.000000
Violation: 384.000000
Violation: 734.000000
Violation: 300.000000
Violation: 763.000000
Violation: 463.000000
Violation: 738.000000
Violation: 155.000000
Violation: 107.000000
Violation: 108.000000
Violation: 500.000000
Violation: 363.000000
Violation: 75.000000
Violation: 500.000000
Violation: 559.000000
Violation: 634.000000
Violation: 946.000000
Violation: 250.000000
Violation: 200.000000
Violation: 733.000000
Violation: 600.000000
Violation: 654.000000
Violation: 171.000000
Violation: 905.000000
Violation: 809.000000
Violation: 1130.000000
Violation: 234.000000
Violation: 255.000000
Violation: 642.000000
Violation: 463.000000
Violation: 99.000000
Violation: 271.000000
Violation: 783.000000
Violation: 325.000000
Violation: 874.000000
Violation: 762.000000
Violation: 463.000000
Violation: 833.000000
Violation: 1203.000000
Violation: 734.000000
Violation: 133.000000
Violation: 488.000000
Violation: 55.000000
Violation: 771.000000
Violation: 100.000000
Violation: 334.000000
Violation: 24.000000
Violation: 321.000000
Violation: 234.000000
Violation: 750.000000
Violation: 119.000000
Violation: 371.000000
Violation: 205.000000
Violation: 85.000000
Violation: 419.000000
Violation: 1305.000000
Violation: 634.000000
Violation: 200.000000
Violation: 28.000000
Violation: 383.000000
Violation: 511.000000
Violation: 348.000000
Violation: 863.000000
Violation: 384.000000
Violation: 233.000000
Violation: 421.000000
Violation: 1205.000000
Violation: 128.000000
Violation: 483.000000
Violation: 200.000000
Violation: 1284.000000
Violation: 187.000000
Violation: 1105.000000
Violation: 100.000000
Violation: 633.000000
Violation: 400.000000
Violation: 558.000000
Violation: 271.000000
Violation: 133.000000
Violation: 446.000000
Violation: 449.000000
Violation: 1033.000000
Violation: 122.000000
Violation: 163.000000
Violation: 634.000000
Violation: 400.000000
Violation: 305.000000
Violation: 271.000000
Violation: 505.000000
Violation: 413.000000
Violation: 884.000000
Violation: 519.000000
Violation: 1305.000000
Violation: 335.000000
Violation: 171.000000
Violation: 312.000000
Violation: 771.000000
Violation: 504.000000
Violation: 9.000000
Violation: 94.000000
Violation: 113.000000
Violation: 578.000000
Violation: 505.000000
Violation: 60.000000
Violation: 363.000000
Violation: 463.000000
Violation: 78.000000
Violation: 233.000000
Violation: 100.000000
Violation: 637.000000
Violation: 363.000000
Violation: 905.000000
Violation: 1205.000000
Violation: 663.000000
Violation: 452.000000
Violation: 948.000000
Violation: 28.000000
Violation: 306.000000
Violation: 250.000000
Violation: 1055.000000
Violation: 938.000000
Violation: 833.000000
Violation: 1119.000000
Violation: 470.000000
Violation: 121.000000
Violation: 371.000000
Violation: 345.000000
Violation: 785.000000
Violation: 485.000000
Violation: 658.000000
Violation: 483.000000
Violation: 200.000000
Violation: 700.000000
Violation: 557.000000
Violation: 205.000000
Violation: 1105.000000
Violation: 750.000000
Violation: 600.000000
Violation: 344.000000
Violation: 1354.000000
Violation: 736.000000
Violation: 150.000000
Violation: 678.000000
Violation: 833.000000
Violation: 207.000000
Violation: 400.000000
Violation: 784.000000
Violation: 99.000000
Violation: 1174.000000
Violation: 19.000000
Violation: 633.000000
Violation: 521.000000
Violation: 300.000000
Violation: 571.000000
Violation: 626.000000
Violation: 534.000000
Violation: 520.000000
Violation: 585.000000
Violation: 671.000000
Violation: 299.000000
Violation: 270.000000
Violation: 21.000000
Violation: 166.000000
Violation: 150.000000
Violation: 100.000000
Violation: 684.000000
Violation: 300.000000
Violation: 1534.000000
Violation: 400.000000
Violation: 384.000000
Violation: 763.000000
Violation: 57.000000
Violation: 363.000000
Violation: 333.000000
Violation: 158.000000
Violation: 430.000000
Violation: 113.000000
Violation: 259.000000
Violation: 34.000000
Violation: 175.000000
Violation: 113.000000
Violation: 750.000000
Violation: 563.000000
Violation: 855.000000
Violation: 494.000000
Violation: 430.000000
Violation: 307.000000
Violation: 203.000000
Violation: 183.000000
Violation: 513.000000
Violation: 616.000000
Violation: 505.000000
Violation: 350.000000
Violation: 163.000000
Violation: 263.000000
Violation: 334.000000
Violation: 928.000000
Violation: 848.000000
Violation: 909.000000
Violation: 650.000000
2808 16
AQUIIII!!61 56 23 AQUIIII!!55 61 30 24 22 30 5 58 60 59 24 9 53 35 1 8 28 5 6 23 58 6 36 60 59 
56 22 1 28 
AQUIIII!!61 55 30 1 20 60 19 21 59 32 41 36 58 51 53 22 
AQUIIII!!30 20 5 59 36 24 21 53 58 28 55 60 1 23 22 61 
AQUIIII!!60 24 55 58 5 61 28 6 56 59 36 23 30 22 1 53 
AQUIIII!!58 21 51 32 30 AQUIIII!!22 9 60 24 18 28 36 56 20 35 53 6 41 5 55 22 19 8 59 60 61 59 
25 1 10 AQUIIII!!23 36 61 53 
19 60 58 59 22 30 41 21 55 51 20 32 18 61 
AQUIIII!!61 9 24 56 35 5 60 59 28 6 22 8 10 25 23 1 
AQUIIII!!5 31 60 9 28 42 57 22 56 1 6 10 8 24 23 61 
AQUIIII!!59 19 21 60 36 20 55 58 41 22 51 30 53 1 32 61 
AQUIIII!!61 58 60 24 56 53 55 5 59 30 28 22 23 1 6 36 
AQUIIII!!28 9 23 6 25 35 1 8 56 22 59 24 5 60 10 61 
AQUIIII!!28 24 36 59 30 22 58 1 5 6 53 23 60 55 56 61 
AQUIIII!!61 58 59 28 6 30 5 23 60 55 24 8 36 1 22 56 
AQUIIII!!55 61 60 6 36 30 28 5 58 1 59 53 22 21 24 23 
AQUIIII!!61 1 24 28 5 42 9 56 2 10 23 31 6 57 22 8 
AQUIIII!!18 36 58 59 22 51 19 32 61 60 53 30 21 55 41 20 
AQUIIII!!51 22 21 1 36 30 53 41 19 32 20 61 59 60 55 58 
AQUIIII!!32 19 36 51 30 21 58 41 22 17 60 20 55 59 18 53 
AQUIIII!!61 60 5 56 55 23 58 59 28 36 30 24 22 1 AQUIIII!!6 61 8 1 
19 32 20 58 51 22 53 21 30 36 59 60 55 41 
AQUIIII!!59 53 20 18 55 60 21 22 17 30 36 32 51 58 19 41 
AQUIIII!!61 60 30 21 41 51 59 18 19 36 22 32 58 20 55 53 
AQUIIII!!61 36 58 19 30 32 21 60 59 20 18 55 22 41 53 51 
AQUIIII!!61 58 22 21 60 59 36 32 51 41 55 19 53 30 1 20 
AQUIIII!!61 24 6 60 10 8 25 28 22 23 5 1 59 35 56 9 
AQUIIII!!61 55 22 1 28 24 53 59 60 56 36 23 58 5 30 6 
AQUIIII!!30 1 5 60 22 35 59 9 8 24 56 28 23 58 6 61 
AQUIIII!!61 9 5 8 24 10 31 23 42 22 6 56 2 1 28 57 
AQUIIII!!22 6 56 28 24 10 23 8 1 60 35 5 59 9 25 61 
AQUIIII!!20 5 53 28 23 22 59 36 58 30 21 60 1 55 24 61 
AQUIIII!!30 55 6 59 24 1 28 56 22 5 23 58 36 60 53 61 
AQUIIII!!61 23 22 21 24 53 58 59 60 28 30 55 36 6 5 1 
AQUIIII!!35 6 24 8 23 59 56 28 5 22 1 9 60 58 30 61 
AQUIIII!!1 59 56 5 30 58 36 6 28 23 22 24 60 55 53 61 
AQUIIII!!51 41 52 32 18 0 19 35 17 30 16 20 15 36 4 54 
AQUIIII!!20 36 22 30 21 51 32 59 17 18 55 58 53 19 41 60 
AQUIIII!!36 28 6 60 30 22 58 59 23 56 55 5 53 1 24 61 
AQUIIII!!1 8 2 9 22 24 23 31 42 5 57 56 28 10 6 61 
AQUIIII!!20 21 60 5 28 53 30 55 59 22 24 58 36 23 1 61 
AQUIIII!!53 19 61 1 22 36 55 41 51 58 30 60 20 32 59 21 
AQUIIII!!28 36 23 1 30 58 21 24 59 55 6 22 60 5 53 61 
AQUIIII!!32 30 41 51 36 22 19 21 58 20 53 59 55 17 18 60 
AQUIIII!!41 30 22 18 60 59 20 55 51 19 32 21 36 53 58 61 
AQUIIII!!55 23 28 20 53 60 5 24 22 1 59 58 21 30 36 61 
AQUIIII!!61 35 9 5 56 22 30 6 1 24 23 28 59 60 58 8 
AQUIIII!!61 53 30 55 59 22 20 19 36 41 58 60 21 32 18 51 
AQUIIII!!6 55 22 5 36 28 58 1 60 30 24 8 23 56 59 61 
AQUIIII!!21 59 30 32 58 51 22 36 53 55 20 41 61 1 60 19 
AQUIIII!!55 30 61 53 5 1 28 22 20 58 36 24 60 23 59 21 
AQUIIII!!61 1 10 9 22 24 25 56 5 8 59 28 6 60 23 35 
AQUIIII!!13 37 52 30 12 35 47 32 16 15 11 41 14 0 4 54 
AQUIIII!!5 28 24 36 60 20 21 58 59 61 30 55 22 23 1 53 
AQUIIII!!41 21 16 51 20 32 36 30 17 19 0 35 18 52 54 4 
AQUIIII!!18 36 16 20 51 19 21 32 22 41 58 30 17 4 55 53 
AQUIIII!!53 59 28 55 24 36 30 1 58 5 60 21 22 20 23 61 
AQUIIII!!23 28 8 60 59 25 6 9 22 10 24 56 35 1 5 61 
AQUIIII!!60 59 55 61 20 53 21 30 58 41 18 36 51 32 22 19 
AQUIIII!!56 23 60 9 42 10 5 57 6 31 1 8 28 22 24 61 
AQUIIII!!61 23 56 28 31 6 10 9 5 24 42 22 1 57 8 60 
AQUIIII!!23 31 42 9 10 57 5 6 56 22 60 8 28 1 24 61 
Number of Cuts in the second phase:1376
Number of repeat: 1281 
Violation: 484.000000
Violation: 442.000000
Violation: 384.000000
Violation: 500.000000
Violation: 1184.000000
Violation: 94.000000
Violation: 933.000000
Violation: 548.000000
Violation: 846.000000
Violation: 50.000000
Violation: 525.000000
Violation: 805.000000
Violation: 671.000000
Violation: 1313.000000
Violation: 763.000000
Violation: 205.000000
Violation: 383.000000
Violation: 363.000000
Violation: 420.000000
Violation: 99.000000
Violation: 159.000000
Violation: 218.000000
Violation: 621.000000
Violation: 128.000000
Violation: 34.000000
Violation: 83.000000
Violation: 474.000000
Violation: 713.000000
Violation: 183.000000
Violation: 650.000000
Violation: 663.000000
Violation: 1033.000000
Violation: 160.000000
Violation: 150.000000
Violation: 99.000000
Violation: 641.000000
Violation: 1130.000000
Violation: 213.000000
Violation: 159.000000
Violation: 909.000000
Violation: 598.000000
Violation: 100.000000
Violation: 312.000000
Violation: 284.000000
Violation: 542.000000
Violation: 270.000000
Violation: 608.000000
Violation: 108.000000
Violation: 33.000000
Violation: 1089.000000
Violation: 307.000000
Violation: 233.000000
Violation: 150.000000
Violation: 583.000000
Violation: 150.000000
Violation: 555.000000
Violation: 350.000000
Violation: 863.000000
Violation: 234.000000
Violation: 1005.000000
Violation: 948.000000
Violation: 1205.000000
Violation: 84.000000
Violation: 430.000000
Violation: 550.000000
Violation: 219.000000
Violation: 533.000000
Violation: 1083.000000
Violation: 134.000000
Violation: 450.000000
Violation: 314.000000
Violation: 834.000000
Violation: 471.000000
Violation: 335.000000
Violation: 1237.000000
Violation: 391.000000
Violation: 683.000000
Violation: 99.000000
Violation: 884.000000
Violation: 1005.000000
Violation: 278.000000
Violation: 350.000000
Violation: 837.000000
Violation: 584.000000
Violation: 455.000000
Violation: 208.000000
Violation: 205.000000
Violation: 96.000000
Violation: 509.000000
Violation: 462.000000
Violation: 133.000000
Violation: 537.000000
Violation: 883.000000
Violation: 913.000000
Violation: 265.000000
took 6.009659
Optimize a model with 1417 rows, 906 columns and 15747 nonzeros
Coefficient statistics:
  Matrix range     [1e+00, 4e+01]
  Objective range  [0e+00, 0e+00]
  Bounds range     [1e+00, 4e+01]
  RHS range        [1e+00, 1e+02]
Presolve removed 1016 rows and 109 columns
Presolve time: 0.00s
Presolved: 401 rows, 797 columns, 9291 nonzeros

Iteration    Objective       Primal Inf.    Dual Inf.      Time
       0    0.0000000e+00   4.476255e+01   0.000000e+00      0s
     114    0.0000000e+00   0.000000e+00   0.000000e+00      0s

Solved in 114 iterations and 0.01 seconds
Optimal objective  0.000000000e+00
