A-4.txt_s2.txt
Academic license - for non-commercial use only
Read LP format model from file lp/A-4.txt.lp
Reading time = 0.05 seconds
: 961 rows, 10797 columns, 131727 nonzeros
OKGPU
nThreads: 1024 , nBlocks: 12 
Number cuts generated in the phase 1: 12
Number of repeat: 1 
violation 263.000000
violation 199.000000
violation 174.000000
violation 174.000000
violation 104.000000
violation 45.000000
violation 336.000000
violation 308.000000
violation 773.000000
violation 50.000000
violation 559.000000
8592 8
AQUIIII!!142 20 134 88 29 21 96 139 
AQUIIII!!142 64 29 139 88 134 21 6 
AQUIIII!!AQUIIII!!142 142 6 7 136 135 135 6 8 64 7 136 88 139 64 88 AQUIIII!!

142 7 135 139 64 6 AQUIIII!!134 88 142 
134 7 139 64 135 88 6 
AQUIIII!!142 88 AQUIIII!!142 29 21 64 135 134 7 20 96 8 AQUIIII!!6 139 142 6 
88 139 136 64 
7 134 29 88 
AQUIIII!!142 7 139 64 135 88 136 6 
AQUIIII!!64 88 139 136 6 142 135 7 AQUIIII!!
88 64 8 135 6 142 136 7 
AQUIIII!!64 136 88 7 8 142 135 6 
AQUIIII!!7 139 64 AQUIIII!!88 7 136 88 142 8 135 136 AQUIIII!!6 64 88 
96 142 29 135 134 20 6 139 
142 21 
AQUIIII!!135 134 AQUIIII!!6 88 88 7 64 64 139 8 AQUIIII!!142 135 
AQUIIII!!29 6 21 139 88 142 6 134 136 139 88 134 7 64 29 
64 6 142 7 
142 
AQUIIII!!7 64 134 139 29 6 AQUIIII!!88 64 142 88 
6 135 AQUIIII!!139 7 142 136 7 8 136 64 
88 135 6 142 AQUIIII!!
139 20 134 88 AQUIIII!!96 AQUIIII!!29 7 AQUIIII!!7 21 AQUIIII!!6 142 139 139 139 
136 88 6 29 AQUIIII!!88 139 134 29 6 6 64 64 21 64 88 88 135 134 29 142 142 135 
7 
AQUIIII!!134 136 88 134 64 64 142 88 6 
7 96 AQUIIII!!142 64 139 21 29 
20 142 134 6 29 
21 139 139 142 88 142 AQUIIII!!

139 29 64 7 6 134 88 142 
AQUIIII!!64 88 AQUIIII!!8 139 AQUIIII!!136 64 6 29 88 135 134 7 7 88 142 135 20 AQUIIII!!
134 139 6 6 AQUIIII!!96 88 7 142 136 21 64 7 
142 6 64 136 AQUIIII!!
8 139 135 135 AQUIIII!!142 88 
8 AQUIIII!!6 135 64 88 134 142 7 136 135 
88 6 88 134 6 AQUIIII!!139 142 139 7 21 64 64 142 139 29 7 
29 88 142 142 6 134 

64 
AQUIIII!!AQUIIII!!88 142 29 139 96 134 139 AQUIIII!!7 88 6 64 20 7 AQUIIII!!135 134 29 136 6 21 AQUIIII!!139 142 135 64 

88 88 88 134 64 139 7 134 7 142 139 6 
135 64 6 142 
142 
AQUIIII!!142 29 21 20 139 134 AQUIIII!!88 96 7 
136 8 64 88 135 6 AQUIIII!!142 AQUIIII!!
142 142 6 AQUIIII!!64 139 142 29 88 8 7 7 136 64 139 64 136 88 6 135 7 134 
6 88 135 

AQUIIII!!142 64 29 21 139 88 134 6 
AQUIIII!!142 6 134 7 139 135 88 64 
AQUIIII!!134 88 7 139 64 135 142 6 
AQUIIII!!64 88 139 142 135 6 136 7 
AQUIIII!!88 135 7 136 8 6 64 142 
AQUIIII!!64 139 AQUIIII!!6 8 88 135 88 135 7 7 6 134 136 142 64 142 

AQUIIII!!AQUIIII!!7 136 88 29 139 6 64 88 139 7 134 142 64 
AQUIIII!!6 134 142 88 135 64 
139 7 6 135 142 
AQUIIII!!88 6 64 134 AQUIIII!!139 6 135 AQUIIII!!139 7 134 7 142 88 64 
136 20 88 96 135 29 142 139 
21 142 
AQUIIII!!64 134 139 AQUIIII!!88 7 7 6 29 139 6 64 142 88 
134 AQUIIII!!135 139 142 21 
6 134 64 88 29 142 
AQUIIII!!AQUIIII!!135 21 64 29 134 134 88 6 6 139 64 AQUIIII!!88 139 64 7 142 139 
142 88 
135 6 134 7 AQUIIII!!142 64 
6 7 136 AQUIIII!!88 135 139 139 7 142 136 
135 6 AQUIIII!!88 139 64 20 142 29 
88 134 96 21 AQUIIII!!142 7 
6 88 64 AQUIIII!!AQUIIII!!139 AQUIIII!!139 135 29 134 20 136 134 88 64 29 142 64 88 88 
139 8 134 7 6 96 6 7 21 135 142 142 142 


AQUIIII!!142 96 134 88 139 29 20 21 
AQUIIII!!142 139 6 AQUIIII!!21 142 64 6 88 29 134 7 29 139 
88 64 134 
AQUIIII!!29 96 AQUIIII!!134 139 21 29 88 96 20 21 139 20 142 88 
134 142 
AQUIIII!!7 6 64 139 135 88 136 142 
AQUIIII!!135 64 8 6 88 136 142 7 
AQUIIII!!142 AQUIIII!!139 29 88 139 96 21 29 88 21 20 134 134 20 96 142 

AQUIIII!!142 139 29 6 88 64 134 7 
AQUIIII!!6 136 139 135 AQUIIII!!142 88 134 7 88 AQUIIII!!64 29 136 142 64 139 7 
88 6 135 139 6 
64 7 142 
AQUIIII!!142 29 88 6 134 7 139 64 
AQUIIII!!88 134 139 29 21 AQUIIII!!6 142 64 136 142 135 
139 64 88 7 6 
AQUIIII!!88 7 139 64 6 136 AQUIIII!!135 142 142 136 
7 135 6 64 8 88 
AQUIIII!!20 21 29 134 88 96 139 142 
AQUIIII!!AQUIIII!!142 135 135 7 136 8 88 64 64 6 7 88 8 136 6 142 

AQUIIII!!142 136 7 135 139 64 88 6 
AQUIIII!!7 142 136 64 6 135 88 139 
AQUIIII!!142 6 136 88 64 8 7 135 
AQUIIII!!6 29 AQUIIII!!134 7 7 136 6 64 135 139 8 88 88 64 142 142 

AQUIIII!!142 6 64 134 139 29 21 88 
AQUIIII!!6 7 135 8 88 136 64 142 
AQUIIII!!AQUIIII!!96 88 88 139 7 20 136 21 64 134 139 29 135 142 142 
6 
AQUIIII!!135 139 AQUIIII!!136 6 6 29 64 139 7 134 88 64 142 88 
21 142 
AQUIIII!!142 139 AQUIIII!!134 7 136 6 88 29 88 64 64 7 
8 142 6 135 
AQUIIII!!142 139 29 64 88 7 134 6 
AQUIIII!!AQUIIII!!6 136 8 88 135 7 88 64 136 135 64 139 6 142 7 
142 
AQUIIII!!142 135 136 6 7 139 64 AQUIIII!!88 
142 88 139 135 7 134 64 6 
AQUIIII!!142 6 134 7 88 135 139 64 
AQUIIII!!142 139 6 135 64 7 88 134 
AQUIIII!!6 64 134 88 139 7 135 142 
AQUIIII!!142 6 88 136 139 64 7 135 
AQUIIII!!142 7 88 6 64 134 139 29 
AQUIIII!!7 134 64 139 88 6 135 142 
AQUIIII!!136 142 135 7 6 88 8 64 
AQUIIII!!142 21 29 88 20 96 139 134 
AQUIIII!!142 29 7 139 134 6 64 88 
AQUIIII!!21 29 AQUIIII!!134 7 20 134 96 88 64 139 139 88 142 6 
135 142 
AQUIIII!!142 AQUIIII!!7 29 21 64 88 6 88 139 29 64 139 134 6 
134 142 
AQUIIII!!142 135 64 136 7 139 88 6 
AQUIIII!!142 29 139 20 21 96 134 88 
AQUIIII!!88 64 7 136 8 135 142 6 
AQUIIII!!64 139 6 29 7 88 134 142 
AQUIIII!!142 64 135 88 6 7 139 136 
AQUIIII!!142 88 8 7 135 64 6 136 
AQUIIII!!142 134 64 139 6 88 135 7 
AQUIIII!!139 135 134 88 6 64 7 142 
AQUIIII!!6 7 134 64 139 88 135 142 
AQUIIII!!142 139 88 136 6 135 7 64 
AQUIIII!!142 139 64 88 7 29 134 6 
AQUIIII!!142 96 21 139 134 20 88 AQUIIII!!29 139 
88 64 136 142 6 7 135 
AQUIIII!!142 7 88 139 6 64 135 134 
AQUIIII!!6 64 8 88 135 142 136 7 
AQUIIII!!142 134 139 135 88 6 7 64 
AQUIIII!!135 142 7 6 136 64 139 88 
AQUIIII!!142 88 6 135 64 8 7 136 
AQUIIII!!6 139 134 88 64 7 135 142 
AQUIIII!!142 64 88 7 135 6 8 136 
AQUIIII!!142 136 88 135 7 8 6 64 
AQUIIII!!134 6 139 29 88 21 64 142 
AQUIIII!!142 29 88 139 21 134 20 96 
AQUIIII!!142 64 88 6 136 139 135 7 
AQUIIII!!AQUIIII!!7 142 135 139 6 21 20 64 134 136 96 8 88 29 88 
142 
AQUIIII!!142 7 136 6 135 64 139 88 
AQUIIII!!142 88 136 64 6 135 8 7 
AQUIIII!!7 139 88 6 64 29 134 142 
AQUIIII!!142 139 64 135 6 7 134 88 
AQUIIII!!142 64 88 139 136 135 7 6 
AQUIIII!!142 139 20 96 29 21 88 134 
AQUIIII!!142 64 88 8 7 6 136 135 
AQUIIII!!142 7 6 136 139 88 64 135 
AQUIIII!!142 134 139 88 20 21 29 96 
AQUIIII!!136 6 142 135 7 139 64 88 
AQUIIII!!142 64 135 8 136 7 6 88 
AQUIIII!!142 136 64 135 8 88 7 AQUIIII!!6 142 
6 7 136 64 135 88 8 
AQUIIII!!142 29 96 21 20 139 134 88 
AQUIIII!!142 139 64 88 136 6 135 7 
AQUIIII!!142 7 88 6 139 64 29 134 
AQUIIII!!142 134 139 29 96 21 20 88 
AQUIIII!!142 88 7 134 29 139 64 6 
AQUIIII!!142 7 136 64 135 88 6 139 
AQUIIII!!88 29 139 6 134 21 64 142 
AQUIIII!!142 88 64 6 134 21 29 139 
AQUIIII!!142 64 136 6 7 88 135 139 
AQUIIII!!142 88 64 21 139 29 134 6 
AQUIIII!!7 64 8 135 88 6 136 AQUIIII!!142 142 139 
135 136 64 6 7 88 
AQUIIII!!142 136 7 139 88 64 135 6 
AQUIIII!!142 139 88 6 135 7 134 64 
AQUIIII!!142 20 29 139 134 21 88 96 
AQUIIII!!142 134 139 64 21 29 6 88 
AQUIIII!!142 29 21 88 134 20 139 96 
AQUIIII!!142 6 21 88 64 139 29 134 
AQUIIII!!142 88 6 136 7 8 135 64 
AQUIIII!!142 139 134 64 29 7 6 88 
AQUIIII!!142 8 7 6 64 88 135 136 
AQUIIII!!142 64 21 6 88 29 139 134 
AQUIIII!!142 135 64 139 7 6 88 134 
AQUIIII!!142 64 7 134 139 88 135 6 
AQUIIII!!142 134 6 135 88 139 7 64 
Number of Cuts in the second phase:2419
Number of repeat: 2339 
Violation: 305.000000
Violation: 1182.000000
Violation: 364.000000
Violation: 87.000000
Violation: 610.000000
Violation: 254.000000
Violation: 407.000000
Violation: 107.000000
Violation: 174.000000
Violation: 508.000000
Violation: 591.000000
Violation: 864.000000
Violation: 546.000000
Violation: 552.000000
Violation: 135.000000
Violation: 3.000000
Violation: 324.000000
Violation: 455.000000
Violation: 12.000000
Violation: 135.000000
Violation: 51.000000
Violation: 165.000000
Violation: 1168.000000
Violation: 378.000000
Violation: 167.000000
Violation: 94.000000
Violation: 157.000000
Violation: 17.000000
Violation: 143.000000
Violation: 164.000000
Violation: 182.000000
Violation: 8.000000
Violation: 203.000000
Violation: 136.000000
Violation: 112.000000
Violation: 40.000000
Violation: 6.000000
Violation: 591.000000
Violation: 192.000000
Violation: 744.000000
Violation: 244.000000
Violation: 158.000000
Violation: 8.000000
Violation: 813.000000
Violation: 508.000000
Violation: 97.000000
Violation: 9.000000
Violation: 62.000000
Violation: 363.000000
Violation: 1158.000000
Violation: 85.000000
Violation: 199.000000
Violation: 15.000000
Violation: 31.000000
Violation: 422.000000
Violation: 441.000000
Violation: 373.000000
Violation: 402.000000
Violation: 619.000000
Violation: 153.000000
Violation: 331.000000
Violation: 56.000000
Violation: 220.000000
Violation: 38.000000
Violation: 390.000000
Violation: 1319.000000
Violation: 1172.000000
Violation: 408.000000
Violation: 31.000000
Violation: 1137.000000
Violation: 167.000000
Violation: 30.000000
Violation: 87.000000
Violation: 151.000000
Violation: 32.000000
Violation: 178.000000
Violation: 249.000000
Violation: 141.000000
Violation: 976.000000
Violation: 1.000000
8592 8
AQUIIII!!142 6 8 136 7 88 64 135 
AQUIIII!!142 134 139 6 7 AQUIIII!!29 142 64 7 AQUIIII!!88 88 142 
134 136 139 6 64 135 AQUIIII!!6 8 29 142 88 
64 134 7 88 
21 29 6 64 139 
AQUIIII!!142 6 7 88 139 29 64 134 
AQUIIII!!142 134 88 29 21 96 20 139 
AQUIIII!!88 136 64 135 8 7 6 142 
AQUIIII!!21 142 29 88 96 134 20 139 
AQUIIII!!88 64 8 6 7 AQUIIII!!136 7 135 136 142 139 
64 88 6 142 135 
AQUIIII!!8 135 6 136 88 7 64 142 
AQUIIII!!29 AQUIIII!!AQUIIII!!134 134 139 139 139 64 96 7 134 AQUIIII!!20 6 88 139 88 7 6 29 29 6 21 64 88 AQUIIII!!136 142 142 139 142 
7 

29 88 96 88 135 64 134 142 20 
21 AQUIIII!!142 7 
29 134 AQUIIII!!88 6 64 88 29 6 21 139 64 142 139 134 
142 
AQUIIII!!139 21 20 96 AQUIIII!!88 134 134 21 29 142 88 
64 139 6 AQUIIII!!29 7 142 AQUIIII!!139 
6 136 64 135 134 64 88 29 6 142 88 
7 139 142 
AQUIIII!!142 136 AQUIIII!!135 7 64 6 6 AQUIIII!!8 134 7 142 64 88 6 
139 7 88 88 135 64 142 139 
135 134 
AQUIIII!!21 6 88 AQUIIII!!64 6 139 88 29 136 134 AQUIIII!!64 142 142 8 7 
6 135 64 88 7 136 142 AQUIIII!!139 135 
142 
6 21 88 139 134 29 64 
AQUIIII!!AQUIIII!!AQUIIII!!AQUIIII!!142 88 7 142 139 139 88 64 7 64 6 8 134 88 135 134 6 135 134 135 7 64 139 6 136 7 6 64 
135 88 142 142 
AQUIIII!!

88 135 64 139 7 6 134 142 
AQUIIII!!142 136 88 135 7 139 64 6 
AQUIIII!!142 7 6 88 AQUIIII!!AQUIIII!!136 142 142 8 88 8 135 6 64 64 139 7 
134 88 7 135 135 136 64 6 

AQUIIII!!8 88 64 7 6 136 142 135 
AQUIIII!!21 142 139 134 64 88 6 29 
AQUIIII!!135 64 88 6 139 142 7 136 
AQUIIII!!AQUIIII!!88 29 134 139 21 21 29 64 88 6 64 134 6 142 139 
142 
AQUIIII!!AQUIIII!!88 29 7 134 29 6 139 139 49 64 50 134 20 142 
142 AQUIIII!!21 136 
135 AQUIIII!!64 7 88 6 8 88 7 139 6 135 142 134 
64 142 
AQUIIII!!136 7 139 64 6 135 88 142 
AQUIIII!!64 134 AQUIIII!!139 139 88 134 29 64 21 29 6 6 142 88 
7 142 
AQUIIII!!139 64 135 88 6 7 134 142 AQUIIII!!
142 29 7 64 6 88 AQUIIII!!139 88 134 135 
8 6 7 136 64 142 
AQUIIII!!88 AQUIIII!!64 64 8 29 135 139 7 6 88 134 6 7 136 142 142 

AQUIIII!!96 134 21 29 139 88 AQUIIII!!AQUIIII!!20 142 142 142 7 
139 136 139 6 6 88 64 AQUIIII!!88 64 136 135 134 88 
7 7 6 AQUIIII!!29 139 142 
7 64 139 135 6 142 136 
88 135 64 
AQUIIII!!142 64 88 8 7 136 135 6 
AQUIIII!!139 6 7 134 64 135 88 142 
AQUIIII!!64 88 135 6 136 8 AQUIIII!!7 6 142 134 
135 139 7 64 88 142 
AQUIIII!!88 6 64 136 135 8 7 142 
AQUIIII!!29 139 6 21 134 64 88 142 
AQUIIII!!64 88 7 AQUIIII!!139 64 134 8 88 6 7 142 135 135 6 
136 142 
AQUIIII!!136 6 64 7 135 88 139 142 
AQUIIII!!142 64 29 88 139 6 7 134 
AQUIIII!!7 AQUIIII!!6 6 7 88 139 88 8 64 135 135 136 136 AQUIIII!!64 142 142 29 
142 88 
6 AQUIIII!!139 21 29 64 96 134 
20 88 134 139 21 142 
AQUIIII!!142 88 AQUIIII!!8 21 136 7 88 135 29 139 6 64 134 
96 20 142 
AQUIIII!!6 136 8 7 135 88 64 142 
AQUIIII!!142 96 20 29 134 88 21 139 
AQUIIII!!142 21 139 134 6 29 64 88 
AQUIIII!!64 134 29 6 88 139 7 142 
AQUIIII!!142 6 88 AQUIIII!!139 142 135 139 136 29 7 88 64 96 
21 20 134 
AQUIIII!!88 134 29 6 7 64 139 142 
AQUIIII!!134 20 88 29 96 139 21 142 
AQUIIII!!29 21 96 88 139 20 134 142 
AQUIIII!!7 88 AQUIIII!!6 139 64 88 139 7 134 135 6 135 64 142 134 
142 
AQUIIII!!6 8 135 136 7 88 AQUIIII!!64 142 139 
64 29 7 88 134 6 142 
AQUIIII!!142 29 20 134 21 88 96 139 
AQUIIII!!88 21 96 134 29 20 139 142 
AQUIIII!!88 AQUIIII!!29 139 AQUIIII!!134 88 134 7 20 139 139 96 21 64 64 29 6 6 134 142 135 142 7 

88 142 
AQUIIII!!7 88 135 64 6 136 139 142 
AQUIIII!!136 AQUIIII!!6 6 135 64 88 8 29 64 21 7 134 88 139 142 142 

AQUIIII!!142 AQUIIII!!134 142 139 7 96 88 134 6 21 29 88 64 
29 20 139 
AQUIIII!!142 8 88 6 136 135 7 64 
AQUIIII!!88 135 6 7 136 64 8 142 
AQUIIII!!29 134 139 96 88 21 20 142 
AQUIIII!!139 21 64 88 134 6 29 142 
AQUIIII!!6 134 88 29 7 64 139 142 
AQUIIII!!134 21 88 6 29 139 64 142 
AQUIIII!!88 134 64 6 7 29 139 142 
AQUIIII!!7 64 134 88 139 AQUIIII!!135 142 6 64 142 6 
134 139 88 21 29 
AQUIIII!!64 6 134 139 88 21 29 142 
AQUIIII!!139 AQUIIII!!134 142 88 134 7 6 88 7 135 64 64 139 135 6 
142 
AQUIIII!!142 6 88 64 135 7 139 136 
AQUIIII!!142 6 64 88 134 29 21 139 
AQUIIII!!142 7 64 88 134 139 6 29 
AQUIIII!!142 21 134 88 20 139 96 29 
AQUIIII!!142 8 135 7 6 64 88 136 
AQUIIII!!142 96 134 21 29 20 139 88 
AQUIIII!!7 135 139 134 64 6 88 142 
AQUIIII!!6 7 64 139 135 88 134 142 
AQUIIII!!142 88 29 64 21 139 6 134 
AQUIIII!!7 142 136 6 8 135 64 88 
AQUIIII!!139 20 21 134 96 29 88 142 AQUIIII!!
142 134 29 139 96 21 20 88 
AQUIIII!!142 134 139 29 21 20 88 96 
AQUIIII!!21 134 139 29 6 88 64 142 
AQUIIII!!6 21 29 139 88 64 AQUIIII!!134 142 134 
64 139 7 135 6 88 142 
AQUIIII!!142 6 139 88 7 134 135 64 
AQUIIII!!142 88 64 7 135 AQUIIII!!6 142 139 8 7 136 64 6 
135 134 88 
AQUIIII!!142 139 136 49 6 50 7 135 
AQUIIII!!135 7 139 6 64 88 134 142 
AQUIIII!!139 29 6 7 64 134 88 142 
AQUIIII!!142 88 29 20 139 134 21 96 
AQUIIII!!142 134 64 6 139 88 7 29 
AQUIIII!!20 29 88 96 139 21 134 142 
AQUIIII!!142 134 29 88 21 96 139 20 
AQUIIII!!142 88 21 139 29 96 20 134 
AQUIIII!!142 139 29 64 134 88 6 21 
AQUIIII!!142 135 136 7 AQUIIII!!6 134 64 96 139 88 88 21 
139 29 20 142 
AQUIIII!!29 21 139 20 96 AQUIIII!!134 142 88 64 142 6 29 
139 88 7 134 
AQUIIII!!142 8 136 64 7 88 135 6 
AQUIIII!!64 88 7 8 136 142 6 135 
AQUIIII!!142 6 64 29 88 139 134 7 
AQUIIII!!142 64 6 8 88 135 136 7 
AQUIIII!!142 88 64 135 6 136 7 139 
AQUIIII!!142 64 29 21 134 139 6 88 
AQUIIII!!88 8 64 136 135 142 7 6 
AQUIIII!!142 6 7 135 88 8 64 136 
AQUIIII!!142 6 88 135 134 7 139 64 
AQUIIII!!142 134 88 6 135 7 64 139 
AQUIIII!!142 88 29 96 134 139 21 20 
AQUIIII!!142 64 6 21 139 29 134 88 
AQUIIII!!142 139 88 AQUIIII!!136 142 6 21 135 96 64 139 7 
29 20 88 134 
AQUIIII!!142 135 136 7 64 6 88 139 
AQUIIII!!142 139 6 AQUIIII!!64 142 7 64 136 29 135 7 88 88 
139 134 6 
AQUIIII!!142 88 139 135 134 64 7 6 
AQUIIII!!142 88 8 136 64 6 135 7 
AQUIIII!!142 135 64 88 6 136 7 8 
AQUIIII!!142 88 64 AQUIIII!!7 139 142 6 7 29 134 134 
139 6 29 88 64 
AQUIIII!!142 135 7 139 134 88 6 64 
AQUIIII!!142 139 64 29 6 134 88 21 
AQUIIII!!142 7 64 6 136 135 88 AQUIIII!!139 142 88 
8 7 6 135 136 64 
AQUIIII!!AQUIIII!!142 142 64 64 134 8 7 6 88 136 88 139 7 6 29 135 

AQUIIII!!142 21 134 6 29 88 139 64 
AQUIIII!!142 29 21 88 134 20 139 96 
AQUIIII!!142 139 134 64 6 88 7 29 
AQUIIII!!142 136 88 64 135 7 6 8 
AQUIIII!!142 88 6 136 7 139 135 64 
AQUIIII!!142 29 6 88 21 64 134 139 
AQUIIII!!142 135 139 136 64 88 7 6 
AQUIIII!!135 142 6 7 139 88 134 64 
AQUIIII!!142 7 64 139 134 6 29 88 
AQUIIII!!142 88 136 64 6 135 8 7 
AQUIIII!!142 64 6 8 88 7 135 136 
AQUIIII!!7 136 142 6 135 64 8 88 
AQUIIII!!142 6 21 88 139 134 29 64 
Number of Cuts in the second phase:2423
Number of repeat: 2414 
Violation: 50.000000
Violation: 289.000000
Violation: 33.000000
Violation: 337.000000
Violation: 158.000000
Violation: 106.000000
Violation: 135.000000
Violation: 461.000000
Violation: 265.000000
816 8
AQUIIII!!142 139 64 134 88 21 29 6 
AQUIIII!!64 7 6 88 134 135 139 142 
AQUIIII!!135 7 88 6 139 64 134 142 
AQUIIII!!142 139 88 6 64 29 7 134 
AQUIIII!!142 21 139 96 20 134 88 29 
AQUIIII!!142 6 88 134 7 135 139 64 
AQUIIII!!142 136 8 64 7 6 135 88 
AQUIIII!!134 64 139 6 21 29 88 142 
AQUIIII!!139 64 88 29 6 134 7 142 
AQUIIII!!142 21 139 96 20 134 88 29 
AQUIIII!!142 88 7 135 136 64 8 6 
AQUIIII!!142 88 139 64 136 135 7 6 
AQUIIII!!139 136 6 7 64 135 88 142 
AQUIIII!!21 139 96 20 29 88 134 142 
AQUIIII!!142 6 7 134 139 29 64 88 
AQUIIII!!142 20 96 29 21 88 139 134 
AQUIIII!!142 6 139 7 88 135 134 64 
AQUIIII!!142 7 139 88 135 64 134 6 
AQUIIII!!142 135 6 139 64 7 88 134 
AQUIIII!!142 7 8 135 6 64 136 88 
Number of Cuts in the second phase:231
Number of repeat: 229 
Violation: 728.000000
Violation: 172.000000
took 10.850817
Optimize a model with 1111 rows, 10797 columns and 132885 nonzeros
Coefficient statistics:
  Matrix range     [1e-05, 9e+01]
  Objective range  [0e+00, 0e+00]
  Bounds range     [1e+00, 2e+09]
  RHS range        [1e+00, 6e+01]
Warning: Model contains large bounds
         Consider reformulating model or setting NumericFocus parameter
         to avoid numerical issues.

Concurrent LP optimizer: dual simplex and barrier
Showing barrier log only...

Presolve removed 153 rows and 420 columns
Presolve time: 0.04s
Presolved: 958 rows, 10377 columns, 125372 nonzeros

Ordering time: 0.00s

Barrier statistics:
 AA' NZ     : 5.220e+04
 Factor NZ  : 9.087e+04 (roughly 5 MBytes of memory)
 Factor Ops : 1.062e+07 (less than 1 second per iteration)
 Threads    : 3

                  Objective                Residual
Iter       Primal          Dual         Primal    Dual     Compl     Time
   0   0.00000000e+00 -2.68716634e+07  7.25e+09 0.00e+00  1.25e+06     0s
   1   0.00000000e+00 -4.41224347e+06  2.74e+09 7.85e-03  4.72e+05     0s
   2   0.00000000e+00 -1.96253654e+05  3.58e+08 1.53e-16  6.26e+04     0s
   3   0.00000000e+00 -1.42302136e+03  3.07e+04 2.08e-16  5.43e+00     0s
   4   0.00000000e+00 -1.13344297e+03  2.34e+04 3.62e-06  3.94e+00     0s
   5   0.00000000e+00 -1.70605851e+03  1.00e+04 1.62e-04  2.27e+00     0s
   6   0.00000000e+00 -8.70579755e+02  4.81e+03 2.48e-05  9.19e-01     0s
   7   0.00000000e+00 -5.24407433e+02  1.70e+03 7.21e-06  3.24e-01     0s
   8   0.00000000e+00 -2.31894363e+02  8.69e+02 3.19e-08  1.58e-01     0s
   9   0.00000000e+00 -1.30782827e+02  2.21e+02 5.51e-09  4.24e-02     0s
  10   0.00000000e+00 -6.61968769e+01  5.25e+01 1.64e-09  1.15e-02     0s
  11   0.00000000e+00 -3.53834472e+01  2.16e+01 6.73e-10  4.89e-03     0s
  12   0.00000000e+00 -1.70611111e+01  7.38e+00 2.53e-10  1.77e-03     0s
  13   0.00000000e+00 -1.32574144e+01  3.40e+00 1.83e-10  1.05e-03     0s

Barrier performed 13 iterations in 0.12 seconds
Barrier solve interrupted - model solved by another algorithm


Solved with dual simplex
Solved in 638 iterations and 0.12 seconds
Optimal objective  0.000000000e+00
