j309_10.mm_s4.txt
Academic license - for non-commercial use only
Read LP format model from file lp/j309_10.mm.lp
Reading time = 0.00 seconds
: 324 rows, 605 columns, 5465 nonzeros
OKGPU
nThreads: 1024 , nBlocks: 12 
Number cuts generated in the phase 1: 11
Number of repeat: 0 
violation 160.000000
violation 65.000000
violation 127.000000
violation 648.000000
violation 17.000000
violation 17.000000
violation 277.000000
violation 482.000000
violation 147.000000
violation 144.000000
violation 13.000000
8592 16
AQUIIII!!104 108 41 29 48 69 1 43 103 16 18 10 39 0 5 19 
AQUIIII!!104 41 108 43 1 2 103 39 101 AQUIIII!!5 104 48 103 3 73 101 10 41 0 1 2 19 39 69 48 0 
5 91 71 10 69 8 
AQUIIII!!104 AQUIIII!!108 104 110 43 48 103 69 41 19 5 18 AQUIIII!!16 0 104 5 29 39 110 39 0 48 69 103 10 108 2 18 29 69 16 43 5 41 103 19 0 10 43 39 
48 19 41 
73 10 1 101 108 
AQUIIII!!8 91 2 1 71 0 48 69 103 9 5 3 41 39 101 104 
AQUIIII!!1 9 0 91 48 39 41 2 8 103 5 69 AQUIIII!!3 41 101 1 71 0 104 103 
69 101 5 2 39 43 71 3 10 19 48 104 AQUIIII!!
104 39 1 41 5 0 48 91 8 2 69 101 103 3 10 71 
AQUIIII!!104 69 48 43 108 19 2 29 5 39 0 10 18 41 103 1 
AQUIIII!!104 18 29 20 16 82 108 73 17 110 34 19 80 15 43 10 
AQUIIII!!104 48 71 2 8 0 39 69 41 5 103 10 91 1 101 3 
AQUIIII!!5 73 0 10 43 69 48 2 108 39 41 103 101 19 1 104 
AQUIIII!!104 39 91 41 103 2 69 71 9 101 AQUIIII!!3 1 108 AQUIIII!!48 8 103 19 5 0 5 108 
39 15 1 16 AQUIIII!!0 17 41 19 18 19 48 43 5 10 80 0 43 29 103 29 82 29 18 20 108 41 10 69 69 34 39 73 2 2 110 104 10 104 

43 1 48 18 104 
AQUIIII!!0 18 39 103 69 10 29 19 5 43 110 16 41 108 48 104 
AQUIIII!!5 48 9 3 103 71 41 8 39 101 91 69 0 1 2 104 
AQUIIII!!101 2 1 0 39 5 3 41 48 69 43 19 10 71 103 104 
AQUIIII!!104 80 43 17 19 20 108 73 110 10 34 18 16 29 5 82 
AQUIIII!!104 5 103 41 0 108 48 18 43 19 29 16 AQUIIII!!1 104 69 41 10 10 39 18 
108 19 103 39 69 48 16 110 43 0 5 29 
AQUIIII!!104 16 103 18 39 19 10 5 108 43 AQUIIII!!34 16 41 5 29 82 110 17 69 20 20 34 
73 110 10 18 29 108 43 80 19 104 
AQUIIII!!AQUIIII!!104 104 43 19 10 108 108 73 17 34 20 82 18 43 80 16 16 18 110 29 29 110 34 10 73 20 82 17 19 15 15 80 

AQUIIII!!104 20 110 10 34 80 17 43 108 29 73 16 18 82 15 19 
AQUIIII!!29 18 5 1 108 43 10 41 0 2 39 19 103 69 48 104 
AQUIIII!!103 10 19 69 39 20 110 5 41 43 108 29 18 34 16 104 
AQUIIII!!104 17 15 80 20 19 10 16 34 108 110 29 43 82 73 18 
AQUIIII!!19 5 1 AQUIIII!!48 2 18 103 29 8 2 101 39 1 69 5 103 3 10 9 108 69 0 AQUIIII!!39 41 5 0 43 73 48 104 20 71 
41 17 34 91 104 43 
80 82 108 16 19 29 110 18 10 104 
AQUIIII!!69 AQUIIII!!48 104 39 48 1 41 5 18 103 0 43 101 0 19 10 2 69 41 AQUIIII!!108 AQUIIII!!43 39 104 104 71 69 1 1 10 39 2 5 3 48 108 19 1 104 73 29 5 48 
2 10 103 19 103 103 0 101 
101 41 41 43 AQUIIII!!5 39 69 104 0 2 48 71 0 19 10 19 43 3 
69 
2 41 29 39 103 18 10 1 108 5 43 
AQUIIII!!104 69 19 41 103 108 0 48 39 101 43 5 1 2 73 10 
AQUIIII!!19 108 5 110 73 20 34 10 80 82 18 16 17 43 29 104 
AQUIIII!!104 10 108 19 43 69 1 5 29 18 41 103 39 2 0 48 
AQUIIII!!110 43 108 16 20 10 18 19 73 29 17 15 80 34 82 104 
AQUIIII!!16 29 10 108 43 80 82 110 73 17 AQUIIII!!108 20 41 34 19 18 18 29 39 15 69 19 1 43 104 2 
103 5 10 48 0 104 
AQUIIII!!0 5 69 18 29 2 43 19 1 108 10 39 41 103 48 104 
AQUIIII!!19 16 18 10 110 20 39 69 108 43 5 41 29 103 34 104 
AQUIIII!!104 43 18 69 19 5 41 16 29 108 110 34 10 39 103 20 
AQUIIII!!AQUIIII!!104 104 AQUIIII!!10 69 104 0 91 20 48 29 3 2 10 5 103 69 101 39 10 43 19 39 48 1 103 8 43 108 1 3 5 2 5 41 41 69 110 0 101 19 71 71 18 39 41 34 103 
16 

AQUIIII!!69 10 39 41 AQUIIII!!0 43 71 39 2 108 103 48 91 29 5 41 3 16 101 69 8 10 48 103 1 18 104 1 
5 0 19 104 
AQUIIII!!104 1 48 43 101 2 41 5 103 108 19 10 39 0 69 73 
AQUIIII!!104 101 73 108 41 19 43 48 39 10 2 5 69 0 103 1 
AQUIIII!!1 48 69 10 3 0 103 71 101 5 39 8 41 2 91 104 AQUIIII!!
104 2 1 48 29 43 39 103 AQUIIII!!18 69 5 10 19 5 0 73 108 101 41 2 69 0 48 10 1 
43 19 103 108 41 39 104 
AQUIIII!!104 2 41 0 101 5 91 9 3 103 71 1 39 69 48 8 
AQUIIII!!104 39 48 69 0 18 19 108 5 103 41 10 1 29 16 43 
AQUIIII!!104 29 20 16 108 103 69 41 34 43 19 5 18 10 110 39 
AQUIIII!!110 43 34 73 18 80 10 16 19 17 20 5 29 82 108 104 
AQUIIII!!104 0 10 69 41 48 2 91 8 5 1 101 103 3 71 39 
AQUIIII!!18 19 16 103 43 108 20 39 110 5 34 69 29 41 10 104 
AQUIIII!!104 2 103 19 1 10 101 48 0 43 39 71 41 3 69 5 
AQUIIII!!10 0 3 8 41 48 39 1 AQUIIII!!2 5 5 48 103 43 91 41 69 19 71 39 101 10 104 1 
18 0 103 69 16 108 29 104 
AQUIIII!!104 108 19 80 16 17 82 43 18 10 34 20 110 29 73 15 
AQUIIII!!18 69 48 43 39 5 16 41 0 19 10 103 1 29 108 104 
AQUIIII!!5 48 10 41 18 43 69 108 29 39 1 16 19 0 AQUIIII!!104 103 103 104 41 
2 91 3 101 71 48 5 39 8 0 10 1 AQUIIII!!69 10 
110 43 19 41 16 69 39 0 48 5 29 18 103 108 104 
AQUIIII!!104 101 0 108 41 69 73 1 5 103 10 39 43 48 2 19 
AQUIIII!!104 1 71 103 5 8 41 0 91 10 69 3 48 39 2 101 
AQUIIII!!104 103 16 19 108 41 10 69 5 39 20 110 43 29 18 34 
AQUIIII!!18 34 AQUIIII!!43 91 5 71 73 2 20 69 82 101 108 0 110 39 10 41 80 5 29 9 16 48 19 3 17 103 104 8 
1 104 
AQUIIII!!3 5 1 71 10 48 69 19 103 43 41 39 0 2 101 AQUIIII!!104 103 
41 29 110 10 5 69 108 19 48 43 16 0 39 18 104 
AQUIIII!!104 48 8 1 69 5 71 103 3 0 39 91 41 2 101 9 
AQUIIII!!104 15 18 73 19 17 34 20 82 10 29 110 16 43 80 108 
AQUIIII!!104 5 41 69 19 18 43 2 1 103 0 29 108 48 39 10 
AQUIIII!!16 29 73 10 34 18 17 110 19 5 AQUIIII!!82 19 101 20 10 80 103 108 2 43 48 104 5 41 
3 39 0 71 43 69 1 104 
AQUIIII!!104 17 73 80 19 16 18 15 34 10 108 110 20 82 29 43 
AQUIIII!!3 10 2 8 1 71 69 5 39 48 41 91 0 103 101 104 
AQUIIII!!3 10 0 103 48 41 8 5 71 2 1 39 91 69 101 104 
AQUIIII!!41 101 69 2 5 73 48 108 43 19 39 1 0 103 10 104 
AQUIIII!!0 91 41 48 69 5 3 71 103 1 8 2 39 9 101 104 
AQUIIII!!104 69 48 5 103 0 101 1 39 8 41 71 3 91 9 2 
AQUIIII!!108 69 18 34 19 103 5 41 16 20 29 110 39 43 10 104 
AQUIIII!!34 82 29 15 73 20 19 108 110 10 18 16 43 80 17 104 
AQUIIII!!104 0 3 10 103 41 48 1 19 101 71 2 5 39 43 69 
AQUIIII!!82 73 17 10 29 18 5 20 80 108 34 19 16 43 110 104 
AQUIIII!!29 5 19 69 39 108 16 48 10 18 0 41 1 103 43 104 
AQUIIII!!104 AQUIIII!!3 104 39 0 8 5 41 101 10 1 2 39 8 101 48 1 41 91 5 91 69 9 3 71 103 103 71 48 
0 2 69 
AQUIIII!!104 39 69 0 1 48 3 5 71 41 103 19 43 101 2 10 
AQUIIII!!104 18 20 43 15 80 16 19 29 73 82 110 17 10 108 34 
AQUIIII!!104 18 15 82 43 110 29 10 73 16 80 17 108 20 19 34 
AQUIIII!!1 2 39 71 5 10 0 41 43 48 19 3 101 69 103 104 
AQUIIII!!104 0 103 1 43 10 29 41 108 5 69 2 48 19 39 18 
AQUIIII!!104 8 41 2 0 69 101 3 71 1 5 48 10 39 103 91 
AQUIIII!!101 71 39 69 103 48 0 2 5 41 3 91 1 9 8 104 
AQUIIII!!15 34 18 16 80 17 82 108 110 73 43 29 20 19 10 104 
AQUIIII!!73 34 80 17 19 10 110 43 20 108 5 16 29 18 82 104 
AQUIIII!!104 1 71 5 3 48 2 0 10 41 103 39 69 19 101 43 
AQUIIII!!104 71 10 0 2 69 48 103 19 1 43 41 3 101 39 5 
AQUIIII!!104 39 43 29 108 110 10 19 16 41 69 48 0 103 5 18 
AQUIIII!!69 48 10 39 5 1 108 2 0 19 41 18 29 103 43 104 
AQUIIII!!104 2 71 0 69 8 3 91 103 101 48 1 39 5 41 10 
AQUIIII!!104 69 19 39 48 0 41 2 108 18 1 5 29 103 10 43 
AQUIIII!!104 0 5 3 19 69 39 103 10 71 101 43 1 48 41 2 
AQUIIII!!104 5 73 2 10 69 48 43 0 39 19 101 1 103 108 41 
AQUIIII!!0 2 48 39 101 69 43 41 10 103 19 1 5 73 108 104 
Number of Cuts in the second phase:1875
Number of repeat: 1811 
Violation: 824.000000
Violation: 320.000000
Violation: 329.000000
Violation: 1.000000
Violation: 608.000000
Violation: 256.000000
Violation: 54.000000
Violation: 216.000000
Violation: 172.000000
Violation: 65.000000
Violation: 1040.000000
Violation: 11.000000
Violation: 170.000000
Violation: 216.000000
Violation: 432.000000
Violation: 200.000000
Violation: 296.000000
Violation: 417.000000
Violation: 319.000000
Violation: 159.000000
Violation: 862.000000
Violation: 4.000000
Violation: 171.000000
Violation: 40.000000
Violation: 122.000000
Violation: 139.000000
Violation: 40.000000
Violation: 53.000000
Violation: 306.000000
Violation: 864.000000
Violation: 290.000000
Violation: 206.000000
Violation: 38.000000
Violation: 547.000000
Violation: 608.000000
Violation: 5.000000
Violation: 228.000000
Violation: 169.000000
Violation: 31.000000
Violation: 41.000000
Violation: 170.000000
Violation: 472.000000
Violation: 466.000000
Violation: 11.000000
Violation: 904.000000
Violation: 688.000000
Violation: 32.000000
Violation: 62.000000
Violation: 23.000000
Violation: 40.000000
Violation: 143.000000
Violation: 430.000000
Violation: 405.000000
Violation: 360.000000
Violation: 153.000000
Violation: 39.000000
Violation: 432.000000
Violation: 166.000000
Violation: 419.000000
Violation: 161.000000
Violation: 149.000000
Violation: 147.000000
Violation: 248.000000
Violation: 15.000000
5400 16
AQUIIII!!104 19 69 43 1 108 10 AQUIIII!!2 104 48 34 18 20 103 73 29 19 0 82 41 108 110 39 16 5 17 
80 AQUIIII!!5 104 29 10 43 18 69 43 10 
1 AQUIIII!!18 104 2 41 0 20 103 69 5 110 19 108 29 18 39 34 41 39 108 5 48 10 
19 103 AQUIIII!!16 104 15 29 73 43 16 
43 20 29 18 82 108 17 19 34 80 10 110 
AQUIIII!!104 0 48 71 1 101 39 8 41 3 9 91 2 69 5 103 
AQUIIII!!5 108 39 41 103 2 19 1 43 0 73 101 69 10 48 104 
AQUIIII!!2 48 0 41 71 1 101 10 39 91 3 69 8 5 103 104 
AQUIIII!!104 10 19 0 48 1 18 41 5 69 43 29 103 16 108 39 
AQUIIII!!0 19 2 39 1 43 69 10 71 101 48 3 103 5 41 104 
AQUIIII!!AQUIIII!!104 91 0 10 1 18 69 5 41 101 39 71 19 5 43 1 103 16 3 48 69 41 103 39 108 10 29 
0 2 48 8 104 
AQUIIII!!AQUIIII!!48 82 69 19 29 73 41 80 16 18 15 103 10 0 18 108 16 39 20 5 34 110 110 43 29 AQUIIII!!43 19 1 10 17 0 108 104 2 
104 91 
8 9 5 71 69 39 48 41 101 103 3 104 
AQUIIII!!104 10 41 5 2 18 0 29 39 103 108 43 48 69 1 19 
AQUIIII!!103 16 41 1 43 18 0 5 69 19 48 108 39 29 AQUIIII!!10 69 104 1 
71 5 19 2 10 3 0 48 41 39 43 101 103 104 
AQUIIII!!20 108 10 43 18 15 73 19 16 80 110 17 34 29 82 104 
AQUIIII!!104 73 80 29 108 82 10 20 34 110 17 18 43 AQUIIII!!15 104 19 16 10 
5 2 1 19 3 43 48 101 103 41 71 0 69 39 
AQUIIII!!101 8 103 5 9 39 3 48 71 69 1 2 91 0 41 104 
AQUIIII!!104 20 5 34 80 17 43 16 18 29 82 10 73 19 110 108 
AQUIIII!!108 29 19 48 10 5 16 41 69 18 110 43 0 103 39 104 
AQUIIII!!5 48 71 19 103 101 1 39 10 41 3 43 2 0 69 104 
AQUIIII!!103 41 110 16 108 48 19 18 5 39 69 0 43 10 29 104 
AQUIIII!!3 101 71 103 39 8 9 1 41 69 0 5 91 2 AQUIIII!!48 104 104 
1 10 48 3 101 103 AQUIIII!!41 1 71 10 43 108 69 69 19 5 0 29 39 43 5 16 2 39 
18 19 103 41 48 0 104 
AQUIIII!!91 48 41 69 71 101 10 8 1 39 5 0 3 103 2 104 
AQUIIII!!69 2 71 1 41 5 103 91 3 8 39 10 0 101 48 104 
AQUIIII!!34 41 5 20 69 43 19 39 103 110 10 29 16 108 18 104 
AQUIIII!!104 16 34 43 5 110 108 41 19 39 69 29 20 103 10 18 
AQUIIII!!10 48 91 5 1 41 69 2 0 39 8 101 71 103 3 AQUIIII!!104 
34 AQUIIII!!73 9 5 39 43 103 29 91 108 41 8 17 1 82 71 10 48 2 20 0 110 101 18 3 5 80 69 16 104 19 
104 
AQUIIII!!2 48 41 1 69 103 71 5 101 0 39 91 9 3 8 104 
AQUIIII!!110 43 16 80 19 108 10 34 18 82 73 5 29 20 17 104 
AQUIIII!!69 91 101 8 48 3 0 41 1 5 10 39 2 103 71 104 
AQUIIII!!16 29 15 43 82 10 73 80 108 110 19 18 34 17 20 104 
AQUIIII!!29 16 10 5 103 108 48 18 0 41 110 69 39 43 19 104 
AQUIIII!!39 41 108 16 18 48 69 0 10 110 43 5 29 103 19 104 
AQUIIII!!69 29 19 20 108 10 16 110 103 34 41 39 5 43 18 104 
AQUIIII!!104 101 5 48 8 2 0 3 103 41 9 39 91 69 1 71 
AQUIIII!!2 39 10 43 3 0 5 69 48 41 1 101 71 19 103 104 
AQUIIII!!104 39 48 43 2 19 41 18 1 0 10 5 103 108 29 69 
AQUIIII!!29 110 19 43 10 73 80 5 18 17 34 82 108 20 16 104 
AQUIIII!!69 39 103 101 5 9 91 41 0 71 1 3 48 8 2 104 
AQUIIII!!16 10 43 19 20 110 39 29 18 41 103 69 34 108 5 104 
AQUIIII!!104 39 2 43 19 48 41 103 29 5 69 10 0 108 18 1 
AQUIIII!!41 69 91 1 8 5 39 71 9 48 103 2 0 101 3 104 
AQUIIII!!104 18 73 43 34 19 20 108 10 110 5 16 17 80 82 29 
AQUIIII!!101 2 43 71 1 39 3 0 5 69 41 19 10 103 48 104 
AQUIIII!!91 71 48 0 2 1 101 69 39 5 41 9 3 8 103 104 
AQUIIII!!104 15 18 19 43 17 82 29 110 108 16 80 34 10 73 20 
AQUIIII!!104 8 0 2 71 3 5 91 69 103 101 48 41 10 1 39 
AQUIIII!!5 2 39 71 101 3 41 48 69 10 103 1 19 0 43 AQUIIII!!104 82 
18 20 17 108 110 34 80 29 10 19 15 16 73 43 104 
AQUIIII!!104 29 41 43 108 34 69 18 19 110 103 20 16 39 5 10 
AQUIIII!!48 1 16 18 41 103 19 0 108 43 69 29 5 39 10 104 
AQUIIII!!104 69 108 73 41 2 103 101 0 10 48 5 43 1 19 39 
AQUIIII!!10 34 19 82 108 80 110 5 43 29 16 20 17 18 73 104 
AQUIIII!!104 73 108 1 103 48 19 0 39 69 43 2 10 101 5 41 
AQUIIII!!8 71 91 10 39 103 0 1 69 48 101 2 41 3 5 104 
Number of Cuts in the second phase:1151
Number of repeat: 1143 
Violation: 215.000000
Violation: 688.000000
Violation: 63.000000
Violation: 14.000000
Violation: 168.000000
Violation: 64.000000
Violation: 431.000000
Violation: 472.000000
took 7.092531
Optimize a model with 463 rows, 605 columns and 6141 nonzeros
Coefficient statistics:
  Matrix range     [1e+00, 2e+01]
  Objective range  [0e+00, 0e+00]
  Bounds range     [1e+00, 2e+01]
  RHS range        [1e+00, 8e+01]
Presolve removed 139 rows and 106 columns
Presolve time: 0.00s
Presolved: 324 rows, 499 columns, 5647 nonzeros

Iteration    Objective       Primal Inf.    Dual Inf.      Time
       0    0.0000000e+00   2.481250e+01   0.000000e+00      0s
     168    0.0000000e+00   0.000000e+00   0.000000e+00      0s

Solved in 168 iterations and 0.01 seconds
Optimal objective  0.000000000e+00
