j3017_4.mm_s0.txt
Academic license - for non-commercial use only
Read LP format model from file lp/j3017_4.mm.lp
Reading time = 0.01 seconds
: 351 rows, 906 columns, 9053 nonzeros
OKGPU
nThreads: 1024 , nBlocks: 12 
Number cuts generated in the phase 1: 13
Number of repeat: 0 
violation 714.000000
violation 695.000000
violation 185.000000
violation 585.000000
violation 236.000000
violation 674.000000
violation 674.000000
violation 782.000000
violation 423.000000
violation 27.000000
violation 198.000000
violation 402.000000
violation 750.000000
8592 16
17 36 8 51 34 49 29 6 54 
AQUIIII!!AQUIIII!!AQUIIII!!44 16 18 34 31 26 23 48 57 36 31 53 33 7 8 48 23 49 3 50 17 17 6 26 36 AQUIIII!!AQUIIII!!9 8 41 3 51 31 29 20 51 34 17 5 49 18 36 10 29 36 8 23 43 6 23 54 54 49 19 

26 22 36 34 6 18 51 52 19 8 7 34 49 
33 AQUIIII!!29 37 18 48 23 7 7 22 7 3 20 41 18 3 50 51 6 36 AQUIIII!!54 54 6 6 
44 
3 8 23 19 7 3 17 34 36 23 51 51 33 20 26 54 16 
48 49 31 43 10 54 
AQUIIII!!54 AQUIIII!!49 54 17 18 7 31 48 3 31 49 34 34 36 29 29 36 23 48 8 23 51 51 26 3 6 18 33 6 8 
19 7 
AQUIIII!!54 34 31 23 26 7 17 36 43 3 48 49 6 16 51 8 
AQUIIII!!54 49 17 7 48 31 34 36 29 23 8 51 26 3 18 6 
AQUIIII!!51 AQUIIII!!23 36 31 51 33 34 19 3 18 7 31 34 6 48 48 18 3 36 26 6 49 29 29 8 8 23 54 17 
49 7 54 
AQUIIII!!36 17 16 49 6 31 34 3 51 23 43 7 48 8 26 54 
AQUIIII!!54 3 49 48 6 36 29 7 51 8 AQUIIII!!31 18 54 5 19 33 26 17 23 34 51 
16 43 48 31 23 36 49 33 9 10 3 
AQUIIII!!5 4 16 36 49 10 51 23 37 33 17 9 48 43 26 54 
AQUIIII!!54 6 17 8 3 31 51 36 7 34 18 48 AQUIIII!!29 54 23 51 49 6 9 26 3 
16 26 31 43 33 36 17 23 48 49 10 
AQUIIII!!16 AQUIIII!!10 16 33 26 31 5 48 AQUIIII!!9 23 54 33 51 43 6 48 9 26 49 3 36 16 31 26 6 23 31 43 7 43 33 10 3 36 17 17 AQUIIII!!49 23 36 48 23 51 49 51 16 17 10 3 
AQUIIII!!10 54 54 54 36 9 

16 9 51 36 43 10 37 31 49 26 23 48 6 26 17 33 5 4 49 43 51 33 
17 48 3 54 
AQUIIII!!49 23 17 51 33 31 10 48 16 3 43 6 26 7 36 54 
AQUIIII!!54 36 6 18 41 3 34 50 44 19 22 8 20 52 7 23 
AQUIIII!!54 19 6 AQUIIII!!34 51 36 33 18 6 23 54 41 8 52 37 20 34 22 7 3 19 50 49 20 44 36 7 23 8 3 
18 29 
AQUIIII!!34 8 36 33 49 51 3 29 6 18 23 31 48 19 AQUIIII!!54 19 7 8 
33 51 34 7 31 3 23 36 18 6 29 48 54 49 
AQUIIII!!8 50 51 18 19 6 23 41 36 22 44 20 3 34 7 54 
AQUIIII!!54 34 23 20 49 3 7 29 37 8 18 33 19 36 6 51 
AQUIIII!!25 27 33 47 56 55 37 15 2 AQUIIII!!14 23 13 8 34 51 1 29 38 18 59 26 21 48 
49 17 6 7 31 34 36 3 54 
AQUIIII!!47 34 0 37 25 14 15 13 AQUIIII!!54 12 51 38 31 49 33 17 55 34 3 56 43 45 48 21 23 6 59 36 
7 26 16 8 
AQUIIII!!44 6 23 22 AQUIIII!!18 6 57 54 7 50 36 7 34 16 41 31 52 48 43 20 3 34 23 AQUIIII!!51 19 33 26 36 17 16 8 53 31 49 8 
51 
5 23 10 26 36 17 3 48 49 43 54 9 AQUIIII!!
51 AQUIIII!!16 2 9 43 17 16 10 49 23 33 48 26 49 27 26 23 43 9 37 37 33 4 5 17 36 10 4 54 5 
48 1 
AQUIIII!!31 34 36 16 6 23 7 26 51 AQUIIII!!48 8 54 49 51 3 23 43 6 17 29 54 49 
31 17 48 18 8 34 26 7 3 36 
AQUIIII!!54 51 23 6 29 49 31 17 48 18 8 34 26 7 3 36 
AQUIIII!!36 3 6 18 34 50 8 19 23 22 41 7 51 44 20 54 
AQUIIII!!7 54 31 51 10 23 36 26 16 17 33 6 48 43 3 49 
AQUIIII!!22 8 36 3 18 50 44 6 34 19 20 23 41 7 51 54 
AQUIIII!!AQUIIII!!16 20 51 50 31 44 3 19 23 8 AQUIIII!!33 18 36 23 36 33 34 49 9 3 3 5 22 7 49 41 23 36 48 26 52 51 43 6 31 10 7 43 54 6 26 
17 17 16 54 10 
48 54 
AQUIIII!!6 23 26 16 34 17 31 43 36 3 54 49 8 51 7 48 
AQUIIII!!3 48 54 8 7 34 49 31 17 23 43 26 16 51 6 36 
AQUIIII!!3 49 31 33 26 23 AQUIIII!!48 51 16 33 51 34 9 AQUIIII!!36 3 17 48 7 54 36 8 8 7 5 20 34 49 10 23 31 43 17 18 23 49 54 43 26 3 
16 37 51 6 29 36 19 
6 54 
AQUIIII!!54 AQUIIII!!50 54 20 51 7 3 36 8 3 31 6 49 8 34 23 18 41 29 18 19 44 23 19 AQUIIII!!33 51 54 22 48 AQUIIII!!7 7 34 54 6 
36 20 50 6 29 23 
23 20 33 41 7 44 3 51 36 8 34 6 8 19 19 36 22 34 52 18 18 49 
37 3 
AQUIIII!!54 10 36 31 33 17 48 23 3 49 5 26 51 16 9 43 
AQUIIII!!54 9 5 31 3 36 49 17 AQUIIII!!10 26 53 16 52 48 43 20 51 19 33 50 23 
7 18 22 36 23 44 41 58 57 34 8 
AQUIIII!!17 16 36 49 43 26 33 4 5 48 10 37 9 23 51 54 
AQUIIII!!54 51 10 43 49 36 26 33 48 23 5 3 31 17 9 16 
AQUIIII!!29 3 36 33 18 6 19 37 34 7 8 51 49 20 23 54 
AQUIIII!!31 7 18 48 19 8 6 23 36 33 29 AQUIIII!!AQUIIII!!23 49 4 44 3 23 41 34 43 19 36 36 54 51 49 51 50 22 9 
6 51 18 26 3 34 AQUIIII!!17 7 23 33 20 51 54 37 8 16 16 
48 5 33 10 26 AQUIIII!!48 3 54 36 54 9 10 
31 5 31 49 3 17 36 6 49 43 17 9 10 54 
26 16 48 43 51 33 23 
AQUIIII!!54 16 26 5 33 51 23 31 49 43 3 9 10 36 17 48 
AQUIIII!!54 3 31 AQUIIII!!10 54 26 17 36 49 10 16 43 36 48 6 5 9 51 23 33 3 43 26 51 9 49 17 33 16 48 31 23 
AQUIIII!!
54 49 26 9 36 16 10 33 4 48 37 5 17 23 43 51 
AQUIIII!!7 AQUIIII!!53 7 52 54 AQUIIII!!3 31 54 6 19 36 41 19 43 50 18 8 36 22 22 26 8 20 6 44 50 23 48 34 18 23 7 23 51 52 44 3 34 20 36 16 34 8 6 3 
41 17 
49 
AQUIIII!!AQUIIII!!48 59 51 0 54 47 26 43 21 17 37 49 23 38 9 13 33 45 10 16 12 31 55 36 6 14 3 56 
15 33 25 34 
AQUIIII!!6 19 54 29 18 23 AQUIIII!!36 36 34 41 7 22 8 23 51 34 31 7 33 44 3 8 48 3 49 52 
6 19 18 50 20 54 
AQUIIII!!6 26 23 43 3 49 10 31 7 51 36 16 17 33 48 54 
AQUIIII!!54 AQUIIII!!7 54 34 6 50 7 22 49 19 18 8 19 36 33 23 23 6 8 20 41 18 37 34 3 20 3 36 51 44 51 29 

AQUIIII!!52 7 41 6 20 44 50 8 23 36 18 22 3 34 53 19 
AQUIIII!!8 7 22 19 36 18 44 34 23 52 57 50 41 20 58 53 
AQUIIII!!36 3 17 16 51 49 10 23 43 9 31 33 26 48 5 54 
AQUIIII!!44 41 6 36 8 3 50 34 20 7 18 19 22 23 52 54 
AQUIIII!!54 41 44 36 19 20 34 6 23 7 51 22 3 50 18 8 
AQUIIII!!34 36 31 8 7 23 3 33 51 49 18 6 19 48 29 54 
AQUIIII!!51 54 23 43 36 10 16 33 17 5 48 31 3 9 26 49 
AQUIIII!!20 37 33 36 34 3 6 8 29 51 18 49 19 7 23 54 
AQUIIII!!34 36 49 48 33 51 19 31 23 3 7 29 8 6 18 54 
AQUIIII!!37 AQUIIII!!16 54 3 10 33 7 4 51 5 23 29 8 9 37 43 34 AQUIIII!!20 33 54 18 19 10 23 3 36 48 49 51 33 6 36 
49 23 9 36 6 AQUIIII!!17 26 51 26 26 43 31 9 54 17 49 48 6 16 

16 31 48 33 23 3 10 17 49 36 51 43 54 
AQUIIII!!23 9 49 5 51 10 17 4 36 43 33 48 26 37 16 54 
AQUIIII!!AQUIIII!!23 54 5 50 49 48 7 AQUIIII!!9 49 8 48 26 9 44 43 10 3 16 51 2 10 51 37 36 36 4 4 23 23 17 17 18 26 33 16 6 36 51 41 5 37 43 34 54 33 20 

22 19 
AQUIIII!!49 1 48 9 16 AQUIIII!!23 54 10 48 27 AQUIIII!!3 5 7 33 17 52 6 33 53 19 4 22 29 26 50 23 43 18 18 2 6 31 37 44 36 
19 51 20 34 36 7 34 49 41 8 23 
8 3 
AQUIIII!!23 34 8 18 3 50 22 7 44 6 36 41 20 19 54 51 
AQUIIII!!51 6 26 7 8 48 31 34 29 23 36 17 3 49 18 54 
AQUIIII!!54 36 6 31 17 48 49 34 23 26 51 8 7 43 3 16 
AQUIIII!!54 9 51 10 48 36 31 43 3 49 33 26 16 23 AQUIIII!!17 5 57 
38 11 33 0 36 44 58 19 22 50 18 34 53 52 20 
AQUIIII!!34 6 16 3 23 26 8 43 31 7 49 51 17 36 48 54 
AQUIIII!!36 6 48 3 7 49 16 26 31 43 33 17 51 10 23 54 
AQUIIII!!51 48 49 23 17 5 36 33 37 43 9 4 16 10 26 54 
AQUIIII!!54 16 3 36 49 23 10 26 51 17 31 33 43 9 5 48 
AQUIIII!!54 AQUIIII!!22 54 33 18 6 8 3 50 49 34 48 41 31 3 18 19 29 7 51 20 8 7 23 36 6 23 36 19 44 34 51 

AQUIIII!!54 31 AQUIIII!!49 49 33 1 3 48 9 9 43 16 48 23 36 10 6 27 51 5 17 17 23 33 26 4 16 26 10 43 
2 37 
AQUIIII!!54 7 29 37 6 20 19 34 49 AQUIIII!!8 36 33 3 23 8 34 23 48 33 29 51 36 18 18 19 
31 6 7 51 54 49 3 
AQUIIII!!54 3 18 6 51 26 8 23 31 17 34 36 7 49 29 48 
AQUIIII!!16 31 3 AQUIIII!!43 8 17 53 34 36 8 58 26 44 48 57 36 11 49 52 7 18 23 41 6 AQUIIII!!22 54 54 19 AQUIIII!!51 19 54 50 
18 9 20 33 16 38 48 51 23 34 36 7 
10 34 37 3 49 51 23 49 48 29 26 31 17 8 5 36 4 6 43 
33 
AQUIIII!!23 36 26 34 8 16 48 6 49 7 31 43 3 51 17 54 
AQUIIII!!7 23 6 51 54 34 36 16 8 43 49 26 31 17 48 3 
AQUIIII!!54 10 49 16 31 26 48 5 51 3 33 43 9 17 23 36 
AQUIIII!!49 23 31 43 8 7 17 6 16 AQUIIII!!36 6 48 16 26 3 3 43 34 34 54 23 51 51 
31 8 36 7 17 49 26 48 54 
AQUIIII!!48 17 3 31 7 33 49 23 36 26 16 51 AQUIIII!!6 38 43 50 10 57 54 58 
44 18 52 20 11 36 19 41 AQUIIII!!34 54 22 36 53 19 8 37 
49 29 18 20 34 51 6 7 23 3 33 8 
AQUIIII!!52 8 18 6 41 3 AQUIIII!!34 54 19 44 36 3 50 8 7 18 22 36 23 22 54 6 44 41 20 52 
23 20 50 19 34 7 
AQUIIII!!51 33 18 19 23 31 49 34 36 6 48 29 8 3 7 54 
AQUIIII!!51 33 18 19 23 31 AQUIIII!!49 20 34 51 36 6 6 48 44 29 50 8 18 3 22 7 54 34 
8 19 3 36 41 7 23 54 
AQUIIII!!54 3 34 17 23 6 7 48 31 26 36 18 29 8 51 49 
AQUIIII!!52 44 36 3 41 18 6 20 50 19 34 7 23 22 53 8 
AQUIIII!!22 44 19 6 18 20 3 AQUIIII!!52 18 7 8 41 41 34 7 36 44 50 22 23 36 8 20 54 23 
19 51 6 34 3 50 54 
AQUIIII!!34 57 44 58 19 38 20 22 36 52 11 AQUIIII!!18 41 54 50 43 53 51 8 7 
26 48 10 AQUIIII!!34 36 57 17 44 16 58 49 19 31 38 33 20 23 22 6 36 52 3 11 
18 41 50 AQUIIII!!53 8 49 
3 36 31 8 7 23 51 19 29 33 34 18 6 54 48 
AQUIIII!!AQUIIII!!29 54 49 29 36 36 31 34 51 48 34 8 8 7 19 17 AQUIIII!!7 6 7 6 18 22 31 57 3 49 51 18 48 26 44 18 23 36 33 54 8 23 
50 3 19 
34 23 41 6 53 52 20 
AQUIIII!!54 23 26 18 31 34 8 6 29 49 17 36 48 51 7 3 
AQUIIII!!7 53 52 3 6 19 18 22 20 50 34 23 44 36 8 41 
AQUIIII!!54 19 20 3 23 44 18 8 36 22 34 7 50 6 51 41 
AQUIIII!!54 48 26 36 3 9 10 49 33 16 17 31 23 51 43 6 
AQUIIII!!16 9 10 3 17 51 48 23 36 26 31 6 49 33 43 54 
AQUIIII!!54 6 26 18 29 17 34 31 7 36 48 49 23 3 8 51 
AQUIIII!!36 49 3 9 5 16 43 33 26 17 51 23 31 10 48 54 
AQUIIII!!49 43 34 36 23 8 7 26 6 51 3 17 31 48 16 54 
AQUIIII!!AQUIIII!!54 8 AQUIIII!!34 18 7 53 34 8 36 57 23 6 34 44 50 58 50 7 44 41 22 44 57 19 20 51 22 53 36 38 22 3 23 52 18 19 20 36 20 8 18 41 52 19 6 

41 11 50 
AQUIIII!!52 36 41 3 20 19 18 23 44 50 6 7 22 34 8 54 
AQUIIII!!18 8 51 34 19 3 29 49 20 6 37 7 23 36 33 54 
AQUIIII!!54 7 51 AQUIIII!!33 34 29 36 6 17 19 54 8 6 18 23 34 51 36 29 48 26 31 31 3 18 23 7 49 49 
AQUIIII!!48 43 8 48 3 10 
26 17 36 49 AQUIIII!!9 16 54 33 19 51 31 23 18 3 8 31 29 5 23 54 36 
33 6 34 48 3 49 7 51 
AQUIIII!!54 48 29 34 19 8 3 23 18 51 36 7 33 6 49 31 
AQUIIII!!54 AQUIIII!!3 18 54 AQUIIII!!36 36 43 20 29 10 19 48 34 3 7 7 33 22 6 20 23 33 19 6 16 AQUIIII!!8 8 3 54 41 34 51 51 44 43 7 36 50 16 51 17 49 52 26 31 
37 31 49 17 33 6 23 23 49 26 18 48 6 9 54 10 

3 36 23 
AQUIIII!!54 48 29 34 19 8 3 23 18 51 36 7 33 6 49 31 AQUIIII!!
51 43 17 26 48 16 5 9 37 10 23 4 33 49 36 54 
AQUIIII!!54 51 43 16 17 26 31 33 6 49 48 9 10 3 36 23 
AQUIIII!!6 26 48 49 3 36 51 16 31 17 33 43 23 9 10 54 
AQUIIII!!17 8 7 31 48 23 43 36 49 26 6 3 16 34 51 54 
AQUIIII!!19 49 37 8 6 23 7 34 29 18 36 AQUIIII!!20 54 3 33 33 54 10 51 51 
48 26 49 23 16 9 36 31 5 43 17 3 
AQUIIII!!AQUIIII!!54 54 3 36 36 22 6 20 34 7 52 AQUIIII!!16 19 8 31 17 7 AQUIIII!!6 23 23 36 18 17 51 23 31 48 50 49 51 23 41 5 44 3 48 
3 17 33 49 9 AQUIIII!!31 10 51 5 19 49 16 26 29 10 10 43 33 33 8 3 9 48 3 43 26 26 AQUIIII!!16 31 
54 43 17 
36 51 18 54 36 31 
34 51 33 26 6 7 34 48 3 6 8 49 7 23 23 18 49 54 36 
29 54 48 
AQUIIII!!54 51 17 34 43 31 8 16 36 49 26 3 48 7 23 6 
AQUIIII!!54 51 17 34 43 31 8 16 36 49 26 3 48 7 23 6 
AQUIIII!!17 43 36 34 7 49 8 3 26 6 51 16 31 48 23 54 
AQUIIII!!10 9 31 54 6 23 36 AQUIIII!!43 31 17 36 51 43 16 51 26 26 33 3 48 16 3 9 49 33 
48 5 17 23 49 10 54 
AQUIIII!!51 23 48 49 33 19 29 3 18 8 7 31 34 36 54 6 
AQUIIII!!54 10 16 AQUIIII!!26 52 49 7 20 5 23 51 8 53 23 6 9 57 18 48 50 33 41 22 36 36 43 19 34 31 44 3 
17 
AQUIIII!!54 49 17 5 9 36 16 37 43 4 51 48 33 26 10 23 
AQUIIII!!54 9 17 23 37 43 49 AQUIIII!!36 48 4 54 10 7 5 49 33 31 51 51 16 8 48 18 26 33 
34 19 29 36 23 3 6 
AQUIIII!!22 52 23 20 36 50 7 34 3 19 44 8 18 41 54 6 
AQUIIII!!16 23 10 7 26 3 AQUIIII!!36 54 48 5 31 10 6 33 33 43 51 48 17 17 49 9 43 36 54 23 
51 37 16 4 49 26 
AQUIIII!!52 20 50 3 36 7 19 34 44 6 18 41 8 23 22 54 
AQUIIII!!54 17 49 6 7 51 29 36 23 AQUIIII!!26 8 54 31 3 48 34 3 51 18 8 34 6 
29 19 49 18 33 20 37 36 23 7 
AQUIIII!!54 49 10 43 26 33 48 3 7 23 16 36 17 31 6 51 
AQUIIII!!7 6 3 34 48 51 31 17 36 49 23 8 18 29 26 54 
AQUIIII!!17 36 6 23 7 3 31 48 33 26 49 16 43 10 51 54 
AQUIIII!!54 9 23 26 10 17 31 16 49 48 51 6 36 43 3 33 
AQUIIII!!54 48 3 33 6 19 29 23 18 31 36 51 34 7 49 8 
AQUIIII!!49 54 29 23 26 17 6 7 31 48 3 8 36 18 34 51 
AQUIIII!!49 8 33 19 51 29 23 7 37 3 36 20 34 6 18 54 
AQUIIII!!49 26 3 51 17 31 23 8 36 6 48 7 18 34 29 54 
AQUIIII!!37 14 57 45 38 11 25 15 21 58 34 13 33 12 47 0 
AQUIIII!!50 33 36 38 19 44 52 57 0 22 34 11 18 58 53 20 
AQUIIII!!6 23 3 AQUIIII!!17 51 49 49 36 54 34 16 31 26 51 48 43 8 33 43 17 48 5 16 10 26 36 54 23 9 7 4 
37 
AQUIIII!!41 AQUIIII!!18 54 3 17 34 36 50 43 22 9 16 20 19 4 8 26 6 5 36 10 44 33 23 23 7 37 52 48 54 49 
51 
AQUIIII!!48 54 10 7 49 36 6 3 16 AQUIIII!!26 26 33 5 AQUIIII!!17 9 7 23 36 52 31 33 6 43 49 50 AQUIIII!!51 4 41 41 
48 44 18 16 3 3 43 18 34 37 23 50 17 22 36 23 34 20 10 19 19 51 8 54 54 6 22 
36 8 44 20 23 
7 52 54 
AQUIIII!!51 9 48 49 10 17 23 31 43 36 54 26 33 16 5 3 
AQUIIII!!AQUIIII!!36 31 51 43 23 48 33 3 3 7 10 34 26 29 16 49 36 19 37 51 6 49 18 7 8 6 20 54 23 
17 33 54 
AQUIIII!!8 20 7 41 19 51 36 44 3 18 34 6 50 23 22 54 
AQUIIII!!16 7 51 10 23 43 6 17 36 3 33 26 49 31 48 54 
AQUIIII!!36 29 51 19 8 33 3 7 18 49 6 34 37 20 23 54 
AQUIIII!!49 54 43 31 48 26 9 16 33 10 36 23 51 5 3 17 
AQUIIII!!33 19 3 7 36 20 23 8 18 49 6 37 51 34 29 54 
AQUIIII!!5 43 16 9 3 31 17 49 23 36 51 26 48 33 10 54 
Number of Cuts in the second phase:4086
Number of repeat: 3640 
Violation: 571.000000
Violation: 570.000000
Violation: 296.000000
Violation: 293.000000
Violation: 500.000000
Violation: 250.000000
Violation: 278.000000
Violation: 92.000000
Violation: 103.000000
Violation: 1176.000000
Violation: 293.000000
Violation: 641.000000
Violation: 145.000000
Violation: 399.000000
Violation: 785.000000
Violation: 585.000000
Violation: 293.000000
Violation: 1282.000000
Violation: 91.000000
Violation: 684.000000
Violation: 184.000000
Violation: 663.000000
Violation: 348.000000
Violation: 750.000000
Violation: 641.000000
Violation: 93.000000
Violation: 571.000000
Violation: 674.000000
Violation: 104.000000
Violation: 5.000000
Violation: 419.000000
Violation: 154.000000
Violation: 1.000000
Violation: 348.000000
Violation: 606.000000
Violation: 1575.000000
Violation: 293.000000
Violation: 66.000000
Violation: 76.000000
Violation: 952.000000
Violation: 400.000000
Violation: 592.000000
Violation: 284.000000
Violation: 269.000000
Violation: 388.000000
Violation: 984.000000
Violation: 386.000000
Violation: 187.000000
Violation: 1110.000000
Violation: 142.000000
Violation: 1505.000000
Violation: 390.000000
Violation: 344.000000
Violation: 1269.000000
Violation: 608.000000
Violation: 176.000000
Violation: 608.000000
Violation: 389.000000
Violation: 124.000000
Violation: 105.000000
Violation: 804.000000
Violation: 1282.000000
Violation: 538.000000
Violation: 321.000000
Violation: 249.000000
Violation: 686.000000
Violation: 428.000000
Violation: 216.000000
Violation: 752.000000
Violation: 428.000000
Violation: 695.000000
Violation: 1176.000000
Violation: 1250.000000
Violation: 198.000000
Violation: 570.000000
Violation: 1268.000000
Violation: 1097.000000
Violation: 296.000000
Violation: 195.000000
Violation: 92.000000
Violation: 185.000000
Violation: 195.000000
Violation: 820.000000
Violation: 142.000000
Violation: 672.000000
Violation: 785.000000
Violation: 348.000000
Violation: 768.000000
Violation: 249.000000
Violation: 193.000000
Violation: 1268.000000
Violation: 1136.000000
Violation: 470.000000
Violation: 586.000000
Violation: 194.000000
Violation: 246.000000
Violation: 124.000000
Violation: 268.000000
Violation: 1064.000000
Violation: 92.000000
Violation: 586.000000
Violation: 998.000000
Violation: 472.000000
Violation: 200.000000
Violation: 1.000000
Violation: 388.000000
Violation: 448.000000
Violation: 212.000000
Violation: 674.000000
Violation: 315.000000
Violation: 1472.000000
Violation: 399.000000
Violation: 459.000000
Violation: 93.000000
Violation: 673.000000
Violation: 313.000000
Violation: 570.000000
Violation: 346.000000
Violation: 250.000000
Violation: 384.000000
Violation: 491.000000
Violation: 1076.000000
Violation: 100.000000
Violation: 1290.000000
Violation: 551.000000
Violation: 178.000000
Violation: 268.000000
Violation: 103.000000
Violation: 571.000000
Violation: 780.000000
Violation: 1282.000000
Violation: 1022.000000
Violation: 92.000000
Violation: 424.000000
Violation: 657.000000
Violation: 638.000000
Violation: 567.000000
Violation: 570.000000
Violation: 500.000000
Violation: 146.000000
Violation: 570.000000
Violation: 196.000000
Violation: 762.000000
Violation: 212.000000
Violation: 344.000000
Violation: 340.000000
Violation: 388.000000
Violation: 361.000000
Violation: 176.000000
Violation: 191.000000
Violation: 989.000000
Violation: 419.000000
Violation: 359.000000
Violation: 696.000000
Violation: 764.000000
Violation: 1268.000000
Violation: 661.000000
Violation: 668.000000
Violation: 574.000000
Violation: 127.000000
Violation: 701.000000
Violation: 543.000000
Violation: 298.000000
Violation: 315.000000
Violation: 369.000000
Violation: 76.000000
Violation: 252.000000
Violation: 142.000000
Violation: 680.000000
Violation: 30.000000
Violation: 63.000000
Violation: 249.000000
Violation: 733.000000
Violation: 315.000000
Violation: 671.000000
Violation: 406.000000
Violation: 97.000000
Violation: 74.000000
Violation: 312.000000
Violation: 115.000000
Violation: 65.000000
Violation: 397.000000
Violation: 934.000000
Violation: 696.000000
Violation: 327.000000
Violation: 83.000000
Violation: 527.000000
Violation: 92.000000
Violation: 13.000000
Violation: 491.000000
Violation: 1170.000000
Violation: 220.000000
Violation: 573.000000
Violation: 168.000000
Violation: 678.000000
Violation: 492.000000
Violation: 221.000000
Violation: 269.000000
Violation: 104.000000
Violation: 571.000000
Violation: 573.000000
Violation: 93.000000
Violation: 1000.000000
Violation: 989.000000
Violation: 478.000000
Violation: 679.000000
Violation: 278.000000
Violation: 315.000000
Violation: 854.000000
Violation: 480.000000
Violation: 152.000000
Violation: 677.000000
Violation: 271.000000
Violation: 93.000000
Violation: 271.000000
Violation: 934.000000
Violation: 1667.000000
Violation: 528.000000
Violation: 100.000000
Violation: 91.000000
Violation: 136.000000
Violation: 206.000000
Violation: 608.000000
Violation: 798.000000
Violation: 783.000000
Violation: 605.000000
Violation: 620.000000
Violation: 752.000000
Violation: 402.000000
Violation: 686.000000
Violation: 103.000000
Violation: 573.000000
Violation: 358.000000
Violation: 584.000000
Violation: 783.000000
Violation: 89.000000
Violation: 318.000000
Violation: 453.000000
Violation: 271.000000
Violation: 528.000000
Violation: 786.000000
Violation: 399.000000
Violation: 437.000000
Violation: 888.000000
Violation: 384.000000
Violation: 50.000000
Violation: 445.000000
Violation: 488.000000
Violation: 298.000000
Violation: 154.000000
Violation: 184.000000
Violation: 94.000000
Violation: 788.000000
Violation: 686.000000
Violation: 369.000000
Violation: 370.000000
Violation: 157.000000
Violation: 220.000000
Violation: 573.000000
Violation: 772.000000
Violation: 706.000000
Violation: 989.000000
Violation: 531.000000
Violation: 260.000000
Violation: 296.000000
Violation: 194.000000
Violation: 208.000000
Violation: 517.000000
Violation: 934.000000
Violation: 449.000000
Violation: 1022.000000
Violation: 269.000000
Violation: 699.000000
Violation: 370.000000
Violation: 964.000000
Violation: 550.000000
Violation: 798.000000
Violation: 642.000000
Violation: 280.000000
Violation: 230.000000
Violation: 359.000000
Violation: 399.000000
Violation: 1284.000000
Violation: 964.000000
Violation: 866.000000
Violation: 92.000000
Violation: 1000.000000
Violation: 299.000000
Violation: 296.000000
Violation: 1074.000000
Violation: 184.000000
Violation: 265.000000
Violation: 545.000000
Violation: 56.000000
Violation: 602.000000
Violation: 318.000000
Violation: 1064.000000
Violation: 293.000000
Violation: 530.000000
Violation: 535.000000
Violation: 989.000000
Violation: 41.000000
Violation: 967.000000
Violation: 593.000000
Violation: 386.000000
Violation: 437.000000
Violation: 1166.000000
Violation: 866.000000
Violation: 698.000000
Violation: 436.000000
Violation: 482.000000
Violation: 570.000000
Violation: 461.000000
Violation: 696.000000
Violation: 417.000000
Violation: 676.000000
Violation: 25.000000
Violation: 295.000000
Violation: 125.000000
Violation: 1284.000000
Violation: 450.000000
Violation: 219.000000
Violation: 1484.000000
Violation: 390.000000
Violation: 503.000000
Violation: 1361.000000
Violation: 199.000000
Violation: 160.000000
Violation: 582.000000
Violation: 540.000000
Violation: 1390.000000
Violation: 668.000000
Violation: 557.000000
Violation: 575.000000
Violation: 304.000000
Violation: 305.000000
Violation: 610.000000
Violation: 820.000000
Violation: 677.000000
Violation: 1480.000000
Violation: 695.000000
Violation: 1024.000000
Violation: 357.000000
Violation: 954.000000
Violation: 702.000000
Violation: 630.000000
Violation: 778.000000
Violation: 1074.000000
Violation: 699.000000
Violation: 572.000000
Violation: 696.000000
Violation: 653.000000
Violation: 1074.000000
Violation: 440.000000
Violation: 185.000000
Violation: 121.000000
Violation: 676.000000
Violation: 1146.000000
Violation: 348.000000
Violation: 385.000000
Violation: 371.000000
Violation: 674.000000
Violation: 1668.000000
Violation: 770.000000
Violation: 1022.000000
Violation: 128.000000
Violation: 1370.000000
Violation: 967.000000
Violation: 345.000000
Violation: 663.000000
Violation: 20.000000
Violation: 303.000000
Violation: 172.000000
Violation: 49.000000
Violation: 386.000000
Violation: 946.000000
Violation: 424.000000
Violation: 1022.000000
Violation: 660.000000
Violation: 313.000000
Violation: 562.000000
Violation: 104.000000
Violation: 149.000000
Violation: 667.000000
Violation: 390.000000
Violation: 297.000000
Violation: 1077.000000
Violation: 291.000000
Violation: 611.000000
Violation: 377.000000
Violation: 477.000000
Violation: 1146.000000
Violation: 464.000000
Violation: 654.000000
Violation: 389.000000
Violation: 550.000000
Violation: 361.000000
Violation: 333.000000
Violation: 145.000000
Violation: 1050.000000
Violation: 282.000000
Violation: 597.000000
Violation: 132.000000
Violation: 1466.000000
Violation: 415.000000
Violation: 224.000000
Violation: 541.000000
Violation: 676.000000
Violation: 384.000000
Violation: 353.000000
Violation: 348.000000
Violation: 543.000000
Violation: 778.000000
Violation: 283.000000
Violation: 568.000000
Violation: 733.000000
Violation: 488.000000
Violation: 674.000000
Violation: 260.000000
Violation: 141.000000
Violation: 170.000000
Violation: 417.000000
Violation: 929.000000
Violation: 416.000000
Violation: 260.000000
Violation: 1170.000000
Violation: 468.000000
Violation: 672.000000
Violation: 268.000000
Violation: 696.000000
Violation: 456.000000
Violation: 820.000000
Violation: 494.000000
Violation: 573.000000
Violation: 608.000000
Violation: 708.000000
Violation: 189.000000
Violation: 862.000000
Violation: 541.000000
Violation: 958.000000
Violation: 103.000000
Violation: 32.000000
Violation: 561.000000
Violation: 530.000000
Violation: 1296.000000
Violation: 105.000000
8592 16
AQUIIII!!19 AQUIIII!!48 54 18 48 26 7 49 1 17 31 3 43 23 23 23 16 16 6 7 36 2 10 8 27 7 26 36 49 17 33 20 33 23 16 51 6 37 48 34 31 49 36 51 6 9 51 37 
10 17 33 4 3 
33 43 26 49 5 

AQUIIII!!54 51 33 10 49 6 31 3 26 36 43 23 16 17 7 48 
AQUIIII!!54 51 33 10 49 6 31 3 26 36 43 23 16 17 7 48 
AQUIIII!!27 2 37 26 23 49 5 16 43 10 33 9 4 17 1 48 
AQUIIII!!54 6 43 26 34 17 AQUIIII!!36 54 7 51 31 31 16 43 51 49 3 16 8 5 49 23 48 9 23 48 
26 10 17 33 36 3 
AQUIIII!!54 51 31 43 49 16 5 23 9 48 26 10 17 33 36 AQUIIII!!3 
54 3 AQUIIII!!31 54 18 16 36 17 7 36 20 51 19 49 22 7 34 48 44 26 23 10 50 33 8 23 3 AQUIIII!!6 41 43 52 50 
6 41 
18 34 22 44 6 8 7 36 23 19 3 20 52 53 
AQUIIII!!AQUIIII!!54 37 6 17 29 8 36 33 49 18 19 10 36 3 16 49 5 34 7 48 37 51 9 20 51 23 
33 43 4 AQUIIII!!23 AQUIIII!!36 26 20 26 54 19 9 
18 5 34 16 6 4 7 49 44 33 17 22 48 3 AQUIIII!!37 41 54 23 51 51 43 8 19 10 50 22 54 23 41 51 36 8 54 
44 
23 20 18 34 50 AQUIIII!!7 3 51 6 31 36 23 
AQUIIII!!3 54 AQUIIII!!9 17 54 4 6 6 9 10 10 AQUIIII!!AQUIIII!!26 48 23 33 43 23 5 41 48 17 16 16 36 48 3 10 33 3 16 36 5 17 8 43 9 4 49 44 33 49 43 48 18 51 26 49 51 23 50 36 9 43 7 26 54 26 36 31 
20 37 17 37 22 16 51 33 51 49 
23 34 
36 19 10 54 54 6 

AQUIIII!!59 AQUIIII!!21 53 55 8 AQUIIII!!1 20 54 5 18 31 37 6 36 27 22 17 33 41 26 56 44 48 34 3 49 25 34 2 8 7 3 15 19 4 29 23 18 38 50 47 6 52 51 
36 23 
7 34 
AQUIIII!!49 51 3 54 48 43 34 31 6 7 17 AQUIIII!!26 34 23 15 16 37 13 8 25 36 47 
12 1 55 27 56 33 38 14 21 59 
AQUIIII!!54 49 51 17 33 26 7 AQUIIII!!54 10 8 31 49 23 51 3 6 36 48 48 34 AQUIIII!!16 23 54 43 31 6 43 19 
17 AQUIIII!!22 26 54 3 3 31 36 36 7 7 16 16 34 23 
51 20 26 36 43 49 18 48 51 33 7 44 3 6 10 17 50 6 
41 23 8 
AQUIIII!!54 49 51 17 33 26 7 10 31 23 3 36 48 AQUIIII!!16 52 43 54 6 19 
36 18 20 50 23 41 34 6 44 3 8 22 7 
AQUIIII!!43 23 10 9 48 6 17 51 3 33 AQUIIII!!16 16 26 49 36 48 31 23 AQUIIII!!49 43 54 54 49 31 
51 3 17 36 33 26 17 7 10 9 31 33 23 3 10 36 48 5 16 26 43 6 51 
54 
AQUIIII!!49 23 29 31 6 17 54 26 18 36 7 8 AQUIIII!!9 34 49 AQUIIII!!3 48 54 54 51 36 51 31 3 10 43 5 
17 48 26 16 16 26 17 31 33 6 51 48 10 23 23 33 
3 49 9 43 36 
AQUIIII!!54 36 51 6 AQUIIII!!16 54 31 23 26 49 17 18 10 48 43 AQUIIII!!29 3 3 12 48 8 7 0 31 23 26 57 33 6 34 49 34 
19 36 51 44 17 7 36 
32 38 53 33 50 11 58 20 52 
AQUIIII!!48 54 10 3 31 17 AQUIIII!!43 54 49 51 36 10 6 17 9 26 16 16 51 31 33 6 23 48 26 23 
33 3 49 9 43 36 
AQUIIII!!26 31 8 3 36 49 48 51 7 AQUIIII!!18 54 17 5 6 26 29 23 34 36 23 48 54 17 
51 33 AQUIIII!!31 54 16 33 49 31 9 51 10 49 3 17 43 6 
48 26 23 9 36 16 10 3 43 
AQUIIII!!54 44 AQUIIII!!8 54 20 23 23 18 51 7 49 34 6 41 19 19 6 31 22 3 36 8 50 33 3 29 52 
48 7 34 36 18 
AQUIIII!!3 16 48 43 17 6 26 23 33 10 49 31 51 36 54 9 
AQUIIII!!54 23 49 16 43 9 48 5 3 33 36 26 10 31 17 51 
AQUIIII!!54 26 3 36 10 33 43 23 48 17 31 6 16 51 7 49 
AQUIIII!!54 18 8 22 19 51 6 3 7 41 23 44 34 36 50 20 
AQUIIII!!7 49 31 16 10 17 36 3 6 48 23 26 AQUIIII!!33 3 51 7 43 6 54 18 
51 20 36 44 41 22 23 19 8 50 34 AQUIIII!!54 54 34 
49 23 51 31 33 19 3 7 18 36 29 48 6 8 
AQUIIII!!54 19 18 51 8 41 44 7 36 20 22 3 23 6 50 34 
AQUIIII!!51 49 10 36 AQUIIII!!48 33 3 17 36 7 7 6 51 31 48 43 23 23 33 43 16 10 26 31 54 49 
17 6 3 16 AQUIIII!!41 26 7 54 3 
22 8 50 AQUIIII!!19 26 36 3 23 8 6 29 20 6 18 23 44 7 34 48 52 31 54 34 
51 49 36 AQUIIII!!54 17 48 18 10 3 54 26 
33 51 23 36 AQUIIII!!43 17 54 31 52 16 44 49 50 5 9 8 
41 36 18 6 AQUIIII!!22 23 3 49 20 7 3 19 37 23 36 7 20 18 34 29 
51 34 19 33 8 54 6 
AQUIIII!!16 26 43 6 10 31 17 51 9 36 48 3 33 23 49 54 
AQUIIII!!48 31 34 43 49 16 AQUIIII!!36 51 3 54 6 31 51 18 23 36 17 26 49 7 29 AQUIIII!!8 33 6 54 34 49 
3 7 23 18 8 19 26 8 48 7 23 6 36 48 51 29 
34 31 3 17 54 
AQUIIII!!36 31 10 43 49 AQUIIII!!7 48 31 16 34 51 43 33 49 23 16 48 36 6 3 17 6 26 51 23 3 17 54 26 
7 8 54 
AQUIIII!!7 6 8 54 23 51 18 31 19 34 3 29 36 33 48 49 
AQUIIII!!33 10 17 37 27 2 16 23 4 1 5 43 26 49 9 48 
AQUIIII!!36 50 57 19 44 20 18 7 22 58 52 41 23 34 53 8 
AQUIIII!!54 3 19 33 49 6 34 18 48 23 51 29 36 7 8 31 
AQUIIII!!9 6 43 33 AQUIIII!!AQUIIII!!17 7 51 16 50 41 23 22 44 10 44 6 36 41 19 3 18 26 36 3 48 7 36 49 3 19 31 23 51 51 20 54 34 34 
6 18 8 50 20 22 23 8 54 54 

AQUIIII!!23 6 44 22 AQUIIII!!3 36 51 34 41 41 53 44 20 7 6 50 19 19 36 18 7 8 3 52 
23 20 34 18 50 AQUIIII!!22 49 8 48 54 6 
26 16 17 3 8 34 36 23 AQUIIII!!51 54 31 19 31 43 29 7 AQUIIII!!18 54 22 23 
20 6 3 8 36 7 41 48 6 49 23 51 52 33 7 3 50 36 19 34 18 
44 34 8 53 
AQUIIII!!0 47 14 57 13 38 33 45 12 15 21 11 34 58 25 37 
AQUIIII!!20 52 53 11 22 33 12 50 58 13 38 36 0 57 34 32 
AQUIIII!!49 36 51 26 17 23 10 43 5 31 33 16 48 3 54 9 
AQUIIII!!54 48 26 51 49 6 7 17 29 34 3 18 23 8 36 31 
AQUIIII!!3 23 48 43 16 10 33 49 36 31 26 5 17 54 51 9 
AQUIIII!!45 55 37 56 AQUIIII!!34 49 38 48 15 8 12 7 AQUIIII!!11 34 43 33 33 16 29 23 25 36 51 23 14 6 31 21 34 51 36 13 18 48 3 0 31 6 47 3 19 17 54 
8 
7 26 AQUIIII!!49 AQUIIII!!23 54 18 7 7 
49 41 3 36 6 3 34 22 20 51 6 AQUIIII!!18 34 23 33 19 3 29 44 48 36 50 8 33 19 23 8 8 54 29 36 52 49 31 
51 54 34 
18 31 6 48 19 7 AQUIIII!!3 54 34 33 
51 37 49 7 19 36 23 20 18 AQUIIII!!8 29 20 6 54 23 
50 41 6 44 22 34 8 52 3 18 19 AQUIIII!!36 54 AQUIIII!!10 54 49 23 7 51 26 3 
48 36 4 5 33 33 8 36 43 29 49 16 23 51 37 34 17 18 9 
31 6 48 19 7 54 
AQUIIII!!54 AQUIIII!!36 47 0 26 38 29 45 13 18 33 6 12 17 15 34 49 21 34 59 31 37 14 51 56 8 55 48 25 23 
3 7 
AQUIIII!!54 3 36 48 AQUIIII!!31 52 49 53 26 20 8 58 7 34 16 32 51 12 43 38 17 36 23 50 34 22 6 33 
0 13 11 57 
AQUIIII!!54 6 43 51 34 26 48 3 7 17 8 49 16 36 23 31 
AQUIIII!!54 36 51 33 AQUIIII!!17 54 26 8 43 36 18 3 49 49 6 7 23 31 3 23 34 16 37 10 19 48 20 29 6 
51 33 7 
AQUIIII!!23 17 AQUIIII!!3 54 48 29 36 49 49 51 26 33 31 23 10 34 6 19 33 36 8 16 7 7 3 43 48 54 6 51 31 
18 
AQUIIII!!49 33 23 26 43 10 16 48 36 17 31 3 6 9 51 54 
AQUIIII!!43 6 33 17 16 36 10 26 9 48 51 23 3 49 31 54 
AQUIIII!!37 4 17 16 51 23 5 33 43 26 9 10 36 48 49 54 
AQUIIII!!34 7 8 16 49 54 AQUIIII!!26 17 6 3 23 48 31 6 43 31 17 43 51 36 36 23 3 49 48 16 
26 7 10 51 33 54 
AQUIIII!!54 6 7 8 18 23 31 29 26 3 48 17 51 36 34 49 AQUIIII!!
54 8 AQUIIII!!3 54 49 7 23 29 3 36 26 16 6 7 10 31 51 23 31 33 18 48 17 43 6 49 26 51 17 
34 36 48 
AQUIIII!!6 50 18 41 53 44 36 20 34 19 23 7 22 3 52 8 
AQUIIII!!54 48 9 43 3 51 6 16 31 23 49 33 10 17 26 36 
AQUIIII!!54 26 34 31 23 17 51 3 7 36 29 49 48 8 18 6 
AQUIIII!!43 6 10 48 36 9 33 3 49 31 51 23 17 16 26 54 
AQUIIII!!49 54 16 3 31 26 48 51 23 43 33 9 10 17 36 AQUIIII!!5 48 
54 49 3 AQUIIII!!51 54 7 29 36 34 23 20 6 36 43 18 34 37 31 8 6 26 23 17 8 16 33 
3 51 7 49 19 
AQUIIII!!48 54 49 3 51 7 36 23 6 43 34 31 8 26 17 16 
AQUIIII!!AQUIIII!!54 51 9 6 10 7 33 AQUIIII!!36 48 5 3 5 17 17 26 23 34 49 51 26 36 48 31 51 8 17 10 29 16 36 37 31 9 23 23 26 4 49 3 43 18 
33 54 16 
48 49 43 54 
AQUIIII!!1 14 13 37 2 47 25 38 56 55 34 33 15 27 21 59 
AQUIIII!!54 33 17 10 49 16 23 5 9 43 31 AQUIIII!!3 51 51 54 26 31 48 43 36 23 
36 6 3 16 26 49 33 48 10 9 17 
AQUIIII!!6 34 3 37 29 36 20 7 49 19 33 18 8 51 23 54 
AQUIIII!!54 18 36 8 23 3 51 6 29 31 17 34 26 7 49 48 
AQUIIII!!54 44 7 50 8 34 23 36 3 41 22 18 52 6 19 20 
AQUIIII!!43 49 26 48 51 16 34 17 31 23 8 3 36 7 54 6 
AQUIIII!!31 23 3 33 49 29 51 18 34 7 19 8 36 6 48 54 
AQUIIII!!54 AQUIIII!!16 3 6 6 31 31 17 17 8 7 43 34 26 16 3 8 34 49 48 48 49 23 7 43 23 26 36 36 51 54 
51 AQUIIII!!
54 41 44 6 52 50 19 23 34 22 8 18 7 20 36 3 
AQUIIII!!21 59 1 27 47 38 33 55 14 56 13 34 AQUIIII!!2 54 37 7 15 22 25 
51 8 6 23 41 36 44 18 34 3 19 50 20 
AQUIIII!!10 36 43 4 16 AQUIIII!!33 49 17 54 5 33 26 37 51 34 48 8 23 51 37 6 54 3 18 49 29 9 19 
36 23 20 7 
AQUIIII!!43 6 26 49 10 7 36 23 AQUIIII!!33 51 51 54 16 48 17 3 6 48 7 31 3 54 23 
49 29 8 36 18 31 34 19 33 
AQUIIII!!54 9 23 10 36 51 31 49 43 33 48 3 6 17 26 16 
AQUIIII!!38 11 34 0 22 18 36 19 58 50 44 33 57 53 20 52 
AQUIIII!!54 26 36 31 6 3 43 17 49 34 AQUIIII!!8 18 51 41 48 20 AQUIIII!!16 36 6 7 34 7 23 44 49 
7 8 3 18 50 34 52 6 23 23 29 22 51 19 19 53 36 8 
3 20 33 37 54 
AQUIIII!!54 36 29 AQUIIII!!18 54 34 19 23 34 49 18 AQUIIII!!8 20 54 51 23 49 33 16 44 31 9 41 6 51 36 19 26 7 31 48 52 48 7 50 43 3 3 3 
17 8 33 22 5 6 10 
23 36 
AQUIIII!!54 51 19 22 41 8 44 23 20 18 34 50 7 3 6 36 
AQUIIII!!38 33 AQUIIII!!50 3 57 19 32 6 19 48 34 36 53 34 0 31 12 51 44 29 11 7 36 23 52 20 8 58 33 
18 49 54 
AQUIIII!!49 17 5 51 10 16 3 31 43 26 36 9 AQUIIII!!33 48 7 33 51 23 17 16 54 AQUIIII!!23 
54 43 7 3 18 6 3 49 50 48 36 36 19 10 23 31 22 26 8 54 44 
51 6 20 34 41 
AQUIIII!!21 59 56 47 27 37 25 2 34 1 14 33 15 38 55 4 
AQUIIII!!AQUIIII!!51 AQUIIII!!49 23 54 43 3 18 26 54 54 23 6 7 26 17 17 6 7 36 36 34 16 31 51 31 8 36 10 17 33 16 49 3 31 29 49 7 48 23 
3 6 34 8 51 26 48 
48 43 
AQUIIII!!59 21 33 47 27 2 23 5 1 37 9 34 35 56 4 55 
AQUIIII!!23 26 4 33 43 5 49 16 9 37 10 36 17 48 51 54 
AQUIIII!!41 19 44 23 22 52 50 8 3 6 20 7 34 36 18 54 
AQUIIII!!54 34 16 AQUIIII!!7 34 23 19 3 20 17 37 8 29 6 26 49 3 18 31 51 51 8 6 7 36 33 43 36 48 49 
23 54 
AQUIIII!!7 43 3 49 26 34 6 31 51 16 23 8 17 48 AQUIIII!!36 52 54 8 
44 7 53 34 41 20 19 50 6 57 23 18 22 36 
AQUIIII!!5 49 26 36 43 10 4 37 48 33 23 51 17 16 9 54 
AQUIIII!!52 54 22 6 AQUIIII!!20 5 8 49 36 26 18 36 19 43 3 10 34 4 50 37 41 48 AQUIIII!!44 33 23 33 23 7 51 51 
17 18 16 48 9 8 54 34 
31 49 6 7 3 29 19 AQUIIII!!36 49 23 19 54 36 
33 51 AQUIIII!!48 54 29 9 3 6 23 10 31 8 36 34 51 23 31 18 49 54 43 7 33 
AQUIIII!!48 54 3 3 6 8 17 26 26 49 16 36 
48 51 7 23 AQUIIII!!17 54 16 36 31 5 34 43 9 43 51 6 31 
26 33 17 49 10 23 3 48 16 
AQUIIII!!54 9 10 33 48 5 26 49 36 51 17 16 37 23 4 43 
AQUIIII!!54 43 23 10 48 49 6 26 9 51 31 17 36 33 3 16 
AQUIIII!!0 47 34 38 14 45 25 33 21 59 15 55 12 56 13 37 
AQUIIII!!16 5 48 4 9 36 23 43 37 51 33 26 AQUIIII!!10 54 17 17 48 49 49 7 3 54 51 
26 6 16 43 36 10 23 31 33 
AQUIIII!!51 43 9 49 5 10 37 33 16 48 26 36 4 23 17 54 
AQUIIII!!26 29 18 31 23 34 3 7 49 48 8 17 36 6 54 AQUIIII!!51 54 
23 6 26 51 7 8 18 17 49 36 29 31 AQUIIII!!34 18 48 34 19 3 7 
49 48 33 3 AQUIIII!!36 54 51 31 8 43 6 16 17 31 29 7 36 23 8 54 6 
51 26 3 34 49 48 23 
AQUIIII!!26 51 48 43 17 8 16 23 36 6 3 31 34 7 54 49 
AQUIIII!!26 51 48 43 17 8 16 23 36 6 3 31 34 7 54 49 
AQUIIII!!54 18 44 20 34 3 22 41 6 19 7 51 36 50 23 8 
AQUIIII!!AQUIIII!!54 6 8 36 52 8 18 23 49 22 29 23 48 50 17 7 3 26 20 34 44 18 41 7 51 19 31 36 54 34 
3 6 
AQUIIII!!52 7 22 53 20 36 19 18 57 23 34 44 8 58 41 50 
AQUIIII!!54 49 36 17 31 23 3 33 9 51 43 16 5 48 10 26 
AQUIIII!!29 48 18 36 6 51 31 49 23 3 7 34 8 26 17 54 
AQUIIII!!7 54 22 34 18 6 50 8 51 23 41 3 20 44 19 36 
AQUIIII!!36 23 3 34 20 8 18 22 6 41 19 54 50 44 52 7 
AQUIIII!!54 23 6 43 AQUIIII!!17 9 51 54 48 33 31 5 16 43 3 26 26 3 10 23 7 49 36 31 33 10 49 51 
17 16 48 36 
AQUIIII!!54 49 7 23 6 36 34 43 17 31 8 16 26 3 48 51 
AQUIIII!!25 12 14 13 1 38 56 27 55 33 37 47 34 15 21 59 
AQUIIII!!54 8 44 18 34 41 50 20 3 6 51 19 22 23 7 36 
AQUIIII!!54 52 7 23 18 8 50 36 41 3 19 34 20 22 6 44 
AQUIIII!!26 36 51 54 23 17 43 6 8 34 31 7 16 49 3 48 
AQUIIII!!54 33 6 23 10 43 51 3 31 16 48 17 7 26 49 36 
AQUIIII!!54 6 23 51 31 34 3 48 19 33 8 49 18 36 29 7 
AQUIIII!!19 3 22 34 18 52 36 8 41 20 6 7 23 50 44 54 
AQUIIII!!48 3 10 49 36 26 33 16 51 6 9 23 31 17 43 54 
AQUIIII!!51 54 48 16 36 23 10 6 31 33 9 43 17 3 26 49 
AQUIIII!!26 33 6 49 48 36 9 10 43 17 31 3 23 16 51 54 
AQUIIII!!3 17 48 8 23 49 29 6 51 26 18 36 7 34 31 54 
AQUIIII!!22 36 8 50 23 20 19 6 3 52 41 18 44 34 7 53 
AQUIIII!!49 26 51 36 3 10 17 6 7 48 31 16 43 33 23 54 
AQUIIII!!54 49 16 9 51 26 31 48 43 3 17 33 5 10 23 36 
AQUIIII!!41 18 22 8 36 7 20 50 3 6 23 19 51 44 34 54 
AQUIIII!!54 23 3 26 7 51 8 31 49 34 17 36 18 29 48 6 
AQUIIII!!50 36 34 19 44 58 8 23 7 41 18 52 53 20 57 22 
AQUIIII!!36 20 37 29 23 19 6 51 18 33 34 8 7 49 3 54 
AQUIIII!!31 43 26 16 36 17 9 10 33 48 51 23 3 49 5 54 
AQUIIII!!54 10 26 49 48 51 17 AQUIIII!!4 36 54 33 49 43 36 16 23 37 37 5 8 23 33 9 6 
18 51 19 29 7 34 20 3 
AQUIIII!!54 8 23 19 6 18 7 29 20 51 37 34 49 36 33 3 
AQUIIII!!51 7 48 6 49 16 43 31 8 26 17 23 36 3 34 54 
AQUIIII!!52 41 22 8 44 3 50 6 34 20 36 23 7 19 18 54 
AQUIIII!!23 6 34 17 51 36 8 29 3 18 26 7 31 48 49 54 
AQUIIII!!51 8 36 34 AQUIIII!!19 7 3 31 20 33 41 23 44 19 7 29 8 6 6 49 22 18 34 52 3 50 54 18 48 23 
36 54 
AQUIIII!!54 16 6 17 3 10 9 51 43 26 23 31 36 49 33 48 
AQUIIII!!23 3 22 20 34 41 36 8 7 52 18 50 19 6 44 54 
Number of Cuts in the second phase:4134
Number of repeat: 3949 
Violation: 400.000000
Violation: 90.000000
Violation: 527.000000
Violation: 315.000000
Violation: 448.000000
Violation: 234.000000
Violation: 276.000000
Violation: 22.000000
Violation: 674.000000
Violation: 584.000000
Violation: 534.000000
Violation: 1094.000000
Violation: 491.000000
Violation: 934.000000
Violation: 856.000000
Violation: 727.000000
Violation: 584.000000
Violation: 964.000000
Violation: 390.000000
Violation: 695.000000
Violation: 890.000000
Violation: 92.000000
Violation: 168.000000
Violation: 1097.000000
Violation: 164.000000
Violation: 562.000000
Violation: 563.000000
Violation: 1093.000000
Violation: 356.000000
Violation: 688.000000
Violation: 320.000000
Violation: 233.000000
Violation: 279.000000
Violation: 534.000000
Violation: 375.000000
Violation: 295.000000
Violation: 874.000000
Violation: 492.000000
Violation: 349.000000
Violation: 531.000000
Violation: 1262.000000
Violation: 1213.000000
Violation: 104.000000
Violation: 370.000000
Violation: 673.000000
Violation: 550.000000
Violation: 465.000000
Violation: 958.000000
Violation: 301.000000
Violation: 103.000000
Violation: 305.000000
Violation: 593.000000
Violation: 369.000000
Violation: 1030.000000
Violation: 292.000000
Violation: 315.000000
Violation: 281.000000
Violation: 820.000000
Violation: 484.000000
Violation: 28.000000
Violation: 577.000000
Violation: 449.000000
Violation: 77.000000
Violation: 360.000000
Violation: 1149.000000
Violation: 594.000000
Violation: 432.000000
Violation: 472.000000
Violation: 287.000000
Violation: 312.000000
Violation: 650.000000
Violation: 186.000000
Violation: 449.000000
Violation: 1144.000000
Violation: 312.000000
Violation: 630.000000
Violation: 280.000000
Violation: 367.000000
Violation: 195.000000
Violation: 261.000000
Violation: 109.000000
Violation: 491.000000
Violation: 1158.000000
Violation: 564.000000
Violation: 12.000000
Violation: 251.000000
Violation: 459.000000
Violation: 1087.000000
Violation: 1505.000000
Violation: 406.000000
Violation: 573.000000
Violation: 904.000000
Violation: 55.000000
Violation: 144.000000
Violation: 527.000000
Violation: 685.000000
Violation: 388.000000
Violation: 692.000000
Violation: 119.000000
Violation: 196.000000
Violation: 198.000000
Violation: 486.000000
Violation: 386.000000
Violation: 312.000000
Violation: 645.000000
Violation: 557.000000
Violation: 70.000000
Violation: 158.000000
Violation: 154.000000
Violation: 630.000000
Violation: 385.000000
Violation: 308.000000
Violation: 434.000000
Violation: 158.000000
Violation: 59.000000
Violation: 141.000000
Violation: 676.000000
Violation: 899.000000
Violation: 770.000000
Violation: 185.000000
Violation: 487.000000
Violation: 95.000000
Violation: 561.000000
Violation: 1091.000000
Violation: 344.000000
Violation: 286.000000
Violation: 966.000000
Violation: 195.000000
Violation: 610.000000
Violation: 728.000000
Violation: 816.000000
Violation: 13.000000
Violation: 638.000000
Violation: 595.000000
Violation: 607.000000
Violation: 304.000000
Violation: 1076.000000
Violation: 391.000000
Violation: 653.000000
Violation: 1001.000000
Violation: 503.000000
Violation: 303.000000
Violation: 255.000000
Violation: 449.000000
Violation: 55.000000
Violation: 149.000000
Violation: 182.000000
Violation: 422.000000
Violation: 370.000000
Violation: 201.000000
Violation: 466.000000
Violation: 604.000000
Violation: 76.000000
Violation: 1158.000000
Violation: 1058.000000
Violation: 370.000000
Violation: 991.000000
Violation: 785.000000
Violation: 34.000000
Violation: 890.000000
Violation: 778.000000
Violation: 202.000000
Violation: 124.000000
Violation: 88.000000
Violation: 268.000000
Violation: 346.000000
Violation: 183.000000
Violation: 680.000000
Violation: 85.000000
Violation: 918.000000
Violation: 906.000000
Violation: 381.000000
Violation: 1748.000000
Violation: 396.000000
Violation: 526.000000
Violation: 842.000000
Violation: 569.000000
Violation: 294.000000
Violation: 395.000000
Violation: 407.000000
Violation: 429.000000
Violation: 1280.000000
Violation: 239.000000
Violation: 355.000000
Violation: 606.000000
2808 16
AQUIIII!!54 26 51 17 16 43 3 31 49 8 23 AQUIIII!!7 54 34 36 48 16 36 6 17 
49 23 43 7 6 26 34 31 8 3 48 51 
AQUIIII!!54 37 7 18 33 29 51 49 23 8 19 6 20 3 36 34 
AQUIIII!!51 54 31 36 18 34 7 8 29 3 49 6 26 23 17 48 
AQUIIII!!8 53 52 18 50 19 20 41 22 7 23 6 44 57 36 34 
AQUIIII!!34 AQUIIII!!7 3 23 18 8 20 33 41 3 8 6 23 18 6 31 22 49 7 29 44 51 50 36 34 19 36 54 AQUIIII!!19 48 10 51 
9 54 23 
43 49 4 26 2 17 37 16 33 5 27 1 48 AQUIIII!!
51 6 23 16 43 17 49 3 8 48 31 34 7 26 36 54 
AQUIIII!!3 6 51 41 34 20 18 8 22 36 19 7 23 50 44 54 
AQUIIII!!54 44 50 8 6 34 41 22 7 36 18 3 19 AQUIIII!!51 54 20 6 23 31 
33 49 36 26 10 AQUIIII!!17 54 7 7 23 AQUIIII!!3 3 54 48 29 3 16 18 48 43 19 6 51 18 34 23 
37 AQUIIII!!8 8 54 7 20 6 36 36 34 33 23 8 29 51 20 49 19 7 34 49 36 6 33 51 51 
37 31 18 
29 23 3 49 33 19 
AQUIIII!!52 7 22 41 8 50 20 44 57 23 34 18 19 36 53 58 
AQUIIII!!49 48 3 31 18 29 33 34 54 8 7 6 23 51 36 19 
AQUIIII!!48 5 9 23 26 4 51 17 16 43 37 36 10 33 54 49 
AQUIIII!!23 3 33 AQUIIII!!17 29 16 3 31 7 9 23 5 18 10 17 48 6 36 26 49 31 26 36 43 48 51 51 54 34 
8 54 AQUIIII!!49 AQUIIII!!
49 16 6 34 34 3 3 48 48 51 7 AQUIIII!!36 31 6 50 43 8 34 16 17 41 31 36 8 23 26 23 7 51 6 49 8 36 43 17 52 26 23 19 54 54 22 

18 20 7 44 3 54 
AQUIIII!!54 51 9 16 49 3 10 23 36 31 17 26 5 43 33 48 
AQUIIII!!54 44 23 19 8 AQUIIII!!22 54 52 17 7 36 36 26 41 8 3 49 20 31 34 7 18 3 6 23 50 34 
51 6 16 48 43 
AQUIIII!!18 38 50 22 57 58 34 AQUIIII!!41 8 36 29 19 33 11 18 52 36 44 6 20 51 8 19 53 31 
7 3 23 48 34 54 49 
AQUIIII!!36 53 19 22 58 50 57 20 44 41 34 7 23 18 52 8 
AQUIIII!!51 7 31 29 18 23 6 26 8 34 49 3 36 48 17 AQUIIII!!54 54 
51 26 43 34 6 48 17 23 3 8 7 49 36 31 16 
AQUIIII!!54 51 5 43 3 16 33 9 23 10 26 36 48 49 31 17 
AQUIIII!!54 51 9 16 49 3 10 23 36 31 17 26 5 43 33 48 
AQUIIII!!54 51 26 43 34 6 48 17 23 3 8 7 49 36 31 16 
AQUIIII!!54 51 5 43 3 16 33 9 23 10 26 36 48 49 31 17 
AQUIIII!!54 16 5 9 48 49 23 36 33 51 3 31 17 10 43 26 
AQUIIII!!1 48 49 27 17 37 5 9 4 23 10 33 2 26 16 43 
AQUIIII!!18 7 8 19 34 31 6 23 3 29 49 48 36 33 51 AQUIIII!!54 23 
7 36 26 31 17 34 29 8 18 51 3 49 6 54 48 
AQUIIII!!17 5 33 16 23 36 10 48 43 3 51 26 9 49 31 54 
AQUIIII!!54 36 33 49 6 29 23 18 3 7 20 51 8 37 19 34 
AQUIIII!!6 19 3 34 36 33 20 37 8 51 29 49 18 23 7 54 
AQUIIII!!22 6 7 41 36 23 34 44 18 8 50 3 20 19 54 52 AQUIIII!!
19 44 22 7 3 23 34 41 50 18 8 6 AQUIIII!!51 36 20 51 36 18 54 34 
26 17 6 3 7 49 29 31 8 48 23 54 
AQUIIII!!5 26 51 17 37 36 48 9 23 16 AQUIIII!!33 48 43 23 10 36 49 3 4 6 54 51 
33 10 16 17 31 43 7 26 49 54 
AQUIIII!!52 7 50 57 20 22 23 19 34 6 41 36 18 8 53 44 
AQUIIII!!23 33 17 43 36 6 7 26 16 31 54 10 51 48 3 49 
AQUIIII!!17 31 26 16 36 23 48 5 49 10 3 33 9 43 54 51 
AQUIIII!!51 8 48 34 17 31 6 7 43 49 23 36 16 26 3 54 
AQUIIII!!26 51 43 31 49 33 16 23 3 10 36 48 17 9 6 54 
AQUIIII!!26 AQUIIII!!51 49 43 7 31 49 3 33 26 16 6 23 34 3 48 10 51 36 43 48 36 17 23 9 17 6 16 54 8 
31 54 
AQUIIII!!54 20 7 22 44 23 34 AQUIIII!!8 54 19 22 50 7 41 50 18 34 3 19 6 18 36 3 52 23 
6 20 44 52 36 41 8 
AQUIIII!!9 54 48 37 51 5 16 36 10 4 23 33 17 49 43 26 
AQUIIII!!17 33 AQUIIII!!3 16 49 9 48 36 36 26 6 17 51 37 7 5 10 23 43 16 51 26 48 31 33 23 10 43 4 54 49 
54 
AQUIIII!!1 48 49 27 17 37 5 9 4 23 10 33 2 26 16 43 
AQUIIII!!10 33 16 26 6 31 51 17 43 48 23 3 9 36 49 54 
AQUIIII!!54 10 48 17 16 49 51 9 43 37 26 5 33 4 23 36 
AQUIIII!!54 48 10 43 36 33 49 17 31 23 3 5 16 51 26 9 
AQUIIII!!54 48 10 43 36 33 49 17 31 23 3 5 16 51 26 9 
AQUIIII!!47 0 14 13 56 25 37 38 55 11 33 34 12 45 15 21 
AQUIIII!!36 51 17 5 23 33 9 26 31 48 3 16 10 49 43 54 
AQUIIII!!10 31 5 26 48 17 3 16 51 49 33 23 36 43 9 54 
AQUIIII!!54 44 41 6 50 34 23 AQUIIII!!19 8 52 7 7 36 41 AQUIIII!!3 18 54 22 50 51 18 20 26 52 8 48 20 53 34 
34 23 57 31 19 29 44 36 22 17 36 7 6 18 23 49 6 
8 3 
AQUIIII!!20 52 44 34 41 19 23 50 18 8 7 3 36 22 54 6 
AQUIIII!!6 31 18 29 7 36 33 49 34 48 8 19 51 3 23 54 
AQUIIII!!6 26 16 49 43 54 9 51 17 33 23 31 10 36 3 48 
AQUIIII!!17 31 7 3 29 18 23 51 8 49 36 48 26 34 6 54 
AQUIIII!!49 36 17 7 16 AQUIIII!!26 6 51 AQUIIII!!54 6 0 29 48 47 34 31 11 36 23 45 3 10 14 23 3 55 8 33 37 43 18 33 54 19 13 
7 38 31 21 49 58 33 34 48 25 51 12 
15 
AQUIIII!!51 10 49 6 48 17 23 36 AQUIIII!!26 51 9 20 3 8 33 44 31 50 16 43 41 23 54 7 
6 22 36 19 34 18 3 54 
AQUIIII!!36 23 31 26 49 6 51 48 16 17 3 8 34 43 7 54 
AQUIIII!!36 23 31 26 49 6 51 48 16 17 3 8 34 43 7 54 
AQUIIII!!8 53 52 18 50 19 20 41 22 7 23 6 44 57 36 34 
AQUIIII!!23 36 48 43 7 16 31 26 6 34 3 17 54 51 8 49 
AQUIIII!!54 23 9 17 37 36 43 4 49 51 16 33 5 10 48 26 
AQUIIII!!31 23 48 51 43 17 33 9 3 10 6 26 49 16 36 54 
AQUIIII!!49 3 31 36 43 51 6 17 48 33 7 10 16 26 23 54 
AQUIIII!!49 48 3 31 18 29 33 34 54 8 7 6 23 51 36 19 
AQUIIII!!54 49 31 16 6 17 3 33 43 23 48 7 26 36 10 51 
AQUIIII!!0 47 11 15 14 13 57 21 37 38 45 AQUIIII!!25 19 34 34 58 50 12 33 20 
36 8 22 18 7 3 41 6 23 52 44 54 
AQUIIII!!33 3 20 51 34 29 19 18 8 6 23 7 49 37 36 54 
Number of Cuts in the second phase:1322
Number of repeat: 1280 
Violation: 994.000000
Violation: 674.000000
Violation: 638.000000
Violation: 98.000000
Violation: 144.000000
Violation: 477.000000
Violation: 279.000000
Violation: 126.000000
Violation: 284.000000
Violation: 249.000000
Violation: 690.000000
Violation: 686.000000
Violation: 682.000000
Violation: 732.000000
Violation: 379.000000
Violation: 696.000000
Violation: 1383.000000
Violation: 248.000000
Violation: 333.000000
Violation: 388.000000
Violation: 188.000000
Violation: 1.000000
Violation: 1357.000000
Violation: 608.000000
Violation: 548.000000
Violation: 554.000000
Violation: 207.000000
Violation: 656.000000
Violation: 101.000000
Violation: 696.000000
Violation: 756.000000
Violation: 790.000000
Violation: 620.000000
Violation: 860.000000
Violation: 954.000000
Violation: 109.000000
Violation: 355.000000
Violation: 315.000000
Violation: 157.000000
Violation: 265.000000
Violation: 636.000000
Violation: 1187.000000
took 6.088120
Optimize a model with 1043 rows, 906 columns and 13192 nonzeros
Coefficient statistics:
  Matrix range     [1e+00, 4e+01]
  Objective range  [0e+00, 0e+00]
  Bounds range     [1e+00, 4e+01]
  RHS range        [1e+00, 1e+02]
Presolve removed 755 rows and 115 columns
Presolve time: 0.00s
Presolved: 288 rows, 791 columns, 8584 nonzeros

Iteration    Objective       Primal Inf.    Dual Inf.      Time
       0    0.0000000e+00   4.716969e+01   0.000000e+00      0s
     153    0.0000000e+00   0.000000e+00   0.000000e+00      0s

Solved in 153 iterations and 0.01 seconds
Optimal objective  0.000000000e+00
