j609_3.sm_s2.txt
Academic license - for non-commercial use only
Read LP format model from file lp/j609_3.sm.lp
Reading time = 0.03 seconds
: 797 rows, 3410 columns, 67183 nonzeros
OKGPU
nThreads: 1024 , nBlocks: 12 
Number cuts generated in the phase 1: 8
Number of repeat: 0 
violation 472.000000
violation 576.000000
violation 625.000000
violation 594.000000
violation 622.000000
violation 209.000000
violation 5.000000
violation 50.000000
8592 16
AQUIIII!!107 40 37 15 64 16 61 62 38 66 25 36 2 106 3 108 
AQUIIII!!AQUIIII!!107 107 37 15 64 64 62 16 3 25 40 38 113 2 66 62 3 66 27 37 14 15 108 25 16 61 40 106 36 38 61 36 

AQUIIII!!106 107 14 38 3 15 66 25 2 64 16 37 62 61 36 40 
AQUIIII!!106 107 3 108 15 16 61 36 2 62 64 25 37 66 40 38 
AQUIIII!!106 107 3 108 15 16 61 36 2 62 64 25 37 66 40 38 
AQUIIII!!18 63 39 62 61 5 112 6 4 29 8 26 7 66 109 110 
AQUIIII!!112 111 28 7 62 61 6 8 63 66 26 39 41 18 109 110 
AQUIIII!!112 111 28 7 62 61 6 8 63 66 26 39 41 18 109 110 
AQUIIII!!15 106 16 62 38 36 40 25 66 61 64 3 37 2 107 108 
AQUIIII!!24 1 36 15 35 3 106 66 14 61 57 85 25 2 38 107 
AQUIIII!!15 38 66 62 37 3 16 61 40 36 106 2 25 108 64 107 
AQUIIII!!34 1 66 61 35 3 25 106 36 2 67 14 38 99 24 107 
AQUIIII!!109 110 39 40 26 108 66 27 5 4 61 113 62 29 64 7 
AQUIIII!!106 107 25 85 2 57 66 38 3 61 15 14 35 16 36 1 
AQUIIII!!5 109 108 4 7 62 39 40 113 64 27 110 29 26 61 66 
AQUIIII!!34 67 12 61 36 23 99 24 66 35 13 14 1 2 107 106 
AQUIIII!!34 67 12 61 36 23 99 24 66 35 13 14 1 2 107 106 
AQUIIII!!34 67 12 61 36 23 99 24 66 35 13 14 1 2 107 106 
AQUIIII!!107 38 25 106 35 1 3 66 15 85 36 14 2 57 61 16 
AQUIIII!!66 106 24 2 61 15 AQUIIII!!107 38 38 25 61 3 40 36 14 57 106 14 AQUIIII!!66 1 25 64 2 85 15 16 16 35 25 107 106 3 
36 62 61 36 2 15 108 37 40 
3 38 37 62 64 66 107 
AQUIIII!!36 61 113 37 2 64 38 3 16 40 25 108 66 15 62 107 
AQUIIII!!107 40 37 15 64 16 61 62 38 66 25 36 2 106 3 108 
AQUIIII!!99 67 34 66 1 2 36 23 24 106 14 61 13 35 25 107 
AQUIIII!!2 106 107 66 38 15 85 1 36 57 24 61 35 25 14 3 
AQUIIII!!107 106 1 24 66 14 67 38 61 34 36 2 3 35 25 99 
AQUIIII!!106 107 61 24 38 34 67 2 14 66 23 99 35 1 25 36 
AQUIIII!!36 25 3 15 37 66 40 38 62 64 2 16 61 107 108 106 
AQUIIII!!62 113 27 38 64 40 15 61 37 25 66 16 29 108 3 107 
AQUIIII!!107 66 38 113 16 AQUIIII!!15 37 107 108 66 25 2 64 64 40 108 61 15 2 61 36 62 37 40 3 
36 16 38 62 3 25 106 
AQUIIII!!AQUIIII!!107 107 66 67 3 25 61 66 34 24 106 14 36 38 35 23 38 36 25 35 1 1 99 99 106 61 67 2 14 34 2 24 

AQUIIII!!112 63 62 109 8 66 39 27 26 29 61 7 6 4 5 110 
AQUIIII!!110 109 63 5 27 7 4 61 26 39 8 62 66 29 6 112 
AQUIIII!!66 25 106 35 36 1 3 14 2 38 61 85 57 15 16 107 
AQUIIII!!2 99 66 35 1 23 34 14 24 106 67 36 61 12 13 107 
AQUIIII!!14 106 38 1 66 35 25 24 61 99 3 2 34 67 36 107 AQUIIII!!
110 109 63 18 66 4 26 5 29 62 6 112 7 61 39 8 
AQUIIII!!107 66 61 14 2 99 34 35 25 106 67 38 36 1 3 24 
AQUIIII!!66 40 36 37 16 62 15 25 108 64 2 3 38 61 113 107 
AQUIIII!!107 16 38 62 37 61 66 36 15 40 113 3 25 64 27 108 
AQUIIII!!107 16 57 61 15 66 106 14 25 36 85 1 38 3 2 37 
AQUIIII!!107 24 34 35 66 106 3 67 14 38 25 1 2 61 99 36 
AQUIIII!!37 2 62 64 15 61 66 16 40 25 38 3 36 107 106 108 
AQUIIII!!107 35 3 25 1 106 99 36 66 61 38 2 24 14 67 34 
AQUIIII!!1 106 99 13 24 34 25 2 23 14 66 36 61 67 35 107 
AQUIIII!!107 38 15 14 25 85 35 66 2 106 36 16 1 57 61 3 
AQUIIII!!107 29 25 66 113 64 3 37 61 62 40 16 15 108 27 38 
AQUIIII!!107 38 16 25 61 113 64 66 62 3 36 2 37 108 40 15 
AQUIIII!!107 2 40 16 37 25 3 38 113 108 15 36 61 66 62 64 AQUIIII!!
40 108 37 16 3 38 64 29 62 61 113 15 27 66 25 107 
AQUIIII!!39 66 113 7 29 62 27 26 64 61 5 40 4 110 108 109 
AQUIIII!!39 66 113 7 29 62 27 26 64 61 5 40 4 110 108 109 
AQUIIII!!39 66 113 7 29 62 27 26 64 61 5 40 4 110 108 109 
AQUIIII!!36 16 62 108 40 25 15 61 64 3 113 38 2 66 37 107 
AQUIIII!!2 1 38 16 57 61 85 3 37 66 15 106 14 25 36 107 
AQUIIII!!15 2 25 106 16 40 62 64 66 37 61 38 3 108 36 107 
AQUIIII!!38 24 66 3 36 67 35 99 25 61 1 2 34 14 106 107 
AQUIIII!!15 36 38 1 61 106 2 3 66 37 85 57 16 25 14 107 
AQUIIII!!36 2 40 15 106 62 108 16 61 64 38 66 25 3 37 107 
AQUIIII!!36 2 64 108 61 40 16 62 37 3 66 25 15 106 38 107 
AQUIIII!!25 64 38 106 40 61 15 37 66 62 2 36 3 108 16 107 
AQUIIII!!107 27 40 62 25 108 36 66 15 37 38 16 113 61 3 64 
AQUIIII!!38 34 106 25 66 14 61 99 24 23 1 2 35 67 36 107 
AQUIIII!!107 16 61 38 2 106 25 35 36 14 1 3 66 15 85 57 
AQUIIII!!15 14 62 38 36 40 25 16 64 66 37 3 106 2 61 107 
AQUIIII!!66 14 2 35 106 85 61 1 15 38 25 3 57 36 24 107 
AQUIIII!!27 7 62 64 26 39 66 112 113 29 6 61 110 5 109 4 
AQUIIII!!107 25 36 3 99 14 38 24 61 35 2 106 34 67 66 1 
AQUIIII!!109 110 9 112 44 63 18 41 6 17 30 8 62 66 111 28 
AQUIIII!!38 40 3 61 15 108 64 66 62 2 36 16 106 25 37 107 
AQUIIII!!24 38 2 36 99 35 14 25 66 61 106 34 23 1 67 107 
AQUIIII!!107 37 113 3 2 62 108 25 16 36 66 64 61 38 15 40 
AQUIIII!!107 38 25 3 36 85 57 106 15 61 16 37 1 2 14 66 
AQUIIII!!24 23 66 67 AQUIIII!!1 107 25 40 61 62 2 38 35 37 14 3 34 61 36 2 99 106 38 64 106 107 108 
25 36 66 16 15 
AQUIIII!!1 14 85 66 37 16 106 57 3 15 61 2 36 25 38 107 
AQUIIII!!110 109 40 39 4 61 7 113 66 26 62 5 108 27 64 29 
AQUIIII!!62 66 113 109 27 26 39 29 7 4 64 40 61 108 5 110 
AQUIIII!!62 15 66 38 61 16 2 3 64 37 25 14 40 106 36 107 
AQUIIII!!3 106 15 38 2 14 24 66 61 85 36 1 25 57 35 107 AQUIIII!!
39 7 108 66 29 61 27 64 113 62 112 26 110 4 5 109 
AQUIIII!!107 61 14 1 25 36 106 37 85 15 66 57 38 16 3 2 
AQUIIII!!7 63 112 61 26 39 66 18 62 28 5 6 8 4 110 109 
AQUIIII!!108 109 66 112 4 26 39 5 64 7 110 61 27 29 62 113 
AQUIIII!!107 25 2 40 3 15 66 62 38 37 108 64 16 61 36 113 
AQUIIII!!107 106 1 24 66 14 67 38 61 34 36 2 3 35 25 99 
AQUIIII!!107 38 14 106 15 36 1 25 61 2 85 57 3 16 37 66 
AQUIIII!!23 25 66 14 24 36 67 106 99 35 13 34 61 1 AQUIIII!!2 107 107 66 
106 16 3 40 38 25 37 61 62 15 108 2 64 36 
AQUIIII!!30 112 66 8 18 9 17 44 63 62 41 6 111 28 109 110 
AQUIIII!!106 14 13 2 99 67 24 36 1 35 66 25 61 34 23 107 
AQUIIII!!109 110 6 9 44 18 17 63 66 28 8 111 62 30 41 AQUIIII!!112 113 16 
37 27 15 29 25 66 40 38 61 64 3 62 108 107 
AQUIIII!!113 16 37 27 15 29 25 66 40 38 61 64 3 62 108 107 
AQUIIII!!107 3 62 2 14 36 15 66 25 106 61 16 64 38 40 37 
AQUIIII!!106 107 1 14 25 99 23 61 24 66 35 2 67 36 13 34 
AQUIIII!!61 39 112 41 26 18 5 63 6 66 7 8 28 62 110 109 
AQUIIII!!106 107 57 2 38 85 15 61 3 25 35 14 36 66 1 16 
AQUIIII!!27 29 62 61 26 66 40 64 4 109 5 7 113 39 108 110 
AQUIIII!!27 29 62 61 26 66 40 64 4 109 5 7 113 39 108 110 
AQUIIII!!15 25 3 16 40 113 29 37 27 64 62 61 66 38 107 108 
AQUIIII!!107 40 113 15 61 38 37 108 16 36 62 66 25 64 3 2 
AQUIIII!!107 36 3 2 62 40 113 16 64 108 61 38 25 37 66 15 
AQUIIII!!64 113 62 37 61 16 66 108 36 38 25 40 3 15 27 107 
AQUIIII!!107 85 3 25 24 106 57 38 36 14 1 61 35 66 2 15 
AQUIIII!!107 14 15 38 85 35 66 3 61 57 2 25 36 106 24 1 
AQUIIII!!107 35 2 16 38 61 3 85 57 106 15 36 14 1 25 66 
AQUIIII!!107 57 38 16 35 3 1 61 25 14 15 36 2 106 85 66 
AQUIIII!!107 25 23 36 13 34 1 35 66 14 99 24 2 67 106 61 
AQUIIII!!110 4 109 26 66 28 112 6 39 8 7 62 63 18 5 61 
AQUIIII!!36 62 40 16 25 14 61 64 38 106 15 2 37 3 66 107 
AQUIIII!!5 28 39 4 7 18 63 61 6 62 112 8 66 26 109 110 
AQUIIII!!36 66 106 23 1 99 67 35 34 24 2 25 61 13 14 107 
AQUIIII!!6 62 112 66 63 8 29 61 39 4 18 7 26 5 109 110 
AQUIIII!!AQUIIII!!6 107 62 106 112 61 66 63 35 8 66 29 1 61 36 39 12 4 34 18 23 7 13 26 5 67 109 2 110 99 
24 14 
AQUIIII!!107 106 61 35 66 1 36 12 34 23 13 67 2 99 24 14 
AQUIIII!!2 106 107 66 38 15 85 1 36 57 24 61 35 25 14 3 
AQUIIII!!112 62 4 8 66 18 29 7 61 63 39 26 5 6 110 109 
AQUIIII!!62 66 39 7 6 5 27 26 112 61 63 8 29 4 109 110 
AQUIIII!!62 66 39 7 6 5 27 26 112 61 63 8 29 4 109 110 
AQUIIII!!4 29 61 6 8 7 62 63 5 39 112 66 18 26 109 110 
AQUIIII!!2 107 106 25 36 67 66 61 35 34 23 24 1 14 38 99 
AQUIIII!!107 106 15 16 2 108 37 62 61 64 3 66 40 36 25 38 
AQUIIII!!107 106 15 16 2 108 37 62 61 64 3 66 40 36 25 38 
AQUIIII!!38 16 15 64 3 40 25 62 113 66 108 36 61 2 37 107 
AQUIIII!!106 107 23 99 25 35 14 36 2 66 34 24 67 61 1 38 
AQUIIII!!2 23 25 34 38 99 66 35 61 1 24 106 36 14 67 107 
AQUIIII!!66 1 85 61 38 2 14 36 57 15 35 25 16 107 106 3 
AQUIIII!!3 2 38 67 36 35 34 25 24 106 14 61 66 1 99 107 
AQUIIII!!106 107 64 14 16 61 62 37 15 3 40 25 36 2 38 66 
AQUIIII!!107 15 40 108 61 38 27 16 113 62 66 37 29 64 25 3 
AQUIIII!!107 62 37 2 106 36 14 66 3 16 38 64 15 25 61 40 
AQUIIII!!109 110 9 17 8 41 112 111 66 30 62 28 6 63 44 18 
Number of Cuts in the second phase:2072
Number of repeat: 1863 
Violation: 496.000000
Violation: 134.000000
Violation: 282.000000
Violation: 81.000000
Violation: 696.000000
Violation: 16.000000
Violation: 189.000000
Violation: 410.000000
Violation: 831.000000
Violation: 478.000000
Violation: 168.000000
Violation: 703.000000
Violation: 93.000000
Violation: 719.000000
Violation: 42.000000
Violation: 976.000000
Violation: 64.000000
Violation: 30.000000
Violation: 147.000000
Violation: 440.000000
Violation: 304.000000
Violation: 399.000000
Violation: 274.000000
Violation: 116.000000
Violation: 359.000000
Violation: 335.000000
Violation: 568.000000
Violation: 313.000000
Violation: 986.000000
Violation: 360.000000
Violation: 40.000000
Violation: 1245.000000
Violation: 1480.000000
Violation: 1222.000000
Violation: 334.000000
Violation: 439.000000
Violation: 481.000000
Violation: 144.000000
Violation: 917.000000
Violation: 886.000000
Violation: 136.000000
Violation: 422.000000
Violation: 1008.000000
Violation: 912.000000
Violation: 144.000000
Violation: 110.000000
Violation: 682.000000
Violation: 264.000000
Violation: 73.000000
Violation: 841.000000
Violation: 253.000000
Violation: 78.000000
Violation: 882.000000
Violation: 1217.000000
Violation: 1117.000000
Violation: 1056.000000
Violation: 1121.000000
Violation: 33.000000
Violation: 470.000000
Violation: 872.000000
Violation: 773.000000
Violation: 528.000000
Violation: 480.000000
Violation: 190.000000
Violation: 736.000000
Violation: 65.000000
Violation: 110.000000
Violation: 72.000000
Violation: 239.000000
Violation: 513.000000
Violation: 106.000000
Violation: 559.000000
Violation: 629.000000
Violation: 1014.000000
Violation: 928.000000
Violation: 414.000000
Violation: 344.000000
Violation: 632.000000
Violation: 624.000000
Violation: 686.000000
Violation: 44.000000
Violation: 770.000000
Violation: 151.000000
Violation: 1007.000000
Violation: 430.000000
Violation: 385.000000
Violation: 562.000000
Violation: 114.000000
Violation: 190.000000
Violation: 94.000000
Violation: 372.000000
Violation: 152.000000
Violation: 8.000000
Violation: 222.000000
Violation: 67.000000
Violation: 610.000000
Violation: 1456.000000
Violation: 208.000000
Violation: 607.000000
Violation: 125.000000
Violation: 272.000000
Violation: 1008.000000
Violation: 15.000000
Violation: 469.000000
Violation: 155.000000
Violation: 200.000000
Violation: 188.000000
Violation: 71.000000
Violation: 517.000000
Violation: 568.000000
Violation: 1322.000000
Violation: 361.000000
Violation: 724.000000
Violation: 832.000000
Violation: 17.000000
Violation: 616.000000
Violation: 606.000000
Violation: 61.000000
Violation: 1015.000000
Violation: 238.000000
Violation: 1104.000000
Violation: 875.000000
Violation: 100.000000
Violation: 581.000000
Violation: 439.000000
Violation: 471.000000
Violation: 712.000000
Violation: 288.000000
Violation: 288.000000
Violation: 587.000000
Violation: 441.000000
Violation: 145.000000
Violation: 1066.000000
Violation: 216.000000
Violation: 458.000000
Violation: 454.000000
Violation: 278.000000
Violation: 910.000000
Violation: 485.000000
Violation: 64.000000
Violation: 498.000000
Violation: 168.000000
Violation: 397.000000
Violation: 109.000000
Violation: 1527.000000
Violation: 890.000000
Violation: 90.000000
Violation: 112.000000
Violation: 244.000000
Violation: 1181.000000
Violation: 25.000000
Violation: 586.000000
Violation: 112.000000
Violation: 546.000000
Violation: 480.000000
Violation: 192.000000
Violation: 578.000000
Violation: 1344.000000
Violation: 873.000000
Violation: 338.000000
Violation: 183.000000
Violation: 304.000000
Violation: 156.000000
Violation: 1128.000000
Violation: 328.000000
Violation: 677.000000
Violation: 1614.000000
Violation: 197.000000
Violation: 240.000000
Violation: 908.000000
Violation: 586.000000
Violation: 1014.000000
Violation: 476.000000
Violation: 746.000000
Violation: 1234.000000
Violation: 1105.000000
Violation: 240.000000
Violation: 608.000000
Violation: 427.000000
Violation: 397.000000
Violation: 1171.000000
Violation: 284.000000
Violation: 426.000000
Violation: 97.000000
Violation: 131.000000
Violation: 152.000000
Violation: 340.000000
Violation: 640.000000
Violation: 776.000000
Violation: 1206.000000
Violation: 98.000000
Violation: 470.000000
Violation: 563.000000
Violation: 85.000000
Violation: 297.000000
Violation: 555.000000
Violation: 920.000000
Violation: 480.000000
Violation: 174.000000
Violation: 991.000000
Violation: 7.000000
Violation: 178.000000
Violation: 430.000000
Violation: 442.000000
Violation: 133.000000
Violation: 708.000000
Violation: 391.000000
Violation: 138.000000
Violation: 984.000000
8592 16
AQUIIII!!107 40 25 38 16 106 36 2 61 64 62 3 108 66 37 15 
AQUIIII!!107 64 14 106 16 36 AQUIIII!!25 107 62 61 38 2 15 16 61 15 40 25 3 2 3 37 106 66 38 
36 1 57 14 85 35 AQUIIII!!66 107 34 
66 14 1 2 36 106 13 23 25 99 35 67 61 24 
AQUIIII!!106 107 25 38 40 2 36 37 3 66 14 16 62 61 15 64 
AQUIIII!!107 106 61 38 25 36 2 57 24 35 14 3 15 1 66 85 
AQUIIII!!108 2 107 106 66 15 64 16 38 36 61 25 3 62 37 40 
AQUIIII!!34 36 67 14 23 99 66 106 2 13 61 24 35 25 1 107 
AQUIIII!!3 36 15 37 64 40 62 16 38 27 25 108 113 66 61 107 
AQUIIII!!113 25 61 37 66 16 38 64 15 29 108 3 62 40 27 107 
AQUIIII!!57 106 61 2 66 36 3 15 38 1 85 14 35 AQUIIII!!107 16 35 25 25 107 2 
14 67 23 99 66 34 1 106 24 36 61 38 
AQUIIII!!107 66 38 35 AQUIIII!!25 25 14 2 23 62 24 34 15 2 38 106 108 61 3 1 36 67 37 36 66 99 
40 64 106 61 16 107 
AQUIIII!!107 15 36 2 61 66 16 40 25 3 106 38 62 64 37 108 
AQUIIII!!107 36 106 1 2 3 16 61 35 85 57 25 14 38 15 66 
AQUIIII!!107 66 57 25 36 3 24 14 2 15 106 61 85 38 1 35 
AQUIIII!!107 106 24 61 99 67 66 1 2 35 36 34 14 25 13 23 
AQUIIII!!107 37 3 2 40 25 15 36 38 14 106 62 64 16 61 66 
AQUIIII!!110 108 113 61 66 39 29 7 AQUIIII!!5 107 62 106 4 40 2 27 99 109 36 26 34 64 3 
38 1 61 24 25 14 67 35 66 
AQUIIII!!107 35 2 3 66 36 15 85 14 106 25 1 38 16 61 57 
AQUIIII!!1 36 85 61 25 35 3 57 66 2 14 38 24 106 15 107 
AQUIIII!!1 25 24 38 34 2 61 99 14 35 3 67 36 66 106 107 
AQUIIII!!1 2 85 14 15 106 66 38 57 25 35 36 61 3 24 107 
AQUIIII!!67 14 106 24 34 99 66 36 1 61 12 2 13 23 35 107 
AQUIIII!!63 61 112 62 66 111 41 28 6 26 18 8 7 39 109 110 
AQUIIII!!113 25 66 62 108 38 2 37 61 3 64 36 40 16 15 107 
AQUIIII!!14 25 36 61 67 34 66 99 106 24 1 2 23 35 13 107 
AQUIIII!!108 110 109 27 4 40 66 5 64 26 113 62 7 29 61 39 
AQUIIII!!107 108 64 38 62 15 37 61 3 36 40 66 25 27 113 16 
AQUIIII!!1 99 67 14 35 25 34 106 2 38 24 3 36 61 66 107 
AQUIIII!!107 14 67 23 36 1 25 34 35 38 106 24 2 61 66 99 
AQUIIII!!1 106 25 14 34 35 2 67 66 38 24 36 3 61 99 107 
AQUIIII!!107 3 113 27 25 64 15 40 37 36 108 16 61 38 62 66 
AQUIIII!!107 99 61 66 35 106 2 1 13 67 36 25 24 23 34 14 
AQUIIII!!106 64 15 37 25 3 40 62 14 36 61 66 16 2 38 107 
AQUIIII!!107 25 36 57 85 66 106 2 15 61 3 1 24 35 14 38 
AQUIIII!!107 106 64 108 61 3 62 37 40 66 36 25 15 38 2 16 
AQUIIII!!34 66 23 106 99 14 35 2 67 25 61 38 36 1 24 107 
AQUIIII!!107 106 64 108 61 3 62 37 40 66 36 25 15 38 2 16 
AQUIIII!!24 38 106 66 2 61 34 35 3 99 67 25 14 36 1 107 
AQUIIII!!28 112 7 18 5 62 63 26 66 61 8 6 39 109 110 4 
AQUIIII!!107 106 2 99 36 34 3 38 1 61 24 25 14 67 35 66 
AQUIIII!!107 99 13 66 23 61 12 67 24 14 2 34 35 36 1 106 
AQUIIII!!3 108 66 64 62 40 25 15 61 2 AQUIIII!!16 36 2 37 1 38 3 106 57 107 36 
106 66 61 14 16 25 85 38 35 15 107 
AQUIIII!!106 24 15 36 25 1 57 66 2 14 3 38 35 61 85 107 
AQUIIII!!4 109 110 6 8 39 18 66 61 28 63 62 26 5 112 7 
AQUIIII!!38 1 61 25 34 24 35 36 2 106 67 3 99 66 14 107 
AQUIIII!!107 106 24 61 99 67 66 1 2 35 36 34 14 25 13 23 
AQUIIII!!61 1 14 66 106 36 37 57 38 2 25 15 3 85 16 107 
AQUIIII!!108 38 27 66 37 61 64 113 15 25 16 3 40 62 29 107 
AQUIIII!!36 15 3 38 16 2 66 57 35 106 61 14 85 25 1 107 
AQUIIII!!107 106 2 99 36 34 3 38 1 61 24 25 14 67 35 66 
AQUIIII!!106 36 3 61 62 15 108 66 64 16 38 40 2 25 37 107 
AQUIIII!!113 61 64 27 5 62 7 39 29 66 26 109 4 110 40 108 
AQUIIII!!106 25 99 66 35 13 34 14 67 36 24 61 2 23 AQUIIII!!1 38 107 34 
24 66 25 99 2 3 35 1 36 106 14 67 61 107 
AQUIIII!!37 3 38 40 25 16 64 108 61 15 27 62 113 66 29 107 
AQUIIII!!64 29 61 62 66 27 39 26 4 7 113 112 108 109 110 5 
AQUIIII!!64 29 61 62 66 27 39 26 4 7 113 112 108 109 110 5 
AQUIIII!!64 29 61 62 66 27 39 26 4 7 113 112 108 109 110 5 
AQUIIII!!25 36 40 38 64 66 61 3 62 108 37 16 113 15 2 107 
AQUIIII!!107 108 62 64 16 3 38 37 66 29 15 61 113 25 27 40 
AQUIIII!!107 1 106 13 34 24 23 67 12 2 61 14 36 35 66 99 
AQUIIII!!15 16 38 61 3 66 62 108 36 40 37 113 64 25 2 107 
AQUIIII!!62 25 61 38 64 15 36 40 16 66 3 113 37 107 2 108 
AQUIIII!!108 110 64 62 61 26 113 27 4 7 66 109 29 39 5 40 
AQUIIII!!1 67 34 24 14 2 66 38 99 23 25 36 35 61 106 107 
AQUIIII!!107 AQUIIII!!37 3 107 62 113 25 2 64 108 62 40 113 40 61 38 66 16 16 64 15 36 36 61 66 37 
25 2 38 15 108 3 
AQUIIII!!107 15 25 3 24 2 57 38 106 66 61 35 85 14 1 36 
AQUIIII!!107 106 15 85 3 38 16 66 25 14 57 37 61 2 1 36 
AQUIIII!!106 107 15 57 2 25 61 14 1 35 3 38 85 66 36 24 
AQUIIII!!106 107 85 3 66 36 2 57 16 25 61 1 37 38 14 15 
AQUIIII!!24 1 35 AQUIIII!!67 108 61 2 14 107 106 106 34 66 38 15 99 64 23 16 66 38 25 36 2 61 36 25 107 3 
62 37 40 
AQUIIII!!113 15 108 3 37 38 36 66 62 16 25 64 61 2 40 107 
AQUIIII!!3 57 24 15 106 61 38 1 2 14 25 85 36 35 66 107 
AQUIIII!!107 62 36 3 40 64 113 108 16 38 15 25 37 61 66 2 
AQUIIII!!16 66 3 40 106 38 37 64 14 36 25 62 2 15 61 107 
AQUIIII!!67 1 106 24 34 36 66 35 14 3 99 25 38 61 2 107 
AQUIIII!!15 62 66 113 25 37 16 AQUIIII!!3 107 108 36 36 14 61 106 38 3 64 99 2 61 40 67 25 107 
66 1 34 35 2 38 24 
AQUIIII!!106 107 85 3 66 36 2 57 16 25 61 1 37 38 14 15 
AQUIIII!!110 109 7 112 5 39 6 29 66 113 64 62 4 27 26 61 
AQUIIII!!61 37 1 2 36 106 57 3 14 25 38 66 16 85 15 107 
AQUIIII!!15 3 85 2 1 36 61 25 66 24 106 35 14 57 38 107 
AQUIIII!!40 62 16 106 15 14 3 37 64 25 2 66 61 36 38 107 
AQUIIII!!40 113 61 38 25 64 27 62 15 66 37 29 3 16 107 108 
AQUIIII!!61 14 AQUIIII!!107 35 85 3 57 2 106 35 106 99 61 34 1 15 24 3 16 25 66 36 14 25 38 38 36 1 
66 2 67 107 
AQUIIII!!6 112 26 62 18 63 4 8 7 39 29 61 66 5 110 109 
AQUIIII!!6 112 26 62 18 63 4 8 7 39 29 61 66 5 110 109 
AQUIIII!!37 66 2 64 40 16 36 38 62 AQUIIII!!15 107 61 108 14 37 106 66 3 113 25 62 107 25 
27 15 38 64 3 40 61 36 16 
AQUIIII!!107 34 61 3 66 35 14 36 24 25 38 67 99 2 106 1 
AQUIIII!!66 109 26 7 27 39 5 62 113 112 61 4 64 29 108 110 
AQUIIII!!107 61 16 62 64 113 36 40 108 3 15 66 38 27 37 25 
AQUIIII!!109 110 28 62 112 63 111 6 66 44 30 18 8 9 17 41 
AQUIIII!!108 110 109 27 4 40 66 5 64 26 113 62 7 29 61 39 
AQUIIII!!3 106 107 37 85 2 15 14 66 36 25 38 61 1 16 57 
AQUIIII!!5 61 39 62 8 63 29 26 112 66 6 27 7 110 4 109 
AQUIIII!!108 110 64 62 61 26 113 27 4 7 66 109 29 39 5 40 
AQUIIII!!107 2 14 38 37 25 3 57 106 61 16 36 85 66 1 15 
AQUIIII!!107 2 67 99 106 61 66 24 3 34 25 14 36 38 35 1 
AQUIIII!!2 24 38 1 99 23 67 106 66 14 25 61 35 36 34 107 
AQUIIII!!66 38 57 85 14 15 61 25 36 35 24 3 1 106 2 107 
AQUIIII!!37 64 3 2 108 66 36 61 38 40 25 113 62 16 15 107 
AQUIIII!!107 66 35 25 2 67 106 36 61 23 1 24 34 38 99 14 
AQUIIII!!61 2 35 23 34 66 12 1 24 36 106 14 13 99 67 107 
AQUIIII!!110 109 39 AQUIIII!!111 112 112 18 63 26 41 61 8 6 6 7 17 8 63 66 4 62 61 27 28 66 
26 29 62 39 109 5 110 
AQUIIII!!25 106 38 23 34 66 67 36 99 35 14 2 61 1 24 107 
AQUIIII!!34 67 36 24 1 99 66 35 61 2 25 23 13 14 107 106 
AQUIIII!!107 108 64 38 62 15 37 61 AQUIIII!!3 107 36 2 40 106 15 66 25 25 36 27 85 1 113 57 16 61 38 
35 3 14 66 16 
AQUIIII!!108 109 26 64 5 39 7 61 62 113 66 29 27 37 4 40 
AQUIIII!!40 38 61 15 66 16 62 36 3 108 37 2 25 64 107 106 
AQUIIII!!15 85 61 36 106 66 57 38 25 24 3 2 1 14 35 107 
AQUIIII!!110 108 113 61 66 39 29 7 5 62 4 40 27 109 26 64 
AQUIIII!!107 16 2 66 36 3 64 15 25 61 106 62 108 37 40 38 
AQUIIII!!108 15 62 40 37 113 3 61 16 66 25 2 38 64 36 107 
AQUIIII!!57 1 61 85 36 66 25 3 14 106 16 15 37 38 2 107 
AQUIIII!!1 57 106 2 66 37 85 15 36 25 38 16 61 3 14 107 
AQUIIII!!107 35 106 57 85 3 1 2 14 36 24 25 15 66 38 61 
AQUIIII!!66 29 39 109 27 62 112 64 7 61 5 26 113 4 110 108 
AQUIIII!!66 29 39 109 27 62 112 64 7 61 5 26 113 4 110 108 
AQUIIII!!112 18 111 62 17 8 28 61 26 39 6 66 41 63 109 110 
AQUIIII!!36 2 64 40 16 15 66 25 61 62 3 38 37 106 108 107 
AQUIIII!!AQUIIII!!107 36 34 2 38 35 64 99 40 14 16 106 15 66 24 66 36 25 67 61 1 62 61 3 25 2 38 3 37 
106 108 107 
AQUIIII!!107 37 66 62 3 16 38 108 61 29 113 64 40 25 15 27 
AQUIIII!!66 61 62 3 64 36 106 25 38 15 40 16 37 2 108 107 
AQUIIII!!107 61 66 15 38 14 85 37 106 36 57 3 1 2 16 25 
AQUIIII!!67 35 3 25 2 61 36 24 34 99 66 1 106 38 14 107 
AQUIIII!!106 107 25 66 1 61 99 36 24 13 2 67 14 35 23 34 
AQUIIII!!108 4 109 29 113 61 39 5 7 66 27 40 37 62 26 64 
AQUIIII!!2 61 3 1 38 66 57 16 36 106 85 25 15 35 14 107 
AQUIIII!!109 110 7 62 61 5 4 AQUIIII!!66 99 1 113 24 29 36 14 6 35 106 39 25 26 66 34 64 23 2 112 61 13 27 67 
107 
AQUIIII!!24 99 14 23 34 106 61 36 2 1 35 67 66 25 13 107 
AQUIIII!!24 36 2 106 38 35 57 61 1 3 15 85 66 14 25 107 
AQUIIII!!107 2 3 15 66 62 106 37 38 16 25 36 61 40 14 64 
AQUIIII!!109 4 110 40 7 108 29 26 58 27 61 5 62 39 113 63 
AQUIIII!!1 35 25 36 61 66 67 99 2 106 24 14 34 23 38 107 
AQUIIII!!25 66 37 3 1 85 2 57 15 14 61 36 38 16 106 107 
AQUIIII!!25 85 15 37 106 3 66 16 14 36 57 38 2 61 1 107 
AQUIIII!!62 64 2 61 106 25 14 40 3 66 16 38 36 37 15 107 
AQUIIII!!108 109 4 112 27 61 66 110 7 113 39 5 26 29 64 62 
AQUIIII!!106 2 24 35 99 1 61 14 36 66 13 25 67 34 23 107 
AQUIIII!!61 57 16 36 3 106 37 66 38 14 15 2 25 1 85 107 
AQUIIII!!36 99 34 66 67 1 14 23 38 61 2 35 24 25 106 107 
AQUIIII!!107 62 40 61 66 29 27 16 25 108 15 113 38 37 3 64 
Number of Cuts in the second phase:2019
Number of repeat: 1905 
Violation: 1243.000000
Violation: 254.000000
Violation: 881.000000
Violation: 1458.000000
Violation: 441.000000
Violation: 558.000000
Violation: 601.000000
Violation: 673.000000
Violation: 380.000000
Violation: 541.000000
Violation: 483.000000
Violation: 79.000000
Violation: 929.000000
Violation: 766.000000
Violation: 570.000000
Violation: 1241.000000
Violation: 1134.000000
Violation: 23.000000
Violation: 6.000000
Violation: 64.000000
Violation: 793.000000
Violation: 382.000000
Violation: 330.000000
Violation: 458.000000
Violation: 93.000000
Violation: 314.000000
Violation: 335.000000
Violation: 850.000000
Violation: 526.000000
Violation: 453.000000
Violation: 366.000000
Violation: 369.000000
Violation: 1678.000000
Violation: 378.000000
Violation: 793.000000
Violation: 80.000000
Violation: 543.000000
Violation: 303.000000
Violation: 488.000000
Violation: 288.000000
Violation: 528.000000
Violation: 284.000000
Violation: 13.000000
Violation: 778.000000
Violation: 529.000000
Violation: 802.000000
Violation: 370.000000
Violation: 680.000000
Violation: 126.000000
Violation: 1203.000000
Violation: 40.000000
Violation: 182.000000
Violation: 48.000000
Violation: 1349.000000
Violation: 545.000000
Violation: 306.000000
Violation: 88.000000
Violation: 344.000000
Violation: 976.000000
Violation: 242.000000
Violation: 958.000000
Violation: 4.000000
Violation: 63.000000
Violation: 46.000000
Violation: 232.000000
Violation: 246.000000
Violation: 840.000000
Violation: 145.000000
Violation: 1071.000000
Violation: 541.000000
Violation: 846.000000
Violation: 143.000000
Violation: 362.000000
Violation: 338.000000
Violation: 538.000000
Violation: 364.000000
Violation: 164.000000
Violation: 659.000000
Violation: 32.000000
Violation: 226.000000
Violation: 454.000000
Violation: 810.000000
Violation: 102.000000
Violation: 50.000000
Violation: 310.000000
Violation: 865.000000
Violation: 296.000000
Violation: 152.000000
Violation: 1374.000000
Violation: 1226.000000
Violation: 314.000000
Violation: 584.000000
Violation: 77.000000
Violation: 1242.000000
Violation: 1037.000000
Violation: 1201.000000
Violation: 321.000000
Violation: 577.000000
Violation: 16.000000
Violation: 448.000000
Violation: 158.000000
Violation: 87.000000
Violation: 190.000000
Violation: 1000.000000
Violation: 1656.000000
Violation: 20.000000
Violation: 714.000000
Violation: 392.000000
Violation: 170.000000
Violation: 334.000000
Violation: 1046.000000
Violation: 759.000000
Violation: 618.000000
Violation: 44.000000
2808 16
AQUIIII!!107 64 25 15 27 38 40 37 61 16 108 113 62 3 AQUIIII!!66 107 36 14 
40 AQUIIII!!66 107 36 15 3 25 38 2 106 38 16 61 37 36 64 37 61 106 2 62 15 64 62 14 25 3 
16 40 66 
AQUIIII!!107 106 61 38 14 66 35 1 99 2 25 34 67 3 24 36 
AQUIIII!!107 106 61 38 14 66 35 1 99 2 25 34 67 3 24 36 
AQUIIII!!66 85 1 25 38 15 36 16 37 57 2 3 14 61 107 106 
AQUIIII!!66 85 1 25 38 15 36 16 37 57 2 3 14 61 107 106 
AQUIIII!!36 14 3 25 62 61 15 40 16 66 64 2 37 38 107 106 
AQUIIII!!25 15 38 66 1 85 16 61 14 2 3 106 57 36 35 107 
AQUIIII!!112 18 62 8 5 26 63 6 39 61 7 4 66 28 109 110 
AQUIIII!!112 18 62 8 5 26 63 6 39 61 7 4 66 28 109 110 
AQUIIII!!29 109 27 5 26 7 113 62 61 39 112 64 4 66 108 110 
AQUIIII!!29 109 27 5 26 7 113 62 61 39 112 64 4 66 108 110 
AQUIIII!!107 36 67 13 99 23 1 25 66 2 35 34 24 14 AQUIIII!!106 61 61 3 
2 36 15 40 66 38 16 64 37 25 62 107 106 108 
AQUIIII!!61 3 2 36 15 40 66 38 16 64 37 25 62 107 106 108 
AQUIIII!!61 3 2 36 15 40 66 38 16 64 37 25 62 107 106 108 
AQUIIII!!15 16 62 64 3 25 37 27 113 108 29 38 66 61 40 107 
AQUIIII!!34 66 14 23 67 38 24 1 35 25 36 99 2 61 106 107 
AQUIIII!!34 66 14 23 67 38 24 1 35 25 36 99 2 61 106 107 
AQUIIII!!106 107 37 14 62 64 38 16 2 61 66 15 36 40 3 25 
AQUIIII!!107 25 61 38 85 2 36 14 1 24 35 66 3 15 106 57 
AQUIIII!!61 15 16 3 37 38 25 36 2 66 57 14 85 106 1 107 
AQUIIII!!106 107 1 16 25 57 85 35 36 61 38 3 66 15 14 2 
AQUIIII!!36 67 23 24 35 61 99 25 1 38 14 66 2 34 107 106 
AQUIIII!!36 67 23 24 35 61 99 25 1 38 14 66 2 34 107 AQUIIII!!106 107 
61 67 66 23 34 99 14 12 35 24 106 36 13 2 1 
AQUIIII!!107 66 23 25 1 34 2 35 36 14 106 67 99 61 24 38 
AQUIIII!!38 24 15 66 36 57 3 85 25 35 61 106 2 1 14 107 
AQUIIII!!16 36 61 25 14 64 3 15 38 40 106 37 66 62 2 107 
AQUIIII!!107 37 16 2 40 38 62 15 106 108 3 66 64 36 61 25 
AQUIIII!!107 14 66 99 106 35 67 1 25 24 2 38 3 36 34 61 
AQUIIII!!106 14 3 38 1 61 15 57 66 36 25 85 16 35 2 107 
AQUIIII!!107 27 62 38 16 64 36 40 66 15 113 61 25 108 37 3 
AQUIIII!!106 107 61 23 25 99 66 1 24 35 2 14 13 34 67 36 
AQUIIII!!107 108 15 27 16 113 3 40 62 37 61 25 66 38 64 29 
AQUIIII!!25 2 61 15 38 1 66 85 16 3 14 57 35 106 36 107 
AQUIIII!!67 35 23 14 99 12 34 24 66 61 1 106 36 2 13 107 
AQUIIII!!61 35 16 14 85 2 36 15 38 66 106 57 1 25 3 107 
AQUIIII!!107 2 40 64 25 3 16 62 14 106 61 36 37 66 15 38 
AQUIIII!!107 108 15 27 16 113 3 40 62 37 61 25 66 38 64 29 
AQUIIII!!38 66 106 24 15 36 85 35 57 1 2 3 61 25 14 107 
AQUIIII!!106 107 2 36 16 66 38 15 61 35 25 1 3 85 57 14 
AQUIIII!!107 38 61 3 16 113 37 108 66 40 15 25 29 27 64 62 
AQUIIII!!40 27 16 62 37 36 113 108 38 61 25 15 66 64 3 107 
AQUIIII!!110 109 29 64 39 66 62 113 108 5 61 4 26 7 40 27 
AQUIIII!!107 66 64 38 61 3 29 40 27 37 108 113 25 16 15 62 
AQUIIII!!40 15 62 113 64 25 66 3 108 61 37 36 2 38 16 107 
AQUIIII!!107 113 37 36 16 3 15 40 2 108 38 64 62 61 25 66 
AQUIIII!!109 110 61 28 41 112 8 39 26 62 5 63 6 7 18 66 
AQUIIII!!107 35 14 1 24 34 66 2 67 106 36 13 99 25 23 61 
AQUIIII!!3 34 67 61 14 1 99 2 106 66 35 25 24 38 36 107 
AQUIIII!!35 61 25 66 106 2 15 57 16 14 3 85 1 38 36 107 
Number of Cuts in the second phase:666
Number of repeat: 638 
Violation: 565.000000
Violation: 369.000000
Violation: 245.000000
Violation: 84.000000
Violation: 268.000000
Violation: 417.000000
Violation: 154.000000
Violation: 634.000000
Violation: 360.000000
Violation: 424.000000
Violation: 121.000000
Violation: 456.000000
Violation: 146.000000
Violation: 65.000000
Violation: 31.000000
Violation: 545.000000
Violation: 64.000000
Violation: 603.000000
Violation: 284.000000
Violation: 712.000000
Violation: 524.000000
Violation: 806.000000
Violation: 74.000000
Violation: 720.000000
Violation: 242.000000
Violation: 271.000000
Violation: 561.000000
Violation: 382.000000
took 14.564247
Optimize a model with 1204 rows, 3410 columns and 71618 nonzeros
Coefficient statistics:
  Matrix range     [1e+00, 1e+02]
  Objective range  [0e+00, 0e+00]
  Bounds range     [1e+00, 1e+02]
  RHS range        [1e+00, 5e+01]

Concurrent LP optimizer: dual simplex and barrier
Showing barrier log only...

Presolve removed 209 rows and 165 columns
Presolve time: 0.02s
Presolved: 995 rows, 3245 columns, 64842 nonzeros

Ordering time: 0.00s

Barrier statistics:
 Dense cols : 23
 AA' NZ     : 5.998e+04
 Factor NZ  : 1.215e+05 (roughly 3 MBytes of memory)
 Factor Ops : 2.725e+07 (less than 1 second per iteration)
 Threads    : 3

                  Objective                Residual
Iter       Primal          Dual         Primal    Dual     Compl     Time
   0   0.00000000e+00 -3.64812500e+01  2.04e+03 0.00e+00  5.74e-01     0s
   1   0.00000000e+00 -7.76299339e+01  6.26e+02 1.23e-02  1.75e-01     0s
   2   0.00000000e+00 -6.83502898e+01  2.20e+02 1.36e-03  6.03e-02     0s
   3   0.00000000e+00 -3.35284766e+01  3.15e+01 2.43e-17  1.01e-02     0s
   4   0.00000000e+00 -1.20433782e+01  3.22e+00 7.16e-18  1.95e-03     0s
   5   0.00000000e+00 -6.80862355e-01  4.56e-13 1.19e-18  9.24e-05     0s
   6   0.00000000e+00 -6.80889352e-04  4.21e-13 4.08e-17  9.24e-08     0s
   7   0.00000000e+00 -6.83715699e-10  5.83e-13 1.91e-20  9.28e-14     0s

Barrier solved model in 7 iterations and 0.06 seconds
Optimal objective 0.00000000e+00

Crossover log...

       0 DPushes remaining with DInf 0.0000000e+00                 0s

    3126 PPushes remaining with PInf 0.0000000e+00                 0s
       0 PPushes remaining with PInf 0.0000000e+00                 0s

  Push phase complete: Pinf 0.0000000e+00, Dinf 0.0000000e+00      0s

Iteration    Objective       Primal Inf.    Dual Inf.      Time
    3152    0.0000000e+00   0.000000e+00   0.000000e+00      0s
    3152    0.0000000e+00   0.000000e+00   0.000000e+00      0s

Solved with barrier
Solved in 3152 iterations and 0.12 seconds
Optimal objective  0.000000000e+00
