j3017_4.mm_s5.txt
Academic license - for non-commercial use only
Read LP format model from file lp/j3017_4.mm.lp
Reading time = 0.01 seconds
: 351 rows, 906 columns, 9053 nonzeros
OKGPU
nThreads: 1024 , nBlocks: 12 
Number cuts generated in the phase 1: 12
Number of repeat: 4 
violation 500.000000
violation 428.000000
violation 750.000000
violation 375.000000
violation 425.000000
violation 425.000000
violation 425.000000
violation 820.000000
8592 16
22 25 45 0 37 1 37 46 48 45 34 13 47 1 2 23 34 2 0 33 
49 13 45 20 46 34 23 33 
22 23 33 19 10 2 2 20 
3 49 37 
5 49 
AQUIIII!!49 33 22 46 1 2 10 37 48 23 13 34 AQUIIII!!0 25 49 AQUIIII!!47 37 3 46 23 
37 48 AQUIIII!!45 10 33 49 46 22 25 25 23 47 48 48 0 2 33 34 47 1 1 0 10 20 1 46 10 19 34 47 45 20 22 33 25 20 22 49 23 

2 37 0 34 45 
AQUIIII!!49 46 25 22 37 23 2 34 0 13 10 48 33 1 47 3 
AQUIIII!!49 10 25 2 22 47 3 34 23 37 1 0 33 4 48 13 
AQUIIII!!33 18 17 22 19 23 15 20 34 24 37 43 45 46 44 16 
AQUIIII!!24 34 23 37 18 46 20 45 10 19 AQUIIII!!22 34 33 15 17 47 23 48 22 49 24 
33 45 37 18 20 16 44 46 19 47 17 AQUIIII!!24 
34 23 37 18 46 20 45 10 19 22 33 17 47 48 49 
AQUIIII!!48 22 34 18 37 33 23 25 10 20 47 0 19 46 45 49 
AQUIIII!!47 17 AQUIIII!!23 0 33 34 46 45 33 16 2 24 31 AQUIIII!!34 6 33 18 3 22 20 5 48 47 AQUIIII!!34 13 37 25 48 33 AQUIIII!!1 22 45 45 10 10 49 37 48 19 25 34 22 22 0 
0 37 23 2 18 AQUIIII!!4 47 20 23 AQUIIII!!23 25 1 33 10 0 46 49 19 10 3 46 10 37 
48 AQUIIII!!25 1 22 1 1 47 49 2 33 2 13 46 
37 20 2 25 37 33 34 22 13 45 10 34 49 AQUIIII!!23 31 
3 23 34 6 24 37 13 0 3 34 25 0 0 46 46 25 33 1 47 2 4 22 22 34 48 10 49 23 33 49 
22 37 17 5 
13 48 49 48 
19 47 18 AQUIIII!!49 16 49 31 
45 AQUIIII!!10 47 5 37 37 1 33 37 46 2 10 49 4 19 20 6 13 47 
34 24 25 0 23 3 22 18 33 
45 34 17 48 46 22 20 49 AQUIIII!!
25 AQUIIII!!0 34 49 23 48 48 10 10 4 1 13 46 37 23 1 22 3 22 3 47 34 33 13 2 33 49 25 
2 37 0 47 AQUIIII!!
49 0 13 34 48 23 3 33 25 37 47 1 AQUIIII!!2 49 10 47 46 45 22 37 
34 33 19 AQUIIII!!0 49 20 23 25 1 46 10 23 37 18 0 22 48 48 13 10 33 2 
4 5 34 22 3 25 
AQUIIII!!47 44 46 37 19 22 33 24 23 18 20 34 17 45 15 16 
AQUIIII!!49 48 37 47 22 3 33 1 25 13 0 4 10 23 34 2 
AQUIIII!!23 33 10 37 24 19 34 17 45 22 48 47 46 49 20 18 
AQUIIII!!49 10 37 46 22 0 45 47 34 13 33 23 2 1 48 25 
AQUIIII!!49 34 10 2 5 3 33 0 37 22 48 1 13 25 23 4 
AQUIIII!!46 49 47 25 22 23 10 3 37 33 1 0 2 48 13 AQUIIII!!34 
1 34 3 47 10 33 AQUIIII!!48 44 9 22 41 11 0 33 32 37 16 13 12 27 2 39 43 23 14 21 25 34 42 4 15 49 

AQUIIII!!49 4 22 31 13 2 3 0 37 AQUIIII!!5 34 34 1 37 33 22 25 6 18 10 17 
48 33 AQUIIII!!47 22 46 25 19 23 45 46 24 0 16 1 23 2 20 AQUIIII!!3 17 AQUIIII!!49 33 20 34 
48 45 22 22 13 23 33 47 25 46 45 10 AQUIIII!!37 34 20 19 45 37 33 23 49 23 1 47 
37 2 48 10 34 47 47 18 22 48 24 20 19 10 0 0 49 AQUIIII!!46 46 
3 1 49 AQUIIII!!2 33 AQUIIII!!
49 34 10 49 37 48 20 33 0 37 25 25 22 25 19 33 13 10 25 0 19 49 46 34 18 
33 1 10 18 22 10 45 48 23 47 0 5 34 37 37 48 4 23 45 49 46 23 
48 20 34 
AQUIIII!!22 49 47 13 AQUIIII!!
0 49 34 4 23 33 33 2 1 3 22 0 2 1 25 10 48 22 37 37 47 48 10 13 46 25 45 23 
5 34 
AQUIIII!!45 16 46 22 18 34 19 33 17 23 24 43 44 37 20 15 
AQUIIII!!49 13 37 25 1 47 46 10 33 45 48 0 22 34 23 2 
AQUIIII!!18 17 10 47 48 45 49 20 24 19 33 46 37 34 23 22 
AQUIIII!!49 20 16 18 17 46 22 33 AQUIIII!!47 0 48 33 45 13 34 1 24 25 23 AQUIIII!!2 19 49 22 37 46 34 
33 3 20 47 23 23 45 46 48 19 10 48 37 18 49 22 
AQUIIII!!37 49 16 17 47 33 23 34 18 24 46 17 37 34 
47 19 22 20 24 45 16 48 
AQUIIII!!0 20 45 47 2 48 37 23 22 33 1 25 46 34 10 49 
AQUIIII!!49 0 6 34 5 4 31 10 22 2 33 1 AQUIIII!!25 13 37 48 37 13 4 3 22 
10 23 2 3 5 25 1 34 0 33 49 
AQUIIII!!49 33 48 22 19 47 46 10 20 AQUIIII!!24 34 49 23 48 18 10 17 25 45 13 37 37 
2 1 4 23 33 47 0 34 3 22 
AQUIIII!!49 3 2 22 33 23 25 0 48 4 1 5 13 37 10 34 
AQUIIII!!49 1 48 34 37 45 20 33 22 25 19 AQUIIII!!46 48 47 13 10 37 0 46 23 25 
0 47 22 AQUIIII!!34 34 33 3 23 47 2 25 10 4 1 22 3 1 49 48 
13 2 23 37 0 33 10 AQUIIII!!49 
49 48 23 19 16 18 47 20 34 33 46 37 24 22 45 AQUIIII!!17 49 
16 45 19 33 47 48 18 17 22 34 37 24 23 20 46 
AQUIIII!!49 19 48 33 34 46 23 45 37 47 17 20 18 AQUIIII!!49 24 47 16 3 22 37 
23 2 4 34 48 33 1 25 22 AQUIIII!!10 49 13 20 0 47 
34 25 0 33 19 45 1 22 46 23 48 10 37 AQUIIII!!
49 20 46 24 33 23 18 37 19 47 22 45 34 48 17 10 
AQUIIII!!34 10 45 19 46 18 17 37 23 33 22 47 48 24 20 49 
AQUIIII!!46 16 45 47 23 33 22 24 19 17 20 49 34 48 37 18 
AQUIIII!!49 33 48 0 3 1 23 37 13 10 22 25 4 34 5 2 
AQUIIII!!47 23 48 45 19 24 33 37 34 20 22 18 49 16 46 17 
AQUIIII!!19 49 33 34 24 23 48 17 20 10 46 47 18 37 45 22 
AQUIIII!!AQUIIII!!24 34 37 47 22 25 46 20 48 45 AQUIIII!!10 48 37 10 33 47 46 19 23 0 22 2 19 24 37 18 18 33 17 23 34 20 1 16 33 22 44 17 49 34 
45 47 23 20 49 45 
46 15 
AQUIIII!!22 23 46 1 20 10 33 45 0 19 34 48 25 37 47 49 
AQUIIII!!49 6 31 10 33 3 22 37 2 0 25 13 4 5 1 34 
AQUIIII!!47 25 33 22 34 37 46 2 10 AQUIIII!!16 23 23 20 33 48 37 1 18 45 22 20 0 34 49 24 
45 19 17 48 47 49 46 
AQUIIII!!22 33 20 AQUIIII!!37 49 0 0 10 33 34 48 47 48 23 25 13 46 25 45 47 1 3 23 10 2 2 49 4 
22 34 37 1 
AQUIIII!!49 45 48 19 0 37 10 25 22 34 20 47 1 46 33 23 
AQUIIII!!22 47 2 1 33 48 13 23 46 3 34 37 10 25 0 49 
AQUIIII!!22 20 47 24 AQUIIII!!34 3 37 22 33 23 25 46 23 18 4 AQUIIII!!34 10 44 2 33 0 43 1 19 9 10 49 42 48 45 13 41 37 48 7 47 17 49 21 AQUIIII!!

49 39 20 32 17 8 47 22 26 23 12 37 18 14 19 40 45 11 33 48 27 24 
10 34 46 
AQUIIII!!23 37 22 18 45 34 25 47 10 48 33 20 19 0 46 49 
AQUIIII!!49 37 34 13 10 3 25 47 23 48 46 33 2 1 22 0 
AQUIIII!!2 33 23 1 45 37 46 0 22 34 10 25 13 49 47 48 
AQUIIII!!34 20 19 37 16 46 18 24 45 17 48 22 23 47 33 49 
AQUIIII!!3 34 33 1 22 0 13 4 AQUIIII!!5 31 0 37 25 25 2 45 6 33 10 34 49 
46 23 20 22 47 37 48 1 10 2 49 
AQUIIII!!AQUIIII!!AQUIIII!!49 49 49 20 34 33 37 33 46 0 23 48 34 45 10 10 24 46 48 18 23 47 37 45 16 19 22 34 1 25 20 23 2 22 46 0 17 22 47 47 25 1 48 33 AQUIIII!!20 19 49 45 37 
47 

17 20 19 33 22 45 37 34 23 10 AQUIIII!!48 46 49 4 24 0 18 
3 22 48 2 33 25 34 13 37 47 10 23 1 
AQUIIII!!49 22 34 23 18 46 37 16 19 47 45 20 24 48 17 33 
AQUIIII!!20 23 37 47 16 48 18 19 46 22 45 33 24 17 34 49 
AQUIIII!!25 33 34 10 46 0 37 2 22 20 45 1 23 47 48 49 
AQUIIII!!37 13 10 2 48 AQUIIII!!25 49 34 22 0 25 1 34 23 37 33 33 47 3 46 10 45 0 22 13 49 1 
23 47 2 48 4 
AQUIIII!!17 23 18 46 24 48 45 22 16 19 47 20 34 37 33 49 
AQUIIII!!49 25 2 4 1 48 22 13 23 37 3 10 34 0 33 5 AQUIIII!!
23 19 AQUIIII!!25 37 49 34 46 33 45 20 23 0 34 47 AQUIIII!!1 45 37 19 48 10 47 18 48 46 10 23 10 37 20 22 18 33 49 0 22 
47 25 19 48 34 0 45 20 33 
46 22 25 49 
AQUIIII!!46 16 45 24 23 37 33 34 15 18 22 19 17 20 47 44 
AQUIIII!!49 20 25 23 10 0 22 2 34 33 37 47 46 1 45 48 
AQUIIII!!2 1 33 34 0 37 48 22 10 46 23 45 47 25 20 49 
AQUIIII!!49 2 37 23 34 46 48 45 0 22 25 10 13 33 1 47 
AQUIIII!!22 43 32 34 33 18 23 19 20 17 42 16 15 24 45 44 
AQUIIII!!49 23 19 10 45 0 1 33 25 22 34 20 47 48 37 46 
AQUIIII!!49 6 10 1 AQUIIII!!0 49 2 34 3 0 5 19 31 45 25 22 4 48 13 10 22 23 37 20 33 37 34 47 
33 25 1 46 
AQUIIII!!45 19 20 49 46 47 22 1 0 10 25 34 48 37 AQUIIII!!33 23 48 
10 1 25 23 22 33 45 19 34 47 20 37 0 46 49 
AQUIIII!!17 20 16 18 22 24 23 45 33 34 19 47 49 37 48 46 
AQUIIII!!46 48 47 25 19 37 10 45 0 33 20 49 1 22 34 23 
AQUIIII!!44 45 15 24 19 16 22 18 46 47 33 17 20 34 37 23 
AQUIIII!!2 37 23 22 33 3 1 34 13 4 0 48 47 10 25 49 
AQUIIII!!6 10 4 2 0 1 33 34 37 25 31 13 3 22 5 49 
AQUIIII!!47 13 25 3 48 33 34 37 1 10 23 2 46 0 22 49 
AQUIIII!!49 37 47 10 17 48 33 20 24 46 23 18 34 22 45 19 
AQUIIII!!49 2 1 23 34 22 46 3 13 10 37 25 33 0 47 48 
AQUIIII!!49 3 25 13 0 4 1 AQUIIII!!48 22 20 49 2 33 10 5 0 AQUIIII!!10 49 37 34 4 47 23 1 48 37 33 22 
23 34 47 23 37 1 22 33 2 19 0 45 48 25 13 46 25 
10 34 3 
AQUIIII!!4 10 34 13 33 25 23 1 3 2 22 37 47 48 0 49 
AQUIIII!!43 9 AQUIIII!!44 47 11 17 41 20 27 37 32 19 16 48 33 16 21 45 15 18 39 24 14 34 42 23 34 33 46 12 22 
49 
AQUIIII!!AQUIIII!!49 47 1 17 2 49 48 48 37 46 0 20 47 24 33 34 34 33 45 23 10 20 23 22 37 46 22 25 18 10 19 
45 
AQUIIII!!49 34 17 23 22 AQUIIII!!47 45 9 19 44 20 41 33 43 18 11 37 46 40 24 14 10 8 48 15 
12 26 42 21 27 39 32 
AQUIIII!!48 17 24 18 37 47 23 34 22 46 45 33 16 20 49 19 
AQUIIII!!3 33 2 47 34 23 48 1 10 13 46 22 0 37 25 49 
AQUIIII!!49 22 3 4 37 23 25 48 1 5 2 10 13 33 0 34 
AQUIIII!!49 33 0 5 AQUIIII!!34 49 37 48 6 25 2 22 3 31 47 AQUIIII!!10 3 1 0 33 22 34 23 4 37 2 13 46 3 25 22 2 
13 37 AQUIIII!!1 0 20 10 19 10 25 34 1 5 37 4 17 34 33 33 
46 13 24 31 10 6 45 49 23 
18 47 22 AQUIIII!!48 49 49 0 
10 25 23 20 22 34 37 45 46 48 18 AQUIIII!!33 48 47 23 19 20 
24 10 37 17 47 33 46 18 22 34 19 49 45 
AQUIIII!!34 33 1 23 10 25 2 13 47 22 46 37 48 45 0 49 
AQUIIII!!48 46 49 45 47 24 34 33 22 37 19 23 20 18 10 17 
AQUIIII!!49 31 3 6 10 34 22 37 4 0 2 33 1 5 25 13 
AQUIIII!!49 48 37 20 22 10 1 23 34 0 45 AQUIIII!!25 23 2 37 22 33 24 47 18 46 10 
47 17 19 46 20 33 45 34 48 49 
AQUIIII!!22 48 10 23 47 33 0 19 37 1 34 46 20 25 45 49 
AQUIIII!!37 33 48 34 47 22 18 45 16 17 24 23 46 20 19 49 
AQUIIII!!46 48 0 22 1 45 33 23 47 19 10 25 34 AQUIIII!!20 37 10 49 1 
46 45 20 47 19 33 48 37 0 25 22 34 23 49 
AQUIIII!!10 0 20 47 33 1 23 48 22 2 25 37 34 45 46 49 
AQUIIII!!3 13 0 22 25 2 23 48 37 AQUIIII!!1 34 18 33 17 4 34 47 23 10 49 20 
22 15 19 16 24 33 37 47 46 44 45 
AQUIIII!!19 18 45 25 10 33 48 0 34 23 37 22 46 47 49 20 
AQUIIII!!24 34 37 45 18 16 23 20 22 AQUIIII!!33 23 19 1 15 13 47 25 17 34 46 48 0 48 2 
47 4 10 37 22 33 3 49 
AQUIIII!!24 34 37 45 18 16 23 20 22 AQUIIII!!33 13 19 34 15 22 46 47 AQUIIII!!37 17 20 25 46 25 1 48 23 10 
22 0 2 3 34 2 37 33 45 48 46 47 48 23 1 49 47 
33 0 10 49 
AQUIIII!!34 46 13 0 23 AQUIIII!!3 49 48 25 18 1 17 37 2 19 47 33 33 22 37 10 16 49 46 
34 24 47 22 23 48 20 45 
AQUIIII!!25 34 23 10 47 3 37 0 13 2 1 33 22 48 4 49 
AQUIIII!!49 0 10 18 37 48 47 45 46 34 33 25 23 22 20 19 
AQUIIII!!49 23 2 10 0 1 13 33 37 47 25 AQUIIII!!22 49 34 3 22 4 46 48 45 
37 34 33 48 47 20 19 0 25 23 18 10 
AQUIIII!!18 48 45 24 17 22 AQUIIII!!37 47 20 18 16 48 46 33 33 19 10 47 22 17 15 23 34 24 46 34 23 45 37 
49 20 19 
AQUIIII!!49 34 10 47 48 22 AQUIIII!!46 2 22 33 34 23 24 1 37 16 25 46 0 17 13 3 45 
20 47 19 37 18 48 33 23 49 
AQUIIII!!15 33 14 41 21 12 34 11 32 43 16 27 39 42 9 44 
AQUIIII!!49 22 0 23 33 47 10 45 13 34 1 2 46 25 AQUIIII!!48 23 37 37 46 
17 20 48 19 18 22 24 34 10 45 33 47 49 
AQUIIII!!45 23 46 AQUIIII!!22 47 20 33 10 10 34 47 22 0 33 37 0 18 37 19 48 13 34 1 25 25 49 45 
2 46 23 48 AQUIIII!!49 46 
1 23 48 25 34 20 45 10 47 0 33 22 37 19 49 
AQUIIII!!20 49 45 1 37 33 25 47 2 46 23 10 0 48 22 34 
AQUIIII!!34 25 47 46 48 13 1 10 2 33 45 0 22 23 37 49 
AQUIIII!!49 16 48 19 23 37 22 47 46 24 34 45 33 17 18 20 
AQUIIII!!49 48 47 25 46 10 22 13 0 33 23 45 37 34 AQUIIII!!1 49 2 47 
17 20 19 33 22 45 37 34 23 10 48 46 24 18 
AQUIIII!!48 37 10 34 46 22 23 47 1 33 45 13 2 0 25 49 
AQUIIII!!18 45 23 22 24 33 19 37 34 47 16 17 48 20 46 49 
AQUIIII!!6 31 4 34 0 3 33 10 13 1 22 5 2 25 37 49 
AQUIIII!!15 46 23 22 16 20 19 47 34 17 24 37 33 45 18 48 
AQUIIII!!45 22 47 18 23 37 10 17 AQUIIII!!33 33 19 2 46 0 24 34 34 22 13 48 23 20 25 49 5 
48 3 37 10 1 4 49 
AQUIIII!!45 22 47 18 23 37 10 17 33 19 46 24 34 48 20 49 
AQUIIII!!49 47 13 46 33 AQUIIII!!10 49 23 22 37 17 22 0 23 1 34 45 46 34 47 25 AQUIIII!!24 48 49 37 2 2 13 45 
34 18 47 25 19 10 48 22 46 33 37 10 48 20 45 AQUIIII!!0 
9 33 44 11 1 27 23 41 43 
42 8 40 21 26 39 14 32 15 12 
AQUIIII!!49 0 23 47 4 34 37 48 22 1 10 2 33 13 3 25 
AQUIIII!!49 22 33 10 17 37 20 34 48 18 46 45 19 23 24 47 
AQUIIII!!47 48 46 18 10 23 0 34 49 37 19 20 33 25 22 45 
AQUIIII!!10 37 5 33 13 22 6 31 34 25 3 2 0 4 1 49 
AQUIIII!!47 0 34 10 37 33 19 23 25 45 20 48 46 22 AQUIIII!!49 1 23 49 3 
13 48 25 2 22 47 10 34 1 37 0 46 33 
AQUIIII!!49 22 48 23 33 17 24 20 37 18 47 10 34 46 19 45 
AQUIIII!!49 20 25 33 19 18 10 45 0 37 23 46 48 34 22 47 
AQUIIII!!AQUIIII!!22 10 10 22 3 23 0 46 4 48 34 47 37 45 48 0 1 34 33 20 25 37 5 18 23 33 13 19 2 25 49 49 

AQUIIII!!37 25 33 AQUIIII!!1 48 0 46 AQUIIII!!22 46 49 46 45 49 20 19 47 48 16 24 45 18 AQUIIII!!34 34 37 33 23 49 48 22 19 46 20 37 10 33 10 19 47 23 23 49 37 45 
20 17 23 18 34 10 0 47 17 47 22 
24 34 
AQUIIII!!48 25 49 3 2 13 48 33 3 22 22 1 0 2 47 
10 25 34 1 37 46 23 13 33 
AQUIIII!!3 25 22 37 23 1 48 2 47 10 34 13 46 33 0 49 
AQUIIII!!48 46 49 45 47 24 34 33 22 37 19 23 20 18 10 17 
AQUIIII!!49 33 48 10 25 AQUIIII!!2 1 37 6 22 13 23 0 0 37 46 3 34 33 47 4 45 34 20 25 1 5 
10 22 31 2 49 
AQUIIII!!49 25 10 34 19 22 45 20 23 48 46 1 37 0 33 47 
AQUIIII!!34 25 23 0 37 19 47 45 20 48 22 33 10 1 46 49 
AQUIIII!!49 AQUIIII!!3 19 47 47 48 20 13 0 37 37 34 33 10 23 25 23 46 45 1 22 10 33 18 49 0 
2 22 25 48 4 34 
AQUIIII!!17 45 47 33 37 24 44 20 19 46 16 23 15 34 18 22 
AQUIIII!!49 0 23 22 25 19 20 37 34 18 48 45 47 33 10 46 
AQUIIII!!47 45 17 48 34 20 23 22 24 33 37 46 18 10 19 49 
AQUIIII!!33 23 22 34 17 20 47 24 45 48 37 19 46 49 16 18 
AQUIIII!!17 23 45 37 46 16 18 48 49 47 22 20 33 34 24 19 
AQUIIII!!5 1 13 25 22 33 10 34 4 6 37 31 0 3 2 49 
Number of Cuts in the second phase:4118
Number of repeat: 3704 
Violation: 464.000000
Violation: 285.000000
Violation: 533.000000
Violation: 642.000000
Violation: 285.000000
Violation: 125.000000
Violation: 125.000000
Violation: 750.000000
Violation: 285.000000
Violation: 428.000000
Violation: 375.000000
Violation: 375.000000
Violation: 570.000000
Violation: 928.000000
Violation: 1106.000000
Violation: 570.000000
Violation: 770.000000
Violation: 280.000000
Violation: 178.000000
Violation: 655.000000
Violation: 140.000000
Violation: 284.000000
Violation: 650.000000
Violation: 231.000000
Violation: 125.000000
Violation: 140.000000
Violation: 245.000000
Violation: 140.000000
Violation: 940.000000
Violation: 420.000000
Violation: 500.000000
Violation: 140.000000
Violation: 263.000000
Violation: 284.000000
Violation: 500.000000
Violation: 375.000000
Violation: 284.000000
Violation: 625.000000
Violation: 284.000000
Violation: 375.000000
Violation: 570.000000
Violation: 420.000000
Violation: 840.000000
Violation: 178.000000
Violation: 570.000000
Violation: 655.000000
Violation: 425.000000
Violation: 1104.000000
Violation: 596.000000
Violation: 570.000000
Violation: 745.000000
Violation: 700.000000
Violation: 425.000000
Violation: 526.000000
Violation: 710.000000
Violation: 353.000000
Violation: 515.000000
Violation: 106.000000
Violation: 749.000000
Violation: 375.000000
Violation: 457.000000
Violation: 568.000000
Violation: 280.000000
Violation: 125.000000
Violation: 140.000000
Violation: 140.000000
Violation: 710.000000
Violation: 749.000000
Violation: 34.000000
Violation: 382.000000
Violation: 375.000000
Violation: 375.000000
Violation: 570.000000
Violation: 375.000000
Violation: 386.000000
Violation: 770.000000
Violation: 285.000000
Violation: 1250.000000
Violation: 140.000000
Violation: 425.000000
Violation: 125.000000
Violation: 710.000000
Violation: 425.000000
Violation: 520.000000
Violation: 464.000000
Violation: 166.000000
Violation: 749.000000
Violation: 500.000000
Violation: 352.000000
Violation: 920.000000
Violation: 420.000000
Violation: 375.000000
Violation: 642.000000
Violation: 1386.000000
Violation: 140.000000
Violation: 178.000000
Violation: 570.000000
Violation: 475.000000
Violation: 505.000000
Violation: 140.000000
Violation: 920.000000
Violation: 280.000000
Violation: 375.000000
Violation: 776.000000
Violation: 570.000000
Violation: 1096.000000
Violation: 375.000000
Violation: 375.000000
Violation: 750.000000
Violation: 1352.000000
Violation: 125.000000
Violation: 424.000000
Violation: 140.000000
Violation: 782.000000
Violation: 710.000000
Violation: 225.000000
Violation: 246.000000
Violation: 140.000000
Violation: 106.000000
Violation: 340.000000
Violation: 250.000000
Violation: 712.000000
Violation: 34.000000
Violation: 998.000000
Violation: 173.000000
Violation: 140.000000
Violation: 280.000000
Violation: 625.000000
Violation: 1386.000000
Violation: 140.000000
Violation: 492.000000
Violation: 340.000000
Violation: 379.000000
Violation: 140.000000
Violation: 246.000000
Violation: 837.000000
Violation: 659.000000
Violation: 570.000000
Violation: 67.000000
Violation: 495.000000
Violation: 499.000000
Violation: 500.000000
Violation: 425.000000
Violation: 25.000000
Violation: 115.000000
Violation: 710.000000
Violation: 516.000000
Violation: 135.000000
Violation: 990.000000
Violation: 374.000000
Violation: 710.000000
Violation: 568.000000
Violation: 386.000000
Violation: 285.000000
Violation: 140.000000
Violation: 742.000000
Violation: 166.000000
Violation: 940.000000
Violation: 1062.000000
Violation: 515.000000
Violation: 551.000000
Violation: 375.000000
Violation: 284.000000
Violation: 565.000000
Violation: 140.000000
Violation: 981.000000
Violation: 1212.000000
Violation: 352.000000
Violation: 565.000000
Violation: 246.000000
Violation: 1375.000000
Violation: 1125.000000
Violation: 637.000000
Violation: 943.000000
Violation: 500.000000
Violation: 705.000000
Violation: 68.000000
Violation: 69.000000
Violation: 140.000000
Violation: 405.000000
Violation: 565.000000
Violation: 375.000000
Violation: 1207.000000
Violation: 1000.000000
Violation: 346.000000
Violation: 620.000000
Violation: 515.000000
Violation: 318.000000
Violation: 705.000000
Violation: 659.000000
Violation: 29.000000
Violation: 425.000000
Violation: 164.000000
Violation: 546.000000
Violation: 1130.000000
Violation: 225.000000
Violation: 1420.000000
Violation: 140.000000
Violation: 140.000000
Violation: 780.000000
Violation: 811.000000
Violation: 818.000000
Violation: 920.000000
Violation: 140.000000
Violation: 375.000000
Violation: 710.000000
Violation: 375.000000
Violation: 225.000000
Violation: 284.000000
Violation: 85.000000
Violation: 1030.000000
Violation: 525.000000
Violation: 140.000000
Violation: 1085.000000
Violation: 984.000000
Violation: 655.000000
Violation: 375.000000
Violation: 811.000000
Violation: 1030.000000
Violation: 495.000000
Violation: 193.000000
Violation: 515.000000
Violation: 80.000000
Violation: 921.000000
Violation: 777.000000
Violation: 140.000000
Violation: 515.000000
Violation: 140.000000
Violation: 981.000000
Violation: 671.000000
Violation: 386.000000
Violation: 140.000000
Violation: 985.000000
Violation: 450.000000
Violation: 1052.000000
Violation: 497.000000
Violation: 1111.000000
Violation: 570.000000
Violation: 515.000000
Violation: 420.000000
Violation: 650.000000
Violation: 659.000000
Violation: 481.000000
Violation: 655.000000
Violation: 671.000000
Violation: 392.000000
Violation: 545.000000
Violation: 497.000000
Violation: 742.000000
Violation: 390.000000
Violation: 250.000000
Violation: 214.000000
Violation: 671.000000
Violation: 727.000000
Violation: 246.000000
Violation: 79.000000
Violation: 565.000000
Violation: 26.000000
Violation: 650.000000
Violation: 651.000000
Violation: 140.000000
Violation: 370.000000
Violation: 425.000000
Violation: 1352.000000
Violation: 565.000000
Violation: 1000.000000
Violation: 943.000000
Violation: 89.000000
Violation: 33.000000
Violation: 375.000000
Violation: 1770.000000
Violation: 54.000000
Violation: 497.000000
Violation: 1638.000000
Violation: 745.000000
Violation: 777.000000
Violation: 570.000000
Violation: 1125.000000
Violation: 514.000000
Violation: 833.000000
Violation: 375.000000
Violation: 106.000000
Violation: 140.000000
Violation: 52.000000
Violation: 85.000000
Violation: 67.000000
Violation: 1352.000000
Violation: 750.000000
Violation: 710.000000
Violation: 285.000000
Violation: 375.000000
Violation: 11.000000
Violation: 178.000000
Violation: 953.000000
Violation: 225.000000
Violation: 425.000000
Violation: 225.000000
Violation: 1250.000000
Violation: 708.000000
Violation: 318.000000
Violation: 352.000000
Violation: 246.000000
Violation: 479.000000
Violation: 405.000000
Violation: 280.000000
Violation: 1375.000000
Violation: 554.000000
Violation: 275.000000
Violation: 570.000000
Violation: 133.000000
Violation: 500.000000
Violation: 799.000000
Violation: 650.000000
Violation: 530.000000
Violation: 375.000000
Violation: 318.000000
Violation: 1480.000000
Violation: 970.000000
Violation: 386.000000
Violation: 140.000000
Violation: 420.000000
Violation: 500.000000
Violation: 602.000000
Violation: 1405.000000
Violation: 124.000000
Violation: 33.000000
Violation: 1200.000000
Violation: 926.000000
Violation: 375.000000
Violation: 195.000000
Violation: 565.000000
Violation: 246.000000
Violation: 125.000000
Violation: 740.000000
Violation: 1027.000000
Violation: 68.000000
Violation: 1032.000000
Violation: 175.000000
Violation: 89.000000
Violation: 347.000000
Violation: 284.000000
Violation: 1022.000000
Violation: 250.000000
Violation: 772.000000
Violation: 1130.000000
Violation: 630.000000
Violation: 68.000000
Violation: 637.000000
Violation: 104.000000
Violation: 1030.000000
Violation: 375.000000
Violation: 560.000000
Violation: 456.000000
Violation: 136.000000
Violation: 102.000000
Violation: 881.000000
Violation: 280.000000
Violation: 589.000000
Violation: 625.000000
Violation: 811.000000
Violation: 140.000000
Violation: 280.000000
Violation: 354.000000
Violation: 840.000000
Violation: 351.000000
Violation: 370.000000
Violation: 30.000000
Violation: 140.000000
Violation: 856.000000
Violation: 140.000000
Violation: 922.000000
Violation: 460.000000
Violation: 636.000000
Violation: 1000.000000
Violation: 1770.000000
Violation: 918.000000
Violation: 458.000000
Violation: 832.000000
Violation: 499.000000
Violation: 375.000000
Violation: 840.000000
Violation: 782.000000
Violation: 888.000000
Violation: 492.000000
Violation: 405.000000
Violation: 424.000000
Violation: 140.000000
Violation: 811.000000
Violation: 68.000000
Violation: 339.000000
Violation: 1106.000000
Violation: 705.000000
Violation: 875.000000
Violation: 386.000000
Violation: 280.000000
Violation: 370.000000
Violation: 106.000000
Violation: 191.000000
Violation: 700.000000
Violation: 1215.000000
Violation: 505.000000
Violation: 777.000000
Violation: 1130.000000
Violation: 772.000000
Violation: 640.000000
Violation: 280.000000
Violation: 280.000000
Violation: 125.000000
Violation: 175.000000
Violation: 414.000000
Violation: 620.000000
Violation: 140.000000
Violation: 940.000000
Violation: 80.000000
8592 16
AQUIIII!!49 AQUIIII!!49 3 13 22 37 13 2 23 48 10 25 47 34 0 47 23 4 33 48 46 37 22 1 34 2 33 10 AQUIIII!!25 1 49 0 45 48 
4 
37 13 33 AQUIIII!!AQUIIII!!25 49 49 1 0 34 23 3 23 46 AQUIIII!!5 19 22 49 2 37 33 22 1 34 4 10 22 48 13 23 33 47 3 0 10 22 
2 48 37 47 25 10 1 33 25 20 0 34 45 34 3 46 47 25 0 2 
13 1 37 23 10 48 

AQUIIII!!49 20 45 19 10 48 23 18 33 47 37 34 22 46 0 25 
AQUIIII!!23 34 45 33 37 24 22 48 46 19 20 49 17 18 47 16 
AQUIIII!!4 1 37 22 AQUIIII!!10 0 33 45 5 22 2 1 0 33 13 2 6 48 3 13 34 31 25 25 37 49 34 
23 10 46 47 49 
AQUIIII!!AQUIIII!!19 6 20 37 48 34 18 13 10 1 22 5 17 3 33 31 45 2 34 33 23 0 24 22 AQUIIII!!37 47 24 25 46 17 4 49 48 AQUIIII!!10 
47 47 20 49 48 
22 AQUIIII!!25 23 10 13 45 25 10 48 34 18 46 2 46 33 2 37 13 23 33 4 10 22 1 19 1 22 49 33 
23 45 3 0 34 37 AQUIIII!!37 AQUIIII!!49 34 49 5 47 20 49 23 0 22 
37 45 49 19 19 
34 47 22 33 16 34 24 24 20 48 17 10 AQUIIII!!18 46 49 48 18 47 45 37 33 37 23 46 25 17 

34 2 3 48 10 4 0 33 13 22 23 1 
AQUIIII!!49 37 34 47 23 46 22 10 25 20 48 45 1 33 0 2 
AQUIIII!!49 AQUIIII!!10 34 1 33 0 17 13 47 2 19 33 20 4 48 45 34 24 3 37 18 25 37 22 47 23 23 22 
46 48 AQUIIII!!16 22 49 34 
17 33 AQUIIII!!45 12 20 27 21 18 39 19 8 37 11 AQUIIII!!24 44 41 23 45 40 20 15 15 14 16 37 34 7 47 22 32 48 24 23 46 42 17 
19 26 43 44 46 33 9 16 18 43 

AQUIIII!!34 48 17 AQUIIII!!24 49 20 22 45 47 2 16 46 18 37 22 33 1 33 AQUIIII!!23 49 46 10 20 0 23 34 34 23 45 19 18 20 45 47 48 48 19 25 37 0 
47 AQUIIII!!49 37 18 25 
33 37 22 10 47 46 
20 46 AQUIIII!!0 49 10 17 25 22 19 18 45 24 33 37 48 20 AQUIIII!!22 23 34 23 33 34 34 33 49 19 AQUIIII!!17 
10 34 47 45 19 19 47 20 45 45 48 20 24 46 1 18 
37 37 23 48 22 46 46 AQUIIII!!10 49 48 33 22 16 47 22 49 0 0 34 
2 23 13 25 25 48 47 23 49 46 
33 10 45 1 37 
AQUIIII!!49 2 AQUIIII!!22 3 19 1 49 25 1 4 25 10 47 34 45 0 23 33 0 37 34 13 20 5 33 31 37 6 10 AQUIIII!!
22 46 46 49 48 48 20 
1 AQUIIII!!37 45 45 44 22 34 33 23 34 16 25 33 23 15 2 46 0 22 10 47 37 
24 47 18 17 19 20 
AQUIIII!!11 41 40 43 32 14 12 26 21 42 8 7 39 27 44 9 
AQUIIII!!49 13 0 10 46 22 2 1 AQUIIII!!33 11 48 41 23 40 47 43 25 32 3 14 12 37 26 34 21 
42 8 7 39 27 44 9 
AQUIIII!!49 0 37 3 10 33 23 34 13 4 22 1 48 5 2 25 
AQUIIII!!10 34 45 46 47 33 37 23 22 25 AQUIIII!!19 1 49 48 18 37 20 20 0 23 24 49 45 19 34 47 
33 10 AQUIIII!!17 46 37 22 AQUIIII!!10 48 
1 0 47 1 22 2 37 22 2 25 34 48 25 46 3 23 4 47 10 33 13 34 23 45 33 13 0 49 48 
49 
AQUIIII!!49 3 1 5 22 2 37 0 4 33 25 13 34 10 48 23 
AQUIIII!!18 49 46 48 33 24 45 17 23 10 19 37 22 34 20 47 
AQUIIII!!49 22 19 34 10 20 0 33 47 48 18 45 37 23 25 46 
AQUIIII!!49 20 37 46 19 45 47 18 23 17 34 22 33 24 48 10 
AQUIIII!!34 37 22 0 25 33 47 23 46 48 18 10 19 49 20 45 
AQUIIII!!49 19 AQUIIII!!0 20 10 47 45 25 1 48 45 22 46 25 19 23 37 33 20 0 37 34 34 22 48 1 23 47 10 33 49 46 

AQUIIII!!49 46 23 0 34 37 47 45 33 48 22 10 1 19 25 20 
AQUIIII!!10 48 0 34 2 33 13 47 3 22 1 37 AQUIIII!!46 47 23 AQUIIII!!45 25 34 10 49 19 17 
46 23 48 37 20 46 1 33 23 18 25 19 0 24 37 22 10 20 47 22 48 45 34 33 AQUIIII!!49 49 AQUIIII!!
46 
49 20 25 22 2 13 1 1 37 22 AQUIIII!!37 23 10 49 19 34 4 25 33 1 47 48 3 31 45 48 10 47 23 0 46 0 6 0 33 2 
10 34 34 5 49 33 
22 13 3 37 25 
AQUIIII!!49 10 5 25 22 2 4 3 37 34 13 31 6 0 1 33 
AQUIIII!!37 1 34 13 48 23 3 47 25 33 22 46 2 0 10 49 
AQUIIII!!2 5 33 1 10 25 34 6 3 0 22 13 4 31 37 49 
AQUIIII!!23 AQUIIII!!20 49 0 19 13 37 33 25 17 47 48 10 37 34 2 24 1 4 22 3 10 23 22 33 34 18 48 
47 46 49 45 
AQUIIII!!1 23 13 0 10 25 37 47 33 2 34 45 22 46 48 49 
AQUIIII!!16 22 37 18 24 45 46 20 17 33 19 47 34 23 48 49 
AQUIIII!!9 44 11 33 32 43 AQUIIII!!27 47 34 23 41 34 42 22 14 20 12 10 16 37 39 25 21 1 15 33 
48 2 45 46 AQUIIII!!0 49 49 20 
45 19 10 48 23 18 33 47 37 34 22 46 0 25 
AQUIIII!!49 34 33 37 22 25 45 19 23 47 0 1 10 48 46 20 
AQUIIII!!49 33 37 23 19 24 45 18 48 17 22 20 34 16 46 47 
AQUIIII!!10 45 25 0 22 33 13 37 2 34 23 1 46 49 48 47 
AQUIIII!!49 16 34 19 47 20 48 24 22 37 17 45 23 33 18 46 
AQUIIII!!45 44 19 23 16 17 32 33 42 34 22 24 18 15 43 20 
AQUIIII!!25 3 48 23 13 2 46 34 33 47 1 0 10 37 22 49 
AQUIIII!!49 33 37 34 1 47 AQUIIII!!10 49 23 48 34 AQUIIII!!13 48 13 22 10 2 31 47 3 22 22 0 0 37 13 25 34 33 0 4 23 33 
46 4 37 10 1 25 25 5 45 2 2 6 
3 1 AQUIIII!!49 
49 4 6 10 0 33 2 13 34 AQUIIII!!1 34 5 10 37 47 22 19 3 46 25 33 31 48 
25 37 45 23 0 18 22 49 20 
AQUIIII!!49 2 47 33 34 1 46 22 13 25 23 0 37 10 3 48 
AQUIIII!!10 45 0 23 19 37 1 33 48 25 47 46 22 20 34 49 
AQUIIII!!48 19 37 46 23 18 AQUIIII!!24 20 33 10 16 25 47 47 34 22 22 34 19 17 33 20 48 49 0 45 46 45 
1 23 37 49 
AQUIIII!!0 2 10 5 22 6 3 1 37 25 34 31 13 33 4 49 
AQUIIII!!49 37 0 23 20 18 19 33 10 46 45 25 22 34 47 48 
AQUIIII!!46 47 13 37 33 25 0 48 AQUIIII!!3 45 2 10 34 22 19 34 23 20 1 47 49 
23 10 AQUIIII!!22 1 17 34 46 3 33 23 18 10 24 25 37 48 0 49 22 
47 13 AQUIIII!!AQUIIII!!4 5 0 37 2 22 2 0 AQUIIII!!23 1 33 48 13 37 22 33 45 45 48 0 49 46 1 13 22 
3 19 2 10 33 33 37 4 47 25 25 34 48 10 1 10 48 37 23 34 23 25 AQUIIII!!49 49 34 
34 20 49 0 46 
47 20 23 
33 AQUIIII!!22 2 47 1 25 13 48 1 AQUIIII!!25 46 19 10 45 48 47 23 10 23 34 AQUIIII!!45 37 49 22 34 46 47 2 46 33 45 20 0 10 25 37 49 19 10 33 23 
1 22 37 33 49 1 37 
48 0 25 45 47 46 48 20 49 22 
0 34 
AQUIIII!!46 22 18 20 24 17 16 37 47 19 48 34 45 33 23 49 
AQUIIII!!47 46 49 45 37 2 33 25 34 10 23 48 1 20 22 0 
AQUIIII!!49 33 34 22 37 4 47 1 13 2 25 3 10 23 48 0 
AQUIIII!!49 45 47 37 23 10 19 25 48 46 20 22 0 1 33 34 
AQUIIII!!31 22 1 2 34 6 37 10 3 5 0 4 13 33 25 49 
AQUIIII!!49 5 1 4 33 31 2 37 25 0 34 22 3 10 13 6 
AQUIIII!!4 1 5 2 23 0 34 37 10 22 33 48 13 25 3 49 
AQUIIII!!46 24 10 33 19 48 18 23 47 22 45 20 37 17 34 AQUIIII!!49 49 0 
34 23 33 25 1 47 22 19 48 20 45 10 37 46 
AQUIIII!!1 47 2 45 33 34 25 13 10 0 37 46 22 48 23 49 AQUIIII!!
15 42 40 21 12 11 26 41 9 14 32 27 39 8 44 43 
AQUIIII!!37 0 13 34 33 46 3 25 10 23 2 22 1 48 49 47 
AQUIIII!!46 23 0 34 2 10 20 22 25 1 45 AQUIIII!!AQUIIII!!37 18 13 47 19 1 33 46 5 33 48 34 17 22 49 23 0 
4 34 10 24 23 10 48 37 25 47 33 45 37 48 2 22 3 49 49 20 

AQUIIII!!49 25 1 10 0 47 33 AQUIIII!!45 37 20 3 37 22 48 23 34 23 10 46 2 22 4 19 48 
33 5 25 1 13 34 0 49 
AQUIIII!!37 47 10 2 23 1 AQUIIII!!45 49 0 48 37 34 2 33 AQUIIII!!45 37 13 25 48 22 23 47 46 34 13 48 22 46 25 25 1 10 49 33 2 
33 23 0 0 47 34 46 10 1 13 22 45 AQUIIII!!
49 24 
47 37 48 33 19 17 20 18 46 23 45 22 AQUIIII!!10 34 34 49 17 49 18 
47 46 20 24 48 22 16 45 23 37 AQUIIII!!33 19 49 
34 37 45 22 47 AQUIIII!!18 49 23 46 48 22 24 34 33 1 20 19 45 33 16 46 2 17 47 
48 10 20 25 0 23 37 
AQUIIII!!4 48 33 1 2 3 37 0 5 23 34 10 25 22 13 49 
AQUIIII!!4 37 25 1 48 34 22 3 13 5 0 23 2 10 33 49 
AQUIIII!!33 13 0 47 25 37 3 22 34 23 1 48 46 2 10 49 
AQUIIII!!45 22 37 AQUIIII!!34 48 23 49 24 46 46 47 48 16 25 18 45 19 20 47 17 22 33 37 20 34 49 
23 1 10 2 33 0 
AQUIIII!!49 19 23 46 0 47 33 22 18 34 25 37 20 48 45 10 
AQUIIII!!1 25 20 19 33 0 45 47 37 10 46 AQUIIII!!23 23 34 33 22 37 48 0 49 25 
13 2 48 45 34 22 10 46 1 47 49 
AQUIIII!!45 15 46 17 20 34 24 19 22 23 18 44 47 16 33 37 
AQUIIII!!49 20 23 48 0 37 22 10 25 47 46 1 45 34 19 33 
AQUIIII!!37 33 48 24 19 46 22 45 34 18 23 17 10 47 20 49 
AQUIIII!!37 31 0 13 4 6 10 33 25 22 5 3 1 2 34 49 
AQUIIII!!19 45 49 18 10 46 34 48 22 25 23 AQUIIII!!20 49 37 0 0 1 47 37 33 4 
5 31 3 22 33 25 13 34 2 10 6 
AQUIIII!!AQUIIII!!45 49 18 0 48 25 15 1 33 23 20 34 19 22 17 45 34 20 24 2 16 10 47 48 37 47 23 33 46 37 22 46 

AQUIIII!!17 46 48 45 16 18 24 37 49 22 23 19 20 33 47 34 
AQUIIII!!17 19 16 49 48 46 20 24 47 18 45 37 22 33 23 34 
AQUIIII!!34 0 2 31 4 13 5 37 22 10 3 6 1 AQUIIII!!25 25 33 45 49 20 
19 23 22 47 1 0 34 37 48 10 46 33 49 
AQUIIII!!0 37 1 34 3 33 10 4 48 2 22 13 25 47 23 49 
AQUIIII!!49 37 22 10 34 33 48 25 0 AQUIIII!!13 49 47 37 23 23 46 3 3 0 AQUIIII!!1 48 49 2 10 24 
25 10 4 48 2 18 5 23 22 19 33 13 20 34 45 1 22 
46 AQUIIII!!18 37 10 33 48 24 34 45 17 34 46 47 19 17 
37 33 AQUIIII!!47 49 22 18 20 48 23 23 49 20 
19 24 34 17 33 16 45 37 22 46 47 
AQUIIII!!1 34 19 10 0 33 45 22 23 37 20 48 47 25 46 49 
AQUIIII!!49 20 47 34 48 10 18 23 17 19 46 45 24 22 33 37 
AQUIIII!!49 47 0 25 45 48 1 20 46 2 22 10 23 37 34 33 
AQUIIII!!46 34 19 18 24 17 23 37 47 20 33 45 22 16 48 49 
AQUIIII!!49 25 47 37 22 34 23 1 10 19 20 48 46 0 45 33 
AQUIIII!!43 33 15 17 18 37 19 24 44 20 34 23 22 46 16 45 
AQUIIII!!49 0 13 23 48 34 5 3 10 22 4 33 2 1 37 25 
AQUIIII!!48 18 46 49 20 24 23 16 34 47 45 22 17 19 33 37 
AQUIIII!!10 0 20 34 AQUIIII!!45 22 13 18 23 33 37 0 23 25 47 48 10 25 1 49 19 34 46 
22 33 3 37 2 46 47 48 49 
AQUIIII!!13 23 0 25 10 1 34 22 33 3 37 2 46 47 48 49 
AQUIIII!!37 18 33 23 16 20 19 47 48 22 46 34 17 45 24 49 
AQUIIII!!49 48 23 46 25 47 37 20 45 19 18 33 10 34 22 0 
AQUIIII!!22 48 34 46 37 47 45 33 16 23 24 18 17 20 19 49 
AQUIIII!!46 22 47 18 20 34 19 17 33 23 24 37 48 45 16 49 
AQUIIII!!10 1 AQUIIII!!33 4 48 13 34 31 1 45 3 0 0 23 2 19 6 25 22 37 37 46 25 34 47 33 22 10 49 5 49 20 

AQUIIII!!8 14 32 7 43 40 11 26 21 12 41 42 39 27 9 44 
AQUIIII!!22 24 23 17 47 15 19 33 18 37 16 34 46 20 45 AQUIIII!!44 13 
48 0 23 34 47 22 1 46 10 37 45 2 33 25 49 
AQUIIII!!33 16 47 37 34 17 18 20 23 19 46 48 22 24 45 49 
AQUIIII!!20 37 34 48 18 45 19 22 46 0 33 47 10 25 23 49 
AQUIIII!!49 5 33 13 37 10 4 6 1 0 31 3 22 34 25 2 
AQUIIII!!46 48 47 45 16 17 19 20 24 23 37 49 22 34 18 33 
AQUIIII!!49 23 22 1 5 0 33 13 34 3 25 37 48 4 10 2 
AQUIIII!!45 18 34 48 33 23 46 22 37 16 47 17 24 19 49 20 
AQUIIII!!45 18 34 48 33 23 46 22 37 16 47 17 24 19 49 20 
AQUIIII!!49 37 47 45 48 10 46 23 20 0 19 34 25 22 18 33 
AQUIIII!!48 22 45 18 20 33 17 34 23 19 24 46 37 16 47 49 
AQUIIII!!33 25 18 23 19 34 0 46 37 48 47 45 10 20 49 22 
AQUIIII!!49 18 23 34 22 46 20 19 45 25 48 0 33 37 47 10 
AQUIIII!!49 20 45 37 48 1 22 23 33 0 25 10 19 46 34 47 
AQUIIII!!4 34 5 0 1 23 37 13 3 22 33 2 48 25 10 49 
AQUIIII!!24 19 20 17 37 45 22 16 23 34 47 46 48 18 33 49 
Number of Cuts in the second phase:4098
Number of repeat: 3858 
Violation: 280.000000
Violation: 285.000000
Violation: 87.000000
Violation: 766.000000
Violation: 368.000000
Violation: 845.000000
Violation: 425.000000
Violation: 451.000000
Violation: 708.000000
Violation: 499.000000
Violation: 280.000000
Violation: 214.000000
Violation: 620.000000
Violation: 375.000000
Violation: 1089.000000
Violation: 525.000000
Violation: 171.000000
Violation: 283.000000
Violation: 795.000000
Violation: 68.000000
Violation: 34.000000
Violation: 34.000000
Violation: 642.000000
Violation: 1352.000000
Violation: 425.000000
Violation: 1096.000000
Violation: 280.000000
Violation: 140.000000
Violation: 140.000000
Violation: 420.000000
Violation: 212.000000
Violation: 424.000000
Violation: 351.000000
Violation: 457.000000
Violation: 195.000000
Violation: 106.000000
Violation: 458.000000
Violation: 370.000000
Violation: 375.000000
Violation: 241.000000
Violation: 630.000000
Violation: 30.000000
Violation: 497.000000
Violation: 65.000000
Violation: 505.000000
Violation: 225.000000
Violation: 750.000000
Violation: 705.000000
Violation: 318.000000
Violation: 125.000000
Violation: 246.000000
Violation: 508.000000
Violation: 1000.000000
Violation: 727.000000
Violation: 199.000000
Violation: 425.000000
Violation: 565.000000
Violation: 922.000000
Violation: 249.000000
Violation: 1152.000000
Violation: 500.000000
Violation: 777.000000
Violation: 748.000000
Violation: 34.000000
Violation: 532.000000
Violation: 672.000000
Violation: 500.000000
Violation: 587.000000
Violation: 420.000000
Violation: 373.000000
Violation: 275.000000
Violation: 495.000000
Violation: 602.000000
Violation: 462.000000
Violation: 375.000000
Violation: 135.000000
Violation: 280.000000
Violation: 425.000000
Violation: 405.000000
Violation: 45.000000
Violation: 375.000000
Violation: 935.000000
Violation: 116.000000
Violation: 1025.000000
Violation: 155.000000
Violation: 280.000000
Violation: 45.000000
Violation: 595.000000
Violation: 705.000000
Violation: 550.000000
Violation: 642.000000
Violation: 1282.000000
Violation: 284.000000
Violation: 246.000000
Violation: 140.000000
Violation: 135.000000
Violation: 280.000000
Violation: 375.000000
Violation: 356.000000
Violation: 250.000000
Violation: 500.000000
Violation: 705.000000
Violation: 34.000000
Violation: 463.000000
Violation: 270.000000
Violation: 340.000000
Violation: 175.000000
Violation: 700.000000
Violation: 34.000000
Violation: 510.000000
Violation: 325.000000
Violation: 159.000000
Violation: 761.000000
Violation: 840.000000
Violation: 700.000000
Violation: 570.000000
Violation: 96.000000
Violation: 231.000000
Violation: 741.000000
Violation: 667.000000
Violation: 195.000000
Violation: 370.000000
Violation: 799.000000
Violation: 246.000000
Violation: 500.000000
Violation: 346.000000
Violation: 700.000000
Violation: 373.000000
Violation: 106.000000
Violation: 246.000000
Violation: 509.000000
Violation: 210.000000
Violation: 280.000000
Violation: 246.000000
Violation: 496.000000
Violation: 570.000000
Violation: 637.000000
Violation: 589.000000
Violation: 457.000000
Violation: 737.000000
Violation: 318.000000
Violation: 604.000000
Violation: 310.000000
Violation: 888.000000
Violation: 840.000000
Violation: 637.000000
Violation: 808.000000
Violation: 78.000000
Violation: 750.000000
Violation: 745.000000
Violation: 479.000000
Violation: 375.000000
Violation: 352.000000
Violation: 420.000000
Violation: 280.000000
Violation: 510.000000
Violation: 52.000000
Violation: 1102.000000
Violation: 57.000000
Violation: 225.000000
Violation: 1340.000000
Violation: 386.000000
Violation: 30.000000
Violation: 140.000000
Violation: 505.000000
Violation: 242.000000
Violation: 95.000000
Violation: 470.000000
Violation: 560.000000
Violation: 106.000000
Violation: 515.000000
Violation: 352.000000
Violation: 451.000000
Violation: 513.000000
Violation: 418.000000
Violation: 140.000000
Violation: 1087.000000
Violation: 424.000000
Violation: 659.000000
Violation: 780.000000
Violation: 81.000000
Violation: 280.000000
Violation: 742.000000
Violation: 319.000000
Violation: 1172.000000
Violation: 523.000000
Violation: 1166.000000
Violation: 140.000000
Violation: 560.000000
Violation: 104.000000
Violation: 231.000000
Violation: 452.000000
Violation: 225.000000
Violation: 671.000000
Violation: 409.000000
Violation: 560.000000
Violation: 133.000000
Violation: 267.000000
Violation: 280.000000
Violation: 1526.000000
Violation: 492.000000
Violation: 1096.000000
Violation: 85.000000
Violation: 305.000000
Violation: 231.000000
Violation: 134.000000
Violation: 353.000000
Violation: 638.000000
Violation: 1055.000000
Violation: 68.000000
Violation: 514.000000
Violation: 500.000000
Violation: 351.000000
Violation: 335.000000
Violation: 352.000000
Violation: 284.000000
Violation: 27.000000
Violation: 710.000000
Violation: 505.000000
Violation: 280.000000
Violation: 727.000000
Violation: 80.000000
Violation: 840.000000
Violation: 560.000000
Violation: 1117.000000
Violation: 33.000000
Violation: 212.000000
Violation: 420.000000
Violation: 374.000000
Violation: 425.000000
Violation: 340.000000
Violation: 158.000000
Violation: 685.000000
Violation: 462.000000
Violation: 625.000000
Violation: 514.000000
Violation: 140.000000
Violation: 745.000000
Violation: 490.000000
Violation: 53.000000
816 16
AQUIIII!!49 45 46 23 34 33 24 20 48 17 47 18 10 37 22 19 
AQUIIII!!20 19 10 18 24 34 17 37 23 49 33 22 45 47 48 46 
AQUIIII!!48 46 1 33 2 25 22 34 AQUIIII!!10 3 0 22 45 13 37 37 13 33 23 0 47 1 49 23 
10 46 25 47 2 34 48 49 
AQUIIII!!3 25 13 0 23 37 4 5 33 34 22 1 2 10 48 49 
AQUIIII!!49 25 10 48 20 45 23 AQUIIII!!37 0 49 22 47 19 20 34 25 33 45 1 37 47 33 46 1 
48 46 22 34 10 0 19 23 
AQUIIII!!43 12 8 14 26 21 40 42 39 11 27 32 41 7 44 9 
AQUIIII!!49 3 10 34 2 4 33 22 13 5 6 1 37 31 0 25 
AQUIIII!!20 47 24 34 16 37 33 22 19 46 45 23 18 17 48 49 
AQUIIII!!49 33 16 47 19 37 23 48 22 24 34 20 17 45 18 46 
AQUIIII!!46 45 20 1 37 22 47 10 23 0 48 33 34 25 2 49 
AQUIIII!!49 22 33 47 2 37 34 10 0 20 23 46 45 1 48 25 
AQUIIII!!20 47 48 46 24 33 37 45 17 23 16 22 18 34 49 19 
AQUIIII!!10 37 0 31 34 5 6 25 3 1 13 4 33 22 2 49 
AQUIIII!!34 2 23 1 0 22 37 20 10 33 46 45 25 47 48 49 
AQUIIII!!20 49 19 37 45 0 47 34 46 25 33 23 10 18 48 22 
AQUIIII!!19 25 46 0 37 48 1 23 45 34 10 47 22 20 33 49 
AQUIIII!!45 47 17 33 48 19 46 22 20 37 16 18 34 49 24 23 
Number of Cuts in the second phase:382
Number of repeat: 363 
Violation: 273.000000
Violation: 201.000000
Violation: 140.000000
Violation: 390.000000
Violation: 140.000000
Violation: 705.000000
Violation: 250.000000
Violation: 175.000000
Violation: 375.000000
Violation: 275.000000
Violation: 140.000000
Violation: 560.000000
Violation: 990.000000
Violation: 845.000000
Violation: 140.000000
Violation: 250.000000
Violation: 820.000000
Violation: 1.000000
Violation: 922.000000
took 4.868484
Optimize a model with 1037 rows, 906 columns and 12771 nonzeros
Coefficient statistics:
  Matrix range     [1e+00, 4e+01]
  Objective range  [0e+00, 0e+00]
  Bounds range     [1e+00, 4e+01]
  RHS range        [1e+00, 1e+02]
Presolve removed 344 rows and 107 columns
Presolve time: 0.00s
Presolved: 693 rows, 799 columns, 10971 nonzeros

Iteration    Objective       Primal Inf.    Dual Inf.      Time
       0    0.0000000e+00   4.607505e+01   0.000000e+00      0s
     114    0.0000000e+00   0.000000e+00   0.000000e+00      0s

Solved in 114 iterations and 0.01 seconds
Optimal objective  0.000000000e+00
