A-4.txt_s3.txt
Academic license - for non-commercial use only
Read LP format model from file lp/A-4.txt.lp
Reading time = 0.05 seconds
: 961 rows, 10797 columns, 131727 nonzeros
OKGPU
nThreads: 1024 , nBlocks: 12 
Number cuts generated in the phase 1: 13
Number of repeat: 0 
violation 43.000000
violation 30.000000
violation 10.000000
violation 13.000000
violation 13.000000
violation 198.000000
violation 56.000000
violation 306.000000
violation 785.000000
violation 576.000000
violation 27.000000
violation 714.000000
violation 774.000000
8592 16
AQUIIII!!151 AQUIIII!!154 151 25 100 13 87 83 19 13 28 153 7 95 93 154 152 18 150 68 AQUIIII!!149 AQUIIII!!29 151 5 151 26 154 27 18 145 
87 AQUIIII!!143 150 18 150 151 68 94 93 150 7 143 26 143 149 148 13 148 153 93 68 93 13 5 148 13 93 21 29 21 6 95 
19 7 152 87 19 25 94 AQUIIII!!100 94 21 28 151 150 145 83 19 145 
154 93 5 27 87 

153 21 13 18 152 68 7 5 AQUIIII!!149 151 154 152 21 94 154 150 153 
93 13 18 7 143 150 87 19 94 5 68 
AQUIIII!!151 145 94 5 143 148 21 7 87 19 68 150 13 18 93 6 
AQUIIII!!151 5 29 94 153 154 150 21 AQUIIII!!28 151 AQUIIII!!93 151 87 154 152 148 25 87 68 100 13 68 20 83 149 28 8 7 153 19 95 13 94 93 
5 152 150 6 149 29 21 26 145 27 18 
93 143 7 
AQUIIII!!151 154 87 18 93 143 13 68 148 21 7 19 94 150 145 5 
AQUIIII!!28 13 93 83 21 152 149 29 95 150 27 153 5 100 154 151 
AQUIIII!!19 18 143 153 154 87 7 21 13 150 68 93 5 152 94 151 
AQUIIII!!28 29 13 154 27 25 26 149 152 83 93 150 AQUIIII!!153 29 154 100 13 95 26 151 150 153 
27 28 25 100 83 95 93 152 149 17 
AQUIIII!!94 6 150 18 7 148 143 13 145 68 5 93 87 19 151 21 
AQUIIII!!151 94 154 AQUIIII!!143 145 152 143 5 AQUIIII!!5 18 87 21 68 87 6 68 93 7 93 18 153 21 149 19 68 19 152 150 94 150 13 8 
5 87 21 148 18 7 93 7 20 153 151 94 
19 154 13 151 
AQUIIII!!21 151 5 148 143 AQUIIII!!68 7 151 93 152 94 87 5 8 87 28 150 29 145 154 6 150 21 18 153 19 
149 7 93 13 94 68 
AQUIIII!!151 143 6 19 150 5 145 13 68 87 18 148 21 7 94 93 
AQUIIII!!18 150 5 143 68 21 87 152 153 13 94 19 154 7 93 151 
AQUIIII!!94 5 154 150 19 93 143 7 148 68 18 145 87 21 13 151 
AQUIIII!!151 100 93 29 83 154 26 25 28 150 95 13 149 27 152 153 
AQUIIII!!AQUIIII!!21 100 AQUIIII!!83 151 151 26 95 93 29 87 149 100 13 149 143 150 29 94 25 152 28 18 153 27 148 27 26 83 7 154 68 150 28 19 152 13 95 5 153 93 20 25 
6 154 8 93 145 151 

AQUIIII!!151 93 5 87 154 153 7 94 13 150 21 68 19 145 143 18 
AQUIIII!!151 68 154 150 7 21 153 87 93 18 94 152 149 29 13 5 
AQUIIII!!151 13 148 145 94 143 19 154 5 18 87 93 150 68 7 21 
AQUIIII!!7 150 68 143 148 21 145 5 18 87 93 19 6 94 13 151 
AQUIIII!!151 21 5 6 94 68 13 148 7 87 93 145 19 143 150 18 
AQUIIII!!151 13 26 25 100 154 93 152 95 28 149 83 150 153 27 29 
AQUIIII!!21 151 148 145 6 93 68 5 7 18 8 143 20 87 94 19 
AQUIIII!!21 94 13 5 68 18 87 153 150 29 7 154 149 93 152 151 
AQUIIII!!153 19 AQUIIII!!149 30 87 155 18 0 7 42 13 82 68 94 114 93 35 5 22 150 34 151 118 21 1 154 119 152 
2 33 32 36 
AQUIIII!!153 19 149 87 18 7 13 68 94 93 5 150 151 21 154 152 
AQUIIII!!29 7 68 AQUIIII!!152 151 94 152 150 150 28 68 154 18 13 21 149 143 5 153 153 19 87 7 93 5 21 154 151 
13 87 94 93 
AQUIIII!!154 152 28 150 27 153 AQUIIII!!100 18 149 21 152 95 29 5 150 13 29 94 93 93 83 149 151 7 
154 153 68 21 13 87 5 151 
AQUIIII!!87 8 18 7 145 94 5 19 93 148 143 68 20 6 21 151 
AQUIIII!!5 27 28 93 149 152 21 153 150 154 29 100 95 83 13 151 
AQUIIII!!153 95 26 150 93 152 25 28 27 13 29 83 100 154 149 151 
AQUIIII!!21 7 154 93 153 68 87 13 94 149 152 29 5 150 18 151 
AQUIIII!!74 27 26 152 95 93 28 149 4 100 3 17 153 25 154 29 
AQUIIII!!151 94 7 68 5 19 93 13 6 145 143 87 21 150 148 18 
AQUIIII!!151 154 28 21 149 93 5 100 95 27 29 152 150 83 153 13 
AQUIIII!!151 150 154 13 94 68 145 AQUIIII!!5 151 7 13 68 19 148 143 87 143 93 21 18 154 87 94 145 153 21 5 150 
93 18 7 19 
AQUIIII!!151 150 7 13 94 87 21 18 154 152 149 68 93 29 5 153 
AQUIIII!!18 19 153 13 21 87 68 5 7 143 93 154 145 94 150 151 
AQUIIII!!7 94 5 13 93 150 19 143 18 6 21 148 87 68 145 151 
AQUIIII!!150 94 93 13 153 154 21 5 7 18 87 152 19 149 68 151 
AQUIIII!!5 94 21 87 7 152 154 19 93 150 153 13 143 68 18 151 
AQUIIII!!AQUIIII!!151 151 94 150 68 152 7 83 143 153 19 25 93 AQUIIII!!154 27 143 13 7 28 145 150 95 153 94 149 21 6 13 145 18 154 93 93 100 21 150 29 87 5 26 19 87 
18 
68 5 8 148 151 
AQUIIII!!5 7 68 8 145 20 148 143 19 6 18 93 87 94 21 151 
AQUIIII!!18 19 5 149 7 68 13 153 21 150 87 154 94 152 93 151 
AQUIIII!!143 18 153 94 5 150 154 21 13 19 87 68 93 7 152 151 
AQUIIII!!95 26 29 27 150 28 83 21 152 13 149 93 154 100 153 151 
AQUIIII!!151 7 18 5 AQUIIII!!151 87 83 93 AQUIIII!!154 152 154 150 94 87 149 149 68 95 19 93 21 68 100 5 154 153 13 150 149 93 13 13 27 21 150 153 153 94 26 
18 28 152 29 29 7 
21 152 151 
AQUIIII!!AQUIIII!!151 87 21 8 19 150 7 143 20 94 93 5 87 21 5 148 145 143 68 7 94 13 145 148 6 18 18 151 6 
19 68 93 
AQUIIII!!87 94 154 7 29 21 150 153 152 93 68 149 13 5 18 151 
AQUIIII!!151 152 21 154 153 93 13 18 7 143 150 87 19 94 5 68 
AQUIIII!!155 30 118 33 82 34 0 22 32 35 42 119 114 41 36 2 
AQUIIII!!151 29 21 150 26 13 149 152 83 154 28 95 100 153 93 27 
AQUIIII!!151 68 150 5 7 145 94 148 93 13 21 143 87 6 19 18 
AQUIIII!!93 26 29 21 13 149 27 152 153 150 95 154 83 28 AQUIIII!!100 151 151 21 
18 145 150 87 19 143 5 8 148 68 6 93 94 7 
AQUIIII!!29 154 5 87 93 94 150 7 149 21 153 AQUIIII!!151 151 13 6 145 18 19 68 148 152 93 
87 18 20 8 68 21 143 5 94 7 
AQUIIII!!151 93 19 87 8 18 5 6 AQUIIII!!143 151 20 68 68 93 21 6 7 150 148 94 94 7 145 19 
87 13 145 21 5 18 143 148 
AQUIIII!!151 7 18 87 5 143 21 68 94 6 145 8 150 148 19 93 
AQUIIII!!25 29 83 26 95 28 13 27 93 100 152 154 150 149 153 151 
AQUIIII!!151 83 AQUIIII!!28 151 95 152 153 150 28 29 21 95 149 83 93 153 13 27 154 100 100 21 29 26 27 150 5 154 152 13 
93 149 
AQUIIII!!150 94 7 145 5 18 21 6 68 13 87 19 93 143 148 151 
AQUIIII!!19 68 94 5 18 6 143 87 150 145 93 21 13 148 7 151 
AQUIIII!!13 94 18 145 87 7 5 19 148 150 143 6 93 68 151 21 
AQUIIII!!151 148 6 13 143 18 68 7 5 21 150 19 87 94 93 145 
AQUIIII!!87 18 154 150 94 152 149 68 19 7 93 5 21 153 13 151 
AQUIIII!!100 95 29 149 27 83 28 154 153 13 5 21 150 93 151 152 
AQUIIII!!AQUIIII!!21 151 93 5 150 18 7 87 5 87 68 153 154 19 18 150 21 13 94 154 7 145 149 13 93 143 94 153 29 AQUIIII!!151 152 33 
68 22 
32 82 1 34 35 119 2 42 114 118 14 36 155 30 
AQUIIII!!151 154 28 21 149 93 5 100 95 27 29 152 150 83 153 13 
AQUIIII!!1 119 AQUIIII!!36 151 34 19 16 145 33 5 14 87 82 18 35 8 114 6 118 143 93 42 15 94 32 21 148 30 7 155 68 
20 
AQUIIII!!151 154 93 149 150 95 153 28 100 25 29 26 152 27 83 13 
AQUIIII!!151 154 AQUIIII!!93 151 143 149 5 150 18 13 95 94 153 7 28 93 100 145 6 25 19 29 68 21 26 87 152 150 27 148 
83 13 
AQUIIII!!5 87 13 150 154 149 94 18 153 93 7 68 19 21 152 151 
AQUIIII!!151 143 148 21 6 93 7 19 18 68 94 5 87 150 8 145 
AQUIIII!!13 18 19 153 143 150 87 68 145 94 5 93 7 154 21 151 
AQUIIII!!13 18 19 153 143 150 87 68 145 94 5 93 7 154 21 151 
AQUIIII!!87 143 145 154 7 19 150 68 94 153 18 5 93 13 151 21 
AQUIIII!!18 68 8 5 19 150 94 21 7 6 93 87 143 148 145 151 
AQUIIII!!143 18 93 145 7 150 19 87 5 13 153 94 68 21 154 151 
AQUIIII!!151 94 153 19 93 68 150 21 154 7 13 18 87 5 152 143 
AQUIIII!!151 7 93 21 18 149 5 153 87 154 152 AQUIIII!!13 94 68 87 150 154 94 19 150 
21 143 68 19 93 7 145 AQUIIII!!29 148 152 13 151 26 18 100 5 83 151 93 153 
149 95 150 28 27 21 154 13 
AQUIIII!!7 87 143 148 93 5 13 6 145 94 150 21 68 19 18 151 
AQUIIII!!151 148 150 68 143 5 8 21 18 87 7 94 145 19 93 6 
AQUIIII!!18 145 87 148 6 7 5 94 68 150 19 143 8 93 21 151 
AQUIIII!!151 87 145 150 5 6 13 7 93 148 68 143 21 94 18 19 
AQUIIII!!152 151 21 27 150 93 100 13 26 83 153 154 28 95 149 29 
AQUIIII!!21 13 5 148 145 19 87 6 7 68 143 94 18 150 93 151 
AQUIIII!!5 87 150 148 21 19 7 143 94 68 6 145 18 93 8 151 
AQUIIII!!149 74 100 154 95 29 25 27 4 153 93 3 17 28 152 26 
AQUIIII!!151 19 5 154 93 7 143 21 68 150 18 94 13 87 152 153 
AQUIIII!!29 154 83 26 93 13 149 153 4 95 25 100 152 17 28 27 
AQUIIII!!150 18 68 87 21 152 154 5 94 93 7 13 19 149 153 151 
AQUIIII!!68 28 7 149 13 87 29 154 21 94 5 153 150 93 152 151 
AQUIIII!!149 100 95 26 154 13 25 27 93 150 83 153 29 28 151 152 
AQUIIII!!151 7 143 87 8 20 68 94 93 5 21 6 148 18 19 145 
AQUIIII!!151 154 150 27 83 149 95 93 13 28 21 152 29 100 5 153 
AQUIIII!!5 68 152 87 13 153 28 150 93 7 94 29 149 151 21 154 
AQUIIII!!151 143 148 6 20 87 18 145 8 68 19 21 5 94 93 7 
AQUIIII!!151 154 150 27 83 149 95 93 13 28 21 152 29 100 5 153 
AQUIIII!!21 151 87 29 7 13 150 28 153 94 149 5 154 93 152 68 
AQUIIII!!151 13 6 143 7 148 145 87 94 150 68 5 93 19 18 21 
AQUIIII!!154 29 149 94 68 152 93 153 87 18 7 151 5 150 21 13 
AQUIIII!!93 145 20 68 148 6 5 8 18 7 21 94 19 87 143 151 
AQUIIII!!150 153 87 18 143 19 94 145 13 68 5 7 93 21 151 154 
AQUIIII!!150 153 87 18 143 19 94 145 13 68 5 7 93 21 151 154 
AQUIIII!!151 5 21 154 68 153 18 87 145 93 13 19 143 7 150 94 
AQUIIII!!152 149 87 29 28 153 93 150 154 21 94 68 13 7 5 151 
AQUIIII!!151 87 5 93 13 19 152 21 153 150 18 94 AQUIIII!!143 149 154 28 7 68 74 
25 93 100 153 152 95 17 27 26 3 4 154 29 
AQUIIII!!151 19 153 68 18 5 93 94 7 150 21 87 152 143 154 13 
AQUIIII!!151 13 18 149 93 153 7 5 19 68 150 87 94 154 152 21 
AQUIIII!!151 29 83 149 153 150 152 28 100 154 13 5 27 21 93 95 
AQUIIII!!151 26 152 154 28 29 100 25 95 27 13 83 149 153 150 93 
AQUIIII!!93 21 150 145 19 18 5 68 87 7 143 6 94 148 8 151 
AQUIIII!!151 18 143 68 7 92 5 13 152 87 19 150 93 153 21 154 
AQUIIII!!151 152 95 13 29 150 154 100 83 25 28 26 153 27 149 93 
AQUIIII!!151 145 5 87 150 8 18 19 6 143 93 68 94 7 148 21 
AQUIIII!!7 153 152 87 150 18 29 149 13 94 154 68 93 5 21 151 
AQUIIII!!5 153 95 83 29 154 93 150 100 27 28 13 149 151 21 152 
AQUIIII!!7 153 152 87 150 18 29 149 13 94 154 68 93 5 21 151 
AQUIIII!!151 13 83 153 28 152 95 27 100 93 150 154 26 149 29 21 
AQUIIII!!13 153 93 152 28 26 83 151 100 27 95 AQUIIII!!150 154 149 151 25 5 19 154 18 29 68 
153 94 13 93 87 21 143 150 152 7 
AQUIIII!!93 13 100 21 29 149 27 95 152 150 83 153 5 154 28 151 
AQUIIII!!143 94 7 87 93 5 145 68 148 13 21 18 19 150 154 151 
AQUIIII!!151 100 5 149 AQUIIII!!83 13 151 27 95 21 150 153 28 27 152 149 95 13 93 154 28 29 153 150 100 
154 93 152 83 29 21 5 
AQUIIII!!21 151 152 5 94 68 154 7 143 19 93 18 13 87 150 153 
AQUIIII!!151 145 93 18 148 68 150 19 6 21 87 143 5 94 7 13 
AQUIIII!!13 68 93 149 150 5 18 152 29 154 153 21 87 94 7 151 
AQUIIII!!68 5 150 154 93 94 21 7 143 19 13 18 87 153 145 151 
AQUIIII!!5 153 150 154 87 7 13 29 152 94 68 93 18 149 21 151 
AQUIIII!!13 95 100 26 152 149 93 25 28 83 27 154 29 153 150 151 
AQUIIII!!151 154 152 150 149 7 87 93 18 29 5 21 68 13 94 153 
AQUIIII!!87 148 154 13 68 21 7 94 5 93 19 18 150 145 143 151 
AQUIIII!!93 148 87 150 18 143 68 5 94 7 19 6 145 21 13 151 
AQUIIII!!145 18 6 87 19 150 7 94 5 93 21 13 143 68 148 151 
AQUIIII!!152 21 153 154 29 149 28 13 93 150 27 83 26 95 100 151 
AQUIIII!!21 151 152 5 94 68 154 7 143 19 93 18 13 87 150 153 
AQUIIII!!151 153 93 68 94 19 154 150 143 145 18 13 87 21 7 5 
AQUIIII!!26 152 154 151 150 93 95 83 13 153 100 149 29 28 27 21 
AQUIIII!!18 93 19 7 87 13 21 5 145 94 148 150 68 6 143 151 
AQUIIII!!151 148 5 93 13 145 68 18 94 19 7 143 150 87 21 6 
AQUIIII!!151 93 150 5 143 7 19 18 145 6 148 21 8 87 94 AQUIIII!!68 
150 153 93 95 28 5 100 152 154 13 29 21 83 149 27 151 
AQUIIII!!18 68 21 148 145 143 150 87 13 19 7 94 6 93 5 151 
AQUIIII!!19 93 145 94 143 20 18 148 6 87 5 21 7 68 8 151 
AQUIIII!!26 13 25 154 150 27 28 152 83 95 153 100 93 149 29 151 
AQUIIII!!154 7 13 150 29 93 87 18 153 149 152 5 94 21 68 151 
AQUIIII!!21 154 153 7 68 13 152 93 29 5 149 150 18 87 94 151 
Number of Cuts in the second phase:2157
Number of repeat: 2002 
Violation: 611.000000
Violation: 149.000000
Violation: 179.000000
Violation: 346.000000
Violation: 119.000000
Violation: 572.000000
Violation: 77.000000
Violation: 560.000000
Violation: 451.000000
Violation: 192.000000
Violation: 214.000000
Violation: 570.000000
Violation: 595.000000
Violation: 226.000000
Violation: 250.000000
Violation: 1190.000000
Violation: 145.000000
Violation: 37.000000
Violation: 428.000000
Violation: 856.000000
Violation: 374.000000
Violation: 680.000000
Violation: 642.000000
Violation: 334.000000
Violation: 420.000000
Violation: 768.000000
Violation: 787.000000
Violation: 144.000000
Violation: 34.000000
Violation: 384.000000
Violation: 1574.000000
Violation: 380.000000
Violation: 111.000000
Violation: 340.000000
Violation: 4.000000
Violation: 386.000000
Violation: 171.000000
Violation: 791.000000
Violation: 347.000000
Violation: 72.000000
Violation: 690.000000
Violation: 629.000000
Violation: 564.000000
Violation: 190.000000
Violation: 109.000000
Violation: 1152.000000
Violation: 46.000000
Violation: 1119.000000
Violation: 132.000000
Violation: 760.000000
Violation: 278.000000
Violation: 1006.000000
Violation: 330.000000
Violation: 919.000000
Violation: 960.000000
Violation: 1165.000000
Violation: 1054.000000
Violation: 514.000000
Violation: 558.000000
Violation: 53.000000
Violation: 17.000000
Violation: 616.000000
Violation: 1088.000000
Violation: 181.000000
Violation: 574.000000
Violation: 68.000000
Violation: 458.000000
Violation: 184.000000
Violation: 80.000000
Violation: 163.000000
Violation: 532.000000
Violation: 396.000000
Violation: 641.000000
Violation: 417.000000
Violation: 758.000000
Violation: 309.000000
Violation: 110.000000
Violation: 108.000000
Violation: 223.000000
Violation: 188.000000
Violation: 535.000000
Violation: 1334.000000
Violation: 825.000000
Violation: 528.000000
Violation: 361.000000
Violation: 135.000000
Violation: 207.000000
Violation: 1564.000000
Violation: 935.000000
Violation: 287.000000
Violation: 171.000000
Violation: 305.000000
Violation: 695.000000
Violation: 634.000000
Violation: 1401.000000
Violation: 133.000000
Violation: 902.000000
Violation: 85.000000
Violation: 167.000000
Violation: 883.000000
Violation: 115.000000
Violation: 309.000000
Violation: 151.000000
Violation: 266.000000
Violation: 255.000000
Violation: 1121.000000
Violation: 110.000000
Violation: 1548.000000
Violation: 988.000000
Violation: 90.000000
Violation: 157.000000
Violation: 244.000000
Violation: 287.000000
Violation: 948.000000
Violation: 37.000000
Violation: 324.000000
Violation: 145.000000
Violation: 975.000000
Violation: 361.000000
Violation: 350.000000
Violation: 91.000000
Violation: 44.000000
Violation: 540.000000
Violation: 760.000000
Violation: 191.000000
Violation: 1025.000000
Violation: 1355.000000
Violation: 42.000000
Violation: 181.000000
Violation: 284.000000
Violation: 19.000000
Violation: 505.000000
Violation: 430.000000
Violation: 76.000000
Violation: 555.000000
Violation: 1144.000000
Violation: 1.000000
Violation: 998.000000
Violation: 1146.000000
Violation: 491.000000
Violation: 415.000000
Violation: 59.000000
Violation: 1120.000000
Violation: 821.000000
Violation: 68.000000
Violation: 345.000000
Violation: 906.000000
Violation: 100.000000
Violation: 246.000000
Violation: 212.000000
Violation: 624.000000
Violation: 421.000000
Violation: 355.000000
Violation: 90.000000
Violation: 269.000000
5400 16
AQUIIII!!151 5 83 150 153 29 95 152 93 AQUIIII!!28 151 154 13 13 21 149 68 AQUIIII!!21 87 151 100 148 145 27 143 154 
13 7 87 5 7 19 19 94 150 145 143 94 18 148 150 21 93 AQUIIII!!5 154 151 93 
21 18 152 68 87 
150 29 93 94 18 154 153 68 13 149 7 5 
AQUIIII!!21 151 28 93 100 29 13 149 95 83 150 153 26 152 154 27 
AQUIIII!!5 21 19 68 7 153 13 18 150 93 87 94 152 143 154 151 
AQUIIII!!151 7 93 18 21 143 19 145 68 150 5 87 8 148 6 94 
AQUIIII!!5 21 19 68 7 153 13 18 150 93 87 94 152 143 154 151 
AQUIIII!!30 155 35 82 1 34 114 42 2 118 22 32 33 14 119 36 
AQUIIII!!150 100 21 95 149 152 27 13 28 151 153 26 93 83 154 29 
AQUIIII!!151 149 68 19 154 21 18 5 13 153 93 152 150 87 7 94 
AQUIIII!!151 100 149 29 150 95 28 93 83 152 154 21 13 26 27 153 
AQUIIII!!151 27 29 150 149 83 28 154 100 93 95 26 153 13 21 152 
AQUIIII!!151 27 150 93 152 100 28 26 25 83 29 13 154 149 153 95 
AQUIIII!!151 21 153 13 152 95 28 29 100 154 27 149 93 83 26 150 
AQUIIII!!151 5 87 6 148 145 21 19 20 7 8 93 18 68 143 94 
AQUIIII!!151 152 150 100 95 29 21 13 154 28 83 27 153 149 5 93 
AQUIIII!!151 152 150 100 95 29 21 13 154 28 83 27 153 149 5 93 
AQUIIII!!151 87 93 5 154 150 21 29 7 94 152 68 13 28 149 153 
AQUIIII!!151 21 18 150 94 5 93 143 7 19 148 13 154 145 87 68 
AQUIIII!!94 145 13 87 150 143 19 5 148 6 68 7 18 21 93 151 
AQUIIII!!87 5 152 19 18 68 13 21 94 7 154 150 143 153 93 151 
AQUIIII!!154 29 3 100 25 17 74 28 93 27 95 4 149 153 26 152 
AQUIIII!!29 154 93 95 83 149 28 150 152 100 26 13 153 21 27 151 
AQUIIII!!151 153 100 27 5 83 154 95 149 21 150 28 152 13 29 93 
AQUIIII!!13 150 83 95 25 154 26 29 152 149 28 93 153 100 27 151 
AQUIIII!!151 87 29 153 5 94 18 13 93 149 152 21 150 154 68 7 
AQUIIII!!152 18 19 153 7 68 87 93 5 143 21 150 94 13 151 154 
AQUIIII!!93 21 150 153 149 29 5 87 18 94 154 7 68 152 13 151 
AQUIIII!!154 29 153 13 93 100 152 151 28 95 149 83 21 27 150 26 
AQUIIII!!15 32 36 14 42 114 119 1 118 33 34 16 82 35 30 155 
AQUIIII!!30 155 32 33 34 119 36 118 1 35 114 82 22 42 15 14 
AQUIIII!!AQUIIII!!93 93 7 94 18 143 154 13 7 153 21 145 5 150 150 68 19 68 6 143 8 21 19 87 148 152 87 94 5 151 18 
151 
AQUIIII!!151 7 68 87 93 154 18 153 150 152 149 94 13 29 21 5 
AQUIIII!!93 29 5 68 149 87 152 28 7 94 150 21 153 13 154 151 
AQUIIII!!150 153 149 7 13 93 152 19 154 18 87 68 94 5 151 21 
AQUIIII!!143 94 6 87 148 18 7 5 150 21 145 19 68 93 13 151 
AQUIIII!!154 29 3 93 28 95 25 4 153 152 26 74 149 27 17 100 
AQUIIII!!93 5 6 143 18 19 7 94 68 145 8 150 21 87 148 151 
AQUIIII!!151 6 21 94 20 93 143 7 145 68 5 18 8 19 87 148 
AQUIIII!!154 151 150 27 83 153 149 28 100 152 13 95 29 93 21 26 
AQUIIII!!18 87 21 150 19 94 93 68 13 5 143 145 154 153 7 151 
AQUIIII!!154 151 7 152 93 94 68 87 153 28 21 13 150 5 149 29 
AQUIIII!!152 5 94 150 18 19 7 93 143 13 21 154 87 153 68 151 
AQUIIII!!151 153 13 93 94 150 5 145 18 143 7 19 21 154 68 87 
AQUIIII!!29 153 13 87 93 21 152 68 5 149 150 7 94 28 151 154 
AQUIIII!!6 145 87 21 68 18 5 148 7 94 93 8 20 19 143 151 
AQUIIII!!94 13 149 153 28 7 5 87 152 68 21 93 150 154 151 29 
AQUIIII!!154 29 153 28 27 13 149 83 100 25 151 26 95 93 152 150 
AQUIIII!!154 29 27 26 153 93 13 152 95 83 151 150 100 149 21 28 
AQUIIII!!148 68 94 21 143 18 93 19 150 87 5 6 7 8 145 151 
AQUIIII!!18 7 93 154 68 149 87 21 150 13 153 5 94 29 151 152 
AQUIIII!!149 93 29 68 153 87 154 21 5 28 13 150 94 7 152 151 
AQUIIII!!151 150 28 100 26 83 13 154 152 149 27 153 95 25 93 29 
AQUIIII!!151 87 149 5 153 154 19 152 18 7 21 93 68 13 94 150 
AQUIIII!!151 5 68 143 93 8 94 148 18 20 19 7 21 145 6 87 
AQUIIII!!151 150 87 7 148 68 21 92 5 143 145 69 13 19 18 154 
AQUIIII!!93 21 13 154 150 95 26 29 83 152 27 100 28 149 153 151 
AQUIIII!!151 93 94 143 8 21 68 18 87 19 148 150 7 6 145 5 
AQUIIII!!95 28 13 26 83 150 93 152 153 149 29 25 27 100 151 154 
AQUIIII!!151 6 19 145 94 93 7 5 21 18 150 148 68 13 143 87 
AQUIIII!!149 153 13 21 152 93 150 5 87 94 7 19 68 18 154 151 
AQUIIII!!151 87 143 19 18 94 153 154 68 93 150 5 13 7 145 21 
AQUIIII!!151 13 154 7 94 152 5 19 153 87 93 21 68 18 143 150 
AQUIIII!!87 7 28 68 13 154 149 153 94 21 29 93 150 5 151 152 
AQUIIII!!151 21 94 93 7 153 19 143 154 18 150 68 5 87 145 13 
AQUIIII!!154 25 153 152 27 150 29 95 28 13 83 93 100 26 149 151 
AQUIIII!!21 143 6 150 5 19 94 68 8 18 93 148 87 145 7 151 
AQUIIII!!21 151 68 154 87 149 93 152 7 19 94 18 150 13 5 153 
AQUIIII!!143 94 153 152 93 21 5 87 7 18 150 154 13 19 68 151 
AQUIIII!!5 29 21 149 93 94 152 150 154 18 87 13 153 68 7 151 
AQUIIII!!154 95 29 150 152 26 13 83 28 149 27 25 93 153 100 151 
AQUIIII!!151 87 5 93 143 8 18 19 145 94 6 68 20 148 7 21 
AQUIIII!!13 150 87 6 7 148 19 93 21 94 68 18 143 5 145 151 
AQUIIII!!151 93 145 68 6 87 20 18 94 7 8 5 143 21 148 19 
AQUIIII!!94 93 13 152 18 149 68 87 5 19 21 154 153 150 7 151 
AQUIIII!!151 100 150 83 149 93 29 13 27 5 154 28 153 21 152 95 
AQUIIII!!95 25 83 153 152 26 154 149 27 13 100 150 28 93 29 151 
AQUIIII!!21 100 28 83 13 153 95 27 152 154 5 150 149 29 93 151 
AQUIIII!!151 153 21 13 154 150 5 68 152 7 18 29 93 94 87 149 
AQUIIII!!7 87 19 150 94 5 13 149 154 93 68 18 153 152 151 21 
AQUIIII!!7 87 19 150 94 5 13 149 154 93 68 18 153 152 151 21 
AQUIIII!!154 29 21 26 150 153 100 93 95 27 83 151 28 152 13 149 
AQUIIII!!18 94 87 6 5 145 7 19 150 21 68 143 8 148 93 151 
AQUIIII!!151 94 93 68 153 150 13 18 149 5 87 154 29 7 152 21 
AQUIIII!!151 94 5 148 6 145 13 68 7 143 87 150 93 21 19 18 
AQUIIII!!150 153 68 19 7 13 21 143 145 87 93 18 94 154 5 151 
AQUIIII!!17 28 25 100 153 93 149 95 4 74 3 27 26 154 152 29 
AQUIIII!!151 100 152 153 150 29 13 27 83 21 28 93 149 95 154 5 
AQUIIII!!21 152 151 18 7 153 68 94 93 149 154 150 19 87 5 13 
AQUIIII!!151 13 19 143 68 5 6 7 93 18 145 21 148 150 87 94 
AQUIIII!!26 152 149 95 4 100 25 27 153 83 28 17 93 154 13 29 
AQUIIII!!5 93 7 152 68 153 21 94 13 151 18 150 87 149 154 29 
AQUIIII!!153 150 87 93 13 94 143 21 5 7 19 18 154 152 68 151 
AQUIIII!!93 153 152 149 94 18 5 21 13 154 19 87 150 7 68 151 
AQUIIII!!151 148 21 7 145 68 143 6 13 94 150 87 93 19 5 18 
AQUIIII!!93 154 143 13 7 21 150 153 94 87 5 18 152 19 68 151 
AQUIIII!!29 154 26 13 28 27 153 95 25 100 152 83 151 150 93 149 
AQUIIII!!5 19 94 68 143 18 148 87 7 145 8 150 6 93 151 21 
AQUIIII!!93 18 19 152 150 94 7 21 87 68 5 154 143 13 153 151 
AQUIIII!!100 21 83 28 150 27 29 153 149 13 154 152 95 93 5 151 
AQUIIII!!143 13 152 18 5 68 19 154 150 93 94 21 153 87 7 151 
AQUIIII!!151 21 153 13 152 95 28 29 100 154 27 149 93 83 26 150 
AQUIIII!!153 27 93 100 95 152 83 28 26 150 21 154 149 13 29 151 
AQUIIII!!151 95 150 93 13 152 26 154 21 27 29 100 28 153 149 83 
AQUIIII!!151 150 145 6 87 93 94 7 143 13 148 68 18 21 5 19 
AQUIIII!!151 154 153 21 5 152 93 18 13 94 143 87 150 19 68 7 
AQUIIII!!29 154 26 13 28 27 153 95 25 100 152 83 151 150 93 149 
AQUIIII!!18 148 21 7 19 87 6 150 68 8 145 93 143 5 94 151 
Number of Cuts in the second phase:1365
Number of repeat: 1314 
Violation: 61.000000
Violation: 929.000000
Violation: 18.000000
Violation: 242.000000
Violation: 1165.000000
Violation: 345.000000
Violation: 622.000000
Violation: 768.000000
Violation: 52.000000
Violation: 433.000000
Violation: 748.000000
Violation: 459.000000
Violation: 1015.000000
Violation: 844.000000
Violation: 188.000000
Violation: 71.000000
Violation: 259.000000
Violation: 1428.000000
Violation: 219.000000
Violation: 791.000000
Violation: 226.000000
Violation: 126.000000
Violation: 848.000000
Violation: 785.000000
Violation: 863.000000
Violation: 1202.000000
Violation: 1048.000000
Violation: 591.000000
Violation: 307.000000
Violation: 552.000000
Violation: 299.000000
Violation: 359.000000
Violation: 227.000000
Violation: 532.000000
Violation: 100.000000
Violation: 518.000000
Violation: 80.000000
Violation: 708.000000
Violation: 127.000000
Violation: 242.000000
Violation: 283.000000
Violation: 530.000000
Violation: 217.000000
Violation: 289.000000
Violation: 704.000000
Violation: 580.000000
Violation: 71.000000
Violation: 630.000000
Violation: 361.000000
Violation: 152.000000
Violation: 341.000000
took 14.517908
Optimize a model with 1241 rows, 10797 columns and 133977 nonzeros
Coefficient statistics:
  Matrix range     [1e-05, 9e+01]
  Objective range  [0e+00, 0e+00]
  Bounds range     [1e+00, 2e+09]
  RHS range        [1e+00, 6e+01]
Warning: Model contains large bounds
         Consider reformulating model or setting NumericFocus parameter
         to avoid numerical issues.

Concurrent LP optimizer: dual simplex and barrier
Showing barrier log only...

Presolve removed 170 rows and 420 columns
Presolve time: 0.04s
Presolved: 1071 rows, 10377 columns, 126397 nonzeros

Ordering time: 0.00s

Barrier statistics:
 Dense cols : 18
 AA' NZ     : 5.128e+04
 Factor NZ  : 9.234e+04 (roughly 5 MBytes of memory)
 Factor Ops : 1.021e+07 (less than 1 second per iteration)
 Threads    : 3

                  Objective                Residual
Iter       Primal          Dual         Primal    Dual     Compl     Time
   0   0.00000000e+00 -2.68716627e+07  8.26e+09 0.00e+00  1.42e+06     0s
   1   0.00000000e+00 -4.37199979e+06  3.03e+09 6.19e-03  5.22e+05     0s
   2   0.00000000e+00 -2.76091604e+05  5.52e+08 4.44e-16  9.61e+04     0s
   3   0.00000000e+00 -1.48682751e+03  3.39e+04 9.44e-16  5.98e+00     0s
   4   0.00000000e+00 -1.16644789e+03  2.57e+04 2.69e-06  4.38e+00     0s
   5   0.00000000e+00 -1.61457721e+03  6.84e+03 1.29e-04  1.89e+00     0s
   6   0.00000000e+00 -9.63717368e+02  5.35e+03 4.76e-06  1.19e+00     0s
   7   0.00000000e+00 -6.67830681e+02  5.21e+02 7.11e-15  1.37e-01     0s

Barrier performed 7 iterations in 0.11 seconds
Barrier solve interrupted - model solved by another algorithm


Solved with dual simplex
Solved in 524 iterations and 0.11 seconds
Optimal objective  0.000000000e+00
