j309_10.mm_s4.txt
Academic license - for non-commercial use only
Read LP format model from file lp/j309_10.mm.lp
Reading time = 0.01 seconds
: 324 rows, 605 columns, 5465 nonzeros
OKGPU
nThreads: 1024 , nBlocks: 12 
Number cuts generated in the phase 1: 11
Number of repeat: 0 
violation 160.000000
violation 65.000000
violation 127.000000
violation 648.000000
violation 17.000000
violation 17.000000
violation 277.000000
violation 482.000000
violation 147.000000
violation 144.000000
violation 13.000000
8592 16
AQUIIII!!104 43 69 16 41 108 20 103 5 1 0 18 AQUIIII!!110 104 19 5 39 AQUIIII!!34 104 10 43 101 18 18 
108 29 69 20 17 10 103 16 110 41 19 103 108 16 2 10 43 15 19 AQUIIII!!41 
0 104 1 17 5 15 39 34 
110 103 5 19 20 108 29 18 10 16 41 43 
AQUIIII!!104 10 34 17 29 43 103 5 20 108 110 AQUIIII!!41 104 16 18 69 19 0 39 15 41 
5 108 103 1 10 43 16 19 2 AQUIIII!!18 104 101 17 
18 29 15 20 82 16 108 14 43 111 19 10 34 110 
AQUIIII!!16 19 103 110 41 5 18 108 1 10 43 2 39 0 69 104 
AQUIIII!!104 0 39 69 10 43 18 2 5 103 41 16 1 108 19 110 
AQUIIII!!104 41 8 2 39 1 AQUIIII!!19 0 108 3 103 103 5 69 AQUIIII!!8 10 9 103 39 48 101 69 5 
16 101 20 10 41 110 1 1 69 108 0 43 0 48 5 41 10 39 3 18 19 19 104 2 
104 
AQUIIII!!108 16 103 69 41 10 19 AQUIIII!!5 104 41 0 39 39 103 110 0 18 5 16 43 110 17 19 20 10 104 108 
18 69 20 17 43 
AQUIIII!!104 110 16 17 108 41 10 43 29 19 34 18 20 103 5 15 
AQUIIII!!10 18 29 110 20 19 108 82 43 111 34 14 16 15 17 104 
AQUIIII!!18 3 43 1 2 41 108 0 101 10 39 19 103 5 69 104 
AQUIIII!!104 103 33 101 12 71 5 39 3 48 4 0 2 9 8 1 
AQUIIII!!39 AQUIIII!!12 5 8 19 3 3 101 1 2 0 103 69 1 10 41 9 0 2 5 103 69 101 10 39 9 48 48 41 104 8 
104 
AQUIIII!!2 0 101 1 41 18 AQUIIII!!108 9 69 39 103 1 5 5 43 101 3 8 10 69 19 48 39 2 104 41 
0 10 3 103 12 104 
AQUIIII!!0 10 101 5 19 16 69 18 1 41 AQUIIII!!43 104 2 69 39 39 108 16 18 103 104 41 0 
19 10 5 1 20 110 103 108 43 
AQUIIII!!104 16 0 110 20 19 39 41 17 18 103 69 43 5 108 10 
AQUIIII!!104 101 5 19 2 1 10 0 69 3 103 39 8 AQUIIII!!48 9 14 41 29 
110 10 82 19 43 15 5 16 34 108 17 18 20 104 
AQUIIII!!104 18 10 39 0 20 108 1 69 110 19 16 103 5 41 43 
AQUIIII!!104 3 39 103 0 10 1 43 41 5 2 101 18 108 69 19 
AQUIIII!!104 103 19 5 8 101 108 3 1 0 69 39 48 10 2 41 
AQUIIII!!17 41 39 10 18 69 16 0 19 5 108 110 103 20 43 104 
AQUIIII!!19 34 29 15 41 16 17 5 10 20 108 110 103 18 43 104 
AQUIIII!!104 103 69 2 1 AQUIIII!!10 104 18 8 41 48 43 5 39 19 0 9 0 108 19 3 16 69 101 41 2 5 10 
103 1 101 39 
AQUIIII!!104 39 0 8 19 5 48 10 3 2 103 101 69 1 108 41 
AQUIIII!!103 69 43 41 10 108 20 17 5 0 39 19 110 16 18 104 
AQUIIII!!48 0 5 8 9 3 103 10 101 1 19 69 39 2 41 104 
AQUIIII!!69 8 103 101 39 3 1 41 10 0 48 19 AQUIIII!!2 18 5 16 108 5 104 17 
19 108 82 20 43 34 10 29 110 14 15 104 
AQUIIII!!104 19 69 103 101 16 0 18 10 108 2 39 1 41 5 43 
AQUIIII!!104 19 20 5 69 39 16 103 0 1 43 41 10 108 18 110 
AQUIIII!!104 5 2 9 41 1 3 103 101 0 8 10 69 19 48 39 
AQUIIII!!104 29 20 110 17 15 5 18 34 16 41 108 19 10 103 43 
AQUIIII!!18 14 20 16 108 43 5 82 AQUIIII!!15 111 19 16 110 17 34 14 29 15 17 10 10 20 104 43 
29 19 110 18 82 108 34 104 
AQUIIII!!104 18 19 43 108 20 69 5 103 41 39 16 0 110 17 10 
AQUIIII!!108 5 19 39 2 103 101 10 0 1 43 3 41 18 69 104 
AQUIIII!!12 39 1 2 9 33 3 48 4 8 71 5 101 0 103 104 
AQUIIII!!AQUIIII!!19 69 0 10 17 0 5 5 108 18 18 110 43 16 69 41 108 110 39 16 20 20 AQUIIII!!AQUIIII!!103 43 103 104 10 19 33 39 29 12 1 104 5 39 
41 9 20 103 2 15 104 48 19 
0 110 1 14 71 17 34 101 8 82 108 3 10 43 5 4 16 18 104 

AQUIIII!!104 20 17 108 0 103 19 18 10 43 5 16 39 41 110 69 
AQUIIII!!108 19 103 18 10 2 41 39 0 110 69 1 5 16 43 104 
AQUIIII!!43 20 16 15 19 29 110 17 108 10 14 34 111 82 18 104 
AQUIIII!!108 19 48 0 101 2 5 39 69 1 10 3 41 103 8 104 
AQUIIII!!104 2 5 0 101 39 48 8 108 3 103 1 10 41 69 19 
AQUIIII!!19 16 108 1 69 2 5 43 101 39 18 10 0 41 103 104 
AQUIIII!!41 43 15 108 110 10 20 5 18 17 19 16 103 34 29 104 
AQUIIII!!103 4 48 AQUIIII!!101 104 3 5 69 0 1 1 12 39 39 71 5 8 9 9 3 2 33 103 12 10 104 41 
2 8 0 101 48 
AQUIIII!!5 9 48 8 10 69 0 1 12 AQUIIII!!3 5 AQUIIII!!39 41 103 0 69 2 2 2 101 43 41 16 110 104 19 19 18 
10 103 108 1 39 18 103 43 69 5 1 39 110 AQUIIII!!16 1 104 41 69 
108 18 10 16 0 5 104 39 
43 2 108 101 10 0 19 41 103 104 
AQUIIII!!104 69 2 5 18 1 110 0 43 103 16 19 108 41 10 39 
AQUIIII!!2 41 39 9 5 48 69 8 103 101 19 0 1 10 3 104 
AQUIIII!!108 69 8 101 1 41 19 39 48 AQUIIII!!10 110 2 14 5 20 0 43 3 16 103 18 104 19 
108 5 34 82 29 10 15 17 104 
AQUIIII!!69 0 10 110 1 41 19 39 103 16 18 108 43 5 20 104 
AQUIIII!!104 108 5 10 69 18 39 19 17 110 16 41 20 43 0 103 
AQUIIII!!110 16 10 108 5 69 43 19 1 39 20 18 41 103 0 104 
AQUIIII!!104 69 8 103 1 0 3 9 5 101 10 2 41 19 48 AQUIIII!!39 103 
41 3 9 5 8 48 2 1 69 12 39 101 0 10 104 
AQUIIII!!104 39 103 5 19 43 20 1 108 41 69 18 0 16 110 10 
AQUIIII!!103 19 2 5 110 39 10 41 16 1 69 0 43 18 108 104 
AQUIIII!!104 1 101 48 108 0 2 69 3 39 5 19 103 10 8 41 
AQUIIII!!103 5 41 0 108 20 19 16 69 18 17 39 43 10 110 104 
AQUIIII!!104 5 108 101 10 69 18 2 3 41 103 43 0 19 39 1 
AQUIIII!!104 82 10 14 34 16 18 110 43 20 15 108 5 17 19 29 
AQUIIII!!104 3 39 5 0 1 8 2 101 103 10 69 41 48 9 19 
AQUIIII!!5 48 19 10 101 3 103 2 41 8 9 0 1 39 69 104 
AQUIIII!!0 9 48 8 2 3 1 4 39 12 33 5 101 103 71 AQUIIII!!104 
17 20 14 16 34 110 10 43 15 82 18 108 29 19 111 104 
AQUIIII!!43 16 103 34 18 108 20 17 AQUIIII!!110 15 10 110 10 5 5 19 0 41 108 29 20 104 19 
69 103 18 39 1 16 43 41 104 
AQUIIII!!104 5 41 10 18 108 43 110 1 103 0 16 20 39 19 69 
AQUIIII!!19 5 18 69 16 39 41 10 103 20 108 0 43 17 110 104 
AQUIIII!!39 1 19 69 41 2 108 18 5 43 16 103 110 0 10 104 
AQUIIII!!5 108 10 16 15 20 43 29 41 17 103 110 18 19 34 104 
AQUIIII!!19 20 41 10 103 108 39 5 110 0 16 69 18 17 43 104 
AQUIIII!!8 39 9 5 3 19 1 0 69 10 101 103 2 41 48 104 
AQUIIII!!43 19 108 101 69 10 5 16 41 18 2 1 0 103 39 104 
AQUIIII!!104 2 0 103 101 33 8 1 4 12 9 71 5 48 39 3 
AQUIIII!!104 108 39 1 16 18 110 43 2 69 10 5 19 103 0 41 
AQUIIII!!104 103 43 69 108 110 10 18 39 17 41 20 16 5 19 0 
AQUIIII!!104 18 41 34 5 20 29 15 17 43 110 19 103 10 108 16 
AQUIIII!!104 10 0 AQUIIII!!108 104 5 19 103 43 1 18 3 69 5 19 2 110 39 16 101 1 39 18 41 43 2 0 
103 41 108 69 10 
AQUIIII!!5 48 10 39 9 103 8 0 69 2 41 3 12 101 1 104 
AQUIIII!!8 10 19 101 41 0 5 103 69 9 2 48 1 39 3 104 
AQUIIII!!19 1 103 108 0 5 41 10 2 16 39 101 69 43 18 104 
AQUIIII!!39 101 3 48 1 10 69 103 5 9 AQUIIII!!12 48 0 19 2 8 39 41 104 3 
1 103 8 2 0 69 5 41 101 10 AQUIIII!!9 104 18 2 
10 69 1 39 0 108 101 43 41 3 5 103 19 104 
AQUIIII!!104 108 19 17 10 5 18 29 110 34 82 20 15 16 14 43 
AQUIIII!!104 3 1 19 0 10 69 5 48 41 101 108 103 2 8 39 
AQUIIII!!17 15 5 19 82 34 AQUIIII!!18 29 104 14 19 20 2 43 110 110 0 16 10 39 108 69 104 43 
18 16 41 10 103 1 5 108 
AQUIIII!!104 10 14 16 17 43 82 18 108 20 29 15 34 19 111 110 
AQUIIII!!41 69 AQUIIII!!101 41 10 8 39 2 8 103 9 9 10 69 5 5 3 39 0 101 0 19 103 1 48 3 2 19 104 
1 48 104 
AQUIIII!!41 34 17 20 103 108 29 5 AQUIIII!!15 29 19 19 10 16 108 18 34 110 14 16 111 43 82 17 104 110 
10 20 43 18 15 104 
AQUIIII!!104 1 103 69 12 39 48 101 9 10 5 3 8 2 0 41 
AQUIIII!!104 20 0 5 110 17 103 41 10 18 43 108 69 19 16 39 
AQUIIII!!104 AQUIIII!!16 104 0 110 20 5 43 43 69 101 16 17 1 AQUIIII!!41 104 41 5 110 0 108 43 108 69 2 18 108 69 20 103 39 10 19 19 41 10 39 103 17 
103 5 19 39 0 18 10 16 
18 
AQUIIII!!104 10 19 69 2 48 101 5 9 0 3 103 1 41 8 39 
AQUIIII!!20 110 5 18 0 43 10 69 103 39 1 41 16 19 108 104 
AQUIIII!!1 19 48 101 69 2 5 10 3 0 103 39 8 41 9 104 
AQUIIII!!103 101 3 39 5 1 2 8 108 41 48 0 10 69 19 104 
AQUIIII!!14 17 19 10 108 43 AQUIIII!!104 29 5 2 110 41 34 3 19 111 48 0 16 108 10 82 8 15 103 69 39 18 1 20 101 
104 
AQUIIII!!104 5 10 43 103 17 108 29 15 34 18 19 110 41 20 16 
AQUIIII!!104 5 39 41 0 19 18 2 101 103 1 69 16 43 108 10 
AQUIIII!!101 9 5 8 2 3 41 39 48 0 19 103 1 10 69 104 
AQUIIII!!0 69 41 2 19 1 10 43 108 16 101 39 103 5 18 104 
AQUIIII!!39 48 3 5 0 10 8 69 41 103 2 19 9 101 1 104 
AQUIIII!!16 108 43 10 39 1 18 41 110 103 0 19 5 69 2 104 
AQUIIII!!104 69 20 16 0 39 43 108 110 17 41 10 19 5 103 18 
AQUIIII!!111 15 110 82 34 19 17 16 20 29 18 10 14 108 43 104 
AQUIIII!!104 108 10 41 43 1 5 0 16 69 101 2 39 18 103 19 
AQUIIII!!20 41 16 18 19 39 103 0 69 110 43 10 108 17 5 104 
AQUIIII!!2 71 8 9 0 12 48 3 103 39 1 101 4 33 5 104 
AQUIIII!!48 1 10 0 3 41 8 69 2 103 101 39 5 19 9 104 
Number of Cuts in the second phase:2180
Number of repeat: 2130 
Violation: 1040.000000
Violation: 466.000000
Violation: 216.000000
Violation: 172.000000
Violation: 329.000000
Violation: 54.000000
Violation: 904.000000
Violation: 65.000000
Violation: 432.000000
Violation: 159.000000
Violation: 824.000000
Violation: 608.000000
Violation: 170.000000
Violation: 161.000000
Violation: 256.000000
Violation: 11.000000
Violation: 118.000000
Violation: 1.000000
Violation: 216.000000
Violation: 864.000000
Violation: 5.000000
Violation: 608.000000
Violation: 472.000000
Violation: 122.000000
Violation: 168.000000
Violation: 40.000000
Violation: 688.000000
Violation: 547.000000
Violation: 40.000000
Violation: 166.000000
Violation: 210.000000
Violation: 320.000000
Violation: 41.000000
Violation: 31.000000
Violation: 432.000000
Violation: 59.000000
Violation: 38.000000
Violation: 200.000000
Violation: 260.000000
Violation: 5.000000
Violation: 40.000000
Violation: 319.000000
Violation: 171.000000
Violation: 430.000000
Violation: 143.000000
Violation: 11.000000
Violation: 179.000000
Violation: 212.000000
Violation: 48.000000
Violation: 2.000000
5400 16
AQUIIII!!104 8 0 48 1 103 101 39 10 12 3 41 9 2 5 69 
AQUIIII!!104 18 17 20 34 19 108 110 16 29 10 82 14 43 111 15 
AQUIIII!!3 43 41 1 0 19 18 101 69 103 39 2 10 108 5 104 
AQUIIII!!20 39 108 43 10 0 5 AQUIIII!!69 104 19 16 10 16 103 110 43 18 0 101 1 5 103 1 41 41 19 104 2 
39 108 69 18 
AQUIIII!!104 108 103 43 101 69 AQUIIII!!0 104 39 20 19 43 10 19 1 17 18 14 5 34 41 16 2 110 3 108 
29 82 5 15 10 18 
AQUIIII!!2 101 3 1 103 69 41 10 9 12 AQUIIII!!8 9 48 3 39 101 5 41 0 48 104 1 
2 103 69 19 5 39 0 10 8 104 
AQUIIII!!1 19 2 108 0 103 41 43 10 5 39 16 101 69 18 104 
AQUIIII!!104 43 AQUIIII!!10 104 19 43 5 5 1 41 103 108 0 110 2 18 1 108 39 0 69 20 3 39 41 19 103 18 10 101 
16 69 
AQUIIII!!104 43 14 18 110 20 16 17 15 5 10 19 108 29 34 82 
AQUIIII!!0 19 108 2 101 43 1 5 18 69 103 10 39 16 41 104 
AQUIIII!!104 19 17 110 43 108 14 15 20 5 34 18 29 10 16 82 
AQUIIII!!104 48 101 39 1 19 2 69 3 41 10 108 8 5 103 0 
AQUIIII!!5 69 19 39 10 101 8 103 41 1 2 9 48 3 0 104 
AQUIIII!!5 1 19 48 3 108 103 0 2 39 41 101 69 10 8 104 
AQUIIII!!16 29 43 34 18 10 14 5 17 110 82 20 15 19 108 104 
AQUIIII!!18 29 17 34 41 43 20 15 108 19 103 110 16 5 10 104 
AQUIIII!!34 29 110 10 18 17 108 43 16 19 82 15 111 20 14 104 
AQUIIII!!20 18 41 110 17 0 103 39 108 10 69 5 43 19 16 104 
AQUIIII!!104 43 17 15 20 82 18 34 108 19 29 110 16 10 111 14 
AQUIIII!!5 69 108 48 103 2 101 10 1 0 8 41 39 3 19 104 
AQUIIII!!17 19 108 20 15 82 18 10 14 34 110 29 16 5 43 104 
AQUIIII!!104 18 69 2 41 39 43 103 1 110 5 108 0 10 16 19 
AQUIIII!!104 1 2 18 0 69 16 43 19 110 10 103 41 108 5 39 
AQUIIII!!48 0 5 71 1 12 101 3 9 2 103 39 4 8 33 104 
AQUIIII!!19 39 41 10 108 18 5 AQUIIII!!1 104 2 43 43 15 103 10 69 19 0 29 16 16 101 5 104 20 
17 82 108 110 18 34 14 
AQUIIII!!12 10 39 101 103 3 0 9 5 41 48 1 69 8 2 104 
AQUIIII!!104 43 5 19 39 18 16 0 10 2 103 108 41 110 69 1 
AQUIIII!!103 20 43 1 108 41 18 19 16 39 0 69 10 110 5 104 
AQUIIII!!20 18 110 29 AQUIIII!!111 18 34 19 17 108 16 1 AQUIIII!!15 2 2 108 39 0 43 41 5 19 101 10 10 41 101 14 69 69 82 1 0 104 8 43 
103 16 48 5 10 103 39 104 108 
3 19 104 
AQUIIII!!104 108 1 18 103 101 19 69 5 3 43 2 0 10 39 41 
AQUIIII!!8 101 48 39 10 19 69 5 3 108 103 0 41 2 1 104 
AQUIIII!!104 18 110 15 43 5 29 34 82 20 19 14 AQUIIII!!17 104 16 108 17 110 10 
16 19 10 15 29 20 103 34 43 18 41 108 5 
AQUIIII!!AQUIIII!!104 104 17 69 14 5 82 0 15 10 111 103 19 43 10 43 2 34 1 16 19 20 39 108 41 18 108 110 101 29 18 
16 
AQUIIII!!20 18 108 17 10 16 19 110 43 15 5 34 82 14 29 104 
AQUIIII!!104 82 14 10 29 110 20 17 43 16 5 19 108 15 34 18 
AQUIIII!!103 1 101 3 41 2 69 48 8 39 10 0 108 5 19 104 
AQUIIII!!10 0 19 69 110 103 16 2 43 39 108 5 41 1 18 104 
AQUIIII!!104 2 101 41 103 3 0 5 48 19 108 39 8 1 10 69 
AQUIIII!!104 5 69 3 103 101 48 2 39 8 0 108 19 10 1 41 
AQUIIII!!19 34 5 110 18 14 43 82 10 108 15 20 16 29 17 104 
AQUIIII!!82 29 5 14 17 16 10 18 19 108 110 43 20 34 15 104 
AQUIIII!!2 18 16 41 1 10 19 69 43 5 39 0 103 110 108 104 
AQUIIII!!104 69 1 103 110 43 5 18 19 20 108 0 39 10 41 16 
AQUIIII!!104 16 5 17 29 43 20 15 110 19 108 103 34 10 18 41 
AQUIIII!!104 0 5 8 9 12 48 3 4 101 103 33 2 71 39 1 
AQUIIII!!0 18 43 103 3 108 10 2 69 19 101 41 1 39 5 104 
AQUIIII!!12 103 2 101 0 1 8 9 4 71 3 39 5 48 33 104 
AQUIIII!!104 48 5 101 0 19 41 9 1 3 2 10 103 69 39 8 
AQUIIII!!104 19 41 69 5 103 8 39 10 9 0 48 1 2 3 101 
AQUIIII!!103 5 17 10 18 20 15 29 34 16 43 110 19 41 108 104 
AQUIIII!!34 82 15 18 5 43 17 29 20 108 14 19 110 16 10 104 
AQUIIII!!39 103 41 0 101 9 3 1 5 10 8 48 19 69 2 104 
AQUIIII!!104 101 0 3 18 10 19 43 108 103 69 1 5 39 2 41 
AQUIIII!!104 69 1 12 3 48 41 10 9 101 5 2 0 103 8 39 
AQUIIII!!101 3 43 41 0 69 108 5 2 18 103 1 10 19 39 104 
AQUIIII!!17 19 10 18 20 110 41 103 69 0 39 43 108 5 16 104 
AQUIIII!!104 9 1 5 0 2 8 3 39 48 10 12 41 101 103 69 
AQUIIII!!104 111 34 18 110 19 29 82 15 43 14 20 10 16 17 108 
AQUIIII!!39 5 16 18 108 19 69 43 103 0 2 101 10 41 1 104 
AQUIIII!!104 39 16 2 0 1 101 103 19 43 10 18 69 5 41 108 
AQUIIII!!39 18 69 1 2 41 103 101 10 43 19 0 5 3 108 104 
AQUIIII!!3 103 5 2 101 108 41 43 0 18 19 39 69 1 10 104 
AQUIIII!!34 108 10 17 43 18 15 82 19 14 20 16 110 29 5 104 
AQUIIII!!104 2 3 19 0 101 8 41 5 103 48 10 1 9 39 69 
AQUIIII!!104 108 82 20 15 110 10 5 43 19 16 34 29 14 18 17 
AQUIIII!!104 18 110 19 108 43 29 41 5 17 103 20 34 10 16 15 
AQUIIII!!104 5 16 29 10 34 18 19 14 15 43 110 17 82 108 20 
AQUIIII!!104 10 3 103 5 8 12 1 2 0 101 48 9 39 69 41 
AQUIIII!!19 82 16 108 17 29 5 20 34 110 14 15 10 18 43 104 
AQUIIII!!14 10 15 108 29 82 16 19 17 34 20 110 18 111 43 104 
AQUIIII!!104 10 43 20 16 18 108 82 15 110 111 14 19 29 17 34 
AQUIIII!!104 14 18 16 43 20 34 10 5 29 82 110 17 108 19 15 
AQUIIII!!17 29 16 43 18 15 20 34 19 111 14 108 10 82 110 104 
AQUIIII!!101 108 0 1 5 41 103 2 19 10 39 69 18 43 16 104 
AQUIIII!!104 108 2 0 10 16 1 43 101 18 69 103 39 5 19 41 
AQUIIII!!2 39 41 9 8 103 69 101 10 3 5 0 12 48 1 104 
AQUIIII!!82 110 17 43 19 10 20 34 5 16 15 29 108 18 14 104 
Number of Cuts in the second phase:1429
Number of repeat: 1425 
Violation: 33.000000
Violation: 428.000000
Violation: 170.000000
Violation: 254.000000
took 7.306533
Optimize a model with 445 rows, 605 columns and 6032 nonzeros
Coefficient statistics:
  Matrix range     [1e+00, 2e+01]
  Objective range  [0e+00, 0e+00]
  Bounds range     [1e+00, 2e+01]
  RHS range        [1e+00, 8e+01]
Presolve removed 139 rows and 106 columns
Presolve time: 0.00s
Presolved: 306 rows, 499 columns, 5536 nonzeros

Iteration    Objective       Primal Inf.    Dual Inf.      Time
       0    0.0000000e+00   2.675000e+01   0.000000e+00      0s
     139    0.0000000e+00   0.000000e+00   0.000000e+00      0s

Solved in 139 iterations and 0.01 seconds
Optimal objective  0.000000000e+00
