j3017_4.mm_s4.txt
Academic license - for non-commercial use only
Read LP format model from file lp/j3017_4.mm.lp
Reading time = 0.00 seconds
: 351 rows, 906 columns, 9053 nonzeros
OKGPU
nThreads: 1024 , nBlocks: 12 
Number cuts generated in the phase 1: 11
Number of repeat: 4 
violation 750.000000
violation 400.000000
violation 420.000000
violation 249.000000
violation 84.000000
violation 139.000000
violation 800.000000
8592 16
AQUIIII!!53 10 AQUIIII!!25 27 53 51 27 31 9 23 AQUIIII!!14 31 15 53 37 50 48 9 22 23 11 14 11 18 13 13 21 37 50 16 24 22 
9 10 19 11 47 16 20 25 31 15 51 51 28 
29 27 22 
AQUIIII!!53 20 4 38 8 31 28 18 19 47 21 24 29 48 51 27 
AQUIIII!!9 15 AQUIIII!!24 31 AQUIIII!!22 22 23 27 31 48 48 21 13 50 29 24 11 28 9 13 3 51 14 19 11 31 10 24 10 50 20 27 25 25 27 15 53 18 23 51 14 38 53 
8 
1 47 4 2 
AQUIIII!!AQUIIII!!22 13 25 15 9 22 23 27 10 AQUIIII!!11 14 27 48 17 48 23 31 11 51 16 22 9 50 25 50 50 11 51 23 10 27 24 31 13 15 47 37 9 24 15 53 31 53 
14 
10 25 13 53 
AQUIIII!!53 48 21 20 47 28 27 18 8 AQUIIII!!53 19 29 29 9 38 48 51 22 31 11 24 24 4 31 
21 51 18 28 27 20 19 47 
AQUIIII!!2 47 1 28 8 18 38 20 27 29 21 24 3 19 31 4 
AQUIIII!!50 23 24 29 27 48 21 15 31 22 47 9 11 10 53 51 
AQUIIII!!38 21 29 19 27 AQUIIII!!18 11 8 21 28 48 3 27 24 29 51 51 48 10 31 AQUIIII!!AQUIIII!!50 20 23 47 9 23 24 4 50 50 24 
15 31 22 11 AQUIIII!!27 31 22 AQUIIII!!22 10 47 51 48 AQUIIII!!15 17 21 15 27 27 9 25 27 9 16 48 37 51 53 29 15 16 31 
51 21 13 23 47 15 9 14 13 48 9 51 25 24 10 29 11 14 9 50 50 22 53 37 22 23 47 
50 31 53 22 31 47 
21 10 10 23 27 29 10 11 11 31 53 15 11 
23 24 53 53 

AQUIIII!!51 53 AQUIIII!!11 53 14 24 13 28 22 9 9 21 27 51 31 29 10 47 25 22 50 19 15 11 48 27 23 20 24 31 
48 18 
AQUIIII!!53 51 50 31 27 9 15 10 37 23 13 22 16 11 14 25 
AQUIIII!!8 18 27 28 4 24 19 21 47 20 38 48 29 51 31 53 
AQUIIII!!53 31 29 18 AQUIIII!!8 53 28 AQUIIII!!9 21 19 15 20 47 10 22 19 50 47 48 22 31 51 27 51 47 24 24 21 9 51 31 48 22 24 18 20 11 21 23 11 9 29 27 
48 28 AQUIIII!!27 29 
53 29 
38 28 19 21 24 8 27 18 31 1 20 3 47 4 2 
AQUIIII!!51 53 22 48 10 15 31 21 23 24 47 29 27 11 9 50 
AQUIIII!!53 25 9 15 24 50 10 48 14 22 51 11 27 13 31 23 
AQUIIII!!50 11 27 48 14 AQUIIII!!10 53 25 24 51 31 22 AQUIIII!!15 9 31 29 18 31 47 28 51 20 29 23 48 21 13 21 4 15 11 19 53 47 24 48 27 
9 20 28 19 51 22 38 24 8 
27 53 
AQUIIII!!53 51 50 23 31 21 11 48 24 27 15 47 10 22 9 29 
AQUIIII!!21 11 9 22 31 50 27 47 28 29 15 24 20 48 53 51 
AQUIIII!!53 51 31 15 14 11 10 23 37 22 25 16 50 AQUIIII!!27 13 31 9 51 
24 10 22 27 15 25 14 50 9 11 23 48 13 53 
AQUIIII!!53 15 22 23 11 27 50 AQUIIII!!53 14 22 37 9 31 10 16 48 13 10 50 25 15 17 11 13 51 9 25 
14 23 24 27 31 
AQUIIII!!21 28 19 24 38 31 29 51 48 27 8 AQUIIII!!20 27 18 18 4 29 24 47 8 3 47 
21 51 38 19 48 AQUIIII!!4 50 28 15 31 AQUIIII!!31 20 16 22 53 27 AQUIIII!!13 31 
11 9 17 25 22 11 23 31 9 9 19 22 37 15 10 10 11 14 14 20 16 15 29 27 13 24 53 25 51 28 23 
48 50 37 51 53 47 
27 21 53 
AQUIIII!!53 48 13 15 51 AQUIIII!!27 53 23 27 25 48 9 29 31 50 10 24 47 31 24 11 50 47 22 10 11 AQUIIII!!9 
22 53 51 51 21 47 15 9 23 29 
20 22 24 21 48 11 50 31 15 27 28 
AQUIIII!!9 31 19 28 15 51 22 27 29 21 48 24 47 20 11 53 
AQUIIII!!25 15 23 47 50 11 31 24 13 48 9 27 22 10 53 51 
AQUIIII!!53 51 25 27 23 10 31 15 37 50 13 14 16 22 11 9 
AQUIIII!!53 51 31 50 48 23 15 25 24 10 11 14 27 9 13 22 
AQUIIII!!53 9 31 47 11 15 51 23 10 13 24 27 48 22 50 25 
AQUIIII!!24 21 27 19 9 18 31 48 28 29 47 11 22 20 51 53 
AQUIIII!!47 19 20 21 22 29 31 51 24 28 48 11 27 18 AQUIIII!!9 53 AQUIIII!!53 15 53 
28 28 48 27 50 22 11 29 20 24 21 9 9 47 31 22 20 51 11 31 48 21 50 51 24 47 15 
27 29 
AQUIIII!!1 29 19 31 18 21 27 3 24 2 8 38 20 28 4 AQUIIII!!47 53 
21 51 20 38 28 31 19 24 27 48 47 4 29 18 8 AQUIIII!!
15 16 11 10 AQUIIII!!9 21 AQUIIII!!22 53 20 23 19 24 14 48 31 37 31 51 25 28 27 31 24 38 27 AQUIIII!!29 21 50 47 4 53 51 11 51 48 13 8 27 28 AQUIIII!!53 47 21 19 
21 38 18 19 50 18 29 48 27 8 20 31 47 27 4 22 11 
47 9 31 
29 28 28 29 20 20 15 22 24 48 51 9 53 AQUIIII!!
24 53 15 48 51 18 47 53 24 
29 20 19 21 51 27 31 8 28 4 38 
AQUIIII!!27 48 15 47 11 9 31 25 24 23 AQUIIII!!50 29 10 20 51 21 13 28 22 19 53 4 
38 31 8 47 48 27 24 18 53 51 
AQUIIII!!53 20 24 22 47 19 29 27 21 31 48 28 11 18 51 9 
AQUIIII!!47 27 AQUIIII!!19 11 28 9 9 25 29 22 31 31 48 27 20 23 21 13 18 14 8 15 10 24 24 51 50 22 51 53 48 
53 
AQUIIII!!53 27 22 16 25 31 37 11 14 23 9 10 17 15 50 13 
AQUIIII!!9 15 22 27 48 11 19 20 47 31 AQUIIII!!21 53 48 28 8 29 19 27 24 18 AQUIIII!!51 9 13 47 53 51 11 
24 24 20 29 48 22 31 31 21 27 28 51 
23 15 10 47 22 50 9 25 53 
AQUIIII!!2 47 24 20 1 3 31 27 38 4 8 18 29 21 19 28 AQUIIII!!
51 53 20 11 31 47 18 29 48 27 22 21 19 28 9 24 
AQUIIII!!53 50 14 25 31 9 24 23 48 11 22 15 10 51 AQUIIII!!31 13 50 22 27 AQUIIII!!24 
9 9 48 15 22 29 23 23 21 21 27 10 48 11 51 31 47 53 15 
50 29 47 10 24 11 27 51 53 
AQUIIII!!20 47 28 24 4 48 51 29 31 19 27 AQUIIII!!21 28 29 AQUIIII!!8 48 38 10 15 AQUIIII!!21 18 37 53 47 53 51 27 27 
13 50 21 31 31 11 8 9 20 51 22 22 9 19 25 51 47 23 24 53 20 14 
29 50 AQUIIII!!15 18 21 16 28 27 11 4 11 31 38 53 48 27 
24 51 31 50 AQUIIII!!
9 24 53 23 14 47 23 15 22 AQUIIII!!37 48 51 16 29 10 15 11 53 28 31 
50 31 50 9 27 47 13 24 15 22 51 29 10 11 22 20 25 27 
9 21 48 53 
AQUIIII!!51 53 21 29 27 19 24 47 28 31 20 22 8 18 9 48 
AQUIIII!!28 50 24 20 15 47 48 31 9 11 22 27 21 29 51 53 
AQUIIII!!50 29 9 22 15 47 11 28 24 21 31 48 27 51 53 20 
AQUIIII!!53 13 9 25 22 51 47 AQUIIII!!23 53 27 51 15 24 11 13 50 31 15 24 31 48 22 10 47 
48 10 50 11 25 27 23 9 
AQUIIII!!31 11 22 24 47 48 51 25 13 15 9 10 27 50 23 53 
AQUIIII!!53 15 28 51 47 20 22 21 24 19 48 9 27 29 31 11 
AQUIIII!!22 19 9 15 21 24 28 11 31 20 47 27 51 48 29 53 
AQUIIII!!53 29 19 15 21 31 9 48 51 27 20 22 11 28 24 47 
AQUIIII!!27 21 8 4 20 31 19 28 38 18 29 48 24 53 47 51 
AQUIIII!!53 23 51 48 25 47 11 50 10 15 31 13 22 27 24 9 
AQUIIII!!51 11 27 14 15 25 13 10 50 9 31 22 24 23 48 53 
AQUIIII!!53 50 23 48 25 22 51 27 14 15 31 9 11 24 13 10 
AQUIIII!!22 10 50 31 11 9 25 51 24 15 47 27 13 48 23 53 
AQUIIII!!15 29 48 9 20 47 27 31 24 21 50 51 28 11 22 53 
AQUIIII!!11 15 21 27 24 31 47 50 22 9 10 51 23 29 48 53 AQUIIII!!
24 22 25 50 15 27 48 10 13 9 47 31 23 11 51 53 AQUIIII!!
53 24 20 9 48 AQUIIII!!AQUIIII!!22 22 31 27 51 14 18 48 50 31 14 9 19 50 25 29 15 28 27 13 11 51 24 23 47 31 17 21 10 15 11 37 11 
23 22 10 27 16 9 13 25 53 53 

AQUIIII!!51 53 21 11 48 20 47 9 19 18 27 29 24 22 31 28 
AQUIIII!!21 53 38 AQUIIII!!31 21 51 48 19 29 48 31 18 47 4 20 18 8 24 28 19 4 AQUIIII!!27 29 21 27 22 8 31 24 28 9 
11 20 28 38 29 19 53 24 51 27 48 47 15 
51 47 53 20 
AQUIIII!!53 8 22 20 47 9 24 18 48 21 28 51 29 31 27 19 
AQUIIII!!53 25 9 14 22 48 23 24 11 50 31 27 13 51 15 10 
AQUIIII!!23 22 50 24 10 9 48 13 15 27 14 25 31 11 53 51 
AQUIIII!!53 22 51 15 31 14 23 11 9 48 25 24 50 27 10 13 
AQUIIII!!2 1 47 24 29 31 18 4 27 3 21 20 8 38 19 28 
AQUIIII!!22 51 24 31 29 47 48 11 15 21 20 9 50 28 27 AQUIIII!!53 50 
22 23 47 15 11 10 27 25 51 9 13 24 31 48 53 
AQUIIII!!10 27 31 47 50 23 15 22 48 13 11 9 51 24 25 53 
AQUIIII!!20 53 11 9 47 48 51 28 27 18 21 29 31 24 19 22 
AQUIIII!!51 53 31 48 21 11 27 47 29 10 9 50 22 15 24 23 
AQUIIII!!20 18 27 29 2 3 31 28 1 8 38 21 24 19 4 47 
AQUIIII!!53 48 27 31 28 29 18 11 47 9 20 51 24 21 19 22 
AQUIIII!!53 AQUIIII!!22 53 24 22 21 9 27 11 19 48 47 21 51 29 31 15 11 19 29 24 9 28 15 27 28 51 48 47 20 31 
20 
AQUIIII!!53 18 28 29 51 27 AQUIIII!!31 53 4 20 38 4 24 24 29 20 28 48 31 47 8 8 48 27 21 38 19 19 
21 47 18 51 
AQUIIII!!4 19 48 31 8 21 47 38 20 28 18 27 24 29 51 53 
AQUIIII!!53 25 11 37 10 31 23 51 50 9 16 14 15 27 22 13 
AQUIIII!!47 50 28 11 51 9 29 21 48 24 31 22 15 27 20 53 
AQUIIII!!AQUIIII!!28 10 21 9 47 31 48 48 38 11 4 27 27 50 18 22 19 51 29 47 51 29 20 24 8 23 31 15 24 21 53 53 

AQUIIII!!53 9 48 11 15 22 27 19 24 29 31 28 21 47 51 20 
AQUIIII!!53 10 25 13 50 31 27 51 11 24 9 AQUIIII!!48 31 22 27 51 47 18 15 19 23 20 
29 28 8 24 22 9 21 47 48 53 
AQUIIII!!53 13 9 11 25 31 24 22 51 23 10 48 50 27 14 15 AQUIIII!!
53 27 25 31 16 15 11 50 14 17 10 9 37 13 23 22 
AQUIIII!!27 22 31 14 37 9 15 50 25 16 10 23 11 13 17 53 
AQUIIII!!19 24 9 22 15 21 29 28 51 11 20 31 48 27 47 53 
AQUIIII!!25 23 27 15 31 47 22 24 13 11 48 10 50 51 9 AQUIIII!!53 53 
48 11 10 31 27 23 24 25 50 15 13 47 51 AQUIIII!!9 22 53 
47 29 18 AQUIIII!!8 9 27 15 51 27 4 28 28 21 31 31 20 19 21 20 29 24 19 48 11 38 22 
24 48 51 47 53 
AQUIIII!!22 31 15 47 28 48 21 24 9 27 19 11 51 20 29 53 
AQUIIII!!9 18 21 28 31 24 27 19 22 29 11 48 47 51 53 20 
AQUIIII!!11 10 14 23 31 27 16 15 50 37 51 13 22 25 9 53 
AQUIIII!!53 15 22 9 24 28 31 29 51 27 47 20 48 21 11 19 
AQUIIII!!53 47 28 20 19 24 21 9 29 8 31 27 22 18 48 51 
AQUIIII!!9 24 19 AQUIIII!!29 53 15 18 47 47 25 31 27 48 24 8 23 51 27 22 48 10 31 11 50 28 51 AQUIIII!!21 13 9 22 22 
20 9 27 53 11 
24 47 50 29 51 15 21 28 31 48 53 20 
AQUIIII!!53 50 15 48 10 51 31 22 29 11 24 47 27 21 23 9 
AQUIIII!!53 47 AQUIIII!!20 53 48 9 47 11 48 27 28 51 19 21 31 15 29 24 9 11 50 22 15 29 31 20 22 51 28 27 24 21 AQUIIII!!

53 48 8 31 20 24 28 19 4 51 21 47 18 27 29 38 
AQUIIII!!53 51 21 11 9 27 22 24 29 47 19 31 18 48 20 28 
AQUIIII!!50 24 31 20 48 28 15 27 51 47 11 21 22 29 9 53 
AQUIIII!!AQUIIII!!19 53 24 21 21 38 51 28 27 18 27 48 8 20 29 51 47 47 AQUIIII!!19 28 21 48 4 53 18 29 31 48 20 
27 8 28 38 4 4 18 31 29 24 47 38 53 31 
8 24 20 19 51 
AQUIIII!!31 9 22 48 51 AQUIIII!!25 20 13 53 24 38 14 47 10 19 11 8 50 48 23 28 15 51 27 31 53 29 
27 4 18 24 21 
AQUIIII!!53 19 51 48 28 27 31 11 21 18 24 9 20 22 29 47 
AQUIIII!!18 24 21 47 51 27 28 19 31 9 22 20 29 48 11 53 
AQUIIII!!29 47 15 31 28 48 27 11 20 9 21 22 24 19 53 51 
AQUIIII!!51 27 23 31 14 50 25 9 16 37 10 22 11 15 13 53 
AQUIIII!!24 51 21 31 18 28 48 38 29 47 8 4 27 19 53 20 
AQUIIII!!9 19 18 20 27 51 21 47 22 48 31 8 28 29 24 53 
AQUIIII!!21 27 38 47 19 29 48 28 51 8 20 4 24 31 18 53 
Number of Cuts in the second phase:3364
Number of repeat: 3165 
Violation: 110.000000
Violation: 249.000000
Violation: 284.000000
Violation: 568.000000
Violation: 600.000000
Violation: 500.000000
Violation: 252.000000
Violation: 136.000000
Violation: 600.000000
Violation: 500.000000
Violation: 200.000000
Violation: 1200.000000
Violation: 500.000000
Violation: 500.000000
Violation: 33.000000
Violation: 200.000000
Violation: 168.000000
Violation: 83.000000
Violation: 250.000000
Violation: 84.000000
Violation: 200.000000
Violation: 250.000000
Violation: 400.000000
Violation: 600.000000
Violation: 245.000000
Violation: 136.000000
Violation: 333.000000
Violation: 400.000000
Violation: 500.000000
Violation: 400.000000
Violation: 500.000000
Violation: 346.000000
Violation: 500.000000
Violation: 250.000000
Violation: 333.000000
Violation: 333.000000
Violation: 250.000000
Violation: 1000.000000
Violation: 1250.000000
Violation: 250.000000
Violation: 571.000000
Violation: 1200.000000
Violation: 1000.000000
Violation: 600.000000
Violation: 200.000000
Violation: 500.000000
Violation: 83.000000
Violation: 368.000000
Violation: 249.000000
Violation: 55.000000
Violation: 200.000000
Violation: 1000.000000
Violation: 800.000000
Violation: 750.000000
Violation: 55.000000
Violation: 600.000000
Violation: 556.000000
Violation: 583.000000
Violation: 633.000000
Violation: 1142.000000
Violation: 600.000000
Violation: 55.000000
Violation: 1000.000000
Violation: 223.000000
Violation: 400.000000
Violation: 185.000000
Violation: 200.000000
Violation: 1000.000000
Violation: 84.000000
Violation: 200.000000
Violation: 533.000000
Violation: 283.000000
Violation: 533.000000
Violation: 101.000000
Violation: 194.000000
Violation: 1250.000000
Violation: 200.000000
Violation: 1050.000000
Violation: 315.000000
Violation: 1200.000000
Violation: 400.000000
Violation: 484.000000
Violation: 200.000000
Violation: 101.000000
Violation: 600.000000
Violation: 200.000000
Violation: 1.000000
Violation: 200.000000
Violation: 800.000000
Violation: 50.000000
Violation: 142.000000
Violation: 167.000000
Violation: 165.000000
Violation: 400.000000
Violation: 200.000000
Violation: 200.000000
Violation: 226.000000
Violation: 200.000000
Violation: 250.000000
Violation: 200.000000
Violation: 1.000000
Violation: 194.000000
Violation: 500.000000
Violation: 595.000000
Violation: 833.000000
Violation: 722.000000
Violation: 200.000000
Violation: 31.000000
Violation: 537.000000
Violation: 200.000000
Violation: 533.000000
Violation: 400.000000
Violation: 883.000000
Violation: 521.000000
Violation: 26.000000
Violation: 600.000000
Violation: 200.000000
Violation: 1200.000000
Violation: 400.000000
Violation: 533.000000
Violation: 934.000000
Violation: 168.000000
Violation: 1200.000000
Violation: 333.000000
Violation: 1200.000000
Violation: 200.000000
Violation: 600.000000
Violation: 484.000000
Violation: 600.000000
Violation: 1250.000000
Violation: 400.000000
Violation: 200.000000
Violation: 1000.000000
Violation: 105.000000
Violation: 284.000000
Violation: 600.000000
Violation: 26.000000
Violation: 136.000000
Violation: 800.000000
Violation: 333.000000
Violation: 1000.000000
Violation: 1000.000000
Violation: 97.000000
Violation: 445.000000
Violation: 37.000000
Violation: 200.000000
Violation: 55.000000
Violation: 110.000000
Violation: 583.000000
Violation: 100.000000
Violation: 1000.000000
Violation: 385.000000
Violation: 400.000000
Violation: 200.000000
Violation: 284.000000
Violation: 669.000000
Violation: 600.000000
Violation: 600.000000
Violation: 833.000000
Violation: 500.000000
Violation: 400.000000
Violation: 400.000000
Violation: 700.000000
Violation: 354.000000
Violation: 833.000000
Violation: 33.000000
Violation: 750.000000
Violation: 284.000000
Violation: 105.000000
Violation: 582.000000
Violation: 800.000000
Violation: 833.000000
Violation: 272.000000
Violation: 385.000000
Violation: 249.000000
Violation: 33.000000
Violation: 168.000000
Violation: 250.000000
Violation: 33.000000
Violation: 1250.000000
Violation: 537.000000
Violation: 333.000000
Violation: 200.000000
Violation: 133.000000
Violation: 280.000000
Violation: 55.000000
Violation: 681.000000
Violation: 500.000000
Violation: 600.000000
Violation: 400.000000
Violation: 500.000000
Violation: 1000.000000
Violation: 400.000000
Violation: 333.000000
Violation: 333.000000
Violation: 537.000000
Violation: 150.000000
Violation: 550.000000
Violation: 450.000000
8592 16
AQUIIII!!53 37 51 23 25 15 31 22 14 27 16 10 50 11 9 13 
AQUIIII!!53 47 31 19 51 24 27 28 9 20 11 AQUIIII!!48 53 15 29 48 18 27 21 31 22 11 23 
24 50 9 10 51 13 22 14 25 
AQUIIII!!53 47 51 28 21 20 9 24 15 11 29 31 27 50 48 22 
AQUIIII!!29 24 9 11 15 19 22 28 20 48 27 21 47 51 31 53 
AQUIIII!!48 10 31 AQUIIII!!15 AQUIIII!!9 50 24 47 22 27 48 AQUIIII!!23 15 21 28 14 11 10 18 24 47 23 48 27 21 22 31 25 28 51 22 AQUIIII!!9 48 47 50 23 13 50 9 51 11 11 50 9 31 29 53 47 29 8 AQUIIII!!51 25 51 27 31 53 24 27 
24 10 27 51 15 AQUIIII!!27 22 21 29 9 24 20 48 28 29 51 53 22 53 22 24 19 

9 48 8 20 15 19 48 13 15 53 22 31 31 
11 27 47 AQUIIII!!53 21 53 21 
29 51 AQUIIII!!15 11 19 28 20 28 11 18 22 47 21 47 28 24 51 51 19 24 9 48 11 29 53 20 9 27 21 
31 47 20 20 
50 31 
27 31 29 AQUIIII!!48 51 9 53 AQUIIII!!22 47 53 15 22 9 24 11 14 53 31 48 29 
25 21 23 24 31 9 15 18 11 28 24 27 51 20 50 19 48 10 
22 13 27 
AQUIIII!!AQUIIII!!53 53 8 51 9 24 51 31 21 18 18 47 28 21 19 27 22 20 47 28 29 11 24 19 31 29 9 20 22 27 48 48 

AQUIIII!!53 9 27 13 15 23 11 48 10 22 50 25 24 31 14 51 
AQUIIII!!48 19 20 9 47 11 22 27 15 28 29 AQUIIII!!24 18 21 47 31 8 31 51 38 53 
19 28 4 27 24 21 51 48 AQUIIII!!29 48 53 28 20 19 
8 51 38 47 31 20 24 27 18 4 21 29 53 AQUIIII!!53 
48 11 23 25 51 47 24 22 13 10 31 9 27 50 15 
AQUIIII!!51 53 47 24 29 15 10 9 22 21 27 48 50 AQUIIII!!11 38 23 53 31 51 
31 28 48 21 20 19 29 8 4 24 27 47 18 
AQUIIII!!51 53 20 21 27 29 24 18 31 8 47 38 28 19 48 4 
AQUIIII!!24 50 20 11 22 51 29 15 27 47 28 21 48 31 9 53 
AQUIIII!!53 51 24 10 47 27 15 31 48 23 29 21 11 50 9 22 
AQUIIII!!3 19 20 1 38 AQUIIII!!9 29 18 15 31 48 23 24 8 22 27 24 AQUIIII!!27 21 8 11 28 19 10 4 18 29 2 48 47 47 29 31 
47 21 21 50 53 31 51 28 
24 27 38 4 53 20 51 
AQUIIII!!27 11 21 20 18 28 31 19 9 22 48 47 51 24 29 53 
AQUIIII!!21 47 22 19 9 11 31 29 28 51 27 20 24 48 18 53 
AQUIIII!!53 50 10 13 27 31 23 17 25 15 9 14 37 AQUIIII!!AQUIIII!!16 53 53 21 22 31 18 11 23 8 
50 48 29 19 11 28 24 9 27 29 AQUIIII!!15 24 53 10 22 15 47 11 51 22 14 47 9 31 31 51 48 27 48 9 20 21 23 

51 10 50 22 25 27 24 13 
AQUIIII!!37 11 16 15 50 14 23 31 27 13 9 10 22 25 53 51 
AQUIIII!!14 27 22 16 50 37 15 51 31 25 13 10 23 9 11 53 
AQUIIII!!18 8 47 24 20 19 48 28 AQUIIII!!9 19 21 51 22 15 31 20 29 27 27 9 51 11 53 31 
28 24 29 22 47 AQUIIII!!21 11 AQUIIII!!48 50 53 53 51 22 
23 16 9 14 48 AQUIIII!!11 28 14 29 10 10 27 19 50 13 31 15 25 8 24 48 37 25 22 22 27 31 47 53 27 51 
24 13 20 15 21 AQUIIII!!31 9 53 23 18 9 20 53 9 AQUIIII!!47 51 
31 22 
24 47 28 10 29 11 51 21 9 27 AQUIIII!!11 19 53 48 22 31 9 24 18 AQUIIII!!29 51 48 53 50 
23 22 27 18 51 27 47 48 29 22 20 15 11 51 24 50 21 21 15 28 53 31 
31 47 23 27 21 29 10 19 
AQUIIII!!53 9 22 48 25 8 14 24 11 AQUIIII!!
17 53 31 48 9 10 47 23 27 27 28 50 31 37 18 16 20 15 8 13 21 
51 29 22 19 24 9 
AQUIIII!!51 53 11 22 15 31 27 28 9 47 20 50 24 21 29 48 
AQUIIII!!21 4 47 53 19 8 28 38 24 48 31 29 27 18 20 51 
AQUIIII!!53 48 11 25 47 23 22 13 9 31 10 50 27 51 15 24 
AQUIIII!!53 11 24 9 10 23 27 14 50 13 25 48 51 31 22 15 
AQUIIII!!25 51 9 50 15 23 31 24 13 48 14 27 10 11 22 53 
AQUIIII!!51 48 29 10 31 AQUIIII!!AQUIIII!!11 53 23 53 29 15 18 48 9 51 23 50 AQUIIII!!11 48 22 9 27 53 28 27 24 31 9 50 21 22 47 20 50 47 53 9 29 21 
15 24 27 24 10 47 51 31 22 10 31 21 27 
48 11 15 19 22 21 23 51 29 24 
47 11 
AQUIIII!!53 51 48 24 20 31 47 4 8 28 38 27 18 19 21 29 
AQUIIII!!51 53 48 15 11 31 47 9 23 29 50 10 21 24 22 27 
AQUIIII!!28 3 2 31 AQUIIII!!38 22 47 8 31 48 48 4 27 19 19 20 28 29 47 21 9 18 27 51 8 20 24 29 18 21 
24 53 
AQUIIII!!13 22 37 50 11 15 9 14 25 16 23 27 10 31 53 51 
AQUIIII!!29 48 21 22 47 31 50 9 11 15 AQUIIII!!23 53 27 10 51 22 10 14 24 48 53 9 
31 51 27 50 11 24 AQUIIII!!23 10 25 15 13 11 15 22 
50 31 23 14 51 48 25 24 27 13 9 53 
AQUIIII!!25 22 9 14 15 11 16 31 37 10 50 27 23 17 13 53 
AQUIIII!!31 24 20 18 19 51 8 27 28 29 4 21 47 38 48 53 
AQUIIII!!53 4 28 29 18 51 27 20 47 19 21 8 31 38 48 24 
AQUIIII!!53 9 22 51 21 29 10 50 11 23 48 15 AQUIIII!!24 31 9 27 47 27 31 51 
47 22 48 20 28 11 21 24 29 18 19 53 
AQUIIII!!53 14 23 24 48 10 15 50 25 51 13 11 31 9 27 22 
AQUIIII!!19 48 20 28 24 21 29 27 38 47 4 51 18 8 31 53 
AQUIIII!!10 31 14 11 25 15 23 27 9 50 51 22 13 16 37 53 
AQUIIII!!AQUIIII!!53 53 31 19 24 11 28 29 8 24 22 48 18 18 21 19 38 27 31 21 51 20 4 9 20 27 47 51 28 47 48 29 

AQUIIII!!51 4 29 20 24 8 18 48 27 21 19 28 3 47 38 31 
AQUIIII!!4 18 19 29 47 21 27 38 20 24 48 8 28 31 51 53 
AQUIIII!!53 51 29 38 48 19 8 27 24 4 31 18 21 20 47 28 
AQUIIII!!53 22 48 24 27 50 31 15 28 11 51 20 47 21 9 29 
AQUIIII!!53 AQUIIII!!14 21 8 19 51 24 28 23 20 48 27 51 31 10 18 27 22 4 38 13 29 47 37 53 
16 11 AQUIIII!!9 9 31 28 15 29 25 27 50 31 
47 51 18 24 48 21 19 20 22 11 53 
AQUIIII!!21 19 4 29 38 27 31 48 51 28 18 24 47 20 8 53 
AQUIIII!!29 48 19 22 11 24 47 9 31 AQUIIII!!18 19 27 2 28 29 21 18 20 4 51 27 53 28 
24 20 8 48 21 31 38 3 47 
AQUIIII!!15 10 9 14 50 25 27 11 13 24 31 48 23 22 51 53 
AQUIIII!!22 47 20 51 11 50 27 29 24 21 9 48 15 28 31 53 
AQUIIII!!51 10 31 48 47 23 22 21 11 27 50 15 9 24 29 53 
AQUIIII!!53 10 11 9 13 31 16 14 22 15 17 25 27 37 23 50 
AQUIIII!!9 19 48 20 28 24 31 27 29 21 AQUIIII!!22 53 50 47 22 51 27 18 9 8 23 51 53 AQUIIII!!29 
47 27 21 21 15 11 31 20 24 31 10 22 11 51 48 28 24 
47 29 50 9 15 48 53 
AQUIIII!!53 48 50 27 9 21 47 51 22 11 15 31 10 23 24 29 
AQUIIII!!29 19 20 31 9 27 48 24 51 47 21 8 18 28 AQUIIII!!22 53 53 11 
15 27 37 17 31 10 9 23 25 16 22 50 14 13 
AQUIIII!!19 28 31 27 22 48 9 51 18 8 47 24 21 20 29 53 
AQUIIII!!38 48 27 51 20 21 47 8 24 29 31 4 28 18 19 53 
AQUIIII!!53 28 51 21 19 24 27 18 38 31 AQUIIII!!29 53 4 24 47 22 20 27 48 29 8 51 
21 AQUIIII!!9 53 28 23 47 15 19 47 20 31 18 51 48 31 21 11 9 
10 22 24 50 27 11 48 29 
AQUIIII!!48 31 15 28 27 22 24 11 50 29 20 47 21 51 9 53 
AQUIIII!!47 3 27 28 31 20 19 18 8 48 4 24 21 51 38 29 
AQUIIII!!47 AQUIIII!!24 53 29 10 23 25 15 11 9 14 11 51 22 24 50 22 51 13 48 48 31 9 27 50 21 27 10 23 53 15 
31 
AQUIIII!!50 24 23 11 47 25 15 9 48 51 10 22 27 31 13 53 
AQUIIII!!17 53 27 11 9 15 13 14 37 22 10 50 23 31 16 25 
AQUIIII!!22 20 24 29 31 50 15 11 48 47 27 21 9 51 28 53 
AQUIIII!!53 AQUIIII!!29 10 24 15 47 29 31 9 48 47 11 20 51 19 27 18 31 24 48 21 22 27 23 51 50 22 21 11 9 28 53 

AQUIIII!!18 22 48 9 24 29 21 47 19 31 27 11 51 28 53 20 
AQUIIII!!53 29 11 22 48 9 24 15 28 21 51 47 20 19 31 27 
AQUIIII!!4 53 47 51 19 48 8 20 24 18 38 27 29 28 31 21 
AQUIIII!!53 50 27 47 13 11 9 15 10 23 22 31 25 48 24 51 
AQUIIII!!53 22 31 27 9 29 15 AQUIIII!!21 19 23 47 22 48 9 51 17 20 28 50 24 10 11 37 
16 15 14 31 11 25 13 27 53 
AQUIIII!!47 53 51 29 15 31 24 27 22 23 50 10 21 9 11 48 
AQUIIII!!13 9 16 31 22 51 15 37 50 14 25 10 23 11 27 53 
AQUIIII!!20 51 21 53 22 18 28 31 9 19 47 48 27 29 8 24 
AQUIIII!!53 47 22 29 24 51 28 21 9 18 20 27 8 48 31 19 
AQUIIII!!53 31 22 51 27 28 47 21 15 9 20 24 19 29 48 11 
AQUIIII!!18 AQUIIII!!31 48 9 19 51 4 31 27 24 20 20 29 24 11 8 27 28 29 21 22 38 47 51 47 50 53 28 
48 21 15 53 
AQUIIII!!51 53 15 24 31 14 25 10 23 48 50 27 11 9 22 13 
AQUIIII!!53 9 11 24 48 22 29 27 47 18 21 19 20 51 28 31 
AQUIIII!!53 48 50 23 51 10 27 25 13 11 22 47 AQUIIII!!31 53 15 47 9 24 24 51 
9 21 20 27 15 31 50 11 22 29 48 28 
AQUIIII!!53 21 19 28 47 24 9 51 11 48 29 31 20 18 27 22 
AQUIIII!!53 23 14 25 15 50 48 9 51 11 22 31 24 13 10 27 
AQUIIII!!27 25 51 15 11 9 48 23 10 24 31 47 22 13 50 53 
AQUIIII!!53 22 48 9 8 27 47 21 24 51 19 31 29 18 28 20 
AQUIIII!!53 24 15 51 11 19 21 47 9 48 27 22 28 31 20 29 
AQUIIII!!53 48 11 22 51 31 25 50 10 27 23 13 24 15 47 9 
AQUIIII!!24 18 27 21 51 47 19 11 48 22 28 9 29 31 53 20 
AQUIIII!!38 53 51 31 28 48 21 20 19 29 8 4 24 27 47 18 
AQUIIII!!23 22 24 48 15 25 11 51 50 31 9 14 13 27 10 53 
AQUIIII!!53 31 15 50 51 AQUIIII!!22 53 48 11 28 21 9 47 27 50 11 24 29 27 24 47 29 48 21 20 9 
28 51 20 31 22 15 
AQUIIII!!53 15 29 48 11 24 9 47 27 31 21 22 50 10 51 23 
AQUIIII!!51 53 48 47 50 31 15 20 24 28 27 22 11 29 21 9 
AQUIIII!!0 1 31 6 3 7 4 5 33 25 38 37 49 28 2 12 
AQUIIII!!53 31 27 47 29 8 51 19 22 AQUIIII!!48 29 21 47 18 27 24 9 28 21 20 48 9 31 
51 28 11 20 15 24 50 22 53 
AQUIIII!!31 27 9 47 51 15 28 AQUIIII!!29 15 24 24 20 22 21 50 48 51 9 19 22 23 25 11 27 53 31 
11 13 47 10 48 53 
AQUIIII!!53 27 21 11 9 28 47 29 31 51 48 50 22 15 24 20 
AQUIIII!!21 20 51 27 9 18 47 31 22 29 48 11 19 24 28 53 
AQUIIII!!21 53 51 28 31 48 19 22 15 27 47 24 29 11 9 20 
AQUIIII!!31 19 51 47 9 21 18 11 48 29 20 24 22 28 27 53 
AQUIIII!!8 24 18 38 1 27 28 4 31 21 AQUIIII!!29 15 19 25 20 23 47 16 3 50 2 31 
9 13 10 27 17 37 11 14 22 53 
AQUIIII!!53 50 31 21 48 29 27 15 11 23 10 51 47 22 24 9 
AQUIIII!!31 47 24 4 8 20 21 19 18 27 28 51 48 29 38 53 
AQUIIII!!53 10 14 15 27 9 25 16 17 22 23 13 37 31 50 11 
Number of Cuts in the second phase:3432
Number of repeat: 3358 
Violation: 833.000000
Violation: 397.000000
Violation: 200.000000
Violation: 1200.000000
Violation: 1200.000000
Violation: 388.000000
Violation: 226.000000
Violation: 299.000000
Violation: 500.000000
Violation: 66.000000
Violation: 833.000000
Violation: 101.000000
Violation: 583.000000
Violation: 284.000000
Violation: 136.000000
Violation: 385.000000
Violation: 600.000000
Violation: 100.000000
Violation: 829.000000
Violation: 800.000000
Violation: 500.000000
Violation: 138.000000
Violation: 250.000000
Violation: 222.000000
Violation: 938.000000
Violation: 333.000000
Violation: 500.000000
Violation: 600.000000
Violation: 389.000000
Violation: 200.000000
Violation: 416.000000
Violation: 600.000000
Violation: 83.000000
Violation: 1200.000000
Violation: 433.000000
Violation: 1083.000000
Violation: 750.000000
Violation: 250.000000
Violation: 100.000000
Violation: 484.000000
Violation: 388.000000
Violation: 200.000000
Violation: 443.000000
Violation: 334.000000
Violation: 100.000000
Violation: 100.000000
Violation: 800.000000
Violation: 26.000000
Violation: 200.000000
Violation: 537.000000
Violation: 1037.000000
Violation: 33.000000
Violation: 251.000000
Violation: 250.000000
Violation: 198.000000
Violation: 400.000000
Violation: 136.000000
Violation: 400.000000
Violation: 333.000000
Violation: 233.000000
Violation: 83.000000
Violation: 200.000000
Violation: 1083.000000
Violation: 200.000000
Violation: 156.000000
Violation: 1233.000000
Violation: 833.000000
Violation: 200.000000
Violation: 200.000000
Violation: 168.000000
Violation: 200.000000
Violation: 211.000000
Violation: 938.000000
Violation: 416.000000
816 16
AQUIIII!!53 9 18 29 47 24 51 28 22 31 48 19 21 8 20 27 
AQUIIII!!53 AQUIIII!!20 53 28 18 19 48 22 27 51 51 21 24 18 28 21 29 19 24 31 48 27 31 47 11 9 47 20 9 29 
8 22 
AQUIIII!!19 27 31 9 28 11 24 21 47 29 22 48 20 51 15 53 
AQUIIII!!20 9 29 18 19 24 51 47 27 28 8 31 21 48 22 53 
AQUIIII!!53 51 29 21 47 27 23 10 48 24 31 22 11 15 9 50 
AQUIIII!!18 20 24 48 51 21 27 38 47 4 8 19 31 28 29 53 
AQUIIII!!27 14 10 15 9 25 16 22 13 50 37 23 11 31 17 53 
AQUIIII!!17 0 1 31 5 6 52 22 7 28 49 25 38 12 37 2 
AQUIIII!!53 23 10 15 9 11 48 25 51 27 50 24 13 22 14 31 
AQUIIII!!53 25 10 9 47 50 22 31 27 23 51 11 24 15 13 48 
AQUIIII!!53 31 50 51 29 23 10 11 22 9 24 27 48 47 15 21 
AQUIIII!!31 24 21 47 11 22 48 10 51 23 29 9 50 15 27 53 
AQUIIII!!4 27 31 38 29 24 18 48 8 47 51 21 19 20 28 53 
AQUIIII!!53 31 38 8 27 4 28 48 18 24 29 47 20 51 19 21 
AQUIIII!!24 11 51 31 9 23 13 50 15 48 14 27 25 22 10 53 
AQUIIII!!20 22 21 31 24 48 9 28 27 47 19 15 51 29 11 53 
AQUIIII!!53 50 27 47 31 13 11 24 23 10 9 15 22 48 51 25 
AQUIIII!!13 50 27 22 47 31 9 15 23 48 24 11 10 25 51 53 
Number of Cuts in the second phase:314
Number of repeat: 312 
Violation: 200.000000
Violation: 596.000000
took 5.019858
Optimize a model with 643 rows, 906 columns and 10228 nonzeros
Coefficient statistics:
  Matrix range     [1e+00, 4e+01]
  Objective range  [0e+00, 0e+00]
  Bounds range     [1e+00, 4e+01]
  RHS range        [1e+00, 1e+02]
Presolve removed 365 rows and 107 columns
Presolve time: 0.00s
Presolved: 278 rows, 799 columns, 8633 nonzeros

Iteration    Objective       Primal Inf.    Dual Inf.      Time
       0    0.0000000e+00   4.614294e+01   0.000000e+00      0s
     106    0.0000000e+00   0.000000e+00   0.000000e+00      0s

Solved in 106 iterations and 0.01 seconds
Optimal objective  0.000000000e+00
