j3017_4.mm_s2.txt
Academic license - for non-commercial use only
Read LP format model from file lp/j3017_4.mm.lp
Reading time = 0.01 seconds
: 351 rows, 906 columns, 9053 nonzeros
OKGPU
nThreads: 1024 , nBlocks: 12 
Number cuts generated in the phase 1: 6
Number of repeat: 1 
violation 490.000000
violation 749.000000
violation 702.000000
violation 738.000000
violation 428.000000
8592 16
AQUIIII!!9 55 54 0 26 34 8 56 40 5 52 15 16 23 35 AQUIIII!!33 24 
54 53 55 8 31 5 18 17 21 23 19 22 44 27 56 
AQUIIII!!7 53 55 22 31 17 AQUIIII!!55 44 54 47 7 56 21 31 27 22 10 18 27 54 10 18 17 AQUIIII!!21 6 55 19 19 53 47 23 8 44 27 53 
22 23 54 
5 9 AQUIIII!!31 AQUIIII!!19 6 21 8 53 23 54 53 33 44 54 44 18 18 9 56 4 5 
29 34 22 33 7 16 10 26 27 15 23 17 55 21 56 19 40 35 52 
23 35 
AQUIIII!!53 55 24 54 44 31 8 18 5 21 19 23 27 17 22 56 
AQUIIII!!16 54 9 15 8 33 23 5 55 34 40 35 53 26 52 56 
AQUIIII!!16 23 56 33 35 54 34 5 15 53 8 40 AQUIIII!!26 23 55 56 9 32 9 52 5 
8 31 16 24 21 27 19 54 53 55 33 
AQUIIII!!8 33 23 5 56 9 35 AQUIIII!!26 44 AQUIIII!!16 19 5 40 18 15 15 22 16 34 23 40 52 5 8 53 27 23 54 55 53 55 8 9 
31 52 33 33 21 26 56 34 53 55 AQUIIII!!54 AQUIIII!!56 53 AQUIIII!!9 33 35 33 
52 54 16 56 26 
40 15 15 9 23 8 52 5 9 56 40 35 34 16 40 23 16 54 26 34 33 15 26 AQUIIII!!23 5 55 44 35 5 9 10 AQUIIII!!54 52 21 34 52 54 55 54 33 53 
27 53 56 8 22 8 53 17 5 56 
21 47 35 19 23 55 27 6 16 
23 32 18 26 31 AQUIIII!!8 55 16 40 7 54 9 53 9 32 
55 AQUIIII!!21 
33 21 54 40 5 5 56 23 23 56 27 33 31 27 19 16 24 8 AQUIIII!!8 32 52 53 9 33 55 AQUIIII!!52 
23 54 26 5 23 55 33 35 54 21 56 AQUIIII!!53 8 8 19 
5 17 16 26 55 34 40 27 40 27 18 26 AQUIIII!!52 21 15 47 56 10 44 55 32 AQUIIII!!21 47 54 16 17 44 17 9 53 23 56 55 56 53 54 9 27 
22 18 
22 31 27 23 23 44 18 7 31 10 53 56 19 54 47 31 
22 55 19 7 21 53 10 54 55 
53 7 
AQUIIII!!54 55 53 34 15 16 26 56 40 23 33 35 52 8 9 5 
AQUIIII!!54 9 55 8 23 33 31 21 44 56 53 27 18 19 5 22 
AQUIIII!!53 55 8 33 54 21 16 9 52 23 32 56 26 27 5 40 
AQUIIII!!53 6 54 18 47 7 19 23 44 27 AQUIIII!!21 54 17 8 55 55 31 33 10 24 22 53 
16 9 5 32 31 23 19 27 56 21 
AQUIIII!!33 32 27 56 5 21 23 16 19 8 9 24 54 55 53 31 
AQUIIII!!18 21 22 19 47 6 27 44 23 55 10 17 31 7 53 54 
AQUIIII!!47 18 6 10 27 44 53 31 23 21 17 19 22 55 7 54 AQUIIII!!
26 40 23 21 33 16 52 AQUIIII!!9 31 8 21 5 23 56 32 32 8 53 27 27 5 55 56 54 24 
AQUIIII!!16 5 19 8 54 40 33 AQUIIII!!16 55 22 56 53 47 35 9 7 34 27 
9 19 33 44 15 23 AQUIIII!!52 17 5 23 21 9 55 54 22 26 10 21 54 18 23 53 19 31 
8 53 AQUIIII!!54 55 27 9 55 6 56 53 5 
31 21 23 33 19 8 18 33 24 44 32 56 54 16 27 55 31 
53 
AQUIIII!!5 23 9 19 21 27 18 44 31 56 55 33 22 53 54 8 
AQUIIII!!AQUIIII!!33 16 5 56 19 40 56 26 31 34 21 35 27 0 9 33 23 23 18 5 22 52 8 15 44 9 55 8 53 54 54 55 

AQUIIII!!5 32 16 52 8 56 AQUIIII!!33 21 27 9 21 24 26 31 9 32 23 56 53 19 54 40 16 55 5 
8 33 23 53 27 55 54 
AQUIIII!!18 24 31 22 44 23 21 5 17 56 27 54 19 53 8 55 
AQUIIII!!55 54 8 53 18 31 17 44 22 27 19 21 5 56 24 23 
AQUIIII!!8 54 55 AQUIIII!!33 54 23 53 5 9 18 23 27 40 44 16 19 9 5 27 56 AQUIIII!!22 8 32 52 31 5 21 56 AQUIIII!!54 33 53 8 55 
55 8 55 26 54 40 52 27 16 21 26 23 
23 26 9 5 32 40 53 15 56 56 21 53 33 33 16 52 
35 34 9 
AQUIIII!!54 27 53 55 44 22 10 24 21 56 19 17 18 23 31 5 
AQUIIII!!5 34 53 33 35 15 52 40 56 9 26 16 23 8 55 54 
AQUIIII!!5 34 53 33 35 15 52 40 56 9 26 AQUIIII!!16 9 55 23 53 8 56 52 55 34 54 54 5 
26 15 35 8 40 16 23 33 
AQUIIII!!55 54 8 53 18 31 17 44 22 27 19 21 5 56 24 23 
AQUIIII!!54 9 53 23 8 44 22 AQUIIII!!55 54 21 9 31 55 27 22 19 21 5 44 56 19 33 27 18 
56 5 53 8 31 18 23 33 
AQUIIII!!53 55 8 22 21 18 27 31 23 19 44 17 54 56 5 24 
AQUIIII!!54 34 53 55 35 33 16 23 9 26 5 40 8 56 15 52 
AQUIIII!!54 52 8 9 53 23 40 26 16 5 21 32 55 33 27 56 
AQUIIII!!8 21 26 5 9 23 27 33 40 16 52 56 32 55 54 53 
AQUIIII!!22 31 19 17 AQUIIII!!27 55 53 10 31 21 54 18 18 19 56 47 10 23 27 44 17 6 54 23 24 21 44 55 7 53 22 
5 AQUIIII!!
54 9 55 53 5 21 23 19 8 33 24 32 56 16 27 31 
AQUIIII!!9 33 35 40 55 26 8 23 16 56 34 5 15 52 53 54 
AQUIIII!!21 32 54 9 23 56 8 27 16 55 26 5 53 40 33 52 
AQUIIII!!55 8 53 35 34 23 52 33 26 15 5 16 40 54 9 56 
AQUIIII!!53 6 54 18 47 7 19 23 44 27 21 17 55 31 10 22 
AQUIIII!!54 9 55 40 33 8 56 21 52 5 23 53 27 32 16 26 
AQUIIII!!54 52 53 56 55 40 21 8 23 16 27 5 9 26 33 32 
AQUIIII!!56 54 55 53 21 23 44 17 27 18 19 5 22 24 31 8 
AQUIIII!!33 27 9 16 32 5 56 21 23 26 52 8 53 40 55 54 
AQUIIII!!9 55 54 0 26 34 8 56 40 5 52 15 16 23 35 33 
AQUIIII!!53 55 35 56 23 5 16 AQUIIII!!40 53 54 55 34 54 33 23 8 19 9 7 15 6 26 27 18 52 10 
31 47 22 44 17 21 
AQUIIII!!53 55 8 33 54 21 16 9 52 23 32 56 26 27 5 40 
AQUIIII!!54 9 55 16 24 8 53 5 56 31 19 27 21 32 23 33 
AQUIIII!!6 7 54 53 29 19 4 21 22 18 35 44 17 27 10 23 
AQUIIII!!55 26 33 56 16 5 8 15 34 40 23 35 9 AQUIIII!!54 53 55 54 53 52 33 24 
32 27 19 9 23 5 31 21 16 8 56 
AQUIIII!!54 9 53 23 8 44 22 55 21 31 27 19 5 56 33 18 
AQUIIII!!52 54 53 26 23 15 9 16 8 40 33 35 56 5 34 55 
AQUIIII!!24 54 5 55 53 56 19 10 23 21 27 18 31 AQUIIII!!17 55 22 53 44 52 
40 27 26 23 8 54 9 5 33 16 56 21 32 
AQUIIII!!53 55 54 9 24 5 33 16 32 27 19 23 56 8 31 21 
AQUIIII!!53 55 8 32 21 16 56 24 9 31 19 54 33 27 23 5 
AQUIIII!!54 55 53 16 32 31 24 19 33 56 5 8 21 23 9 27 
AQUIIII!!53 55 54 9 24 5 33 16 32 27 19 23 56 8 31 21 
AQUIIII!!17 10 35 44 19 7 18 27 22 23 29 21 4 6 53 54 
AQUIIII!!54 8 55 21 33 23 56 53 9 31 44 19 27 5 22 18 
AQUIIII!!9 53 55 52 32 5 8 27 54 56 21 26 33 40 23 16 
AQUIIII!!54 9 55 8 23 33 31 21 44 56 53 27 18 19 5 22 
AQUIIII!!54 7 55 44 31 10 53 23 17 47 22 21 6 27 19 18 
AQUIIII!!55 5 53 52 40 26 35 23 9 16 8 15 34 54 33 56 
AQUIIII!!53 8 55 44 22 31 5 19 9 56 18 33 21 54 23 27 
AQUIIII!!7 53 54 23 29 21 17 6 4 44 10 35 27 19 18 22 
AQUIIII!!54 33 53 55 23 26 32 40 27 8 52 16 21 9 56 5 
Number of Cuts in the second phase:4075
Number of repeat: 3741 
Violation: 277.000000
Violation: 496.000000
Violation: 498.000000
Violation: 113.000000
Violation: 257.000000
Violation: 234.000000
Violation: 443.000000
Violation: 311.000000
Violation: 496.000000
Violation: 234.000000
Violation: 498.000000
Violation: 1035.000000
Violation: 190.000000
Violation: 257.000000
Violation: 771.000000
Violation: 69.000000
Violation: 514.000000
Violation: 404.000000
Violation: 594.000000
Violation: 253.000000
Violation: 625.000000
Violation: 559.000000
Violation: 136.000000
Violation: 363.000000
Violation: 476.000000
Violation: 512.000000
Violation: 625.000000
Violation: 496.000000
Violation: 47.000000
Violation: 617.000000
Violation: 710.000000
Violation: 179.000000
Violation: 296.000000
Violation: 691.000000
Violation: 1139.000000
Violation: 156.000000
Violation: 113.000000
Violation: 669.000000
Violation: 194.000000
Violation: 311.000000
Violation: 296.000000
Violation: 611.000000
Violation: 804.000000
Violation: 300.000000
Violation: 620.000000
Violation: 746.000000
Violation: 859.000000
Violation: 1137.000000
Violation: 35.000000
Violation: 514.000000
Violation: 496.000000
Violation: 451.000000
Violation: 1106.000000
Violation: 387.000000
Violation: 261.000000
Violation: 396.000000
Violation: 517.000000
Violation: 1029.000000
Violation: 558.000000
Violation: 512.000000
Violation: 1121.000000
Violation: 669.000000
Violation: 363.000000
Violation: 504.000000
Violation: 718.000000
Violation: 731.000000
Violation: 311.000000
Violation: 630.000000
Violation: 504.000000
Violation: 489.000000
Violation: 125.000000
Violation: 121.000000
Violation: 738.000000
Violation: 514.000000
Violation: 869.000000
Violation: 318.000000
Violation: 691.000000
Violation: 809.000000
Violation: 625.000000
Violation: 1371.000000
Violation: 179.000000
Violation: 733.000000
Violation: 214.000000
Violation: 85.000000
Violation: 247.000000
Violation: 292.000000
Violation: 171.000000
Violation: 1010.000000
Violation: 375.000000
Violation: 662.000000
Violation: 358.000000
Violation: 804.000000
Violation: 257.000000
Violation: 171.000000
Violation: 599.000000
Violation: 554.000000
Violation: 693.000000
Violation: 432.000000
Violation: 153.000000
Violation: 617.000000
Violation: 139.000000
Violation: 113.000000
Violation: 540.000000
Violation: 85.000000
Violation: 726.000000
Violation: 1234.000000
Violation: 599.000000
Violation: 635.000000
Violation: 1057.000000
Violation: 1219.000000
Violation: 584.000000
Violation: 418.000000
Violation: 880.000000
Violation: 672.000000
Violation: 498.000000
Violation: 796.000000
Violation: 205.000000
Violation: 1137.000000
Violation: 113.000000
Violation: 609.000000
Violation: 994.000000
Violation: 426.000000
Violation: 60.000000
Violation: 311.000000
Violation: 669.000000
Violation: 754.000000
Violation: 972.000000
Violation: 946.000000
Violation: 277.000000
Violation: 292.000000
Violation: 315.000000
Violation: 526.000000
Violation: 793.000000
Violation: 450.000000
Violation: 617.000000
Violation: 1165.000000
Violation: 9.000000
Violation: 683.000000
Violation: 625.000000
Violation: 543.000000
Violation: 347.000000
Violation: 527.000000
Violation: 207.000000
Violation: 818.000000
Violation: 60.000000
Violation: 347.000000
Violation: 146.000000
Violation: 870.000000
Violation: 121.000000
Violation: 620.000000
Violation: 650.000000
Violation: 327.000000
Violation: 125.000000
Violation: 309.000000
Violation: 1060.000000
Violation: 782.000000
Violation: 759.000000
Violation: 247.000000
Violation: 872.000000
Violation: 139.000000
Violation: 808.000000
Violation: 88.000000
Violation: 944.000000
Violation: 399.000000
Violation: 231.000000
Violation: 26.000000
Violation: 965.000000
Violation: 805.000000
Violation: 27.000000
Violation: 10.000000
Violation: 661.000000
Violation: 44.000000
Violation: 881.000000
Violation: 324.000000
Violation: 438.000000
Violation: 717.000000
Violation: 633.000000
Violation: 1171.000000
Violation: 369.000000
Violation: 675.000000
Violation: 1316.000000
Violation: 435.000000
Violation: 746.000000
Violation: 627.000000
Violation: 311.000000
Violation: 270.000000
Violation: 471.000000
Violation: 490.000000
Violation: 631.000000
Violation: 1247.000000
Violation: 106.000000
Violation: 318.000000
Violation: 534.000000
Violation: 539.000000
Violation: 566.000000
Violation: 902.000000
Violation: 106.000000
Violation: 908.000000
Violation: 247.000000
Violation: 490.000000
Violation: 537.000000
Violation: 771.000000
Violation: 632.000000
Violation: 403.000000
Violation: 219.000000
Violation: 1121.000000
Violation: 1371.000000
Violation: 224.000000
Violation: 1008.000000
Violation: 432.000000
Violation: 617.000000
Violation: 513.000000
Violation: 179.000000
Violation: 581.000000
Violation: 744.000000
Violation: 1121.000000
Violation: 342.000000
Violation: 581.000000
Violation: 199.000000
Violation: 539.000000
Violation: 252.000000
Violation: 179.000000
Violation: 8.000000
Violation: 687.000000
Violation: 966.000000
Violation: 247.000000
Violation: 6.000000
Violation: 294.000000
Violation: 344.000000
Violation: 993.000000
Violation: 179.000000
Violation: 497.000000
Violation: 300.000000
Violation: 1484.000000
Violation: 814.000000
Violation: 746.000000
Violation: 908.000000
Violation: 393.000000
Violation: 581.000000
Violation: 733.000000
Violation: 972.000000
Violation: 363.000000
Violation: 198.000000
Violation: 426.000000
Violation: 677.000000
Violation: 479.000000
Violation: 1173.000000
Violation: 635.000000
Violation: 983.000000
Violation: 164.000000
Violation: 647.000000
Violation: 854.000000
Violation: 692.000000
Violation: 136.000000
Violation: 244.000000
Violation: 936.000000
Violation: 1010.000000
Violation: 1242.000000
Violation: 10.000000
Violation: 28.000000
Violation: 496.000000
Violation: 996.000000
Violation: 83.000000
Violation: 392.000000
Violation: 792.000000
Violation: 189.000000
Violation: 171.000000
Violation: 266.000000
Violation: 983.000000
Violation: 804.000000
Violation: 549.000000
Violation: 318.000000
Violation: 735.000000
Violation: 830.000000
Violation: 414.000000
Violation: 332.000000
Violation: 730.000000
Violation: 922.000000
Violation: 594.000000
Violation: 179.000000
Violation: 479.000000
Violation: 993.000000
Violation: 171.000000
Violation: 23.000000
Violation: 106.000000
Violation: 743.000000
Violation: 1052.000000
Violation: 1123.000000
Violation: 514.000000
Violation: 660.000000
Violation: 506.000000
Violation: 83.000000
Violation: 1052.000000
Violation: 139.000000
Violation: 470.000000
Violation: 1087.000000
Violation: 77.000000
Violation: 353.000000
Violation: 635.000000
Violation: 988.000000
Violation: 257.000000
Violation: 85.000000
Violation: 710.000000
Violation: 497.000000
Violation: 366.000000
Violation: 1294.000000
Violation: 628.000000
Violation: 506.000000
Violation: 373.000000
Violation: 652.000000
Violation: 324.000000
Violation: 556.000000
Violation: 258.000000
Violation: 975.000000
Violation: 512.000000
Violation: 490.000000
Violation: 737.000000
Violation: 1393.000000
Violation: 68.000000
Violation: 803.000000
Violation: 627.000000
Violation: 322.000000
Violation: 1106.000000
Violation: 679.000000
Violation: 517.000000
Violation: 880.000000
Violation: 363.000000
Violation: 121.000000
Violation: 660.000000
Violation: 1184.000000
Violation: 277.000000
Violation: 344.000000
Violation: 1055.000000
Violation: 730.000000
5400 16
AQUIIII!!53 54 6 18 23 44 55 17 21 10 22 7 27 47 19 31 
AQUIIII!!55 9 53 54 26 52 8 16 23 33 56 32 40 5 27 21 
AQUIIII!!15 9 34 26 23 16 33 8 5 40 35 52 53 55 56 54 
AQUIIII!!5 27 16 54 9 AQUIIII!!AQUIIII!!32 33 22 23 52 47 21 5 17 26 26 18 8 40 15 23 56 23 6 33 8 7 52 35 31 55 40 21 53 56 19 
9 27 16 10 53 44 54 53 55 54 34 55 

AQUIIII!!15 5 33 34 26 40 23 52 53 9 56 16 35 54 8 55 
AQUIIII!!16 56 33 53 15 23 8 40 26 34 35 5 52 9 55 54 
AQUIIII!!54 7 55 31 47 6 44 17 53 23 10 19 21 22 18 27 
AQUIIII!!33 16 56 54 32 23 21 5 27 55 52 8 53 9 26 40 
AQUIIII!!56 54 16 32 33 27 23 53 21 8 40 52 5 26 9 55 
AQUIIII!!31 23 10 44 56 18 19 17 21 27 47 7 22 53 54 55 
AQUIIII!!18 19 22 31 56 44 21 9 33 23 5 27 53 54 55 8 
AQUIIII!!54 27 22 56 24 19 5 18 23 31 21 44 17 8 53 55 
AQUIIII!!54 26 55 53 5 16 40 9 8 33 21 32 23 52 27 56 
AQUIIII!!52 9 54 55 5 23 16 26 33 40 8 53 15 56 35 34 
AQUIIII!!17 6 47 27 44 31 23 54 10 22 21 19 18 53 55 7 
AQUIIII!!40 15 35 26 34 AQUIIII!!8 16 9 23 23 21 16 27 33 19 56 31 55 9 52 33 54 53 56 5 32 
54 8 55 5 24 53 
AQUIIII!!9 AQUIIII!!5 56 40 16 15 35 35 26 52 34 33 8 15 53 9 23 23 16 34 54 33 55 56 55 40 52 26 54 8 53 
5 
AQUIIII!!40 15 35 26 34 8 9 23 16 33 56 55 52 54 53 AQUIIII!!5 22 
21 27 44 54 31 6 17 10 23 18 47 AQUIIII!!19 54 7 7 53 18 55 10 
22 17 27 44 31 21 23 19 47 53 55 6 AQUIIII!!
56 17 24 19 31 53 22 AQUIIII!!18 22 23 21 21 27 5 44 44 54 27 31 8 6 54 17 55 10 
23 18 47 19 7 53 55 
AQUIIII!!35 55 54 53 9 8 15 26 34 16 52 56 5 40 23 33 
AQUIIII!!53 55 9 AQUIIII!!52 54 26 53 54 55 23 16 8 15 5 5 27 35 23 56 31 16 33 33 19 40 32 34 9 
24 56 21 8 
AQUIIII!!22 23 8 5 33 56 9 31 19 44 18 21 27 53 55 54 
AQUIIII!!47 17 23 19 10 21 56 27 22 54 31 44 18 55 53 7 
AQUIIII!!19 17 56 18 31 8 21 27 23 22 24 44 53 54 5 55 
AQUIIII!!8 19 AQUIIII!!56 27 9 5 23 19 32 21 21 9 33 56 24 18 16 22 27 54 31 23 5 33 54 44 53 31 55 55 
53 8 
AQUIIII!!32 27 19 8 24 31 21 9 56 33 5 16 23 54 55 53 
AQUIIII!!54 8 53 27 55 17 22 31 19 5 23 44 24 56 18 21 
AQUIIII!!9 35 5 33 16 40 8 23 52 15 34 56 54 53 26 55 
AQUIIII!!35 54 56 53 5 34 26 16 40 8 55 23 15 9 52 33 
AQUIIII!!9 53 54 56 23 5 33 16 8 27 55 24 32 21 31 19 
AQUIIII!!31 54 55 53 19 18 27 56 17 47 23 10 21 7 44 22 
AQUIIII!!22 27 44 31 5 8 23 21 18 56 9 19 33 55 53 54 
AQUIIII!!33 19 9 44 23 8 31 18 21 56 22 5 53 54 27 55 
AQUIIII!!8 23 40 9 26 34 55 15 16 33 52 5 35 54 53 56 
AQUIIII!!54 9 56 35 8 55 53 40 52 15 26 5 34 16 23 33 
AQUIIII!!52 23 34 8 9 0 33 5 26 16 15 40 55 54 56 35 
AQUIIII!!54 55 26 8 40 56 0 34 5 33 35 15 23 9 52 16 
AQUIIII!!53 55 9 52 26 54 23 8 15 5 35 56 16 33 40 34 
AQUIIII!!34 15 8 55 56 16 26 35 23 5 9 33 40 53 54 52 
AQUIIII!!31 56 23 19 18 27 44 5 21 17 10 24 53 22 54 55 
AQUIIII!!55 31 54 53 16 33 23 32 56 27 8 21 5 24 9 19 
AQUIIII!!54 9 56 35 8 55 53 40 52 15 26 5 34 16 23 33 
AQUIIII!!53 7 54 29 22 6 27 10 4 23 44 21 18 17 35 19 
Number of Cuts in the second phase:2526
Number of repeat: 2428 
Violation: 491.000000
Violation: 349.000000
Violation: 295.000000
Violation: 206.000000
Violation: 105.000000
Violation: 655.000000
Violation: 277.000000
Violation: 651.000000
Violation: 670.000000
Violation: 256.000000
Violation: 993.000000
Violation: 146.000000
Violation: 140.000000
Violation: 840.000000
Violation: 620.000000
Violation: 49.000000
Violation: 49.000000
Violation: 236.000000
Violation: 307.000000
Violation: 210.000000
Violation: 346.000000
Violation: 470.000000
Violation: 604.000000
Violation: 859.000000
Violation: 748.000000
Violation: 636.000000
Violation: 921.000000
Violation: 635.000000
Violation: 458.000000
Violation: 867.000000
Violation: 667.000000
Violation: 1026.000000
Violation: 6.000000
Violation: 650.000000
Violation: 125.000000
Violation: 342.000000
Violation: 476.000000
Violation: 168.000000
Violation: 1806.000000
Violation: 303.000000
Violation: 146.000000
Violation: 1830.000000
Violation: 219.000000
Violation: 830.000000
Violation: 736.000000
Violation: 453.000000
Violation: 171.000000
Violation: 545.000000
Violation: 1131.000000
Violation: 1399.000000
Violation: 366.000000
Violation: 171.000000
Violation: 872.000000
Violation: 837.000000
Violation: 1070.000000
Violation: 967.000000
Violation: 975.000000
Violation: 531.000000
Violation: 738.000000
Violation: 115.000000
Violation: 736.000000
Violation: 1384.000000
Violation: 121.000000
Violation: 613.000000
Violation: 993.000000
Violation: 404.000000
Violation: 128.000000
Violation: 412.000000
Violation: 245.000000
Violation: 571.000000
Violation: 163.000000
Violation: 1219.000000
Violation: 1121.000000
Violation: 946.000000
Violation: 665.000000
Violation: 34.000000
Violation: 2.000000
Violation: 718.000000
Violation: 205.000000
Violation: 440.000000
Violation: 221.000000
Violation: 605.000000
Violation: 118.000000
Violation: 489.000000
Violation: 620.000000
Violation: 617.000000
Violation: 455.000000
Violation: 1146.000000
Violation: 796.000000
Violation: 230.000000
Violation: 1008.000000
Violation: 691.000000
Violation: 609.000000
Violation: 248.000000
Violation: 521.000000
Violation: 219.000000
Violation: 485.000000
Violation: 101.000000
took 4.066336
Optimize a model with 801 rows, 906 columns and 11947 nonzeros
Coefficient statistics:
  Matrix range     [1e+00, 4e+01]
  Objective range  [0e+00, 0e+00]
  Bounds range     [1e+00, 4e+01]
  RHS range        [1e+00, 1e+02]
Presolve removed 552 rows and 110 columns
Presolve time: 0.00s
Presolved: 249 rows, 796 columns, 8479 nonzeros

Iteration    Objective       Primal Inf.    Dual Inf.      Time
       0    0.0000000e+00   4.408044e+01   0.000000e+00      0s
     117    0.0000000e+00   0.000000e+00   0.000000e+00      0s

Solved in 117 iterations and 0.01 seconds
Optimal objective  0.000000000e+00
