j3017_4.mm_s0.txt
Academic license - for non-commercial use only
Read LP format model from file lp/j3017_4.mm.lp
Reading time = 0.01 seconds
: 351 rows, 906 columns, 9053 nonzeros
OKGPU
nThreads: 1024 , nBlocks: 12 
Number cuts generated in the phase 1: 13
Number of repeat: 0 
violation 714.000000
violation 695.000000
violation 185.000000
violation 585.000000
violation 236.000000
violation 674.000000
violation 674.000000
violation 782.000000
violation 423.000000
violation 27.000000
violation 198.000000
violation 402.000000
violation 750.000000
8592 16
5 3 3 5 49 48 49 33 43 6 48 9 48 54 17 8 33 48 33 31 7 
23 10 26 48 23 8 23 51 51 4 54 51 9 9 16 51 43 AQUIIII!!54 7 49 37 51 17 7 29 
5 26 17 49 36 3 36 31 23 37 18 18 10 17 36 34 10 34 6 26 16 AQUIIII!!54 54 20 
49 
43 51 
19 54 6 36 33 51 29 3 3 3 36 43 36 5 8 16 
9 51 17 37 31 33 
23 23 33 48 7 49 54 26 AQUIIII!!6 
17 43 51 31 23 10 16 
48 AQUIIII!!3 54 36 36 5 16 10 48 49 7 9 51 43 3 26 43 31 17 33 34 54 26 
8 49 6 31 23 
AQUIIII!!59 AQUIIII!!21 51 13 54 25 16 37 31 14 AQUIIII!!48 56 54 3 55 49 49 15 AQUIIII!!48 43 1 49 23 6 54 47 51 7 51 2 16 10 3 27 17 23 36 38 36 16 33 33 10 17 26 34 26 33 36 
43 23 17 48 33 
7 3 26 5 6 9 43 31 31 
10 
AQUIIII!!48 54 23 31 33 36 26 6 16 3 9 10 43 49 17 51 
AQUIIII!!54 49 48 23 51 16 17 36 10 26 43 33 3 5 9 31 
AQUIIII!!48 AQUIIII!!54 8 37 6 7 3 29 19 49 7 33 18 20 34 34 23 19 33 51 36 18 51 36 29 8 49 3 31 23 54 6 

AQUIIII!!36 7 31 23 26 43 6 16 17 34 49 51 54 48 8 3 
AQUIIII!!43 23 AQUIIII!!54 19 26 36 51 18 AQUIIII!!36 50 44 17 58 50 5 41 57 9 23 11 10 7 34 31 44 19 33 34 22 16 22 8 48 8 18 49 57 36 3 20 58 
53 41 52 38 
52 20 53 
AQUIIII!!6 33 3 49 48 23 AQUIIII!!31 36 17 43 10 3 9 26 43 48 26 51 17 AQUIIII!!16 16 49 36 49 36 54 3 51 
10 9 26 AQUIIII!!23 16 10 18 5 31 23 48 5 20 9 33 22 33 54 17 34 
23 44 51 8 43 36 31 19 54 
6 AQUIIII!!7 8 41 20 52 50 36 AQUIIII!!54 7 34 23 3 44 48 51 3 43 6 
22 26 18 23 19 34 17 50 8 41 54 16 AQUIIII!!
36 54 17 31 AQUIIII!!36 10 6 44 26 7 19 43 23 51 23 49 3 34 3 51 54 6 6 31 49 36 48 
52 16 33 22 7 
8 20 50 7 18 3 41 54 
AQUIIII!!3 26 48 43 16 36 49 17 9 AQUIIII!!33 6 23 51 7 10 29 AQUIIII!!23 18 44 31 19 23 AQUIIII!!54 3 50 41 
36 18 50 37 8 18 51 34 8 20 20 20 34 36 6 6 41 34 8 19 23 33 22 7 54 58 44 49 57 22 
53 36 AQUIIII!!52 19 7 AQUIIII!!7 52 49 23 54 54 
43 41 17 3 23 22 33 
20 16 AQUIIII!!51 34 5 20 36 50 26 34 3 19 AQUIIII!!36 AQUIIII!!48 31 18 9 38 57 9 AQUIIII!!10 44 3 11 AQUIIII!!41 
44 6 36 31 22 20 23 3 33 AQUIIII!!16 41 44 AQUIIII!!50 8 49 10 51 44 58 27 18 36 43 48 51 58 18 5 8 51 23 3 48 50 36 34 34 54 6 49 36 19 38 2 20 
10 7 23 AQUIIII!!18 34 47 36 16 17 6 22 57 50 33 26 41 8 7 50 52 19 AQUIIII!!55 17 19 23 17 7 8 8 11 31 AQUIIII!!4 16 33 22 44 26 53 51 22 43 49 1 54 3 19 29 58 
3 52 16 48 56 51 26 36 6 57 8 
10 31 15 31 43 23 53 53 23 9 AQUIIII!!37 41 6 49 52 
36 54 48 38 34 7 54 7 9 34 6 AQUIIII!!25 33 3 18 

26 26 51 51 37 54 21 10 18 49 43 26 43 
59 34 5 AQUIIII!!17 AQUIIII!!31 20 17 16 
57 23 36 8 19 10 33 54 6 17 41 6 AQUIIII!!34 36 
9 48 20 54 51 23 16 8 31 4 44 48 10 AQUIIII!!20 AQUIIII!!49 49 3 59 36 58 
16 10 51 44 23 21 26 18 55 23 43 9 3 50 43 AQUIIII!!12 
36 37 7 16 17 54 3 7 33 38 26 51 
48 6 27 34 34 13 17 43 36 51 19 47 50 6 56 31 33 41 52 25 31 19 AQUIIII!!54 17 38 18 8 3 11 6 34 
33 23 22 48 1 31 22 48 15 51 44 7 51 14 52 49 49 23 
36 26 36 AQUIIII!!AQUIIII!!36 8 50 22 33 33 43 3 9 53 3 54 54 3 4 
23 36 5 

10 23 6 6 23 49 33 18 26 37 17 16 41 AQUIIII!!54 16 16 9 20 26 AQUIIII!!36 
37 10 54 43 48 54 5 
26 17 23 7 51 49 7 33 23 36 36 43 AQUIIII!!AQUIIII!!26 26 16 51 54 54 48 8 54 10 48 
17 20 5 49 49 33 10 49 17 50 48 43 49 9 10 8 17 31 54 51 51 4 34 7 
4 54 43 6 48 3 
3 51 36 23 23 16 37 6 23 6 3 19 54 36 7 34 
43 31 52 17 36 18 
16 44 AQUIIII!!AQUIIII!!26 41 1 54 49 22 33 8 48 36 48 7 17 AQUIIII!!

43 50 54 2 23 9 33 19 23 16 18 16 9 AQUIIII!!5 36 44 26 43 54 51 37 31 51 3 23 31 3 AQUIIII!!6 27 33 48 41 4 22 33 23 8 10 20 43 17 
6 41 3 48 23 34 26 5 19 36 49 51 22 
6 36 50 AQUIIII!!10 17 20 59 
9 7 49 21 34 10 56 18 16 25 3 26 37 44 
AQUIIII!!4 36 54 54 33 9 52 1 37 
27 33 AQUIIII!!14 49 21 34 16 59 55 48 38 AQUIIII!!2 4 34 15 59 51 15 38 21 23 56 47 15 36 33 
47 26 55 37 43 25 1 17 1 56 10 27 5 5 13 27 
2 2 37 38 47 4 14 34 
33 AQUIIII!!54 55 49 25 17 
10 51 43 AQUIIII!!3 54 23 18 6 33 7 7 31 34 36 8 16 19 26 36 33 3 48 29 
51 23 49 6 48 31 
AQUIIII!!8 53 52 58 50 36 34 22 57 38 18 44 11 20 19 41 
AQUIIII!!19 57 58 22 8 34 23 20 18 50 36 44 41 53 7 52 
AQUIIII!!19 57 58 22 8 34 23 20 18 50 36 44 41 53 7 52 
AQUIIII!!26 3 17 43 6 16 49 7 8 36 48 23 34 31 54 51 
AQUIIII!!10 23 48 36 51 49 9 31 16 3 17 43 33 26 6 54 
AQUIIII!!7 6 20 22 18 3 23 34 44 19 50 36 8 41 54 51 
AQUIIII!!50 7 8 19 44 36 23 6 3 34 AQUIIII!!41 17 18 23 52 6 22 3 20 48 54 26 
7 51 AQUIIII!!16 20 36 19 49 33 11 10 44 31 36 43 57 AQUIIII!!54 18 3 
58 18 41 33 38 19 34 23 22 36 50 6 52 31 8 8 53 29 
49 7 34 51 54 48 
AQUIIII!!6 37 33 3 8 49 18 AQUIIII!!36 52 29 57 20 19 18 AQUIIII!!53 34 34 43 23 23 50 33 7 7 48 44 22 20 31 19 51 8 49 58 54 41 10 36 

3 36 AQUIIII!!26 1 AQUIIII!!6 38 51 9 34 49 17 15 26 2 23 36 5 16 33 54 55 10 51 56 3 27 
AQUIIII!!17 25 AQUIIII!!48 48 47 37 23 49 33 5 31 51 37 26 16 8 4 7 43 18 59 43 33 29 49 6 21 4 31 54 
51 
23 23 36 36 7 9 10 17 17 3 AQUIIII!!48 6 16 49 34 54 48 26 
6 54 51 
16 23 31 36 AQUIIII!!10 31 9 23 17 34 26 7 33 33 43 51 3 AQUIIII!!29 54 
54 48 8 31 19 3 36 10 49 3 43 AQUIIII!!48 48 18 1 6 49 49 54 33 16 
23 23 6 26 43 17 27 36 9 16 AQUIIII!!2 51 54 10 9 43 4 26 17 36 
5 37 33 49 37 26 
17 9 10 23 5 51 33 16 4 48 
AQUIIII!!22 41 52 8 53 20 18 23 34 7 19 6 36 50 57 44 
AQUIIII!!23 7 26 36 31 10 AQUIIII!!16 48 49 3 43 54 6 17 23 33 43 54 36 51 51 48 3 26 
17 16 9 31 5 10 49 33 
AQUIIII!!13 12 15 45 33 0 34 56 55 25 37 38 47 14 21 59 
AQUIIII!!31 6 8 7 43 51 AQUIIII!!17 8 26 34 34 48 16 29 54 33 36 23 23 7 49 36 3 3 48 18 
51 31 6 49 AQUIIII!!19 10 54 17 
49 AQUIIII!!3 31 23 6 7 8 6 7 36 43 16 51 51 17 33 26 31 34 26 16 48 54 43 36 54 23 
49 3 48 
AQUIIII!!23 43 17 49 3 6 7 31 10 26 16 AQUIIII!!51 50 36 52 33 8 54 22 48 6 
36 18 3 20 19 7 23 44 41 AQUIIII!!34 33 54 AQUIIII!!49 
33 51 10 48 48 49 26 17 36 23 17 9 16 36 43 43 6 16 3 51 23 10 7 4 31 5 54 
37 26 54 
AQUIIII!!6 34 16 17 8 7 36 43 3 51 48 26 23 31 54 49 
AQUIIII!!52 53 7 23 41 36 18 57 8 50 19 AQUIIII!!20 34 36 44 33 6 22 10 
9 37 23 48 51 43 17 5 49 26 4 16 54 
AQUIIII!!48 29 33 6 34 51 19 18 31 AQUIIII!!54 8 23 7 3 34 7 20 36 3 49 22 54 19 
8 41 36 50 6 51 18 44 23 
AQUIIII!!6 3 7 49 54 48 10 51 33 23 36 17 43 26 31 16 
AQUIIII!!7 3 29 6 8 18 33 19 36 34 48 23 49 31 51 AQUIIII!!54 3 
17 26 8 7 6 36 43 31 49 48 51 16 34 23 54 
AQUIIII!!53 AQUIIII!!52 54 20 23 7 36 3 18 22 26 41 17 6 44 31 19 23 34 8 36 7 50 33 3 10 
51 48 49 6 43 16 
AQUIIII!!AQUIIII!!AQUIIII!!23 54 54 49 34 16 8 18 3 29 3 37 51 48 36 23 23 36 3 7 26 33 49 51 20 31 6 34 17 36 18 7 43 51 8 17 7 49 34 6 29 19 6 31 54 AQUIIII!!8 

54 26 7 48 29 
36 23 51 19 34 49 31 6 33 8 48 18 3 
AQUIIII!!17 51 31 6 49 36 33 48 43 10 23 26 16 3 9 54 
AQUIIII!!51 26 48 4 33 5 23 16 9 10 17 43 37 36 49 54 
AQUIIII!!19 51 23 49 48 31 36 6 8 33 34 3 18 29 7 54 
AQUIIII!!1 49 48 17 43 2 33 16 9 5 26 37 23 27 4 10 
AQUIIII!!54 51 44 23 3 34 50 20 36 18 41 19 6 8 22 7 
AQUIIII!!36 8 34 AQUIIII!!26 54 49 3 33 23 43 16 49 6 51 17 48 48 3 43 AQUIIII!!16 7 6 10 31 48 7 51 7 31 54 18 
17 36 23 51 6 49 36 34 26 23 
3 19 29 31 33 8 54 AQUIIII!!
54 33 49 17 6 23 51 7 43 26 3 36 16 10 48 31 
AQUIIII!!51 31 36 5 33 49 26 17 3 16 9 10 23 43 48 54 
AQUIIII!!54 3 23 33 7 48 34 31 6 51 19 29 36 49 18 8 
AQUIIII!!54 36 51 31 8 34 26 49 7 6 23 16 17 3 48 43 
AQUIIII!!3 54 9 51 48 23 17 16 31 49 33 6 26 10 36 43 
AQUIIII!!23 5 49 51 26 43 31 36 33 17 48 10 3 9 16 54 
AQUIIII!!36 6 26 7 8 16 3 23 49 34 17 31 48 51 AQUIIII!!43 54 54 AQUIIII!!16 AQUIIII!!54 
17 19 31 36 18 26 36 48 3 8 10 7 20 AQUIIII!!6 43 50 48 33 54 6 6 26 3 6 10 51 9 26 23 34 23 17 7 17 51 22 16 33 3 44 49 51 49 41 33 23 51 31 48 54 36 43 16 


43 36 23 49 10 9 3 31 
AQUIIII!!54 41 20 18 3 44 7 22 6 34 36 19 50 23 51 8 
AQUIIII!!58 20 53 34 AQUIIII!!57 58 36 20 33 52 50 44 0 57 38 0 32 38 11 33 52 50 12 11 19 22 44 19 
18 36 53 34 
AQUIIII!!20 53 52 7 44 58 57 18 36 19 22 8 41 23 50 34 
AQUIIII!!17 6 10 36 33 31 3 26 16 51 49 9 43 23 48 54 
AQUIIII!!31 10 33 16 AQUIIII!!17 9 54 6 43 49 36 48 26 43 6 23 23 36 9 17 49 26 48 3 AQUIIII!!3 31 50 51 10 44 
16 8 33 7 54 34 51 23 
51 36 18 22 20 AQUIIII!!41 6 44 3 23 19 19 41 6 52 54 36 22 
3 34 8 7 50 18 20 54 
AQUIIII!!8 43 AQUIIII!!26 36 34 9 17 49 36 5 16 17 49 10 6 AQUIIII!!51 4 54 31 37 34 7 18 3 16 48 23 23 7 48 51 54 26 33 
19 33 36 48 49 43 6 51 8 54 3 29 
23 31 
AQUIIII!!AQUIIII!!54 19 54 6 AQUIIII!!7 37 8 54 51 26 33 6 18 23 31 51 17 29 48 36 33 48 49 23 3 AQUIIII!!49 51 34 54 31 23 17 43 
49 29 23 5 6 49 48 26 7 7 16 18 8 36 36 3 10 34 51 8 9 19 34 4 29 33 48 
31 36 
18 3 
AQUIIII!!54 5 17 26 9 AQUIIII!!54 3 8 43 20 49 7 31 52 36 36 23 3 33 34 48 18 10 23 51 41 16 6 
50 22 44 19 
AQUIIII!!17 9 49 33 48 10 36 23 5 26 31 16 51 43 3 54 
AQUIIII!!26 51 17 5 3 10 16 23 49 AQUIIII!!48 54 9 18 33 3 31 8 43 17 36 7 54 49 
6 23 34 31 29 AQUIIII!!26 54 36 9 51 49 48 51 
43 17 10 36 3 33 26 6 31 23 48 16 
AQUIIII!!54 29 34 51 7 26 23 36 17 8 AQUIIII!!54 6 8 31 48 29 18 34 31 3 6 23 49 36 19 48 33 3 
49 7 18 51 
AQUIIII!!54 51 19 7 41 22 34 AQUIIII!!8 14 6 56 36 13 3 37 50 1 44 34 18 25 23 AQUIIII!!20 38 21 AQUIIII!!59 
47 34 51 14 38 48 15 27 9 1 33 25 43 56 55 13 36 2 27 10 33 15 3 2 55 33 37 21 47 31 
59 AQUIIII!!16 
49 54 26 5 6 26 9 23 43 17 48 54 23 
49 3 10 51 31 16 36 17 33 
AQUIIII!!54 51 19 7 41 22 34 8 6 36 3 50 44 18 23 20 
AQUIIII!!49 54 8 19 6 48 51 36 3 33 34 29 23 7 31 18 
AQUIIII!!54 36 7 6 26 51 18 3 17 48 8 31 49 23 34 29 
AQUIIII!!54 48 5 10 26 37 23 9 17 36 4 51 43 33 16 49 
AQUIIII!!54 48 5 10 26 37 23 9 17 36 4 51 43 33 16 49 
AQUIIII!!54 8 49 6 37 34 51 7 36 29 20 33 19 18 3 23 
AQUIIII!!36 33 37 7 20 29 49 6 3 34 8 AQUIIII!!52 23 53 7 51 23 41 18 36 19 18 57 54 8 50 
19 20 34 44 6 22 
AQUIIII!!48 54 26 37 23 43 16 5 4 9 49 36 17 51 10 33 
AQUIIII!!49 54 26 10 43 51 23 36 17 AQUIIII!!9 54 33 4 48 51 5 37 4 10 16 5 37 48 43 
49 9 17 16 36 26 33 23 
AQUIIII!!22 34 23 8 41 6 36 20 3 51 7 50 44 19 18 54 
AQUIIII!!35 33 4 55 47 2 56 23 5 37 27 34 1 59 21 9 
AQUIIII!!8 3 51 7 48 36 18 29 33 19 23 34 6 31 54 49 
AQUIIII!!54 8 6 22 41 19 7 51 3 44 AQUIIII!!36 54 23 8 50 6 18 3 34 19 20 51 
23 41 44 7 50 18 34 20 36 22 
AQUIIII!!54 26 18 48 7 8 51 6 34 23 3 29 17 36 31 49 
AQUIIII!!3 49 48 6 34 31 36 54 17 43 51 23 26 16 7 8 
AQUIIII!!21 59 1 15 37 47 5 56 33 38 27 34 2 4 55 25 
AQUIIII!!54 49 23 36 7 51 3 18 34 8 6 19 20 37 33 29 
AQUIIII!!58 20 AQUIIII!!53 54 50 51 22 16 0 8 38 49 33 34 34 26 57 7 32 6 52 23 36 36 13 31 12 48 11 17 
3 43 
AQUIIII!!54 49 23 36 7 51 3 18 34 8 6 19 20 37 33 29 AQUIIII!!
53 7 52 19 18 36 22 44 23 20 34 6 3 41 50 8 
AQUIIII!!54 51 16 8 49 34 26 7 6 23 36 31 48 17 3 43 
AQUIIII!!AQUIIII!!54 21 23 59 8 37 26 AQUIIII!!15 49 7 55 17 17 1 16 43 14 51 7 27 23 51 33 47 16 36 25 36 10 13 48 6 56 31 3 38 54 34 34 3 31 33 49 AQUIIII!!6 12 43 54 

26 6 48 19 
20 37 29 34 23 3 8 33 18 51 49 36 7 AQUIIII!!
54 34 3 AQUIIII!!36 3 8 8 6 7 20 29 18 18 31 22 26 50 51 44 48 23 49 7 36 41 23 19 6 51 34 
17 54 
AQUIIII!!54 34 51 18 23 19 37 8 49 36 20 3 33 29 6 7 
AQUIIII!!8 53 52 58 50 36 34 22 57 38 18 44 11 20 19 41 
AQUIIII!!54 37 51 49 20 29 19 6 8 33 34 3 18 7 36 23 
AQUIIII!!51 49 48 3 16 6 10 17 26 31 33 36 23 9 54 43 
AQUIIII!!52 54 18 41 36 34 20 44 6 7 3 50 23 22 8 19 
AQUIIII!!54 16 9 33 49 26 36 43 5 23 37 17 AQUIIII!!48 54 51 23 10 33 4 51 
26 5 48 16 43 10 17 36 4 49 37 9 
AQUIIII!!59 21 47 34 55 13 37 38 12 33 15 45 56 0 25 14 
AQUIIII!!54 20 18 34 22 50 6 23 44 36 19 52 7 8 3 41 
AQUIIII!!59 21 38 12 45 47 25 34 14 33 56 37 0 55 13 15 
AQUIIII!!54 41 34 44 18 7 36 8 52 22 19 6 23 3 20 50 
AQUIIII!!53 20 58 22 8 52 44 50 18 36 19 7 23 34 57 41 
AQUIIII!!34 7 18 26 36 51 6 23 29 3 8 48 31 17 49 54 
AQUIIII!!54 10 43 6 23 16 7 51 26 48 36 17 49 31 33 3 
AQUIIII!!52 20 53 13 38 58 50 57 33 0 12 36 34 22 32 11 
AQUIIII!!54 6 51 8 37 19 18 29 20 23 49 3 33 36 34 7 
AQUIIII!!54 20 22 50 36 6 52 3 23 7 41 8 34 44 18 19 
AQUIIII!!54 23 17 49 36 31 9 51 3 10 6 26 48 16 43 33 
AQUIIII!!48 54 6 9 23 51 10 16 31 26 36 49 3 17 43 33 
AQUIIII!!51 54 34 23 29 36 49 8 31 6 7 3 19 48 33 18 
AQUIIII!!54 3 29 23 51 18 49 48 19 34 36 6 31 8 7 33 
AQUIIII!!54 22 3 23 52 7 6 19 8 36 44 41 18 50 20 AQUIIII!!34 54 
6 31 23 51 34 36 3 26 43 16 48 7 49 17 8 
AQUIIII!!51 54 16 10 6 3 49 48 31 7 26 43 17 33 23 36 
AQUIIII!!48 49 54 23 31 3 34 6 51 26 16 8 36 17 43 7 
AQUIIII!!49 54 10 33 51 37 17 48 43 26 5 23 4 9 16 36 
AQUIIII!!3 9 33 49 43 36 10 48 5 51 26 16 17 31 23 54 
AQUIIII!!54 51 36 29 48 49 19 34 7 3 6 18 31 23 8 33 
AQUIIII!!23 51 48 33 31 19 36 34 7 18 3 29 49 8 6 54 
AQUIIII!!54 9 37 10 48 16 36 5 4 17 49 23 51 33 43 26 
Number of Cuts in the second phase:6248
Number of repeat: 5775 
Violation: 293.000000
Violation: 1269.000000
Violation: 1.000000
Violation: 293.000000
Violation: 641.000000
Violation: 635.000000
Violation: 293.000000
Violation: 585.000000
Violation: 103.000000
Violation: 641.000000
Violation: 1268.000000
Violation: 124.000000
Violation: 76.000000
Violation: 93.000000
Violation: 673.000000
Violation: 500.000000
Violation: 390.000000
Violation: 278.000000
Violation: 293.000000
Violation: 154.000000
Violation: 570.000000
Violation: 348.000000
Violation: 399.000000
Violation: 94.000000
Violation: 399.000000
Violation: 92.000000
Violation: 1176.000000
Violation: 176.000000
Violation: 142.000000
Violation: 606.000000
Violation: 571.000000
Violation: 92.000000
Violation: 738.000000
Violation: 406.000000
Violation: 674.000000
Violation: 212.000000
Violation: 216.000000
Violation: 571.000000
Violation: 698.000000
Violation: 642.000000
Violation: 103.000000
Violation: 269.000000
Violation: 692.000000
Violation: 348.000000
Violation: 188.000000
Violation: 428.000000
Violation: 676.000000
Violation: 500.000000
Violation: 428.000000
Violation: 750.000000
Violation: 696.000000
Violation: 298.000000
Violation: 586.000000
Violation: 5.000000
Violation: 1315.000000
Violation: 13.000000
Violation: 939.000000
Violation: 142.000000
Violation: 567.000000
Violation: 296.000000
Violation: 934.000000
Violation: 1268.000000
Violation: 124.000000
Violation: 359.000000
Violation: 198.000000
Violation: 348.000000
Violation: 402.000000
Violation: 738.000000
Violation: 676.000000
Violation: 449.000000
Violation: 208.000000
Violation: 296.000000
Violation: 570.000000
Violation: 452.000000
Violation: 212.000000
Violation: 608.000000
Violation: 956.000000
Violation: 317.000000
Violation: 142.000000
Violation: 198.000000
Violation: 1160.000000
Violation: 571.000000
Violation: 1097.000000
Violation: 268.000000
Violation: 65.000000
Violation: 185.000000
Violation: 449.000000
Violation: 102.000000
Violation: 312.000000
Violation: 1250.000000
Violation: 178.000000
Violation: 570.000000
Violation: 570.000000
Violation: 701.000000
Violation: 168.000000
Violation: 976.000000
Violation: 92.000000
Violation: 292.000000
Violation: 104.000000
Violation: 280.000000
Violation: 296.000000
Violation: 92.000000
Violation: 305.000000
Violation: 459.000000
Violation: 582.000000
Violation: 93.000000
Violation: 480.000000
Violation: 196.000000
Violation: 249.000000
Violation: 149.000000
Violation: 1575.000000
Violation: 674.000000
Violation: 121.000000
Violation: 388.000000
Violation: 222.000000
Violation: 278.000000
Violation: 400.000000
Violation: 573.000000
Violation: 563.000000
Violation: 470.000000
Violation: 595.000000
Violation: 195.000000
Violation: 454.000000
Violation: 158.000000
Violation: 866.000000
Violation: 695.000000
Violation: 268.000000
Violation: 575.000000
Violation: 798.000000
Violation: 315.000000
Violation: 370.000000
Violation: 234.000000
Violation: 674.000000
Violation: 952.000000
Violation: 702.000000
Violation: 910.000000
Violation: 185.000000
Violation: 369.000000
Violation: 646.000000
Violation: 530.000000
Violation: 389.000000
Violation: 608.000000
Violation: 491.000000
Violation: 269.000000
Violation: 586.000000
Violation: 674.000000
Violation: 482.000000
Violation: 1381.000000
Violation: 312.000000
Violation: 932.000000
Violation: 584.000000
Violation: 1048.000000
Violation: 630.000000
Violation: 339.000000
Violation: 588.000000
Violation: 356.000000
Violation: 958.000000
Violation: 1091.000000
Violation: 74.000000
Violation: 459.000000
Violation: 3.000000
Violation: 472.000000
Violation: 770.000000
Violation: 584.000000
Violation: 278.000000
Violation: 491.000000
Violation: 750.000000
Violation: 250.000000
Violation: 798.000000
Violation: 249.000000
Violation: 1076.000000
Violation: 472.000000
Violation: 145.000000
Violation: 642.000000
Violation: 1000.000000
Violation: 384.000000
Violation: 266.000000
Violation: 678.000000
Violation: 294.000000
Violation: 984.000000
Violation: 1235.000000
Violation: 346.000000
Violation: 774.000000
Violation: 456.000000
Violation: 528.000000
Violation: 543.000000
Violation: 214.000000
Violation: 654.000000
Violation: 91.000000
Violation: 934.000000
Violation: 1505.000000
Violation: 543.000000
Violation: 679.000000
Violation: 733.000000
Violation: 639.000000
Violation: 660.000000
Violation: 265.000000
Violation: 385.000000
Violation: 395.000000
Violation: 1.000000
Violation: 104.000000
Violation: 550.000000
Violation: 686.000000
Violation: 804.000000
Violation: 573.000000
Violation: 193.000000
Violation: 249.000000
Violation: 794.000000
Violation: 573.000000
Violation: 89.000000
Violation: 358.000000
Violation: 904.000000
Violation: 308.000000
Violation: 397.000000
Violation: 305.000000
Violation: 176.000000
Violation: 355.000000
Violation: 199.000000
Violation: 93.000000
Violation: 594.000000
Violation: 220.000000
Violation: 610.000000
Violation: 773.000000
Violation: 783.000000
Violation: 572.000000
Violation: 248.000000
Violation: 184.000000
Violation: 399.000000
Violation: 567.000000
Violation: 265.000000
Violation: 388.000000
Violation: 313.000000
Violation: 315.000000
Violation: 162.000000
Violation: 562.000000
Violation: 806.000000
Violation: 194.000000
Violation: 271.000000
Violation: 509.000000
Violation: 296.000000
Violation: 396.000000
Violation: 492.000000
Violation: 422.000000
Violation: 856.000000
Violation: 132.000000
Violation: 127.000000
Violation: 625.000000
Violation: 280.000000
Violation: 233.000000
Violation: 673.000000
Violation: 55.000000
Violation: 1115.000000
Violation: 107.000000
Violation: 464.000000
Violation: 899.000000
Violation: 92.000000
Violation: 550.000000
Violation: 760.000000
Violation: 663.000000
Violation: 388.000000
Violation: 1.000000
Violation: 641.000000
Violation: 688.000000
Violation: 978.000000
Violation: 1032.000000
Violation: 276.000000
Violation: 680.000000
Violation: 359.000000
Violation: 586.000000
Violation: 571.000000
Violation: 370.000000
Violation: 1166.000000
Violation: 517.000000
Violation: 653.000000
Violation: 187.000000
Violation: 348.000000
Violation: 111.000000
Violation: 462.000000
Violation: 1315.000000
Violation: 115.000000
Violation: 503.000000
Violation: 696.000000
Violation: 344.000000
Violation: 363.000000
Violation: 696.000000
Violation: 384.000000
Violation: 284.000000
Violation: 378.000000
Violation: 696.000000
Violation: 527.000000
Violation: 299.000000
Violation: 630.000000
Violation: 104.000000
Violation: 219.000000
Violation: 70.000000
Violation: 399.000000
Violation: 436.000000
Violation: 963.000000
Violation: 199.000000
Violation: 1169.000000
Violation: 778.000000
Violation: 1480.000000
Violation: 422.000000
Violation: 505.000000
Violation: 409.000000
Violation: 510.000000
Violation: 76.000000
Violation: 608.000000
Violation: 61.000000
Violation: 103.000000
Violation: 410.000000
Violation: 1667.000000
Violation: 183.000000
Violation: 132.000000
Violation: 866.000000
Violation: 93.000000
Violation: 1505.000000
Violation: 672.000000
Violation: 92.000000
Violation: 440.000000
Violation: 369.000000
Violation: 112.000000
Violation: 157.000000
Violation: 840.000000
Violation: 580.000000
Violation: 298.000000
Violation: 105.000000
Violation: 434.000000
Violation: 509.000000
Violation: 84.000000
Violation: 440.000000
Violation: 122.000000
Violation: 653.000000
Violation: 610.000000
Violation: 1315.000000
Violation: 361.000000
Violation: 816.000000
Violation: 788.000000
Violation: 315.000000
Violation: 477.000000
Violation: 551.000000
Violation: 696.000000
Violation: 602.000000
Violation: 248.000000
Violation: 312.000000
Violation: 1032.000000
Violation: 248.000000
Violation: 130.000000
Violation: 196.000000
Violation: 260.000000
Violation: 1668.000000
Violation: 694.000000
Violation: 72.000000
Violation: 570.000000
Violation: 672.000000
Violation: 415.000000
Violation: 333.000000
Violation: 574.000000
Violation: 19.000000
Violation: 783.000000
Violation: 315.000000
Violation: 890.000000
Violation: 152.000000
Violation: 1315.000000
Violation: 573.000000
Violation: 854.000000
Violation: 427.000000
Violation: 684.000000
Violation: 302.000000
Violation: 580.000000
Violation: 88.000000
Violation: 394.000000
Violation: 91.000000
Violation: 224.000000
Violation: 218.000000
Violation: 796.000000
Violation: 785.000000
Violation: 574.000000
Violation: 419.000000
Violation: 573.000000
Violation: 138.000000
Violation: 154.000000
Violation: 384.000000
Violation: 1361.000000
Violation: 336.000000
Violation: 407.000000
Violation: 615.000000
Violation: 489.000000
Violation: 1282.000000
Violation: 424.000000
Violation: 1252.000000
Violation: 686.000000
Violation: 477.000000
Violation: 313.000000
Violation: 934.000000
Violation: 464.000000
Violation: 8.000000
Violation: 848.000000
Violation: 186.000000
Violation: 1087.000000
Violation: 1149.000000
Violation: 320.000000
Violation: 593.000000
Violation: 196.000000
Violation: 467.000000
Violation: 338.000000
Violation: 402.000000
Violation: 695.000000
Violation: 419.000000
Violation: 733.000000
Violation: 645.000000
Violation: 502.000000
Violation: 676.000000
Violation: 302.000000
Violation: 706.000000
Violation: 417.000000
Violation: 1022.000000
Violation: 385.000000
Violation: 487.000000
Violation: 583.000000
Violation: 312.000000
Violation: 732.000000
Violation: 304.000000
Violation: 256.000000
Violation: 584.000000
Violation: 572.000000
Violation: 971.000000
Violation: 149.000000
Violation: 222.000000
Violation: 676.000000
Violation: 1187.000000
Violation: 276.000000
Violation: 357.000000
Violation: 934.000000
Violation: 470.000000
Violation: 53.000000
Violation: 503.000000
Violation: 158.000000
Violation: 527.000000
Violation: 628.000000
Violation: 1022.000000
Violation: 104.000000
Violation: 93.000000
Violation: 355.000000
Violation: 361.000000
Violation: 81.000000
Violation: 304.000000
Violation: 63.000000
Violation: 417.000000
Violation: 260.000000
Violation: 1097.000000
Violation: 195.000000
Violation: 1077.000000
Violation: 241.000000
Violation: 573.000000
Violation: 570.000000
Violation: 564.000000
Violation: 268.000000
Violation: 668.000000
Violation: 48.000000
Violation: 701.000000
Violation: 356.000000
Violation: 369.000000
Violation: 689.000000
Violation: 345.000000
Violation: 1284.000000
Violation: 571.000000
Violation: 315.000000
Violation: 1020.000000
Violation: 821.000000
Violation: 676.000000
Violation: 416.000000
Violation: 220.000000
8592 16
3 16 51 10 AQUIIII!!7 59 31 21 49 37 17 4 AQUIIII!!36 56 53 
58 27 20 33 0 25 36 47 34 44 34 32 2 52 11 1 57 55 38 38 12 15 19 33 14 50 

AQUIIII!!21 59 47 25 56 38 2 AQUIIII!!27 49 14 54 33 23 34 36 13 51 37 10 15 48 1 9 55 26 
43 4 37 5 17 33 16 
AQUIIII!!37 4 10 2 33 5 49 23 16 43 17 27 9 26 AQUIIII!!1 16 48 33 
48 3 23 49 26 36 51 6 31 17 10 7 43 54 
AQUIIII!!51 18 23 34 48 33 7 3 29 49 36 19 AQUIIII!!31 33 AQUIIII!!18 16 6 8 49 8 48 31 54 26 AQUIIII!!48 
51 23 6 3 37 9 33 49 36 18 31 51 19 23 36 29 26 29 3 10 36 17 3 51 43 23 20 17 34 7 54 8 7 
49 6 AQUIIII!!6 AQUIIII!!54 34 8 
54 26 7 
36 18 AQUIIII!!3 29 23 49 19 43 10 33 17 31 49 10 16 23 43 9 6 7 36 36 17 33 48 34 54 6 3 AQUIIII!!26 23 31 50 31 33 48 18 49 51 54 23 5 54 51 19 16 

51 8 3 7 36 48 
57 22 44 41 34 52 53 58 20 
AQUIIII!!AQUIIII!!26 49 10 23 3 7 17 19 9 18 23 3 16 20 43 36 31 33 36 51 6 37 33 6 49 34 54 29 51 AQUIIII!!8 7 48 AQUIIII!!36 54 
17 49 
4 8 43 3 AQUIIII!!5 33 51 10 19 33 AQUIIII!!20 9 49 22 18 48 49 18 23 7 37 8 34 6 16 37 23 3 6 48 20 31 29 33 44 36 54 36 6 51 19 19 51 
23 34 26 18 36 8 23 7 29 54 3 
34 50 52 54 AQUIIII!!41 
26 54 AQUIIII!!17 
31 33 43 54 3 AQUIIII!!3 48 10 53 10 AQUIIII!!52 31 9 44 8 36 5 7 AQUIIII!!7 49 7 50 43 13 16 18 48 20 17 33 45 19 51 26 23 51 23 56 6 34 8 36 36 12 22 54 31 34 16 
15 41 49 
AQUIIII!!6 33 29 25 23 43 36 37 36 26 18 38 51 48 17 55 48 3 23 0 26 49 34 3 AQUIIII!!31 AQUIIII!!
14 6 51 10 8 47 9 6 51 7 59 29 33 33 54 AQUIIII!!AQUIIII!!21 34 16 10 
7 49 AQUIIII!!31 
23 36 6 23 AQUIIII!!20 18 17 19 49 17 48 29 23 20 9 5 43 5 19 51 3 3 43 23 26 33 6 22 49 4 10 43 6 48 52 54 23 26 37 33 18 41 
17 16 51 36 3 36 16 16 19 48 7 44 AQUIIII!!AQUIIII!!36 3 31 26 8 29 8 49 54 54 5 10 37 23 49 51 23 AQUIIII!!49 4 48 49 4 34 36 19 18 26 54 
33 AQUIIII!!9 18 34 43 23 
36 AQUIIII!!48 9 33 36 50 23 18 10 31 19 17 37 AQUIIII!!3 33 54 37 33 5 29 51 54 29 4 33 51 
51 34 29 
37 36 49 43 54 51 16 6 8 6 51 
37 51 54 17 3 3 20 48 
9 9 33 
34 26 7 16 18 51 34 20 26 23 19 23 8 48 36 18 17 37 49 48 23 7 AQUIIII!!49 10 7 6 54 8 36 6 23 8 16 AQUIIII!!54 36 3 49 49 5 54 
23 54 34 49 34 17 
51 31 7 17 54 36 16 10 33 
54 3 43 3 
17 AQUIIII!!37 54 AQUIIII!!54 23 5 
10 54 33 31 16 4 43 49 43 48 48 36 36 51 9 9 49 43 49 26 31 26 36 
17 26 6 33 8 7 3 48 26 3 5 8 51 51 48 17 36 
34 31 16 23 23 
6 7 AQUIIII!!
54 7 8 19 31 29 49 3 23 6 51 18 AQUIIII!!48 54 7 33 36 31 34 36 
51 3 AQUIIII!!26 54 8 52 29 19 18 3 48 22 6 8 23 7 17 18 49 6 34 
20 36 50 34 44 23 AQUIIII!!41 21 
59 37 27 56 23 33 34 47 1 5 55 4 2 9 35 
AQUIIII!!18 7 33 8 6 36 37 23 34 29 20 19 3 54 51 49 
AQUIIII!!1 15 47 34 37 33 14 55 27 56 13 12 AQUIIII!!38 54 25 49 59 16 21 26 
31 17 3 36 48 9 43 51 6 33 23 10 
AQUIIII!!54 3 50 34 7 20 8 44 41 6 51 19 36 22 23 18 
AQUIIII!!57 50 18 11 34 0 36 58 38 19 22 33 44 53 52 20 
AQUIIII!!54 49 AQUIIII!!16 54 26 50 31 18 17 3 3 34 36 44 48 6 9 23 43 36 51 19 6 8 33 52 23 22 10 41 
20 7 
AQUIIII!!3 20 52 34 19 AQUIIII!!AQUIIII!!7 36 5 50 8 51 6 26 23 18 10 20 AQUIIII!!8 58 36 34 52 44 49 20 41 53 31 22 34 50 11 36 17 33 22 33 41 38 AQUIIII!!44 19 23 9 22 44 7 48 54 36 36 57 
3 23 50 6 16 44 18 19 34 43 51 0 19 
3 6 20 54 18 8 54 
50 
52 22 7 41 3 23 18 54 
AQUIIII!!36 16 5 3 AQUIIII!!17 54 23 AQUIIII!!34 54 7 9 49 23 10 8 29 48 17 34 3 17 51 49 23 43 6 48 31 36 6 49 48 51 31 51 33 7 26 26 8 36 54 31 29 
3 18 
26 AQUIIII!!18 58 
52 20 53 34 11 33 38 44 22 36 57 50 AQUIIII!!18 19 7 0 
34 44 51 22 19 8 41 6 50 20 AQUIIII!!23 31 3 19 36 33 18 34 AQUIIII!!AQUIIII!!54 29 6 51 54 
7 3 17 49 23 34 33 6 19 6 31 23 18 48 36 26 36 10 8 8 36 9 54 48 16 18 43 31 49 48 33 3 
51 51 AQUIIII!!8 3 7 52 
AQUIIII!!53 29 58 23 52 19 54 6 23 3 49 44 34 
19 20 8 22 AQUIIII!!41 23 18 54 7 34 57 7 44 36 50 43 50 
51 20 36 22 23 18 6 36 16 41 48 7 26 54 AQUIIII!!49 
31 10 43 31 33 36 16 17 3 33 3 
17 48 6 49 51 9 23 26 10 54 
AQUIIII!!54 17 16 6 AQUIIII!!26 54 49 48 48 6 43 26 7 23 3 18 36 31 23 36 51 17 33 8 31 29 10 34 
7 49 3 51 
AQUIIII!!54 51 3 48 8 34 31 43 49 26 36 7 17 16 23 6 
AQUIIII!!21 59 13 25 38 56 27 37 1 12 33 14 15 47 55 AQUIIII!!34 54 
48 AQUIIII!!6 3 26 54 23 48 18 8 31 31 36 6 17 16 8 51 29 23 34 17 7 36 49 43 3 34 51 26 
7 49 
AQUIIII!!22 41 20 19 44 18 50 36 23 34 57 52 6 7 53 8 
AQUIIII!!54 8 7 6 36 50 AQUIIII!!22 22 41 52 19 20 3 50 34 41 23 36 18 20 19 44 44 52 18 
8 34 3 23 6 7 54 
AQUIIII!!16 8 34 31 23 26 48 7 6 AQUIIII!!49 54 43 9 36 36 51 48 17 17 3 16 54 3 
6 31 26 51 10 49 23 43 33 
AQUIIII!!54 36 26 17 51 49 48 10 43 3 33 31 23 9 5 16 
AQUIIII!!7 6 19 36 41 44 57 50 23 18 22 34 20 52 8 53 
AQUIIII!!7 6 19 36 41 44 57 50 23 18 22 34 20 52 8 53 
AQUIIII!!22 36 41 23 3 51 50 7 34 6 44 20 19 8 18 54 
AQUIIII!!54 6 43 17 10 26 23 51 16 3 36 48 33 9 AQUIIII!!49 AQUIIII!!2 31 
34 23 15 47 27 55 25 4 14 5 56 9 33 56 37 33 1 35 4 1 38 27 2 37 47 34 55 59 21 21 59 

AQUIIII!!17 6 48 51 26 AQUIIII!!3 20 49 34 36 34 8 29 33 31 23 23 18 7 19 18 36 8 51 54 7 37 
29 6 3 54 49 
AQUIIII!!54 6 AQUIIII!!18 26 33 33 49 17 19 48 29 6 51 23 36 23 7 34 3 31 49 48 36 7 43 3 8 AQUIIII!!31 
43 10 36 33 51 AQUIIII!!17 16 49 31 9 54 3 26 
26 3 16 43 48 16 5 33 9 51 49 48 51 5 10 31 23 17 54 36 AQUIIII!!
10 54 23 AQUIIII!!18 54 48 20 
3 36 18 8 33 34 7 34 23 29 3 19 6 36 50 23 19 6 22 8 AQUIIII!!51 49 36 44 18 31 41 20 
51 37 7 49 54 33 
19 3 23 AQUIIII!!34 48 29 54 51 3 54 10 8 17 7 23 6 9 
26 49 16 51 6 33 31 43 36 
AQUIIII!!49 33 16 23 4 48 43 10 17 5 26 36 37 9 54 51 
AQUIIII!!54 17 10 5 23 26 49 3 33 36 51 43 9 48 16 31 
AQUIIII!!19 8 23 36 41 50 6 44 7 3 22 18 51 20 34 54 
AQUIIII!!26 36 17 3 10 51 7 43 16 23 33 48 31 6 54 49 
AQUIIII!!11 22 34 19 50 8 36 44 41 38 57 AQUIIII!!18 51 58 18 52 36 20 49 53 29 
8 7 48 31 3 23 33 34 19 6 54 
AQUIIII!!54 48 16 10 33 36 5 37 49 17 9 51 4 43 23 26 
AQUIIII!!54 48 16 10 33 36 5 37 49 17 9 51 4 43 23 26 AQUIIII!!
17 26 3 23 9 16 33 36 49 31 6 43 10 48 54 51 
AQUIIII!!38 0 36 11 33 57 34 22 44 19 AQUIIII!!58 6 50 18 29 52 3 53 36 20 23 
AQUIIII!!18 26 34 9 17 49 7 43 49 5 8 AQUIIII!!AQUIIII!!51 51 54 54 37 31 31 34 3 33 48 29 49 48 26 18 29 17 36 54 18 36 23 
51 3 4 6 8 26 16 19 23 17 36 48 10 6 34 AQUIIII!!37 54 54 7 33 16 
8 7 5 49 23 4 20 
33 51 17 
49 51 37 43 10 26 36 48 23 9 
AQUIIII!!31 23 16 48 43 10 51 9 17 33 49 5 26 3 36 54 AQUIIII!!
54 36 34 18 33 20 29 6 49 19 7 23 8 37 3 51 
AQUIIII!!48 AQUIIII!!49 AQUIIII!!27 10 5 37 16 33 4 51 4 17 16 2 48 43 9 9 33 16 5 10 5 33 43 10 37 36 23 4 17 43 26 37 17 23 51 26 36 26 59 54 23 
48 9 1 49 
54 
AQUIIII!!34 7 36 17 48 49 23 26 51 8 3 31 16 43 6 54 
AQUIIII!!54 23 36 37 49 43 51 33 16 5 9 26 10 48 4 17 
AQUIIII!!54 43 26 23 51 16 33 AQUIIII!!9 54 48 7 31 36 5 18 36 3 8 29 17 49 49 23 10 
51 26 34 48 6 31 17 3 
AQUIIII!!23 3 16 AQUIIII!!26 23 49 19 17 7 36 31 3 10 8 51 31 9 18 33 51 43 33 6 34 48 29 54 48 
6 36 49 54 
AQUIIII!!54 18 3 29 AQUIIII!!7 49 51 17 51 31 3 6 31 36 8 9 34 10 17 43 48 26 16 48 6 AQUIIII!!49 23 26 26 36 33 23 36 54 

49 51 43 31 17 33 6 3 48 16 10 7 AQUIIII!!23 54 54 6 
49 26 33 16 51 3 17 10 AQUIIII!!31 54 23 34 43 17 48 23 7 48 36 6 
8 7 51 36 49 26 18 31 29 3 
AQUIIII!!37 AQUIIII!!51 54 16 43 33 23 10 4 5 33 9 17 4 36 36 37 48 48 23 51 17 16 49 5 43 26 26 9 54 49 
10 
AQUIIII!!3 51 48 8 49 31 36 6 7 23 18 33 19 34 54 29 
AQUIIII!!19 29 36 51 49 31 18 33 23 34 8 48 6 3 7 54 
AQUIIII!!3 10 31 16 26 49 51 33 6 9 23 43 48 36 17 54 
AQUIIII!!31 7 48 36 34 51 18 8 3 23 17 26 49 6 29 54 
AQUIIII!!54 36 37 7 33 19 3 34 49 51 20 29 8 23 6 18 
AQUIIII!!54 51 48 AQUIIII!!29 36 8 26 18 16 3 43 34 23 36 17 23 51 31 7 7 10 6 33 49 49 19 31 33 3 
6 54 48 
AQUIIII!!54 51 48 29 8 18 3 34 36 23 31 7 6 49 19 33 
AQUIIII!!54 49 23 43 26 37 36 4 5 10 33 16 9 48 17 51 
AQUIIII!!54 51 AQUIIII!!48 51 29 49 8 54 18 9 3 3 34 31 36 17 23 36 31 23 7 33 6 26 49 6 19 43 33 16 
10 AQUIIII!!48 54 
49 23 43 26 37 36 4 5 10 33 16 9 48 17 51 
AQUIIII!!32 57 34 44 0 38 36 50 11 53 12 33 19 58 52 20 
AQUIIII!!31 23 16 36 51 43 33 3 6 17 7 48 49 10 26 54 
AQUIIII!!29 23 33 37 49 3 20 6 8 AQUIIII!!19 54 34 51 18 6 36 7 3 54 23 51 19 
41 34 22 20 18 8 50 36 7 44 
AQUIIII!!52 53 20 8 3 18 7 19 AQUIIII!!22 54 36 48 44 3 34 29 6 18 23 51 41 8 50 36 
6 17 7 34 31 49 26 23 
AQUIIII!!54 33 31 49 3 34 48 36 29 23 7 51 6 18 8 19 
AQUIIII!!54 37 26 10 49 4 36 17 33 43 16 23 9 51 48 5 
AQUIIII!!48 10 36 17 16 26 33 51 5 4 43 9 37 49 23 54 
AQUIIII!!36 48 9 49 43 23 10 51 31 26 17 5 16 3 33 54 
AQUIIII!!54 48 34 51 29 31 23 7 6 36 8 18 3 26 49 17 
AQUIIII!!54 48 34 51 29 31 23 7 6 36 8 18 3 26 49 17 
AQUIIII!!54 8 6 33 29 34 51 3 36 7 37 49 23 18 19 20 
AQUIIII!!54 34 AQUIIII!!36 54 49 23 29 29 19 51 31 19 33 3 18 33 23 20 3 37 7 34 6 18 8 8 51 7 48 6 
36 AQUIIII!!49 59 
21 33 55 9 AQUIIII!!37 54 56 18 4 50 AQUIIII!!52 47 54 36 2 36 23 35 51 3 1 20 18 27 44 44 5 6 3 41 23 22 8 34 6 7 
41 34 20 19 8 22 
19 7 50 34 23 
AQUIIII!!54 6 8 23 43 26 51 34 48 49 16 36 7 31 3 17 
AQUIIII!!54 41 6 7 20 52 22 18 50 8 3 44 19 36 23 34 
AQUIIII!!54 23 16 48 34 3 36 26 8 7 6 49 31 51 43 17 
AQUIIII!!54 50 22 6 8 7 36 18 23 20 3 34 44 51 41 19 
AQUIIII!!16 17 48 43 9 10 49 36 6 23 3 31 33 26 51 54 
AQUIIII!!AQUIIII!!0 54 47 33 11 AQUIIII!!36 21 54 23 13 17 43 33 6 45 5 12 31 49 14 16 17 25 10 36 55 48 10 37 51 43 15 37 26 34 4 9 38 16 51 58 26 
48 9 49 
33 23 3 
AQUIIII!!52 54 41 34 22 50 18 36 20 23 44 7 3 19 6 8 
AQUIIII!!54 16 48 10 36 26 33 17 4 23 43 51 9 5 49 37 
AQUIIII!!54 26 8 43 34 49 23 6 51 17 31 3 16 48 7 36 
AQUIIII!!47 0 11 57 38 34 33 12 37 15 14 13 45 21 25 58 
AQUIIII!!54 AQUIIII!!6 54 48 3 26 7 3 23 49 50 51 8 10 36 36 44 43 41 16 22 23 18 31 33 34 7 19 6 20 17 51 

AQUIIII!!54 51 9 36 17 5 49 10 48 26 33 23 37 43 16 4 
AQUIIII!!54 48 26 3 49 51 10 36 43 16 23 31 33 7 6 17 
AQUIIII!!54 51 9 36 17 5 49 10 48 26 33 23 37 43 16 4 
AQUIIII!!48 54 17 10 23 7 51 31 36 3 26 49 6 16 43 33 
AQUIIII!!54 20 3 23 37 33 7 51 29 6 18 36 8 34 19 49 
AQUIIII!!3 51 48 8 49 31 36 6 7 23 18 33 19 34 54 29 
AQUIIII!!54 AQUIIII!!52 7 50 6 23 23 7 51 36 8 22 36 20 3 41 43 6 31 18 19 17 8 48 3 26 34 16 44 34 
49 54 
AQUIIII!!48 49 54 43 9 16 17 51 10 26 33 31 3 5 36 23 
AQUIIII!!54 8 23 20 7 AQUIIII!!19 54 44 51 6 29 34 8 34 23 49 36 7 6 51 36 41 3 37 50 3 20 18 22 33 19 18 

AQUIIII!!AQUIIII!!54 51 8 54 7 36 49 49 26 3 31 48 AQUIIII!!AQUIIII!!16 10 6 43 53 36 17 31 52 34 29 33 6 20 18 51 6 50 3 26 31 6 23 48 17 57 19 34 7 23 44 23 36 49 7 
7 43 23 33 34 3 51 18 8 16 54 41 
48 36 
19 8 22 
AQUIIII!!51 54 49 26 31 10 17 33 6 23 7 36 43 3 16 48 
AQUIIII!!34 50 8 6 44 7 36 23 19 22 41 57 52 18 53 20 
AQUIIII!!34 50 8 6 44 7 36 23 19 22 41 57 52 18 53 20 
AQUIIII!!54 6 7 3 34 22 20 18 19 51 8 44 41 36 50 23 
AQUIIII!!54 48 7 8 31 49 51 36 23 18 29 34 3 17 26 6 
AQUIIII!!54 52 50 23 7 36 AQUIIII!!22 54 48 20 7 41 8 31 6 49 18 51 36 19 23 8 18 29 AQUIIII!!3 34 54 34 3 17 22 44 26 36 
6 
3 7 34 52 8 19 18 23 41 50 20 44 6 
AQUIIII!!48 3 51 36 7 54 17 8 31 16 6 26 34 43 49 23 
AQUIIII!!54 AQUIIII!!31 54 16 49 23 AQUIIII!!18 26 54 26 17 16 36 AQUIIII!!6 31 36 33 17 54 10 48 8 48 17 9 49 51 5 51 6 29 33 10 36 26 48 49 51 9 23 3 3 3 3 43 43 48 23 51 7 31 9 
6 17 10 
36 16 34 23 
26 31 43 49 33 
AQUIIII!!54 AQUIIII!!23 48 33 48 54 51 36 23 3 43 17 7 10 31 16 17 10 3 43 49 33 26 6 51 
16 31 36 AQUIIII!!5 54 26 51 49 5 9 9 
36 3 31 43 10 AQUIIII!!23 54 26 48 49 33 18 49 26 17 31 16 17 
8 51 29 48 23 3 7 6 36 34 
AQUIIII!!54 18 6 20 33 8 49 34 51 36 29 3 37 7 19 23 
AQUIIII!!49 54 17 48 29 3 31 36 51 7 34 26 18 23 6 8 
AQUIIII!!59 21 35 55 27 47 34 1 33 56 2 23 37 4 5 9 
AQUIIII!!54 26 3 9 16 36 48 10 5 33 51 17 49 23 31 43 
AQUIIII!!48 54 43 9 10 26 23 49 17 37 36 33 4 16 51 5 
AQUIIII!!54 16 31 8 26 43 49 48 23 3 7 51 34 17 6 36 
AQUIIII!!54 19 6 31 AQUIIII!!51 54 29 31 36 33 49 23 43 18 16 3 3 34 48 48 17 7 10 8 49 6 
7 51 23 36 26 33 
AQUIIII!!54 51 50 8 19 3 20 34 22 23 18 44 41 36 7 6 
AQUIIII!!54 51 50 8 19 AQUIIII!!3 20 54 34 49 22 4 23 9 18 51 44 48 41 36 17 36 23 7 33 6 5 
10 16 37 43 26 
AQUIIII!!54 10 49 16 23 7 48 3 43 36 33 17 51 6 31 26 
AQUIIII!!54 49 29 34 17 23 6 36 48 51 7 8 31 3 26 18 
AQUIIII!!54 22 8 23 44 3 34 6 7 50 18 20 19 41 36 51 
AQUIIII!!47 0 34 25 13 56 AQUIIII!!15 54 37 23 33 43 16 14 6 21 10 38 33 11 9 12 48 26 55 36 45 3 
17 51 31 49 
AQUIIII!!54 23 41 3 44 18 50 36 19 20 22 7 51 6 34 8 
AQUIIII!!59 21 27 34 56 4 1 35 5 37 33 2 55 9 47 23 AQUIIII!!
3 48 54 23 10 36 26 31 16 43 17 33 49 9 51 5 
AQUIIII!!51 54 36 41 6 7 18 23 20 8 19 34 22 50 44 3 
Number of Cuts in the second phase:6243
Number of repeat: 6073 
Violation: 227.000000
Violation: 654.000000
Violation: 67.000000
Violation: 474.000000
Violation: 245.000000
Violation: 2.000000
Violation: 450.000000
Violation: 409.000000
Violation: 472.000000
Violation: 321.000000
Violation: 344.000000
Violation: 119.000000
Violation: 452.000000
Violation: 253.000000
Violation: 13.000000
Violation: 668.000000
Violation: 294.000000
Violation: 189.000000
Violation: 701.000000
Violation: 416.000000
Violation: 492.000000
Violation: 105.000000
Violation: 378.000000
Violation: 422.000000
Violation: 1076.000000
Violation: 348.000000
Violation: 1478.000000
Violation: 91.000000
Violation: 305.000000
Violation: 357.000000
Violation: 390.000000
Violation: 283.000000
Violation: 1094.000000
Violation: 1064.000000
Violation: 704.000000
Violation: 768.000000
Violation: 646.000000
Violation: 890.000000
Violation: 721.000000
Violation: 220.000000
Violation: 260.000000
Violation: 586.000000
Violation: 260.000000
Violation: 608.000000
Violation: 436.000000
Violation: 86.000000
Violation: 333.000000
Violation: 222.000000
Violation: 397.000000
Violation: 293.000000
Violation: 641.000000
Violation: 1760.000000
Violation: 166.000000
Violation: 728.000000
Violation: 27.000000
Violation: 635.000000
Violation: 286.000000
Violation: 348.000000
Violation: 721.000000
Violation: 667.000000
Violation: 203.000000
Violation: 395.000000
Violation: 251.000000
Violation: 412.000000
Violation: 436.000000
Violation: 624.000000
Violation: 702.000000
Violation: 782.000000
Violation: 780.000000
Violation: 183.000000
Violation: 460.000000
Violation: 122.000000
Violation: 297.000000
Violation: 594.000000
Violation: 196.000000
Violation: 64.000000
Violation: 782.000000
Violation: 708.000000
Violation: 406.000000
Violation: 676.000000
Violation: 139.000000
Violation: 445.000000
Violation: 675.000000
Violation: 80.000000
Violation: 424.000000
Violation: 676.000000
Violation: 315.000000
Violation: 452.000000
Violation: 356.000000
Violation: 499.000000
Violation: 291.000000
Violation: 180.000000
Violation: 574.000000
Violation: 359.000000
Violation: 94.000000
Violation: 108.000000
Violation: 302.000000
Violation: 293.000000
Violation: 694.000000
Violation: 459.000000
Violation: 642.000000
Violation: 480.000000
Violation: 316.000000
Violation: 631.000000
Violation: 429.000000
Violation: 251.000000
Violation: 407.000000
Violation: 98.000000
Violation: 348.000000
Violation: 132.000000
Violation: 534.000000
Violation: 955.000000
Violation: 390.000000
Violation: 386.000000
Violation: 417.000000
Violation: 677.000000
Violation: 606.000000
Violation: 654.000000
Violation: 667.000000
Violation: 684.000000
Violation: 677.000000
Violation: 415.000000
Violation: 172.000000
Violation: 120.000000
Violation: 1155.000000
Violation: 451.000000
Violation: 205.000000
Violation: 103.000000
Violation: 198.000000
Violation: 194.000000
Violation: 782.000000
Violation: 871.000000
Violation: 132.000000
Violation: 291.000000
Violation: 531.000000
Violation: 8.000000
Violation: 315.000000
Violation: 261.000000
Violation: 371.000000
Violation: 487.000000
Violation: 206.000000
Violation: 456.000000
Violation: 158.000000
Violation: 324.000000
Violation: 900.000000
Violation: 32.000000
Violation: 32.000000
Violation: 66.000000
Violation: 370.000000
Violation: 611.000000
Violation: 236.000000
Violation: 219.000000
Violation: 1316.000000
Violation: 249.000000
Violation: 562.000000
Violation: 577.000000
Violation: 583.000000
Violation: 507.000000
Violation: 349.000000
Violation: 577.000000
Violation: 12.000000
Violation: 549.000000
Violation: 31.000000
Violation: 169.000000
Violation: 264.000000
Violation: 739.000000
Violation: 492.000000
Violation: 1236.000000
Violation: 1050.000000
Violation: 574.000000
2808 16
AQUIIII!!54 23 26 9 36 49 3 17 10 43 48 5 33 AQUIIII!!31 AQUIIII!!54 51 54 23 16 7 51 
48 31 43 26 16 49 3 33 10 23 AQUIIII!!26 43 54 9 49 17 17 36 16 3 31 51 6 8 48 36 34 23 16 51 3 48 17 6 
6 26 
49 31 33 36 10 43 7 
AQUIIII!!47 0 33 38 13 11 15 55 14 58 34 45 25 21 37 12 
AQUIIII!!13 50 11 57 12 0 34 32 22 AQUIIII!!53 26 36 34 38 3 33 17 20 43 58 6 52 8 
49 23 7 16 31 48 36 AQUIIII!!54 31 51 48 
7 3 49 36 23 16 AQUIIII!!7 8 26 43 3 26 23 6 36 17 49 34 17 51 16 54 31 
43 6 48 34 8 54 51 AQUIIII!!
36 43 AQUIIII!!3 26 33 3 49 51 36 26 6 49 23 16 31 23 AQUIIII!!10 10 23 AQUIIII!!AQUIIII!!16 5 26 5 4 7 9 49 37 27 51 48 9 17 43 33 17 36 16 5 17 31 51 36 48 23 54 37 AQUIIII!!26 43 17 
16 43 4 54 37 5 23 10 
9 4 17 49 49 48 31 51 16 43 36 23 33 33 26 9 10 2 33 43 17 26 49 48 54 10 51 33 
1 10 54 48 6 

9 3 48 16 54 AQUIIII!!
17 51 9 37 43 23 5 49 36 33 4 48 16 26 10 54 
AQUIIII!!54 10 16 31 9 33 17 49 AQUIIII!!36 51 54 26 3 23 48 3 19 48 18 5 8 43 33 
7 23 29 34 31 36 51 6 49 
AQUIIII!!16 23 36 48 AQUIIII!!10 3 31 29 33 26 51 17 26 48 17 34 9 51 3 36 43 18 6 49 49 23 54 6 
8 31 7 54 
AQUIIII!!6 7 43 AQUIIII!!3 26 49 29 31 51 26 48 AQUIIII!!33 18 38 16 31 37 17 7 33 48 23 56 10 34 45 23 14 8 36 6 34 54 36 25 51 55 17 
0 3 47 54 12 49 15 
13 59 21 
AQUIIII!!43 26 51 6 16 36 AQUIIII!!33 19 23 AQUIIII!!36 10 51 34 9 17 3 17 34 AQUIIII!!6 3 7 31 8 31 26 8 18 49 36 51 48 26 6 33 34 54 16 48 
49 49 49 51 48 18 48 23 23 29 31 7 23 8 29 36 AQUIIII!!3 54 7 6 43 
31 26 54 6 23 
3 AQUIIII!!48 17 31 10 54 16 10 
23 16 36 17 31 33 51 5 36 17 9 49 43 3 33 7 48 43 54 3 
51 26 49 54 
AQUIIII!!54 23 10 33 37 43 17 48 9 4 51 16 26 49 5 36 
AQUIIII!!AQUIIII!!54 54 49 6 26 29 51 3 23 19 9 8 33 33 43 7 16 48 36 51 31 36 6 34 10 31 17 49 3 18 48 23 

AQUIIII!!AQUIIII!!49 54 54 3 51 43 48 48 6 19 8 3 23 7 31 49 29 6 18 34 8 51 16 31 7 26 36 17 34 23 33 36 

AQUIIII!!54 49 26 51 23 9 33 43 16 36 31 6 10 17 3 AQUIIII!!48 53 
52 20 19 38 0 22 44 57 33 18 58 34 50 11 36 
AQUIIII!!6 18 36 33 51 34 23 48 31 AQUIIII!!19 22 29 3 3 6 8 18 7 50 49 44 54 20 
34 51 23 41 19 8 7 36 54 
AQUIIII!!19 8 23 AQUIIII!!34 54 29 5 51 43 18 17 36 31 6 26 48 51 7 36 31 10 3 33 33 23 49 48 54 AQUIIII!!16 
4 9 26 49 23 3 10 
37 17 51 36 5 48 33 16 9 43 49 54 
AQUIIII!!26 16 51 8 6 17 7 43 AQUIIII!!48 36 49 23 36 31 3 8 23 7 31 18 34 48 54 34 
AQUIIII!!33 33 49 3 51 18 3 20 19 37 AQUIIII!!29 34 41 6 6 19 54 19 18 
8 36 49 23 23 50 29 8 7 6 36 34 54 51 51 20 
7 3 22 44 54 
AQUIIII!!54 7 23 10 49 33 16 17 AQUIIII!!48 54 6 16 31 9 36 37 26 49 51 43 3 23 43 17 
10 33 48 5 51 36 26 4 
AQUIIII!!54 16 36 23 51 31 48 17 10 9 3 43 AQUIIII!!26 49 49 54 5 20 33 18 
19 3 33 29 51 6 37 34 8 36 23 7 
AQUIIII!!36 12 34 58 13 11 0 22 33 57 50 32 38 AQUIIII!!20 17 52 9 53 
43 10 33 26 16 6 54 31 51 23 36 48 3 49 
AQUIIII!!37 55 1 47 33 12 38 56 15 25 34 14 27 13 21 59 
AQUIIII!!33 49 36 9 31 5 3 10 16 23 26 17 AQUIIII!!51 31 43 23 54 6 48 26 
48 18 49 8 3 17 AQUIIII!!29 23 51 17 7 31 34 6 36 34 54 7 
3 48 43 26 36 8 51 16 49 54 
AQUIIII!!54 18 6 23 48 AQUIIII!!26 8 49 51 29 AQUIIII!!29 8 54 18 36 7 26 34 34 51 17 6 17 49 31 49 36 7 9 37 3 3 33 51 43 19 
16 20 10 3 31 23 48 54 36 
33 6 23 
AQUIIII!!54 31 49 17 26 6 43 16 33 36 48 7 10 51 3 23 
AQUIIII!!51 9 17 6 16 48 31 43 36 33 49 23 10 26 3 54 
AQUIIII!!41 18 44 22 19 36 20 34 50 7 6 AQUIIII!!57 50 23 36 8 22 53 3 52 44 
7 20 AQUIIII!!41 41 18 18 19 44 34 22 8 19 6 36 23 20 54 34 51 50 
7 6 57 23 8 53 52 
AQUIIII!!AQUIIII!!51 49 54 6 10 36 43 33 26 19 36 23 9 3 4 20 17 18 23 37 37 51 5 8 33 34 49 7 48 29 16 54 

AQUIIII!!54 17 5 51 4 36 26 48 10 AQUIIII!!33 54 9 26 23 51 43 5 37 43 49 33 16 23 
17 36 10 16 4 9 37 49 48 
AQUIIII!!54 48 51 23 17 26 16 10 31 43 49 36 9 3 6 33 
AQUIIII!!33 25 37 56 55 1 12 47 27 38 13 34 14 15 AQUIIII!!21 54 59 48 
51 23 17 26 16 10 31 43 49 36 9 3 6 33 
AQUIIII!!18 50 8 22 20 41 23 52 44 36 6 19 7 34 3 54 
AQUIIII!!54 48 51 23 17 AQUIIII!!26 54 16 51 10 26 31 31 43 48 49 10 36 17 9 23 3 33 6 33 36 
6 16 7 43 3 49 
AQUIIII!!54 6 33 29 19 49 18 36 34 7 23 8 20 3 37 51 
AQUIIII!!54 17 48 33 10 3 49 6 31 36 26 51 43 16 23 9 
AQUIIII!!49 54 34 51 26 16 3 7 17 43 6 31 48 36 8 23 
AQUIIII!!54 34 7 3 19 29 33 8 37 23 18 20 36 51 49 6 
AQUIIII!!10 43 37 36 9 4 49 23 17 48 5 26 51 33 16 54 
AQUIIII!!33 36 8 34 37 3 18 51 49 19 6 29 23 20 7 54 
AQUIIII!!21 59 1 15 38 14 56 27 33 47 55 37 4 2 34 25 
AQUIIII!!54 33 3 51 23 AQUIIII!!43 54 16 4 9 36 26 5 48 17 17 10 10 43 49 26 48 36 49 31 51 6 16 
37 9 33 23 
AQUIIII!!54 51 36 20 50 23 22 8 34 19 7 18 44 3 41 6 
AQUIIII!!54 33 17 3 6 9 48 16 51 49 26 43 23 10 31 36 
AQUIIII!!54 33 49 29 7 51 6 23 48 31 36 8 3 19 34 18 
AQUIIII!!54 48 8 18 26 49 51 34 36 7 29 3 23 31 17 6 
AQUIIII!!54 48 8 18 26 49 51 34 36 7 29 3 23 31 17 6 
AQUIIII!!54 36 17 AQUIIII!!6 54 31 18 48 36 33 6 16 19 51 34 10 33 7 29 3 3 23 49 26 7 49 37 43 8 
20 23 51 
AQUIIII!!54 16 17 31 33 26 23 9 5 10 3 36 49 48 51 43 
AQUIIII!!54 18 3 48 19 49 8 51 34 31 36 6 33 7 23 29 
AQUIIII!!20 58 53 50 36 8 22 34 18 44 52 41 23 19 7 57 
AQUIIII!!7 8 6 54 19 31 33 3 18 49 36 51 34 23 48 29 
AQUIIII!!47 0 38 56 25 21 13 12 33 14 15 45 37 55 59 34 
AQUIIII!!54 23 26 6 36 31 3 48 10 16 51 49 17 43 7 33 
AQUIIII!!54 36 6 8 34 44 41 52 3 7 50 22 23 20 18 19 
AQUIIII!!54 3 31 7 34 49 8 36 51 23 18 6 29 19 48 33 
AQUIIII!!51 54 19 3 8 33 48 6 23 31 49 34 36 7 29 18 
AQUIIII!!6 51 36 17 7 10 49 3 26 43 48 33 16 31 23 54 
AQUIIII!!48 1 27 5 16 17 10 26 43 49 9 23 2 37 33 4 
AQUIIII!!21 59 13 25 55 38 34 47 37 14 27 12 56 15 33 1 
Number of Cuts in the second phase:2033
Number of repeat: 1981 
Violation: 126.000000
Violation: 313.000000
Violation: 223.000000
Violation: 303.000000
Violation: 477.000000
Violation: 141.000000
Violation: 657.000000
Violation: 136.000000
Violation: 398.000000
Violation: 654.000000
Violation: 375.000000
Violation: 559.000000
Violation: 325.000000
Violation: 301.000000
Violation: 269.000000
Violation: 604.000000
Violation: 738.000000
Violation: 56.000000
Violation: 798.000000
Violation: 281.000000
Violation: 675.000000
Violation: 166.000000
Violation: 588.000000
Violation: 49.000000
Violation: 94.000000
Violation: 149.000000
Violation: 70.000000
Violation: 197.000000
Violation: 272.000000
Violation: 258.000000
Violation: 503.000000
Violation: 267.000000
Violation: 614.000000
Violation: 382.000000
Violation: 70.000000
Violation: 680.000000
Violation: 932.000000
Violation: 978.000000
Violation: 25.000000
Violation: 584.000000
Violation: 360.000000
Violation: 221.000000
Violation: 386.000000
Violation: 590.000000
Violation: 778.000000
Violation: 1144.000000
Violation: 197.000000
Violation: 280.000000
Violation: 765.000000
Violation: 32.000000
Violation: 701.000000
Violation: 890.000000
took 6.135168
Optimize a model with 1065 rows, 906 columns and 13756 nonzeros
Coefficient statistics:
  Matrix range     [1e+00, 4e+01]
  Objective range  [0e+00, 0e+00]
  Bounds range     [1e+00, 4e+01]
  RHS range        [1e+00, 1e+02]
Presolve removed 766 rows and 115 columns
Presolve time: 0.00s
Presolved: 299 rows, 791 columns, 8643 nonzeros

Iteration    Objective       Primal Inf.    Dual Inf.      Time
       0    0.0000000e+00   4.716969e+01   0.000000e+00      0s
     144    0.0000000e+00   0.000000e+00   0.000000e+00      0s

Solved in 144 iterations and 0.01 seconds
Optimal objective  0.000000000e+00
