j3017_4.mm_s1.txt
Academic license - for non-commercial use only
Read LP format model from file lp/j3017_4.mm.lp
Reading time = 0.01 seconds
: 351 rows, 906 columns, 9053 nonzeros
OKGPU
nThreads: 1024 , nBlocks: 12 
Number cuts generated in the phase 1: 9
Number of repeat: 0 
violation 587.000000
violation 545.000000
violation 545.000000
violation 578.000000
violation 286.000000
violation 428.000000
violation 284.000000
violation 284.000000
violation 800.000000
8592 16
AQUIIII!!55 27 29 14 21 40 2 10 13 9 11 34 7 20 47 18 
AQUIIII!!55 34 17 21 29 9 13 10 2 14 20 7 27 AQUIIII!!55 18 24 40 23 11 37 
48 0 12 51 50 AQUIIII!!21 55 1 49 17 50 15 49 15 1 24 16 29 48 
16 37 0 21 51 12 17 23 29 
AQUIIII!!55 49 50 15 1 24 48 16 37 0 21 51 12 17 23 29 
AQUIIII!!37 17 51 21 0 2 15 24 29 12 1 9 7 16 27 AQUIIII!!55 55 
7 17 0 21 12 9 34 1 15 40 10 2 27 16 24 
AQUIIII!!10 29 AQUIIII!!7 2 34 18 9 52 20 34 40 9 11 13 14 27 10 20 29 40 47 21 14 47 11 55 13 
7 27 18 2 55 
AQUIIII!!AQUIIII!!21 55 10 7 9 16 17 10 11 34 27 16 21 2 40 2 17 29 12 15 13 11 0 27 15 9 
12 40 7 29 34 55 
AQUIIII!!55 49 50 1 37 2 0 51 16 24 AQUIIII!!27 55 17 21 15 15 29 27 12 17 21 2 
29 1 0 16 50 24 37 51 12 49 
AQUIIII!!55 14 40 AQUIIII!!2 55 29 16 21 12 20 0 34 51 27 27 7 29 18 24 10 15 13 2 47 17 11 37 9 7 
9 21 1 
AQUIIII!!55 16 13 34 2 17 AQUIIII!!11 55 9 49 29 50 27 40 1 7 37 15 2 12 0 21 51 10 16 
24 27 17 15 29 12 21 
AQUIIII!!55 49 50 1 37 2 0 51 16 24 27 17 15 29 12 21 
AQUIIII!!51 24 54 29 8 1 19 37 50 49 5 4 23 6 48 3 
AQUIIII!!10 9 7 29 17 2 40 21 11 27 34 16 15 13 14 55 
AQUIIII!!55 24 15 0 49 29 50 17 2 37 12 21 1 16 27 51 
AQUIIII!!15 40 17 34 29 9 13 27 16 10 11 2 7 14 AQUIIII!!29 21 37 55 0 
AQUIIII!!2 34 17 17 15 11 1 29 51 16 16 50 9 21 10 27 21 7 2 24 7 12 40 55 14 
AQUIIII!!13 13 27 7 15 21 55 2 
10 29 40 9 14 34 27 18 20 11 47 55 
AQUIIII!!55 11 34 15 7 16 17 27 10 21 2 12 29 0 40 9 
AQUIIII!!13 55 AQUIIII!!18 48 11 55 10 24 34 12 27 51 7 1 52 29 40 17 9 15 20 50 2 49 47 23 29 37 14 0 
21 16 
AQUIIII!!20 14 17 7 34 13 40 2 11 21 27 29 9 10 18 55 
AQUIIII!!55 9 21 34 18 7 40 2 14 16 27 13 29 11 17 10 
AQUIIII!!8 15 49 12 48 1 29 24 37 19 16 23 0 6 51 50 
AQUIIII!!16 7 21 9 12 AQUIIII!!55 40 50 11 29 23 29 37 27 15 49 2 48 24 17 0 15 17 21 34 51 10 12 1 55 16 
13 
AQUIIII!!29 1 23 3 54 24 19 4 8 48 49 37 51 5 50 6 
AQUIIII!!55 0 40 21 15 17 16 11 12 10 2 7 34 27 29 9 
AQUIIII!!55 13 29 16 2 40 11 9 14 18 10 17 27 7 21 34 
AQUIIII!!55 16 37 27 1 21 12 51 7 15 9 0 24 17 2 29 
AQUIIII!!55 16 12 27 11 40 AQUIIII!!10 47 15 2 9 52 7 2 20 10 29 21 13 7 17 27 13 55 34 18 
14 34 29 9 11 40 
AQUIIII!!7 29 27 14 20 9 34 47 18 52 40 10 2 13 11 55 
AQUIIII!!24 9 10 40 12 0 27 17 1 15 34 21 2 16 7 55 
AQUIIII!!55 7 27 34 16 29 40 9 2 21 17 11 10 15 12 0 
AQUIIII!!16 37 15 12 27 17 1 2 AQUIIII!!0 12 29 21 24 37 21 16 51 2 49 17 50 50 55 29 
51 0 27 1 24 15 7 AQUIIII!!55 17 
16 15 2 13 34 12 27 10 AQUIIII!!9 20 AQUIIII!!21 0 47 40 15 27 29 16 11 29 27 52 7 1 29 55 10 50 
2 2 11 37 7 21 12 34 AQUIIII!!17 9 9 51 14 40 24 40 55 14 18 49 7 13 
10 55 
17 29 11 2 27 18 AQUIIII!!34 20 16 47 21 27 13 29 52 55 
10 2 AQUIIII!!11 0 7 37 34 50 9 27 14 29 15 40 2 18 12 13 51 55 21 24 
16 49 1 17 55 
AQUIIII!!21 29 12 2 24 49 16 27 17 1 37 0 15 55 50 51 
AQUIIII!!AQUIIII!!2 14 7 11 27 16 29 13 18 27 11 40 13 17 14 2 52 21 9 9 40 7 10 18 20 34 34 29 47 10 55 55 

AQUIIII!!55 16 17 34 15 10 7 21 2 29 40 11 0 9 12 27 
AQUIIII!!55 37 15 12 27 51 17 24 1 50 29 21 2 16 7 0 
AQUIIII!!29 17 16 37 51 0 12 1 9 24 7 27 21 15 2 55 
AQUIIII!!9 13 21 34 14 15 7 27 2 40 10 17 11 16 29 55 
AQUIIII!!13 55 2 18 40 29 9 20 14 7 11 10 21 47 34 27 
AQUIIII!!55 16 37 48 49 23 17 1 12 15 24 51 21 29 50 0 
AQUIIII!!29 10 15 11 34 27 40 21 9 13 16 14 7 17 2 55 
AQUIIII!!AQUIIII!!12 12 10 21 9 16 15 16 15 34 7 2 40 40 24 10 0 9 21 27 2 17 34 24 1 0 27 7 1 17 55 55 

AQUIIII!!55 21 12 13 2 15 40 11 7 16 29 17 34 27 10 9 
AQUIIII!!55 51 15 24 0 7 9 29 1 2 17 21 12 16 37 27 
AQUIIII!!55 11 17 AQUIIII!!34 49 27 4 13 48 14 1 7 37 29 8 9 54 15 6 2 19 16 5 40 3 21 50 10 29 
51 23 24 
AQUIIII!!1 48 15 17 29 21 49 23 16 51 37 24 0 50 12 55 
AQUIIII!!10 2 40 11 34 20 9 7 47 13 14 27 29 21 18 55 
AQUIIII!!55 34 7 11 2 10 9 29 16 18 21 27 14 13 17 40 
AQUIIII!!55 10 9 17 2 40 27 29 16 13 14 18 21 34 7 11 
AQUIIII!!37 23 6 22 8 52 4 5 3 54 29 19 49 53 48 50 
AQUIIII!!13 34 27 7 14 21 17 2 9 29 10 15 40 AQUIIII!!16 34 55 2 11 21 
11 7 10 9 40 27 16 13 18 17 29 55 14 
AQUIIII!!0 12 16 27 40 7 9 15 29 10 11 17 34 2 21 55 
AQUIIII!!55 16 9 12 2 7 29 10 21 27 17 15 13 11 28 22 
AQUIIII!!55 49 50 51 21 12 16 37 29 1 15 0 17 AQUIIII!!24 0 2 50 27 
2 15 17 29 51 21 12 1 27 37 24 49 55 16 
AQUIIII!!50 51 6 49 4 48 5 37 24 43 0 31 8 19 12 1 
AQUIIII!!55 2 40 7 27 12 34 21 17 0 16 10 1 15 24 9 
AQUIIII!!14 9 2 17 29 20 21 7 11 40 18 34 13 27 10 55 
AQUIIII!!13 AQUIIII!!34 55 2 AQUIIII!!27 18 55 29 10 17 24 20 11 37 11 10 29 15 21 14 16 29 21 7 14 27 20 17 40 7 9 17 18 2 7 27 9 12 40 55 0 13 
51 2 1 9 21 34 

AQUIIII!!55 16 21 40 27 1 34 9 AQUIIII!!17 15 55 0 47 7 18 24 29 12 10 10 2 20 
14 40 34 AQUIIII!!27 55 21 12 9 17 7 9 11 16 13 2 2 51 
1 24 37 29 21 15 0 7 27 
AQUIIII!!55 16 9 21 7 10 13 27 15 12 29 11 34 40 17 2 
AQUIIII!!34 2 9 40 29 21 47 10 20 18 13 7 27 11 14 55 
AQUIIII!!29 9 7 18 14 16 10 13 27 2 40 21 34 11 17 55 
AQUIIII!!9 47 10 29 13 52 7 40 2 20 34 27 14 18 55 11 
AQUIIII!!2 24 21 27 29 12 15 7 1 37 9 17 0 51 55 16 
AQUIIII!!55 17 13 21 11 14 29 20 9 10 34 40 18 7 2 27 
AQUIIII!!55 24 0 1 16 15 12 49 29 21 50 27 37 17 2 51 
AQUIIII!!20 11 34 14 18 27 13 40 2 10 29 9 21 7 47 55 
AQUIIII!!37 1 12 2 27 16 9 0 7 21 29 17 51 15 24 55 
AQUIIII!!55 10 34 9 18 27 2 14 20 40 52 47 11 7 29 13 
AQUIIII!!17 37 50 1 16 51 2 0 21 12 29 27 15 24 7 55 
AQUIIII!!21 14 7 9 40 17 34 13 10 11 18 2 27 29 20 55 
AQUIIII!!50 51 6 29 0 15 12 8 37 23 24 1 16 48 19 49 
AQUIIII!!40 2 16 11 27 29 13 7 15 9 21 17 34 14 10 55 
AQUIIII!!16 24 34 27 15 10 7 0 17 12 9 40 21 1 2 55 
AQUIIII!!55 11 9 17 34 29 21 27 14 13 40 7 2 20 18 10 
AQUIIII!!16 27 29 21 12 40 11 0 34 17 10 15 AQUIIII!!9 2 13 7 55 55 2 
52 47 10 20 18 27 9 7 34 11 29 14 40 
AQUIIII!!34 7 9 27 21 13 12 17 15 40 2 29 10 16 55 11 
AQUIIII!!55 16 40 9 12 29 27 7 15 0 34 2 11 10 21 17 
AQUIIII!!55 9 13 17 16 2 14 27 AQUIIII!!34 55 11 34 7 2 10 16 18 21 21 7 40 1 29 15 
0 9 27 10 24 40 17 12 
AQUIIII!!21 0 27 17 51 7 16 24 29 15 1 2 37 12 50 55 
AQUIIII!!14 27 13 29 34 40 10 17 2 21 9 16 15 7 11 55 
AQUIIII!!9 40 11 21 29 0 2 10 15 7 16 12 34 17 27 55 
AQUIIII!!12 15 0 50 1 7 2 37 17 29 21 16 51 24 27 55 
AQUIIII!!20 21 27 9 34 2 40 29 18 7 11 47 14 10 55 13 
AQUIIII!!37 1 12 50 15 0 23 24 16 29 48 17 49 51 21 55 
AQUIIII!!55 17 40 29 2 9 10 AQUIIII!!12 10 27 40 34 24 AQUIIII!!16 1 55 15 17 15 11 9 12 21 7 17 21 7 2 12 0 29 2 
11 16 7 27 21 34 10 15 13 0 40 55 9 
27 34 16 
AQUIIII!!55 11 17 27 16 0 7 21 9 34 40 10 2 12 29 15 
AQUIIII!!55 27 10 11 17 16 21 2 34 9 29 7 15 13 14 40 
AQUIIII!!2 34 9 7 10 21 29 16 14 13 11 17 15 27 40 55 
AQUIIII!!27 7 11 2 14 13 10 47 29 18 40 52 20 34 9 55 
AQUIIII!!AQUIIII!!55 27 34 34 11 2 29 24 7 15 21 0 0 40 40 17 10 9 17 10 15 7 16 16 12 21 2 1 9 12 27 55 

AQUIIII!!20 9 2 10 11 14 34 21 13 27 40 29 17 7 18 55 
AQUIIII!!29 24 48 51 16 37 49 AQUIIII!!15 49 21 12 50 1 0 51 17 23 12 16 1 50 23 17 55 0 
24 21 37 15 29 48 55 
AQUIIII!!55 17 37 50 21 51 12 27 49 29 24 16 2 0 15 1 
AQUIIII!!55 23 48 24 50 49 29 16 AQUIIII!!1 1 12 37 15 51 17 12 51 24 0 21 50 16 37 29 
21 2 15 17 7 0 27 55 
AQUIIII!!55 24 50 15 51 37 1 27 21 17 0 16 29 2 12 7 
AQUIIII!!55 20 7 29 40 11 17 21 18 10 9 27 2 13 14 34 
AQUIIII!!55 15 23 50 37 0 24 51 AQUIIII!!49 55 1 27 16 48 15 21 12 29 11 16 9 17 34 29 12 21 
10 7 2 17 40 13 
AQUIIII!!7 27 13 34 29 20 9 18 10 21 11 2 47 40 AQUIIII!!14 14 55 55 29 
9 13 40 11 16 2 34 27 17 18 10 7 21 
AQUIIII!!16 12 21 34 40 2 9 29 13 15 10 11 27 7 17 55 
AQUIIII!!27 16 2 49 50 37 1 12 51 0 24 21 29 15 17 55 
AQUIIII!!12 34 40 2 7 29 0 21 17 11 10 9 16 15 27 55 
AQUIIII!!16 17 15 7 21 40 9 29 11 27 13 2 34 14 10 AQUIIII!!55 16 
12 29 40 10 9 2 21 0 11 27 17 15 34 7 55 
AQUIIII!!55 37 51 49 0 27 50 12 15 16 2 24 29 21 17 1 
AQUIIII!!55 18 11 27 21 20 9 2 29 17 13 AQUIIII!!14 40 0 7 50 10 15 34 
27 24 1 51 37 12 16 17 2 29 21 55 49 
AQUIIII!!55 15 29 50 16 51 2 0 17 24 37 1 21 7 12 27 
AQUIIII!!29 13 34 9 21 11 10 27 7 40 14 2 15 16 17 55 
AQUIIII!!18 9 14 34 20 2 7 47 52 29 13 10 27 11 40 55 
AQUIIII!!55 27 10 13 18 17 2 16 11 21 29 9 40 34 7 AQUIIII!!14 
11 14 40 27 9 47 13 34 20 10 52 18 7 2 29 55 
AQUIIII!!55 10 27 1 15 17 7 2 16 9 40 34 0 21 12 24 
AQUIIII!!50 51 55 27 29 16 1 2 15 0 12 21 49 24 37 17 
AQUIIII!!37 3 8 54 1 29 51 24 48 19 5 23 49 6 50 4 
AQUIIII!!55 11 16 14 13 7 2 21 29 10 9 18 34 27 40 17 
AQUIIII!!55 AQUIIII!!11 55 14 15 2 17 17 12 7 37 21 7 10 24 9 29 40 2 16 1 21 29 34 16 15 0 27 51 50 13 27 

AQUIIII!!15 29 0 37 2 21 1 51 17 16 12 7 27 9 24 55 
AQUIIII!!55 7 9 27 40 AQUIIII!!29 27 20 18 11 29 2 13 14 18 34 17 17 40 34 7 14 13 2 10 21 21 10 16 
11 AQUIIII!!9 55 55 9 
17 12 34 1 10 16 0 21 24 40 15 2 27 7 
AQUIIII!!55 27 9 20 2 40 17 7 29 14 13 34 21 18 11 10 
AQUIIII!!2 17 11 9 29 7 27 40 10 34 16 21 15 13 14 55 
AQUIIII!!55 15 21 16 37 12 29 23 17 49 48 24 1 51 0 50 
AQUIIII!!34 15 14 7 13 10 11 17 27 21 40 29 2 9 55 16 
AQUIIII!!0 24 17 48 16 50 29 21 49 1 51 12 23 15 37 55 
Number of Cuts in the second phase:4192
Number of repeat: 3815 
Violation: 1200.000000
Violation: 846.000000
Violation: 102.000000
Violation: 438.000000
Violation: 218.000000
Violation: 600.000000
Violation: 226.000000
Violation: 257.000000
Violation: 342.000000
Violation: 313.000000
Violation: 771.000000
Violation: 184.000000
Violation: 327.000000
Violation: 327.000000
Violation: 384.000000
Violation: 342.000000
Violation: 175.000000
Violation: 600.000000
Violation: 171.000000
Violation: 1200.000000
Violation: 171.000000
Violation: 730.000000
Violation: 403.000000
Violation: 284.000000
Violation: 513.000000
Violation: 711.000000
Violation: 98.000000
Violation: 587.000000
Violation: 408.000000
Violation: 200.000000
Violation: 484.000000
Violation: 513.000000
Violation: 511.000000
Violation: 82.000000
Violation: 514.000000
Violation: 228.000000
Violation: 339.000000
Violation: 164.000000
Violation: 226.000000
Violation: 257.000000
Violation: 611.000000
Violation: 228.000000
Violation: 400.000000
Violation: 698.000000
Violation: 787.000000
Violation: 428.000000
Violation: 342.000000
Violation: 218.000000
Violation: 1200.000000
Violation: 342.000000
Violation: 218.000000
Violation: 170.000000
Violation: 397.000000
Violation: 397.000000
Violation: 354.000000
Violation: 262.000000
Violation: 8.000000
Violation: 109.000000
Violation: 179.000000
Violation: 199.000000
Violation: 1084.000000
Violation: 1165.000000
Violation: 432.000000
Violation: 171.000000
Violation: 109.000000
Violation: 400.000000
Violation: 328.000000
Violation: 600.000000
Violation: 98.000000
Violation: 262.000000
Violation: 171.000000
Violation: 182.000000
Violation: 1102.000000
Violation: 255.000000
Violation: 626.000000
Violation: 617.000000
Violation: 388.000000
Violation: 572.000000
Violation: 256.000000
Violation: 626.000000
Violation: 763.000000
Violation: 401.000000
Violation: 98.000000
Violation: 412.000000
Violation: 456.000000
Violation: 406.000000
Violation: 611.000000
Violation: 222.000000
Violation: 254.000000
Violation: 678.000000
Violation: 404.000000
Violation: 132.000000
Violation: 257.000000
Violation: 53.000000
Violation: 935.000000
Violation: 620.000000
Violation: 455.000000
Violation: 292.000000
Violation: 425.000000
Violation: 113.000000
Violation: 370.000000
Violation: 812.000000
Violation: 736.000000
Violation: 284.000000
Violation: 654.000000
Violation: 428.000000
Violation: 342.000000
Violation: 113.000000
Violation: 54.000000
Violation: 327.000000
Violation: 511.000000
Violation: 602.000000
Violation: 171.000000
Violation: 171.000000
Violation: 200.000000
Violation: 339.000000
Violation: 428.000000
Violation: 753.000000
Violation: 654.000000
Violation: 872.000000
Violation: 200.000000
Violation: 611.000000
Violation: 655.000000
Violation: 350.000000
Violation: 713.000000
Violation: 455.000000
Violation: 446.000000
Violation: 155.000000
Violation: 394.000000
Violation: 55.000000
Violation: 455.000000
Violation: 681.000000
Violation: 285.000000
Violation: 55.000000
Violation: 263.000000
Violation: 649.000000
Violation: 1084.000000
Violation: 832.000000
Violation: 226.000000
Violation: 85.000000
Violation: 328.000000
Violation: 327.000000
Violation: 730.000000
Violation: 548.000000
Violation: 400.000000
Violation: 101.000000
Violation: 513.000000
Violation: 564.000000
Violation: 654.000000
Violation: 514.000000
Violation: 359.000000
Violation: 200.000000
Violation: 288.000000
Violation: 463.000000
Violation: 611.000000
Violation: 370.000000
Violation: 514.000000
Violation: 370.000000
Violation: 1028.000000
Violation: 828.000000
Violation: 428.000000
Violation: 38.000000
Violation: 485.000000
Violation: 394.000000
Violation: 771.000000
Violation: 113.000000
Violation: 806.000000
Violation: 284.000000
Violation: 506.000000
Violation: 763.000000
Violation: 393.000000
Violation: 261.000000
Violation: 455.000000
Violation: 428.000000
Violation: 284.000000
Violation: 561.000000
Violation: 1646.000000
Violation: 443.000000
Violation: 149.000000
Violation: 178.000000
Violation: 293.000000
Violation: 521.000000
Violation: 1174.000000
Violation: 617.000000
Violation: 113.000000
Violation: 284.000000
Violation: 200.000000
Violation: 199.000000
Violation: 884.000000
Violation: 748.000000
Violation: 407.000000
Violation: 330.000000
Violation: 292.000000
Violation: 198.000000
Violation: 770.000000
Violation: 458.000000
Violation: 513.000000
Violation: 632.000000
Violation: 542.000000
Violation: 420.000000
Violation: 339.000000
Violation: 938.000000
Violation: 542.000000
Violation: 319.000000
Violation: 310.000000
Violation: 775.000000
Violation: 368.000000
Violation: 685.000000
Violation: 341.000000
Violation: 606.000000
Violation: 599.000000
Violation: 398.000000
Violation: 339.000000
Violation: 359.000000
Violation: 510.000000
Violation: 145.000000
Violation: 370.000000
Violation: 677.000000
Violation: 762.000000
Violation: 28.000000
Violation: 200.000000
Violation: 424.000000
Violation: 141.000000
Violation: 798.000000
Violation: 569.000000
Violation: 620.000000
Violation: 341.000000
Violation: 872.000000
Violation: 1090.000000
Violation: 339.000000
Violation: 388.000000
Violation: 689.000000
Violation: 668.000000
Violation: 222.000000
Violation: 348.000000
Violation: 200.000000
Violation: 936.000000
Violation: 199.000000
Violation: 199.000000
Violation: 397.000000
Violation: 456.000000
Violation: 198.000000
Violation: 318.000000
Violation: 939.000000
Violation: 358.000000
Violation: 199.000000
Violation: 342.000000
Violation: 798.000000
Violation: 1246.000000
Violation: 446.000000
Violation: 318.000000
Violation: 569.000000
Violation: 606.000000
Violation: 766.000000
Violation: 123.000000
Violation: 869.000000
Violation: 660.000000
Violation: 537.000000
Violation: 507.000000
Violation: 1000.000000
Violation: 432.000000
Violation: 542.000000
Violation: 747.000000
Violation: 148.000000
Violation: 1000.000000
Violation: 498.000000
Violation: 340.000000
Violation: 109.000000
Violation: 968.000000
Violation: 718.000000
Violation: 339.000000
Violation: 98.000000
Violation: 69.000000
Violation: 1548.000000
Violation: 113.000000
Violation: 541.000000
Violation: 603.000000
Violation: 222.000000
Violation: 243.000000
Violation: 977.000000
Violation: 510.000000
Violation: 476.000000
Violation: 1298.000000
Violation: 616.000000
Violation: 1298.000000
Violation: 276.000000
Violation: 599.000000
Violation: 226.000000
Violation: 364.000000
Violation: 374.000000
Violation: 444.000000
Violation: 543.000000
Violation: 185.000000
Violation: 105.000000
Violation: 1046.000000
Violation: 393.000000
Violation: 771.000000
Violation: 510.000000
Violation: 443.000000
Violation: 577.000000
Violation: 740.000000
Violation: 841.000000
Violation: 1090.000000
Violation: 436.000000
Violation: 981.000000
Violation: 800.000000
Violation: 786.000000
Violation: 475.000000
Violation: 413.000000
Violation: 311.000000
Violation: 850.000000
Violation: 199.000000
Violation: 915.000000
Violation: 599.000000
Violation: 652.000000
Violation: 678.000000
Violation: 432.000000
Violation: 542.000000
Violation: 185.000000
Violation: 631.000000
Violation: 175.000000
Violation: 366.000000
Violation: 569.000000
Violation: 480.000000
Violation: 569.000000
Violation: 681.000000
Violation: 339.000000
Violation: 930.000000
Violation: 112.000000
Violation: 769.000000
Violation: 428.000000
Violation: 350.000000
Violation: 424.000000
Violation: 1462.000000
Violation: 888.000000
Violation: 71.000000
Violation: 72.000000
Violation: 677.000000
Violation: 559.000000
Violation: 414.000000
Violation: 342.000000
Violation: 541.000000
Violation: 373.000000
Violation: 409.000000
Violation: 370.000000
Violation: 259.000000
Violation: 397.000000
Violation: 454.000000
Violation: 684.000000
Violation: 989.000000
Violation: 713.000000
Violation: 294.000000
Violation: 428.000000
Violation: 15.000000
Violation: 1037.000000
Violation: 869.000000
Violation: 565.000000
Violation: 254.000000
Violation: 450.000000
Violation: 311.000000
Violation: 298.000000
Violation: 763.000000
Violation: 681.000000
Violation: 144.000000
Violation: 740.000000
Violation: 684.000000
Violation: 682.000000
Violation: 544.000000
Violation: 769.000000
Violation: 623.000000
Violation: 476.000000
Violation: 912.000000
Violation: 1156.000000
Violation: 426.000000
Violation: 257.000000
Violation: 551.000000
Violation: 275.000000
7404 16
AQUIIII!!55 10 16 0 29 2 40 17 7 21 27 9 12 34 15 11 
AQUIIII!!AQUIIII!!55 55 21 2 15 7 7 20 10 AQUIIII!!13 13 55 29 14 18 AQUIIII!!40 17 55 47 16 10 34 2 11 14 9 34 17 9 40 10 34 21 21 14 18 29 17 9 AQUIIII!!9 7 27 40 55 11 27 40 11 29 10 2 34 20 13 21 
11 2 13 9 
10 52 18 14 29 34 16 27 11 15 7 27 20 

14 29 17 40 2 13 27 7 
AQUIIII!!55 9 14 11 47 18 21 40 10 13 27 20 7 34 2 29 
AQUIIII!!4 37 6 51 54 23 24 5 8 1 29 19 49 48 3 50 
AQUIIII!!19 5 22 52 53 6 3 37 23 8 54 4 29 49 47 48 
AQUIIII!!2 51 0 16 29 49 50 27 12 15 21 AQUIIII!!1 27 17 AQUIIII!!29 37 55 10 7 24 21 34 55 14 18 52 
9 40 40 17 2 29 13 20 34 27 14 7 13 11 2 47 16 
9 AQUIIII!!10 29 11 17 18 9 55 21 
10 2 7 27 AQUIIII!!14 15 16 27 11 10 18 16 40 13 13 7 34 AQUIIII!!55 9 55 27 
14 12 17 29 34 16 15 2 37 21 21 40 7 17 29 9 11 0 55 24 
51 1 2 
AQUIIII!!16 55 14 40 29 11 13 7 10 34 15 17 27 9 2 21 
AQUIIII!!17 29 1 21 0 37 15 12 48 50 24 49 51 16 23 55 
AQUIIII!!12 2 AQUIIII!!27 29 51 16 17 16 7 27 9 7 24 10 17 9 15 34 21 21 1 40 0 12 29 2 37 15 55 11 
0 55 
AQUIIII!!1 9 21 29 2 16 51 37 7 0 24 17 15 27 12 55 
AQUIIII!!9 11 27 10 14 29 21 20 2 34 47 18 40 7 13 55 
AQUIIII!!10 29 27 15 17 11 2 9 34 21 AQUIIII!!7 34 16 17 40 12 13 2 14 13 55 21 
15 11 AQUIIII!!16 15 AQUIIII!!27 37 15 29 17 24 0 7 21 12 9 1 48 29 10 0 50 40 23 51 1 55 49 
37 50 17 12 29 2 16 51 55 
21 24 16 49 27 55 
AQUIIII!!AQUIIII!!7 2 14 12 AQUIIII!!11 40 1 13 27 37 21 21 17 34 34 50 17 2 51 16 40 24 7 27 16 9 47 27 29 10 15 11 18 12 10 9 0 0 29 7 15 20 2 55 55 21 

29 55 
AQUIIII!!55 40 13 29 34 16 9 17 27 14 21 2 AQUIIII!!11 55 10 47 7 27 15 10 
18 52 40 11 14 29 9 7 13 34 2 20 AQUIIII!!
55 16 2 9 27 1 17 12 10 0 15 7 34 40 24 21 
AQUIIII!!55 20 27 34 9 7 17 21 18 11 14 2 40 10 29 13 
AQUIIII!!34 12 0 24 21 7 27 10 1 17 16 15 9 2 40 55 
AQUIIII!!29 11 10 13 17 2 7 21 40 27 9 AQUIIII!!18 55 20 9 34 34 14 10 55 11 
16 29 AQUIIII!!13 47 2 10 17 29 14 27 7 2 52 18 40 40 7 21 14 27 34 
20 9 13 18 11 55 
AQUIIII!!55 7 51 21 16 27 12 29 24 0 1 17 2 50 15 37 
AQUIIII!!14 55 9 2 7 13 29 27 40 10 18 34 11 47 20 21 
AQUIIII!!27 18 34 2 13 20 14 40 10 29 9 47 7 52 11 55 
AQUIIII!!52 40 27 9 10 2 29 34 11 18 7 20 13 47 14 55 
AQUIIII!!10 13 11 16 34 40 21 27 2 14 17 18 29 7 9 55 
AQUIIII!!55 9 27 21 24 37 2 0 51 1 29 7 15 12 16 AQUIIII!!52 17 40 
AQUIIII!!27 55 9 23 10 37 2 51 29 50 34 11 16 18 29 7 0 20 1 24 13 47 17 14 21 55 49 
48 15 12 
AQUIIII!!55 17 40 7 34 29 2 27 16 11 15 9 0 12 21 10 
AQUIIII!!34 17 11 9 16 7 10 29 15 12 2 21 27 40 13 55 
AQUIIII!!55 27 2 12 37 7 50 21 16 1 17 0 51 15 24 29 
AQUIIII!!40 9 7 21 29 12 27 10 34 11 15 2 16 13 17 55 
AQUIIII!!7 1 21 29 9 12 2 24 27 0 51 15 16 37 17 55 
AQUIIII!!40 7 2 11 9 47 20 21 AQUIIII!!10 55 29 29 14 34 18 9 34 20 AQUIIII!!27 11 55 52 55 13 13 7 
40 40 2 0 47 29 18 16 27 34 11 7 14 10 10 2 9 
21 12 15 17 27 
AQUIIII!!55 13 18 14 9 34 7 2 11 27 10 21 40 20 29 47 
AQUIIII!!55 7 20 27 52 34 14 10 9 2 18 40 13 29 11 47 
AQUIIII!!14 20 10 27 2 9 7 52 34 29 13 40 47 11 18 55 
AQUIIII!!55 16 2 27 50 15 12 AQUIIII!!21 55 1 0 15 AQUIIII!!49 29 17 17 21 51 27 2 29 24 24 37 15 0 24 12 51 
37 16 16 17 1 0 27 21 37 49 49 50 12 51 50 29 
1 2 55 
AQUIIII!!55 21 1 10 7 0 17 16 34 12 27 24 9 15 2 40 
AQUIIII!!21 15 34 7 11 13 29 10 9 40 16 17 2 14 27 55 
AQUIIII!!27 14 34 9 18 40 20 10 7 21 2 29 17 11 13 55 
AQUIIII!!11 55 10 34 27 20 18 2 29 40 47 13 7 14 9 21 
AQUIIII!!55 51 21 15 2 1 17 16 24 50 29 12 0 37 7 27 
AQUIIII!!55 23 50 0 16 51 49 21 29 12 15 1 48 24 17 37 
AQUIIII!!55 2 13 7 21 40 10 9 34 11 20 27 14 29 18 17 
AQUIIII!!27 50 21 0 2 17 15 29 7 16 24 37 51 1 12 55 
AQUIIII!!55 17 27 13 29 11 16 14 7 10 34 40 2 9 18 21 
AQUIIII!!55 2 27 47 14 52 29 7 40 34 13 18 10 9 20 11 
AQUIIII!!53 13 47 54 18 11 9 29 10 40 3 28 52 14 34 20 
AQUIIII!!15 1 24 27 12 50 16 49 0 2 37 51 29 17 21 55 
AQUIIII!!34 20 2 10 13 9 27 18 21 14 17 7 40 29 55 11 
AQUIIII!!16 0 1 21 51 27 24 29 17 7 9 37 12 2 15 55 
AQUIIII!!55 7 21 24 0 37 51 29 1 27 17 16 2 50 15 12 
AQUIIII!!55 16 14 29 18 17 11 13 2 7 AQUIIII!!9 55 27 21 51 10 16 34 15 40 9 
27 7 17 1 29 21 2 12 24 0 37 
AQUIIII!!55 11 17 15 16 29 27 12 10 40 2 7 9 13 34 21 
AQUIIII!!55 29 10 15 9 27 21 16 34 7 17 40 2 0 12 11 
AQUIIII!!2 47 52 29 11 34 40 13 55 27 9 7 20 10 14 18 
AQUIIII!!17 11 2 34 18 9 27 10 7 20 21 29 13 40 14 55 
AQUIIII!!17 11 2 34 18 9 27 10 7 20 21 29 13 40 14 55 
AQUIIII!!55 27 2 9 52 47 7 29 18 20 10 34 13 14 11 40 
AQUIIII!!55 18 52 34 29 20 14 40 11 27 47 13 9 7 10 2 
AQUIIII!!51 54 53 22 8 4 6 37 23 19 29 5 50 49 3 48 
AQUIIII!!2 20 13 11 34 47 AQUIIII!!40 7 18 16 27 27 10 21 9 7 34 21 2 29 29 55 11 14 18 
14 17 10 9 13 40 55 
AQUIIII!!10 14 15 16 17 9 13 11 7 2 27 21 34 29 40 55 
AQUIIII!!55 2 21 16 34 10 7 40 9 27 29 11 14 18 13 17 
AQUIIII!!50 6 4 54 22 37 23 8 48 29 3 5 49 19 52 53 
AQUIIII!!23 37 29 17 1 24 0 19 15 12 21 50 16 51 49 48 
AQUIIII!!13 27 7 10 34 20 29 17 11 21 18 40 14 9 2 55 
AQUIIII!!2 47 9 27 29 34 52 14 11 40 20 18 53 7 13 10 AQUIIII!!
55 14 2 47 13 21 18 9 29 11 7 10 20 34 27 40 
AQUIIII!!14 34 40 2 18 11 29 21 20 10 47 9 27 7 13 55 
AQUIIII!!14 34 40 2 18 11 29 21 20 10 47 9 27 7 13 55 
AQUIIII!!55 21 12 15 50 51 0 24 1 37 16 29 AQUIIII!!55 23 49 14 29 17 16 48 9 
11 13 7 10 34 27 2 15 17 40 21 
AQUIIII!!55 17 7 40 29 34 21 9 15 13 10 11 27 14 2 16 
AQUIIII!!48 55 23 21 12 49 37 15 16 17 24 50 51 29 0 1 
AQUIIII!!21 AQUIIII!!11 0 1 0 2 9 24 40 15 27 16 12 29 17 7 51 21 15 7 12 9 34 16 37 27 29 17 55 
2 10 55 
AQUIIII!!19 5 29 22 54 53 52 20 4 23 37 6 8 48 3 47 
AQUIIII!!55 24 50 2 51 37 16 17 1 0 27 15 21 49 12 29 
AQUIIII!!55 10 40 9 0 7 27 11 15 12 29 17 16 34 2 21 
AQUIIII!!1 29 17 48 16 21 0 51 37 49 15 23 50 12 24 55 
AQUIIII!!55 13 9 27 10 21 17 2 18 7 29 14 16 40 11 34 
AQUIIII!!14 55 10 21 7 16 2 29 40 11 9 15 27 17 13 34 
AQUIIII!!2 12 29 16 27 15 50 21 24 1 49 17 51 37 0 55 
AQUIIII!!17 12 15 21 AQUIIII!!13 55 40 27 27 12 11 11 29 2 34 7 29 2 9 10 0 9 7 34 15 16 16 55 17 
40 10 21 
AQUIIII!!50 52 48 5 4 19 37 23 3 29 8 53 54 22 49 6 
AQUIIII!!9 7 13 27 11 12 21 16 34 29 2 40 17 15 10 55 
AQUIIII!!27 17 40 7 34 29 11 14 16 21 13 9 10 2 18 55 
AQUIIII!!55 16 27 50 24 29 51 15 12 1 17 21 0 2 37 7 
AQUIIII!!55 14 29 16 9 11 13 7 10 34 27 2 15 17 40 21 
AQUIIII!!52 50 49 37 19 8 4 5 3 48 22 53 23 54 6 29 
AQUIIII!!55 0 37 15 17 16 21 2 1 24 27 12 7 51 50 29 
AQUIIII!!2 0 16 17 15 21 1 27 9 24 51 29 12 37 7 55 
AQUIIII!!16 55 27 2 9 11 10 15 29 21 7 40 17 34 0 12 
AQUIIII!!37 24 31 19 1 51 8 5 43 12 6 0 48 50 49 4 
AQUIIII!!17 0 2 12 7 29 11 10 9 40 27 34 15 21 16 55 
AQUIIII!!55 15 14 34 9 10 17 27 21 40 13 7 11 2 16 29 
AQUIIII!!55 16 50 17 51 2 AQUIIII!!1 51 0 37 21 50 15 2 29 27 12 17 24 21 7 12 27 49 37 15 
1 AQUIIII!!29 27 24 17 0 37 16 21 55 9 
15 12 0 16 29 24 7 51 2 1 55 
AQUIIII!!55 17 7 34 40 10 29 2 21 12 15 13 27 16 9 11 
AQUIIII!!12 29 34 17 2 7 9 15 40 21 13 10 11 27 16 55 
AQUIIII!!55 47 29 52 14 7 9 13 20 11 40 10 18 34 27 2 
AQUIIII!!16 13 12 15 27 21 10 7 2 11 40 17 9 34 29 55 
AQUIIII!!1 9 17 34 16 24 0 27 12 7 10 21 2 40 15 55 
AQUIIII!!49 4 8 0 1 43 51 6 31 19 48 24 37 3 50 5 
AQUIIII!!17 2 27 9 7 29 40 18 21 11 10 14 34 16 13 55 
Number of Cuts in the second phase:3579
Number of repeat: 3442 
Violation: 398.000000
Violation: 825.000000
Violation: 939.000000
Violation: 341.000000
Violation: 501.000000
Violation: 973.000000
Violation: 990.000000
Violation: 1005.000000
Violation: 302.000000
Violation: 1298.000000
Violation: 54.000000
Violation: 773.000000
Violation: 1318.000000
Violation: 223.000000
Violation: 971.000000
Violation: 1056.000000
Violation: 288.000000
Violation: 748.000000
Violation: 527.000000
Violation: 790.000000
Violation: 598.000000
Violation: 370.000000
Violation: 345.000000
Violation: 492.000000
Violation: 298.000000
Violation: 995.000000
Violation: 284.000000
Violation: 514.000000
Violation: 555.000000
Violation: 470.000000
Violation: 542.000000
Violation: 835.000000
Violation: 542.000000
Violation: 168.000000
Violation: 364.000000
Violation: 113.000000
Violation: 654.000000
Violation: 275.000000
Violation: 269.000000
Violation: 456.000000
Violation: 572.000000
Violation: 973.000000
Violation: 219.000000
Violation: 654.000000
Violation: 319.000000
Violation: 174.000000
Violation: 589.000000
Violation: 574.000000
Violation: 568.000000
Violation: 498.000000
Violation: 37.000000
Violation: 763.000000
Violation: 275.000000
Violation: 636.000000
Violation: 331.000000
Violation: 255.000000
Violation: 541.000000
Violation: 371.000000
Violation: 623.000000
Violation: 685.000000
Violation: 644.000000
Violation: 710.000000
Violation: 223.000000
Violation: 771.000000
Violation: 342.000000
Violation: 542.000000
Violation: 43.000000
Violation: 428.000000
Violation: 370.000000
Violation: 455.000000
Violation: 85.000000
Violation: 147.000000
Violation: 444.000000
Violation: 114.000000
Violation: 861.000000
Violation: 635.000000
Violation: 802.000000
Violation: 255.000000
Violation: 1130.000000
Violation: 569.000000
Violation: 339.000000
Violation: 285.000000
Violation: 284.000000
Violation: 262.000000
Violation: 633.000000
Violation: 14.000000
Violation: 567.000000
Violation: 313.000000
Violation: 971.000000
Violation: 528.000000
Violation: 846.000000
Violation: 485.000000
Violation: 299.000000
Violation: 342.000000
Violation: 852.000000
Violation: 394.000000
Violation: 572.000000
Violation: 168.000000
Violation: 1036.000000
Violation: 724.000000
Violation: 541.000000
Violation: 316.000000
Violation: 1173.000000
Violation: 569.000000
Violation: 712.000000
Violation: 1033.000000
Violation: 510.000000
Violation: 912.000000
Violation: 662.000000
Violation: 218.000000
Violation: 46.000000
Violation: 385.000000
Violation: 1005.000000
Violation: 231.000000
Violation: 527.000000
Violation: 501.000000
Violation: 599.000000
Violation: 123.000000
Violation: 226.000000
Violation: 846.000000
Violation: 368.000000
Violation: 370.000000
Violation: 400.000000
Violation: 677.000000
Violation: 336.000000
Violation: 1033.000000
Violation: 575.000000
Violation: 744.000000
Violation: 340.000000
Violation: 718.000000
Violation: 399.000000
Violation: 113.000000
Violation: 568.000000
Violation: 512.000000
Violation: 436.000000
Violation: 533.000000
Violation: 748.000000
took 4.723651
Optimize a model with 881 rows, 906 columns and 11816 nonzeros
Coefficient statistics:
  Matrix range     [1e+00, 4e+01]
  Objective range  [0e+00, 0e+00]
  Bounds range     [1e+00, 4e+01]
  RHS range        [1e+00, 1e+02]
Presolve removed 454 rows and 108 columns
Presolve time: 0.00s
Presolved: 427 rows, 798 columns, 9499 nonzeros

Iteration    Objective       Primal Inf.    Dual Inf.      Time
       0    0.0000000e+00   4.570005e+01   0.000000e+00      0s
     141    0.0000000e+00   0.000000e+00   0.000000e+00      0s

Solved in 141 iterations and 0.01 seconds
Optimal objective  0.000000000e+00
