j3017_4.mm_s8.txt
Academic license - for non-commercial use only
Read LP format model from file lp/j3017_4.mm.lp
Reading time = 0.00 seconds
: 351 rows, 906 columns, 9053 nonzeros
OKGPU
nThreads: 1024 , nBlocks: 12 
Number cuts generated in the phase 1: 14
Number of repeat: 4 
violation 271.000000
violation 689.000000
violation 542.000000
violation 726.000000
violation 592.000000
violation 413.000000
violation 250.000000
violation 250.000000
violation 400.000000
violation 650.000000
8592 16
AQUIIII!!61 36 56 60 23 53 1 30 59 6 58 28 22 AQUIIII!!5 61 24 21 55 32 
53 51 60 19 55 AQUIIII!!59 61 41 8 20 56 18 22 22 30 5 36 24 58 57 
31 1 9 28 42 6 23 10 AQUIIII!!2 AQUIIII!!61 
61 31 30 24 42 6 9 56 60 35 6 23 10 8 23 22 5 58 1 59 AQUIIII!!22 28 61 5 24 23 1 57 24 9 22 28 60 60 56 5 
8 58 21 
20 59 53 28 30 1 55 36 
AQUIIII!!53 1 55 AQUIIII!!61 53 36 1 32 20 55 60 58 58 59 59 41 28 30 21 51 23 19 22 22 21 60 
36 20 30 5 24 61 
AQUIIII!!58 18 53 55 41 60 19 51 32 61 59 30 21 36 20 22 
AQUIIII!!61 20 55 53 19 21 41 60 36 59 32 51 1 58 30 22 
AQUIIII!!21 53 55 19 61 36 60 30 32 58 59 18 51 22 41 20 
AQUIIII!!36 24 28 23 30 22 5 21 58 53 55 61 20 60 59 1 
AQUIIII!!21 AQUIIII!!19 51 59 30 36 21 51 AQUIIII!!36 20 24 17 30 8 18 5 22 32 22 41 41 58 60 23 19 32 59 22 18 1 20 17 60 16 30 58 AQUIIII!!53 8 6 53 6 28 58 55 1 55 55 
24 36 59 35 AQUIIII!!56 AQUIIII!!28 
61 19 AQUIIII!!AQUIIII!!58 5 
55 53 36 36 59 1 21 60 22 22 30 5 51 56 30 22 24 58 22 59 28 30 23 58 23 59 56 60 41 58 23 20 30 36 23 6 9 24 30 21 59 61 21 60 AQUIIII!!22 59 
5 8 55 24 32 28 55 1 5 AQUIIII!!18 61 1 20 57 6 53 28 2 58 55 30 60 6 61 36 21 60 10 61 61 
59 22 1 
20 23 28 55 42 
22 28 53 8 5 
9 24 56 1 53 5 58 31 24 36 61 60 
23 AQUIIII!!61 58 
AQUIIII!!AQUIIII!!53 61 6 24 28 30 22 58 5 31 5 5 55 56 23 6 8 6 55 60 22 10 8 56 22 1 57 28 1 AQUIIII!!24 59 9 AQUIIII!!36 61 42 60 36 23 24 AQUIIII!!59 18 60 61 23 55 59 
51 28 32 1 53 30 
23 55 59 28 58 6 53 36 56 22 5 30 30 60 19 24 36 21 61 AQUIIII!!41 
58 20 1 6 51 35 
19 24 60 59 55 22 8 32 30 AQUIIII!!9 AQUIIII!!59 41 20 56 23 19 1 21 23 21 30 31 22 53 58 61 22 AQUIIII!!55 
58 58 AQUIIII!!AQUIIII!!AQUIIII!!53 28 61 23 61 AQUIIII!!30 22 AQUIIII!!23 28 61 1 60 51 6 58 55 5 58 41 58 28 28 55 20 21 AQUIIII!!24 18 55 5 36 20 55 24 53 36 
24 23 28 24 60 59 22 58 23 1 20 36 32 60 6 5 9 60 60 60 1 36 28 23 59 22 60 58 21 56 21 6 53 61 53 24 56 28 
21 59 6 59 AQUIIII!!57 24 36 22 22 60 22 36 24 30 30 5 5 42 30 28 61 
5 59 58 28 5 10 36 55 22 
53 30 22 22 8 53 30 5 9 22 58 
5 1 59 1 24 23 AQUIIII!!60 1 23 21 61 56 21 55 1 60 61 56 28 9 6 20 59 59 
23 6 30 35 AQUIIII!!6 55 60 60 36 8 1 58 60 56 53 30 1 8 61 25 1 AQUIIII!!36 61 24 22 61 30 61 
23 10 AQUIIII!!61 56 
51 
59 59 6 36 10 1 
20 30 35 5 58 60 61 5 24 59 1 60 28 5 
24 31 1 8 55 
22 24 61 60 41 5 59 
9 36 21 8 23 28 8 19 55 22 23 53 28 
30 56 18 6 22 42 58 57 32 61 61 

AQUIIII!!55 53 4 17 36 AQUIIII!!30 61 22 21 59 19 30 32 20 16 AQUIIII!!21 18 AQUIIII!!51 18 61 23 AQUIIII!!20 28 41 1 31 41 53 19 8 24 58 55 
36 58 2 59 59 60 9 24 5 21 32 28 56 22 22 10 58 5 22 53 1 60 30 55 23 6 58 51 22 30 60 28 36 24 36 1 
42 23 20 5 61 55 
6 53 57 61 56 

AQUIIII!!4 55 53 36 19 0 41 16 51 AQUIIII!!18 1 55 30 61 32 60 22 5 20 23 21 30 17 8 
36 6 56 24 22 28 59 58 
AQUIIII!!60 53 55 61 1 30 36 20 24 5 21 28 58 22 59 23 
AQUIIII!!36 32 21 60 58 51 41 22 30 53 55 20 18 61 19 59 
AQUIIII!!36 5 21 30 28 24 1 23 61 55 60 22 20 58 53 59 
AQUIIII!!23 1 24 59 36 20 5 30 58 28 61 55 22 21 60 53 
AQUIIII!!AQUIIII!!10 41 24 53 59 AQUIIII!!22 22 36 60 5 59 21 28 58 51 AQUIIII!!56 36 30 59 6 19 51 56 25 30 58 28 35 1 59 1 24 53 8 1 19 61 9 20 41 5 23 20 30 60 22 60 32 6 32 61 55 55 22 
61 60 53 
58 1 21 36 55 61 23 

AQUIIII!!AQUIIII!!61 0 22 36 5 6 30 1 51 9 16 42 28 18 31 19 8 21 60 AQUIIII!!57 41 30 24 17 51 23 20 56 55 10 32 58 
22 22 53 AQUIIII!!21 55 21 41 4 22 36 AQUIIII!!
51 61 18 36 36 18 59 59 41 53 22 19 53 32 20 41 51 19 58 20 60 59 60 32 61 21 32 55 20 60 17 
19 AQUIIII!!30 30 0 
53 36 58 30 18 51 55 16 
18 19 21 41 17 AQUIIII!!20 56 32 6 22 59 53 23 55 28 4 1 
53 60 30 22 55 AQUIIII!!58 22 36 51 5 59 24 30 61 41 
60 32 AQUIIII!!AQUIIII!!20 22 30 21 16 56 58 21 19 20 23 30 36 22 19 1 35 18 55 5 0 61 60 17 53 59 58 36 
9 32 8 41 28 1 51 24 6 54 61 4 
53 
AQUIIII!!21 20 AQUIIII!!53 AQUIIII!!51 23 57 22 28 5 30 6 28 18 22 24 5 41 42 AQUIIII!!53 55 6 8 AQUIIII!!59 32 31 22 60 60 60 1 56 28 10 24 59 2 59 56 30 36 8 30 5 19 55 23 60 36 58 36 31 23 55 61 58 AQUIIII!!9 57 
21 1 8 28 10 1 60 22 9 1 61 6 22 53 
61 24 24 24 
42 22 58 6 56 6 61 23 
59 56 58 5 23 61 
5 30 35 1 9 28 61 
AQUIIII!!61 1 36 58 21 22 55 59 6 53 24 5 23 28 30 60 
AQUIIII!!51 59 20 30 32 22 58 1 41 36 55 60 19 21 53 61 
AQUIIII!!53 21 30 19 32 58 51 18 22 36 41 59 20 60 55 61 
AQUIIII!!22 19 51 21 58 59 36 30 41 1 32 AQUIIII!!28 53 53 61 36 55 58 20 22 5 60 56 
6 1 24 55 30 60 23 59 61 
AQUIIII!!36 53 30 5 24 21 1 60 59 58 22 6 AQUIIII!!23 55 55 28 24 61 60 
28 30 59 8 5 23 56 6 1 36 58 22 61 
AQUIIII!!AQUIIII!!20 51 61 22 53 60 59 19 59 21 22 36 41 30 AQUIIII!!60 1 58 32 22 51 55 58 58 21 19 32 59 AQUIIII!!41 30 20 
8 53 36 1 6 20 55 19 55 53 59 22 5 55 30 58 1 18 41 61 21 30 51 AQUIIII!!
36 28 32 53 60 56 61 32 
60 51 23 30 36 41 24 21 61 20 
1 55 36 AQUIIII!!58 36 60 23 22 60 19 5 59 22 61 58 
30 6 24 59 1 28 56 53 61 55 
AQUIIII!!35 23 59 10 8 56 60 AQUIIII!!AQUIIII!!22 59 61 24 58 1 60 28 59 41 5 56 22 9 53 28 6 32 25 55 18 1 8 30 61 6 36 
36 19 30 55 51 24 20 5 AQUIIII!!21 58 61 61 22 
56 23 55 60 59 
22 58 8 28 6 24 1 36 30 5 60 23 
AQUIIII!!59 55 58 17 53 41 51 21 32 20 36 22 30 19 18 16 
AQUIIII!!53 1 55 58 59 28 21 23 22 60 36 20 30 5 24 61 
AQUIIII!!61 1 36 59 56 55 30 6 60 58 28 53 23 24 22 5 AQUIIII!!
61 23 6 1 36 53 30 5 21 60 22 59 28 55 24 58 
AQUIIII!!21 30 36 59 23 24 58 5 20 AQUIIII!!28 41 53 51 1 22 60 60 55 32 22 36 61 59 
19 20 1 21 30 58 61 53 55 
AQUIIII!!58 56 35 30 24 6 8 23 59 60 5 9 1 22 28 61 
AQUIIII!!41 18 55 59 20 30 21 53 22 58 51 32 36 19 61 AQUIIII!!60 6 
28 22 1 59 24 30 35 60 9 23 56 8 58 5 61 
AQUIIII!!30 AQUIIII!!36 24 1 20 59 58 20 55 60 36 22 1 24 59 55 23 21 5 60 58 28 53 21 23 22 28 5 61 30 
53 61 
AQUIIII!!61 6 55 21 60 59 53 22 36 58 5 24 28 30 23 AQUIIII!!1 61 
60 19 41 36 22 30 20 32 59 51 21 53 18 55 58 
AQUIIII!!53 36 59 60 58 55 61 22 23 30 21 20 1 5 24 28 
AQUIIII!!22 5 60 6 28 8 58 59 35 AQUIIII!!23 61 1 1 56 58 30 9 36 24 55 61 53 
23 24 59 5 30 21 22 28 60 20 
AQUIIII!!61 32 55 36 41 53 1 22 21 30 20 51 59 19 58 60 
AQUIIII!!19 55 58 51 30 36 32 59 22 41 21 20 61 1 60 53 
AQUIIII!!58 22 56 59 30 23 5 1 36 6 28 24 8 60 61 55 
AQUIIII!!24 21 5 28 22 58 53 AQUIIII!!60 28 20 23 59 5 36 24 23 22 30 55 42 1 57 61 9 
1 8 31 AQUIIII!!60 22 6 58 56 23 10 21 61 55 
20 59 60 1 36 53 28 24 5 30 61 
AQUIIII!!61 1 35 58 9 59 5 24 23 60 30 56 22 28 8 6 
AQUIIII!!59 25 5 56 1 60 24 23 10 35 8 6 22 28 9 61 
AQUIIII!!22 1 55 6 36 60 53 23 5 28 59 56 30 24 58 61 
AQUIIII!!61 28 36 60 22 55 58 30 20 21 5 23 1 59 53 24 
AQUIIII!!61 23 30 22 58 5 28 24 60 56 36 59 6 1 55 8 
AQUIIII!!60 30 19 22 32 58 53 55 36 59 51 AQUIIII!!21 21 18 36 20 28 41 5 61 6 
24 55 53 59 1 30 22 AQUIIII!!60 61 58 36 1 23 22 59 61 55 60 
53 30 23 5 24 56 28 58 6 
AQUIIII!!61 60 19 41 36 22 30 20 32 59 51 21 53 18 55 58 
AQUIIII!!8 58 59 5 56 23 24 60 9 30 AQUIIII!!22 55 28 1 20 35 58 6 53 61 
51 59 30 60 41 22 32 21 1 19 36 61 
AQUIIII!!16 41 36 51 4 32 30 19 21 22 20 17 55 18 53 58 
AQUIIII!!61 22 59 58 19 18 41 60 21 55 20 30 51 53 36 32 
AQUIIII!!36 21 AQUIIII!!30 61 6 36 24 55 53 22 21 5 22 60 1 1 55 58 41 28 19 59 58 23 53 59 61 30 
60 20 32 51 
AQUIIII!!61 9 28 23 10 5 25 56 22 AQUIIII!!23 59 55 1 1 6 28 60 61 35 53 24 21 8 59 36 
58 60 22 24 30 5 20 
AQUIIII!!21 55 61 60 53 41 20 19 59 22 58 32 30 36 51 18 
AQUIIII!!61 53 5 28 36 55 59 58 56 60 22 30 6 1 23 24 
AQUIIII!!61 21 58 1 55 60 20 19 30 51 22 59 36 32 41 53 
AQUIIII!!61 28 24 1 5 58 22 AQUIIII!!9 61 59 23 30 20 60 5 8 21 23 28 35 36 6 60 56 1 22 
30 58 24 53 59 55 
AQUIIII!!61 24 35 5 28 56 22 8 9 60 23 1 25 10 6 59 
AQUIIII!!1 53 55 59 24 5 56 58 22 60 6 30 28 36 23 61 
AQUIIII!!61 58 5 9 23 22 30 8 28 59 35 60 6 24 1 56 
AQUIIII!!60 59 22 23 55 53 58 24 61 1 36 21 5 28 6 30 
AQUIIII!!21 53 55 19 61 36 60 30 32 58 59 18 51 22 41 20 
AQUIIII!!AQUIIII!!61 61 60 20 59 60 5 1 53 5 30 6 23 58 21 55 22 24 24 36 22 36 56 28 1 28 55 23 30 
58 59 53 
AQUIIII!!61 32 21 36 41 58 19 1 30 51 55 59 53 20 60 22 
AQUIIII!!61 31 24 2 6 9 56 10 23 57 22 42 5 1 28 8 
AQUIIII!!1 56 57 23 10 42 24 2 22 9 8 31 5 28 6 61 
AQUIIII!!61 30 53 36 58 1 28 6 24 59 23 56 22 55 60 5 
AQUIIII!!61 24 9 5 25 8 60 10 22 1 59 35 28 23 56 6 
AQUIIII!!61 1 60 30 8 23 24 6 58 22 59 28 56 35 5 9 
AQUIIII!!61 21 AQUIIII!!32 55 61 55 51 41 5 59 28 30 59 1 30 53 21 22 58 20 1 36 36 19 24 58 22 53 60 20 
60 AQUIIII!!23 61 
19 53 22 36 20 30 55 58 32 60 51 21 41 59 1 
AQUIIII!!61 41 22 53 58 51 30 AQUIIII!!20 61 59 1 19 60 22 21 23 1 6 36 56 55 9 32 35 
28 8 5 24 10 25 60 59 
AQUIIII!!20 53 1 55 19 59 22 30 58 41 21 51 36 32 60 61 
AQUIIII!!61 60 36 22 5 59 53 28 55 6 21 58 1 30 24 23 
AQUIIII!!61 30 19 32 58 41 55 53 21 18 60 36 22 51 59 20 
AQUIIII!!22 55 61 28 53 60 1 24 23 5 21 58 20 59 30 36 
AQUIIII!!61 21 51 55 41 19 58 22 53 20 36 30 18 32 59 60 
AQUIIII!!30 32 22 19 53 36 59 55 60 21 41 58 51 1 20 61 
AQUIIII!!61 59 5 23 9 22 28 56 24 35 60 1 30 58 6 8 
AQUIIII!!61 5 24 21 55 22 20 23 59 1 53 36 30 60 28 58 
AQUIIII!!55 28 60 22 53 21 61 36 1 24 59 20 23 5 30 58 
AQUIIII!!61 55 23 1 56 58 30 28 8 22 24 59 AQUIIII!!60 61 30 6 21 19 36 32 5 58 22 
36 53 41 20 59 18 55 51 60 
AQUIIII!!61 35 28 23 5 56 10 6 59 60 24 9 22 1 8 25 
AQUIIII!!20 60 61 21 24 55 53 28 36 22 59 5 58 23 30 1 
AQUIIII!!55 61 20 21 51 53 30 41 19 58 32 22 60 1 59 36 
AQUIIII!!53 16 55 59 36 19 21 41 30 17 20 58 32 22 51 18 
AQUIIII!!61 28 53 59 5 24 1 36 55 60 56 22 30 58 23 6 
AQUIIII!!4 55 53 36 19 0 41 16 51 18 30 32 22 20 21 17 
AQUIIII!!61 56 6 58 5 60 28 1 22 35 24 9 30 8 59 23 
AQUIIII!!61 60 41 55 59 20 21 22 58 19 30 32 18 53 36 51 
AQUIIII!!61 2 10 42 23 57 24 31 8 6 9 56 22 5 28 1 
AQUIIII!!60 22 55 61 28 53 1 5 6 59 30 24 23 36 58 56 
AQUIIII!!61 30 36 60 51 20 19 22 41 59 21 58 55 53 1 32 
AQUIIII!!61 28 36 59 55 21 53 23 1 58 30 60 6 22 5 24 
AQUIIII!!61 53 6 36 21 60 1 23 28 22 58 5 59 24 55 30 
AQUIIII!!61 23 59 60 6 24 53 55 22 28 1 30 36 5 56 58 
Number of Cuts in the second phase:6376
Number of repeat: 5790 
Violation: 250.000000
Violation: 306.000000
Violation: 544.000000
Violation: 271.000000
Violation: 521.000000
Violation: 815.000000
Violation: 100.000000
Violation: 271.000000
Violation: 418.000000
Violation: 363.000000
Violation: 333.000000
Violation: 271.000000
Violation: 200.000000
Violation: 304.000000
Violation: 550.000000
Violation: 400.000000
Violation: 550.000000
Violation: 300.000000
Violation: 600.000000
Violation: 100.000000
Violation: 459.000000
Violation: 302.000000
Violation: 363.000000
Violation: 455.000000
Violation: 550.000000
Violation: 200.000000
Violation: 378.000000
Violation: 326.000000
Violation: 383.000000
Violation: 525.000000
Violation: 733.000000
Violation: 418.000000
Violation: 255.000000
Violation: 463.000000
Violation: 285.000000
Violation: 600.000000
Violation: 655.000000
Violation: 83.000000
Violation: 360.000000
Violation: 384.000000
Violation: 100.000000
Violation: 300.000000
Violation: 1309.000000
Violation: 452.000000
Violation: 850.000000
Violation: 84.000000
Violation: 908.000000
Violation: 633.000000
Violation: 378.000000
Violation: 263.000000
Violation: 355.000000
Violation: 483.000000
Violation: 863.000000
Violation: 34.000000
Violation: 1100.000000
Violation: 658.000000
Violation: 250.000000
Violation: 1449.000000
Violation: 71.000000
Violation: 409.000000
Violation: 372.000000
Violation: 500.000000
Violation: 497.000000
Violation: 92.000000
Violation: 270.000000
Violation: 250.000000
Violation: 734.000000
Violation: 871.000000
Violation: 371.000000
Violation: 350.000000
Violation: 270.000000
Violation: 719.000000
Violation: 571.000000
Violation: 84.000000
Violation: 400.000000
Violation: 634.000000
Violation: 128.000000
Violation: 100.000000
Violation: 18.000000
Violation: 633.000000
Violation: 400.000000
Violation: 759.000000
Violation: 255.000000
Violation: 883.000000
Violation: 371.000000
Violation: 107.000000
Violation: 796.000000
Violation: 19.000000
Violation: 233.000000
Violation: 500.000000
Violation: 909.000000
Violation: 634.000000
Violation: 449.000000
Violation: 250.000000
Violation: 1134.000000
Violation: 66.000000
Violation: 494.000000
Violation: 749.000000
Violation: 1534.000000
Violation: 530.000000
Violation: 113.000000
Violation: 173.000000
Violation: 463.000000
Violation: 734.000000
Violation: 457.000000
Violation: 812.000000
Violation: 100.000000
Violation: 100.000000
Violation: 200.000000
Violation: 558.000000
Violation: 384.000000
Violation: 426.000000
Violation: 542.000000
Violation: 613.000000
Violation: 634.000000
Violation: 422.000000
Violation: 905.000000
Violation: 335.000000
Violation: 533.000000
Violation: 292.000000
Violation: 384.000000
Violation: 271.000000
Violation: 300.000000
Violation: 657.000000
Violation: 300.000000
Violation: 541.000000
Violation: 784.000000
Violation: 750.000000
Violation: 1384.000000
Violation: 485.000000
Violation: 363.000000
Violation: 918.000000
Violation: 270.000000
Violation: 734.000000
Violation: 371.000000
Violation: 654.000000
Violation: 383.000000
Violation: 559.000000
Violation: 717.000000
Violation: 669.000000
Violation: 171.000000
Violation: 791.000000
Violation: 301.000000
Violation: 550.000000
Violation: 134.000000
Violation: 700.000000
Violation: 571.000000
Violation: 335.000000
Violation: 650.000000
Violation: 1005.000000
Violation: 559.000000
Violation: 499.000000
Violation: 500.000000
Violation: 363.000000
Violation: 89.000000
Violation: 809.000000
Violation: 98.000000
Violation: 466.000000
Violation: 146.000000
Violation: 279.000000
Violation: 634.000000
Violation: 350.000000
Violation: 750.000000
Violation: 300.000000
Violation: 971.000000
Violation: 363.000000
Violation: 78.000000
Violation: 249.000000
Violation: 326.000000
Violation: 734.000000
Violation: 1034.000000
Violation: 517.000000
Violation: 271.000000
Violation: 371.000000
Violation: 741.000000
Violation: 452.000000
Violation: 500.000000
Violation: 425.000000
Violation: 468.000000
Violation: 383.000000
Violation: 713.000000
Violation: 905.000000
Violation: 883.000000
Violation: 113.000000
Violation: 400.000000
Violation: 941.000000
Violation: 306.000000
Violation: 100.000000
Violation: 336.000000
Violation: 211.000000
Violation: 723.000000
Violation: 870.000000
Violation: 550.000000
Violation: 100.000000
Violation: 634.000000
Violation: 1134.000000
Violation: 741.000000
Violation: 309.000000
Violation: 178.000000
Violation: 1000.000000
Violation: 21.000000
Violation: 9.000000
Violation: 286.000000
Violation: 659.000000
Violation: 452.000000
Violation: 378.000000
Violation: 848.000000
Violation: 430.000000
Violation: 989.000000
Violation: 821.000000
Violation: 460.000000
Violation: 634.000000
Violation: 471.000000
Violation: 1063.000000
Violation: 537.000000
Violation: 928.000000
Violation: 884.000000
Violation: 650.000000
Violation: 100.000000
Violation: 657.000000
Violation: 211.000000
Violation: 541.000000
Violation: 426.000000
Violation: 150.000000
Violation: 634.000000
Violation: 336.000000
Violation: 908.000000
Violation: 309.000000
Violation: 113.000000
Violation: 634.000000
Violation: 783.000000
Violation: 884.000000
Violation: 500.000000
Violation: 1083.000000
Violation: 187.000000
Violation: 1171.000000
Violation: 534.000000
Violation: 533.000000
Violation: 326.000000
Violation: 634.000000
Violation: 1134.000000
Violation: 719.000000
Violation: 244.000000
Violation: 734.000000
Violation: 300.000000
Violation: 407.000000
Violation: 451.000000
Violation: 460.000000
Violation: 633.000000
Violation: 721.000000
Violation: 363.000000
Violation: 350.000000
Violation: 85.000000
Violation: 500.000000
Violation: 199.000000
Violation: 659.000000
Violation: 1134.000000
Violation: 541.000000
Violation: 350.000000
Violation: 350.000000
Violation: 1400.000000
Violation: 336.000000
Violation: 349.000000
Violation: 271.000000
Violation: 633.000000
Violation: 437.000000
Violation: 650.000000
Violation: 400.000000
Violation: 950.000000
Violation: 1034.000000
Violation: 300.000000
Violation: 363.000000
Violation: 452.000000
Violation: 689.000000
Violation: 534.000000
Violation: 644.000000
Violation: 557.000000
Violation: 983.000000
Violation: 834.000000
Violation: 863.000000
Violation: 1034.000000
Violation: 100.000000
Violation: 1219.000000
Violation: 250.000000
Violation: 171.000000
Violation: 784.000000
Violation: 336.000000
Violation: 541.000000
Violation: 133.000000
Violation: 142.000000
Violation: 541.000000
Violation: 200.000000
Violation: 909.000000
Violation: 371.000000
Violation: 792.000000
Violation: 763.000000
Violation: 320.000000
Violation: 533.000000
Violation: 650.000000
Violation: 350.000000
Violation: 544.000000
Violation: 263.000000
Violation: 147.000000
Violation: 207.000000
Violation: 783.000000
Violation: 430.000000
Violation: 550.000000
Violation: 384.000000
Violation: 314.000000
Violation: 384.000000
Violation: 511.000000
Violation: 678.000000
Violation: 107.000000
Violation: 350.000000
Violation: 813.000000
Violation: 691.000000
Violation: 178.000000
Violation: 450.000000
Violation: 1134.000000
Violation: 363.000000
Violation: 909.000000
Violation: 211.000000
Violation: 809.000000
Violation: 21.000000
Violation: 50.000000
Violation: 883.000000
Violation: 433.000000
Violation: 559.000000
Violation: 200.000000
Violation: 484.000000
Violation: 984.000000
Violation: 1050.000000
Violation: 271.000000
Violation: 371.000000
Violation: 484.000000
Violation: 271.000000
Violation: 871.000000
Violation: 463.000000
Violation: 900.000000
Violation: 21.000000
Violation: 710.000000
Violation: 685.000000
Violation: 483.000000
Violation: 734.000000
Violation: 255.000000
Violation: 805.000000
Violation: 558.000000
Violation: 134.000000
Violation: 883.000000
Violation: 734.000000
Violation: 734.000000
Violation: 659.000000
Violation: 50.000000
Violation: 451.000000
Violation: 200.000000
Violation: 1175.000000
Violation: 99.000000
Violation: 100.000000
Violation: 559.000000
Violation: 113.000000
Violation: 598.000000
Violation: 309.000000
Violation: 412.000000
Violation: 599.000000
Violation: 250.000000
Violation: 521.000000
Violation: 362.000000
Violation: 308.000000
Violation: 113.000000
Violation: 446.000000
Violation: 713.000000
Violation: 909.000000
Violation: 250.000000
Violation: 434.000000
Violation: 189.000000
Violation: 308.000000
Violation: 784.000000
Violation: 99.000000
Violation: 550.000000
Violation: 634.000000
Violation: 270.000000
Violation: 107.000000
Violation: 34.000000
Violation: 993.000000
Violation: 936.000000
Violation: 1267.000000
Violation: 211.000000
Violation: 113.000000
Violation: 271.000000
Violation: 98.000000
Violation: 934.000000
Violation: 884.000000
Violation: 150.000000
Violation: 585.000000
Violation: 463.000000
Violation: 521.000000
Violation: 1134.000000
Violation: 234.000000
Violation: 907.000000
Violation: 384.000000
Violation: 250.000000
Violation: 419.000000
Violation: 521.000000
Violation: 283.000000
Violation: 633.000000
Violation: 34.000000
Violation: 249.000000
Violation: 1309.000000
Violation: 908.000000
Violation: 784.000000
Violation: 522.000000
Violation: 948.000000
Violation: 821.000000
Violation: 326.000000
Violation: 250.000000
Violation: 363.000000
Violation: 1430.000000
Violation: 128.000000
Violation: 159.000000
Violation: 834.000000
Violation: 484.000000
Violation: 558.000000
Violation: 453.000000
Violation: 484.000000
Violation: 1159.000000
Violation: 371.000000
Violation: 13.000000
Violation: 500.000000
Violation: 21.000000
Violation: 285.000000
Violation: 269.000000
Violation: 621.000000
Violation: 121.000000
Violation: 771.000000
Violation: 363.000000
Violation: 634.000000
Violation: 585.000000
Violation: 884.000000
Violation: 400.000000
Violation: 171.000000
Violation: 250.000000
Violation: 485.000000
Violation: 400.000000
Violation: 1180.000000
Violation: 21.000000
Violation: 270.000000
Violation: 528.000000
Violation: 1130.000000
Violation: 717.000000
Violation: 850.000000
Violation: 300.000000
Violation: 884.000000
Violation: 280.000000
Violation: 326.000000
Violation: 333.000000
Violation: 284.000000
Violation: 684.000000
Violation: 1034.000000
Violation: 634.000000
Violation: 384.000000
Violation: 142.000000
Violation: 563.000000
Violation: 271.000000
Violation: 441.000000
Violation: 709.000000
Violation: 200.000000
Violation: 84.000000
Violation: 400.000000
Violation: 670.000000
Violation: 663.000000
Violation: 383.000000
Violation: 34.000000
Violation: 60.000000
Violation: 451.000000
Violation: 634.000000
Violation: 244.000000
Violation: 384.000000
Violation: 350.000000
Violation: 371.000000
Violation: 218.000000
Violation: 463.000000
Violation: 309.000000
Violation: 21.000000
Violation: 276.000000
Violation: 621.000000
Violation: 750.000000
Violation: 400.000000
Violation: 122.000000
Violation: 250.000000
Violation: 300.000000
Violation: 669.000000
Violation: 478.000000
Violation: 883.000000
Violation: 471.000000
Violation: 333.000000
Violation: 50.000000
Violation: 100.000000
Violation: 350.000000
Violation: 11.000000
Violation: 963.000000
Violation: 613.000000
Violation: 633.000000
Violation: 900.000000
Violation: 650.000000
Violation: 1284.000000
Violation: 585.000000
Violation: 1085.000000
Violation: 263.000000
Violation: 552.000000
Violation: 805.000000
Violation: 249.000000
Violation: 634.000000
Violation: 750.000000
Violation: 634.000000
Violation: 459.000000
Violation: 483.000000
Violation: 549.000000
Violation: 750.000000
Violation: 485.000000
Violation: 100.000000
Violation: 663.000000
Violation: 613.000000
Violation: 435.000000
Violation: 756.000000
Violation: 1309.000000
Violation: 571.000000
Violation: 719.000000
Violation: 136.000000
Violation: 372.000000
Violation: 848.000000
Violation: 719.000000
Violation: 300.000000
Violation: 249.000000
Violation: 324.000000
Violation: 94.000000
Violation: 459.000000
Violation: 306.000000
Violation: 100.000000
Violation: 989.000000
Violation: 392.000000
Violation: 435.000000
Violation: 400.000000
Violation: 89.000000
Violation: 563.000000
Violation: 78.000000
Violation: 100.000000
Violation: 783.000000
Violation: 271.000000
Violation: 510.000000
Violation: 463.000000
Violation: 1159.000000
Violation: 463.000000
Violation: 363.000000
Violation: 833.000000
Violation: 434.000000
Violation: 834.000000
Violation: 249.000000
Violation: 534.000000
Violation: 405.000000
Violation: 642.000000
Violation: 685.000000
Violation: 75.000000
Violation: 900.000000
Violation: 270.000000
Violation: 641.000000
Violation: 7.000000
Violation: 111.000000
Violation: 850.000000
Violation: 848.000000
Violation: 383.000000
Violation: 255.000000
Violation: 495.000000
Violation: 650.000000
Violation: 67.000000
Violation: 265.000000
Violation: 99.000000
Violation: 300.000000
Violation: 483.000000
Violation: 471.000000
Violation: 1013.000000
Violation: 483.000000
Violation: 139.000000
Violation: 178.000000
Violation: 299.000000
Violation: 486.000000
Violation: 463.000000
5400 16
AQUIIII!!61 5 36 60 30 59 AQUIIII!!53 61 23 8 55 30 56 60 6 1 22 56 24 28 1 6 AQUIIII!!28 23 61 58 58 36 36 
5 22 AQUIIII!!24 59 24 61 23 55 51 58 5 21 59 
59 6 19 28 58 30 53 56 60 55 41 53 36 1 55 AQUIIII!!60 30 61 22 1 5 
32 30 22 23 20 28 
8 56 58 55 59 24 1 AQUIIII!!22 61 36 53 60 36 6 59 
24 22 6 23 21 28 58 1 55 5 60 30 
AQUIIII!!51 36 30 20 21 22 18 32 17 58 19 60 41 53 55 59 
AQUIIII!!21 22 51 58 41 1 32 36 30 19 20 60 61 59 53 55 
AQUIIII!!36 30 20 24 58 23 59 5 60 61 28 AQUIIII!!53 6 22 61 1 36 55 5 21 22 
59 58 56 60 24 30 23 55 28 53 1 
AQUIIII!!32 30 0 20 18 51 41 21 17 22 36 19 16 55 4 53 
AQUIIII!!51 53 1 20 32 59 41 21 19 36 58 30 55 60 22 61 
AQUIIII!!41 36 AQUIIII!!53 55 55 1 28 21 53 22 21 20 1 AQUIIII!!30 60 28 5 30 57 60 32 9 23 59 1 36 51 2 58 58 42 22 19 22 6 AQUIIII!!61 AQUIIII!!8 24 25 
59 24 21 35 61 31 23 36 
6 5 17 23 1 AQUIIII!!20 56 23 10 32 10 56 58 5 6 9 18 61 28 56 58 
59 24 30 60 28 19 24 1 8 30 22 22 22 41 6 53 51 61 59 
16 60 36 55 55 4 5 53 61 AQUIIII!!

61 21 5 59 1 AQUIIII!!30 21 58 36 28 17 20 36 20 23 32 60 18 24 53 58 55 30 22 19 
AQUIIII!!22 AQUIIII!!32 41 42 41 51 8 51 16 28 AQUIIII!!55 55 31 22 36 AQUIIII!!28 4 5 53 24 56 57 53 21 42 55 24 
28 59 58 60 1 22 36 9 19 31 53 22 22 20 60 6 2 24 1 10 6 6 58 23 23 23 60 1 5 1 30 56 56 5 61 61 57 30 

10 59 9 61 8 
AQUIIII!!61 36 
24 23 30 53 22 5 58 55 59 60 1 20 21 28 61 
AQUIIII!!61 30 60 AQUIIII!!55 61 22 60 28 42 59 10 8 57 1 9 23 5 56 28 36 31 6 56 24 6 5 24 58 8 
1 23 22 
AQUIIII!!60 61 55 36 56 30 6 22 8 23 5 28 58 1 24 59 
AQUIIII!!19 61 53 55 36 58 30 22 21 59 41 60 20 32 51 18 
AQUIIII!!21 36 22 30 18 19 60 58 32 51 61 55 20 53 59 41 
AQUIIII!!36 20 32 17 16 58 22 21 18 41 30 51 55 19 53 4 
AQUIIII!!25 56 24 59 6 10 9 28 22 23 35 60 1 AQUIIII!!5 20 8 22 61 21 
58 1 36 32 59 60 51 53 55 19 41 30 61 
AQUIIII!!51 55 53 21 59 36 41 60 19 30 32 20 22 58 18 61 
AQUIIII!!58 30 1 22 21 20 55 59 41 32 36 53 19 51 60 61 
AQUIIII!!53 23 22 55 21 28 59 5 58 36 1 30 24 61 20 60 
AQUIIII!!55 59 56 23 60 58 30 36 6 28 5 AQUIIII!!24 21 22 23 53 59 1 24 61 1 
60 58 36 55 22 53 20 28 30 5 61 
AQUIIII!!61 1 30 AQUIIII!!58 10 24 AQUIIII!!25 6 60 23 36 10 35 60 25 60 59 6 24 59 28 56 8 53 1 56 22 6 22 56 8 24 23 59 5 55 28 28 AQUIIII!!9 5 9 5 22 
1 57 35 28 61 5 
6 23 8 61 22 
1 31 56 24 2 23 10 9 42 61 
AQUIIII!!61 36 28 60 58 20 53 22 59 1 55 23 21 5 30 24 
AQUIIII!!22 21 36 18 19 30 51 32 41 20 59 53 60 58 55 61 
AQUIIII!!22 21 36 18 19 30 51 32 41 20 59 53 60 58 55 61 
AQUIIII!!22 21 36 18 19 30 51 32 41 20 59 53 60 58 55 61 
AQUIIII!!58 20 53 55 60 61 21 19 32 30 22 36 51 18 41 59 
AQUIIII!!55 1 60 5 6 59 36 24 53 58 23 30 56 28 22 61 
AQUIIII!!9 59 1 23 6 5 30 AQUIIII!!58 8 28 59 56 23 24 5 22 1 8 56 35 6 AQUIIII!!60 9 22 61 28 59 
60 28 58 10 30 23 24 24 22 5 35 35 61 56 
25 9 6 60 1 8 61 
AQUIIII!!5 59 28 23 35 56 8 9 10 22 25 24 1 6 60 61 
AQUIIII!!61 59 20 18 21 41 58 60 32 19 55 30 22 53 36 51 
AQUIIII!!20 36 19 17 41 32 30 21 22 51 18 58 4 55 53 16 
AQUIIII!!9 25 10 5 22 60 59 24 56 28 35 23 1 6 8 61 
AQUIIII!!61 55 19 60 36 41 30 58 20 22 21 51 53 18 59 32 
AQUIIII!!61 20 41 53 59 58 21 60 36 55 1 51 22 30 19 32 
AQUIIII!!53 60 61 1 55 24 22 59 23 28 58 36 6 30 5 56 
AQUIIII!!61 60 28 23 5 31 24 1 6 42 57 8 10 9 22 56 
AQUIIII!!22 23 5 59 24 55 AQUIIII!!6 61 36 19 53 59 60 30 21 1 55 58 58 1 AQUIIII!!22 30 61 41 23 28 20 8 61 53 28 
32 30 36 58 21 6 60 1 51 59 
9 35 5 22 24 56 60 
AQUIIII!!21 58 20 36 32 30 41 51 19 22 16 18 53 17 59 55 
AQUIIII!!20 22 60 23 59 30 5 1 24 21 AQUIIII!!58 42 28 23 55 56 53 24 57 36 61 31 6 
5 22 1 60 8 9 28 10 61 
AQUIIII!!56 59 30 23 24 1 58 28 55 22 60 5 8 36 6 61 
AQUIIII!!28 5 24 36 22 59 30 56 58 6 1 53 23 60 61 55 
AQUIIII!!61 1 31 56 2 22 10 42 6 5 9 8 57 23 28 24 
AQUIIII!!59 55 21 53 24 5 22 1 36 6 23 58 60 28 30 61 
AQUIIII!!61 5 6 23 31 8 28 56 9 10 24 57 22 2 42 1 
AQUIIII!!61 30 28 22 24 59 53 55 1 6 58 60 5 56 23 36 
AQUIIII!!61 5 60 6 59 1 56 30 24 58 8 22 28 23 35 9 
AQUIIII!!61 32 51 59 60 21 20 58 AQUIIII!!53 61 19 30 31 36 57 22 56 18 6 55 42 41 23 
8 AQUIIII!!1 36 2 30 5 19 16 9 32 28 51 10 21 22 41 24 22 
18 55 53 4 20 17 58 
AQUIIII!!5 24 AQUIIII!!59 53 21 4 30 55 60 17 1 16 22 51 53 58 20 20 58 18 28 32 23 30 55 41 36 21 61 36 
22 19 
AQUIIII!!61 24 8 9 35 59 23 22 58 6 1 56 30 5 60 28 
AQUIIII!!58 24 28 55 23 5 36 22 59 53 60 30 1 21 20 61 
AQUIIII!!61 22 28 60 59 20 58 36 5 53 55 30 21 1 23 24 
AQUIIII!!61 60 19 55 51 22 21 59 41 58 32 20 30 53 1 36 
AQUIIII!!23 25 10 9 6 56 1 8 24 59 5 60 28 35 22 61 
AQUIIII!!22 25 1 9 24 60 8 5 59 56 35 6 28 10 23 61 
AQUIIII!!59 22 53 58 28 1 30 6 23 55 24 5 21 36 60 61 
AQUIIII!!61 25 6 10 35 5 1 8 24 60 9 28 22 23 59 56 
AQUIIII!!23 28 56 58 5 1 36 6 24 30 22 61 60 55 53 59 
AQUIIII!!61 19 30 22 60 51 55 58 20 32 AQUIIII!!59 59 53 10 41 9 1 60 36 24 21 1 
5 25 56 8 6 22 35 23 28 61 
AQUIIII!!61 9 30 28 23 60 24 35 22 56 5 1 59 58 6 8 
AQUIIII!!53 4 55 17 16 51 58 20 18 32 30 41 21 36 22 19 
AQUIIII!!61 22 23 56 6 30 24 53 5 58 1 55 28 59 36 60 
AQUIIII!!61 21 19 41 51 58 55 30 53 32 60 20 18 59 36 22 
AQUIIII!!60 58 53 AQUIIII!!36 61 59 24 23 31 24 5 1 56 20 42 30 23 21 22 5 1 55 6 22 10 28 28 61 8 
57 9 2 
AQUIIII!!51 58 41 53 19 21 22 36 20 30 55 60 59 18 32 61 
AQUIIII!!53 4 55 17 16 51 58 20 18 32 30 41 21 36 22 19 
AQUIIII!!61 30 58 6 59 24 1 56 5 8 60 28 36 55 23 22 
AQUIIII!!59 58 55 53 36 61 60 51 1 19 22 32 30 21 41 20 
AQUIIII!!32 41 51 53 60 19 21 61 55 20 22 59 58 30 36 1 
AQUIIII!!55 19 61 60 51 32 20 41 21 59 53 58 18 36 22 30 
AQUIIII!!61 8 28 22 10 9 6 23 56 5 57 24 60 42 31 1 
AQUIIII!!32 53 51 19 60 20 41 61 58 55 59 22 30 21 36 1 
AQUIIII!!36 5 21 22 6 1 24 53 30 60 55 58 59 28 23 61 
AQUIIII!!60 61 55 53 36 28 30 58 20 5 22 23 21 59 1 24 
AQUIIII!!36 5 21 22 6 1 24 53 30 60 55 58 59 28 23 61 
AQUIIII!!AQUIIII!!61 61 5 24 22 1 42 10 8 23 24 42 56 28 28 2 22 57 9 9 8 10 56 31 31 6 57 23 2 1 5 
6 
AQUIIII!!61 42 6 8 23 24 60 1 5 9 57 56 28 22 31 10 
AQUIIII!!61 55 32 60 51 20 53 41 36 30 22 58 1 19 59 21 
AQUIIII!!61 53 59 36 20 18 19 55 30 51 21 41 22 60 32 58 
AQUIIII!!59 61 60 53 22 55 58 32 21 20 51 36 1 41 19 30 
AQUIIII!!61 51 59 1 19 32 53 55 36 58 22 21 41 20 30 60 
AQUIIII!!61 55 59 5 36 24 30 56 60 53 28 58 1 23 22 6 
AQUIIII!!61 60 55 36 24 5 58 30 6 1 23 59 53 22 21 28 
AQUIIII!!61 59 6 58 55 36 28 30 23 21 5 24 60 1 53 22 
AQUIIII!!61 28 24 59 36 58 30 20 53 22 55 1 60 5 21 23 
AQUIIII!!61 22 56 59 58 6 8 28 23 60 30 5 35 24 9 1 
AQUIIII!!19 55 53 20 4 21 36 18 22 17 51 16 41 30 58 32 
AQUIIII!!61 30 58 1 59 32 22 55 21 60 36 51 20 19 41 53 
AQUIIII!!61 20 53 19 36 59 22 41 60 30 32 51 18 55 58 21 
AQUIIII!!61 22 28 1 35 6 8 24 5 23 9 60 56 59 10 25 
Number of Cuts in the second phase:4073
Number of repeat: 3874 
Violation: 790.000000
Violation: 1086.000000
Violation: 86.000000
Violation: 463.000000
Violation: 1263.000000
Violation: 830.000000
Violation: 271.000000
Violation: 642.000000
Violation: 430.000000
Violation: 521.000000
Violation: 162.000000
Violation: 930.000000
Violation: 1284.000000
Violation: 817.000000
Violation: 87.000000
Violation: 307.000000
Violation: 700.000000
Violation: 450.000000
Violation: 362.000000
Violation: 130.000000
Violation: 220.000000
Violation: 435.000000
Violation: 384.000000
Violation: 1083.000000
Violation: 211.000000
Violation: 133.000000
Violation: 384.000000
Violation: 450.000000
Violation: 421.000000
Violation: 500.000000
Violation: 100.000000
Violation: 435.000000
Violation: 360.000000
Violation: 713.000000
Violation: 550.000000
Violation: 89.000000
Violation: 362.000000
Violation: 471.000000
Violation: 484.000000
Violation: 789.000000
Violation: 644.000000
Violation: 159.000000
Violation: 384.000000
Violation: 494.000000
Violation: 586.000000
Violation: 363.000000
Violation: 371.000000
Violation: 528.000000
Violation: 195.000000
Violation: 1033.000000
Violation: 231.000000
Violation: 500.000000
Violation: 557.000000
Violation: 171.000000
Violation: 584.000000
Violation: 307.000000
Violation: 133.000000
Violation: 850.000000
Violation: 463.000000
Violation: 1584.000000
Violation: 51.000000
Violation: 650.000000
Violation: 633.000000
Violation: 221.000000
Violation: 463.000000
Violation: 199.000000
Violation: 335.000000
Violation: 542.000000
Violation: 448.000000
Violation: 400.000000
Violation: 634.000000
Violation: 474.000000
Violation: 948.000000
Violation: 789.000000
Violation: 1034.000000
Violation: 84.000000
Violation: 500.000000
Violation: 375.000000
Violation: 350.000000
Violation: 658.000000
Violation: 321.000000
Violation: 313.000000
Violation: 485.000000
Violation: 762.000000
Violation: 359.000000
Violation: 470.000000
Violation: 616.000000
Violation: 7.000000
Violation: 586.000000
Violation: 663.000000
Violation: 1075.000000
Violation: 350.000000
Violation: 1075.000000
Violation: 249.000000
Violation: 414.000000
Violation: 250.000000
Violation: 263.000000
Violation: 863.000000
Violation: 422.000000
Violation: 634.000000
Violation: 430.000000
Violation: 734.000000
Violation: 513.000000
Violation: 589.000000
Violation: 904.000000
Violation: 109.000000
Violation: 641.000000
Violation: 7.000000
Violation: 21.000000
Violation: 709.000000
Violation: 771.000000
Violation: 7.000000
Violation: 172.000000
Violation: 113.000000
Violation: 1105.000000
Violation: 871.000000
Violation: 84.000000
Violation: 584.000000
Violation: 78.000000
Violation: 778.000000
Violation: 903.000000
Violation: 150.000000
Violation: 558.000000
Violation: 133.000000
Violation: 963.000000
Violation: 713.000000
Violation: 300.000000
Violation: 184.000000
Violation: 249.000000
Violation: 284.000000
Violation: 300.000000
Violation: 109.000000
Violation: 211.000000
Violation: 861.000000
Violation: 429.000000
Violation: 243.000000
Violation: 734.000000
Violation: 94.000000
Violation: 370.000000
Violation: 899.000000
Violation: 541.000000
Violation: 663.000000
Violation: 734.000000
Violation: 541.000000
Violation: 1033.000000
Violation: 909.000000
Violation: 513.000000
Violation: 361.000000
Violation: 133.000000
Violation: 305.000000
Violation: 413.000000
Violation: 250.000000
Violation: 371.000000
Violation: 710.000000
Violation: 913.000000
Violation: 222.000000
Violation: 319.000000
Violation: 711.000000
Violation: 898.000000
Violation: 883.000000
Violation: 383.000000
Violation: 233.000000
Violation: 38.000000
Violation: 300.000000
Violation: 734.000000
Violation: 500.000000
Violation: 581.000000
Violation: 13.000000
Violation: 500.000000
Violation: 78.000000
Violation: 292.000000
Violation: 449.000000
Violation: 471.000000
Violation: 834.000000
Violation: 484.000000
Violation: 634.000000
Violation: 900.000000
Violation: 1175.000000
Violation: 118.000000
Violation: 484.000000
Violation: 60.000000
Violation: 76.000000
Violation: 335.000000
Violation: 400.000000
Violation: 736.000000
Violation: 700.000000
Violation: 100.000000
Violation: 963.000000
Violation: 346.000000
Violation: 450.000000
Violation: 20.000000
Violation: 278.000000
Violation: 484.000000
Violation: 202.000000
Violation: 334.000000
Violation: 1205.000000
Violation: 909.000000
Violation: 659.000000
Violation: 584.000000
took 4.388197
Optimize a model with 1160 rows, 906 columns and 14301 nonzeros
Coefficient statistics:
  Matrix range     [1e+00, 4e+01]
  Objective range  [0e+00, 0e+00]
  Bounds range     [1e+00, 4e+01]
  RHS range        [1e+00, 1e+02]
Presolve removed 776 rows and 109 columns
Presolve time: 0.00s
Presolved: 384 rows, 797 columns, 9268 nonzeros

Iteration    Objective       Primal Inf.    Dual Inf.      Time
       0    0.0000000e+00   4.476255e+01   0.000000e+00      0s
     109    0.0000000e+00   0.000000e+00   0.000000e+00      0s

Solved in 109 iterations and 0.01 seconds
Optimal objective  0.000000000e+00
