j1201_1.sm_s1.txt
Academic license - for non-commercial use only
Read LP format model from file lp/j1201_1.sm.lp
Reading time = 0.03 seconds
: 1196 rows, 5432 columns, 62759 nonzeros
OKGPU
nThreads: 1024 , nBlocks: 12 
Number cuts generated in the phase 1: 33
Number of repeat: 7 
violation 334.000000
violation 145.000000
violation 234.000000
violation 288.000000
violation 207.000000
violation 63.000000
violation 293.000000
violation 390.000000
violation 467.000000
violation 142.000000
violation 168.000000
violation 458.000000
violation 370.000000
violation 757.000000
violation 859.000000
violation 859.000000
violation 857.000000
violation 637.000000
violation 637.000000
violation 557.000000
violation 164.000000
violation 21.000000
violation 523.000000
violation 445.000000
violation 495.000000
violation 37.000000
8592 16
AQUIIII!!112 29 85 88 117 30 58 49 66 119 0 116 31 118 28 81 
AQUIIII!!111 112 119 86 85 AQUIIII!!108 112 116 111 58 108 118 116 117 32 49 110 81 118 66 36 28 27 110 47 0 76 
81 117 66 86 85 
AQUIIII!!112 111 108 116 86 26 76 81 110 85 32 66 27 117 36 47 
AQUIIII!!66 112 111 119 0 29 30 58 117 118 81 28 49 85 116 88 
AQUIIII!!112 111 108 116 32 110 118 36 27 47 76 81 117 66 86 85 
AQUIIII!!113 115 85 114 80 81 58 35 39 41 88 34 49 38 33 40 
AQUIIII!!43 57 41 49 42 81 34 80 58 40 1 35 88 113 114 115 
AQUIIII!!68 75 86 110 66 32 85 26 90 AQUIIII!!24 111 25 110 108 36 85 112 116 108 26 111 66 27 86 
68 90 32 75 25 36 27 112 
AQUIIII!!68 75 AQUIIII!!116 86 90 110 32 66 110 32 108 85 86 26 66 90 36 24 111 25 75 25 36 112 68 108 27 111 85 27 26 112 

AQUIIII!!111 112 116 117 119 110 47 118 AQUIIII!!66 116 86 90 81 32 32 36 110 108 85 108 76 86 AQUIIII!!
66 36 85 36 111 49 119 75 110 25 0 68 58 27 86 85 118 26 116 112 108 
81 117 66 112 111 
AQUIIII!!29 85 112 28 66 117 88 58 AQUIIII!!111 49 111 0 112 118 81 119 119 81 0 116 66 30 
108 85 36 118 110 58 86 49 117 116 
AQUIIII!!26 111 24 90 36 66 32 75 108 110 25 86 23 27 68 85 
AQUIIII!!26 111 112 75 86 90 32 36 66 85 108 24 68 110 25 27 
AQUIIII!!112 111 110 32 116 108 90 66 25 27 75 68 36 26 85 86 
AQUIIII!!112 29 30 119 28 81 0 85 111 66 116 117 88 58 118 49 
AQUIIII!!108 112 27 111 66 32 86 110 68 90 24 36 25 75 26 85 
AQUIIII!!108 112 27 111 66 32 86 110 68 90 24 AQUIIII!!36 25 111 75 58 26 112 85 119 
49 0 118 28 81 30 66 117 29 116 85 88 
AQUIIII!!112 76 111 116 118 27 108 81 32 66 36 110 47 86 85 117 
AQUIIII!!111 108 26 112 117 27 86 116 110 36 81 66 32 47 85 76 
AQUIIII!!76 108 86 116 36 32 66 110 118 119 47 117 85 111 81 112 
AQUIIII!!76 117 81 86 116 85 47 66 32 118 110 111 36 112 108 27 
AQUIIII!!85 40 31 41 33 49 115 81 39 88 38 58 80 30 113 114 
AQUIIII!!38 85 115 39 33 40 81 80 49 88 113 41 31 58 30 114 
AQUIIII!!112 25 26 110 66 24 36 32 86 27 108 75 85 90 68 111 
AQUIIII!!36 108 32 116 90 66 25 86 68 75 111 26 85 27 112 110 
AQUIIII!!85 36 27 90 86 26 23 AQUIIII!!108 58 66 110 111 75 28 68 110 86 25 119 118 32 81 24 111 66 
85 116 49 117 0 112 29 
AQUIIII!!113 114 31 88 30 85 40 39 49 41 80 81 58 33 38 115 
AQUIIII!!118 49 85 58 28 81 110 66 119 108 0 117 111 86 116 112 
AQUIIII!!112 111 27 32 117 116 118 66 76 81 36 85 108 47 110 86 
AQUIIII!!112 111 27 32 117 116 118 66 76 81 36 85 108 47 110 86 
AQUIIII!!112 58 111 108 81 119 86 85 49 110 28 66 118 116 AQUIIII!!0 111 117 112 
58 66 0 49 116 85 119 86 117 81 118 108 110 36 
AQUIIII!!40 81 29 80 58 39 88 49 30 33 41 31 85 38 28 113 
AQUIIII!!112 27 108 90 85 66 26 25 32 110 68 116 86 75 36 111 
AQUIIII!!32 36 25 85 24 112 75 86 110 108 66 90 68 111 26 27 
AQUIIII!!32 36 25 85 24 112 75 86 110 108 66 90 68 111 26 27 
AQUIIII!!112 111 27 32 117 116 118 66 76 81 36 85 108 47 110 86 
AQUIIII!!108 112 24 110 111 85 27 25 75 26 32 86 90 36 66 68 
AQUIIII!!86 85 36 116 108 90 25 66 32 26 68 111 27 112 75 110 
AQUIIII!!27 25 111 32 24 108 75 23 66 90 36 85 68 110 26 86 
AQUIIII!!111 28 117 49 66 29 112 116 110 81 85 0 58 118 86 119 
AQUIIII!!85 116 47 108 36 76 111 86 81 117 66 110 26 112 27 32 
AQUIIII!!111 118 119 86 58 49 110 117 81 85 28 66 0 29 116 112 
AQUIIII!!113 29 114 31 33 40 39 49 41 85 58 88 81 30 80 38 
AQUIIII!!86 75 27 90 25 36 112 85 66 108 26 68 32 110 24 111 
AQUIIII!!90 26 68 111 110 24 25 112 27 36 66 108 75 32 86 85 
AQUIIII!!108 112 24 110 111 85 27 AQUIIII!!112 25 111 85 75 58 86 26 119 32 81 66 86 28 90 110 49 36 117 66 29 0 68 116 
118 
AQUIIII!!66 75 36 25 86 68 24 110 90 23 85 32 27 108 111 26 
AQUIIII!!110 23 90 26 24 86 111 32 25 68 85 108 27 75 36 66 
AQUIIII!!66 75 36 25 86 68 24 110 90 23 85 32 27 108 111 26 
AQUIIII!!112 111 86 49 85 110 119 81 108 58 117 118 0 116 66 28 
AQUIIII!!116 117 86 110 47 36 66 32 118 81 76 85 27 108 112 111 
AQUIIII!!116 117 86 110 47 36 66 32 118 81 76 85 27 108 112 111 
AQUIIII!!26 111 112 75 86 90 32 36 66 85 AQUIIII!!108 112 24 111 68 110 110 32 25 116 27 108 
90 66 25 27 75 68 36 26 85 86 
AQUIIII!!116 44 45 47 50 27 108 117 36 111 32 56 110 49 112 26 
AQUIIII!!66 117 116 32 108 110 85 86 36 76 AQUIIII!!81 26 47 111 24 111 90 AQUIIII!!36 112 26 66 32 118 36 75 27 27 108 75 110 85 
25 86 32 25 23 66 27 68 68 85 24 
90 108 21 86 110 23 
AQUIIII!!119 111 112 116 0 117 30 28 85 49 58 81 88 66 29 118 
AQUIIII!!111 112 81 117 85 116 108 36 110 118 76 32 86 66 47 27 
AQUIIII!!113 29 114 31 33 40 39 49 41 85 58 88 81 30 80 38 
AQUIIII!!29 113 39 88 31 30 41 85 81 38 40 AQUIIII!!49 113 AQUIIII!!29 58 114 108 80 31 81 114 33 86 33 40 36 39 
66 49 41 85 85 32 58 76 88 81 110 30 117 80 26 38 47 
111 27 116 112 
AQUIIII!!108 112 24 110 111 85 27 25 75 26 32 86 90 36 66 68 
AQUIIII!!108 81 86 36 66 85 32 76 110 117 26 47 111 27 116 112 
AQUIIII!!81 117 116 118 119 66 28 86 108 0 58 110 85 112 111 49 
AQUIIII!!68 32 66 25 108 36 75 85 86 26 116 27 90 110 112 111 
AQUIIII!!68 32 66 25 108 36 75 85 86 26 116 27 90 110 112 111 
AQUIIII!!32 110 111 26 85 116 66 47 36 76 108 81 117 86 27 112 
AQUIIII!!86 26 85 27 68 90 32 112 66 36 75 110 108 111 24 25 
AQUIIII!!86 26 85 27 68 90 32 112 66 36 75 110 108 111 24 25 
AQUIIII!!111 27 86 116 117 118 85 36 32 108 76 47 81 66 110 112 
AQUIIII!!AQUIIII!!85 81 49 58 38 66 80 86 115 119 41 40 28 30 110 113 58 33 49 118 39 117 85 81 88 0 114 29 31 
116 112 111 
AQUIIII!!25 26 32 24 108 68 66 75 85 90 86 36 111 110 27 112 
AQUIIII!!25 26 32 24 108 68 66 75 85 90 86 AQUIIII!!85 36 49 111 66 110 86 27 119 112 28 
110 58 118 117 81 0 29 116 112 111 
AQUIIII!!110 23 90 26 24 86 111 32 25 68 85 108 27 75 36 66 
AQUIIII!!25 26 32 24 108 68 66 75 85 AQUIIII!!90 117 86 49 36 111 81 110 0 27 88 112 58 
30 66 29 28 118 119 111 85 AQUIIII!!112 90 116 26 
68 111 110 24 25 112 27 36 66 108 75 32 86 85 
AQUIIII!!116 110 111 32 86 81 117 47 118 112 85 76 27 36 108 66 
AQUIIII!!112 29 0 28 49 86 81 85 110 116 66 117 58 111 118 119 
AQUIIII!!26 24 111 68 110 108 112 25 36 90 86 66 75 32 85 27 
AQUIIII!!86 118 81 66 36 116 117 85 0 119 49 112 110 58 111 108 
AQUIIII!!47 27 81 32 86 116 110 85 66 36 76 117 111 108 112 26 
AQUIIII!!47 27 81 32 86 116 110 85 66 36 76 117 111 108 112 26 
AQUIIII!!81 86 29 28 66 117 0 49 85 119 116 118 110 58 112 111 
AQUIIII!!36 32 108 86 47 27 85 111 116 81 76 117 66 110 26 112 
AQUIIII!!36 32 108 86 47 27 85 111 116 81 76 117 66 110 26 112 
AQUIIII!!36 32 108 86 47 27 85 111 116 81 76 117 66 110 26 112 
AQUIIII!!110 108 36 26 76 81 85 27 47 116 117 86 32 111 112 66 
AQUIIII!!28 108 112 81 116 117 0 66 49 85 111 119 110 86 58 118 
AQUIIII!!85 118 49 0 28 117 86 58 66 81 119 112 111 29 116 110 
AQUIIII!!31 116 119 49 88 118 28 30 81 58 33 29 0 117 85 66 
AQUIIII!!85 90 27 66 112 75 32 110 68 86 108 36 25 26 111 24 
AQUIIII!!85 90 27 66 112 75 32 110 68 86 108 36 25 26 111 24 
AQUIIII!!112 27 108 90 85 66 26 25 32 110 68 116 86 75 36 111 
AQUIIII!!26 111 108 86 36 27 117 47 110 85 76 112 116 81 66 32 
AQUIIII!!111 108 26 112 117 27 86 116 110 36 81 66 32 47 85 76 
AQUIIII!!112 111 27 32 117 116 118 66 76 81 36 85 108 47 110 86 
AQUIIII!!68 86 25 85 26 66 116 110 75 36 111 108 90 32 27 112 
AQUIIII!!28 117 66 88 29 0 85 118 81 58 33 49 119 116 31 30 
AQUIIII!!25 108 66 90 26 36 75 32 85 23 68 27 86 110 111 24 
AQUIIII!!25 108 AQUIIII!!66 116 90 28 26 111 36 119 75 86 58 32 0 85 112 23 49 68 110 81 27 29 86 66 110 117 111 85 24 118 

AQUIIII!!88 58 0 30 31 118 85 116 49 66 28 119 117 81 29 112 
AQUIIII!!112 111 27 32 117 116 118 66 76 81 36 85 108 47 110 86 
AQUIIII!!111 112 116 117 119 110 47 118 66 86 81 32 36 108 85 76 
AQUIIII!!112 29 85 88 117 30 58 49 66 119 0 116 31 118 28 81 
AQUIIII!!26 24 111 68 110 108 112 25 36 90 86 66 75 32 85 27 
AQUIIII!!111 29 0 112 66 117 28 58 49 81 116 86 118 85 110 119 
AQUIIII!!49 85 88 119 118 66 117 29 58 81 116 0 28 111 30 112 
AQUIIII!!49 57 40 39 113 80 58 34 42 35 43 81 88 115 114 41 
AQUIIII!!112 68 111 86 27 32 25 26 75 116 110 108 66 90 36 85 
AQUIIII!!75 108 36 86 85 27 68 25 66 23 110 32 90 24 111 26 
AQUIIII!!113 80 58 85 31 81 49 40 34 41 38 88 39 114 115 33 
AQUIIII!!111 66 27 75 85 24 26 68 110 32 90 86 108 36 25 112 AQUIIII!!
108 26 75 27 85 68 86 111 110 32 66 90 24 36 112 25 
AQUIIII!!108 26 112 90 86 25 36 116 85 75 32 110 111 27 66 68 
AQUIIII!!81 86 26 47 76 85 112 66 110 36 108 117 32 27 111 116 
AQUIIII!!32 110 111 47 116 27 112 66 86 85 26 117 36 108 81 76 
AQUIIII!!66 112 32 110 90 108 27 86 75 26 85 68 24 36 25 111 
AQUIIII!!113 115 41 81 39 33 31 80 49 38 40 58 88 85 114 30 
AQUIIII!!25 85 111 110 112 32 75 27 66 68 26 108 90 86 36 116 
AQUIIII!!32 36 110 26 117 81 76 111 85 116 66 108 47 86 112 27 
AQUIIII!!111 27 116 36 85 47 76 118 117 112 86 108 66 110 32 81 
AQUIIII!!26 116 111 86 108 27 32 110 112 36 66 85 68 25 90 75 
AQUIIII!!88 33 38 85 80 39 81 49 58 41 40 114 115 34 113 35 
AQUIIII!!119 118 86 117 116 49 29 85 66 110 81 28 58 0 112 111 
AQUIIII!!115 41 114 58 33 81 80 40 38 88 31 85 49 113 30 39 
AQUIIII!!28 111 118 85 86 119 116 66 29 117 110 0 49 81 112 58 
AQUIIII!!76 32 111 47 108 26 110 81 36 85 116 66 86 117 112 27 
AQUIIII!!58 28 85 0 118 66 119 31 49 88 29 117 81 30 116 112 
AQUIIII!!116 30 28 33 81 31 66 49 88 118 0 29 85 119 117 58 
AQUIIII!!116 86 111 112 119 85 117 110 AQUIIII!!28 81 108 119 0 0 118 117 58 49 58 66 49 116 81 118 86 
110 28 29 66 85 111 112 
AQUIIII!!112 111 116 27 108 47 110 36 66 117 32 86 85 81 76 118 
AQUIIII!!86 32 108 68 110 90 66 85 116 36 75 26 111 112 25 27 
AQUIIII!!86 AQUIIII!!108 86 32 66 108 27 75 68 110 32 90 110 111 66 85 85 116 68 116 36 25 75 26 36 90 111 26 112 112 25 27 

AQUIIII!!86 32 108 68 AQUIIII!!86 110 108 90 66 66 27 85 75 116 36 32 75 110 111 26 111 85 112 68 25 116 25 27 
36 90 26 112 
AQUIIII!!112 27 25 116 36 26 32 111 75 66 68 90 108 86 85 110 
AQUIIII!!34 35 113 114 115 58 85 81 40 38 41 33 88 49 39 80 
AQUIIII!!112 27 25 116 36 26 32 111 75 66 68 90 108 86 85 110 
AQUIIII!!111 119 112 117 88 116 28 0 49 118 81 30 66 58 29 85 
Number of Cuts in the second phase:3997
Number of repeat: 3466 
Violation: 515.000000
Violation: 26.000000
Violation: 353.000000
Violation: 421.000000
Violation: 279.000000
Violation: 187.000000
Violation: 650.000000
Violation: 658.000000
Violation: 895.000000
Violation: 747.000000
Violation: 645.000000
Violation: 390.000000
Violation: 627.000000
Violation: 51.000000
Violation: 329.000000
Violation: 546.000000
Violation: 876.000000
Violation: 656.000000
Violation: 279.000000
Violation: 295.000000
Violation: 929.000000
Violation: 747.000000
Violation: 34.000000
Violation: 417.000000
Violation: 389.000000
Violation: 916.000000
Violation: 397.000000
Violation: 656.000000
Violation: 507.000000
Violation: 328.000000
Violation: 245.000000
Violation: 249.000000
Violation: 116.000000
Violation: 1174.000000
Violation: 226.000000
Violation: 814.000000
Violation: 515.000000
Violation: 475.000000
Violation: 135.000000
Violation: 143.000000
Violation: 420.000000
Violation: 17.000000
Violation: 488.000000
Violation: 374.000000
Violation: 268.000000
Violation: 129.000000
Violation: 364.000000
Violation: 176.000000
Violation: 632.000000
Violation: 575.000000
Violation: 177.000000
Violation: 1170.000000
Violation: 147.000000
Violation: 716.000000
Violation: 718.000000
Violation: 383.000000
Violation: 824.000000
Violation: 125.000000
Violation: 1374.000000
Violation: 378.000000
Violation: 186.000000
Violation: 51.000000
Violation: 254.000000
Violation: 88.000000
Violation: 328.000000
Violation: 485.000000
Violation: 325.000000
Violation: 714.000000
Violation: 640.000000
Violation: 627.000000
Violation: 221.000000
Violation: 187.000000
Violation: 182.000000
Violation: 264.000000
Violation: 378.000000
Violation: 154.000000
Violation: 377.000000
Violation: 358.000000
Violation: 83.000000
Violation: 84.000000
Violation: 656.000000
Violation: 632.000000
Violation: 239.000000
Violation: 381.000000
Violation: 16.000000
Violation: 26.000000
Violation: 467.000000
Violation: 110.000000
Violation: 277.000000
Violation: 637.000000
Violation: 415.000000
Violation: 668.000000
Violation: 718.000000
Violation: 985.000000
Violation: 514.000000
Violation: 627.000000
Violation: 600.000000
Violation: 424.000000
Violation: 238.000000
Violation: 896.000000
Violation: 697.000000
Violation: 714.000000
Violation: 861.000000
Violation: 353.000000
Violation: 657.000000
Violation: 445.000000
Violation: 432.000000
Violation: 708.000000
Violation: 75.000000
Violation: 629.000000
Violation: 46.000000
Violation: 557.000000
Violation: 368.000000
Violation: 743.000000
Violation: 984.000000
Violation: 187.000000
Violation: 36.000000
Violation: 1285.000000
Violation: 80.000000
Violation: 222.000000
Violation: 295.000000
Violation: 971.000000
Violation: 63.000000
Violation: 146.000000
Violation: 45.000000
Violation: 284.000000
Violation: 600.000000
Violation: 583.000000
Violation: 857.000000
Violation: 374.000000
Violation: 1295.000000
Violation: 299.000000
Violation: 1233.000000
Violation: 370.000000
Violation: 318.000000
Violation: 657.000000
Violation: 135.000000
Violation: 690.000000
Violation: 702.000000
Violation: 150.000000
Violation: 999.000000
Violation: 188.000000
Violation: 517.000000
Violation: 229.000000
Violation: 1515.000000
Violation: 43.000000
Violation: 436.000000
Violation: 601.000000
Violation: 679.000000
Violation: 1223.000000
Violation: 218.000000
Violation: 101.000000
Violation: 754.000000
Violation: 525.000000
Violation: 893.000000
Violation: 1047.000000
Violation: 103.000000
Violation: 864.000000
Violation: 1355.000000
Violation: 114.000000
Violation: 813.000000
Violation: 256.000000
Violation: 39.000000
Violation: 315.000000
Violation: 905.000000
Violation: 990.000000
Violation: 353.000000
Violation: 974.000000
Violation: 71.000000
Violation: 353.000000
Violation: 965.000000
Violation: 500.000000
Violation: 227.000000
Violation: 417.000000
Violation: 240.000000
Violation: 6.000000
Violation: 1488.000000
Violation: 432.000000
Violation: 187.000000
Violation: 1126.000000
Violation: 370.000000
Violation: 748.000000
Violation: 358.000000
Violation: 61.000000
Violation: 324.000000
Violation: 637.000000
Violation: 581.000000
Violation: 329.000000
Violation: 517.000000
Violation: 1187.000000
Violation: 950.000000
Violation: 519.000000
Violation: 770.000000
Violation: 627.000000
Violation: 1100.000000
Violation: 1017.000000
Violation: 780.000000
Violation: 875.000000
Violation: 26.000000
Violation: 824.000000
Violation: 207.000000
Violation: 574.000000
Violation: 213.000000
Violation: 466.000000
Violation: 111.000000
Violation: 40.000000
Violation: 405.000000
Violation: 17.000000
Violation: 658.000000
Violation: 951.000000
Violation: 843.000000
Violation: 1007.000000
Violation: 134.000000
Violation: 71.000000
Violation: 395.000000
Violation: 1046.000000
Violation: 72.000000
Violation: 83.000000
Violation: 471.000000
Violation: 252.000000
Violation: 106.000000
Violation: 348.000000
Violation: 87.000000
Violation: 801.000000
Violation: 646.000000
Violation: 759.000000
Violation: 356.000000
Violation: 406.000000
Violation: 1184.000000
Violation: 178.000000
Violation: 1515.000000
Violation: 357.000000
Violation: 192.000000
Violation: 1279.000000
Violation: 742.000000
Violation: 319.000000
Violation: 15.000000
Violation: 811.000000
Violation: 453.000000
Violation: 1100.000000
Violation: 249.000000
Violation: 2083.000000
Violation: 367.000000
Violation: 946.000000
Violation: 475.000000
Violation: 124.000000
Violation: 270.000000
Violation: 637.000000
Violation: 8.000000
Violation: 982.000000
Violation: 132.000000
Violation: 241.000000
Violation: 1023.000000
Violation: 160.000000
Violation: 86.000000
Violation: 804.000000
Violation: 121.000000
Violation: 1016.000000
Violation: 234.000000
Violation: 1098.000000
Violation: 98.000000
Violation: 1187.000000
Violation: 687.000000
Violation: 646.000000
Violation: 1130.000000
Violation: 1098.000000
Violation: 943.000000
Violation: 337.000000
Violation: 227.000000
Violation: 166.000000
Violation: 576.000000
Violation: 990.000000
Violation: 375.000000
Violation: 199.000000
Violation: 916.000000
Violation: 832.000000
Violation: 283.000000
Violation: 1303.000000
Violation: 1182.000000
Violation: 544.000000
Violation: 540.000000
Violation: 1269.000000
Violation: 22.000000
Violation: 702.000000
Violation: 1415.000000
Violation: 559.000000
Violation: 177.000000
Violation: 742.000000
Violation: 906.000000
Violation: 881.000000
Violation: 964.000000
Violation: 572.000000
Violation: 587.000000
Violation: 263.000000
Violation: 10.000000
Violation: 148.000000
Violation: 582.000000
Violation: 82.000000
Violation: 459.000000
Violation: 597.000000
Violation: 643.000000
Violation: 193.000000
Violation: 691.000000
Violation: 148.000000
Violation: 161.000000
Violation: 750.000000
Violation: 441.000000
Violation: 588.000000
Violation: 7.000000
Violation: 686.000000
Violation: 1026.000000
Violation: 981.000000
Violation: 582.000000
Violation: 707.000000
Violation: 567.000000
Violation: 907.000000
Violation: 328.000000
Violation: 108.000000
Violation: 628.000000
Violation: 566.000000
Violation: 929.000000
Violation: 235.000000
Violation: 910.000000
Violation: 270.000000
Violation: 163.000000
Violation: 891.000000
Violation: 256.000000
Violation: 1507.000000
Violation: 361.000000
Violation: 172.000000
Violation: 343.000000
Violation: 343.000000
Violation: 160.000000
Violation: 333.000000
Violation: 412.000000
Violation: 32.000000
Violation: 370.000000
Violation: 407.000000
Violation: 194.000000
Violation: 523.000000
Violation: 177.000000
Violation: 764.000000
Violation: 409.000000
Violation: 1224.000000
Violation: 1588.000000
Violation: 77.000000
Violation: 798.000000
Violation: 215.000000
Violation: 484.000000
Violation: 354.000000
Violation: 178.000000
Violation: 1196.000000
Violation: 745.000000
Violation: 145.000000
Violation: 46.000000
Violation: 56.000000
Violation: 2.000000
Violation: 1184.000000
Violation: 158.000000
Violation: 287.000000
Violation: 48.000000
Violation: 574.000000
Violation: 654.000000
Violation: 257.000000
Violation: 159.000000
Violation: 1152.000000
Violation: 69.000000
Violation: 587.000000
Violation: 91.000000
Violation: 755.000000
Violation: 849.000000
Violation: 798.000000
Violation: 928.000000
Violation: 592.000000
Violation: 1040.000000
Violation: 174.000000
Violation: 890.000000
Violation: 46.000000
Violation: 797.000000
Violation: 106.000000
Violation: 177.000000
Violation: 351.000000
Violation: 1080.000000
Violation: 115.000000
Violation: 618.000000
Violation: 278.000000
Violation: 1279.000000
Violation: 469.000000
Violation: 70.000000
Violation: 1472.000000
Violation: 260.000000
Violation: 287.000000
Violation: 1019.000000
Violation: 905.000000
Violation: 122.000000
Violation: 704.000000
Violation: 877.000000
Violation: 1264.000000
Violation: 249.000000
Violation: 459.000000
Violation: 905.000000
Violation: 1025.000000
Violation: 18.000000
Violation: 299.000000
Violation: 143.000000
Violation: 223.000000
Violation: 972.000000
Violation: 1136.000000
Violation: 896.000000
Violation: 1374.000000
Violation: 258.000000
Violation: 1108.000000
Violation: 187.000000
Violation: 984.000000
Violation: 372.000000
Violation: 1055.000000
Violation: 597.000000
Violation: 722.000000
Violation: 238.000000
Violation: 136.000000
Violation: 321.000000
Violation: 50.000000
Violation: 193.000000
Violation: 518.000000
Violation: 1770.000000
Violation: 278.000000
Violation: 921.000000
Violation: 776.000000
Violation: 2.000000
Violation: 145.000000
Violation: 240.000000
Violation: 52.000000
Violation: 168.000000
Violation: 302.000000
Violation: 500.000000
Violation: 441.000000
Violation: 1810.000000
Violation: 496.000000
Violation: 199.000000
Violation: 201.000000
Violation: 298.000000
Violation: 432.000000
Violation: 1083.000000
Violation: 476.000000
Violation: 631.000000
Violation: 372.000000
Violation: 1233.000000
Violation: 299.000000
Violation: 28.000000
Violation: 183.000000
Violation: 17.000000
Violation: 967.000000
Violation: 57.000000
Violation: 170.000000
Violation: 503.000000
Violation: 256.000000
Violation: 307.000000
Violation: 107.000000
Violation: 444.000000
Violation: 356.000000
Violation: 690.000000
Violation: 931.000000
Violation: 313.000000
Violation: 1086.000000
Violation: 1401.000000
Violation: 991.000000
Violation: 408.000000
Violation: 577.000000
Violation: 4.000000
Violation: 1358.000000
Violation: 269.000000
Violation: 26.000000
Violation: 821.000000
Violation: 722.000000
Violation: 3.000000
Violation: 81.000000
Violation: 44.000000
Violation: 122.000000
Violation: 1323.000000
Violation: 267.000000
Violation: 792.000000
Violation: 125.000000
Violation: 172.000000
Violation: 471.000000
Violation: 1518.000000
Violation: 697.000000
Violation: 269.000000
Violation: 547.000000
Violation: 1358.000000
Violation: 4.000000
Violation: 613.000000
Violation: 334.000000
Violation: 2154.000000
Violation: 674.000000
Violation: 630.000000
Violation: 468.000000
Violation: 176.000000
Violation: 408.000000
Violation: 40.000000
Violation: 907.000000
Violation: 393.000000
Violation: 848.000000
Violation: 388.000000
Violation: 356.000000
Violation: 274.000000
Violation: 84.000000
Violation: 595.000000
Violation: 1764.000000
Violation: 807.000000
Violation: 1364.000000
Violation: 73.000000
Violation: 87.000000
Violation: 866.000000
Violation: 180.000000
Violation: 193.000000
Violation: 656.000000
Violation: 743.000000
Violation: 388.000000
Violation: 362.000000
Violation: 957.000000
Violation: 836.000000
Violation: 193.000000
Violation: 41.000000
Violation: 843.000000
Violation: 1300.000000
Violation: 356.000000
Violation: 20.000000
Violation: 234.000000
Violation: 13.000000
Violation: 1619.000000
Violation: 985.000000
8592 16
AQUIIII!!112 111 66 0 81 117 29 88 58 116 118 85 30 28 49 119 
AQUIIII!!111 110 24 112 90 66 75 86 108 85 68 26 36 32 25 27 
AQUIIII!!25 68 75 32 108 66 24 85 36 90 86 26 110 27 112 111 
AQUIIII!!25 68 75 32 108 66 24 85 36 AQUIIII!!90 66 86 85 26 116 26 110 110 27 86 75 112 36 111 112 
90 108 32 27 68 25 111 
AQUIIII!!49 118 66 85 AQUIIII!!66 119 85 36 116 117 26 0 110 58 86 75 110 36 81 112 108 90 86 108 111 32 112 27 68 116 25 
111 
AQUIIII!!49 118 66 85 119 36 117 0 58 110 81 108 86 111 112 116 
AQUIIII!!76 108 117 32 119 110 66 116 81 86 85 36 118 111 47 112 
AQUIIII!!111 25 68 108 36 85 110 27 90 26 32 24 66 86 23 75 
AQUIIII!!29 113 58 38 40 39 49 33 80 81 85 88 41 28 30 31 
AQUIIII!!111 112 116 36 66 110 81 108 118 47 32 117 86 119 76 85 
AQUIIII!!110 25 112 111 24 90 36 26 32 AQUIIII!!66 108 85 111 86 112 75 119 68 58 27 116 108 66 
49 117 0 36 118 110 81 86 85 
AQUIIII!!66 112 AQUIIII!!111 113 86 114 76 115 116 88 81 80 47 40 36 81 108 38 26 34 85 35 117 33 27 58 110 39 32 49 
41 85 
AQUIIII!!111 25 112 36 26 90 86 110 66 116 75 108 32 68 27 85 
AQUIIII!!88 38 30 33 39 40 58 31 85 41 49 81 80 28 113 29 
AQUIIII!!88 38 30 33 39 40 58 31 85 41 49 81 80 28 113 29 
AQUIIII!!111 25 90 32 23 108 24 27 66 36 85 68 26 86 110 AQUIIII!!75 40 
33 41 39 58 113 81 30 29 80 85 49 38 88 114 31 
AQUIIII!!114 31 34 33 39 38 88 58 115 113 41 80 49 85 40 81 
AQUIIII!!86 47 85 76 119 118 108 66 110 36 32 117 81 111 112 116 
AQUIIII!!114 115 58 113 31 AQUIIII!!80 25 41 111 38 36 85 110 33 86 30 26 40 90 88 75 81 108 49 85 39 32 
66 24 68 112 27 
AQUIIII!!76 110 112 111 85 116 27 81 66 86 117 36 26 32 108 47 
AQUIIII!!28 88 119 30 49 81 0 117 58 85 66 118 33 29 116 31 
AQUIIII!!112 27 111 26 116 32 108 68 66 25 86 36 110 85 90 75 
AQUIIII!!111 66 49 117 118 86 0 116 58 119 108 81 85 110 28 112 
AQUIIII!!32 85 81 36 86 108 117 118 119 110 47 66 76 116 112 111 
AQUIIII!!32 85 81 36 86 108 117 118 119 110 47 66 76 116 112 111 
AQUIIII!!111 25 26 23 68 85 27 32 75 108 24 110 36 66 90 86 
AQUIIII!!116 27 110 111 75 32 66 90 26 25 68 108 36 86 85 112 
AQUIIII!!111 112 32 108 118 86 27 36 76 47 110 116 81 85 66 117 
AQUIIII!!36 117 110 86 116 76 27 118 108 85 32 66 47 112 111 81 
AQUIIII!!32 108 90 25 86 27 68 75 36 24 111 85 66 110 112 26 
AQUIIII!!116 66 68 25 75 112 85 36 90 108 86 32 27 110 26 AQUIIII!!111 32 
108 90 25 86 27 68 75 36 24 111 85 66 110 112 26 
AQUIIII!!116 66 68 25 75 112 85 36 90 108 86 32 27 110 26 111 
AQUIIII!!25 112 85 36 26 116 66 68 110 27 90 32 108 86 111 AQUIIII!!75 111 
112 116 36 66 110 81 108 118 47 32 117 86 119 76 85 
AQUIIII!!116 26 32 86 112 111 76 117 81 85 27 110 36 66 47 108 
AQUIIII!!66 25 108 26 116 75 32 27 36 90 110 68 86 111 112 85 
AQUIIII!!0 81 119 117 86 110 29 49 85 28 118 116 66 58 111 112 
AQUIIII!!116 30 29 28 119 85 117 118 66 0 88 112 31 58 81 49 
AQUIIII!!27 116 66 86 32 81 108 47 36 76 26 85 110 117 111 112 
AQUIIII!!108 86 26 68 110 25 75 36 66 32 27 85 111 24 112 90 
AQUIIII!!111 24 32 68 86 25 85 27 108 110 66 26 75 90 36 112 
AQUIIII!!110 25 112 111 24 90 36 26 32 66 85 86 75 68 27 108 
AQUIIII!!25 111 108 112 90 110 36 86 75 26 66 32 24 27 68 85 
AQUIIII!!75 90 110 66 36 68 86 85 23 24 25 32 111 27 26 108 
AQUIIII!!23 110 68 32 90 108 36 24 21 75 86 85 25 26 66 27 
AQUIIII!!90 112 68 111 86 25 24 85 75 32 110 27 66 108 36 26 
AQUIIII!!110 32 116 27 66 47 117 36 108 86 76 85 112 111 81 26 
AQUIIII!!66 85 36 26 86 108 90 75 32 112 111 27 116 25 110 68 
AQUIIII!!25 112 90 36 32 86 27 111 110 66 75 68 108 24 26 85 
AQUIIII!!29 30 118 AQUIIII!!117 113 119 85 85 38 66 39 88 40 28 49 49 58 81 115 0 41 112 33 111 31 58 88 116 81 
80 30 114 
AQUIIII!!85 112 AQUIIII!!111 111 112 49 116 36 66 66 110 110 81 108 117 118 118 47 32 116 117 0 86 119 36 76 85 58 
81 AQUIIII!!86 114 119 29 113 108 30 81 
85 40 31 88 38 58 80 33 39 49 41 
AQUIIII!!47 76 108 66 86 117 27 26 81 85 36 32 111 110 112 116 
AQUIIII!!25 111 110 116 27 66 90 86 26 108 112 36 85 75 68 32 
AQUIIII!!113 114 115 88 80 40 81 38 34 35 33 58 39 49 41 85 
AQUIIII!!38 49 85 81 58 41 39 88 40 80 113 30 115 33 31 114 
AQUIIII!!114 AQUIIII!!30 113 81 33 29 29 30 58 85 49 58 38 66 31 119 40 80 118 85 28 41 0 88 117 81 88 39 116 
111 49 112 
AQUIIII!!32 47 66 85 36 27 108 110 111 76 116 86 81 117 112 26 
AQUIIII!!81 29 30 85 58 66 119 118 28 0 117 88 116 111 49 112 
AQUIIII!!36 58 108 86 110 49 117 85 0 66 81 119 111 116 112 118 
AQUIIII!!112 27 111 26 116 32 108 68 66 25 86 36 110 85 90 75 
AQUIIII!!86 36 66 32 75 24 110 68 108 85 25 90 27 23 26 111 
AQUIIII!!42 34 58 40 57 39 35 38 88 49 41 81 115 114 80 113 
AQUIIII!!110 66 111 112 0 85 58 118 49 119 116 81 28 29 86 117 
AQUIIII!!28 113 88 41 58 30 39 33 81 29 80 31 49 38 40 85 
AQUIIII!!26 36 85 86 32 66 110 27 23 68 25 75 90 108 24 111 
AQUIIII!!36 110 66 AQUIIII!!32 36 47 116 85 86 110 76 86 111 32 81 118 25 116 75 117 85 27 66 108 112 68 
108 27 90 26 111 112 
AQUIIII!!58 116 66 0 117 85 118 30 88 29 49 28 81 111 119 112 
AQUIIII!!26 36 85 86 32 66 110 27 23 68 25 75 90 108 24 111 
AQUIIII!!36 116 110 86 32 25 75 85 66 68 108 27 90 26 111 112 
AQUIIII!!112 28 111 86 66 29 116 49 58 85 118 110 0 81 117 119 
AQUIIII!!118 85 117 32 110 76 111 108 66 47 36 81 86 27 112 116 
AQUIIII!!27 24 108 112 26 111 36 86 32 66 75 85 68 25 90 110 
AQUIIII!!27 111 86 66 75 108 25 24 112 90 110 68 32 26 36 85 
AQUIIII!!108 111 26 27 75 85 25 90 110 66 32 112 86 36 68 116 
AQUIIII!!108 111 26 27 75 85 25 90 110 66 32 112 86 36 68 116 
AQUIIII!!111 110 24 112 90 66 75 86 108 AQUIIII!!85 25 68 111 26 110 36 116 32 27 25 66 27 90 
86 26 108 112 36 85 75 68 32 
AQUIIII!!90 66 36 32 75 85 68 111 27 110 86 26 25 108 24 112 
AQUIIII!!66 108 117 32 36 76 85 81 27 47 110 86 111 116 26 112 
AQUIIII!!66 108 117 AQUIIII!!32 25 36 27 76 110 85 75 81 26 27 24 47 36 110 86 86 68 32 111 116 90 108 26 66 112 111 
85 112 
AQUIIII!!66 108 117 32 36 76 85 81 27 47 110 86 111 116 26 112 
AQUIIII!!116 111 85 110 112 81 119 58 49 118 28 86 29 66 0 117 
AQUIIII!!41 40 30 88 113 33 58 81 114 38 49 80 39 85 115 31 
AQUIIII!!112 25 AQUIIII!!32 27 108 24 27 108 36 112 24 26 85 111 68 36 86 86 111 32 26 66 75 75 90 85 66 68 110 25 
90 110 
AQUIIII!!110 27 116 76 81 66 32 86 117 47 36 85 111 108 26 112 
AQUIIII!!110 27 116 76 81 66 32 86 117 47 36 85 111 108 26 112 
AQUIIII!!119 88 85 118 29 66 49 117 28 81 0 111 58 112 30 116 
AQUIIII!!117 36 110 85 81 108 116 66 86 76 47 27 26 111 32 112 
AQUIIII!!117 36 110 85 81 108 116 66 86 76 47 27 26 111 32 112 
AQUIIII!!112 25 32 111 68 110 66 26 24 90 75 86 85 AQUIIII!!108 75 27 32 36 24 
108 68 36 90 112 110 86 85 66 25 26 111 27 
AQUIIII!!75 32 24 108 68 36 90 112 110 86 85 66 25 26 111 27 
AQUIIII!!75 32 24 108 68 36 90 112 110 86 85 66 25 26 111 27 
AQUIIII!!75 32 24 108 68 36 90 112 110 86 85 66 25 26 111 27 
AQUIIII!!26 111 75 86 66 32 110 90 27 68 85 112 25 108 24 36 
AQUIIII!!25 111 36 110 86 26 90 75 108 85 32 66 24 68 112 27 
AQUIIII!!25 111 36 110 86 26 90 75 108 85 32 66 24 68 112 27 
AQUIIII!!88 66 0 49 58 85 119 81 29 116 117 118 111 112 28 30 
AQUIIII!!111 32 81 66 36 85 117 118 110 76 47 86 108 116 112 27 
AQUIIII!!111 32 81 66 36 85 117 118 110 76 47 86 108 116 112 27 
AQUIIII!!114 29 113 30 81 85 40 31 88 38 58 80 33 39 49 41 
AQUIIII!!114 31 38 88 85 41 113 39 81 49 33 58 40 30 80 115 
AQUIIII!!110 23 86 75 68 36 26 90 27 21 85 24 32 108 25 66 
AQUIIII!!26 112 27 76 116 47 85 32 111 36 108 117 66 81 110 86 
AQUIIII!!29 28 112 111 58 118 81 66 49 117 119 86 0 110 85 116 
AQUIIII!!90 27 86 68 108 66 36 32 75 111 25 112 26 24 110 85 
AQUIIII!!117 AQUIIII!!36 32 58 110 116 81 110 86 90 119 108 0 85 118 112 108 68 66 111 49 85 116 111 25 112 75 
66 86 36 27 26 
AQUIIII!!28 112 111 66 81 119 58 118 0 117 86 116 49 110 85 108 
AQUIIII!!111 25 112 36 26 90 86 110 66 116 75 108 32 68 27 85 
AQUIIII!!110 24 32 85 66 27 90 25 68 26 75 108 36 86 112 111 
AQUIIII!!112 27 111 26 116 32 108 68 66 25 86 36 110 85 90 75 
AQUIIII!!111 58 112 29 110 116 119 0 66 85 86 117 118 28 49 81 
AQUIIII!!81 0 110 118 117 49 58 66 86 108 85 36 111 112 116 119 
AQUIIII!!85 49 88 118 0 81 66 31 30 117 58 119 116 29 112 28 
AQUIIII!!85 49 88 118 0 81 66 31 AQUIIII!!30 81 AQUIIII!!117 111 117 58 27 112 119 36 116 86 81 29 85 66 112 36 32 28 112 108 
86 116 108 26 116 47 117 32 118 76 76 110 110 85 66 47 27 
111 
AQUIIII!!81 117 112 86 85 36 108 116 26 47 32 76 110 66 27 111 
AQUIIII!!49 81 85 0 117 66 110 28 58 118 108 86 116 112 111 119 
AQUIIII!!49 81 85 0 117 66 110 28 58 118 108 86 116 112 111 119 
AQUIIII!!112 26 108 85 116 81 32 111 86 36 47 117 110 76 66 27 
AQUIIII!!29 113 58 38 40 AQUIIII!!39 36 49 108 33 66 80 32 81 27 85 90 88 25 41 23 28 75 30 110 31 86 
24 68 85 111 26 
AQUIIII!!113 30 114 49 33 31 38 88 39 41 85 29 40 80 58 81 
AQUIIII!!27 111 85 66 76 112 110 81 108 36 118 117 116 32 47 86 
AQUIIII!!63 99 102 7 54 48 87 9 3 64 46 104 8 103 105 10 
AQUIIII!!112 81 111 118 49 28 58 30 119 116 0 88 29 66 117 85 
AQUIIII!!49 1 80 81 42 41 58 5 34 57 43 35 114 88 113 115 
AQUIIII!!28 112 111 66 81 119 58 118 0 117 86 116 49 110 85 108 
AQUIIII!!49 80 88 41 38 33 31 85 81 58 40 39 34 115 114 113 
AQUIIII!!49 80 88 41 38 33 31 85 81 58 40 39 34 115 114 113 
Number of Cuts in the second phase:4059
Number of repeat: 3817 
Violation: 199.000000
Violation: 1141.000000
Violation: 879.000000
Violation: 203.000000
Violation: 108.000000
Violation: 309.000000
Violation: 501.000000
Violation: 17.000000
Violation: 577.000000
Violation: 272.000000
Violation: 913.000000
Violation: 426.000000
Violation: 802.000000
Violation: 1344.000000
Violation: 66.000000
Violation: 367.000000
Violation: 1244.000000
Violation: 184.000000
Violation: 1250.000000
Violation: 100.000000
Violation: 10.000000
Violation: 67.000000
Violation: 1108.000000
Violation: 291.000000
Violation: 1904.000000
Violation: 233.000000
Violation: 147.000000
Violation: 443.000000
Violation: 1005.000000
Violation: 415.000000
Violation: 152.000000
Violation: 227.000000
Violation: 505.000000
Violation: 392.000000
Violation: 118.000000
Violation: 1001.000000
Violation: 764.000000
Violation: 114.000000
Violation: 1826.000000
Violation: 1117.000000
Violation: 348.000000
Violation: 532.000000
Violation: 19.000000
Violation: 7.000000
Violation: 639.000000
Violation: 33.000000
Violation: 119.000000
Violation: 667.000000
Violation: 98.000000
Violation: 431.000000
Violation: 422.000000
Violation: 461.000000
Violation: 983.000000
Violation: 209.000000
Violation: 1161.000000
Violation: 1613.000000
Violation: 443.000000
Violation: 771.000000
Violation: 241.000000
Violation: 38.000000
Violation: 531.000000
Violation: 372.000000
Violation: 387.000000
Violation: 888.000000
Violation: 52.000000
Violation: 117.000000
Violation: 258.000000
Violation: 1736.000000
Violation: 234.000000
Violation: 451.000000
Violation: 768.000000
Violation: 1283.000000
Violation: 750.000000
Violation: 275.000000
Violation: 632.000000
Violation: 215.000000
Violation: 638.000000
Violation: 154.000000
Violation: 976.000000
Violation: 669.000000
Violation: 752.000000
Violation: 764.000000
Violation: 640.000000
Violation: 1254.000000
Violation: 435.000000
Violation: 88.000000
Violation: 239.000000
Violation: 97.000000
Violation: 421.000000
Violation: 1540.000000
Violation: 484.000000
Violation: 274.000000
Violation: 376.000000
Violation: 789.000000
Violation: 213.000000
Violation: 176.000000
Violation: 251.000000
Violation: 1221.000000
Violation: 209.000000
Violation: 260.000000
Violation: 1169.000000
Violation: 536.000000
Violation: 229.000000
Violation: 262.000000
Violation: 881.000000
Violation: 167.000000
Violation: 347.000000
Violation: 273.000000
Violation: 180.000000
Violation: 702.000000
Violation: 458.000000
Violation: 871.000000
Violation: 501.000000
Violation: 36.000000
Violation: 314.000000
Violation: 9.000000
Violation: 5.000000
Violation: 617.000000
Violation: 229.000000
Violation: 868.000000
Violation: 573.000000
Violation: 488.000000
Violation: 55.000000
Violation: 611.000000
Violation: 559.000000
Violation: 282.000000
Violation: 108.000000
Violation: 165.000000
Violation: 682.000000
Violation: 762.000000
Violation: 166.000000
Violation: 1267.000000
Violation: 841.000000
Violation: 397.000000
Violation: 698.000000
Violation: 737.000000
Violation: 373.000000
Violation: 575.000000
Violation: 276.000000
Violation: 126.000000
Violation: 86.000000
Violation: 175.000000
Violation: 915.000000
Violation: 264.000000
Violation: 252.000000
Violation: 1092.000000
Violation: 1074.000000
Violation: 800.000000
Violation: 513.000000
Violation: 837.000000
Violation: 2192.000000
Violation: 1340.000000
Violation: 459.000000
Violation: 1507.000000
Violation: 484.000000
Violation: 42.000000
Violation: 436.000000
Violation: 752.000000
Violation: 358.000000
Violation: 162.000000
Violation: 613.000000
Violation: 857.000000
Violation: 692.000000
Violation: 25.000000
Violation: 74.000000
Violation: 283.000000
Violation: 105.000000
Violation: 1007.000000
Violation: 472.000000
Violation: 490.000000
Violation: 975.000000
Violation: 583.000000
Violation: 561.000000
Violation: 607.000000
Violation: 1436.000000
Violation: 1096.000000
Violation: 832.000000
Violation: 379.000000
Violation: 876.000000
Violation: 702.000000
Violation: 972.000000
Violation: 372.000000
Violation: 1577.000000
Violation: 132.000000
Violation: 73.000000
Violation: 512.000000
Violation: 519.000000
Violation: 44.000000
Violation: 374.000000
Violation: 1075.000000
Violation: 1154.000000
Violation: 269.000000
Violation: 20.000000
Violation: 88.000000
Violation: 16.000000
Violation: 148.000000
Violation: 20.000000
Violation: 597.000000
Violation: 600.000000
Violation: 622.000000
Violation: 333.000000
Violation: 639.000000
Violation: 143.000000
Violation: 340.000000
Violation: 1364.000000
Violation: 1413.000000
Violation: 183.000000
Violation: 1264.000000
Violation: 176.000000
Violation: 367.000000
Violation: 299.000000
Violation: 606.000000
Violation: 611.000000
Violation: 864.000000
Violation: 25.000000
Violation: 747.000000
Violation: 1721.000000
Violation: 721.000000
Violation: 355.000000
Violation: 44.000000
Violation: 1517.000000
Violation: 365.000000
Violation: 615.000000
Violation: 674.000000
Violation: 32.000000
Violation: 467.000000
Violation: 592.000000
Violation: 1152.000000
Violation: 128.000000
Violation: 476.000000
Violation: 366.000000
Violation: 486.000000
Violation: 499.000000
Violation: 1339.000000
Violation: 302.000000
Violation: 962.000000
Violation: 72.000000
Violation: 44.000000
Violation: 1018.000000
Violation: 24.000000
Violation: 1295.000000
Violation: 281.000000
816 16
AQUIIII!!26 111 112 76 108 116 32 27 85 86 36 110 66 47 81 117 
AQUIIII!!26 111 112 76 108 116 32 27 85 86 36 110 66 47 81 117 
AQUIIII!!112 29 58 117 118 0 81 49 85 88 116 28 119 66 111 30 
AQUIIII!!45 43 42 44 34 41 49 46 48 40 39 35 50 113 115 114 
AQUIIII!!117 0 119 58 118 49 66 86 85 81 111 28 116 29 110 112 
AQUIIII!!25 26 27 24 90 66 36 85 86 68 32 75 108 111 110 112 
AQUIIII!!86 36 85 117 26 81 27 108 47 116 110 66 32 76 112 111 
AQUIIII!!75 25 110 90 108 68 32 66 111 85 36 26 86 116 112 27 
AQUIIII!!39 33 41 88 81 58 113 40 85 49 80 38 29 31 30 114 
AQUIIII!!25 112 36 27 68 108 66 90 26 85 86 111 116 32 75 110 
AQUIIII!!30 116 118 29 117 58 111 112 85 0 119 28 88 49 81 66 
Number of Cuts in the second phase:333
Number of repeat: 306 
Violation: 1528.000000
Violation: 421.000000
Violation: 10.000000
Violation: 408.000000
Violation: 230.000000
Violation: 19.000000
Violation: 625.000000
Violation: 996.000000
Violation: 380.000000
Violation: 763.000000
Violation: 912.000000
Violation: 651.000000
Violation: 387.000000
Violation: 513.000000
Violation: 1258.000000
Violation: 36.000000
Violation: 502.000000
Violation: 1014.000000
Violation: 551.000000
Violation: 422.000000
Violation: 979.000000
Violation: 938.000000
Violation: 209.000000
Violation: 280.000000
Violation: 75.000000
Violation: 151.000000
Violation: 4.000000
took 12.871292

Warning: excessive time spent in model updates.
Consider calling update less frequently.

Optimize a model with 2033 rows, 5432 columns and 69351 nonzeros
Coefficient statistics:
  Matrix range     [1e+00, 1e+02]
  Objective range  [0e+00, 0e+00]
  Bounds range     [1e+00, 1e+02]
  RHS range        [1e+00, 6e+01]

Concurrent LP optimizer: dual simplex and barrier
Showing barrier log only...

Presolve removed 452 rows and 256 columns
Presolve time: 0.02s
Presolved: 1581 rows, 5176 columns, 58476 nonzeros

Ordering time: 0.00s

Barrier statistics:
 Dense cols : 47
 AA' NZ     : 4.088e+04
 Factor NZ  : 1.347e+05 (roughly 4 MBytes of memory)
 Factor Ops : 2.575e+07 (less than 1 second per iteration)
 Threads    : 3

                  Objective                Residual
Iter       Primal          Dual         Primal    Dual     Compl     Time
   0   0.00000000e+00 -5.86781250e+01  4.46e+03 0.00e+00  1.60e+00     0s
   1   0.00000000e+00 -1.57456433e+02  1.45e+03 1.11e-02  5.07e-01     0s
   2   0.00000000e+00 -1.66001714e+02  4.41e+02 7.73e-04  1.52e-01     0s
   3   0.00000000e+00 -9.38166549e+01  3.10e+01 6.80e-06  1.64e-02     0s
   4   0.00000000e+00 -3.63563386e+01  1.15e+01 3.47e-17  5.06e-03     0s
   5   0.00000000e+00 -1.54573059e+01  2.66e+00 1.04e-17  1.58e-03     0s
   6   0.00000000e+00 -2.08170947e+00  9.96e-12 2.60e-18  1.78e-04     0s
   7   0.00000000e+00 -2.08338443e-03  3.17e-11 1.79e-17  1.78e-07     0s
   8   0.00000000e+00 -2.08338443e-06  3.95e-11 1.58e-20  1.78e-10     0s
   9   0.00000000e+00 -2.09364814e-12  8.07e-12 1.19e-21  1.79e-16     0s

Barrier solved model in 9 iterations and 0.08 seconds
Optimal objective 0.00000000e+00

Crossover log...

    4995 PPushes remaining with PInf 0.0000000e+00                 0s

Solved with dual simplex
Solved in 1032 iterations and 0.12 seconds
Optimal objective  0.000000000e+00
