j3017_4.mm_s7.txt
Academic license - for non-commercial use only
Read LP format model from file lp/j3017_4.mm.lp
Reading time = 0.01 seconds
: 351 rows, 906 columns, 9053 nonzeros
OKGPU
nThreads: 1024 , nBlocks: 12 
Number cuts generated in the phase 1: 10
Number of repeat: 1 
violation 661.000000
violation 8.000000
violation 795.000000
violation 210.000000
violation 483.000000
violation 435.000000
violation 581.000000
violation 645.000000
violation 8.000000
8592 16
37 20 22 44 
48 49 AQUIIII!!37 20 40 27 
21 38 24 AQUIIII!!46 AQUIIII!!44 48 22 46 37 21 6 22 47 41 52 AQUIIII!!17 27 17 26 14 32 33 26 41 33 9 16 52 44 29 9 17 14 34 47 17 14 14 3 8 44 29 41 47 
27 32 9 16 22 21 37 21 22 46 8 48 48 6 29 
5 4 
44 
AQUIIII!!16 47 29 37 22 26 AQUIIII!!17 49 52 34 27 26 9 47 44 41 24 21 51 46 22 14 37 48 40 20 44 16 
52 48 18 46 
AQUIIII!!46 24 48 52 51 16 49 22 26 37 47 38 20 44 21 27 
AQUIIII!!16 47 29 37 22 26 17 52 27 9 AQUIIII!!46 41 44 21 40 46 47 16 14 18 48 20 51 44 48 
24 37 22 26 34 52 49 
AQUIIII!!27 24 46 20 48 21 38 16 52 14 17 AQUIIII!!47 24 26 52 37 47 22 44 44 26 
49 16 27 48 21 37 AQUIIII!!22 46 38 51 48 46 51 20 49 
26 22 47 20 52 37 24 40 44 18 34 16 AQUIIII!!
46 22 37 52 47 38 27 17 26 20 24 14 48 21 44 16 
AQUIIII!!44 14 24 46 27 37 48 47 16 22 AQUIIII!!38 44 27 21 37 26 52 52 21 20 9 17 17 
22 29 26 46 48 41 47 AQUIIII!!16 44 14 22 
17 8 9 37 21 29 14 52 48 27 41 26 47 46 
AQUIIII!!27 22 48 6 14 41 47 17 32 9 8 29 21 33 44 46 
AQUIIII!!21 49 26 38 16 46 24 22 47 37 AQUIIII!!17 AQUIIII!!46 27 48 22 22 48 52 20 6 27 14 24 41 20 26 47 44 17 52 32 
47 9 8 51 29 27 21 33 48 44 21 46 
37 38 AQUIIII!!49 48 AQUIIII!!44 51 48 18 16 AQUIIII!!46 16 21 
26 52 17 22 29 38 24 14 46 40 37 37 47 47 48 52 22 24 20 26 49 21 8 37 47 22 44 27 27 34 9 16 17 46 41 
26 44 AQUIIII!!49 
14 17 52 AQUIIII!!9 20 46 21 5 44 22 32 
48 29 17 22 33 37 23 27 AQUIIII!!46 44 6 14 41 26 9 8 24 47 21 21 44 29 
14 38 41 20 22 47 AQUIIII!!52 8 16 27 52 52 41 47 
47 9 17 AQUIIII!!29 AQUIIII!!46 48 48 17 20 37 16 46 37 26 26 46 21 22 27 26 24 21 37 38 14 37 22 16 26 44 44 14 
46 
21 41 47 44 AQUIIII!!22 14 27 8 29 17 33 48 9 27 16 17 AQUIIII!!52 47 32 14 
AQUIIII!!46 AQUIIII!!14 26 9 21 44 27 21 29 46 21 9 48 48 AQUIIII!!8 49 44 17 9 AQUIIII!!32 17 20 33 6 14 52 37 46 52 47 41 4 44 52 3 22 37 48 47 
22 21 41 26 41 33 32 44 27 24 48 22 
31 46 29 16 38 6 14 21 27 21 17 27 5 16 34 29 47 4 38 17 22 22 5 46 6 47 9 AQUIIII!!20 
22 41 8 37 44 29 44 48 46 17 
44 51 24 8 

23 16 29 44 6 49 32 52 47 26 AQUIIII!!14 
44 17 9 46 21 33 41 6 22 29 5 9 33 32 
27 47 21 48 22 17 8 14 41 
AQUIIII!!44 4 5 AQUIIII!!46 4 17 31 32 21 9 14 33 5 14 22 8 8 41 9 AQUIIII!!21 41 6 47 33 46 31 17 22 22 44 8 29 32 6 
29 33 6 29 46 48 
27 44 32 21 17 9 41 14 
AQUIIII!!44 46 33 6 29 9 32 27 47 21 48 22 17 8 14 41 
AQUIIII!!40 AQUIIII!!49 51 26 48 18 52 49 50 47 16 16 18 20 52 34 20 37 26 51 37 24 24 46 22 22 19 48 34 44 47 
40 
AQUIIII!!21 17 37 16 22 41 27 26 52 9 47 48 44 14 29 46 
AQUIIII!!29 47 22 14 AQUIIII!!21 46 17 48 46 19 8 26 48 51 41 47 37 16 52 34 27 52 9 24 26 AQUIIII!!20 44 46 37 
49 52 18 22 AQUIIII!!40 34 22 22 19 32 
18 27 20 48 51 21 29 37 AQUIIII!!41 49 22 33 16 21 17 24 47 6 52 48 14 47 40 44 37 AQUIIII!!16 24 8 46 51 17 9 26 49 14 47 20 37 
48 46 48 44 21 
38 29 27 52 26 9 46 26 
44 41 AQUIIII!!47 9 22 8 29 27 21 
41 52 16 17 37 47 AQUIIII!!44 5 14 4 27 21 22 22 32 26 9 48 14 AQUIIII!!46 AQUIIII!!AQUIIII!!29 46 46 
46 41 48 47 AQUIIII!!20 8 26 29 41 26 31 44 52 27 33 16 22 14 14 6 9 14 6 47 21 17 17 17 29 26 44 21 38 46 27 17 41 52 22 
16 32 29 48 44 22 47 21 37 44 8 8 37 17 
33 22 48 9 24 37 21 47 9 5 27 52 46 44 
41 
23 14 
AQUIIII!!24 44 52 47 37 49 34 20 40 18 51 48 16 26 22 46 
AQUIIII!!21 22 37 49 26 52 38 46 47 51 16 27 24 48 20 44 
AQUIIII!!40 48 AQUIIII!!51 46 22 24 20 16 37 49 18 27 24 51 52 37 26 52 47 21 44 47 16 48 34 38 49 AQUIIII!!AQUIIII!!26 46 44 
22 46 6 20 41 21 44 26 22 
27 29 32 47 34 37 5 17 14 48 9 52 33 16 4 29 41 17 21 8 14 3 44 
22 9 
AQUIIII!!47 21 32 46 27 33 17 22 AQUIIII!!8 44 6 31 33 9 41 14 9 29 8 48 4 46 41 44 21 5 
32 6 17 29 22 14 
AQUIIII!!44 21 16 20 48 27 38 24 49 51 52 AQUIIII!!26 26 37 48 46 38 22 47 47 
22 27 24 17 37 52 21 49 20 16 44 46 
AQUIIII!!46 29 48 52 21 27 44 47 9 14 26 37 41 22 16 17 
AQUIIII!!26 18 40 52 20 46 16 22 37 47 34 44 24 48 51 49 
AQUIIII!!52 14 22 48 37 41 9 29 47 21 27 17 46 26 8 44 
AQUIIII!!46 16 24 49 48 37 52 44 26 47 27 38 20 22 17 21 
AQUIIII!!46 17 44 29 21 16 AQUIIII!!27 46 14 26 47 37 47 37 48 26 14 52 22 22 27 41 41 9 17 AQUIIII!!48 21 46 
9 14 8 9 52 17 44 48 29 32 
29 8 27 47 41 22 6 21 44 33 
AQUIIII!!46 49 24 52 AQUIIII!!34 47 18 44 40 46 47 49 37 48 22 52 44 20 16 51 20 22 26 24 51 37 48 21 
38 27 26 16 
AQUIIII!!21 49 27 26 20 47 38 16 17 24 48 46 37 52 22 44 
AQUIIII!!29 AQUIIII!!4 44 6 51 3 24 5 18 22 20 34 40 33 22 21 46 8 9 52 32 34 17 37 41 49 14 48 44 47 
26 16 
AQUIIII!!34 AQUIIII!!22 17 29 49 41 26 5 21 4 27 33 37 17 16 AQUIIII!!6 47 38 46 14 52 52 17 32 20 44 8 22 46 37 3 24 22 9 16 26 48 21 27 47 38 44 20 24 
48 44 14 21 

AQUIIII!!27 9 48 AQUIIII!!37 16 51 29 52 17 20 41 37 48 22 34 52 18 8 47 40 47 49 AQUIIII!!21 46 47 44 26 17 22 26 27 24 14 44 48 46 
29 
9 AQUIIII!!41 37 22 16 14 40 8 24 21 48 32 46 6 52 22 33 47 46 34 44 20 
18 49 51 AQUIIII!!26 44 44 4 
5 46 17 32 9 33 14 8 41 21 6 31 22 29 
AQUIIII!!44 37 48 22 14 46 47 29 26 9 27 16 52 41 21 17 
AQUIIII!!44 14 21 52 37 27 17 47 29 16 48 AQUIIII!!41 44 9 37 26 16 46 AQUIIII!!46 22 
14 49 52 38 26 52 38 24 17 20 48 21 22 24 16 47 27 20 21 27 22 26 
47 37 48 46 51 44 
AQUIIII!!29 21 32 4 22 14 8 33 41 17 31 44 6 9 5 46 
AQUIIII!!44 48 34 40 16 52 49 22 18 24 46 47 37 26 20 51 
AQUIIII!!AQUIIII!!52 48 20 51 22 37 49 16 21 24 20 18 26 40 22 48 27 34 49 26 47 51 38 46 16 37 52 AQUIIII!!47 6 24 44 22 44 
33 46 27 
8 17 46 29 47 9 AQUIIII!!48 AQUIIII!!20 14 48 32 51 51 41 37 24 21 21 37 44 20 21 
26 46 22 49 27 26 22 49 16 47 27 38 47 16 48 52 52 38 24 44 44 
46 
AQUIIII!!8 41 32 22 44 17 31 4 21 33 29 6 5 14 9 46 
AQUIIII!!46 44 40 47 16 18 20 51 48 24 37 22 AQUIIII!!26 34 20 52 26 49 
47 51 37 24 49 21 52 48 44 27 22 AQUIIII!!46 16 47 38 14 44 46 33 
29 41 9 8 5 32 17 21 22 6 23 
AQUIIII!!38 47 37 46 21 16 20 52 17 48 26 14 22 27 44 24 
AQUIIII!!33 46 17 8 5 14 32 22 41 AQUIIII!!6 38 21 44 47 27 29 17 26 23 37 9 48 44 47 
52 14 16 22 24 21 20 46 
AQUIIII!!20 16 26 52 18 49 51 34 44 40 22 48 37 24 46 47 
AQUIIII!!26 46 51 27 16 20 38 49 44 47 37 24 22 21 AQUIIII!!48 AQUIIII!!52 33 46 
9 32 23 41 5 47 29 41 14 5 17 29 46 6 8 8 AQUIIII!!17 47 44 32 33 6 21 22 47 14 21 33 22 9 23 23 6 29 44 44 21 

41 32 14 17 5 8 AQUIIII!!46 44 9 17 22 29 
27 52 48 9 21 16 14 46 22 47 26 37 41 
AQUIIII!!14 22 48 47 29 6 21 33 AQUIIII!!27 16 8 51 49 17 1 9 26 41 19 32 18 34 44 31 46 22 
52 40 50 37 20 0 
AQUIIII!!14 22 AQUIIII!!AQUIIII!!48 49 47 46 27 20 29 52 26 6 51 16 48 21 14 47 17 33 37 27 38 22 52 8 16 48 17 38 21 24 9 37 26 41 22 46 32 21 24 44 20 47 44 46 27 

44 
AQUIIII!!27 17 21 41 46 37 16 22 14 52 AQUIIII!!47 32 26 48 9 8 33 29 AQUIIII!!9 48 44 29 6 44 41 AQUIIII!!21 17 
27 17 27 48 22 46 49 22 22 41 52 21 29 37 6 34 26 14 4 17 47 14 20 44 21 32 
47 33 24 9 16 46 3 38 8 44 5 

AQUIIII!!38 26 14 16 47 22 37 20 52 27 48 24 17 21 46 44 
AQUIIII!!47 44 29 22 17 26 52 27 AQUIIII!!AQUIIII!!21 22 38 48 5 26 16 29 14 17 9 16 9 47 14 47 22 41 32 37 37 33 20 46 52 14 41 27 
48 21 44 24 17 6 23 21 46 46 44 8 

AQUIIII!!AQUIIII!!29 34 14 22 46 48 20 21 16 32 37 27 49 6 19 47 47 41 22 40 8 52 33 24 9 18 17 51 44 
48 26 46 
AQUIIII!!40 51 16 26 34 20 47 49 52 24 22 48 37 18 46 44 
AQUIIII!!46 49 16 51 37 26 44 18 47 52 22 24 48 40 34 20 
AQUIIII!!26 16 24 37 47 22 52 21 48 49 27 51 38 44 20 46 
AQUIIII!!32 8 6 21 17 33 41 46 4 5 22 9 AQUIIII!!31 44 14 22 AQUIIII!!46 23 29 51 8 22 44 32 20 
26 17 48 29 40 9 52 47 47 49 21 18 46 16 33 44 34 5 24 6 37 
14 41 
AQUIIII!!AQUIIII!!41 46 22 8 37 22 24 4 40 49 14 51 5 16 52 17 26 21 34 44 32 AQUIIII!!48 3 46 47 33 18 22 9 20 29 24 
34 19 6 40 44 51 
16 20 47 37 48 18 34 52 49 26 
AQUIIII!!44 29 41 22 33 48 6 17 9 32 27 47 46 8 14 21 
AQUIIII!!8 14 33 9 27 41 17 32 48 AQUIIII!!29 16 6 34 22 37 44 20 47 24 21 22 46 40 
49 47 51 52 18 46 26 48 44 
AQUIIII!!46 19 22 34 24 51 26 20 40 37 AQUIIII!!52 AQUIIII!!46 47 37 14 18 22 46 16 48 48 48 49 49 21 26 
26 44 22 24 17 17 20 21 47 52 27 47 38 20 52 27 16 38 37 16 24 
44 
AQUIIII!!46 14 17 38 16 27 24 44 48 52 37 22 47 26 21 20 
AQUIIII!!44 AQUIIII!!48 46 38 16 17 14 16 21 29 20 27 26 48 24 47 52 52 37 9 27 22 17 47 26 46 21 49 44 
41 22 37 
AQUIIII!!22 47 37 16 26 38 46 44 48 24 21 49 51 20 52 27 
AQUIIII!!22 52 14 9 17 46 21 47 48 29 27 41 37 26 8 44 
AQUIIII!!22 6 17 32 9 46 29 23 14 41 33 8 21 5 AQUIIII!!47 52 44 49 
22 18 0 16 1 37 26 34 40 31 AQUIIII!!20 5 9 51 4 19 29 50 6 
17 8 41 AQUIIII!!22 33 41 14 32 31 6 32 44 5 21 22 46 AQUIIII!!8 
22 29 48 21 26 24 9 19 17 18 20 34 34 33 47 4 49 16 3 37 14 51 44 52 
40 46 
AQUIIII!!46 48 22 49 44 47 20 18 26 34 16 51 37 40 24 52 
AQUIIII!!46 41 23 33 8 6 21 32 47 9 29 14 17 22 44 5 
AQUIIII!!AQUIIII!!46 27 16 52 51 44 40 26 34 21 19 AQUIIII!!18 9 46 48 22 29 22 47 37 52 52 24 14 41 37 27 47 20 9 26 41 26 49 17 8 47 37 
17 48 48 8 AQUIIII!!14 29 14 21 46 32 44 27 
22 48 
6 8 21 44 47 41 17 29 9 22 33 46 
AQUIIII!!44 47 8 17 46 9 14 48 21 6 32 41 33 29 27 22 
AQUIIII!!44 47 8 17 46 9 14 48 21 6 32 41 33 29 27 22 
AQUIIII!!44 16 21 46 52 20 17 38 24 22 48 37 26 27 49 47 
AQUIIII!!46 44 24 14 26 47 21 17 20 16 27 38 22 52 37 48 
AQUIIII!!46 44 AQUIIII!!24 52 27 14 14 26 16 47 48 21 AQUIIII!!26 17 21 AQUIIII!!37 20 9 38 9 16 48 37 22 27 22 29 38 46 49 22 21 20 14 52 46 21 37 8 16 41 48 47 52 17 
37 44 48 47 47 41 27 27 
17 22 26 52 46 29 44 17 24 26 
44 
AQUIIII!!21 16 52 27 49 20 46 26 22 38 51 48 AQUIIII!!37 46 24 22 47 44 44 17 
14 41 16 29 37 26 48 AQUIIII!!47 52 21 14 52 29 27 21 9 27 
9 17 41 26 48 16 46 22 37 44 47 
AQUIIII!!32 21 48 6 27 46 47 33 9 22 41 17 14 8 29 44 AQUIIII!!
46 22 29 44 47 26 17 48 41 37 27 52 21 8 14 9 
AQUIIII!!46 49 16 51 37 26 44 18 47 52 22 24 48 40 34 20 
AQUIIII!!14 47 29 AQUIIII!!6 52 21 16 5 23 38 9 27 41 51 33 17 21 44 20 8 47 32 24 22 46 37 
48 22 49 AQUIIII!!26 20 44 48 46 49 
17 46 26 22 16 37 38 47 52 AQUIIII!!8 21 AQUIIII!!14 27 52 33 26 24 47 23 44 27 47 9 
17 8 21 41 22 29 6 22 48 9 46 37 21 44 41 
AQUIIII!!AQUIIII!!17 52 22 16 32 9 38 29 37 27 41 14 51 21 44 21 26 5 20 52 46 47 29 
24 44 37 27 48 8 22 17 49 47 46 26 44 14 46 48 

AQUIIII!!44 46 48 47 29 52 21 14 27 41 8 26 17 22 9 37 
AQUIIII!!46 44 17 48 21 52 27 37 20 26 47 22 16 38 24 49 
AQUIIII!!41 26 22 46 37 47 16 9 AQUIIII!!48 21 8 29 5 52 27 21 14 29 17 44 4 
6 17 9 32 41 33 34 22 14 3 44 
AQUIIII!!46 8 41 6 14 32 4 17 9 33 21 5 44 31 22 29 
AQUIIII!!29 47 22 AQUIIII!!27 17 44 44 9 21 26 16 14 37 33 29 8 22 47 48 41 41 52 32 21 17 9 14 27 48 6 46 
46 
AQUIIII!!22 19 48 34 18 26 24 52 49 20 40 51 16 37 46 47 
AQUIIII!!27 44 9 26 16 37 29 22 47 41 52 21 17 14 48 46 
AQUIIII!!21 14 37 29 9 48 52 27 26 47 22 44 16 AQUIIII!!41 17 14 46 17 
5 23 46 6 47 22 33 29 9 32 41 8 21 44 
AQUIIII!!44 22 17 8 9 37 21 29 14 52 48 27 41 26 47 46 
AQUIIII!!47 44 26 16 14 38 22 27 20 21 46 17 48 52 37 24 
AQUIIII!!37 22 48 44 17 26 21 41 14 27 47 52 29 9 46 8 
AQUIIII!!22 20 21 16 47 17 26 37 14 48 27 24 38 52 46 44 
AQUIIII!!20 46 48 52 24 22 26 21 47 49 38 17 37 27 16 44 
AQUIIII!!9 41 14 29 32 23 21 5 17 8 6 22 AQUIIII!!46 41 33 47 47 17 44 52 
9 29 27 48 21 16 14 37 46 26 22 AQUIIII!!44 6 9 
29 41 17 44 27 33 48 22 8 14 47 32 21 46 
AQUIIII!!33 22 29 34 5 9 AQUIIII!!3 47 32 46 6 6 14 41 41 5 4 14 21 22 17 AQUIIII!!17 AQUIIII!!8 46 8 44 44 38 23 
20 17 33 16 24 44 49 47 32 49 48 21 48 22 9 22 38 29 21 
24 26 52 37 17 52 21 16 44 47 27 37 20 27 46 26 

AQUIIII!!44 52 16 48 29 41 37 22 14 46 21 AQUIIII!!17 14 26 26 27 41 47 17 9 48 
46 27 37 52 47 22 9 8 AQUIIII!!29 47 21 46 44 48 AQUIIII!!
44 44 9 29 37 17 27 52 8 26 22 16 21 17 14 47 22 48 41 27 29 33 21 AQUIIII!!6 
46 14 44 20 9 16 32 49 41 48 22 46 38 
24 52 17 21 47 37 27 26 
AQUIIII!!16 49 44 26 24 34 18 22 37 52 40 46 20 47 51 48 
AQUIIII!!48 41 26 14 21 9 52 27 22 29 8 47 37 17 46 44 
AQUIIII!!26 22 37 52 46 48 29 9 17 8 14 21 27 41 47 44 
AQUIIII!!44 29 27 47 48 41 37 9 21 22 14 52 16 46 17 26 
AQUIIII!!51 20 44 34 47 AQUIIII!!33 52 22 29 22 17 47 37 44 48 24 41 32 49 6 16 9 27 26 21 14 48 46 18 8 
46 40 
AQUIIII!!46 4 8 21 31 32 41 6 22 14 17 33 5 44 29 9 
AQUIIII!!49 26 37 51 20 47 24 38 27 21 52 22 16 48 46 44 
AQUIIII!!46 21 14 48 37 26 38 20 22 16 17 47 27 44 24 52 
AQUIIII!!33 47 8 21 29 6 23 41 46 5 17 9 32 22 14 44 
AQUIIII!!46 44 37 49 52 40 51 18 16 47 20 48 24 26 22 34 
AQUIIII!!44 17 20 14 48 47 AQUIIII!!46 27 46 52 51 37 37 24 26 16 52 21 27 22 21 26 38 38 
22 49 44 47 20 16 48 24 
AQUIIII!!46 44 37 49 52 40 51 18 16 47 20 48 24 26 22 34 
AQUIIII!!46 AQUIIII!!6 27 21 14 32 4 33 9 44 48 22 5 17 29 22 31 8 41 21 6 9 14 47 44 32 33 41 17 29 46 
8 
AQUIIII!!6 5 33 AQUIIII!!4 32 26 8 17 22 47 9 41 41 22 46 44 14 21 21 52 29 37 17 27 31 14 44 8 
9 48 29 46 
AQUIIII!!17 48 46 49 21 22 52 AQUIIII!!37 49 16 51 24 34 24 26 37 47 16 27 22 38 48 47 20 20 44 40 
19 52 26 18 46 
AQUIIII!!14 AQUIIII!!24 16 46 14 21 47 47 37 20 17 44 16 26 22 21 38 48 27 41 17 29 37 52 48 27 52 22 26 9 44 46 

Number of Cuts in the second phase:3187
Number of repeat: 2783 
Violation: 593.000000
Violation: 551.000000
Violation: 295.000000
Violation: 1102.000000
Violation: 293.000000
Violation: 1194.000000
Violation: 243.000000
Violation: 322.000000
Violation: 90.000000
Violation: 551.000000
Violation: 435.000000
Violation: 432.000000
Violation: 1194.000000
Violation: 228.000000
Violation: 396.000000
Violation: 870.000000
Violation: 265.000000
Violation: 202.000000
Violation: 420.000000
Violation: 1522.000000
Violation: 194.000000
Violation: 439.000000
Violation: 486.000000
Violation: 565.000000
Violation: 1304.000000
Violation: 1202.000000
Violation: 176.000000
Violation: 304.000000
Violation: 210.000000
Violation: 8.000000
Violation: 515.000000
Violation: 586.000000
Violation: 374.000000
Violation: 740.000000
Violation: 209.000000
Violation: 601.000000
Violation: 172.000000
Violation: 200.000000
Violation: 194.000000
Violation: 142.000000
Violation: 1304.000000
Violation: 517.000000
Violation: 16.000000
Violation: 286.000000
Violation: 177.000000
Violation: 110.000000
Violation: 1202.000000
Violation: 796.000000
Violation: 220.000000
Violation: 284.000000
Violation: 330.000000
Violation: 601.000000
Violation: 559.000000
Violation: 305.000000
Violation: 498.000000
Violation: 284.000000
Violation: 352.000000
Violation: 1180.000000
Violation: 277.000000
Violation: 471.000000
Violation: 470.000000
Violation: 1191.000000
Violation: 271.000000
Violation: 110.000000
Violation: 23.000000
Violation: 174.000000
Violation: 405.000000
Violation: 404.000000
Violation: 855.000000
Violation: 735.000000
Violation: 102.000000
Violation: 185.000000
Violation: 1328.000000
Violation: 585.000000
Violation: 304.000000
Violation: 202.000000
Violation: 292.000000
Violation: 626.000000
Violation: 167.000000
Violation: 692.000000
Violation: 396.000000
Violation: 653.000000
Violation: 312.000000
Violation: 952.000000
Violation: 134.000000
Violation: 116.000000
Violation: 264.000000
Violation: 1288.000000
Violation: 370.000000
Violation: 32.000000
Violation: 63.000000
Violation: 169.000000
Violation: 600.000000
Violation: 702.000000
Violation: 100.000000
Violation: 227.000000
Violation: 601.000000
Violation: 75.000000
Violation: 677.000000
Violation: 527.000000
Violation: 625.000000
Violation: 90.000000
Violation: 274.000000
Violation: 429.000000
Violation: 524.000000
Violation: 472.000000
Violation: 536.000000
Violation: 330.000000
Violation: 102.000000
Violation: 712.000000
Violation: 386.000000
Violation: 728.000000
Violation: 154.000000
Violation: 388.000000
Violation: 926.000000
Violation: 202.000000
Violation: 124.000000
Violation: 1202.000000
Violation: 210.000000
Violation: 826.000000
Violation: 478.000000
Violation: 447.000000
Violation: 246.000000
Violation: 477.000000
Violation: 1110.000000
Violation: 653.000000
Violation: 55.000000
Violation: 347.000000
Violation: 551.000000
Violation: 614.000000
Violation: 142.000000
Violation: 678.000000
Violation: 288.000000
Violation: 707.000000
Violation: 67.000000
Violation: 380.000000
Violation: 1152.000000
Violation: 90.000000
Violation: 1102.000000
Violation: 22.000000
Violation: 362.000000
Violation: 593.000000
Violation: 589.000000
Violation: 485.000000
Violation: 602.000000
Violation: 345.000000
Violation: 193.000000
Violation: 550.000000
Violation: 337.000000
Violation: 577.000000
Violation: 84.000000
Violation: 518.000000
Violation: 803.000000
Violation: 787.000000
Violation: 173.000000
Violation: 182.000000
Violation: 531.000000
Violation: 312.000000
Violation: 80.000000
Violation: 479.000000
Violation: 617.000000
Violation: 569.000000
Violation: 307.000000
Violation: 775.000000
Violation: 160.000000
Violation: 316.000000
Violation: 1006.000000
Violation: 546.000000
Violation: 218.000000
Violation: 93.000000
Violation: 389.000000
Violation: 589.000000
Violation: 265.000000
Violation: 70.000000
Violation: 732.000000
Violation: 652.000000
Violation: 515.000000
Violation: 185.000000
Violation: 477.000000
Violation: 392.000000
Violation: 388.000000
Violation: 573.000000
Violation: 478.000000
Violation: 347.000000
Violation: 384.000000
Violation: 328.000000
Violation: 1152.000000
Violation: 190.000000
Violation: 74.000000
Violation: 426.000000
Violation: 609.000000
Violation: 115.000000
Violation: 606.000000
Violation: 20.000000
Violation: 1588.000000
Violation: 614.000000
Violation: 74.000000
Violation: 1622.000000
Violation: 506.000000
Violation: 200.000000
Violation: 210.000000
Violation: 270.000000
Violation: 162.000000
Violation: 322.000000
Violation: 477.000000
Violation: 21.000000
Violation: 295.000000
Violation: 428.000000
Violation: 239.000000
Violation: 693.000000
Violation: 942.000000
Violation: 404.000000
Violation: 926.000000
Violation: 222.000000
Violation: 385.000000
Violation: 989.000000
Violation: 1386.000000
Violation: 839.000000
Violation: 420.000000
Violation: 724.000000
Violation: 736.000000
Violation: 725.000000
Violation: 66.000000
Violation: 630.000000
Violation: 131.000000
Violation: 629.000000
Violation: 35.000000
Violation: 87.000000
Violation: 8.000000
Violation: 194.000000
Violation: 142.000000
Violation: 599.000000
Violation: 284.000000
Violation: 150.000000
Violation: 674.000000
Violation: 94.000000
Violation: 47.000000
Violation: 96.000000
Violation: 319.000000
Violation: 634.000000
Violation: 811.000000
Violation: 1372.000000
Violation: 102.000000
Violation: 503.000000
Violation: 706.000000
Violation: 269.000000
Violation: 473.000000
Violation: 465.000000
Violation: 284.000000
Violation: 301.000000
Violation: 182.000000
Violation: 636.000000
Violation: 70.000000
Violation: 176.000000
Violation: 1178.000000
Violation: 602.000000
Violation: 385.000000
Violation: 961.000000
Violation: 235.000000
Violation: 43.000000
Violation: 415.000000
Violation: 6.000000
Violation: 380.000000
Violation: 600.000000
Violation: 605.000000
Violation: 404.000000
Violation: 183.000000
Violation: 201.000000
Violation: 23.000000
Violation: 463.000000
Violation: 209.000000
Violation: 165.000000
Violation: 102.000000
Violation: 1723.000000
Violation: 904.000000
Violation: 1186.000000
Violation: 237.000000
Violation: 187.000000
Violation: 744.000000
Violation: 190.000000
Violation: 404.000000
Violation: 372.000000
Violation: 238.000000
Violation: 370.000000
Violation: 926.000000
Violation: 277.000000
Violation: 107.000000
Violation: 844.000000
Violation: 531.000000
Violation: 533.000000
Violation: 1484.000000
Violation: 420.000000
Violation: 624.000000
Violation: 308.000000
Violation: 48.000000
Violation: 957.000000
Violation: 423.000000
Violation: 210.000000
Violation: 130.000000
Violation: 202.000000
Violation: 477.000000
Violation: 127.000000
Violation: 348.000000
Violation: 148.000000
Violation: 277.000000
Violation: 66.000000
Violation: 262.000000
Violation: 990.000000
Violation: 735.000000
Violation: 371.000000
Violation: 1246.000000
Violation: 108.000000
Violation: 366.000000
Violation: 85.000000
Violation: 8.000000
Violation: 904.000000
Violation: 261.000000
Violation: 1127.000000
Violation: 299.000000
Violation: 628.000000
Violation: 473.000000
Violation: 1072.000000
Violation: 512.000000
Violation: 390.000000
Violation: 178.000000
Violation: 76.000000
Violation: 900.000000
Violation: 743.000000
Violation: 312.000000
Violation: 934.000000
Violation: 192.000000
Violation: 398.000000
Violation: 333.000000
Violation: 466.000000
Violation: 553.000000
Violation: 590.000000
Violation: 353.000000
Violation: 776.000000
Violation: 943.000000
Violation: 515.000000
Violation: 482.000000
Violation: 578.000000
Violation: 53.000000
Violation: 545.000000
Violation: 152.000000
Violation: 310.000000
Violation: 151.000000
Violation: 657.000000
Violation: 381.000000
Violation: 836.000000
Violation: 400.000000
Violation: 352.000000
Violation: 702.000000
Violation: 581.000000
Violation: 104.000000
Violation: 492.000000
Violation: 160.000000
Violation: 320.000000
Violation: 771.000000
Violation: 208.000000
Violation: 60.000000
Violation: 86.000000
Violation: 842.000000
Violation: 1086.000000
Violation: 863.000000
Violation: 846.000000
Violation: 174.000000
Violation: 234.000000
Violation: 761.000000
Violation: 940.000000
Violation: 818.000000
Violation: 416.000000
Violation: 713.000000
Violation: 280.000000
Violation: 609.000000
Violation: 78.000000
Violation: 264.000000
Violation: 724.000000
Violation: 1159.000000
Violation: 87.000000
Violation: 412.000000
Violation: 140.000000
Violation: 719.000000
Violation: 613.000000
Violation: 649.000000
Violation: 293.000000
Violation: 304.000000
Violation: 93.000000
Violation: 577.000000
Violation: 388.000000
Violation: 157.000000
Violation: 53.000000
Violation: 486.000000
Violation: 585.000000
Violation: 504.000000
Violation: 1052.000000
Violation: 484.000000
Violation: 407.000000
Violation: 98.000000
Violation: 831.000000
Violation: 73.000000
Violation: 605.000000
Violation: 661.000000
Violation: 81.000000
8592 16
37 27 26 38 20 21 46 51 24 
AQUIIII!!44 46 16 37 38 49 20 48 21 27 17 47 24 22 52 26 
AQUIIII!!22 48 46 17 29 47 26 52 27 9 41 16 21 14 37 44 
AQUIIII!!46 21 48 49 51 26 44 22 38 16 20 27 37 47 52 24 
AQUIIII!!44 47 37 29 22 41 14 17 27 9 48 16 21 46 26 52 
AQUIIII!!44 41 21 9 47 37 8 48 22 27 52 46 14 17 29 26 
AQUIIII!!26 AQUIIII!!27 37 14 24 17 52 37 27 16 48 24 21 38 38 47 20 21 51 20 49 46 44 52 26 AQUIIII!!22 22 44 48 47 46 37 44 47 29 
22 16 41 
14 17 27 9 48 16 21 46 26 52 
AQUIIII!!26 17 27 52 16 22 38 48 37 20 47 21 46 14 24 44 
AQUIIII!!22 46 16 37 52 27 9 26 21 AQUIIII!!47 24 48 37 41 29 51 AQUIIII!!14 22 24 17 34 44 18 52 
48 20 47 16 49 49 34 47 40 48 20 26 16 18 26 40 22 46 37 44 51 
52 AQUIIII!!46 16 44 22 52 
44 37 27 AQUIIII!!47 24 48 29 18 41 48 9 47 14 26 49 21 34 17 40 46 
20 AQUIIII!!16 AQUIIII!!14 47 26 5 44 22 9 8 29 33 48 37 8 33 51 17 AQUIIII!!32 52 21 6 14 21 46 47 29 46 44 22 41 41 17 
6 6 5 41 29 27 33 
46 22 32 46 23 4 9 32 22 14 44 21 
17 8 9 31 44 
AQUIIII!!14 17 26 47 9 27 52 22 48 29 41 21 46 37 16 44 
AQUIIII!!46 27 44 17 21 52 22 37 9 47 16 26 48 14 29 41 
AQUIIII!!AQUIIII!!46 46 AQUIIII!!32 44 47 41 48 47 46 6 49 8 41 27 26 27 51 33 33 21 20 47 52 6 9 17 21 29 22 22 17 29 27 22 48 14 32 44 16 21 9 38 8 48 24 14 
37 
44 
AQUIIII!!41 22 9 33 21 17 29 5 8 32 23 14 6 47 46 44 
AQUIIII!!33 8 9 32 6 5 41 47 17 21 22 46 14 23 29 44 
AQUIIII!!46 24 44 22 52 21 27 37 47 17 26 20 16 38 14 AQUIIII!!48 44 
38 26 47 AQUIIII!!46 9 21 14 16 27 52 24 41 22 17 37 29 49 47 52 48 17 22 26 48 37 20 8 27 21 
46 44 
AQUIIII!!48 22 40 37 18 AQUIIII!!26 9 44 14 20 27 49 52 51 41 17 24 29 34 47 47 48 16 22 52 26 46 37 8 
21 46 44 
AQUIIII!!20 48 49 51 16 37 24 26 52 47 22 21 46 38 44 27 
AQUIIII!!46 26 37 22 47 24 52 49 16 40 51 20 48 34 18 19 
AQUIIII!!17 48 9 22 AQUIIII!!27 37 47 47 40 8 26 41 26 18 46 48 52 34 29 21 46 14 22 44 52 
24 49 AQUIIII!!16 21 38 37 37 51 22 20 AQUIIII!!44 37 44 51 47 
18 17 16 AQUIIII!!20 20 26 29 16 24 32 49 40 22 27 48 8 22 24 46 4 52 47 14 26 52 17 49 48 34 33 46 44 
6 
21 5 46 31 9 41 44 
AQUIIII!!9 17 AQUIIII!!46 37 8 26 29 9 6 47 27 41 32 14 22 33 46 41 16 47 21 21 17 48 48 22 44 52 
29 14 27 44 
AQUIIII!!52 21 38 27 37 47 46 26 48 20 49 16 17 22 24 44 
AQUIIII!!26 51 48 16 40 47 20 37 49 22 19 52 24 34 18 46 
AQUIIII!!46 24 48 52 20 16 AQUIIII!!40 46 34 44 47 37 51 38 26 17 49 47 37 27 44 26 22 49 18 21 
22 24 16 48 52 20 
AQUIIII!!44 16 21 24 48 37 22 46 38 52 27 20 26 47 49 17 
AQUIIII!!47 46 49 48 18 26 22 51 44 52 20 16 34 40 37 24 
AQUIIII!!46 21 27 52 24 22 17 37 48 20 38 44 16 26 47 49 
AQUIIII!!20 46 51 49 22 24 18 48 26 37 34 40 AQUIIII!!44 4 16 29 47 31 52 14 
5 17 33 21 22 9 AQUIIII!!6 40 44 22 8 51 AQUIIII!!41 16 46 32 37 52 46 49 17 
48 16 34 27 18 20 20 22 47 24 24 14 44 37 26 38 52 AQUIIII!!48 46 6 44 
44 21 26 29 47 21 
14 48 41 8 17 32 33 22 27 9 46 47 
AQUIIII!!44 17 14 33 21 AQUIIII!!6 46 29 21 3 20 8 27 5 17 41 38 22 44 24 32 47 9 48 34 22 4 
16 14 AQUIIII!!37 33 26 22 52 
8 17 41 6 14 4 32 5 29 31 9 46 21 44 AQUIIII!!
44 27 22 16 20 24 26 AQUIIII!!38 26 14 47 46 52 52 21 37 48 14 37 22 17 17 46 16 
38 24 48 21 27 47 20 44 
AQUIIII!!46 47 22 41 21 27 8 17 9 14 6 33 29 32 44 48 
AQUIIII!!27 17 47 14 37 AQUIIII!!38 27 16 44 47 48 51 22 52 21 26 20 37 21 16 24 46 20 
26 52 49 24 22 44 AQUIIII!!48 9 38 17 46 22 
5 AQUIIII!!46 32 14 33 33 23 46 32 41 5 22 6 41 17 14 8 8 29 6 29 9 23 21 47 21 44 
44 47 
AQUIIII!!40 24 46 26 22 20 52 48 51 37 16 47 34 18 49 44 
AQUIIII!!27 17 38 22 37 AQUIIII!!48 24 26 52 21 16 47 48 14 AQUIIII!!46 20 44 52 34 47 16 40 24 24 49 51 44 22 21 AQUIIII!!46 48 26 AQUIIII!!46 
37 18 32 52 47 16 3 9 51 22 26 37 37 8 49 20 29 41 52 44 21 22 46 
17 29 27 5 44 20 9 8 38 AQUIIII!!41 22 14 46 
26 47 33 48 47 34 41 21 AQUIIII!!4 29 17 9 9 14 27 14 8 48 6 17 27 
8 44 21 26 
52 21 26 41 44 AQUIIII!!37 22 46 47 17 27 44 14 14 48 37 22 21 
52 AQUIIII!!52 AQUIIII!!29 37 48 20 44 22 18 38 46 47 48 22 
40 48 21 22 41 52 34 26 27 24 16 44 19 29 37 17 9 49 20 17 16 24 27 51 16 26 
26 52 37 47 46 47 
14 46 
AQUIIII!!24 20 22 27 16 21 48 AQUIIII!!17 44 AQUIIII!!44 47 26 21 24 49 41 51 52 44 21 37 6 AQUIIII!!38 48 17 37 46 9 47 47 16 21 9 
26 46 33 49 27 14 52 8 23 46 52 22 27 41 5 20 8 47 38 22 29 22 32 17 
37 46 
29 26 44 48 14 
AQUIIII!!47 21 22 29 44 27 6 9 33 8 17 48 41 32 14 46 
AQUIIII!!46 41 5 6 29 21 9 8 4 14 31 33 44 32 22 17 
AQUIIII!!44 AQUIIII!!48 32 21 33 37 5 46 47 52 22 24 46 38 AQUIIII!!23 14 27 21 26 41 16 48 8 51 17 6 47 27 29 26 52 9 49 21 17 46 20 14 20 22 44 37 
16 
22 38 47 24 44 
AQUIIII!!52 16 27 24 47 49 17 21 38 37 48 20 26 44 22 46 
AQUIIII!!44 33 47 8 9 21 32 AQUIIII!!22 46 17 26 14 44 6 16 48 47 41 41 46 21 27 9 29 14 
22 37 48 29 17 27 52 
AQUIIII!!52 14 46 27 22 21 48 17 8 29 47 37 41 9 26 44 
AQUIIII!!52 27 22 14 17 26 37 16 44 48 20 38 24 21 47 46 
AQUIIII!!24 14 38 27 16 20 46 17 48 26 47 21 37 52 22 44 
AQUIIII!!22 37 52 18 16 49 47 20 26 48 44 34 40 51 24 46 
AQUIIII!!16 AQUIIII!!17 44 24 49 26 47 37 20 48 37 27 22 21 48 44 24 47 14 26 20 16 52 38 38 52 22 46 46 17 
27 AQUIIII!!21 20 
27 48 22 46 21 17 24 26 37 38 47 16 14 52 44 
AQUIIII!!16 46 49 26 20 27 24 37 22 17 48 47 21 52 44 38 AQUIIII!!
22 AQUIIII!!44 18 49 19 26 27 52 22 24 20 37 51 51 24 49 21 20 16 40 47 16 48 37 52 26 34 38 47 48 46 46 

AQUIIII!!44 46 51 34 52 16 22 47 26 37 40 49 18 20 24 48 
AQUIIII!!46 8 41 5 44 32 47 17 6 23 21 29 9 14 22 33 
AQUIIII!!34 48 19 47 18 26 37 52 49 22 20 AQUIIII!!44 16 46 51 51 34 24 52 40 16 46 22 47 
26 37 40 49 18 20 24 48 
AQUIIII!!23 47 46 22 8 17 41 14 29 21 6 32 5 33 9 44 
AQUIIII!!46 20 40 47 51 26 22 34 19 18 52 49 AQUIIII!!24 16 44 48 48 37 52 51 
AQUIIII!!20 46 49 5 24 31 47 33 37 29 34 4 22 9 41 16 22 18 44 40 14 46 32 6 26 17 
8 21 
AQUIIII!!14 32 6 22 29 8 17 47 33 21 44 41 27 9 48 46 
AQUIIII!!41 AQUIIII!!23 41 21 44 14 17 46 21 AQUIIII!!22 AQUIIII!!33 46 9 22 14 44 4 44 17 8 21 24 31 17 9 8 48 33 22 32 21 22 29 6 52 AQUIIII!!29 47 33 16 23 47 5 6 37 14 21 29 38 5 5 44 20 27 32 9 
20 38 32 46 26 27 6 
49 8 52 51 47 16 41 47 
24 46 22 
17 37 46 26 AQUIIII!!49 AQUIIII!!44 52 48 21 38 44 16 17 
47 AQUIIII!!20 16 14 AQUIIII!!24 16 26 51 22 26 48 40 46 21 52 27 AQUIIII!!37 48 16 6 49 44 21 49 38 32 37 48 48 5 46 27 47 37 47 52 22 24 17 29 34 17 26 47 21 47 26 44 33 52 37 29 
8 20 22 49 9 22 41 27 41 18 9 14 24 46 46 17 44 20 
46 

22 23 44 
AQUIIII!!46 44 AQUIIII!!21 47 17 46 29 33 22 22 9 29 48 37 23 8 14 27 5 26 21 9 44 32 17 6 52 8 14 41 47 
41 
AQUIIII!!47 AQUIIII!!46 26 17 38 29 17 41 14 24 48 22 44 20 9 27 27 32 AQUIIII!!46 33 46 49 22 44 37 21 48 6 47 6 8 21 41 
16 27 48 33 47 52 9 44 29 
17 22 32 21 8 14 
AQUIIII!!52 44 37 AQUIIII!!14 46 9 16 29 48 48 37 17 26 27 38 26 49 41 51 47 22 AQUIIII!!47 21 21 22 46 52 8 24 24 46 27 
26 44 17 20 
47 20 48 16 44 14 37 21 27 22 AQUIIII!!52 46 47 38 14 
33 29 5 32 44 22 17 23 AQUIIII!!6 46 8 44 AQUIIII!!21 46 48 41 32 6 9 5 41 
33 41 27 6 33 21 47 31 4 9 22 AQUIIII!!29 8 46 17 AQUIIII!!14 8 29 44 22 AQUIIII!!21 20 9 32 40 44 21 22 21 16 17 27 14 37 
18 8 9 17 51 47 14 14 49 6 
46 26 17 47 48 48 29 46 24 52 33 52 22 41 22 24 16 23 47 26 44 34 38 37 5 
AQUIIII!!20 32 44 44 

24 48 37 20 38 17 26 46 21 27 49 16 52 22 47 
AQUIIII!!44 22 26 37 38 14 48 47 46 17 21 AQUIIII!!16 26 27 14 20 52 24 48 52 44 
29 9 37 47 41 22 17 16 21 27 46 
AQUIIII!!16 18 37 26 48 34 47 40 51 44 49 52 20 22 24 46 
AQUIIII!!46 21 4 31 32 AQUIIII!!46 41 26 33 22 AQUIIII!!16 22 21 6 44 48 47 41 33 9 52 27 9 29 48 44 17 29 17 AQUIIII!!14 27 6 34 14 8 14 47 33 22 37 22 8 9 29 32 5 46 
21 21 
17 41 41 32 8 17 5 44 3 
4 9 AQUIIII!!44 6 14 14 29 21 44 8 
4 5 41 9 3 32 33 29 22 6 AQUIIII!!34 52 17 44 
16 26 38 14 48 AQUIIII!!37 46 21 20 9 27 6 17 17 22 22 47 48 24 46 47 
44 33 21 27 AQUIIII!!8 26 41 37 32 14 29 38 14 52 AQUIIII!!24 
46 22 27 21 29 48 37 17 14 47 20 17 16 22 47 52 AQUIIII!!27 14 41 46 9 26 16 44 9 41 
21 27 48 AQUIIII!!48 44 27 16 41 22 33 44 26 29 AQUIIII!!47 
17 44 17 48 6 52 32 8 37 21 29 46 22 29 21 47 46 47 9 
22 44 14 8 32 14 27 46 9 48 33 
6 41 21 17 
AQUIIII!!46 22 38 51 20 47 44 26 52 16 24 21 48 49 27 37 
AQUIIII!!44 4 29 5 41 17 21 46 31 6 9 8 32 22 14 33 
AQUIIII!!44 AQUIIII!!40 17 20 21 24 51 41 16 5 48 AQUIIII!!8 22 49 9 22 26 33 18 52 14 37 37 6 44 46 AQUIIII!!34 29 49 18 16 32 20 46 3 47 26 47 
22 34 40 24 4 48 48 22 52 52 21 
37 24 51 49 27 47 26 44 46 34 16 20 38 
44 51 
AQUIIII!!44 51 49 AQUIIII!!16 48 38 49 37 16 52 34 44 20 51 47 37 26 22 48 18 20 24 52 46 24 22 26 40 27 47 21 46 

AQUIIII!!26 49 20 52 40 24 51 48 44 16 AQUIIII!!34 21 47 18 9 47 5 8 22 17 37 23 46 44 6 
22 14 32 33 41 29 46 
AQUIIII!!27 29 16 26 48 47 14 17 22 37 52 9 41 21 44 AQUIIII!!46 52 
37 48 49 51 47 19 26 34 16 24 20 18 40 22 46 AQUIIII!!
20 52 48 38 37 17 49 22 21 16 46 AQUIIII!!46 26 8 47 27 48 24 17 27 44 47 44 29 
9 41 37 22 AQUIIII!!26 44 21 46 14 31 52 17 
29 41 14 AQUIIII!!32 44 21 47 4 46 33 24 9 52 6 5 20 8 49 22 26 
40 16 34 48 22 18 51 37 
AQUIIII!!26 16 52 22 27 44 48 51 37 47 38 20 21 24 49 46 AQUIIII!!8 
26 48 22 37 52 14 9 27 29 47 AQUIIII!!AQUIIII!!44 46 46 17 41 52 29 21 17 46 33 AQUIIII!!47 
44 9 44 6 8 37 29 21 32 6 5 16 21 47 22 14 22 27 41 14 33 17 48 41 27 49 46 8 47 20 9 22 24 23 44 38 17 48 21 26 32 


AQUIIII!!44 27 22 8 48 29 26 21 47 41 9 14 17 52 46 37 
AQUIIII!!40 18 48 22 37 24 26 44 20 34 16 47 52 49 51 46 
AQUIIII!!48 41 9 17 47 52 37 16 21 27 22 26 14 46 29 44 
AQUIIII!!38 46 48 17 22 26 49 27 16 20 52 21 47 24 AQUIIII!!37 48 44 
47 16 20 21 26 38 22 24 17 52 27 46 14 37 44 
AQUIIII!!4 29 46 21 14 33 17 8 41 22 6 5 31 32 9 44 
AQUIIII!!52 48 14 22 41 29 37 27 26 AQUIIII!!8 27 46 17 9 52 21 49 17 22 44 46 47 AQUIIII!!20 
14 AQUIIII!!37 6 44 38 17 46 21 41 8 48 9 21 24 23 9 47 29 47 32 26 22 8 16 27 33 26 44 22 37 
5 48 47 29 46 41 21 52 44 14 
17 
AQUIIII!!46 17 37 27 44 16 41 26 29 48 22 9 21 47 52 14 
AQUIIII!!44 46 8 21 9 47 22 27 26 37 48 29 41 52 14 17 
AQUIIII!!51 37 49 27 46 AQUIIII!!20 20 16 38 26 17 44 48 38 44 22 24 47 52 48 22 24 37 52 26 21 21 
14 16 47 27 46 
AQUIIII!!52 27 49 44 24 48 16 20 21 26 38 AQUIIII!!37 8 22 51 41 47 48 46 17 
27 37 26 44 52 21 14 AQUIIII!!22 9 47 21 29 52 9 8 14 46 37 
41 27 44 17 47 26 22 29 48 46 
AQUIIII!!14 22 29 44 6 32 41 21 4 5 AQUIIII!!8 9 21 33 34 17 41 8 9 4 31 32 17 46 22 
33 14 3 5 29 6 44 
AQUIIII!!44 5 9 21 14 32 22 3 41 6 8 4 17 33 34 29 
AQUIIII!!AQUIIII!!44 17 18 29 48 20 14 47 9 34 46 24 8 22 33 51 21 37 41 46 40 47 16 5 26 22 52 32 49 23 
6 AQUIIII!!46 44 4 
44 21 14 17 41 32 6 AQUIIII!!5 14 33 47 22 27 31 29 29 44 9 22 8 37 
41 16 17 48 21 9 52 26 46 
AQUIIII!!46 20 40 22 26 47 37 16 18 52 48 49 24 51 AQUIIII!!34 46 44 9 
33 47 5 41 23 6 22 21 8 29 17 44 32 14 
AQUIIII!!47 16 26 14 52 48 21 17 27 37 44 22 41 9 29 46 
AQUIIII!!46 47 14 44 17 22 41 23 8 21 6 29 33 32 5 9 
AQUIIII!!46 27 38 47 37 22 52 24 20 49 48 44 16 17 26 21 
AQUIIII!!14 6 29 21 8 9 17 5 4 46 41 22 32 33 31 44 
AQUIIII!!33 29 9 14 47 44 8 41 6 32 17 5 23 21 22 46 
AQUIIII!!22 47 20 52 49 51 46 AQUIIII!!16 21 21 37 48 9 26 26 38 16 27 22 37 29 44 44 24 27 
14 48 17 47 52 41 46 
AQUIIII!!44 6 8 AQUIIII!!47 44 41 38 46 37 46 33 27 27 AQUIIII!!16 29 48 32 46 22 9 32 52 17 48 20 48 26 14 44 47 21 47 49 22 21 17 
17 24 21 33 
29 27 9 14 22 8 6 41 
AQUIIII!!44 AQUIIII!!21 47 5 44 17 22 52 6 41 29 48 14 14 33 46 8 29 32 17 22 37 4 16 27 3 21 9 AQUIIII!!9 41 47 26 34 46 

48 49 37 22 24 19 40 18 52 34 16 26 20 51 
AQUIIII!!20 48 38 37 26 52 16 46 21 17 24 22 14 27 47 44 
AQUIIII!!46 47 14 44 17 22 41 23 8 21 6 29 33 32 5 9 
AQUIIII!!24 37 51 40 34 49 16 20 26 18 46 47 52 48 22 44 
AQUIIII!!44 26 16 21 24 38 37 46 48 47 20 17 14 52 27 22 
AQUIIII!!46 44 14 21 52 37 22 47 48 41 26 16 29 9 17 27 
AQUIIII!!37 AQUIIII!!40 46 22 44 26 14 47 21 34 52 52 37 44 22 18 47 24 48 51 41 46 AQUIIII!!26 48 16 16 16 52 29 49 20 9 14 
17 24 27 37 
22 17 20 46 38 21 27 48 26 47 44 
AQUIIII!!AQUIIII!!22 47 44 14 48 24 26 47 22 16 14 37 37 38 21 24 20 48 27 38 21 52 52 46 27 17 44 20 
16 17 26 46 
AQUIIII!!17 32 48 47 AQUIIII!!21 9 6 5 27 44 33 41 22 8 29 22 33 46 32 29 6 41 9 14 AQUIIII!!14 17 9 44 47 31 
23 33 21 21 46 22 8 41 
32 5 4 6 8 46 17 29 14 44 
AQUIIII!!21 9 8 37 17 14 29 44 48 52 26 27 47 41 22 46 
AQUIIII!!46 21 49 47 22 AQUIIII!!17 46 44 37 21 38 27 48 47 16 26 20 51 27 52 24 20 52 48 26 24 37 38 AQUIIII!!
49 44 44 31 22 9 16 17 
29 21 33 8 6 5 AQUIIII!!14 24 41 51 22 16 34 4 37 46 52 32 40 
20 22 26 48 47 44 49 18 46 
AQUIIII!!24 44 52 40 46 16 49 20 37 47 34 26 22 18 51 48 
AQUIIII!!AQUIIII!!16 22 27 40 46 8 26 47 32 46 33 AQUIIII!!14 41 52 29 26 48 48 9 27 17 24 6 47 21 37 44 24 
49 22 22 14 34 18 16 20 44 44 47 52 51 20 
21 AQUIIII!!38 37 17 AQUIIII!!24 48 51 44 37 16 49 48 46 22 40 
47 34 26 20 22 51 37 49 38 AQUIIII!!47 52 48 18 14 21 24 52 16 24 19 27 52 20 48 21 46 26 26 
46 44 
47 37 20 17 22 27 38 16 46 
Number of Cuts in the second phase:3254
Number of repeat: 3022 
Violation: 61.000000
Violation: 46.000000
Violation: 236.000000
Violation: 910.000000
Violation: 165.000000
Violation: 497.000000
Violation: 695.000000
Violation: 371.000000
Violation: 22.000000
Violation: 527.000000
Violation: 150.000000
Violation: 587.000000
Violation: 518.000000
Violation: 598.000000
Violation: 438.000000
Violation: 176.000000
Violation: 201.000000
Violation: 190.000000
Violation: 469.000000
Violation: 292.000000
Violation: 99.000000
Violation: 276.000000
Violation: 693.000000
Violation: 897.000000
Violation: 1120.000000
Violation: 753.000000
Violation: 130.000000
Violation: 470.000000
Violation: 863.000000
Violation: 328.000000
Violation: 81.000000
Violation: 641.000000
Violation: 89.000000
Violation: 485.000000
Violation: 137.000000
Violation: 18.000000
Violation: 193.000000
Violation: 1183.000000
Violation: 271.000000
Violation: 182.000000
Violation: 1518.000000
Violation: 788.000000
Violation: 720.000000
Violation: 9.000000
Violation: 803.000000
Violation: 387.000000
Violation: 396.000000
Violation: 101.000000
Violation: 317.000000
Violation: 521.000000
Violation: 152.000000
Violation: 690.000000
Violation: 471.000000
Violation: 32.000000
Violation: 13.000000
Violation: 294.000000
Violation: 190.000000
Violation: 595.000000
Violation: 587.000000
Violation: 52.000000
Violation: 1292.000000
Violation: 739.000000
Violation: 522.000000
Violation: 565.000000
Violation: 273.000000
Violation: 349.000000
Violation: 489.000000
Violation: 537.000000
Violation: 465.000000
Violation: 962.000000
Violation: 54.000000
Violation: 61.000000
Violation: 169.000000
Violation: 861.000000
Violation: 534.000000
Violation: 151.000000
Violation: 277.000000
Violation: 436.000000
Violation: 132.000000
Violation: 455.000000
Violation: 592.000000
Violation: 189.000000
Violation: 747.000000
Violation: 905.000000
Violation: 109.000000
Violation: 227.000000
Violation: 925.000000
Violation: 613.000000
Violation: 1076.000000
Violation: 87.000000
Violation: 788.000000
Violation: 922.000000
Violation: 45.000000
Violation: 272.000000
Violation: 604.000000
Violation: 788.000000
Violation: 74.000000
Violation: 588.000000
Violation: 846.000000
Violation: 541.000000
Violation: 589.000000
Violation: 373.000000
Violation: 752.000000
Violation: 613.000000
Violation: 805.000000
Violation: 35.000000
Violation: 77.000000
Violation: 398.000000
Violation: 124.000000
Violation: 454.000000
Violation: 1191.000000
Violation: 158.000000
Violation: 715.000000
Violation: 443.000000
Violation: 855.000000
Violation: 49.000000
Violation: 174.000000
Violation: 477.000000
Violation: 98.000000
Violation: 1288.000000
Violation: 333.000000
Violation: 191.000000
Violation: 67.000000
Violation: 358.000000
Violation: 89.000000
Violation: 712.000000
Violation: 83.000000
Violation: 297.000000
Violation: 251.000000
Violation: 22.000000
Violation: 91.000000
Violation: 102.000000
Violation: 101.000000
Violation: 223.000000
Violation: 95.000000
Violation: 78.000000
Violation: 1211.000000
Violation: 290.000000
Violation: 567.000000
Violation: 501.000000
Violation: 451.000000
Violation: 234.000000
Violation: 373.000000
Violation: 1098.000000
Violation: 541.000000
Violation: 670.000000
Violation: 366.000000
Violation: 188.000000
Violation: 230.000000
Violation: 451.000000
Violation: 277.000000
Violation: 152.000000
Violation: 787.000000
Violation: 1288.000000
Violation: 1007.000000
Violation: 599.000000
Violation: 7.000000
Violation: 205.000000
Violation: 888.000000
Violation: 836.000000
Violation: 1303.000000
Violation: 149.000000
Violation: 265.000000
Violation: 431.000000
Violation: 510.000000
Violation: 652.000000
Violation: 139.000000
Violation: 132.000000
Violation: 45.000000
Violation: 699.000000
Violation: 647.000000
Violation: 188.000000
Violation: 977.000000
Violation: 1478.000000
Violation: 648.000000
Violation: 101.000000
Violation: 43.000000
Violation: 485.000000
Violation: 190.000000
Violation: 356.000000
Violation: 292.000000
Violation: 278.000000
Violation: 1530.000000
Violation: 15.000000
Violation: 352.000000
Violation: 600.000000
Violation: 74.000000
Violation: 358.000000
Violation: 704.000000
Violation: 272.000000
Violation: 493.000000
Violation: 687.000000
Violation: 982.000000
Violation: 74.000000
Violation: 644.000000
Violation: 166.000000
Violation: 421.000000
Violation: 193.000000
Violation: 789.000000
Violation: 61.000000
Violation: 132.000000
Violation: 114.000000
Violation: 327.000000
Violation: 275.000000
Violation: 868.000000
Violation: 115.000000
Violation: 34.000000
Violation: 150.000000
Violation: 1182.000000
Violation: 189.000000
Violation: 320.000000
Violation: 1588.000000
Violation: 710.000000
Violation: 235.000000
Violation: 828.000000
Violation: 362.000000
Violation: 1174.000000
Violation: 34.000000
Violation: 373.000000
Violation: 806.000000
Violation: 981.000000
Violation: 447.000000
Violation: 118.000000
Violation: 481.000000
Violation: 997.000000
Violation: 11.000000
Violation: 464.000000
Violation: 473.000000
Violation: 233.000000
Violation: 870.000000
Violation: 313.000000
Violation: 34.000000
816 16
AQUIIII!!46 17 44 22 41 23 29 33 32 47 6 8 21 5 14 9 
AQUIIII!!46 20 27 49 17 24 21 38 26 44 52 47 37 48 22 16 
AQUIIII!!18 16 24 47 34 37 48 40 52 26 51 46 20 49 22 44 
AQUIIII!!46 17 8 29 44 33 9 41 22 5 32 6 21 47 23 14 
AQUIIII!!48 46 34 18 22 47 20 37 24 52 16 AQUIIII!!51 14 49 9 40 21 26 32 44 17 
29 23 47 33 22 8 46 41 5 6 44 
AQUIIII!!44 41 6 8 48 29 47 32 9 14 22 46 17 21 27 33 
AQUIIII!!44 46 8 9 33 32 6 31 21 5 17 22 14 41 4 29 
AQUIIII!!44 46 8 9 33 32 6 31 21 5 17 22 14 41 4 29 
AQUIIII!!46 51 24 20 44 37 49 34 18 26 52 47 16 48 22 40 
AQUIIII!!23 29 9 22 14 8 32 5 33 17 46 21 6 41 47 44 
AQUIIII!!9 22 32 33 31 29 21 4 17 41 5 8 46 14 6 44 
AQUIIII!!9 27 21 22 14 29 48 17 8 44 41 47 26 52 37 46 
AQUIIII!!46 32 6 21 29 33 22 44 14 47 17 27 41 8 9 48 
AQUIIII!!47 44 27 9 48 41 17 46 22 21 8 26 14 29 52 37 
AQUIIII!!20 52 22 16 48 24 21 37 49 38 17 26 44 27 46 47 
AQUIIII!!9 14 27 37 41 22 AQUIIII!!21 46 47 26 48 44 46 37 29 38 52 17 16 16 17 52 26 22 44 
27 24 21 20 48 49 AQUIIII!!47 44 
32 29 41 17 22 9 46 31 33 6 4 21 8 14 5 
AQUIIII!!46 26 44 37 38 17 16 52 22 27 24 21 20 48 49 47 
AQUIIII!!26 47 38 48 37 21 52 14 24 20 17 44 27 16 22 46 
AQUIIII!!44 46 48 16 38 37 26 20 24 22 17 47 14 27 52 21 
AQUIIII!!44 46 48 16 38 37 26 20 24 22 17 47 14 27 52 21 
AQUIIII!!44 18 24 48 40 16 49 47 51 34 52 26 20 22 46 37 
AQUIIII!!26 17 20 48 21 47 22 16 52 24 37 49 38 44 46 27 
AQUIIII!!37 16 18 48 46 40 24 52 47 49 22 26 20 34 51 44 
AQUIIII!!48 17 52 26 49 21 20 22 47 37 38 27 16 44 24 46 
AQUIIII!!27 38 22 20 21 17 14 26 52 16 47 48 37 46 24 44 
AQUIIII!!47 51 19 26 18 52 22 24 34 20 37 48 16 40 49 46 
AQUIIII!!46 26 37 27 24 21 17 44 52 16 48 47 22 38 20 14 
AQUIIII!!21 22 33 47 6 29 17 46 14 32 8 9 27 41 48 44 
AQUIIII!!46 21 44 26 20 47 27 48 22 24 37 17 38 16 52 49 
AQUIIII!!46 21 44 26 20 47 27 48 22 24 37 17 38 16 52 49 
AQUIIII!!44 20 48 46 38 47 17 52 24 27 22 14 26 21 16 37 
AQUIIII!!51 48 49 46 18 44 26 20 52 37 34 22 40 47 16 24 
AQUIIII!!47 46 49 37 20 27 38 52 16 26 48 17 44 22 21 24 
AQUIIII!!46 51 24 20 44 37 49 34 18 26 52 47 16 48 22 40 
AQUIIII!!6 32 9 44 48 8 14 17 29 21 22 41 47 33 27 46 
AQUIIII!!44 46 21 41 6 22 4 17 9 32 23 5 29 14 33 8 
AQUIIII!!44 46 21 41 6 22 4 17 9 32 23 5 29 14 33 8 
AQUIIII!!46 21 6 23 22 17 44 5 32 8 41 14 47 33 29 9 
AQUIIII!!44 21 26 52 22 16 49 47 24 38 20 17 48 27 46 37 
AQUIIII!!44 23 47 32 21 8 33 29 17 9 46 6 22 41 5 14 
AQUIIII!!32 44 41 6 5 8 33 23 47 22 17 29 21 9 14 46 
AQUIIII!!14 29 37 21 22 27 26 47 44 52 16 41 48 9 17 46 
AQUIIII!!23 41 17 33 8 9 21 22 5 47 14 32 6 29 46 44 
AQUIIII!!21 6 17 46 33 29 23 22 5 41 9 32 14 8 47 44 
AQUIIII!!3 33 8 34 5 9 41 22 14 21 4 6 32 17 29 44 
AQUIIII!!46 44 9 21 17 14 47 23 6 29 5 22 32 41 8 33 
AQUIIII!!16 40 51 48 37 22 24 52 34 19 47 49 18 26 20 46 
Number of Cuts in the second phase:293
Number of repeat: 265 
Violation: 948.000000
Violation: 43.000000
Violation: 218.000000
Violation: 461.000000
Violation: 192.000000
Violation: 19.000000
Violation: 233.000000
Violation: 198.000000
Violation: 356.000000
Violation: 983.000000
Violation: 297.000000
Violation: 540.000000
Violation: 498.000000
Violation: 290.000000
Violation: 160.000000
Violation: 7.000000
Violation: 463.000000
Violation: 108.000000
Violation: 462.000000
Violation: 190.000000
Violation: 483.000000
Violation: 212.000000
Violation: 1303.000000
Violation: 24.000000
Violation: 968.000000
Violation: 152.000000
Violation: 304.000000
Violation: 182.000000
took 5.400539
Optimize a model with 1031 rows, 906 columns and 14214 nonzeros
Coefficient statistics:
  Matrix range     [1e+00, 4e+01]
  Objective range  [0e+00, 0e+00]
  Bounds range     [1e+00, 4e+01]
  RHS range        [1e+00, 1e+02]
Presolve removed 487 rows and 108 columns
Presolve time: 0.00s
Presolved: 544 rows, 798 columns, 10568 nonzeros

Iteration    Objective       Primal Inf.    Dual Inf.      Time
       0    0.0000000e+00   4.508044e+01   0.000000e+00      0s
     113    0.0000000e+00   0.000000e+00   0.000000e+00      0s

Solved in 113 iterations and 0.01 seconds
Optimal objective  0.000000000e+00
