j3017_4.mm_s5.txt
Academic license - for non-commercial use only
Read LP format model from file lp/j3017_4.mm.lp
Reading time = 0.00 seconds
: 351 rows, 906 columns, 9053 nonzeros
OKGPU
nThreads: 1024 , nBlocks: 12 
Number cuts generated in the phase 1: 12
Number of repeat: 4 
violation 500.000000
violation 428.000000
violation 750.000000
violation 375.000000
violation 425.000000
violation 425.000000
violation 425.000000
violation 820.000000
8592 16
15 1 18 19 34 AQUIIII!!49 20 49 
22 16 
47 20 1 23 19 19 17 19 20 24 33 49 23 43 45 45 45 
18 34 15 46 46 10 47 48 AQUIIII!!33 16 10 48 45 
15 1 49 48 
0 3 AQUIIII!!13 49 47 44 33 2 45 46 34 22 20 34 24 20 18 25 19 49 23 
47 46 15 17 33 16 48 
AQUIIII!!27 12 11 42 15 21 16 8 39 32 9 14 41 43 AQUIIII!!7 18 44 47 AQUIIII!!
44 24 48 48 AQUIIII!!45 19 13 46 17 AQUIIII!!48 34 33 46 20 23 15 18 37 19 24 47 AQUIIII!!17 45 20 17 15 15 2 47 10 16 16 23 19 20 22 45 33 23 44 1 19 24 18 18 20 49 19 46 47 
34 34 46 AQUIIII!!45 45 49 17 33 48 48 4 23 10 20 AQUIIII!!2 16 22 33 0 10 0 47 33 16 34 49 49 46 34 49 33 AQUIIII!!47 
10 34 24 
49 37 0 46 4 7 17 49 34 3 

47 20 48 13 5 19 13 25 34 22 10 6 15 6 1 3 
18 33 AQUIIII!!16 48 AQUIIII!!33 5 23 44 2 7 2 43 43 1 12 0 22 27 33 21 0 34 14 48 
39 46 15 44 32 4 41 45 8 47 42 
9 10 11 6 45 
AQUIIII!!13 3 22 13 1 AQUIIII!!47 3 19 46 AQUIIII!!25 AQUIIII!!15 13 25 48 48 3 19 2 46 49 46 47 44 45 
2 4 34 10 10 17 25 37 16 33 33 46 45 22 20 48 1 20 33 0 1 34 18 0 0 47 34 45 24 34 48 1 23 AQUIIII!!33 22 22 49 48 47 
20 13 49 22 
49 10 46 
45 45 47 10 2 48 34 49 16 
20 18 33 23 19 0 17 49 
AQUIIII!!13 46 3 22 AQUIIII!!10 49 47 20 25 10 AQUIIII!!20 46 49 33 17 33 23 48 2 45 1 47 22 2 46 19 34 13 48 45 1 34 0 3 33 49 48 
47 22 18 45 0 0 1 20 
10 25 34 
AQUIIII!!AQUIIII!!47 48 46 45 44 46 45 47 15 4 10 20 2 49 13 48 1 19 34 33 49 18 25 AQUIIII!!23 3 47 16 33 48 24 0 15 17 22 46 34 
49 
17 44 23 33 19 16 24 34 AQUIIII!!45 45 18 18 20 46 
44 47 16 33 32 19 17 15 34 42 43 20 23 
AQUIIII!!45 18 46 44 47 16 33 32 19 17 15 34 42 43 20 23 
AQUIIII!!33 34 1 25 47 0 10 2 22 13 3 45 4 49 48 46 
AQUIIII!!3 4 34 2 0 47 13 AQUIIII!!33 10 48 10 23 22 19 1 33 25 5 24 AQUIIII!!6 15 13 49 48 16 
22 45 46 18 33 45 49 2 47 47 34 34 4 20 AQUIIII!!3 46 34 1 48 10 24 25 17 33 0 
49 17 
45 47 44 19 15 46 48 16 23 20 18 49 
AQUIIII!!16 24 19 44 18 34 33 15 23 20 17 48 47 45 46 49 
AQUIIII!!22 34 46 33 47 23 0 1 10 20 2 18 45 19 48 49 
AQUIIII!!34 18 AQUIIII!!19 34 33 22 17 4 23 2 AQUIIII!!22 47 46 45 6 10 33 0 48 34 10 1 20 1 5 17 47 13 0 AQUIIII!!49 46 3 AQUIIII!!47 45 25 48 10 20 19 23 49 49 22 20 1 20 
10 46 22 
48 34 19 45 AQUIIII!!33 47 10 1 33 0 2 33 17 18 3 47 18 48 1 45 34 23 4 
18 24 7 2 10 0 16 46 8 49 23 22 48 0 6 15 13 19 31 
49 33 
5 34 49 
AQUIIII!!45 44 46 15 23 47 AQUIIII!!16 31 33 43 AQUIIII!!3 AQUIIII!!AQUIIII!!18 23 0 34 25 48 19 8 33 22 AQUIIII!!32 20 22 20 34 6 1 23 42 2 46 10 17 34 19 AQUIIII!!5 
47 33 3 18 46 10 7 4 7 45 17 20 2 13 33 2 16 AQUIIII!!48 4 5 5 AQUIIII!!0 10 45 19 1 34 1 6 47 0 0 13 33 47 10 22 22 4 AQUIIII!!0 45 18 17 34 47 33 1 13 49 19 22 20 22 48 33 6 0 3 18 19 18 46 17 0 1 AQUIIII!!1 46 34 22 34 20 49 47 23 49 2 3 31 10 48 
34 48 34 45 
13 49 8 34 10 1 19 15 
49 10 33 2 33 48 16 2 
37 33 46 22 47 49 46 47 10 4 24 
45 23 5 10 48 20 49 48 34 33 
49 22 10 5 0 
46 0 13 49 AQUIIII!!1 4 AQUIIII!!
25 34 17 AQUIIII!!3 13 18 25 24 20 47 48 AQUIIII!!2 
47 33 19 49 20 49 AQUIIII!!17 46 20 24 6 
45 48 16 34 34 47 5 45 44 24 23 48 19 34 24 23 4 15 33 47 47 46 33 19 10 45 48 15 18 22 16 48 10 0 47 23 33 46 13 20 45 19 3 23 18 34 1 16 49 49 16 2 18 

25 44 46 AQUIIII!!17 33 10 49 15 49 17 19 49 
15 20 

2 0 34 1 37 33 47 46 10 13 22 AQUIIII!!45 48 49 4 
0 46 2 1 48 34 33 3 47 AQUIIII!!13 45 44 25 46 10 15 5 23 22 47 
16 33 43 AQUIIII!!18 44 34 45 19 32 42 20 33 42 19 17 43 
17 46 32 20 34 18 21 23 15 16 
AQUIIII!!20 44 19 33 15 14 43 32 23 17 45 34 18 21 42 16 
AQUIIII!!45 0 16 20 47 22 33 23 17 34 46 48 19 18 49 10 
AQUIIII!!44 48 17 23 46 49 47 16 20 34 45 33 24 15 19 18 
AQUIIII!!37 AQUIIII!!34 AQUIIII!!17 47 10 22 13 0 34 33 19 31 48 33 33 46 34 6 2 18 22 47 3 19 23 1 45 22 10 0 20 13 48 20 5 10 1 4 1 46 49 45 8 
49 7 
0 AQUIIII!!2 49 47 
10 0 AQUIIII!!46 47 AQUIIII!!3 33 17 1 46 24 48 42 20 13 43 18 19 33 48 16 22 15 18 4 19 32 5 17 47 20 AQUIIII!!34 33 23 2 49 34 34 25 5 10 15 44 34 49 49 45 4 
23 
48 46 2 45 16 6 
37 AQUIIII!!33 24 10 48 13 20 0 17 3 33 22 19 1 45 7 34 
47 46 23 10 15 18 16 49 
AQUIIII!!24 20 46 48 AQUIIII!!19 45 34 47 18 20 23 15 43 17 17 48 16 49 33 18 44 46 15 33 45 44 47 23 
16 19 34 24 AQUIIII!!49 
47 46 48 1 10 19 33 20 22 2 34 0 45 23 18 
AQUIIII!!49 AQUIIII!!6 2 AQUIIII!!7 45 20 47 10 49 0 3 48 46 34 37 33 33 4 1 18 22 33 23 AQUIIII!!19 3 49 2 20 47 0 25 46 22 17 48 45 10 1 0 34 10 1 22 34 19 
33 10 1 20 13 22 48 2 46 13 34 0 47 5 AQUIIII!!45 
49 23 2 AQUIIII!!18 48 3 
34 
0 0 1 18 4 22 13 45 AQUIIII!!10 1 45 20 48 47 45 23 20 25 19 15 22 33 17 34 10 48 33 46 49 49 47 18 46 48 46 47 17 33 
49 AQUIIII!!44 
10 23 AQUIIII!!5 16 2 33 19 20 0 34 0 7 24 34 13 
33 37 22 48 3 3 2 25 4 45 6 1 1 10 22 13 34 46 49 47 AQUIIII!!
49 46 48 17 
18 22 45 33 23 19 20 34 16 47 10 0 48 49 
AQUIIII!!10 20 AQUIIII!!AQUIIII!!19 49 49 34 34 16 0 0 46 46 46 23 2 33 AQUIIII!!10 4 47 23 22 AQUIIII!!34 13 16 20 18 48 48 18 17 47 33 33 47 18 24 17 45 0 33 48 16 48 10 20 33 45 0 19 34 5 22 17 47 47 48 25 23 20 44 18 3 15 49 34 19 46 22 
19 16 49 45 AQUIIII!!
1 22 
33 45 
46 10 3 46 1 23 22 17 34 49 25 
5 0 4 47 13 48 10 2 49 
AQUIIII!!46 47 23 43 17 20 34 19 15 33 24 AQUIIII!!48 23 16 34 18 20 18 45 47 44 24 
45 16 33 19 17 48 44 15 46 49 
AQUIIII!!42 44 AQUIIII!!19 10 34 18 20 17 32 15 46 33 19 43 16 18 23 17 21 45 23 33 45 24 46 15 16 
48 20 47 34 49 AQUIIII!!47 
45 17 23 16 33 42 46 20 43 15 18 AQUIIII!!32 23 44 34 19 20 18 34 47 
24 45 16 33 19 17 48 44 15 46 49 
AQUIIII!!1 6 48 13 AQUIIII!!37 34 5 46 0 22 20 AQUIIII!!3 49 47 10 1 7 49 33 2 5 33 17 34 4 16 10 34 7 49 33 6 
19 2 8 45 3 4 48 22 15 13 0 23 31 10 
24 18 
AQUIIII!!18 46 44 16 19 17 20 45 47 33 42 32 43 15 23 34 
AQUIIII!!48 49 46 AQUIIII!!19 17 45 19 20 47 10 24 16 16 24 34 33 10 47 48 15 45 23 17 46 18 33 34 20 
15 18 23 49 
AQUIIII!!45 AQUIIII!!23 22 22 4 10 3 48 AQUIIII!!33 18 23 0 34 10 13 19 45 33 5 47 0 0 34 16 17 8 17 34 10 31 20 20 1 33 49 2 46 46 7 16 6 47 49 19 

18 AQUIIII!!48 13 49 45 22 1 
AQUIIII!!10 25 47 13 3 1 34 25 2 10 46 3 AQUIIII!!33 33 45 22 4 43 2 44 47 46 34 48 47 48 17 22 0 23 0 46 15 49 49 24 
20 48 20 45 16 
19 33 AQUIIII!!18 34 18 
46 19 48 33 34 20 24 15 17 47 16 43 23 45 44 
AQUIIII!!45 23 22 10 48 18 34 19 33 0 16 17 20 49 46 47 
AQUIIII!!0 10 23 22 1 46 48 17 34 19 33 47 49 20 18 45 
AQUIIII!!19 17 20 47 23 22 18 0 33 49 10 34 48 16 45 46 
AQUIIII!!17 19 46 18 34 23 32 47 20 42 43 33 16 15 44 45 
AQUIIII!!47 48 15 46 49 AQUIIII!!17 20 44 33 23 10 AQUIIII!!25 33 1 44 19 47 23 45 16 20 2 24 13 17 0 34 19 48 45 46 34 18 22 46 34 20 33 3 
49 24 
48 16 45 49 18 15 47 
AQUIIII!!44 49 17 47 24 18 19 23 46 16 AQUIIII!!20 48 15 48 46 34 47 33 45 34 
20 17 33 18 44 AQUIIII!!49 20 45 16 19 24 13 23 46 19 45 15 22 
48 1 47 33 34 37 10 0 2 49 
AQUIIII!!44 49 17 47 AQUIIII!!24 18 44 19 23 23 46 20 16 17 20 15 19 48 34 34 33 46 45 33 
24 48 16 45 49 18 15 47 
AQUIIII!!16 24 23 18 33 34 45 47 20 49 19 17 48 10 15 46 
AQUIIII!!5 8 10 1 6 22 3 4 34 0 33 31 7 2 13 AQUIIII!!49 48 
47 18 24 15 33 20 45 16 19 17 44 23 46 34 49 
AQUIIII!!25 3 2 5 1 47 10 13 22 34 48 6 4 0 33 49 
AQUIIII!!49 48 33 45 22 0 1 23 46 10 19 34 20 17 18 47 
AQUIIII!!48 49 46 19 45 20 10 16 24 33 47 15 23 17 18 34 
AQUIIII!!18 48 46 49 47 17 24 33 23 45 10 15 34 16 20 19 
AQUIIII!!18 46 48 15 49 44 20 17 34 47 23 16 19 33 45 24 
AQUIIII!!49 47 22 19 10 45 23 18 20 33 1 34 0 46 48 2 
AQUIIII!!18 46 48 15 49 44 20 17 34 47 23 16 19 33 45 24 AQUIIII!!
19 10 20 34 23 16 24 47 17 18 33 46 AQUIIII!!15 34 47 48 23 45 45 49 18 17 
48 15 20 33 49 44 16 46 24 19 
AQUIIII!!15 49 48 47 17 19 45 18 46 33 16 23 24 44 34 20 
AQUIIII!!18 AQUIIII!!46 AQUIIII!!49 48 48 15 15 18 49 AQUIIII!!49 34 42 48 44 47 27 47 20 19 7 17 17 14 15 19 34 5 45 47 45 12 17 40 23 18 20 11 16 46 46 21 19 23 33 26 33 10 8 16 45 24 6 23 24 32 16 24 
44 33 9 44 
43 34 
20 
AQUIIII!!49 7 8 3 4 1 34 2 33 22 31 13 10 5 0 6 
AQUIIII!!49 33 25 0 AQUIIII!!34 48 0 2 46 22 45 13 1 1 3 10 AQUIIII!!10 37 49 48 47 47 25 34 22 48 33 20 19 45 10 20 13 4 2 49 22 46 

47 3 1 0 5 34 46 2 33 13 
AQUIIII!!19 16 20 24 23 15 43 17 48 47 46 18 34 33 44 45 
AQUIIII!!48 19 47 49 46 23 10 20 34 2 18 22 1 45 0 33 
AQUIIII!!16 48 47 15 43 44 46 33 18 34 23 24 45 20 19 17 
AQUIIII!!1 46 4 48 25 2 0 34 5 3 47 10 33 13 22 49 
AQUIIII!!49 34 AQUIIII!!0 49 46 45 10 25 0 45 48 25 33 2 1 34 13 46 1 13 33 3 2 22 20 47 10 22 3 47 
48 20 
AQUIIII!!47 48 15 46 49 17 44 23 33 19 16 24 34 45 18 20 
AQUIIII!!49 20 46 17 16 19 0 23 18 22 10 47 48 45 33 34 
AQUIIII!!46 19 15 24 18 49 48 23 17 20 33 34 44 47 16 45 
AQUIIII!!20 15 49 47 46 44 33 48 AQUIIII!!18 27 32 17 11 16 42 24 12 9 19 14 23 39 45 41 7 34 16 
21 15 43 44 8 
AQUIIII!!49 44 19 45 47 23 24 15 33 46 18 17 20 34 48 16 
AQUIIII!!20 49 48 46 23 47 2 10 19 22 18 34 1 45 33 AQUIIII!!0 49 
47 16 48 17 46 45 10 18 0 34 22 33 20 23 19 
AQUIIII!!49 24 20 47 18 45 23 44 34 19 46 33 16 48 17 15 
AQUIIII!!49 0 33 3 5 25 2 1 6 10 4 48 47 22 34 13 
AQUIIII!!44 48 45 17 16 34 46 15 47 23 33 20 19 18 49 24 
AQUIIII!!16 49 48 17 34 20 24 47 33 46 45 23 15 10 18 19 
AQUIIII!!49 24 17 23 20 48 33 46 16 45 15 19 34 47 10 18 
AQUIIII!!49 1 22 4 3 34 48 0 47 10 6 2 5 25 33 13 
AQUIIII!!49 0 47 3 1 4 10 46 13 22 34 2 5 33 25 48 
AQUIIII!!18 47 15 49 45 34 33 16 20 19 10 17 23 46 48 24 
AQUIIII!!49 22 48 18 33 19 0 45 47 10 34 46 2 1 23 20 
AQUIIII!!46 19 AQUIIII!!47 49 49 20 22 16 33 23 33 34 15 45 48 18 46 34 3 17 45 0 24 2 44 
25 1 13 48 4 47 10 
AQUIIII!!21 34 45 44 16 33 23 42 46 32 19 AQUIIII!!18 15 20 43 20 17 49 15 18 
47 16 46 23 48 10 24 19 17 45 33 34 
AQUIIII!!13 25 22 10 34 4 33 48 1 47 5 2 3 0 6 49 
AQUIIII!!44 43 6 32 11 27 8 9 40 7 5 42 14 21 12 26 
AQUIIII!!49 48 23 18 46 20 17 33 16 47 AQUIIII!!34 19 10 10 45 15 49 19 48 24 17 
46 16 20 34 18 47 22 45 23 0 33 
AQUIIII!!19 49 48 45 47 17 20 10 46 34 33 16 18 23 22 0 
AQUIIII!!49 33 13 47 19 48 1 10 0 45 46 37 2 20 34 22 
AQUIIII!!49 34 45 33 10 47 16 AQUIIII!!17 49 22 47 18 17 19 16 23 0 19 48 34 0 46 46 23 20 18 
45 20 22 10 48 33 
AQUIIII!!44 20 19 14 21 34 16 15 32 17 42 18 AQUIIII!!45 33 49 23 20 43 45 
10 1 46 33 2 47 3 25 48 0 34 22 13 
AQUIIII!!48 16 18 43 44 20 47 46 17 AQUIIII!!19 49 45 18 47 33 45 24 22 15 20 34 2 23 0 33 
34 23 10 48 1 19 46 
AQUIIII!!AQUIIII!!49 43 34 21 48 18 10 34 46 45 20 23 33 32 45 42 23 16 18 15 0 14 22 33 19 AQUIIII!!17 44 16 44 49 17 19 16 47 20 45 

18 20 47 15 19 17 34 48 23 33 24 46 
AQUIIII!!17 45 46 44 23 18 16 33 20 15 34 48 49 24 19 47 
AQUIIII!!49 3 5 31 10 22 33 4 13 7 34 1 6 2 8 0 
AQUIIII!!47 49 44 16 46 20 45 15 24 17 34 33 23 18 19 48 
AQUIIII!!16 19 17 46 18 47 49 33 48 0 10 34 45 23 20 22 
AQUIIII!!49 20 15 16 17 23 34 10 46 47 48 45 24 33 18 19 
AQUIIII!!49 34 0 4 46 3 10 2 47 25 13 33 1 45 48 22 
AQUIIII!!17 49 48 AQUIIII!!18 47 0 16 49 45 48 16 22 23 33 15 46 34 19 23 17 18 19 47 10 24 45 20 46 34 33 
20 10 
AQUIIII!!49 44 19 45 47 23 24 15 33 46 18 17 20 34 48 16 
AQUIIII!!AQUIIII!!21 42 34 47 6 48 15 46 41 20 11 15 39 49 7 16 14 24 12 17 27 18 32 19 43 10 44 23 9 45 8 AQUIIII!!33 
17 
18 20 47 49 15 46 45 24 34 23 33 19 44 48 16 
AQUIIII!!34 1 2 46 22 47 33 4 10 48 3 5 0 25 13 49 
AQUIIII!!46 47 15 17 24 16 23 48 33 34 44 18 19 20 45 49 
AQUIIII!!49 10 1 8 13 2 33 7 31 3 0 4 5 34 6 22 
AQUIIII!!45 16 46 43 15 19 24 33 AQUIIII!!20 49 34 34 23 18 0 48 46 17 22 47 18 44 16 
20 17 45 23 19 10 33 48 47 
AQUIIII!!44 45 47 18 46 32 16 15 42 34 20 43 17 23 19 33 
AQUIIII!!18 48 46 49 47 17 24 33 23 45 10 15 34 16 20 19 
AQUIIII!!17 48 15 46 45 16 10 19 33 18 47 23 20 24 34 49 
AQUIIII!!34 15 47 20 45 18 23 24 46 16 33 48 19 49 17 44 
AQUIIII!!49 20 15 AQUIIII!!46 49 19 3 2 44 1 33 10 17 33 22 34 45 47 20 25 45 47 16 46 48 34 48 24 0 23 13 18 

AQUIIII!!49 48 34 33 1 22 47 10 37 0 19 20 13 45 2 46 
AQUIIII!!49 2 34 10 7 22 5 33 6 3 1 13 48 4 37 0 
AQUIIII!!48 16 45 47 15 19 18 17 23 33 34 44 24 20 46 49 
AQUIIII!!45 44 42 47 18 46 43 20 33 19 34 15 32 16 23 17 
AQUIIII!!49 48 46 34 13 10 47 45 1 3 0 25 20 AQUIIII!!2 49 48 22 46 33 33 
2 5 34 1 22 10 47 25 4 0 13 3 
AQUIIII!!44 17 45 47 23 15 46 32 33 19 16 42 20 43 34 18 
AQUIIII!!45 44 23 24 46 20 18 34 48 43 19 47 33 16 15 17 
AQUIIII!!45 47 49 48 46 33 1 18 23 19 20 0 17 10 34 22 
AQUIIII!!45 48 18 19 17 23 20 43 47 15 33 44 34 24 46 16 
AQUIIII!!49 1 45 10 22 47 46 0 2 34 37 20 33 13 48 19 
AQUIIII!!49 33 47 20 22 0 18 16 34 23 19 48 10 17 45 46 
AQUIIII!!17 18 49 46 16 33 23 47 34 48 15 19 24 10 45 20 
AQUIIII!!34 46 16 45 21 15 33 23 17 42 19 20 43 32 44 18 
AQUIIII!!44 45 34 19 20 23 33 47 42 18 46 16 17 32 43 15 
AQUIIII!!49 34 23 0 46 19 20 2 48 18 33 1 22 45 47 10 
AQUIIII!!49 16 33 20 34 18 47 23 48 45 24 44 46 15 AQUIIII!!19 17 49 
33 4 48 47 1 22 2 46 34 45 3 10 0 25 13 
AQUIIII!!19 47 44 46 16 20 18 48 15 23 34 49 33 24 45 17 
Number of Cuts in the second phase:6539
Number of repeat: 5995 
Violation: 500.000000
Violation: 570.000000
Violation: 375.000000
Violation: 140.000000
Violation: 284.000000
Violation: 750.000000
Violation: 1212.000000
Violation: 285.000000
Violation: 284.000000
Violation: 285.000000
Violation: 710.000000
Violation: 750.000000
Violation: 1106.000000
Violation: 375.000000
Violation: 928.000000
Violation: 425.000000
Violation: 642.000000
Violation: 500.000000
Violation: 285.000000
Violation: 570.000000
Violation: 570.000000
Violation: 140.000000
Violation: 225.000000
Violation: 464.000000
Violation: 655.000000
Violation: 375.000000
Violation: 106.000000
Violation: 375.000000
Violation: 625.000000
Violation: 425.000000
Violation: 428.000000
Violation: 284.000000
Violation: 650.000000
Violation: 280.000000
Violation: 710.000000
Violation: 125.000000
Violation: 195.000000
Violation: 375.000000
Violation: 375.000000
Violation: 140.000000
Violation: 318.000000
Violation: 125.000000
Violation: 749.000000
Violation: 178.000000
Violation: 301.000000
Violation: 375.000000
Violation: 1405.000000
Violation: 875.000000
Violation: 510.000000
Violation: 1096.000000
Violation: 655.000000
Violation: 935.000000
Violation: 935.000000
Violation: 375.000000
Violation: 782.000000
Violation: 280.000000
Violation: 1492.000000
Violation: 1256.000000
Violation: 140.000000
Violation: 926.000000
Violation: 922.000000
Violation: 106.000000
Violation: 741.000000
Violation: 650.000000
Violation: 28.000000
Violation: 703.000000
Violation: 845.000000
Violation: 782.000000
Violation: 727.000000
Violation: 837.000000
Violation: 710.000000
Violation: 1347.000000
Violation: 570.000000
Violation: 832.000000
Violation: 604.000000
Violation: 710.000000
Violation: 710.000000
Violation: 125.000000
Violation: 375.000000
Violation: 283.000000
Violation: 231.000000
Violation: 297.000000
Violation: 356.000000
Violation: 1347.000000
Violation: 560.000000
Violation: 125.000000
Violation: 620.000000
Violation: 246.000000
Violation: 500.000000
Violation: 565.000000
Violation: 280.000000
Violation: 515.000000
Violation: 476.000000
Violation: 545.000000
Violation: 655.000000
Violation: 659.000000
Violation: 1112.000000
Violation: 178.000000
Violation: 940.000000
Violation: 480.000000
Violation: 335.000000
Violation: 386.000000
Violation: 620.000000
Violation: 922.000000
Violation: 1526.000000
Violation: 186.000000
Violation: 228.000000
Violation: 375.000000
Violation: 1352.000000
Violation: 940.000000
Violation: 856.000000
Violation: 386.000000
Violation: 191.000000
Violation: 832.000000
Violation: 497.000000
Violation: 998.000000
Violation: 742.000000
Violation: 745.000000
Violation: 34.000000
Violation: 386.000000
Violation: 318.000000
Violation: 455.000000
Violation: 30.000000
Violation: 1315.000000
Violation: 141.000000
Violation: 830.000000
Violation: 606.000000
Violation: 500.000000
Violation: 1125.000000
Violation: 457.000000
Violation: 1120.000000
Violation: 610.000000
Violation: 375.000000
Violation: 1096.000000
Violation: 625.000000
Violation: 749.000000
Violation: 390.000000
Violation: 935.000000
Violation: 373.000000
Violation: 650.000000
Violation: 570.000000
Violation: 140.000000
Violation: 582.000000
Violation: 515.000000
Violation: 570.000000
Violation: 755.000000
Violation: 425.000000
Violation: 420.000000
Violation: 1310.000000
Violation: 375.000000
Violation: 560.000000
Violation: 125.000000
Violation: 475.000000
Violation: 125.000000
Violation: 280.000000
Violation: 284.000000
Violation: 140.000000
Violation: 650.000000
Violation: 178.000000
Violation: 481.000000
Violation: 280.000000
Violation: 318.000000
Violation: 1030.000000
Violation: 1062.000000
Violation: 742.000000
Violation: 705.000000
Violation: 425.000000
Violation: 1416.000000
Violation: 371.000000
Violation: 1207.000000
Violation: 710.000000
Violation: 375.000000
Violation: 922.000000
Violation: 280.000000
Violation: 87.000000
Violation: 710.000000
Violation: 386.000000
Violation: 246.000000
Violation: 140.000000
Violation: 125.000000
Violation: 515.000000
Violation: 231.000000
Violation: 741.000000
Violation: 1015.000000
Violation: 848.000000
Violation: 280.000000
Violation: 455.000000
Violation: 561.000000
Violation: 497.000000
Violation: 390.000000
Violation: 1386.000000
Violation: 386.000000
Violation: 1096.000000
Violation: 565.000000
Violation: 500.000000
Violation: 140.000000
Violation: 699.000000
Violation: 265.000000
Violation: 742.000000
Violation: 420.000000
Violation: 749.000000
Violation: 420.000000
Violation: 292.000000
Violation: 231.000000
Violation: 140.000000
Violation: 604.000000
Violation: 881.000000
Violation: 565.000000
Violation: 1482.000000
Violation: 420.000000
Violation: 226.000000
Violation: 329.000000
Violation: 1030.000000
Violation: 140.000000
Violation: 225.000000
Violation: 373.000000
Violation: 457.000000
Violation: 742.000000
Violation: 560.000000
Violation: 458.000000
Violation: 487.000000
Violation: 831.000000
Violation: 659.000000
Violation: 2052.000000
Violation: 368.000000
Violation: 1000.000000
Violation: 500.000000
Violation: 140.000000
Violation: 625.000000
Violation: 497.000000
Violation: 710.000000
Violation: 499.000000
Violation: 375.000000
Violation: 874.000000
Violation: 420.000000
Violation: 370.000000
Violation: 650.000000
Violation: 564.000000
Violation: 207.000000
Violation: 178.000000
Violation: 1951.000000
Violation: 704.000000
Violation: 525.000000
Violation: 695.000000
Violation: 140.000000
Violation: 405.000000
Violation: 787.000000
Violation: 500.000000
Violation: 837.000000
Violation: 705.000000
Violation: 140.000000
Violation: 375.000000
Violation: 917.000000
Violation: 365.000000
Violation: 386.000000
Violation: 1085.000000
Violation: 922.000000
Violation: 83.000000
Violation: 420.000000
Violation: 427.000000
Violation: 392.000000
Violation: 625.000000
Violation: 532.000000
Violation: 848.000000
Violation: 560.000000
Violation: 1087.000000
Violation: 487.000000
Violation: 1215.000000
Violation: 140.000000
Violation: 1405.000000
Violation: 1297.000000
Violation: 625.000000
Violation: 708.000000
Violation: 140.000000
Violation: 280.000000
Violation: 1250.000000
Violation: 68.000000
Violation: 832.000000
Violation: 140.000000
Violation: 940.000000
Violation: 1000.000000
Violation: 1386.000000
Violation: 370.000000
Violation: 922.000000
Violation: 500.000000
Violation: 318.000000
Violation: 1025.000000
Violation: 319.000000
Violation: 385.000000
Violation: 457.000000
Violation: 444.000000
Violation: 602.000000
Violation: 1025.000000
Violation: 458.000000
Violation: 500.000000
Violation: 990.000000
Violation: 565.000000
Violation: 267.000000
Violation: 335.000000
Violation: 940.000000
Violation: 246.000000
Violation: 1112.000000
Violation: 297.000000
Violation: 1001.000000
Violation: 1025.000000
Violation: 922.000000
Violation: 1677.000000
Violation: 1196.000000
Violation: 178.000000
Violation: 1030.000000
Violation: 1027.000000
Violation: 492.000000
Violation: 1352.000000
Violation: 1096.000000
Violation: 106.000000
Violation: 212.000000
Violation: 565.000000
Violation: 42.000000
Violation: 375.000000
Violation: 745.000000
Violation: 565.000000
Violation: 511.000000
Violation: 811.000000
Violation: 111.000000
Violation: 352.000000
Violation: 922.000000
Violation: 642.000000
Violation: 997.000000
Violation: 1085.000000
Violation: 708.000000
Violation: 814.000000
Violation: 456.000000
Violation: 1062.000000
Violation: 655.000000
Violation: 1405.000000
Violation: 449.000000
Violation: 555.000000
Violation: 68.000000
Violation: 505.000000
Violation: 721.000000
Violation: 246.000000
Violation: 506.000000
Violation: 462.000000
Violation: 655.000000
Violation: 782.000000
Violation: 1120.000000
Violation: 893.000000
Violation: 737.000000
Violation: 935.000000
Violation: 386.000000
Violation: 1302.000000
Violation: 640.000000
Violation: 632.000000
Violation: 246.000000
Violation: 620.000000
Violation: 319.000000
Violation: 745.000000
Violation: 240.000000
Violation: 655.000000
Violation: 765.000000
Violation: 1089.000000
Violation: 140.000000
Violation: 370.000000
Violation: 570.000000
Violation: 285.000000
Violation: 171.000000
Violation: 505.000000
Violation: 283.000000
Violation: 475.000000
Violation: 428.000000
Violation: 505.000000
Violation: 659.000000
Violation: 1220.000000
Violation: 280.000000
Violation: 727.000000
Violation: 1017.000000
Violation: 570.000000
Violation: 833.000000
Violation: 460.000000
Violation: 1027.000000
Violation: 777.000000
Violation: 492.000000
Violation: 175.000000
Violation: 318.000000
Violation: 626.000000
Violation: 1207.000000
Violation: 737.000000
Violation: 245.000000
Violation: 604.000000
Violation: 487.000000
Violation: 391.000000
Violation: 526.000000
Violation: 1106.000000
Violation: 419.000000
Violation: 867.000000
Violation: 1021.000000
Violation: 650.000000
Violation: 510.000000
Violation: 370.000000
Violation: 280.000000
Violation: 832.000000
Violation: 1400.000000
Violation: 830.000000
Violation: 140.000000
Violation: 560.000000
Violation: 140.000000
Violation: 852.000000
Violation: 210.000000
Violation: 458.000000
Violation: 140.000000
Violation: 120.000000
Violation: 346.000000
Violation: 515.000000
Violation: 559.000000
Violation: 1120.000000
Violation: 940.000000
Violation: 515.000000
Violation: 551.000000
Violation: 492.000000
Violation: 140.000000
Violation: 83.000000
Violation: 962.000000
Violation: 370.000000
Violation: 510.000000
Violation: 742.000000
Violation: 615.000000
Violation: 1481.000000
Violation: 83.000000
Violation: 1021.000000
Violation: 1007.000000
Violation: 450.000000
Violation: 425.000000
Violation: 1017.000000
Violation: 226.000000
Violation: 551.000000
Violation: 1587.000000
Violation: 280.000000
Violation: 564.000000
Violation: 210.000000
Violation: 1276.000000
Violation: 1125.000000
Violation: 640.000000
Violation: 767.000000
Violation: 225.000000
Violation: 492.000000
Violation: 515.000000
Violation: 865.000000
Violation: 140.000000
Violation: 133.000000
Violation: 550.000000
Violation: 208.000000
Violation: 1117.000000
Violation: 930.000000
Violation: 655.000000
Violation: 1382.000000
Violation: 1381.000000
Violation: 1022.000000
Violation: 500.000000
Violation: 420.000000
Violation: 637.000000
Violation: 867.000000
Violation: 147.000000
Violation: 1951.000000
Violation: 414.000000
Violation: 284.000000
Violation: 955.000000
Violation: 727.000000
Violation: 659.000000
Violation: 318.000000
Violation: 741.000000
Violation: 1140.000000
Violation: 462.000000
Violation: 500.000000
Violation: 625.000000
Violation: 799.000000
Violation: 777.000000
Violation: 292.000000
Violation: 210.000000
Violation: 1062.000000
Violation: 845.000000
Violation: 481.000000
Violation: 370.000000
Violation: 140.000000
Violation: 207.000000
Violation: 935.000000
Violation: 560.000000
Violation: 972.000000
Violation: 491.000000
Violation: 655.000000
Violation: 351.000000
Violation: 380.000000
Violation: 278.000000
Violation: 867.000000
Violation: 1386.000000
Violation: 1117.000000
Violation: 1397.000000
Violation: 651.000000
Violation: 832.000000
Violation: 80.000000
Violation: 425.000000
Violation: 140.000000
Violation: 737.000000
Violation: 225.000000
Violation: 250.000000
Violation: 799.000000
Violation: 1297.000000
Violation: 85.000000
Violation: 777.000000
Violation: 140.000000
Violation: 356.000000
Violation: 420.000000
Violation: 1166.000000
Violation: 352.000000
Violation: 637.000000
Violation: 828.000000
Violation: 1420.000000
Violation: 704.000000
Violation: 515.000000
Violation: 125.000000
Violation: 737.000000
Violation: 1030.000000
Violation: 845.000000
Violation: 85.000000
Violation: 280.000000
Violation: 510.000000
Violation: 1085.000000
Violation: 638.000000
Violation: 945.000000
Violation: 375.000000
Violation: 140.000000
Violation: 420.000000
Violation: 602.000000
Violation: 508.000000
Violation: 1141.000000
Violation: 510.000000
Violation: 375.000000
Violation: 281.000000
Violation: 745.000000
Violation: 203.000000
Violation: 848.000000
Violation: 515.000000
Violation: 1022.000000
Violation: 462.000000
Violation: 1685.000000
8592 16
AQUIIII!!5 33 13 

0 10 47 1 13 48 7 1 18 6 1 33 10 5 3 0 37 4 34 5 19 10 33 22 2 6 33 45 1 0 49 22 22 10 
37 34 AQUIIII!!23 13 2 49 AQUIIII!!3 49 22 13 

48 17 48 45 47 47 6 49 46 24 7 
34 16 4 33 18 5 20 44 1 48 45 2 49 19 10 
23 0 33 34 15 3 46 37 34 13 20 22 17 33 
49 
AQUIIII!!48 49 46 AQUIIII!!17 20 10 0 23 37 33 34 2 19 47 45 34 20 19 49 18 45 48 10 24 13 47 33 16 15 22 46 1 

AQUIIII!!15 24 AQUIIII!!23 43 33 24 34 34 19 23 48 33 44 48 45 47 18 18 43 20 47 16 46 17 17 16 15 46 44 20 19 
45 
AQUIIII!!16 18 23 34 24 33 48 15 17 10 AQUIIII!!46 46 49 49 20 17 47 23 45 18 33 19 24 
34 47 16 20 19 48 15 44 45 
AQUIIII!!23 AQUIIII!!44 0 20 48 16 17 22 15 34 45 48 10 AQUIIII!!33 16 23 34 19 20 AQUIIII!!19 46 23 AQUIIII!!18 46 49 34 AQUIIII!!AQUIIII!!24 33 17 19 48 49 46 49 23 45 17 47 24 10 18 48 17 49 33 34 19 24 45 24 
34 46 23 33 34 33 19 15 23 47 18 16 17 33 16 24 45 20 47 20 47 20 19 49 10 18 18 48 48 20 46 47 15 49 45 16 46 20 44 22 
17 45 49 47 AQUIIII!!33 
16 49 15 17 0 48 2 18 47 15 10 34 1 
44 46 45 23 33 44 19 
18 
46 34 18 48 22 
1 19 23 47 AQUIIII!!45 33 0 19 20 
34 20 23 24 16 18 45 48 AQUIIII!!4 43 46 5 10 47 33 15 46 17 25 44 1 
0 13 AQUIIII!!47 21 48 33 2 3 17 34 23 22 34 49 43 
46 15 16 19 18 32 42 20 45 44 
AQUIIII!!20 47 46 10 AQUIIII!!AQUIIII!!22 0 1 34 AQUIIII!!34 0 10 0 33 13 33 48 17 2 22 45 34 10 34 3 45 10 3 1 23 AQUIIII!!23 46 48 46 48 20 18 47 48 46 20 19 5 19 10 49 0 48 17 20 AQUIIII!!
33 13 45 2 34 1 37 33 25 4 45 0 25 16 22 1 33 22 47 46 46 22 49 0 18 1 
2 45 48 49 47 AQUIIII!!4 
19 49 33 33 47 47 
3 34 10 47 13 19 22 49 46 2 16 
13 15 10 25 23 49 48 
17 18 AQUIIII!!24 4 45 6 20 47 34 10 49 48 
22 AQUIIII!!AQUIIII!!3 18 33 33 18 48 2 47 19 24 0 20 34 34 15 15 46 5 48 45 13 45 23 16 1 19 20 44 25 34 44 49 17 16 AQUIIII!!24 
49 45 
44 46 46 33 23 43 23 17 17 47 AQUIIII!!20 47 15 33 34 49 19 1 
AQUIIII!!18 22 16 20 33 45 32 15 2 42 
18 20 46 25 17 0 AQUIIII!!23 AQUIIII!!47 3 45 21 34 47 19 42 3 6 33 33 4 16 10 19 5 34 13 25 18 24 49 48 48 16 AQUIIII!!46 33 44 10 23 2 48 47 3 17 22 
49 0 43 0 
15 25 13 34 1 45 20 10 13 AQUIIII!!32 34 46 47 46 49 19 22 44 
20 33 AQUIIII!!45 0 3 4 AQUIIII!!
33 10 33 2 7 1 23 AQUIIII!!34 13 46 18 1 20 6 46 45 34 0 10 17 17 1 34 5 47 48 48 2 2 34 47 47 1 4 49 20 22 33 0 
33 22 37 19 1 19 48 46 48 49 13 22 34 10 
23 37 0 45 22 48 10 49 49 18 

45 49 
AQUIIII!!49 13 33 22 10 3 5 7 48 0 34 2 37 4 1 6 
AQUIIII!!46 47 49 34 48 2 0 AQUIIII!!4 47 5 46 22 44 43 33 3 33 13 15 18 25 1 45 10 24 16 
17 19 48 23 34 20 
AQUIIII!!34 44 23 19 15 24 47 48 49 17 18 16 20 45 46 33 
AQUIIII!!15 17 45 49 47 46 16 34 20 24 33 48 23 19 18 44 
AQUIIII!!24 19 AQUIIII!!16 24 15 34 17 47 23 33 18 18 44 23 15 45 34 20 33 46 AQUIIII!!45 49 47 16 44 34 19 17 45 46 48 23 20 
16 48 17 49 24 47 20 
44 48 46 33 15 19 49 18 
AQUIIII!!19 AQUIIII!!33 24 34 17 44 23 18 18 20 AQUIIII!!44 43 20 15 16 15 34 23 24 33 AQUIIII!!17 17 45 48 46 45 19 16 45 45 43 15 19 44 34 46 24 20 AQUIIII!!17 16 20 46 34 18 18 16 48 AQUIIII!!17 48 19 23 45 49 47 41 47 18 15 33 47 
8 24 16 44 23 
22 42 46 34 10 33 32 48 48 
46 49 21 19 47 16 0 
33 14 20 23 7 47 15 49 
11 12 AQUIIII!!39 47 18 27 49 17 9 48 44 0 34 43 45 22 
1 19 10 23 20 46 33 
AQUIIII!!20 15 24 17 19 45 AQUIIII!!34 49 16 46 AQUIIII!!18 22 49 23 33 18 33 10 48 5 44 20 34 46 23 13 48 10 48 49 33 3 47 17 47 
16 2 25 19 4 47 0 0 AQUIIII!!1 45 49 
AQUIIII!!46 3 31 22 10 33 34 2 13 0 
5 10 4 6 13 4 AQUIIII!!6 33 AQUIIII!!34 34 23 8 33 8 19 31 6 16 5 8 49 4 0 22 20 34 1 15 7 7 17 3 
22 18 10 34 1 0 24 2 22 47 46 3 33 48 49 13 45 
AQUIIII!!44 2 1 
5 4 AQUIIII!!31 48 1 2 13 AQUIIII!!3 33 49 7 AQUIIII!!5 33 47 49 33 19 1 48 
0 45 45 1 6 34 47 22 22 AQUIIII!!18 45 48 13 19 33 46 18 47 2 24 15 25 22 46 43 15 34 10 20 17 45 10 47 23 16 34 49 44 46 34 0 16 
48 19 10 19 47 33 37 46 20 24 20 23 20 48 49 10 2 23 49 
18 0 
17 
34 
AQUIIII!!46 49 48 2 4 3 13 33 34 0 25 5 22 1 10 47 
AQUIIII!!45 47 20 15 46 17 44 19 18 33 AQUIIII!!16 13 34 25 43 2 23 46 4 42 0 32 3 
1 10 22 5 33 34 47 48 49 
AQUIIII!!18 34 23 20 19 22 2 33 46 0 45 48 10 1 47 49 
AQUIIII!!45 44 33 19 20 42 21 17 23 16 34 43 15 32 18 14 
AQUIIII!!45 46 22 33 23 47 10 34 20 0 19 1 49 18 17 48 
AQUIIII!!17 0 33 23 AQUIIII!!19 24 45 47 10 18 22 23 10 33 34 45 46 20 17 AQUIIII!!49 34 47 49 20 48 1 16 18 19 34 15 16 48 10 
49 46 46 4 
2 25 33 0 3 47 AQUIIII!!13 47 45 22 0 48 10 
34 22 19 18 2 33 1 23 20 AQUIIII!!45 49 48 6 49 25 5 46 47 
10 22 1 3 4 34 33 0 2 13 48 
AQUIIII!!17 0 33 23 19 47 22 10 45 20 34 48 18 16 49 46 
AQUIIII!!46 34 48 10 3 22 2 25 47 45 1 0 20 33 13 49 
AQUIIII!!20 10 48 16 15 23 49 34 19 33 24 18 45 AQUIIII!!47 49 46 4 17 2 
13 1 0 3 46 10 33 48 47 34 25 22 5 
AQUIIII!!13 47 4 46 AQUIIII!!5 9 25 6 39 22 27 33 42 10 32 0 11 1 21 AQUIIII!!12 3 2 34 14 41 34 0 7 48 1 15 49 48 43 
13 8 44 20 
47 10 45 33 AQUIIII!!2 49 46 20 25 AQUIIII!!45 22 25 1 3 3 0 49 2 AQUIIII!!
22 46 49 5 34 10 7 0 7 10 47 3 4 33 6 33 2 10 22 13 13 34 4 1 6 48 48 34 1 37 22 0 33 13 
49 3 
AQUIIII!!48 49 2 0 5 20 37 45 
17 16 19 22 10 18 47 46 48 33 34 23 
AQUIIII!!44 45 24 20 49 15 19 34 17 47 46 AQUIIII!!AQUIIII!!33 16 18 23 16 16 34 48 19 49 18 18 45 20 23 47 15 
17 47 17 46 45 48 46 33 33 48 22 24 34 49 20 44 10 
23 0 19 
AQUIIII!!18 16 49 45 47 17 46 48 33 22 34 20 10 23 0 19 
AQUIIII!!AQUIIII!!17 47 49 48 48 47 34 17 49 18 45 23 46 16 19 18 33 20 46 45 33 10 16 0 22 10 20 19 
23 34 15 24 
AQUIIII!!49 19 1 45 10 0 13 47 20 34 AQUIIII!!2 17 46 12 37 42 22 11 48 21 33 39 
14 16 32 27 15 41 8 43 9 44 
AQUIIII!!45 19 AQUIIII!!2 45 23 15 10 16 18 23 34 18 0 33 1 20 22 19 46 34 20 47 33 17 49 47 48 48 24 
44 49 46 
AQUIIII!!49 45 2 48 10 1 34 47 13 3 22 33 0 25 4 46 AQUIIII!!
49 44 16 18 20 19 15 34 33 17 45 47 48 AQUIIII!!23 16 46 42 24 21 AQUIIII!!
14 46 19 12 45 15 49 AQUIIII!!34 18 8 43 33 23 5 33 48 4 32 AQUIIII!!10 24 34 22 47 18 25 16 2 17 45 17 33 44 22 0 20 2 31 34 48 19 20 6 0 
22 3 10 
34 13 10 1 7 4 0 3 1 33 13 49 49 46 
47 AQUIIII!!
49 5 0 34 33 1 AQUIIII!!37 49 22 48 2 AQUIIII!!0 4 34 47 10 20 46 10 13 1 7 23 45 3 19 17 48 0 45 46 6 34 19 
2 47 20 18 33 23 48 18 33 22 22 1 49 10 

AQUIIII!!49 34 2 33 10 46 1 48 AQUIIII!!13 AQUIIII!!49 0 49 17 20 20 19 37 45 33 22 23 33 46 45 46 0 47 19 20 19 34 47 47 
1 22 22 48 AQUIIII!!0 49 10 1 3 2 18 AQUIIII!!1 48 34 18 0 48 37 
23 46 5 45 49 10 10 13 33 33 
7 47 22 34 4 13 34 4 10 48 5 2 2 6 AQUIIII!!3 
1 22 4 1 46 22 25 48 0 3 
5 2 13 10 34 33 0 25 47 49 
AQUIIII!!47 49 48 13 45 0 22 3 34 25 2 46 1 10 4 33 AQUIIII!!
49 20 45 18 46 17 33 24 AQUIIII!!48 1 47 4 23 47 16 10 10 3 19 6 34 13 15 25 
0 33 34 48 5 2 22 49 
AQUIIII!!33 22 13 0 48 6 34 47 10 4 2 3 5 25 1 49 
AQUIIII!!16 24 46 AQUIIII!!48 3 19 33 48 34 22 47 34 33 0 23 2 17 46 AQUIIII!!33 4 45 34 10 44 18 1 49 24 47 23 15 16 5 18 17 13 44 20 25 15 
49 43 19 
20 47 AQUIIII!!46 33 48 45 15 
17 23 21 46 18 42 34 16 32 43 45 20 44 19 
AQUIIII!!2 AQUIIII!!48 47 22 34 0 16 34 4 33 25 19 47 17 33 46 15 13 43 3 42 1 5 46 10 23 49 20 
32 18 44 45 
AQUIIII!!44 47 23 33 20 16 15 45 24 46 18 19 17 34 48 49 
AQUIIII!!16 18 49 10 19 46 47 22 0 48 17 33 45 34 20 23 
AQUIIII!!17 46 34 49 48 20 47 33 18 0 1 19 22 10 45 23 
AQUIIII!!49 19 15 20 45 AQUIIII!!33 16 23 10 20 18 16 46 15 48 24 17 45 23 34 46 47 33 24 48 
34 17 18 44 19 49 47 
AQUIIII!!49 48 45 19 20 17 34 33 16 18 44 47 24 15 23 46 
AQUIIII!!49 20 24 46 48 47 15 33 34 45 17 19 18 16 44 23 
AQUIIII!!49 2 33 23 1 10 18 48 34 0 47 20 19 22 46 45 
AQUIIII!!49 19 1 18 23 48 34 2 20 47 10 0 46 22 33 45 
AQUIIII!!49 6 10 13 8 34 5 3 4 7 0 2 22 33 1 31 
AQUIIII!!49 0 5 33 4 7 6 1 8 2 22 10 31 34 3 13 
AQUIIII!!49 48 23 24 15 AQUIIII!!34 43 18 8 47 44 33 32 10 12 20 42 16 14 46 7 19 39 17 45 9 
15 41 21 16 11 27 
AQUIIII!!16 24 45 47 23 33 15 34 19 10 48 18 17 20 46 49 
AQUIIII!!49 48 17 0 1 AQUIIII!!47 48 18 45 20 18 19 49 33 20 34 22 46 45 17 46 16 10 15 34 24 23 33 
47 23 10 19 
AQUIIII!!48 45 18 49 20 34 46 17 16 15 24 33 47 23 10 19 
AQUIIII!!18 15 48 49 23 AQUIIII!!16 20 48 45 18 19 45 46 34 19 24 47 44 24 17 47 33 33 34 
49 15 20 46 23 17 16 44 
AQUIIII!!18 46 48 19 49 20 16 33 17 AQUIIII!!47 46 23 49 34 47 10 2 45 22 0 45 22 48 
20 34 33 1 10 23 0 18 19 
AQUIIII!!46 16 47 34 23 18 10 22 17 20 AQUIIII!!0 43 48 33 44 AQUIIII!!9 19 49 45 47 15 13 49 39 3 
14 10 22 7 48 8 45 27 0 25 42 46 6 34 11 20 32 2 1 12 AQUIIII!!33 49 41 
46 21 20 
47 2 0 AQUIIII!!13 20 22 47 34 18 45 23 1 19 44 33 17 37 24 10 19 48 33 
34 48 43 15 46 16 45 
AQUIIII!!45 0 10 3 2 33 48 13 46 1 34 47 20 25 22 49 
AQUIIII!!49 24 20 15 46 34 23 44 19 45 18 33 16 17 47 48 AQUIIII!!
49 22 0 7 2 6 5 33 3 34 10 31 1 8 4 13 
AQUIIII!!49 22 33 25 1 0 13 AQUIIII!!47 44 48 45 6 42 2 15 4 46 10 19 5 17 3 16 34 32 
47 23 33 43 34 20 18 
AQUIIII!!44 45 43 23 16 20 19 46 15 34 47 17 24 33 48 18 
AQUIIII!!48 46 45 43 44 20 17 18 16 19 47 15 24 23 34 33 
AQUIIII!!49 23 34 24 46 16 48 20 45 33 44 47 15 18 19 17 
AQUIIII!!49 20 46 48 45 15 23 17 18 24 34 10 19 16 47 33 
AQUIIII!!49 13 7 22 33 0 2 48 1 3 4 5 34 10 37 6 
AQUIIII!!18 44 43 33 23 20 19 24 34 16 46 48 45 17 47 15 
AQUIIII!!49 34 17 24 16 23 47 33 15 18 10 45 48 46 19 20 
AQUIIII!!23 15 17 20 45 24 33 46 34 48 18 49 47 44 19 16 
AQUIIII!!49 34 4 33 37 0 2 1 3 22 13 5 AQUIIII!!10 49 7 22 AQUIIII!!48 37 23 6 1 15 
34 17 20 0 45 7 24 4 33 33 46 3 34 6 48 5 18 10 49 47 2 44 48 19 13 16 

AQUIIII!!34 1 46 5 2 47 10 13 0 4 33 22 3 25 48 49 
AQUIIII!!49 22 20 46 47 18 16 0 34 17 45 23 19 33 48 10 
AQUIIII!!49 33 0 10 31 22 2 8 34 1 6 4 13 5 3 7 
AQUIIII!!49 16 15 10 20 24 19 48 46 47 34 AQUIIII!!33 47 18 44 23 48 45 17 17 18 
24 16 20 23 34 43 15 19 46 33 45 
AQUIIII!!49 45 20 34 13 10 48 46 47 1 0 22 2 19 33 37 
AQUIIII!!16 44 48 45 19 15 23 47 46 33 20 17 18 43 24 34 
AQUIIII!!49 4 2 0 13 1 48 5 37 3 6 33 7 34 10 22 
AQUIIII!!21 45 44 34 23 46 32 19 18 43 16 20 42 15 17 33 
AQUIIII!!49 44 47 16 33 18 48 15 46 20 23 45 17 19 24 34 
AQUIIII!!49 20 24 46 48 47 15 33 34 45 17 19 18 16 44 23 
AQUIIII!!45 44 48 49 24 19 16 34 18 47 33 20 15 23 17 46 
AQUIIII!!44 47 48 45 33 34 46 18 17 24 20 43 16 23 15 19 
AQUIIII!!0 23 33 48 19 46 20 18 1 10 34 2 47 22 45 49 
AQUIIII!!49 2 10 4 3 6 1 22 5 48 0 13 47 25 34 33 
AQUIIII!!44 45 17 18 34 43 20 24 15 47 48 46 23 19 16 33 
AQUIIII!!44 45 20 42 21 14 15 17 43 18 33 23 16 19 32 34 
AQUIIII!!49 10 23 22 46 45 0 48 33 20 16 34 17 19 18 47 
AQUIIII!!49 34 47 46 48 10 4 13 33 0 1 45 22 2 3 25 
AQUIIII!!49 45 24 47 15 20 23 48 16 33 46 10 19 34 17 18 
AQUIIII!!49 48 34 10 15 45 16 23 46 20 47 18 17 19 24 33 
AQUIIII!!49 22 10 2 3 13 33 48 6 5 47 25 1 34 4 0 
AQUIIII!!49 48 18 2 19 10 23 46 45 20 1 AQUIIII!!49 47 45 34 17 48 0 46 33 16 22 18 
0 23 10 34 33 20 47 19 22 
AQUIIII!!49 18 33 19 46 45 34 20 44 48 47 23 17 16 24 15 
AQUIIII!!49 13 4 10 0 33 48 45 22 3 34 47 46 25 2 1 
AQUIIII!!49 25 33 45 1 47 46 3 48 13 34 0 10 4 22 2 
AQUIIII!!49 45 17 48 46 16 18 0 23 10 34 33 20 47 19 22 
AQUIIII!!47 17 49 18 23 33 24 16 19 34 15 45 48 20 10 46 
AQUIIII!!46 45 16 AQUIIII!!48 49 45 20 17 19 34 34 48 43 46 17 33 23 18 24 20 16 23 15 47 15 24 44 19 33 18 
47 44 
AQUIIII!!49 3 0 22 47 25 13 20 48 10 46 AQUIIII!!34 16 45 45 46 33 15 1 18 2 19 23 
33 24 49 10 47 34 20 48 17 
AQUIIII!!49 31 0 6 13 34 1 33 22 5 7 2 4 10 3 8 
AQUIIII!!49 46 18 22 10 48 2 33 0 19 23 45 1 47 20 34 
AQUIIII!!20 49 18 45 47 19 2 0 22 33 46 48 10 23 34 1 
AQUIIII!!49 37 33 10 13 47 1 48 34 46 0 2 19 45 20 22 
AQUIIII!!49 45 48 25 3 20 2 47 22 1 46 13 34 0 10 33 
AQUIIII!!49 17 23 33 16 20 19 47 18 46 34 24 15 44 45 48 AQUIIII!!
49 1 0 48 20 22 34 45 47 33 19 37 10 13 46 2 
AQUIIII!!49 10 3 47 46 4 1 13 2 5 48 22 34 33 25 0 
AQUIIII!!47 48 46 15 24 19 45 18 AQUIIII!!49 49 34 46 44 2 17 47 23 0 16 23 20 34 33 19 
33 20 48 1 AQUIIII!!47 18 45 46 10 48 18 22 
22 1 23 0 10 33 20 49 34 17 45 19 
AQUIIII!!48 15 46 49 47 20 17 24 18 34 44 45 19 23 16 33 
AQUIIII!!49 33 0 22 19 46 37 10 48 1 13 45 34 20 2 47 
AQUIIII!!49 34 33 10 4 22 13 6 5 2 3 0 7 37 48 1 
AQUIIII!!48 45 49 19 17 20 34 22 33 46 10 0 18 1 23 47 
AQUIIII!!15 46 45 AQUIIII!!17 16 45 48 49 23 19 19 24 2 33 33 18 20 44 46 43 47 18 20 23 34 10 
0 47 48 1 34 22 
AQUIIII!!49 46 4 48 22 0 45 10 25 33 34 47 13 2 1 3 
AQUIIII!!49 19 33 15 48 47 16 24 10 45 23 20 34 17 46 18 
AQUIIII!!46 16 10 49 18 19 47 33 24 45 15 23 17 20 48 34 
AQUIIII!!44 49 17 46 34 20 19 48 47 18 24 23 33 16 15 45 
AQUIIII!!18 46 19 48 16 15 20 49 44 45 23 33 24 34 47 17 
AQUIIII!!18 AQUIIII!!48 46 45 48 33 47 17 20 25 24 1 23 3 16 22 44 34 47 0 34 4 46 49 15 33 19 2 43 45 
10 13 
AQUIIII!!49 34 22 10 45 2 48 3 4 0 33 25 13 1 47 46 
AQUIIII!!49 33 47 22 2 1 46 0 45 13 3 48 25 34 10 4 
Number of Cuts in the second phase:6562
Number of repeat: 6254 
Violation: 570.000000
Violation: 615.000000
Violation: 53.000000
Violation: 1416.000000
Violation: 208.000000
Violation: 279.000000
Violation: 275.000000
Violation: 1392.000000
Violation: 930.000000
Violation: 402.000000
Violation: 530.000000
Violation: 1022.000000
Violation: 400.000000
Violation: 140.000000
Violation: 1397.000000
Violation: 1102.000000
Violation: 374.000000
Violation: 677.000000
Violation: 840.000000
Violation: 280.000000
Violation: 1256.000000
Violation: 856.000000
Violation: 283.000000
Violation: 615.000000
Violation: 996.000000
Violation: 777.000000
Violation: 508.000000
Violation: 705.000000
Violation: 369.000000
Violation: 515.000000
Violation: 762.000000
Violation: 424.000000
Violation: 458.000000
Violation: 1207.000000
Violation: 981.000000
Violation: 375.000000
Violation: 511.000000
Violation: 777.000000
Violation: 555.000000
Violation: 178.000000
Violation: 166.000000
Violation: 777.000000
Violation: 861.000000
Violation: 140.000000
Violation: 420.000000
Violation: 550.000000
Violation: 796.000000
Violation: 704.000000
Violation: 443.000000
Violation: 515.000000
Violation: 699.000000
Violation: 457.000000
Violation: 772.000000
Violation: 367.000000
Violation: 101.000000
Violation: 1220.000000
Violation: 418.000000
Violation: 655.000000
Violation: 708.000000
Violation: 777.000000
Violation: 650.000000
Violation: 341.000000
Violation: 471.000000
Violation: 285.000000
Violation: 370.000000
Violation: 280.000000
Violation: 832.000000
Violation: 940.000000
Violation: 246.000000
Violation: 650.000000
Violation: 280.000000
Violation: 246.000000
Violation: 386.000000
Violation: 1112.000000
Violation: 80.000000
Violation: 828.000000
Violation: 315.000000
Violation: 321.000000
Violation: 47.000000
Violation: 741.000000
Violation: 955.000000
Violation: 935.000000
Violation: 655.000000
Violation: 140.000000
Violation: 335.000000
Violation: 771.000000
Violation: 492.000000
Violation: 375.000000
Violation: 511.000000
Violation: 736.000000
Violation: 135.000000
Violation: 497.000000
Violation: 708.000000
Violation: 1096.000000
Violation: 209.000000
Violation: 1089.000000
Violation: 1197.000000
Violation: 67.000000
Violation: 745.000000
Violation: 175.000000
Violation: 1025.000000
Violation: 425.000000
Violation: 424.000000
Violation: 525.000000
Violation: 848.000000
Violation: 211.000000
Violation: 848.000000
Violation: 125.000000
Violation: 419.000000
Violation: 765.000000
Violation: 491.000000
Violation: 498.000000
Violation: 441.000000
Violation: 608.000000
Violation: 862.000000
Violation: 458.000000
Violation: 777.000000
Violation: 625.000000
Violation: 53.000000
Violation: 352.000000
Violation: 935.000000
Violation: 497.000000
Violation: 140.000000
Violation: 508.000000
Violation: 1231.000000
Violation: 1011.000000
Violation: 1112.000000
Violation: 615.000000
Violation: 424.000000
Violation: 737.000000
Violation: 525.000000
Violation: 133.000000
Violation: 655.000000
Violation: 703.000000
Violation: 370.000000
Violation: 419.000000
Violation: 777.000000
Violation: 777.000000
Violation: 1397.000000
Violation: 777.000000
Violation: 15.000000
Violation: 731.000000
Violation: 751.000000
Violation: 721.000000
Violation: 515.000000
Violation: 280.000000
Violation: 427.000000
Violation: 1052.000000
Violation: 655.000000
Violation: 80.000000
Violation: 680.000000
Violation: 135.000000
Violation: 457.000000
Violation: 900.000000
Violation: 1232.000000
Violation: 495.000000
Violation: 458.000000
Violation: 922.000000
Violation: 795.000000
Violation: 1025.000000
Violation: 795.000000
Violation: 935.000000
Violation: 862.000000
Violation: 515.000000
Violation: 79.000000
Violation: 178.000000
Violation: 1062.000000
Violation: 935.000000
Violation: 526.000000
Violation: 1117.000000
Violation: 385.000000
Violation: 280.000000
Violation: 420.000000
Violation: 731.000000
Violation: 1040.000000
Violation: 278.000000
Violation: 390.000000
Violation: 441.000000
Violation: 1731.000000
Violation: 346.000000
Violation: 587.000000
Violation: 1300.000000
Violation: 370.000000
Violation: 515.000000
Violation: 240.000000
Violation: 515.000000
Violation: 922.000000
Violation: 1085.000000
Violation: 922.000000
Violation: 370.000000
Violation: 1202.000000
Violation: 767.000000
Violation: 741.000000
Violation: 625.000000
Violation: 265.000000
Violation: 956.000000
Violation: 1.000000
Violation: 1096.000000
Violation: 458.000000
Violation: 419.000000
Violation: 206.000000
Violation: 606.000000
Violation: 142.000000
Violation: 505.000000
Violation: 917.000000
Violation: 1577.000000
Violation: 637.000000
Violation: 1202.000000
Violation: 1120.000000
Violation: 1352.000000
Violation: 230.000000
Violation: 784.000000
Violation: 1305.000000
Violation: 195.000000
Violation: 28.000000
Violation: 584.000000
Violation: 424.000000
Violation: 953.000000
Violation: 1207.000000
Violation: 655.000000
Violation: 616.000000
Violation: 68.000000
Violation: 867.000000
Violation: 745.000000
Violation: 138.000000
Violation: 34.000000
Violation: 1596.000000
Violation: 777.000000
Violation: 151.000000
Violation: 265.000000
Violation: 794.000000
Violation: 230.000000
Violation: 676.000000
Violation: 280.000000
Violation: 771.000000
Violation: 1007.000000
Violation: 777.000000
Violation: 405.000000
Violation: 375.000000
Violation: 791.000000
Violation: 793.000000
Violation: 922.000000
Violation: 727.000000
Violation: 85.000000
Violation: 424.000000
Violation: 676.000000
Violation: 560.000000
Violation: 655.000000
Violation: 831.000000
Violation: 319.000000
Violation: 376.000000
Violation: 1301.000000
Violation: 250.000000
Violation: 278.000000
Violation: 106.000000
Violation: 765.000000
Violation: 526.000000
Violation: 848.000000
Violation: 777.000000
Violation: 1965.000000
Violation: 15.000000
Violation: 250.000000
Violation: 370.000000
Violation: 856.000000
Violation: 862.000000
Violation: 1207.000000
Violation: 777.000000
Violation: 655.000000
Violation: 459.000000
Violation: 1397.000000
Violation: 1281.000000
Violation: 911.000000
Violation: 805.000000
Violation: 496.000000
Violation: 650.000000
Violation: 280.000000
Violation: 1146.000000
Violation: 138.000000
Violation: 560.000000
Violation: 1112.000000
Violation: 636.000000
Violation: 1092.000000
Violation: 246.000000
Violation: 777.000000
Violation: 495.000000
Violation: 493.000000
Violation: 1416.000000
Violation: 246.000000
Violation: 125.000000
Violation: 624.000000
Violation: 548.000000
Violation: 336.000000
Violation: 833.000000
Violation: 515.000000
Violation: 867.000000
Violation: 492.000000
Violation: 375.000000
Violation: 777.000000
Violation: 1120.000000
Violation: 1541.000000
Violation: 261.000000
Violation: 650.000000
Violation: 275.000000
Violation: 240.000000
Violation: 86.000000
Violation: 178.000000
Violation: 658.000000
Violation: 642.000000
816 16
AQUIIII!!15 20 24 34 10 45 47 17 33 23 18 46 48 49 19 16 
AQUIIII!!3 45 34 48 4 33 46 10 0 AQUIIII!!1 48 25 47 22 19 2 AQUIIII!!44 47 37 20 13 47 17 49 2 45 
46 18 48 34 10 16 13 46 45 23 19 33 20 15 34 24 1 49 0 
33 22 49 
AQUIIII!!18 46 34 23 10 24 45 19 48 47 15 17 33 20 16 49 
AQUIIII!!5 1 2 34 46 33 10 0 3 22 25 4 48 47 13 49 
AQUIIII!!18 33 1 10 23 20 0 45 2 22 49 47 46 34 19 48 
AQUIIII!!19 23 14 16 42 15 18 33 17 21 20 34 43 32 44 45 
AQUIIII!!33 16 19 18 20 34 23 17 45 24 44 48 47 43 15 46 
AQUIIII!!47 17 18 19 46 33 34 42 16 43 32 23 15 20 45 44 
AQUIIII!!0 6 7 22 3 4 13 48 37 2 34 1 10 33 5 49 
AQUIIII!!49 46 1 10 3 33 4 22 0 34 45 48 2 47 13 25 
AQUIIII!!48 49 46 45 16 33 10 18 23 17 47 34 22 20 0 19 
AQUIIII!!45 49 18 15 16 20 48 46 47 19 34 24 17 33 10 23 
AQUIIII!!45 20 18 23 19 16 17 47 15 34 24 33 10 49 48 46 
AQUIIII!!20 47 46 49 23 15 19 18 34 33 24 17 48 16 44 45 
AQUIIII!!20 47 46 49 23 15 19 18 34 33 24 17 48 16 44 45 
AQUIIII!!10 33 20 0 AQUIIII!!48 5 13 23 22 34 3 47 4 1 2 46 10 45 6 17 31 18 8 19 1 22 33 49 0 
34 7 49 
AQUIIII!!13 37 45 0 48 1 47 20 2 10 22 34 46 33 19 49 
AQUIIII!!49 47 22 10 20 17 23 19 46 45 33 1 18 34 48 0 
AQUIIII!!15 47 48 49 44 46 45 17 16 34 33 24 18 20 23 19 
AQUIIII!!49 37 19 46 34 48 13 2 45 0 10 33 47 22 20 1 
AQUIIII!!15 47 48 49 44 46 45 17 16 34 33 24 18 20 23 19 
AQUIIII!!49 0 1 48 33 46 47 19 45 20 10 34 37 22 2 13 
AQUIIII!!45 20 49 22 1 0 34 10 19 48 37 33 47 2 46 13 
AQUIIII!!47 18 17 48 20 34 49 33 24 46 19 23 44 16 15 45 
Number of Cuts in the second phase:605
Number of repeat: 580 
Violation: 30.000000
Violation: 405.000000
Violation: 140.000000
Violation: 750.000000
Violation: 250.000000
Violation: 480.000000
Violation: 33.000000
Violation: 828.000000
Violation: 1220.000000
Violation: 1757.000000
Violation: 638.000000
Violation: 185.000000
Violation: 940.000000
Violation: 811.000000
Violation: 420.000000
Violation: 166.000000
Violation: 458.000000
Violation: 318.000000
Violation: 375.000000
Violation: 142.000000
Violation: 1767.000000
Violation: 140.000000
Violation: 246.000000
Violation: 318.000000
Violation: 965.000000
took 5.018328
Optimize a model with 1241 rows, 906 columns and 14604 nonzeros
Coefficient statistics:
  Matrix range     [1e+00, 5e+01]
  Objective range  [0e+00, 0e+00]
  Bounds range     [1e+00, 4e+01]
  RHS range        [1e+00, 1e+02]
Presolve removed 408 rows and 107 columns
Presolve time: 0.00s
Presolved: 833 rows, 799 columns, 12106 nonzeros

Iteration    Objective       Primal Inf.    Dual Inf.      Time
       0    0.0000000e+00   4.620005e+01   0.000000e+00      0s
     107    0.0000000e+00   0.000000e+00   0.000000e+00      0s

Solved in 107 iterations and 0.01 seconds
Optimal objective  0.000000000e+00
