j1201_1.sm_s1.txt
Academic license - for non-commercial use only
Read LP format model from file lp/j1201_1.sm.lp
Reading time = 0.02 seconds
: 1196 rows, 5432 columns, 62759 nonzeros
OKGPU
nThreads: 1024 , nBlocks: 12 
Number cuts generated in the phase 1: 33
Number of repeat: 7 
violation 334.000000
violation 145.000000
violation 234.000000
violation 288.000000
violation 207.000000
violation 63.000000
violation 293.000000
violation 390.000000
violation 467.000000
violation 142.000000
violation 168.000000
violation 458.000000
violation 370.000000
violation 757.000000
violation 859.000000
violation 859.000000
violation 857.000000
violation 637.000000
violation 637.000000
violation 557.000000
violation 164.000000
violation 21.000000
violation 523.000000
violation 445.000000
violation 495.000000
violation 37.000000
8592 16
AQUIIII!!111 24 66 32 25 86 26 85 108 36 68 27 110 75 90 112 
AQUIIII!!113 114 115 40 39 81 41 31 88 34 85 80 33 58 49 38 
AQUIIII!!49 113 114 115 38 39 58 35 57 40 34 41 80 42 88 81 
AQUIIII!!115 80 113 114 81 33 35 49 58 88 85 40 34 41 38 39 
AQUIIII!!113 114 35 49 34 115 33 38 39 58 80 85 88 81 40 41 
AQUIIII!!24 32 111 110 112 108 25 36 66 86 26 68 27 75 90 85 
AQUIIII!!26 AQUIIII!!32 117 85 27 47 36 27 86 90 66 75 86 25 32 110 108 36 68 81 66 112 76 116 26 111 108 
112 110 85 116 111 
AQUIIII!!108 110 36 86 90 75 25 85 32 66 111 68 116 112 26 27 
AQUIIII!!117 47 27 66 AQUIIII!!66 86 26 32 25 36 111 86 81 36 76 110 108 26 75 108 AQUIIII!!85 112 86 27 75 68 66 90 110 32 32 85 90 24 26 112 116 36 
111 111 27 25 
108 85 68 112 110 24 
AQUIIII!!85 88 AQUIIII!!80 118 39 66 34 119 41 117 58 38 81 58 108 40 0 49 33 85 86 115 36 81 112 114 49 113 116 31 111 
110 AQUIIII!!
119 58 AQUIIII!!118 49 81 28 88 108 33 86 40 49 41 36 39 38 0 58 85 30 117 85 80 112 81 66 31 111 113 29 110 
116 
AQUIIII!!108 76 47 36 112 110 66 81 32 85 27 86 117 111 26 116 
AQUIIII!!108 110 36 86 AQUIIII!!90 118 75 49 29 25 28 85 0 32 66 85 81 111 88 68 119 116 31 112 117 26 66 27 58 
116 30 112 
AQUIIII!!112 111 25 90 86 85 26 75 66 68 32 36 116 110 108 27 
AQUIIII!!47 76 118 27 32 66 116 36 81 108 86 117 85 112 110 111 AQUIIII!!
24 85 32 90 68 27 26 75 21 108 66 86 25 36 23 110 
AQUIIII!!35 80 34 49 42 88 5 58 57 1 81 43 6 114 115 113 
AQUIIII!!112 30 116 58 117 0 119 81 AQUIIII!!66 112 118 28 110 85 25 88 27 49 108 31 32 29 
26 111 75 85 36 66 68 116 90 86 
AQUIIII!!26 112 110 86 108 116 66 25 32 75 36 85 111 90 68 27 
AQUIIII!!110 112 AQUIIII!!27 115 116 114 111 31 66 88 36 76 33 108 38 32 85 117 30 85 39 86 40 81 80 47 41 118 
49 58 81 113 
AQUIIII!!111 27 110 116 108 118 36 117 86 47 66 32 85 81 76 112 
AQUIIII!!66 36 75 108 86 32 90 68 27 25 112 110 116 111 26 85 
AQUIIII!!118 85 66 47 117 81 86 36 119 32 116 108 110 111 76 112 
AQUIIII!!32 75 36 111 90 85 27 108 66 116 86 110 26 68 25 112 
AQUIIII!!32 85 117 81 116 66 110 111 27 47 86 36 108 76 26 112 
AQUIIII!!30 0 88 49 AQUIIII!!28 35 5 66 43 116 29 49 58 34 118 41 85 42 119 88 81 1 117 80 112 81 111 57 
115 114 113 58 
AQUIIII!!112 111 117 118 AQUIIII!!0 66 58 116 88 28 81 29 85 66 27 81 49 76 116 86 119 26 30 36 85 108 
117 110 AQUIIII!!47 68 32 85 112 111 111 32 
36 108 66 90 110 86 27 24 75 112 25 26 
AQUIIII!!68 85 111 32 36 108 66 90 110 86 27 24 75 112 25 26 AQUIIII!!
88 80 35 43 49 34 58 41 42 81 57 1 40 114 113 115 
AQUIIII!!23 110 AQUIIII!!32 88 66 80 108 35 75 43 85 49 27 34 68 58 36 41 86 42 24 81 25 57 26 1 21 40 90 114 
113 115 
AQUIIII!!86 66 27 32 85 47 117 36 26 81 108 116 112 111 76 110 
AQUIIII!!26 32 27 108 68 112 90 66 25 36 110 85 75 86 24 111 
AQUIIII!!86 66 27 32 85 47 117 36 26 81 108 116 112 111 76 110 
AQUIIII!!86 26 116 66 117 108 36 76 81 32 112 47 110 85 111 27 
AQUIIII!!0 66 81 88 117 119 30 112 118 29 58 49 116 85 111 28 
AQUIIII!!113 28 29 88 33 38 30 40 80 31 85 58 81 39 49 41 
AQUIIII!!27 90 111 108 110 86 75 68 66 36 85 24 25 32 26 112 
AQUIIII!!66 75 116 36 86 32 27 108 25 85 110 68 90 26 112 111 
AQUIIII!!66 75 116 36 86 32 27 108 25 85 110 68 90 26 112 111 
AQUIIII!!66 36 116 26 75 25 68 32 85 90 111 86 108 110 112 27 
AQUIIII!!47 32 66 112 118 108 116 81 110 36 117 86 85 76 111 AQUIIII!!27 66 
75 116 36 86 32 27 108 25 85 110 68 90 26 112 111 
AQUIIII!!112 111 26 36 110 66 32 24 108 90 68 75 27 86 25 85 
AQUIIII!!25 108 27 110 112 86 116 111 85 26 36 90 68 32 75 66 
AQUIIII!!76 36 117 85 27 110 26 32 47 108 116 81 66 86 112 111 
AQUIIII!!116 112 29 58 86 119 118 81 0 66 111 117 28 110 49 85 
AQUIIII!!85 117 108 76 118 27 66 47 36 86 112 81 110 116 32 111 AQUIIII!!
112 111 27 117 108 AQUIIII!!118 88 47 40 36 85 32 58 85 41 116 30 76 113 86 33 81 38 66 80 110 49 
81 39 31 115 114 
AQUIIII!!26 24 85 36 86 75 68 25 27 90 66 111 108 110 112 32 
AQUIIII!!29 30 28 112 111 49 117 66 0 118 81 58 116 85 119 88 
AQUIIII!!27 116 111 112 108 68 85 25 90 32 66 75 36 26 86 110 
AQUIIII!!117 36 47 86 110 85 26 108 81 66 27 76 116 32 111 112 
AQUIIII!!86 24 75 36 112 32 66 110 108 85 90 27 111 25 26 68 
AQUIIII!!117 36 47 86 110 85 26 108 81 AQUIIII!!66 111 27 76 27 116 25 32 112 111 86 112 116 
36 66 110 68 85 75 26 90 108 32 
AQUIIII!!111 27 116 110 66 85 76 117 86 47 26 108 36 112 32 81 
AQUIIII!!110 23 25 26 111 108 68 24 90 36 75 66 86 85 32 27 
AQUIIII!!0 85 116 58 81 119 110 66 117 36 108 118 86 111 112 49 
AQUIIII!!26 112 25 66 32 90 36 75 27 68 24 111 110 85 108 86 
AQUIIII!!66 108 86 32 47 110 76 117 112 81 85 36 116 27 111 26 
AQUIIII!!66 108 86 32 47 110 76 117 112 81 85 36 116 27 111 26 
AQUIIII!!26 112 66 32 110 75 116 27 108 90 111 36 25 68 85 86 
AQUIIII!!112 111 116 58 57 36 117 50 110 108 0 44 119 118 45 49 
AQUIIII!!26 112 27 68 85 110 75 25 36 32 111 90 66 86 108 24 
AQUIIII!!27 47 118 117 36 81 85 108 76 32 86 116 66 112 110 111 
AQUIIII!!112 110 111 108 76 118 86 85 81 27 66 116 32 36 117 47 
AQUIIII!!110 112 27 116 111 66 36 76 108 32 117 85 86 81 47 118 
AQUIIII!!118 112 49 0 86 58 119 117 85 110 28 116 66 81 29 111 
AQUIIII!!111 116 110 32 90 68 108 112 75 25 26 85 36 86 27 66 
AQUIIII!!108 26 85 111 90 68 66 86 36 75 110 112 32 27 25 116 
AQUIIII!!111 116 110 32 90 68 108 112 75 25 26 85 36 86 27 66 
AQUIIII!!58 28 49 119 85 88 81 117 118 0 66 29 33 30 31 116 
AQUIIII!!88 81 49 117 66 85 29 0 118 31 30 58 119 116 28 112 
AQUIIII!!111 108 66 112 116 58 117 0 49 119 36 85 81 118 86 110 
AQUIIII!!75 108 25 32 36 66 85 111 90 110 86 26 27 116 112 68 
AQUIIII!!35 42 58 43 49 34 57 88 80 40 39 81 41 113 115 114 
AQUIIII!!26 90 68 27 110 111 66 75 36 32 108 85 25 86 24 112 
AQUIIII!!33 40 34 88 80 49 39 81 41 115 38 85 58 113 114 31 
AQUIIII!!111 26 85 36 66 68 86 25 110 24 32 27 75 108 23 90 
AQUIIII!!108 26 112 111 85 76 117 32 47 86 116 110 81 27 36 66 
AQUIIII!!25 112 90 111 68 85 75 110 32 36 86 26 27 116 108 66 
AQUIIII!!111 112 110 25 32 36 90 66 AQUIIII!!81 27 47 76 26 36 66 68 32 85 117 27 116 118 108 108 85 116 75 111 86 110 86 
112 
AQUIIII!!90 116 68 112 26 111 86 75 66 25 110 27 108 85 36 32 
AQUIIII!!110 112 111 85 76 116 47 27 81 32 26 117 108 66 36 86 
AQUIIII!!66 86 0 111 85 29 118 116 58 81 119 49 117 110 112 28 
AQUIIII!!76 111 112 116 110 27 81 32 108 117 47 85 36 66 26 86 
AQUIIII!!115 35 34 113 88 114 80 39 58 85 49 41 81 38 40 33 
AQUIIII!!76 111 112 116 110 27 81 32 108 117 47 85 36 66 26 86 
AQUIIII!!112 111 66 116 0 117 29 58 118 119 28 49 85 86 110 81 
AQUIIII!!112 111 76 32 86 36 117 27 66 110 116 26 81 47 108 85 
AQUIIII!!111 112 58 66 108 118 28 117 49 119 0 81 110 AQUIIII!!85 49 AQUIIII!!116 113 26 86 115 111 
114 86 38 36 80 112 41 25 39 85 88 32 42 27 81 68 34 66 40 108 57 90 58 110 35 24 
75 
AQUIIII!!26 112 110 86 108 AQUIIII!!116 112 66 111 25 27 32 117 75 108 36 118 85 47 111 36 32 90 68 85 116 27 76 
86 AQUIIII!!81 112 66 111 110 26 36 
110 66 32 24 108 90 68 75 27 86 25 85 
AQUIIII!!86 110 47 36 85 116 118 66 117 27 76 32 108 112 111 81 
AQUIIII!!113 28 29 88 33 38 30 40 80 31 85 58 81 39 49 41 
AQUIIII!!49 111 112 108 36 86 81 119 58 66 110 116 0 118 117 85 
AQUIIII!!27 112 36 32 85 108 86 111 25 68 26 75 90 110 116 66 
AQUIIII!!119 112 111 0 118 58 116 117 110 29 86 28 85 66 81 49 
AQUIIII!!112 111 108 36 116 58 110 119 0 66 117 49 85 86 118 81 
AQUIIII!!112 68 111 66 75 108 86 36 85 90 26 110 27 24 32 25 
AQUIIII!!25 111 36 75 32 86 24 112 66 68 108 85 27 90 110 26 
AQUIIII!!24 108 111 112 90 75 27 68 32 86 110 25 26 66 36 85 
AQUIIII!!26 112 25 66 32 90 36 75 27 68 24 111 110 85 108 86 
AQUIIII!!28 116 111 29 112 66 117 81 49 58 118 30 119 0 85 88 
AQUIIII!!112 111 26 36 110 66 32 24 108 90 68 75 27 86 25 85 
AQUIIII!!111 27 116 110 66 85 76 117 86 47 26 108 36 112 32 81 
AQUIIII!!32 112 116 110 36 66 118 85 108 27 117 81 111 86 47 76 
AQUIIII!!112 111 66 116 0 117 29 58 118 119 28 49 85 86 110 81 
AQUIIII!!29 30 28 112 111 49 117 66 0 118 81 58 116 85 119 88 
AQUIIII!!112 111 27 117 108 118 47 36 32 85 116 76 86 81 66 110 
AQUIIII!!112 111 27 117 108 118 47 36 32 85 116 76 86 81 66 110 
AQUIIII!!112 116 30 119 0 49 88 85 58 111 28 66 29 117 118 81 
AQUIIII!!28 113 85 80 33 38 30 58 40 49 29 31 88 41 39 81 
AQUIIII!!32 110 27 108 66 76 81 85 47 36 117 116 86 112 118 111 
AQUIIII!!111 26 86 108 66 110 36 85 32 27 25 90 112 68 116 75 
AQUIIII!!57 115 114 113 49 35 38 40 39 80 42 34 88 58 41 81 
AQUIIII!!26 112 66 32 110 75 116 27 108 90 111 36 25 68 85 86 
AQUIIII!!112 111 116 58 57 36 117 50 110 108 0 44 119 118 45 49 
AQUIIII!!112 111 116 58 57 36 117 50 110 108 0 44 119 118 45 49 
Number of Cuts in the second phase:6135
Number of repeat: 5568 
Violation: 714.000000
Violation: 329.000000
Violation: 646.000000
Violation: 389.000000
Violation: 370.000000
Violation: 718.000000
Violation: 177.000000
Violation: 187.000000
Violation: 279.000000
Violation: 408.000000
Violation: 358.000000
Violation: 657.000000
Violation: 658.000000
Violation: 876.000000
Violation: 176.000000
Violation: 329.000000
Violation: 358.000000
Violation: 295.000000
Violation: 123.000000
Violation: 485.000000
Violation: 390.000000
Violation: 258.000000
Violation: 239.000000
Violation: 780.000000
Violation: 43.000000
Violation: 26.000000
Violation: 611.000000
Violation: 72.000000
Violation: 245.000000
Violation: 517.000000
Violation: 72.000000
Violation: 187.000000
Violation: 26.000000
Violation: 650.000000
Violation: 378.000000
Violation: 316.000000
Violation: 417.000000
Violation: 632.000000
Violation: 45.000000
Violation: 367.000000
Violation: 328.000000
Violation: 88.000000
Violation: 813.000000
Violation: 656.000000
Violation: 279.000000
Violation: 743.000000
Violation: 637.000000
Violation: 318.000000
Violation: 328.000000
Violation: 637.000000
Violation: 249.000000
Violation: 432.000000
Violation: 325.000000
Violation: 643.000000
Violation: 637.000000
Violation: 328.000000
Violation: 514.000000
Violation: 482.000000
Violation: 145.000000
Violation: 435.000000
Violation: 51.000000
Violation: 84.000000
Violation: 515.000000
Violation: 819.000000
Violation: 238.000000
Violation: 692.000000
Violation: 645.000000
Violation: 459.000000
Violation: 600.000000
Violation: 40.000000
Violation: 356.000000
Violation: 129.000000
Violation: 893.000000
Violation: 226.000000
Violation: 387.000000
Violation: 811.000000
Violation: 1488.000000
Violation: 34.000000
Violation: 771.000000
Violation: 632.000000
Violation: 505.000000
Violation: 337.000000
Violation: 299.000000
Violation: 466.000000
Violation: 103.000000
Violation: 381.000000
Violation: 1170.000000
Violation: 518.000000
Violation: 577.000000
Violation: 475.000000
Violation: 343.000000
Violation: 116.000000
Violation: 188.000000
Violation: 629.000000
Violation: 356.000000
Violation: 708.000000
Violation: 110.000000
Violation: 269.000000
Violation: 716.000000
Violation: 755.000000
Violation: 395.000000
Violation: 154.000000
Violation: 71.000000
Violation: 83.000000
Violation: 207.000000
Violation: 258.000000
Violation: 747.000000
Violation: 582.000000
Violation: 135.000000
Violation: 597.000000
Violation: 519.000000
Violation: 575.000000
Violation: 517.000000
Violation: 299.000000
Violation: 424.000000
Violation: 87.000000
Violation: 747.000000
Violation: 559.000000
Violation: 525.000000
Violation: 1108.000000
Violation: 1264.000000
Violation: 796.000000
Violation: 656.000000
Violation: 583.000000
Violation: 94.000000
Violation: 51.000000
Violation: 392.000000
Violation: 1359.000000
Violation: 434.000000
Violation: 26.000000
Violation: 574.000000
Violation: 718.000000
Violation: 964.000000
Violation: 100.000000
Violation: 221.000000
Violation: 143.000000
Violation: 481.000000
Violation: 595.000000
Violation: 1100.000000
Violation: 816.000000
Violation: 1017.000000
Violation: 275.000000
Violation: 866.000000
Violation: 702.000000
Violation: 344.000000
Violation: 353.000000
Violation: 213.000000
Violation: 1283.000000
Violation: 405.000000
Violation: 332.000000
Violation: 461.000000
Violation: 951.000000
Violation: 51.000000
Violation: 190.000000
Violation: 833.000000
Violation: 256.000000
Violation: 15.000000
Violation: 1211.000000
Violation: 841.000000
Violation: 798.000000
Violation: 471.000000
Violation: 287.000000
Violation: 270.000000
Violation: 571.000000
Violation: 526.000000
Violation: 761.000000
Violation: 217.000000
Violation: 277.000000
Violation: 17.000000
Violation: 1355.000000
Violation: 611.000000
Violation: 432.000000
Violation: 122.000000
Violation: 879.000000
Violation: 1086.000000
Violation: 336.000000
Violation: 355.000000
Violation: 353.000000
Violation: 313.000000
Violation: 32.000000
Violation: 287.000000
Violation: 170.000000
Violation: 1026.000000
Violation: 426.000000
Violation: 895.000000
Violation: 387.000000
Violation: 44.000000
Violation: 1061.000000
Violation: 557.000000
Violation: 689.000000
Violation: 258.000000
Violation: 8.000000
Violation: 905.000000
Violation: 525.000000
Violation: 124.000000
Violation: 714.000000
Violation: 692.000000
Violation: 397.000000
Violation: 368.000000
Violation: 742.000000
Violation: 143.000000
Violation: 703.000000
Violation: 409.000000
Violation: 192.000000
Violation: 914.000000
Violation: 227.000000
Violation: 227.000000
Violation: 467.000000
Violation: 367.000000
Violation: 561.000000
Violation: 442.000000
Violation: 203.000000
Violation: 875.000000
Violation: 648.000000
Violation: 1267.000000
Violation: 252.000000
Violation: 240.000000
Violation: 566.000000
Violation: 1233.000000
Violation: 1436.000000
Violation: 45.000000
Violation: 1190.000000
Violation: 182.000000
Violation: 1187.000000
Violation: 656.000000
Violation: 1088.000000
Violation: 617.000000
Violation: 1238.000000
Violation: 1515.000000
Violation: 416.000000
Violation: 756.000000
Violation: 572.000000
Violation: 471.000000
Violation: 114.000000
Violation: 1174.000000
Violation: 162.000000
Violation: 718.000000
Violation: 502.000000
Violation: 672.000000
Violation: 843.000000
Violation: 1115.000000
Violation: 702.000000
Violation: 193.000000
Violation: 164.000000
Violation: 101.000000
Violation: 85.000000
Violation: 160.000000
Violation: 77.000000
Violation: 256.000000
Violation: 894.000000
Violation: 519.000000
Violation: 1144.000000
Violation: 499.000000
Violation: 4.000000
Violation: 759.000000
Violation: 237.000000
Violation: 841.000000
Violation: 122.000000
Violation: 246.000000
Violation: 324.000000
Violation: 39.000000
Violation: 262.000000
Violation: 544.000000
Violation: 965.000000
Violation: 501.000000
Violation: 375.000000
Violation: 459.000000
Violation: 722.000000
Violation: 263.000000
Violation: 577.000000
Violation: 972.000000
Violation: 353.000000
Violation: 409.000000
Violation: 258.000000
Violation: 657.000000
Violation: 702.000000
Violation: 814.000000
Violation: 187.000000
Violation: 600.000000
Violation: 189.000000
Violation: 955.000000
Violation: 432.000000
Violation: 632.000000
Violation: 202.000000
Violation: 432.000000
Violation: 46.000000
Violation: 464.000000
Violation: 469.000000
Violation: 421.000000
Violation: 722.000000
Violation: 871.000000
Violation: 1215.000000
Violation: 393.000000
Violation: 258.000000
Violation: 558.000000
Violation: 152.000000
Violation: 704.000000
Violation: 309.000000
Violation: 632.000000
Violation: 825.000000
Violation: 755.000000
Violation: 8.000000
Violation: 674.000000
Violation: 161.000000
Violation: 762.000000
Violation: 494.000000
Violation: 888.000000
Violation: 389.000000
Violation: 241.000000
Violation: 628.000000
Violation: 430.000000
Violation: 1266.000000
Violation: 246.000000
Violation: 627.000000
Violation: 826.000000
Violation: 742.000000
Violation: 456.000000
Violation: 361.000000
Violation: 1132.000000
Violation: 26.000000
Violation: 861.000000
Violation: 274.000000
Violation: 16.000000
Violation: 380.000000
Violation: 857.000000
Violation: 1810.000000
Violation: 632.000000
Violation: 383.000000
Violation: 572.000000
Violation: 177.000000
Violation: 380.000000
Violation: 284.000000
Violation: 509.000000
Violation: 324.000000
Violation: 743.000000
Violation: 807.000000
Violation: 965.000000
Violation: 81.000000
Violation: 597.000000
Violation: 17.000000
Violation: 669.000000
Violation: 345.000000
Violation: 789.000000
Violation: 370.000000
Violation: 350.000000
Violation: 500.000000
Violation: 706.000000
Violation: 165.000000
Violation: 982.000000
Violation: 602.000000
Violation: 373.000000
Violation: 738.000000
Violation: 1344.000000
Violation: 21.000000
Violation: 57.000000
Violation: 253.000000
Violation: 83.000000
Violation: 86.000000
Violation: 209.000000
Violation: 372.000000
Violation: 475.000000
Violation: 227.000000
Violation: 193.000000
Violation: 459.000000
Violation: 486.000000
Violation: 75.000000
Violation: 762.000000
Violation: 341.000000
Violation: 69.000000
Violation: 531.000000
Violation: 801.000000
Violation: 208.000000
Violation: 1556.000000
Violation: 1090.000000
Violation: 178.000000
Violation: 490.000000
Violation: 141.000000
Violation: 972.000000
Violation: 618.000000
Violation: 639.000000
Violation: 907.000000
Violation: 1507.000000
Violation: 158.000000
Violation: 1026.000000
Violation: 822.000000
Violation: 707.000000
Violation: 374.000000
Violation: 436.000000
Violation: 71.000000
Violation: 983.000000
Violation: 1011.000000
Violation: 260.000000
Violation: 191.000000
Violation: 203.000000
Violation: 388.000000
Violation: 1515.000000
Violation: 323.000000
Violation: 123.000000
Violation: 864.000000
Violation: 894.000000
Violation: 148.000000
Violation: 967.000000
Violation: 299.000000
Violation: 342.000000
Violation: 247.000000
Violation: 270.000000
Violation: 357.000000
Violation: 194.000000
Violation: 468.000000
Violation: 509.000000
Violation: 475.000000
Violation: 948.000000
Violation: 199.000000
Violation: 764.000000
Violation: 94.000000
Violation: 484.000000
Violation: 630.000000
Violation: 584.000000
Violation: 136.000000
Violation: 109.000000
Violation: 1151.000000
Violation: 418.000000
Violation: 382.000000
Violation: 271.000000
Violation: 738.000000
Violation: 50.000000
Violation: 1269.000000
Violation: 470.000000
Violation: 879.000000
Violation: 1826.000000
Violation: 374.000000
Violation: 1124.000000
Violation: 426.000000
Violation: 1295.000000
Violation: 1576.000000
Violation: 651.000000
Violation: 81.000000
Violation: 176.000000
Violation: 44.000000
Violation: 107.000000
Violation: 20.000000
Violation: 646.000000
Violation: 481.000000
Violation: 321.000000
Violation: 469.000000
Violation: 824.000000
Violation: 24.000000
Violation: 316.000000
Violation: 546.000000
Violation: 939.000000
Violation: 454.000000
Violation: 131.000000
Violation: 307.000000
Violation: 742.000000
Violation: 55.000000
Violation: 890.000000
Violation: 577.000000
Violation: 430.000000
Violation: 475.000000
Violation: 1108.000000
Violation: 1143.000000
Violation: 985.000000
Violation: 478.000000
Violation: 1244.000000
Violation: 320.000000
Violation: 315.000000
Violation: 22.000000
Violation: 1507.000000
Violation: 350.000000
Violation: 824.000000
Violation: 68.000000
Violation: 1080.000000
Violation: 278.000000
Violation: 1046.000000
Violation: 95.000000
Violation: 664.000000
Violation: 776.000000
Violation: 145.000000
Violation: 946.000000
Violation: 797.000000
Violation: 1285.000000
Violation: 138.000000
Violation: 802.000000
Violation: 1083.000000
Violation: 234.000000
Violation: 478.000000
Violation: 147.000000
Violation: 1435.000000
Violation: 630.000000
Violation: 849.000000
Violation: 21.000000
Violation: 991.000000
Violation: 449.000000
Violation: 72.000000
Violation: 123.000000
Violation: 646.000000
Violation: 956.000000
Violation: 184.000000
Violation: 507.000000
Violation: 581.000000
Violation: 656.000000
Violation: 501.000000
Violation: 768.000000
Violation: 246.000000
Violation: 248.000000
Violation: 384.000000
Violation: 426.000000
Violation: 1073.000000
Violation: 100.000000
Violation: 667.000000
Violation: 134.000000
Violation: 1098.000000
Violation: 747.000000
Violation: 743.000000
Violation: 20.000000
Violation: 777.000000
Violation: 18.000000
Violation: 399.000000
Violation: 523.000000
Violation: 80.000000
Violation: 1029.000000
Violation: 348.000000
Violation: 1167.000000
Violation: 32.000000
Violation: 646.000000
Violation: 1042.000000
Violation: 655.000000
Violation: 160.000000
Violation: 266.000000
Violation: 96.000000
Violation: 970.000000
Violation: 1086.000000
Violation: 1098.000000
Violation: 399.000000
Violation: 986.000000
Violation: 217.000000
Violation: 1046.000000
Violation: 643.000000
Violation: 700.000000
Violation: 187.000000
Violation: 11.000000
Violation: 693.000000
Violation: 770.000000
Violation: 895.000000
Violation: 98.000000
Violation: 1016.000000
Violation: 434.000000
Violation: 971.000000
Violation: 807.000000
Violation: 1007.000000
Violation: 797.000000
Violation: 174.000000
Violation: 7.000000
Violation: 418.000000
Violation: 512.000000
Violation: 394.000000
Violation: 678.000000
Violation: 1362.000000
Violation: 253.000000
Violation: 441.000000
Violation: 933.000000
Violation: 789.000000
Violation: 1231.000000
Violation: 166.000000
Violation: 157.000000
Violation: 705.000000
Violation: 697.000000
5400 16
AQUIIII!!26 112 86 27 66 32 111 108 36 75 85 25 90 116 110 68 
AQUIIII!!112 111 110 66 81 36 116 76 118 119 47 108 86 117 85 32 
AQUIIII!!112 27 111 26 66 85 108 32 110 86 75 68 AQUIIII!!36 112 24 111 25 110 90 66 
81 36 116 76 118 119 47 108 86 117 85 32 
AQUIIII!!111 110 112 116 108 27 36 68 90 26 85 66 32 75 86 25 
AQUIIII!!58 33 39 81 38 40 88 49 80 85 113 115 41 30 31 114 
AQUIIII!!66 85 110 68 36 25 27 26 112 86 75 32 90 24 108 111 
AQUIIII!!86 85 108 111 68 110 75 27 24 90 36 32 26 66 25 112 
AQUIIII!!81 39 88 43 80 41 42 58 40 34 57 35 49 113 114 115 
AQUIIII!!88 85 39 49 58 30 41 81 80 33 38 40 31 28 113 29 
AQUIIII!!81 39 88 43 80 41 42 58 40 34 57 35 49 113 114 115 
AQUIIII!!110 111 116 112 108 85 118 117 76 81 47 86 66 36 32 119 
AQUIIII!!85 117 47 108 81 32 36 76 66 27 110 112 26 86 116 111 
AQUIIII!!AQUIIII!!32 85 27 117 68 47 108 108 90 81 86 32 36 36 66 76 26 66 116 27 75 110 111 112 25 26 85 86 110 116 112 111 

AQUIIII!!116 36 66 27 32 68 90 112 75 85 110 86 25 108 26 111 
AQUIIII!!118 47 85 32 110 117 66 116 108 86 81 76 36 112 111 119 
AQUIIII!!66 36 108 86 117 85 110 47 81 119 32 118 111 112 76 116 AQUIIII!!
27 108 86 90 75 66 26 68 110 32 85 24 36 111 112 25 
AQUIIII!!36 110 32 108 66 90 68 27 25 75 26 86 112 116 111 85 
AQUIIII!!110 76 111 108 32 117 85 AQUIIII!!81 108 118 110 66 76 36 66 47 32 47 86 118 27 86 112 81 116 116 
85 27 36 117 AQUIIII!!112 81 111 
116 117 66 26 27 32 86 36 108 47 110 76 112 85 111 
AQUIIII!!119 28 58 118 85 86 66 117 108 0 110 49 111 116 81 112 
AQUIIII!!31 39 114 33 85 81 80 40 41 58 49 38 88 113 115 30 
AQUIIII!!86 118 110 58 36 0 117 66 85 49 119 112 116 81 108 111 
AQUIIII!!42 81 80 43 5 58 41 57 88 1 115 114 113 35 34 49 
AQUIIII!!110 116 32 112 26 90 75 36 25 111 66 27 68 85 108 86 
AQUIIII!!112 25 36 110 116 32 111 75 108 68 66 86 26 85 27 90 
AQUIIII!!112 26 27 85 86 75 36 32 110 68 108 66 111 90 25 116 
AQUIIII!!111 116 58 112 28 49 30 81 85 66 0 117 119 88 118 29 
AQUIIII!!110 27 75 85 32 90 111 108 26 36 68 66 86 24 112 25 
AQUIIII!!27 108 81 32 86 110 118 85 47 76 117 66 36 111 116 112 
AQUIIII!!110 27 75 85 32 90 111 108 26 36 68 66 86 24 112 25 
AQUIIII!!68 111 112 90 36 24 85 110 75 66 26 27 108 25 86 32 
AQUIIII!!117 118 112 0 119 110 86 49 85 58 81 28 66 116 29 111 
AQUIIII!!117 49 108 66 119 58 86 110 28 85 118 116 0 112 81 111 
AQUIIII!!117 58 28 118 86 49 85 119 66 0 29 116 111 110 112 81 
AQUIIII!!32 112 111 116 36 85 110 76 66 117 81 108 27 26 47 86 
AQUIIII!!85 39 34 58 38 88 80 49 33 81 115 114 41 113 40 31 
AQUIIII!!58 116 30 66 117 119 85 88 28 118 31 0 81 49 29 112 
AQUIIII!!75 111 26 24 32 90 27 108 36 86 68 85 25 66 110 23 
AQUIIII!!111 110 112 116 108 27 36 68 90 26 85 66 32 75 86 25 
AQUIIII!!23 90 66 68 108 75 86 110 36 85 24 32 111 25 26 27 
AQUIIII!!108 110 111 26 112 27 32 36 47 81 85 66 117 116 86 76 
AQUIIII!!118 111 49 81 88 30 119 58 116 0 85 29 66 117 112 28 
AQUIIII!!33 80 115 81 41 38 40 85 88 39 49 30 58 113 31 114 
AQUIIII!!113 114 115 35 38 88 41 81 57 34 40 58 80 39 42 49 
AQUIIII!!27 111 25 85 32 68 116 108 112 66 75 26 110 90 36 86 
AQUIIII!!26 112 110 27 32 90 36 111 75 116 66 25 86 85 108 68 
AQUIIII!!108 112 47 32 117 26 85 76 36 86 66 116 27 111 81 110 
AQUIIII!!25 111 36 32 75 66 24 90 68 85 27 112 110 108 26 86 
AQUIIII!!111 112 85 24 25 32 90 26 110 86 68 36 108 75 27 66 
AQUIIII!!27 111 26 85 66 32 110 25 90 36 108 86 23 75 68 24 
AQUIIII!!112 111 86 85 27 110 117 81 76 116 47 108 36 32 66 118 
AQUIIII!!36 68 85 90 66 32 108 26 110 75 24 111 25 27 112 86 
AQUIIII!!110 111 116 112 108 85 118 117 76 81 47 86 66 36 32 119 
AQUIIII!!AQUIIII!!111 32 68 116 36 27 25 85 26 66 36 75 110 90 68 27 90 110 66 108 112 112 32 25 86 86 85 26 75 24 108 
111 
AQUIIII!!111 116 27 25 26 36 110 68 90 66 112 32 86 85 75 108 
AQUIIII!!66 112 111 49 119 85 108 81 58 118 116 86 110 36 0 117 
AQUIIII!!112 27 111 26 66 85 108 32 110 86 75 68 36 24 25 90 
AQUIIII!!27 32 24 111 86 90 36 75 85 110 26 112 25 68 108 66 
AQUIIII!!26 110 111 23 32 25 24 66 86 27 68 36 75 108 90 85 
AQUIIII!!26 110 111 23 32 25 24 66 86 27 68 36 75 108 90 85 
AQUIIII!!113 115 114 40 80 81 49 88 41 35 34 43 57 58 42 1 
AQUIIII!!112 111 118 30 85 116 81 119 49 58 28 29 66 0 88 117 
AQUIIII!!112 26 75 90 25 66 116 68 108 110 85 36 86 111 32 27 
AQUIIII!!116 112 29 0 30 85 81 49 28 117 119 58 66 88 111 118 
AQUIIII!!111 108 27 85 66 75 26 90 36 112 25 110 24 86 68 32 
AQUIIII!!112 26 27 85 86 75 36 32 110 68 108 66 111 90 25 116 
AQUIIII!!25 110 112 27 36 86 66 32 111 108 116 26 75 68 85 90 
AQUIIII!!111 112 32 75 25 108 68 26 85 66 90 24 27 86 36 110 
AQUIIII!!112 110 27 86 108 85 66 81 26 47 36 111 116 76 117 32 
AQUIIII!!111 112 49 86 119 85 66 108 116 58 81 110 28 0 117 118 
Number of Cuts in the second phase:3780
Number of repeat: 3618 
Violation: 38.000000
Violation: 229.000000
Violation: 258.000000
Violation: 413.000000
Violation: 561.000000
Violation: 188.000000
Violation: 412.000000
Violation: 297.000000
Violation: 1269.000000
Violation: 1291.000000
Violation: 896.000000
Violation: 344.000000
Violation: 103.000000
Violation: 232.000000
Violation: 375.000000
Violation: 1136.000000
Violation: 267.000000
Violation: 436.000000
Violation: 323.000000
Violation: 232.000000
Violation: 237.000000
Violation: 283.000000
Violation: 451.000000
Violation: 200.000000
Violation: 891.000000
Violation: 94.000000
Violation: 805.000000
Violation: 160.000000
Violation: 316.000000
Violation: 147.000000
Violation: 256.000000
Violation: 742.000000
Violation: 446.000000
Violation: 805.000000
Violation: 408.000000
Violation: 351.000000
Violation: 550.000000
Violation: 919.000000
Violation: 1001.000000
Violation: 861.000000
Violation: 592.000000
Violation: 378.000000
Violation: 915.000000
Violation: 1152.000000
Violation: 1038.000000
Violation: 573.000000
Violation: 215.000000
Violation: 218.000000
Violation: 11.000000
Violation: 335.000000
Violation: 644.000000
Violation: 86.000000
Violation: 479.000000
Violation: 107.000000
Violation: 885.000000
Violation: 1269.000000
Violation: 654.000000
Violation: 1076.000000
Violation: 697.000000
Violation: 234.000000
Violation: 1036.000000
Violation: 1014.000000
Violation: 919.000000
Violation: 1358.000000
Violation: 44.000000
Violation: 434.000000
Violation: 866.000000
Violation: 406.000000
Violation: 973.000000
Violation: 357.000000
Violation: 607.000000
Violation: 55.000000
Violation: 150.000000
Violation: 697.000000
Violation: 278.000000
Violation: 359.000000
Violation: 595.000000
Violation: 1426.000000
Violation: 833.000000
Violation: 556.000000
Violation: 908.000000
Violation: 399.000000
Violation: 415.000000
Violation: 298.000000
Violation: 393.000000
Violation: 412.000000
Violation: 212.000000
Violation: 26.000000
Violation: 520.000000
Violation: 1364.000000
Violation: 507.000000
Violation: 361.000000
Violation: 606.000000
Violation: 539.000000
Violation: 315.000000
Violation: 697.000000
Violation: 687.000000
Violation: 974.000000
Violation: 496.000000
Violation: 233.000000
Violation: 202.000000
Violation: 431.000000
Violation: 556.000000
Violation: 1019.000000
Violation: 176.000000
Violation: 426.000000
Violation: 421.000000
Violation: 276.000000
Violation: 584.000000
Violation: 147.000000
Violation: 1092.000000
Violation: 512.000000
Violation: 916.000000
Violation: 168.000000
Violation: 643.000000
Violation: 433.000000
Violation: 287.000000
Violation: 28.000000
Violation: 257.000000
Violation: 698.000000
Violation: 173.000000
Violation: 956.000000
Violation: 537.000000
Violation: 617.000000
Violation: 257.000000
Violation: 235.000000
Violation: 647.000000
Violation: 927.000000
Violation: 11.000000
Violation: 1055.000000
Violation: 36.000000
Violation: 171.000000
Violation: 529.000000
Violation: 280.000000
Violation: 430.000000
Violation: 1092.000000
Violation: 166.000000
Violation: 1048.000000
Violation: 658.000000
Violation: 586.000000
Violation: 943.000000
Violation: 219.000000
Violation: 592.000000
Violation: 254.000000
Violation: 274.000000
Violation: 150.000000
Violation: 373.000000
Violation: 512.000000
Violation: 492.000000
Violation: 1026.000000
Violation: 272.000000
Violation: 495.000000
Violation: 269.000000
Violation: 485.000000
Violation: 697.000000
Violation: 351.000000
Violation: 397.000000
Violation: 431.000000
Violation: 454.000000
Violation: 1243.000000
Violation: 125.000000
Violation: 234.000000
took 9.548430

Warning: excessive time spent in model updates.
Consider calling update less frequently.

Optimize a model with 1962 rows, 5432 columns and 69412 nonzeros
Coefficient statistics:
  Matrix range     [1e+00, 1e+02]
  Objective range  [0e+00, 0e+00]
  Bounds range     [1e+00, 1e+02]
  RHS range        [1e+00, 6e+01]

Concurrent LP optimizer: dual simplex and barrier
Showing barrier log only...

Presolve removed 424 rows and 256 columns
Presolve time: 0.02s
Presolved: 1538 rows, 5176 columns, 58659 nonzeros

Ordering time: 0.00s

Barrier statistics:
 Dense cols : 51
 AA' NZ     : 3.898e+04
 Factor NZ  : 1.282e+05 (roughly 4 MBytes of memory)
 Factor Ops : 2.374e+07 (less than 1 second per iteration)
 Threads    : 3

                  Objective                Residual
Iter       Primal          Dual         Primal    Dual     Compl     Time
   0   0.00000000e+00 -5.86781250e+01  3.50e+03 0.00e+00  1.25e+00     0s
   1   0.00000000e+00 -1.52407459e+02  1.03e+03 1.03e-02  3.59e-01     0s
   2   0.00000000e+00 -1.48109775e+02  2.72e+02 8.06e-04  9.59e-02     0s
   3   0.00000000e+00 -8.11688716e+01  2.16e+01 3.76e-05  1.26e-02     0s
   4   0.00000000e+00 -3.45845750e+01  4.91e+00 5.70e-06  3.78e-03     0s
   5   0.00000000e+00 -1.14414317e+01  1.08e+00 6.94e-18  1.06e-03     0s
   6   0.00000000e+00 -9.35429151e-01  5.02e-12 4.34e-18  8.05e-05     0s
   7   0.00000000e+00 -9.38368387e-04  8.36e-12 6.02e-18  8.05e-08     0s
   8   0.00000000e+00 -9.38368387e-07  2.37e-12 9.03e-21  8.05e-11     0s
   9   0.00000000e+00 -9.44242821e-13  3.25e-12 4.27e-22  8.10e-17     0s

Barrier solved model in 9 iterations and 0.07 seconds
Optimal objective 0.00000000e+00

Crossover log...

    5000 PPushes remaining with PInf 0.0000000e+00                 0s
       0 PPushes remaining with PInf 0.0000000e+00                 0s

  Push phase complete: Pinf 0.0000000e+00, Dinf 0.0000000e+00      0s

Iteration    Objective       Primal Inf.    Dual Inf.      Time
    5003    0.0000000e+00   0.000000e+00   0.000000e+00      0s
    5003    0.0000000e+00   0.000000e+00   0.000000e+00      0s

Solved with barrier
Solved in 5003 iterations and 0.14 seconds
Optimal objective  0.000000000e+00
