A-4.txt_s3.txt
Academic license - for non-commercial use only
Read LP format model from file lp/A-4.txt.lp
Reading time = 0.05 seconds
: 961 rows, 10797 columns, 131727 nonzeros
OKGPU
nThreads: 1024 , nBlocks: 12 
Number cuts generated in the phase 1: 13
Number of repeat: 0 
violation 43.000000
violation 30.000000
violation 10.000000
violation 13.000000
violation 13.000000
violation 198.000000
violation 56.000000
violation 306.000000
violation 785.000000
violation 576.000000
violation 27.000000
violation 714.000000
violation 774.000000
8592 16
AQUIIII!!151 21 AQUIIII!!153 151 83 148 13 21 68 154 87 152 7 95 104 29 6 94 68 AQUIIII!!92 149 151 93 100 117 5 93 149 145 154 117 19 5 5 143 150 150 18 29 

152 AQUIIII!!21 151 83 7 93 87 153 150 100 68 13 93 68 21 95 104 
153 13 154 AQUIIII!!94 151 92 5 92 19 21 18 
5 7 13 18 94 87 154 153 93 104 150 152 68 
AQUIIII!!151 5 21 19 18 87 AQUIIII!!93 151 68 92 150 5 92 154 18 94 94 104 87 13 104 143 154 7 68 
13 143 150 7 21 19 93 
AQUIIII!!151 104 92 94 145 143 93 150 21 87 7 18 68 13 5 19 
AQUIIII!!21 151 19 18 93 94 148 143 92 104 7 68 150 5 87 145 
AQUIIII!!92 87 21 93 145 150 19 13 7 5 18 143 94 68 104 151 
AQUIIII!!7 94 148 104 21 143 68 19 18 150 5 87 92 93 145 151 
AQUIIII!!94 92 19 154 68 5 21 150 18 93 104 87 143 7 13 151 
AQUIIII!!151 93 154 13 7 153 68 104 87 21 18 150 94 92 19 5 
AQUIIII!!150 154 94 92 152 18 13 21 153 7 104 87 93 5 68 151 
AQUIIII!!151 143 92 7 5 150 94 13 104 93 87 154 18 68 19 21 
AQUIIII!!151 145 21 143 93 150 13 18 94 7 92 104 87 68 5 19 
AQUIIII!!154 29 95 25 153 27 83 149 68 13 26 100 93 152 117 28 
AQUIIII!!18 150 13 154 94 87 92 143 68 93 5 7 104 19 21 151 
AQUIIII!!94 93 92 18 87 7 68 148 AQUIIII!!150 13 145 68 21 19 143 154 5 AQUIIII!!104 104 18 18 92 19 150 151 150 13 143 
154 5 94 87 21 87 93 92 94 143 7 68 151 
93 5 7 104 19 21 151 
AQUIIII!!21 104 7 94 92 150 13 149 87 68 154 153 5 152 93 151 
AQUIIII!!92 150 104 18 87 93 94 7 21 5 145 148 19 68 143 151 
AQUIIII!!5 83 153 100 21 93 13 29 AQUIIII!!149 154 68 83 152 152 95 28 150 100 68 117 117 21 151 
150 29 95 13 149 93 153 154 151 
AQUIIII!!151 154 5 AQUIIII!!93 151 104 150 21 21 68 7 92 68 143 94 7 19 150 18 18 87 19 104 94 148 13 145 87 93 
92 5 143 
AQUIIII!!7 143 87 18 21 150 AQUIIII!!104 94 19 6 94 18 68 19 154 104 93 21 13 68 5 5 92 151 93 143 
92 7 87 148 145 151 
AQUIIII!!151 87 148 7 68 19 143 94 5 145 6 104 93 92 21 18 
AQUIIII!!151 154 5 93 104 21 68 92 143 7 150 18 19 94 13 87 AQUIIII!!
151 154 100 29 152 153 117 13 28 150 68 83 149 95 27 93 
AQUIIII!!153 5 117 95 93 149 154 68 150 29 100 13 83 152 21 151 
AQUIIII!!153 5 117 95 93 149 154 68 150 29 100 AQUIIII!!13 29 83 100 152 153 21 117 151 68 
154 152 93 149 13 95 21 28 150 83 151 
AQUIIII!!151 100 149 68 83 117 153 150 154 13 93 29 28 152 21 95 
AQUIIII!!95 154 68 93 13 149 150 100 83 27 153 29 117 152 28 151 
AQUIIII!!151 13 117 93 153 29 149 152 100 83 21 150 154 68 28 95 
AQUIIII!!94 13 152 7 21 18 154 5 150 87 93 92 104 153 68 151 
AQUIIII!!155 30 36 2 114 82 74 32 119 42 22 34 35 33 118 75 
AQUIIII!!153 104 18 87 5 152 154 92 21 93 150 94 7 68 13 151 
AQUIIII!!150 93 117 21 100 151 5 153 149 83 68 95 13 152 154 29 
AQUIIII!!5 7 21 68 104 87 13 92 94 153 149 150 154 152 93 151 
AQUIIII!!104 92 13 68 150 19 18 143 7 AQUIIII!!5 94 13 93 18 145 92 87 7 21 151 104 
19 150 87 68 94 153 154 AQUIIII!!21 104 5 92 13 93 151 68 150 
19 18 143 7 5 94 AQUIIII!!93 87 145 21 5 87 68 21 151 7 
104 13 18 145 143 19 92 94 93 150 151 
AQUIIII!!104 92 13 68 150 19 18 143 7 5 94 93 145 87 21 151 
AQUIIII!!151 18 87 94 92 93 68 13 21 7 19 154 143 5 150 104 
AQUIIII!!151 148 104 68 19 93 92 87 5 145 7 21 150 143 18 94 
AQUIIII!!151 21 154 104 92 153 7 94 93 5 152 87 150 68 13 18 
AQUIIII!!151 5 18 87 143 92 104 145 21 19 94 7 148 93 150 68 
AQUIIII!!117 95 83 100 68 29 13 93 28 153 27 149 154 150 152 151 
AQUIIII!!151 93 83 28 154 153 150 100 29 21 149 117 13 152 95 68 
AQUIIII!!68 13 21 5 92 150 19 AQUIIII!!18 150 143 83 104 153 93 95 154 152 87 13 94 93 7 21 151 29 
68 28 154 149 117 100 151 
AQUIIII!!151 13 28 68 149 95 27 153 150 100 83 152 93 29 117 154 
AQUIIII!!151 154 68 7 13 153 149 87 152 92 104 21 5 94 150 93 
AQUIIII!!151 7 152 21 153 5 94 93 92 150 154 87 104 13 68 18 
AQUIIII!!148 92 87 145 150 AQUIIII!!7 94 151 104 7 143 87 18 93 21 68 13 19 150 5 5 93 92 151 145 
19 68 21 18 94 143 104 
AQUIIII!!151 154 68 7 13 153 149 87 152 92 104 21 5 94 150 93 
AQUIIII!!5 152 7 87 153 149 154 93 150 AQUIIII!!94 149 21 100 104 154 92 13 68 68 95 151 153 
117 27 28 150 93 83 152 29 13 151 
AQUIIII!!95 117 13 149 83 28 154 152 29 153 100 27 93 68 150 151 
AQUIIII!!21 18 13 104 19 154 68 92 94 150 87 153 7 5 93 151 
AQUIIII!!117 83 29 154 153 100 21 93 95 149 68 28 150 13 152 151 
AQUIIII!!151 92 13 145 150 18 5 143 19 87 93 104 7 21 68 94 
AQUIIII!!117 13 21 68 29 149 152 93 153 5 95 150 154 83 100 151 
AQUIIII!!151 5 68 145 18 19 87 150 148 93 92 143 7 21 104 94 
AQUIIII!!152 151 87 154 7 68 92 104 5 149 21 94 153 93 150 13 
AQUIIII!!13 153 29 68 100 28 117 83 93 150 152 154 27 149 95 151 
AQUIIII!!151 6 104 5 145 68 93 148 7 92 94 87 21 19 18 143 
AQUIIII!!151 27 13 117 68 152 149 150 29 95 28 93 154 83 100 153 
AQUIIII!!94 7 18 87 68 150 21 19 104 93 145 143 5 148 92 151 
AQUIIII!!151 5 143 92 154 150 13 104 19 21 18 7 68 94 87 93 
AQUIIII!!151 93 95 29 83 153 13 154 117 149 100 68 28 27 152 150 
AQUIIII!!87 93 143 92 68 13 18 150 154 19 94 7 5 21 104 151 
AQUIIII!!21 151 94 143 6 19 148 92 7 145 87 68 104 93 5 18 
AQUIIII!!13 18 150 68 92 93 104 94 21 154 87 143 5 19 7 151 
AQUIIII!!151 5 104 19 18 87 92 94 148 93 21 68 143 6 7 145 
AQUIIII!!5 87 68 18 7 21 143 92 93 104 94 19 145 150 148 151 
AQUIIII!!29 95 13 154 100 21 150 153 152 117 5 93 83 68 149 151 
AQUIIII!!151 68 93 153 150 94 152 13 5 7 87 154 18 104 92 21 
AQUIIII!!151 150 153 95 13 28 154 83 93 27 100 149 29 152 68 117 
AQUIIII!!151 150 153 100 95 149 13 29 28 83 117 21 93 154 152 68 
AQUIIII!!5 13 18 143 94 19 7 AQUIIII!!21 21 68 13 93 150 87 104 5 150 19 92 68 154 93 151 92 
145 7 18 94 143 104 87 151 
AQUIIII!!117 149 21 13 95 154 93 152 153 5 150 29 83 68 100 151 
AQUIIII!!21 93 95 154 153 100 149 83 117 29 152 150 13 68 28 151 
AQUIIII!!154 151 117 150 68 100 13 29 93 27 149 28 95 83 152 153 
AQUIIII!!21 154 104 87 5 7 93 18 68 92 152 13 150 94 153 151 
AQUIIII!!68 21 104 94 5 93 145 150 148 18 19 87 7 92 143 151 
AQUIIII!!68 95 93 150 83 117 154 28 27 13 149 100 152 29 153 151 
AQUIIII!!151 143 87 104 19 94 18 7 148 93 5 21 150 68 92 145 
AQUIIII!!151 154 100 29 152 153 117 13 28 150 68 83 149 95 27 93 
AQUIIII!!83 93 13 117 21 153 150 100 154 152 95 68 AQUIIII!!5 94 149 19 29 93 151 92 
7 68 5 18 150 154 104 21 153 13 87 151 
AQUIIII!!151 94 153 150 19 18 5 87 93 13 92 68 154 21 7 104 
AQUIIII!!95 100 21 29 150 68 28 93 149 117 153 152 13 83 154 151 
AQUIIII!!100 5 117 150 29 21 154 68 83 152 153 13 95 93 149 151 
AQUIIII!!AQUIIII!!151 7 28 5 13 87 150 93 104 29 94 100 149 150 13 149 68 152 27 93 95 153 83 153 92 AQUIIII!!21 152 151 5 143 117 154 68 93 
154 7 
148 87 19 92 94 104 145 68 21 18 150 151 AQUIIII!!
7 5 87 150 104 94 149 13 68 152 93 153 92 21 151 154 
AQUIIII!!7 150 92 93 87 13 153 94 152 5 104 154 21 68 18 151 
AQUIIII!!151 150 92 7 68 104 93 19 13 21 5 143 94 18 145 AQUIIII!!87 151 
94 68 87 19 92 148 5 104 21 145 143 150 93 18 7 
AQUIIII!!30 155 32 114 1 42 34 36 119 74 22 118 82 75 35 33 
AQUIIII!!154 151 13 87 68 21 93 5 104 92 152 153 150 94 7 18 
AQUIIII!!21 151 19 18 93 94 148 143 92 104 7 68 150 5 87 145 
AQUIIII!!151 94 87 154 92 153 150 68 93 7 13 149 104 152 21 5 
AQUIIII!!151 104 92 153 87 19 5 150 21 18 13 154 94 93 68 7 
AQUIIII!!154 151 5 150 19 21 92 18 94 104 AQUIIII!!7 93 100 13 95 68 83 87 154 143 117 93 152 
153 29 68 150 21 149 5 13 151 
AQUIIII!!151 13 92 7 18 21 68 5 94 150 104 153 87 152 154 93 
AQUIIII!!151 95 93 117 153 154 150 149 21 29 152 5 13 83 68 100 
AQUIIII!!151 5 154 153 7 18 19 93 92 68 13 104 87 150 94 21 
AQUIIII!!21 104 18 150 145 68 94 143 5 87 19 92 7 93 13 151 
AQUIIII!!21 151 93 145 94 18 143 7 5 87 150 104 68 148 92 19 
AQUIIII!!151 7 13 18 154 19 87 150 92 104 143 21 5 94 68 93 
AQUIIII!!151 153 93 18 13 104 92 68 94 21 87 7 154 5 152 150 
AQUIIII!!153 68 93 5 149 13 154 87 150 94 7 92 104 21 151 152 
AQUIIII!!154 151 95 13 28 68 117 93 152 29 27 153 150 83 100 149 
AQUIIII!!153 68 93 5 149 13 154 87 150 94 7 92 104 21 151 152 
AQUIIII!!154 149 95 153 117 28 100 83 93 25 29 74 17 27 26 152 
AQUIIII!!18 5 87 93 143 7 94 21 19 148 68 104 145 6 92 151 
AQUIIII!!151 7 143 13 87 145 150 5 92 104 94 19 21 68 18 93 
AQUIIII!!151 93 143 94 154 21 7 13 19 18 104 92 68 150 5 87 
AQUIIII!!151 117 154 28 153 152 100 95 68 150 13 29 21 149 93 83 
AQUIIII!!151 18 13 93 7 87 150 68 92 94 5 104 19 154 143 21 
AQUIIII!!151 68 29 5 83 21 13 100 153 152 117 149 154 93 150 95 
AQUIIII!!151 92 7 154 104 94 21 153 152 5 93 87 68 13 150 149 
AQUIIII!!19 13 145 87 7 143 104 18 93 5 21 150 92 68 94 151 
AQUIIII!!27 74 149 29 95 93 83 28 100 25 154 153 17 117 26 152 
Number of Cuts in the second phase:1910
Number of repeat: 1769 
Violation: 322.000000
Violation: 77.000000
Violation: 428.000000
Violation: 214.000000
Violation: 1190.000000
Violation: 856.000000
Violation: 151.000000
Violation: 1564.000000
Violation: 595.000000
Violation: 190.000000
Violation: 192.000000
Violation: 384.000000
Violation: 119.000000
Violation: 642.000000
Violation: 145.000000
Violation: 167.000000
Violation: 132.000000
Violation: 111.000000
Violation: 165.000000
Violation: 560.000000
Violation: 451.000000
Violation: 386.000000
Violation: 919.000000
Violation: 378.000000
Violation: 340.000000
Violation: 163.000000
Violation: 768.000000
Violation: 374.000000
Violation: 420.000000
Violation: 680.000000
Violation: 711.000000
Violation: 629.000000
Violation: 80.000000
Violation: 518.000000
Violation: 37.000000
Violation: 1165.000000
Violation: 760.000000
Violation: 32.000000
Violation: 240.000000
Violation: 1119.000000
Violation: 290.000000
Violation: 532.000000
Violation: 149.000000
Violation: 556.000000
Violation: 1152.000000
Violation: 320.000000
Violation: 380.000000
Violation: 1574.000000
Violation: 960.000000
Violation: 346.000000
Violation: 226.000000
Violation: 758.000000
Violation: 396.000000
Violation: 4.000000
Violation: 1355.000000
Violation: 119.000000
Violation: 269.000000
Violation: 1120.000000
Violation: 570.000000
Violation: 34.000000
Violation: 574.000000
Violation: 616.000000
Violation: 91.000000
Violation: 291.000000
Violation: 62.000000
Violation: 747.000000
Violation: 591.000000
Violation: 309.000000
Violation: 132.000000
Violation: 181.000000
Violation: 640.000000
Violation: 309.000000
Violation: 345.000000
Violation: 787.000000
Violation: 284.000000
Violation: 59.000000
Violation: 935.000000
Violation: 392.000000
Violation: 188.000000
Violation: 169.000000
Violation: 317.000000
Violation: 334.000000
Violation: 126.000000
Violation: 310.000000
Violation: 541.000000
Violation: 460.000000
Violation: 44.000000
Violation: 1.000000
Violation: 278.000000
Violation: 564.000000
Violation: 2.000000
Violation: 250.000000
Violation: 46.000000
Violation: 822.000000
Violation: 227.000000
Violation: 622.000000
Violation: 417.000000
Violation: 309.000000
Violation: 791.000000
Violation: 528.000000
Violation: 19.000000
Violation: 1334.000000
Violation: 171.000000
Violation: 624.000000
Violation: 212.000000
Violation: 548.000000
Violation: 948.000000
Violation: 634.000000
Violation: 88.000000
Violation: 49.000000
Violation: 440.000000
Violation: 946.000000
Violation: 414.000000
Violation: 109.000000
Violation: 238.000000
Violation: 821.000000
Violation: 532.000000
Violation: 234.000000
Violation: 491.000000
Violation: 85.000000
Violation: 988.000000
Violation: 44.000000
Violation: 61.000000
Violation: 160.000000
Violation: 975.000000
Violation: 950.000000
Violation: 798.000000
Violation: 204.000000
Violation: 1088.000000
Violation: 1165.000000
Violation: 179.000000
Violation: 641.000000
Violation: 117.000000
Violation: 372.000000
Violation: 18.000000
Violation: 543.000000
Violation: 255.000000
Violation: 161.000000
Violation: 785.000000
Violation: 90.000000
Violation: 739.000000
8592 16
AQUIIII!!151 150 153 83 152 117 68 27 149 93 95 28 154 29 100 13 
AQUIIII!!151 13 AQUIIII!!68 143 151 87 93 94 21 153 AQUIIII!!19 151 5 87 94 92 7 150 19 154 7 18 21 145 104 94 104 5 5 68 7 92 143 21 18 104 18 13 150 13 150 93 87 145 93 68 

92 152 
AQUIIII!!151 154 117 153 100 68 13 95 152 21 93 150 149 28 29 83 
AQUIIII!!151 152 95 153 154 AQUIIII!!149 151 100 87 68 27 7 29 93 93 92 83 150 117 153 150 94 28 21 68 19 13 
13 104 154 5 18 
AQUIIII!!151 92 87 7 19 93 150 145 143 104 18 5 68 148 21 94 
AQUIIII!!151 152 95 153 154 149 100 27 29 93 83 117 150 28 68 13 
AQUIIII!!95 117 83 153 150 149 21 13 100 93 152 68 28 154 151 29 
AQUIIII!!149 87 68 94 152 104 5 154 21 92 150 13 93 153 7 151 
AQUIIII!!104 92 7 13 87 154 93 153 5 94 21 18 68 150 19 151 
AQUIIII!!150 7 87 21 92 93 94 104 68 143 5 19 18 13 151 154 
AQUIIII!!151 5 104 68 92 87 153 154 21 150 94 7 13 149 152 93 
AQUIIII!!13 94 18 104 5 68 7 154 152 153 92 150 93 21 87 151 
AQUIIII!!150 92 21 104 18 93 68 154 94 87 5 AQUIIII!!13 13 152 93 7 87 153 154 151 104 92 
5 149 21 7 150 152 68 94 153 151 
AQUIIII!!155 30 74 32 35 82 42 114 2 34 36 33 75 119 22 118 
AQUIIII!!28 83 153 95 27 93 74 149 152 25 100 117 26 17 154 29 AQUIIII!!
93 5 94 92 19 6 21 148 68 104 7 18 87 145 143 151 
AQUIIII!!21 83 68 150 117 153 149 151 28 152 13 95 93 100 154 29 
AQUIIII!!151 68 13 92 153 18 154 87 93 94 7 5 104 150 21 152 
AQUIIII!!151 104 94 150 68 7 92 5 18 19 93 148 145 143 87 21 
AQUIIII!!94 68 92 19 87 7 21 143 104 5 18 6 145 93 148 151 
AQUIIII!!151 5 154 153 21 18 152 7 150 93 94 13 87 68 92 104 
AQUIIII!!151 104 92 93 94 5 18 154 153 7 150 21 68 152 87 13 
AQUIIII!!93 21 104 87 7 68 13 152 18 92 94 153 150 5 154 151 
AQUIIII!!151 21 68 150 117 13 152 153 95 154 28 83 93 29 149 100 
AQUIIII!!21 83 117 152 68 153 150 154 93 100 13 149 29 95 5 151 
AQUIIII!!151 13 143 93 94 154 21 19 18 92 104 7 68 87 5 150 
AQUIIII!!151 7 93 68 5 13 18 92 19 154 21 94 87 104 143 150 
AQUIIII!!148 104 68 87 19 145 18 150 21 143 92 5 93 7 94 151 
AQUIIII!!153 152 93 94 7 150 5 21 149 104 68 92 154 87 13 151 
AQUIIII!!18 7 104 93 92 87 13 143 94 150 154 19 68 AQUIIII!!21 92 5 13 151 94 
104 87 93 7 21 154 152 68 149 5 150 153 151 
AQUIIII!!104 68 5 18 21 153 7 92 19 13 AQUIIII!!87 150 149 150 153 94 28 13 154 21 93 29 151 83 68 
93 95 154 100 117 152 151 
AQUIIII!!87 13 143 21 150 18 7 94 19 92 145 93 5 68 104 151 
AQUIIII!!151 104 19 7 87 13 154 18 93 5 92 150 153 21 68 94 
AQUIIII!!92 143 7 13 18 104 5 21 150 93 19 87 94 68 154 151 
AQUIIII!!68 95 117 13 149 152 5 93 83 29 154 100 150 153 151 21 
AQUIIII!!151 153 149 83 100 117 29 13 150 AQUIIII!!68 93 104 154 94 7 5 95 13 21 152 87 
5 150 68 153 92 19 154 21 93 18 151 
AQUIIII!!5 148 68 94 87 7 19 6 143 93 92 21 18 104 145 151 
AQUIIII!!93 87 104 92 150 18 94 7 143 19 21 145 13 68 5 151 
AQUIIII!!95 100 153 21 154 83 93 68 117 29 13 152 5 150 149 151 
AQUIIII!!154 13 29 149 93 95 21 150 100 153 68 83 28 152 117 151 
AQUIIII!!114 34 75 36 32 2 33 42 74 35 118 119 82 22 30 155 
AQUIIII!!13 104 68 93 92 94 154 152 150 AQUIIII!!5 151 AQUIIII!!104 18 87 154 93 7 7 154 87 87 150 21 5 150 153 153 94 93 151 7 94 
68 143 21 92 18 152 13 149 13 92 
104 19 5 21 68 151 
AQUIIII!!5 143 104 18 94 7 68 150 92 145 93 21 19 13 87 151 
AQUIIII!!21 151 13 7 94 154 149 92 104 93 153 152 150 87 5 68 
AQUIIII!!151 94 7 18 154 87 92 93 13 143 21 5 19 68 150 104 
AQUIIII!!153 93 152 21 150 149 94 68 13 104 92 5 7 154 87 151 
AQUIIII!!151 145 143 92 AQUIIII!!153 94 83 13 117 21 95 7 13 87 150 150 149 68 5 104 21 19 68 152 5 93 93 18 29 154 
100 151 
AQUIIII!!151 5 18 150 21 153 104 94 7 87 13 68 154 19 92 93 
AQUIIII!!143 145 94 104 18 7 21 6 68 5 148 92 93 87 19 151 
AQUIIII!!151 153 68 150 13 117 100 152 95 5 29 93 154 21 149 83 
AQUIIII!!13 7 87 154 94 104 92 5 150 18 143 68 19 21 93 151 
AQUIIII!!155 30 74 119 36 75 22 114 118 35 34 32 42 33 1 82 
AQUIIII!!151 7 104 153 5 92 21 19 150 154 93 18 94 68 87 13 
AQUIIII!!13 154 21 68 150 7 92 152 93 5 149 87 104 94 153 151 
AQUIIII!!151 68 21 117 152 100 83 AQUIIII!!13 149 21 95 93 13 83 28 117 153 28 29 100 154 95 29 93 150 68 153 
150 149 152 154 151 
AQUIIII!!92 104 94 5 93 18 145 68 143 19 150 13 87 7 151 21 
AQUIIII!!155 30 32 82 22 42 75 35 2 36 74 33 114 34 118 119 
AQUIIII!!151 100 153 83 150 13 149 5 93 154 117 152 95 21 68 29 
AQUIIII!!151 153 95 29 68 83 149 117 5 154 150 100 21 93 13 152 
AQUIIII!!151 7 21 93 154 92 18 68 5 143 13 94 104 19 150 87 
AQUIIII!!151 19 143 69 13 150 5 7 93 68 154 92 94 21 87 18 
AQUIIII!!5 7 154 93 104 152 13 92 153 150 87 94 18 21 68 151 
AQUIIII!!93 154 153 5 13 152 87 104 150 21 68 94 7 92 18 151 
AQUIIII!!5 7 AQUIIII!!93 151 148 18 21 5 92 93 87 153 19 145 152 154 94 21 18 104 13 6 87 68 94 143 68 151 104 
92 7 150 
AQUIIII!!18 93 7 104 154 13 150 153 21 94 5 92 68 152 87 151 
AQUIIII!!104 145 87 92 7 94 19 18 150 13 93 143 5 68 21 151 
AQUIIII!!104 145 87 92 7 94 19 18 150 13 93 143 5 68 21 151 
AQUIIII!!152 95 154 28 29 93 27 100 68 153 150 149 83 117 13 151 
AQUIIII!!151 68 104 92 21 150 148 145 93 18 7 94 87 5 143 19 
AQUIIII!!151 5 154 29 93 83 95 13 152 100 149 117 21 150 153 68 
AQUIIII!!155 30 36 75 34 119 32 35 2 22 118 33 114 74 42 82 
AQUIIII!!151 87 7 94 21 104 154 92 68 152 149 13 5 150 153 93 
AQUIIII!!151 92 145 94 150 93 148 104 7 19 18 68 87 143 5 21 
AQUIIII!!151 83 152 95 150 29 93 68 5 100 21 154 117 13 149 153 
AQUIIII!!18 104 7 21 5 94 153 68 87 154 150 152 92 93 13 151 
AQUIIII!!29 95 150 153 100 28 AQUIIII!!13 151 150 83 19 149 7 21 18 94 68 143 152 93 117 5 87 93 145 151 21 154 104 68 
13 92 
AQUIIII!!145 92 150 143 94 7 93 5 68 148 104 87 19 18 21 151 
AQUIIII!!100 29 83 21 93 117 150 153 68 5 149 95 152 13 151 154 
AQUIIII!!93 13 104 94 21 152 7 154 92 18 150 68 153 87 5 151 
AQUIIII!!19 87 93 94 68 21 92 104 13 154 5 153 7 18 150 151 
AQUIIII!!92 5 87 68 94 150 153 152 93 104 18 21 154 7 13 151 
AQUIIII!!21 18 19 87 145 143 104 68 92 7 5 148 93 94 6 151 
AQUIIII!!151 149 154 100 13 153 152 83 93 5 29 95 150 68 21 117 
AQUIIII!!151 13 68 150 154 117 83 149 29 21 93 153 5 95 100 152 
AQUIIII!!151 68 150 13 92 7 18 5 87 93 21 153 104 154 94 19 
AQUIIII!!151 150 83 153 100 29 95 117 21 149 154 13 152 5 68 93 
AQUIIII!!151 6 19 92 104 148 145 21 94 7 87 5 93 143 18 68 
AQUIIII!!154 151 94 5 153 68 19 93 18 7 21 104 92 13 87 150 
AQUIIII!!143 5 87 145 104 94 148 150 68 93 21 92 18 7 19 151 
AQUIIII!!151 93 18 150 94 19 143 7 5 13 87 68 145 92 21 104 
AQUIIII!!151 94 92 104 68 93 21 152 7 154 150 5 AQUIIII!!87 151 148 18 13 104 149 94 153 87 
7 68 145 5 21 150 143 92 19 93 
AQUIIII!!145 104 68 93 5 94 19 7 87 92 150 18 21 143 13 151 
AQUIIII!!100 154 68 21 93 152 13 153 149 83 28 95 29 117 150 151 
AQUIIII!!94 21 5 154 93 92 13 18 104 150 68 7 153 87 19 151 
AQUIIII!!7 87 104 68 143 94 92 18 150 93 13 21 19 154 5 151 
AQUIIII!!151 68 87 145 94 92 13 104 5 21 7 93 150 18 19 143 
AQUIIII!!30 155 119 34 2 42 36 33 35 22 118 74 82 32 75 114 
AQUIIII!!13 92 104 7 153 149 154 5 68 150 94 87 93 21 152 151 
AQUIIII!!117 68 95 153 28 83 100 150 149 29 154 93 13 152 151 21 
AQUIIII!!150 93 153 87 152 68 7 104 13 5 21 154 18 92 94 151 
AQUIIII!!151 150 117 95 100 29 153 28 68 149 154 152 93 21 83 13 
AQUIIII!!151 92 87 18 145 143 148 5 7 68 104 150 19 93 21 94 
AQUIIII!!95 100 150 152 68 83 27 149 93 13 28 117 26 153 29 154 
AQUIIII!!145 19 93 7 104 143 18 68 94 150 5 87 13 21 92 151 
AQUIIII!!92 87 104 153 93 18 13 19 68 21 154 7 94 150 5 151 
AQUIIII!!18 7 21 68 94 92 104 5 87 93 150 143 148 145 19 151 
AQUIIII!!93 87 94 153 149 104 154 68 150 7 5 152 13 21 92 151 
AQUIIII!!94 7 68 145 148 21 104 18 6 87 92 93 143 19 5 151 
AQUIIII!!151 148 104 5 68 21 92 6 143 94 145 87 93 7 19 18 
AQUIIII!!151 153 92 13 19 18 21 94 104 7 5 93 68 154 87 150 
AQUIIII!!13 5 94 150 21 7 87 104 18 152 154 92 153 68 93 151 
AQUIIII!!7 5 104 68 6 21 18 143 92 94 148 145 19 93 87 151 
AQUIIII!!29 154 27 93 117 100 153 83 152 25 95 149 17 28 26 74 
AQUIIII!!154 151 153 149 95 5 152 117 93 21 29 150 100 13 83 68 
AQUIIII!!151 21 19 87 18 68 93 143 94 104 7 5 92 154 13 150 
AQUIIII!!151 93 94 150 143 87 7 148 68 5 21 18 92 104 145 19 
AQUIIII!!104 7 153 94 92 150 21 5 87 19 13 93 154 18 68 151 
AQUIIII!!92 7 21 68 143 150 19 94 104 93 13 145 18 5 87 151 
AQUIIII!!87 5 6 94 18 143 93 145 148 7 104 21 92 19 68 151 
AQUIIII!!151 83 154 93 68 95 100 29 149 21 117 152 28 13 153 150 
AQUIIII!!87 104 148 7 5 19 145 150 18 143 94 93 68 92 21 151 
AQUIIII!!93 18 19 92 143 145 13 5 87 104 68 94 7 21 150 151 
Number of Cuts in the second phase:2021
Number of repeat: 1963 
Violation: 244.000000
Violation: 658.000000
Violation: 975.000000
Violation: 1202.000000
Violation: 424.000000
Violation: 118.000000
Violation: 114.000000
Violation: 195.000000
Violation: 292.000000
Violation: 219.000000
Violation: 428.000000
Violation: 350.000000
Violation: 154.000000
Violation: 115.000000
Violation: 679.000000
Violation: 1948.000000
Violation: 52.000000
Violation: 720.000000
Violation: 207.000000
Violation: 299.000000
Violation: 154.000000
Violation: 1144.000000
Violation: 141.000000
Violation: 345.000000
Violation: 1015.000000
Violation: 130.000000
Violation: 1054.000000
Violation: 330.000000
Violation: 825.000000
Violation: 606.000000
Violation: 1428.000000
Violation: 350.000000
Violation: 35.000000
Violation: 59.000000
Violation: 748.000000
Violation: 112.000000
Violation: 847.000000
Violation: 93.000000
Violation: 716.000000
Violation: 929.000000
Violation: 53.000000
Violation: 844.000000
Violation: 820.000000
Violation: 144.000000
Violation: 549.000000
Violation: 279.000000
Violation: 906.000000
Violation: 76.000000
Violation: 291.000000
Violation: 50.000000
Violation: 382.000000
Violation: 770.000000
Violation: 585.000000
Violation: 687.000000
Violation: 157.000000
Violation: 144.000000
Violation: 365.000000
Violation: 13.000000
816 16
AQUIIII!!13 93 27 149 154 95 100 117 83 68 28 29 153 25 26 152 
AQUIIII!!152 151 94 18 153 87 92 93 7 154 150 68 5 21 13 104 
AQUIIII!!150 68 21 18 19 104 7 143 93 87 148 5 92 145 94 151 
AQUIIII!!21 83 93 153 95 150 13 117 5 149 68 152 100 29 154 151 
AQUIIII!!21 83 93 153 95 150 13 117 5 149 68 152 100 29 154 151 
AQUIIII!!21 83 93 153 95 150 13 117 5 149 68 152 100 29 154 151 
AQUIIII!!151 92 5 87 6 68 19 93 148 21 18 7 145 94 143 104 
AQUIIII!!151 150 104 154 93 94 21 18 87 152 5 13 7 68 153 92 
AQUIIII!!104 93 68 18 150 92 5 143 148 145 94 87 19 7 21 151 
AQUIIII!!154 21 68 5 7 87 104 19 153 94 13 150 92 93 18 151 
Number of Cuts in the second phase:198
Number of repeat: 194 
Violation: 341.000000
Violation: 572.000000
Violation: 351.000000
Violation: 75.000000
took 18.192690
Optimize a model with 1238 rows, 10797 columns and 133861 nonzeros
Coefficient statistics:
  Matrix range     [1e-05, 9e+01]
  Objective range  [0e+00, 0e+00]
  Bounds range     [1e+00, 2e+09]
  RHS range        [1e+00, 6e+01]
Warning: Model contains large bounds
         Consider reformulating model or setting NumericFocus parameter
         to avoid numerical issues.

Concurrent LP optimizer: dual simplex and barrier
Showing barrier log only...

Presolve removed 176 rows and 420 columns
Presolve time: 0.04s
Presolved: 1062 rows, 10377 columns, 126230 nonzeros

Ordering time: 0.00s

Barrier statistics:
 Dense cols : 19
 AA' NZ     : 5.013e+04
 Factor NZ  : 8.752e+04 (roughly 5 MBytes of memory)
 Factor Ops : 8.959e+06 (less than 1 second per iteration)
 Threads    : 3

                  Objective                Residual
Iter       Primal          Dual         Primal    Dual     Compl     Time
   0   0.00000000e+00 -2.68716627e+07  8.26e+09 0.00e+00  1.42e+06     0s
   1   0.00000000e+00 -4.37228734e+06  2.93e+09 6.83e-03  5.05e+05     0s
   2   0.00000000e+00 -2.78952330e+05  4.18e+08 3.33e-16  7.27e+04     0s
   3   0.00000000e+00 -1.48218808e+03  3.39e+04 5.55e-16  5.97e+00     0s
   4   0.00000000e+00 -1.16220678e+03  2.47e+04 2.70e-06  4.20e+00     0s
   5   0.00000000e+00 -1.43840700e+03  1.29e+04 8.49e-05  3.09e+00     0s
   6   0.00000000e+00 -1.40156283e+03  5.43e+03 1.42e-14  1.56e+00     0s
   7   0.00000000e+00 -1.30782298e+03  1.33e+03 1.39e-16  4.20e-01     0s

Barrier performed 7 iterations in 0.11 seconds
Barrier solve interrupted - model solved by another algorithm


Solved with dual simplex
Solved in 609 iterations and 0.11 seconds
Optimal objective  0.000000000e+00
