j3017_4.mm_s1.txt
Academic license - for non-commercial use only
Read LP format model from file lp/j3017_4.mm.lp
Reading time = 0.00 seconds
: 351 rows, 906 columns, 9053 nonzeros
OKGPU
nThreads: 1024 , nBlocks: 12 
Number cuts generated in the phase 1: 9
Number of repeat: 0 
violation 587.000000
violation 545.000000
violation 545.000000
violation 578.000000
violation 286.000000
violation 428.000000
violation 284.000000
violation 284.000000
violation 800.000000
8592 16
AQUIIII!!55 AQUIIII!!7 55 10 2 34 21 10 11 27 0 15 17 17 12 29 40 9 34 40 AQUIIII!!15 0 55 16 2 14 7 27 21 13 16 11 7 
29 29 9 27 12 47 
21 11 AQUIIII!!10 55 2 17 40 37 18 20 1 9 12 34 21 
24 0 15 2 51 9 27 7 16 29 
AQUIIII!!50 29 53 22 8 23 19 54 52 37 6 5 4 49 48 3 
AQUIIII!!11 27 34 29 7 9 15 12 40 17 16 2 10 21 13 AQUIIII!!55 10 
7 11 AQUIIII!!14 10 13 27 40 12 55 AQUIIII!!21 21 AQUIIII!!18 34 7 9 16 18 15 34 29 20 2 27 16 27 40 40 9 10 7 17 29 29 29 2 34 52 2 47 7 17 13 
47 2 9 27 55 11 21 11 13 34 
14 AQUIIII!!10 20 20 15 55 27 13 
21 9 AQUIIII!!18 11 7 29 40 11 17 12 9 11 55 29 13 
10 14 AQUIIII!!AQUIIII!!13 21 AQUIIII!!7 7 7 10 2 18 29 27 29 40 20 15 16 34 34 34 2 9 15 9 7 27 14 40 40 17 40 16 2 14 18 9 2 40 55 13 11 55 14 
21 13 47 11 17 27 13 
29 16 27 14 21 9 21 34 10 10 10 2 34 55 
55 17 
AQUIIII!!11 2 55 
0 9 16 21 AQUIIII!!21 17 0 9 34 24 AQUIIII!!27 1 10 15 29 21 27 0 12 10 29 40 34 15 40 17 15 AQUIIII!!7 12 7 55 16 34 12 10 2 2 2 11 7 40 55 40 9 
11 7 27 16 16 55 27 9 17 12 
55 15 
13 34 21 11 17 10 29 
AQUIIII!!AQUIIII!!0 AQUIIII!!49 27 7 AQUIIII!!29 21 10 50 14 2 15 0 20 17 37 37 47 16 21 40 21 24 2 21 7 1 17 27 AQUIIII!!40 15 18 50 20 7 27 13 10 0 9 34 12 15 24 2 7 9 2 9 34 51 40 29 29 12 12 55 11 10 16 
55 AQUIIII!!16 AQUIIII!!24 47 
AQUIIII!!AQUIIII!!1 27 17 11 52 2 49 1 0 10 27 20 11 17 9 51 2 7 55 34 16 55 27 AQUIIII!!21 14 
11 AQUIIII!!
18 17 2 AQUIIII!!40 7 47 34 40 27 13 37 14 27 18 13 2 13 29 34 1 9 14 14 10 7 14 20 15 0 7 27 29 9 29 7 AQUIIII!!7 15 13 12 2 2 13 21 15 10 40 24 20 55 18 11 AQUIIII!!17 55 14 14 16 55 47 
9 52 9 0 
51 17 13 40 18 34 40 12 21 13 17 AQUIIII!!21 27 10 10 12 29 34 11 40 29 18 52 40 29 17 16 9 55 7 11 34 55 9 34 21 
21 18 34 50 2 55 7 50 AQUIIII!!27 29 
21 
20 27 11 1 20 29 27 29 10 47 21 2 10 40 29 2 34 9 24 11 10 
11 16 9 55 13 7 55 27 
47 27 
37 AQUIIII!!15 18 2 27 27 34 2 11 9 16 40 20 14 16 51 14 55 21 15 21 29 
34 29 55 7 13 55 
10 29 
13 15 AQUIIII!!17 17 55 14 2 10 21 55 9 7 
11 47 40 11 AQUIIII!!2 34 55 55 10 
2 29 34 7 9 18 47 14 13 20 40 7 2 27 20 11 27 14 
29 13 52 10 40 18 
AQUIIII!!55 9 11 21 40 12 34 16 0 29 7 27 17 10 2 15 
AQUIIII!!16 13 7 11 2 15 12 17 27 40 21 9 29 10 34 55 
AQUIIII!!0 17 34 21 7 2 27 16 12 9 11 40 29 AQUIIII!!10 55 15 17 55 AQUIIII!!24 
51 2 2 16 40 29 9 9 1 34 37 27 15 21 13 15 12 10 7 0 7 
11 17 21 16 29 12 27 55 
AQUIIII!!21 14 AQUIIII!!18 10 7 7 27 18 13 27 10 29 29 14 2 40 40 17 47 11 2 16 9 9 11 34 34 55 
21 13 20 55 
AQUIIII!!9 16 29 34 21 12 10 7 17 13 2 40 27 15 55 11 
AQUIIII!!12 15 10 29 11 9 17 21 34 AQUIIII!!7 55 40 34 13 9 27 21 2 40 16 13 55 14 
15 29 27 10 16 17 2 7 AQUIIII!!11 
34 27 2 17 16 14 9 29 10 AQUIIII!!18 7 55 2 13 21 7 17 11 40 21 40 55 9 
34 18 11 13 29 AQUIIII!!10 55 14 0 20 49 27 12 
23 1 50 16 15 21 17 29 24 37 48 51 
AQUIIII!!19 37 4 54 48 22 3 53 29 8 5 23 6 52 50 49 
AQUIIII!!37 7 17 2 24 27 29 12 21 16 50 1 AQUIIII!!51 55 15 0 0 15 55 29 
27 24 1 16 50 17 37 2 49 21 51 12 
AQUIIII!!55 47 29 18 20 7 52 10 11 27 2 9 40 13 14 34 
AQUIIII!!1 AQUIIII!!0 27 49 18 51 29 16 52 48 34 50 10 7 12 40 17 47 29 AQUIIII!!11 21 11 9 15 15 14 37 27 2 24 16 20 23 13 7 55 55 13 

29 2 9 17 10 40 34 AQUIIII!!21 16 55 29 14 9 
7 34 40 13 11 18 2 AQUIIII!!27 14 18 21 10 17 52 10 7 55 27 
34 9 40 29 20 11 14 47 2 13 55 
AQUIIII!!55 18 40 10 17 29 21 7 34 AQUIIII!!11 27 55 10 13 34 9 7 16 21 14 2 11 27 
29 17 12 AQUIIII!!13 14 2 40 40 29 9 18 15 27 16 9 
11 10 13 AQUIIII!!16 50 21 55 34 16 7 0 2 1 17 15 55 24 
21 29 51 2 7 17 37 12 27 
AQUIIII!!10 20 11 14 7 13 47 40 29 52 9 27 18 34 2 55 
AQUIIII!!50 29 15 17 37 27 51 2 49 1 12 24 0 21 16 55 
AQUIIII!!27 16 0 AQUIIII!!7 47 17 13 9 21 21 10 12 29 7 51 34 1 14 24 40 15 2 37 29 2 18 55 9 
20 27 11 55 
AQUIIII!!21 27 0 12 9 1 AQUIIII!!15 54 16 53 40 6 10 22 AQUIIII!!24 52 47 AQUIIII!!7 5 2 10 9 2 49 10 21 29 34 7 11 52 4 17 13 40 37 55 14 14 53 23 
40 29 27 8 17 18 19 11 27 48 20 29 13 3 34 7 
47 15 
34 AQUIIII!!9 7 AQUIIII!!16 10 2 14 29 55 10 27 
17 34 52 34 18 7 11 11 47 13 2 27 40 13 29 14 9 20 AQUIIII!!2 9 27 55 20 7 
40 10 21 47 29 18 13 55 AQUIIII!!11 55 
14 16 9 29 18 9 20 18 40 10 2 14 21 40 27 34 2 55 13 
17 34 7 21 11 
AQUIIII!!40 27 11 20 18 47 10 7 2 29 AQUIIII!!9 55 34 40 14 2 21 7 13 29 55 14 18 
13 9 10 11 27 47 20 21 34 
AQUIIII!!40 27 11 20 18 47 10 7 2 29 9 34 14 21 13 55 
AQUIIII!!7 13 2 17 9 18 11 10 40 20 34 29 14 27 21 55 
AQUIIII!!0 24 2 1 21 27 29 17 50 15 51 12 16 7 37 55 
AQUIIII!!13 7 AQUIIII!!AQUIIII!!14 21 18 9 15 7 14 21 34 10 9 10 7 34 52 29 27 11 40 2 40 27 17 27 13 9 16 14 11 34 10 18 29 20 2 40 11 16 13 17 55 55 55 
29 
47 2 
AQUIIII!!55 7 34 2 0 11 9 15 10 12 21 17 16 40 27 29 
AQUIIII!!55 13 11 10 16 27 21 34 40 15 9 29 2 14 17 7 
AQUIIII!!10 9 11 29 21 2 17 7 34 12 27 0 15 40 16 55 
AQUIIII!!13 7 2 16 40 27 12 15 21 17 11 10 29 34 9 55 
AQUIIII!!55 9 7 0 10 1 27 24 2 15 16 21 AQUIIII!!17 55 40 17 34 16 12 51 
27 21 29 37 7 1 24 AQUIIII!!0 55 2 50 12 51 9 12 15 27 
21 17 0 AQUIIII!!15 55 16 27 49 20 24 47 2 40 1 18 29 11 37 14 
2 29 10 34 13 9 52 7 
AQUIIII!!15 7 17 0 24 21 10 34 40 1 27 16 9 12 2 55 
AQUIIII!!13 18 52 27 9 2 47 10 20 29 11 40 7 34 55 14 
AQUIIII!!55 50 51 12 27 21 17 0 15 16 49 24 2 1 29 37 
AQUIIII!!55 50 51 12 27 21 17 0 15 16 49 24 2 1 29 37 
AQUIIII!!48 49 4 3 47 22 52 37 29 8 53 5 19 54 23 6 
AQUIIII!!55 0 50 15 37 16 23 17 48 49 21 51 1 29 12 24 
AQUIIII!!1 27 24 29 2 0 51 21 12 49 16 37 50 17 15 55 
AQUIIII!!50 55 AQUIIII!!29 0 55 49 10 24 11 23 40 51 16 9 37 12 2 13 1 16 7 21 34 48 12 29 17 27 15 17 
15 21 
AQUIIII!!55 51 1 0 48 17 AQUIIII!!15 10 29 17 49 16 27 16 21 24 2 50 13 12 9 23 14 37 40 
34 21 15 7 29 11 55 
AQUIIII!!55 15 24 21 17 29 2 50 0 51 37 12 16 1 27 49 
AQUIIII!!55 12 AQUIIII!!11 55 16 7 29 12 2 10 34 27 40 9 9 24 7 40 15 15 10 34 17 17 0 0 21 1 27 16 
21 2 
AQUIIII!!55 50 21 51 7 24 1 17 16 27 37 15 29 0 12 2 
AQUIIII!!51 55 12 29 2 15 1 17 24 16 49 21 27 AQUIIII!!37 50 55 0 0 
40 7 17 11 15 16 34 21 10 27 2 12 9 29 
AQUIIII!!55 15 17 29 0 50 12 51 1 16 AQUIIII!!37 55 2 15 24 37 7 17 27 24 2 21 1 
50 21 16 AQUIIII!!29 55 0 52 51 29 12 40 7 2 27 11 
14 34 20 13 27 47 7 9 10 18 
AQUIIII!!55 34 21 10 16 12 27 15 AQUIIII!!2 55 29 7 11 17 9 10 40 15 0 14 7 34 17 13 
9 29 16 40 27 21 11 2 
AQUIIII!!55 15 10 16 24 12 34 40 21 9 7 2 0 27 1 17 
AQUIIII!!34 18 27 11 2 21 13 14 9 10 AQUIIII!!7 55 40 50 16 48 29 17 17 21 55 15 
24 49 12 37 29 51 0 16 23 1 
AQUIIII!!55 15 27 2 40 7 9 21 13 14 17 10 34 16 29 11 
AQUIIII!!55 50 48 17 21 15 24 49 12 37 29 51 0 16 23 1 
AQUIIII!!55 50 48 17 21 15 24 49 12 37 29 51 0 16 23 1 
AQUIIII!!55 21 1 12 50 49 0 37 51 16 2 29 17 24 27 15 
AQUIIII!!34 40 20 7 21 9 10 11 29 18 55 27 14 13 2 47 
AQUIIII!!10 24 15 1 17 40 34 21 2 12 16 27 9 7 0 55 
AQUIIII!!55 7 9 13 27 20 18 2 11 40 10 14 29 17 AQUIIII!!34 53 21 54 
49 51 50 29 22 23 48 37 19 3 4 5 6 8 
AQUIIII!!0 24 37 16 2 50 21 1 12 29 27 15 7 17 51 55 
AQUIIII!!0 17 29 15 21 11 27 10 2 34 7 16 12 9 40 55 AQUIIII!!
0 24 37 16 2 50 21 1 12 29 27 15 7 17 51 55 
AQUIIII!!55 40 16 9 2 17 27 29 13 7 12 10 11 34 21 AQUIIII!!15 55 
17 50 15 24 12 51 29 21 1 0 48 49 23 37 16 
AQUIIII!!11 27 21 34 10 29 17 13 20 9 7 18 40 2 14 55 
AQUIIII!!55 29 24 12 15 37 2 0 1 27 17 16 7 21 51 50 
AQUIIII!!55 52 11 14 40 20 9 13 7 34 27 2 29 47 18 10 
AQUIIII!!55 14 11 29 21 2 34 27 10 AQUIIII!!13 55 40 27 47 7 9 13 18 10 7 18 20 29 
17 16 11 34 2 14 40 21 9 AQUIIII!!
55 13 40 18 34 14 52 10 20 29 2 27 47 9 11 7 
AQUIIII!!24 15 2 9 27 12 16 1 51 21 0 37 7 17 29 55 
AQUIIII!!55 17 2 27 11 7 34 18 10 21 9 13 29 40 20 14 
AQUIIII!!13 9 27 2 15 34 7 14 10 11 16 17 29 40 21 55 
AQUIIII!!55 7 37 16 15 24 9 0 17 12 1 2 21 27 51 29 
AQUIIII!!55 15 51 2 16 1 0 29 12 27 49 50 17 21 37 24 
AQUIIII!!55 18 16 9 34 21 40 14 11 2 7 29 10 27 17 13 
AQUIIII!!55 18 2 7 27 34 29 13 20 40 9 11 14 47 10 52 
AQUIIII!!55 2 29 9 13 21 40 11 17 16 7 10 27 34 15 14 
AQUIIII!!14 55 9 13 7 2 10 20 29 11 AQUIIII!!40 55 21 47 27 0 18 27 24 34 1 
9 12 16 2 29 7 37 51 15 21 17 
AQUIIII!!55 16 7 13 21 40 17 34 15 9 11 2 12 29 10 27 
AQUIIII!!55 34 17 16 40 9 2 11 27 10 7 21 29 14 18 13 
AQUIIII!!55 27 13 14 40 17 11 16 34 7 AQUIIII!!21 55 29 10 9 11 10 27 18 29 2 15 
34 16 9 17 21 40 7 12 2 0 
AQUIIII!!55 27 11 7 2 17 14 15 10 9 21 16 34 29 40 13 
AQUIIII!!55 13 15 34 40 9 14 10 17 21 16 27 7 29 11 2 
AQUIIII!!55 17 0 21 16 2 12 11 9 40 15 7 27 29 34 10 
AQUIIII!!55 18 29 40 11 10 16 21 7 2 9 34 14 27 13 17 
AQUIIII!!55 27 21 1 17 15 24 51 16 37 2 49 50 12 0 29 
AQUIIII!!55 29 10 13 9 20 7 34 18 21 2 17 27 11 40 14 
AQUIIII!!55 14 13 11 18 2 7 34 21 27 40 29 47 20 9 10 
AQUIIII!!55 7 14 9 10 29 15 40 2 16 11 27 13 21 34 17 
AQUIIII!!55 37 16 15 21 17 51 50 23 48 0 12 29 24 1 49 
AQUIIII!!55 50 24 1 37 49 17 21 23 29 16 0 48 51 15 12 
AQUIIII!!55 50 24 1 37 49 17 21 23 29 16 0 48 51 15 12 
AQUIIII!!55 10 17 15 34 7 2 27 24 0 12 9 40 21 16 1 
Number of Cuts in the second phase:6438
Number of repeat: 6023 
Violation: 327.000000
Violation: 654.000000
Violation: 218.000000
Violation: 200.000000
Violation: 600.000000
Violation: 179.000000
Violation: 149.000000
Violation: 257.000000
Violation: 342.000000
Violation: 228.000000
Violation: 218.000000
Violation: 327.000000
Violation: 403.000000
Violation: 600.000000
Violation: 438.000000
Violation: 327.000000
Violation: 155.000000
Violation: 171.000000
Violation: 342.000000
Violation: 257.000000
Violation: 513.000000
Violation: 184.000000
Violation: 428.000000
Violation: 257.000000
Violation: 175.000000
Violation: 1200.000000
Violation: 514.000000
Violation: 27.000000
Violation: 617.000000
Violation: 102.000000
Violation: 171.000000
Violation: 109.000000
Violation: 400.000000
Violation: 199.000000
Violation: 171.000000
Violation: 476.000000
Violation: 569.000000
Violation: 199.000000
Violation: 284.000000
Violation: 71.000000
Violation: 513.000000
Violation: 763.000000
Violation: 171.000000
Violation: 82.000000
Violation: 397.000000
Violation: 773.000000
Violation: 112.000000
Violation: 771.000000
Violation: 262.000000
Violation: 689.000000
Violation: 408.000000
Violation: 626.000000
Violation: 363.000000
Violation: 432.000000
Violation: 171.000000
Violation: 113.000000
Violation: 365.000000
Violation: 222.000000
Violation: 470.000000
Violation: 218.000000
Violation: 200.000000
Violation: 366.000000
Violation: 654.000000
Violation: 113.000000
Violation: 342.000000
Violation: 428.000000
Violation: 606.000000
Violation: 109.000000
Violation: 748.000000
Violation: 939.000000
Violation: 397.000000
Violation: 226.000000
Violation: 293.000000
Violation: 199.000000
Violation: 102.000000
Violation: 884.000000
Violation: 199.000000
Violation: 662.000000
Violation: 284.000000
Violation: 1084.000000
Violation: 292.000000
Violation: 758.000000
Violation: 98.000000
Violation: 284.000000
Violation: 276.000000
Violation: 218.000000
Violation: 398.000000
Violation: 869.000000
Violation: 222.000000
Violation: 869.000000
Violation: 105.000000
Violation: 342.000000
Violation: 990.000000
Violation: 200.000000
Violation: 113.000000
Violation: 753.000000
Violation: 339.000000
Violation: 671.000000
Violation: 455.000000
Violation: 226.000000
Violation: 397.000000
Violation: 294.000000
Violation: 388.000000
Violation: 226.000000
Violation: 200.000000
Violation: 425.000000
Violation: 514.000000
Violation: 414.000000
Violation: 222.000000
Violation: 288.000000
Violation: 262.000000
Violation: 872.000000
Violation: 685.000000
Violation: 769.000000
Violation: 168.000000
Violation: 246.000000
Violation: 164.000000
Violation: 348.000000
Violation: 424.000000
Violation: 226.000000
Violation: 458.000000
Violation: 762.000000
Violation: 428.000000
Violation: 1000.000000
Violation: 341.000000
Violation: 599.000000
Violation: 798.000000
Violation: 162.000000
Violation: 484.000000
Violation: 460.000000
Violation: 350.000000
Violation: 1000.000000
Violation: 226.000000
Violation: 787.000000
Violation: 407.000000
Violation: 114.000000
Violation: 339.000000
Violation: 255.000000
Violation: 237.000000
Violation: 611.000000
Violation: 394.000000
Violation: 297.000000
Violation: 292.000000
Violation: 456.000000
Violation: 350.000000
Violation: 243.000000
Violation: 298.000000
Violation: 185.000000
Violation: 939.000000
Violation: 537.000000
Violation: 806.000000
Violation: 981.000000
Violation: 330.000000
Violation: 716.000000
Violation: 291.000000
Violation: 147.000000
Violation: 971.000000
Violation: 1028.000000
Violation: 85.000000
Violation: 200.000000
Violation: 428.000000
Violation: 768.000000
Violation: 113.000000
Violation: 446.000000
Violation: 365.000000
Violation: 342.000000
Violation: 872.000000
Violation: 400.000000
Violation: 310.000000
Violation: 436.000000
Violation: 512.000000
Violation: 313.000000
Violation: 600.000000
Violation: 293.000000
Violation: 443.000000
Violation: 1174.000000
Violation: 178.000000
Violation: 576.000000
Violation: 226.000000
Violation: 1462.000000
Violation: 428.000000
Violation: 599.000000
Violation: 400.000000
Violation: 32.000000
Violation: 635.000000
Violation: 766.000000
Violation: 317.000000
Violation: 171.000000
Violation: 393.000000
Violation: 409.000000
Violation: 397.000000
Violation: 98.000000
Violation: 541.000000
Violation: 569.000000
Violation: 512.000000
Violation: 561.000000
Violation: 677.000000
Violation: 599.000000
Violation: 589.000000
Violation: 397.000000
Violation: 498.000000
Violation: 775.000000
Violation: 569.000000
Violation: 880.000000
Violation: 483.000000
Violation: 541.000000
Violation: 406.000000
Violation: 577.000000
Violation: 355.000000
Violation: 763.000000
Violation: 269.000000
Violation: 599.000000
Violation: 446.000000
Violation: 231.000000
Violation: 480.000000
Violation: 370.000000
Violation: 432.000000
Violation: 167.000000
Violation: 501.000000
Violation: 498.000000
Violation: 748.000000
Violation: 345.000000
Violation: 285.000000
Violation: 480.000000
Violation: 222.000000
Violation: 542.000000
Violation: 428.000000
Violation: 364.000000
Violation: 269.000000
Violation: 799.000000
Violation: 447.000000
Violation: 83.000000
Violation: 483.000000
Violation: 140.000000
Violation: 339.000000
Violation: 1033.000000
Violation: 677.000000
Violation: 548.000000
Violation: 844.000000
Violation: 872.000000
Violation: 724.000000
Violation: 542.000000
Violation: 581.000000
Violation: 97.000000
Violation: 1145.000000
Violation: 912.000000
Violation: 501.000000
Violation: 798.000000
Violation: 660.000000
Violation: 392.000000
Violation: 199.000000
Violation: 359.000000
Violation: 170.000000
Violation: 549.000000
Violation: 289.000000
Violation: 820.000000
Violation: 43.000000
Violation: 284.000000
Violation: 763.000000
Violation: 373.000000
Violation: 331.000000
Violation: 564.000000
Violation: 771.000000
Violation: 654.000000
Violation: 857.000000
Violation: 1130.000000
Violation: 989.000000
Violation: 199.000000
Violation: 542.000000
Violation: 636.000000
Violation: 632.000000
Violation: 691.000000
Violation: 426.000000
Violation: 262.000000
Violation: 358.000000
Violation: 288.000000
Violation: 463.000000
Violation: 968.000000
Violation: 912.000000
Violation: 432.000000
Violation: 1364.000000
Violation: 114.000000
Violation: 542.000000
Violation: 427.000000
Violation: 291.000000
Violation: 298.000000
Violation: 226.000000
Violation: 611.000000
Violation: 98.000000
Violation: 514.000000
Violation: 912.000000
Violation: 341.000000
Violation: 576.000000
Violation: 413.000000
Violation: 514.000000
Violation: 318.000000
Violation: 109.000000
Violation: 281.000000
Violation: 611.000000
Violation: 366.000000
Violation: 370.000000
Violation: 268.000000
Violation: 109.000000
Violation: 415.000000
Violation: 545.000000
Violation: 55.000000
Violation: 541.000000
Violation: 370.000000
Violation: 341.000000
Violation: 748.000000
Violation: 79.000000
Violation: 261.000000
Violation: 456.000000
Violation: 598.000000
Violation: 569.000000
Violation: 503.000000
Violation: 114.000000
Violation: 262.000000
Violation: 635.000000
Violation: 514.000000
Violation: 698.000000
Violation: 572.000000
Violation: 228.000000
Violation: 342.000000
Violation: 681.000000
Violation: 446.000000
Violation: 289.000000
Violation: 799.000000
Violation: 547.000000
Violation: 368.000000
Violation: 381.000000
Violation: 371.000000
Violation: 512.000000
Violation: 503.000000
Violation: 140.000000
Violation: 652.000000
Violation: 399.000000
Violation: 393.000000
Violation: 497.000000
Violation: 575.000000
Violation: 1090.000000
Violation: 401.000000
Violation: 959.000000
Violation: 1084.000000
Violation: 585.000000
Violation: 75.000000
Violation: 898.000000
Violation: 365.000000
Violation: 55.000000
Violation: 97.000000
Violation: 302.000000
Violation: 339.000000
Violation: 234.000000
Violation: 663.000000
Violation: 385.000000
Violation: 529.000000
Violation: 935.000000
Violation: 561.000000
Violation: 250.000000
Violation: 828.000000
Violation: 443.000000
Violation: 1072.000000
Violation: 567.000000
Violation: 427.000000
Violation: 712.000000
Violation: 561.000000
Violation: 342.000000
Violation: 1056.000000
Violation: 55.000000
Violation: 392.000000
Violation: 1082.000000
Violation: 521.000000
Violation: 143.000000
Violation: 284.000000
Violation: 225.000000
Violation: 370.000000
Violation: 201.000000
Violation: 589.000000
Violation: 568.000000
Violation: 970.000000
Violation: 835.000000
Violation: 452.000000
Violation: 394.000000
Violation: 939.000000
Violation: 1187.000000
Violation: 681.000000
Violation: 747.000000
Violation: 27.000000
Violation: 568.000000
Violation: 284.000000
Violation: 313.000000
Violation: 342.000000
Violation: 678.000000
Violation: 175.000000
Violation: 590.000000
Violation: 513.000000
Violation: 342.000000
Violation: 740.000000
Violation: 333.000000
Violation: 739.000000
Violation: 611.000000
Violation: 631.000000
Violation: 559.000000
Violation: 939.000000
Violation: 282.000000
Violation: 236.000000
Violation: 533.000000
Violation: 171.000000
Violation: 1548.000000
Violation: 142.000000
Violation: 455.000000
Violation: 341.000000
Violation: 397.000000
Violation: 775.000000
Violation: 417.000000
7404 16
AQUIIII!!55 AQUIIII!!0 55 10 9 2 13 40 11 17 34 24 2 40 9 14 21 29 34 27 16 15 12 17 7 10 15 7 1 21 16 27 

AQUIIII!!6 20 54 23 29 5 AQUIIII!!8 14 AQUIIII!!3 20 22 1 11 AQUIIII!!53 12 17 9 37 49 34 13 19 48 14 9 AQUIIII!!52 10 17 24 15 4 29 18 0 2 48 18 40 15 11 47 2 27 37 10 
7 21 27 23 20 29 0 29 34 2 7 16 11 7 40 AQUIIII!!21 17 13 9 37 27 21 55 34 49 10 
50 17 12 40 51 15 29 55 24 16 
55 29 17 
12 21 AQUIIII!!55 21 2 51 
34 2 1 15 16 0 27 7 50 16 0 10 55 AQUIIII!!AQUIIII!!40 
11 15 17 17 10 27 34 21 12 AQUIIII!!29 40 21 11 16 2 AQUIIII!!9 10 29 13 13 34 1 14 7 20 29 24 40 27 27 9 55 34 16 9 AQUIIII!!AQUIIII!!47 
9 21 14 40 7 27 17 0 10 29 40 18 2 10 40 20 27 27 20 9 18 52 29 7 21 12 2 34 AQUIIII!!21 11 14 AQUIIII!!15 29 11 29 55 13 17 7 55 
34 18 17 13 13 17 
47 27 7 7 2 9 11 15 14 1 40 34 40 27 7 12 55 15 11 10 52 15 
16 16 13 55 24 11 AQUIIII!!AQUIIII!!10 9 
37 10 24 10 2 34 53 0 27 AQUIIII!!AQUIIII!!12 27 9 16 47 12 0 AQUIIII!!55 2 20 23 18 21 
2 29 21 10 21 7 11 29 AQUIIII!!7 50 
16 29 50 12 7 34 2 15 51 18 51 21 24 17 10 13 55 48 37 40 50 0 AQUIIII!!
40 7 1 51 1 2 2 29 16 40 17 27 15 20 55 9 27 21 37 18 2 
9 18 24 34 16 12 29 AQUIIII!!2 2 11 20 29 27 12 47 1 11 9 11 49 17 27 29 9 14 17 0 15 17 17 7 14 2 9 55 34 55 34 40 17 13 
21 21 20 
21 55 14 11 14 9 16 
10 7 29 13 21 40 13 34 14 55 27 55 40 2 
34 
10 18 27 55 10 7 
55 7 
21 13 55 
AQUIIII!!55 16 AQUIIII!!9 40 55 16 7 13 12 11 9 15 40 12 27 10 7 21 11 17 34 27 0 34 2 2 29 21 
10 15 29 17 
AQUIIII!!55 1 0 9 12 29 16 17 37 21 15 51 7 27 24 2 
AQUIIII!!15 49 29 48 0 12 16 23 1 21 37 50 51 17 24 55 AQUIIII!!
29 17 AQUIIII!!21 29 15 40 24 17 0 15 16 21 37 16 12 13 51 27 50 11 23 9 1 2 49 48 34 55 10 
7 AQUIIII!!14 16 55 29 
34 40 2 7 17 13 21 27 14 10 AQUIIII!!15 34 9 40 11 20 AQUIIII!!55 AQUIIII!!14 17 
18 10 2 20 7 AQUIIII!!37 13 29 16 1 21 18 AQUIIII!!15 9 7 27 10 27 16 AQUIIII!!10 10 14 7 9 0 9 11 27 34 34 21 21 21 AQUIIII!!27 9 14 18 7 17 13 16 27 12 0 17 13 10 17 34 17 40 34 51 29 2 10 11 40 40 11 11 29 29 21 11 2 2 40 2 17 29 7 12 13 2 15 55 27 55 AQUIIII!!9 9 18 
2 21 AQUIIII!!27 AQUIIII!!29 34 
21 2 9 12 13 14 17 24 7 11 40 24 7 29 55 55 40 29 50 20 
17 14 
15 27 55 55 17 16 14 1 

55 27 AQUIIII!!10 0 AQUIIII!!11 7 17 7 11 21 40 
9 9 9 16 29 20 AQUIIII!!18 11 2 15 40 14 13 34 14 40 51 34 17 7 27 49 2 13 34 11 10 15 16 12 10 9 34 21 2 2 7 13 17 16 17 29 21 16 21 55 29 37 13 13 29 
14 55 16 29 15 27 
27 55 11 10 
18 40 21 55 15 27 
2 9 34 21 10 7 55 55 

AQUIIII!!17 49 2 AQUIIII!!29 51 50 17 51 24 0 21 15 23 27 49 16 16 AQUIIII!!37 0 55 12 37 17 29 21 1 1 21 50 24 29 12 55 27 48 
15 18 55 11 
7 34 2 20 40 14 10 13 9 
AQUIIII!!55 2 16 21 11 27 29 34 0 40 10 15 9 17 12 7 
AQUIIII!!48 17 1 21 23 49 16 24 29 12 51 50 15 37 0 55 
AQUIIII!!2 10 20 14 9 21 34 13 11 18 29 17 40 7 27 55 
AQUIIII!!21 AQUIIII!!1 27 51 40 50 9 23 15 29 0 16 48 29 12 0 24 12 37 34 17 49 11 16 2 15 17 7 55 
21 10 55 
AQUIIII!!34 20 11 27 7 14 18 52 29 AQUIIII!!2 AQUIIII!!9 40 49 27 9 51 29 13 17 12 10 12 10 47 1 15 55 2 11 
29 40 27 16 0 0 21 21 50 AQUIIII!!24 34 13 37 7 21 16 17 11 15 2 10 55 55 9 

20 7 2 14 27 40 AQUIIII!!29 12 7 AQUIIII!!34 29 11 18 AQUIIII!!15 17 40 2 21 55 7 0 37 
47 1 27 2 24 16 13 9 2 29 1 21 14 0 17 27 17 7 9 27 51 34 9 51 18 24 21 37 55 20 16 
10 29 55 12 
15 55 
AQUIIII!!51 1 AQUIIII!!21 29 50 7 24 15 15 10 29 9 16 11 37 16 48 AQUIIII!!40 23 21 14 12 0 27 2 49 7 27 34 12 34 9 17 13 29 55 17 20 
55 18 
2 47 52 13 10 40 11 55 AQUIIII!!
55 15 50 29 2 7 27 16 17 37 1 21 24 AQUIIII!!0 2 12 47 51 53 
18 27 29 52 10 7 34 20 11 13 9 40 14 
AQUIIII!!55 9 12 27 34 7 0 10 17 24 2 40 1 21 16 15 
AQUIIII!!AQUIIII!!2 52 37 13 47 24 29 17 20 12 18 1 7 15 40 27 11 9 27 16 34 14 29 2 51 10 0 9 21 55 7 
55 
AQUIIII!!13 55 14 20 52 9 34 47 40 29 11 27 18 7 2 10 
AQUIIII!!13 AQUIIII!!14 18 27 16 21 2 20 14 34 40 9 9 2 17 10 21 47 13 11 10 29 11 7 34 18 29 40 27 55 7 
55 
AQUIIII!!55 50 0 29 2 AQUIIII!!17 51 12 2 51 7 37 29 15 17 37 16 15 1 16 7 0 21 12 27 50 24 24 
27 1 21 55 
AQUIIII!!55 16 48 21 17 37 0 50 15 12 24 29 23 51 1 49 
AQUIIII!!37 7 24 21 12 2 AQUIIII!!16 52 51 10 0 18 27 9 17 40 50 27 29 20 11 1 34 15 47 55 29 
14 7 2 55 13 
AQUIIII!!AQUIIII!!55 29 29 2 17 34 15 11 2 7 21 40 9 17 0 18 40 10 12 27 11 21 16 13 10 20 34 9 7 14 55 27 

AQUIIII!!55 21 40 27 11 15 16 2 7 AQUIIII!!34 21 10 7 13 2 12 29 16 9 13 17 40 
10 29 27 17 14 15 11 9 34 55 
AQUIIII!!7 2 9 16 29 40 21 14 10 27 15 11 34 17 13 55 
AQUIIII!!11 34 27 14 9 13 10 29 52 20 7 40 18 2 47 55 
AQUIIII!!11 34 27 14 9 13 10 29 52 20 7 40 18 2 47 55 
AQUIIII!!40 47 34 18 20 27 29 14 9 21 2 7 10 13 11 AQUIIII!!55 51 
15 50 1 17 24 AQUIIII!!16 50 49 27 12 21 37 2 29 0 21 17 2 16 0 24 27 51 55 15 
49 29 12 37 1 55 
AQUIIII!!49 29 12 17 23 37 16 1 48 50 AQUIIII!!51 40 15 47 21 34 24 18 0 20 55 27 
29 14 9 21 2 7 10 AQUIIII!!13 55 11 7 55 
17 15 12 29 10 16 9 11 0 34 2 40 27 21 
AQUIIII!!34 20 2 47 21 40 27 9 14 29 10 18 13 7 11 55 
AQUIIII!!2 34 18 9 16 40 13 27 14 29 AQUIIII!!21 55 17 7 7 34 10 29 11 18 55 20 
11 40 14 21 10 13 27 9 2 17 
AQUIIII!!55 9 34 2 27 15 7 14 16 21 40 29 17 10 13 AQUIIII!!11 
55 9 17 40 15 7 11 34 21 27 0 12 29 2 10 16 
AQUIIII!!52 48 49 53 19 6 22 47 23 54 4 3 8 5 29 37 
AQUIIII!!55 12 17 16 27 15 1 2 37 29 24 51 0 7 21 9 
AQUIIII!!55 2 11 9 0 10 12 17 21 29 15 34 27 7 40 16 
AQUIIII!!55 13 2 47 14 7 20 40 10 9 11 52 34 27 29 18 
AQUIIII!!55 34 7 17 13 16 9 29 27 10 18 40 14 11 2 21 
AQUIIII!!55 13 2 47 14 7 20 40 10 9 11 52 34 27 29 18 
AQUIIII!!55 11 18 29 10 40 2 13 27 7 9 21 20 14 47 34 
AQUIIII!!55 40 2 20 AQUIIII!!11 55 7 21 10 13 13 2 18 10 52 29 34 11 14 14 9 20 29 34 27 18 47 17 
7 27 9 40 
AQUIIII!!10 40 7 34 20 11 21 18 9 14 29 17 27 2 55 13 AQUIIII!!
55 10 27 21 40 0 2 1 15 17 24 34 9 12 16 7 
AQUIIII!!55 13 7 40 52 14 18 10 20 47 27 34 11 9 29 2 
AQUIIII!!55 18 10 29 11 2 34 40 47 9 14 52 13 20 27 7 
AQUIIII!!55 2 24 1 40 21 17 9 10 34 0 7 12 16 27 15 
AQUIIII!!13 55 21 14 9 2 7 34 10 18 11 27 29 40 17 20 
AQUIIII!!55 2 34 10 9 21 12 13 15 27 7 17 40 16 11 29 
AQUIIII!!15 34 27 7 2 40 16 17 12 11 10 0 9 29 21 55 
AQUIIII!!55 10 2 13 21 29 7 11 40 27 16 34 14 9 17 15 
AQUIIII!!29 27 15 AQUIIII!!21 55 27 7 15 12 0 40 21 17 50 16 37 9 51 13 1 29 2 12 10 7 34 16 55 17 11 2 24 

AQUIIII!!55 9 7 40 11 12 2 13 34 16 15 21 29 27 17 10 
AQUIIII!!55 34 10 29 11 18 27 17 40 16 7 13 2 9 14 21 
AQUIIII!!7 14 2 18 10 34 52 20 13 9 27 11 29 47 40 55 
AQUIIII!!55 0 1 27 16 9 29 24 51 15 37 17 12 21 2 7 
AQUIIII!!55 1 15 21 0 51 27 50 16 37 2 17 24 12 49 29 
AQUIIII!!48 55 1 17 37 29 15 51 50 0 12 16 49 24 23 21 
AQUIIII!!55 27 34 11 21 9 13 20 7 18 29 10 14 47 2 40 
AQUIIII!!55 7 34 11 17 10 40 15 21 9 2 27 29 14 16 13 
AQUIIII!!55 16 23 17 48 21 0 24 29 37 51 15 12 50 49 1 
AQUIIII!!55 15 17 27 34 29 9 10 12 40 7 0 2 21 11 16 
AQUIIII!!55 29 24 21 17 15 48 49 16 0 AQUIIII!!55 23 12 14 7 50 13 37 10 1 21 51 20 
11 9 29 34 2 27 18 40 17 
Number of Cuts in the second phase:5595
Number of repeat: 5462 
Violation: 445.000000
Violation: 1298.000000
Violation: 592.000000
Violation: 698.000000
Violation: 85.000000
Violation: 462.000000
Violation: 402.000000
Violation: 681.000000
Violation: 336.000000
Violation: 846.000000
Violation: 568.000000
Violation: 572.000000
Violation: 568.000000
Violation: 43.000000
Violation: 385.000000
Violation: 548.000000
Violation: 748.000000
Violation: 237.000000
Violation: 769.000000
Violation: 712.000000
Violation: 475.000000
Violation: 53.000000
Violation: 569.000000
Violation: 263.000000
Violation: 1374.000000
Violation: 513.000000
Violation: 798.000000
Violation: 265.000000
Violation: 321.000000
Violation: 113.000000
Violation: 148.000000
Violation: 309.000000
Violation: 666.000000
Violation: 179.000000
Violation: 312.000000
Violation: 1625.000000
Violation: 264.000000
Violation: 597.000000
Violation: 476.000000
Violation: 255.000000
Violation: 167.000000
Violation: 431.000000
Violation: 441.000000
Violation: 684.000000
Violation: 370.000000
Violation: 177.000000
Violation: 397.000000
Violation: 452.000000
Violation: 176.000000
Violation: 843.000000
Violation: 185.000000
Violation: 568.000000
Violation: 195.000000
Violation: 600.000000
Violation: 14.000000
Violation: 770.000000
Violation: 404.000000
Violation: 485.000000
Violation: 5.000000
Violation: 395.000000
Violation: 283.000000
Violation: 281.000000
Violation: 348.000000
Violation: 1196.000000
Violation: 331.000000
Violation: 311.000000
Violation: 309.000000
Violation: 753.000000
Violation: 253.000000
Violation: 319.000000
Violation: 319.000000
Violation: 405.000000
Violation: 225.000000
Violation: 349.000000
Violation: 938.000000
Violation: 654.000000
Violation: 428.000000
Violation: 684.000000
Violation: 812.000000
Violation: 140.000000
Violation: 112.000000
Violation: 255.000000
Violation: 568.000000
Violation: 302.000000
Violation: 317.000000
Violation: 529.000000
Violation: 55.000000
Violation: 206.000000
Violation: 318.000000
Violation: 752.000000
Violation: 292.000000
Violation: 282.000000
Violation: 320.000000
Violation: 364.000000
Violation: 405.000000
Violation: 84.000000
Violation: 517.000000
Violation: 512.000000
Violation: 432.000000
Violation: 382.000000
Violation: 213.000000
Violation: 450.000000
Violation: 206.000000
Violation: 643.000000
Violation: 226.000000
Violation: 82.000000
Violation: 561.000000
Violation: 510.000000
Violation: 428.000000
Violation: 93.000000
Violation: 284.000000
Violation: 177.000000
Violation: 394.000000
Violation: 596.000000
Violation: 989.000000
Violation: 424.000000
Violation: 763.000000
Violation: 662.000000
Violation: 106.000000
Violation: 262.000000
Violation: 1130.000000
Violation: 293.000000
Violation: 223.000000
Violation: 622.000000
Violation: 853.000000
Violation: 234.000000
Violation: 460.000000
Violation: 360.000000
Violation: 621.000000
Violation: 297.000000
Violation: 474.000000
Violation: 475.000000
Violation: 281.000000
took 4.825308
Optimize a model with 915 rows, 906 columns and 12338 nonzeros
Coefficient statistics:
  Matrix range     [1e+00, 4e+01]
  Objective range  [0e+00, 0e+00]
  Bounds range     [1e+00, 4e+01]
  RHS range        [1e+00, 1e+02]
Presolve removed 461 rows and 108 columns
Presolve time: 0.00s
Presolved: 454 rows, 798 columns, 9764 nonzeros

Iteration    Objective       Primal Inf.    Dual Inf.      Time
       0    0.0000000e+00   4.570005e+01   0.000000e+00      0s
     130    0.0000000e+00   0.000000e+00   0.000000e+00      0s

Solved in 130 iterations and 0.01 seconds
Optimal objective  0.000000000e+00
