A-4.txt_s2.txt
Academic license - for non-commercial use only
Read LP format model from file lp/A-4.txt.lp
Reading time = 0.05 seconds
: 961 rows, 10797 columns, 131727 nonzeros
OKGPU
nThreads: 1024 , nBlocks: 12 
Number cuts generated in the phase 1: 12
Number of repeat: 1 
violation 263.000000
violation 199.000000
violation 174.000000
violation 174.000000
violation 104.000000
violation 45.000000
violation 336.000000
violation 308.000000
violation 773.000000
violation 50.000000
violation 559.000000
8592 16
AQUIIII!!142 64 21 135 AQUIIII!!19 142 18 139 134 AQUIIII!!89 142 20 86 6 137 135 29 139 136 20 88 135 86 134 AQUIIII!!8 136 29 142 7 61 64 
7 6 21 21 8 136 7 6 89 64 18 134 134 139 88 AQUIIII!!19 139 142 64 AQUIIII!!21 AQUIIII!!6 86 89 7 142 9 142 20 136 64 21 89 135 19 8 19 86 29 134 20 75 88 
86 18 29 139 29 
20 6 
21 88 136 89 21 6 136 86 7 29 29 64 137 7 19 136 64 88 20 88 8 135 135 135 139 7 134 6 139 
89 134 89 

AQUIIII!!45 89 20 18 19 29 88 86 21 5 64 139 134 144 142 6 
AQUIIII!!19 21 134 89 20 64 5 139 45 6 86 29 88 144 18 142 
AQUIIII!!89 64 7 135 8 75 139 29 134 136 137 21 61 6 9 AQUIIII!!AQUIIII!!142 8 
20 135 0 21 6 144 136 78 134 139 137 75 29 7 31 114 45 10 AQUIIII!!88 61 8 AQUIIII!!89 19 86 9 134 88 134 139 21 135 18 142 7 137 96 
135 6 139 55 64 89 5 136 20 142 9 136 
AQUIIII!!6 89 6 8 139 86 29 21 89 137 134 144 75 7 64 61 64 29 29 142 7 142 
18 
21 134 88 139 5 19 20 142 
AQUIIII!!AQUIIII!!134 134 18 19 29 89 18 20 86 64 6 AQUIIII!!5 6 88 5 21 21 144 134 64 144 7 21 89 19 139 86 AQUIIII!!45 86 139 9 20 AQUIIII!!88 142 7 11 88 5 
8 7 88 29 1 6 18 114 86 139 18 10 20 142 89 6 64 5 61 
29 75 19 139 135 6 64 21 7 134 136 29 19 0 89 144 137 20 144 89 AQUIIII!!142 21 142 142 

6 
8 139 7 61 89 9 75 136 135 64 137 29 134 142 
AQUIIII!!7 61 9 75 0 139 135 134 8 10 136 AQUIIII!!114 137 139 89 89 6 7 142 21 
19 18 88 6 20 AQUIIII!!64 18 135 19 86 135 29 29 142 7 5 134 134 6 
89 136 86 20 139 21 64 88 142 
AQUIIII!!AQUIIII!!6 7 88 139 AQUIIII!!AQUIIII!!29 86 134 29 136 88 18 88 8 6 18 18 19 135 64 21 6 139 AQUIIII!!21 20 AQUIIII!!64 61 89 5 139 29 5 7 134 114 144 6 96 19 144 137 AQUIIII!!89 64 88 31 1 20 7 45 20 86 8 134 21 29 89 21 19 7 64 20 45 20 6 19 11 AQUIIII!!86 139 0 61 88 86 136 89 114 142 137 142 89 45 1 135 21 89 9 5 
142 144 9 135 
10 134 
75 10 29 135 142 136 6 18 0 75 
10 19 114 136 8 139 134 1 9 135 61 78 0 136 137 142 55 142 6 
139 
89 142 139 
8 75 7 AQUIIII!!142 88 
18 19 20 AQUIIII!!139 7 86 10 5 0 6 114 29 136 AQUIIII!!89 134 142 21 8 AQUIIII!!135 135 1 139 137 7 89 139 64 8 64 18 75 114 7 136 9 6 142 135 20 AQUIIII!!11 
6 134 86 9 61 20 29 137 142 8 86 1 
6 6 61 88 64 0 88 21 136 139 7 75 89 134 89 137 135 10 7 19 
142 21 AQUIIII!!AQUIIII!!135 
8 136 134 134 89 139 AQUIIII!!139 29 135 142 9 142 64 10 75 AQUIIII!!88 
137 142 61 135 8 89 7 8 137 61 136 21 0 7 75 21 29 7 9 6 6 6 61 135 10 64 134 6 64 20 7 135 89 136 29 8 139 139 137 137 9 136 86 89 1 136 29 142 114 
89 75 

AQUIIII!!142 139 
61 135 1 6 0 89 137 8 10 9 AQUIIII!!136 139 7 114 29 75 88 142 21 AQUIIII!!
7 139 20 135 136 86 134 134 89 135 61 AQUIIII!!19 29 142 6 136 8 AQUIIII!!89 AQUIIII!!9 6 29 18 8 137 8 64 88 11 64 137 18 142 89 7 89 6 
137 21 7 20 61 6 139 61 135 75 144 134 136 9 64 139 142 6 45 75 
1 21 114 0 19 135 136 86 9 7 89 114 0 5 10 75 134 10 142 
142 

AQUIIII!!142 89 6 8 7 11 61 114 136 0 135 75 1 10 9 137 
AQUIIII!!18 88 21 29 20 86 7 6 19 134 139 89 136 135 64 142 
AQUIIII!!142 20 7 136 6 64 134 86 29 135 137 139 89 8 88 21 
AQUIIII!!29 134 75 64 9 89 7 8 137 6 135 61 136 21 139 142 
AQUIIII!!139 137 6 8 0 134 9 114 89 75 135 10 61 136 7 142 
AQUIIII!!8 64 137 134 7 21 89 61 135 136 9 75 29 6 139 AQUIIII!!142 64 134 
21 8 139 6 88 136 137 20 135 7 86 29 89 142 
AQUIIII!!142 29 88 AQUIIII!!31 20 19 144 144 134 45 5 139 96 21 134 88 55 5 139 19 21 20 18 18 AQUIIII!!29 78 89 86 
6 134 45 7 86 19 64 64 142 18 
135 136 89 20 139 21 6 29 88 142 
AQUIIII!!139 137 6 8 0 134 9 114 89 75 135 10 61 136 7 142 
AQUIIII!!142 19 64 89 136 134 18 139 7 29 86 135 6 21 88 20 
AQUIIII!!10 7 0 114 9 89 61 1 139 136 75 135 142 8 6 AQUIIII!!137 142 64 
29 5 88 86 20 89 21 139 18 19 6 134 135 7 
AQUIIII!!144 88 86 18 20 64 29 139 5 19 21 89 6 134 AQUIIII!!7 142 142 21 29 
AQUIIII!!134 5 142 45 18 89 144 88 19 21 86 86 88 18 20 64 136 139 6 135 20 64 
134 89 AQUIIII!!7 142 139 29 6 20 29 19 144 
78 139 96 21 31 19 88 5 55 45 134 18 
AQUIIII!!21 142 86 134 20 64 6 89 5 144 7 19 29 139 88 18 
AQUIIII!!AQUIIII!!142 8 8 136 9 134 6 7 139 10 88 89 89 136 21 1 29 0 6 114 64 75 61 135 7 86 135 19 137 20 
139 142 
AQUIIII!!AQUIIII!!142 20 7 21 21 89 134 136 19 139 88 8 137 64 88 29 135 6 7 20 134 86 64 6 135 139 AQUIIII!!
8 135 86 89 89 134 29 AQUIIII!!137 136 7 8 142 AQUIIII!!135 10 
64 64 AQUIIII!!139 21 5 61 75 18 18 89 136 86 139 64 6 114 19 10 61 5 88 137 29 20 9 7 19 6 7 6 134 0 8 21 86 29 6 9 88 89 139 142 7 75 134 
20 139 136 89 142 29 142 135 
144 134 
142 
AQUIIII!!142 89 19 139 135 64 88 134 AQUIIII!!AQUIIII!!20 19 19 21 139 89 136 20 20 18 21 6 86 AQUIIII!!89 29 29 10 45 88 7 139 86 6 139 114 144 1 136 
6 18 8 6 7 86 61 134 21 0 AQUIIII!!7 29 135 9 135 5 8 10 64 137 134 61 9 64 88 137 89 142 142 0 136 
AQUIIII!!75 
75 8 29 142 88 
114 AQUIIII!!7 134 8 7 136 7 20 139 86 135 10 89 64 75 135 136 135 134 6 114 142 6 136 
137 6 8 139 89 137 21 89 139 142 9 
61 134 0 142 
AQUIIII!!18 AQUIIII!!86 134 139 45 6 29 29 6 19 18 135 5 20 88 7 89 21 20 64 19 136 144 89 86 21 88 64 134 139 142 
142 
AQUIIII!!142 75 135 136 7 29 9 137 89 139 134 64 8 61 10 6 
AQUIIII!!135 19 139 21 136 29 18 7 89 134 64 20 88 6 86 142 
AQUIIII!!89 134 135 136 21 20 64 86 139 6 7 88 29 8 137 142 
AQUIIII!!64 139 61 135 7 137 136 89 9 8 75 10 29 134 6 142 
AQUIIII!!142 10 64 75 137 6 136 61 29 135 139 89 8 7 9 134 
AQUIIII!!11 6 9 0 61 89 10 75 114 135 137 1 8 136 7 142 
AQUIIII!!5 64 20 134 86 7 88 21 19 6 139 89 29 18 144 142 
AQUIIII!!88 139 20 89 135 19 7 6 134 64 86 8 21 29 136 142 
AQUIIII!!5 18 6 89 64 86 144 7 29 134 21 20 19 88 139 142 
AQUIIII!!11 6 9 0 61 89 10 75 114 135 137 1 8 136 7 142 
AQUIIII!!135 139 114 7 9 1 89 61 136 137 10 8 75 6 0 142 
AQUIIII!!7 135 9 6 89 64 136 29 137 21 139 61 134 8 75 142 
AQUIIII!!136 75 0 8 137 9 139 AQUIIII!!6 135 10 139 114 18 134 64 21 135 88 7 19 61 5 89 6 142 86 
89 134 20 29 7 142 AQUIIII!!
142 75 64 61 135 8 29 137 10 6 9 7 139 89 136 134 
AQUIIII!!78 19 29 144 88 134 45 18 20 55 31 21 139 5 96 142 
AQUIIII!!7 139 6 89 64 135 9 61 29 136 21 137 8 75 134 142 
AQUIIII!!134 6 135 9 29 75 64 61 139 10 89 137 136 7 8 142 
AQUIIII!!9 137 142 7 136 89 6 0 1 135 75 8 61 114 10 11 
AQUIIII!!88 5 64 6 7 21 20 139 89 29 86 18 144 19 134 142 
AQUIIII!!137 20 88 86 134 6 21 136 8 89 7 64 135 139 29 142 
AQUIIII!!134 6 135 9 29 75 64 61 139 10 89 137 136 7 8 142 
AQUIIII!!5 45 64 144 86 21 18 6 20 29 139 19 88 89 134 142 
AQUIIII!!29 88 86 137 21 89 134 64 136 7 135 6 139 20 8 142 
AQUIIII!!21 142 7 19 6 89 88 AQUIIII!!86 20 139 136 86 20 88 64 6 29 135 5 134 19 8 64 
18 7 89 29 134 21 139 144 142 
AQUIIII!!114 135 10 6 7 0 89 134 8 75 139 136 61 9 137 AQUIIII!!142 142 
9 137 139 75 10 114 0 135 89 6 61 8 7 136 134 
AQUIIII!!134 20 AQUIIII!!136 86 21 135 135 139 89 7 19 137 88 10 139 1 64 61 29 89 6 9 8 75 7 6 142 8 136 0 
AQUIIII!!114 142 142 8 
75 21 9 89 135 61 6 64 134 137 29 139 7 136 
AQUIIII!!142 29 139 136 88 64 6 21 89 20 8 19 86 135 134 7 
AQUIIII!!142 89 114 AQUIIII!!10 61 142 1 89 137 20 11 7 75 9 88 0 135 136 134 135 64 6 8 139 7 8 
29 21 86 6 136 137 
AQUIIII!!20 134 88 86 6 139 136 29 18 64 89 7 19 21 135 142 
AQUIIII!!142 134 20 21 144 86 5 89 18 29 7 88 6 64 19 139 
AQUIIII!!142 21 55 AQUIIII!!134 78 142 144 64 96 88 135 45 88 31 5 134 19 18 20 29 29 18 139 139 86 
5 19 20 7 89 21 6 
AQUIIII!!7 64 89 10 135 9 6 136 137 61 8 75 134 29 139 142 
AQUIIII!!9 136 7 75 6 89 8 135 134 139 137 64 29 21 61 142 
AQUIIII!!8 11 1 89 7 9 137 136 61 10 6 135 75 0 114 142 
AQUIIII!!7 8 1 137 10 89 0 11 61 135 9 114 6 136 75 142 
AQUIIII!!139 75 114 1 10 136 89 9 137 7 61 135 0 6 8 142 
AQUIIII!!21 134 135 139 86 64 136 88 137 29 20 8 6 89 7 142 
AQUIIII!!0 1 136 6 114 11 7 75 8 137 9 135 61 89 10 142 
AQUIIII!!75 137 134 61 136 6 29 89 7 64 135 10 8 139 9 142 
AQUIIII!!142 7 21 136 134 29 6 86 137 20 88 64 8 135 139 89 
AQUIIII!!114 89 136 61 8 137 135 11 9 7 6 75 0 1 10 142 
AQUIIII!!139 18 89 7 29 136 135 88 20 86 21 6 64 19 134 142 
AQUIIII!!137 61 11 89 136 10 9 75 1 135 6 8 0 114 7 142 
AQUIIII!!142 7 136 6 139 9 89 61 137 75 8 10 135 29 134 64 
AQUIIII!!142 86 144 19 21 18 20 29 139 6 5 88 45 89 64 134 
AQUIIII!!7 137 135 136 0 75 89 8 10 9 134 139 114 6 61 142 
AQUIIII!!142 7 137 86 135 29 139 AQUIIII!!142 6 9 8 8 7 89 6 88 0 114 64 135 21 10 136 1 134 75 136 61 20 137 139 
89 
AQUIIII!!142 21 86 64 136 88 135 139 134 19 29 7 6 20 18 89 
AQUIIII!!139 136 86 6 89 137 88 21 20 29 7 135 134 8 64 142 
AQUIIII!!89 7 139 19 134 18 21 20 88 136 6 135 29 64 86 142 
AQUIIII!!142 135 9 6 10 75 61 8 29 64 134 139 89 137 7 136 
AQUIIII!!114 61 135 139 136 134 75 137 0 89 10 9 7 8 6 142 
AQUIIII!!8 137 142 88 136 6 139 7 135 134 20 29 89 64 86 21 
AQUIIII!!61 6 29 64 135 134 136 139 7 89 8 75 9 21 137 142 AQUIIII!!
20 86 6 139 64 89 7 18 88 134 135 19 29 136 21 142 
AQUIIII!!142 6 75 114 89 9 0 7 10 135 61 137 1 11 8 136 
AQUIIII!!5 64 139 29 144 20 134 6 21 7 19 86 18 88 89 142 
AQUIIII!!89 20 86 139 8 6 21 135 7 64 136 29 137 88 134 142 
AQUIIII!!142 8 89 136 29 64 75 61 10 137 6 139 7 134 135 9 
AQUIIII!!29 21 64 89 20 19 5 18 134 144 86 7 88 139 6 142 
AQUIIII!!64 6 19 7 134 89 21 29 135 136 86 8 139 88 20 142 
AQUIIII!!142 5 88 96 55 20 45 18 19 31 144 29 78 134 139 21 
AQUIIII!!142 137 139 114 6 134 0 61 8 9 135 75 7 10 136 89 
AQUIIII!!144 142 86 89 21 6 139 20 18 45 19 88 134 29 5 64 
AQUIIII!!142 20 139 18 134 7 89 86 19 21 64 135 88 6 29 136 
AQUIIII!!142 29 134 9 61 6 89 136 135 139 137 64 AQUIIII!!75 135 10 21 8 61 7 8 
136 29 6 75 137 64 9 134 7 89 139 142 
AQUIIII!!142 136 11 137 AQUIIII!!10 8 1 8 1 7 75 114 6 0 0 135 9 89 137 9 114 10 61 
139 61 7 136 89 6 75 135 142 
AQUIIII!!142 6 137 8 135 89 88 134 29 136 21 64 86 20 139 7 
AQUIIII!!142 6 139 AQUIIII!!0 142 137 137 89 134 89 10 136 114 134 136 9 10 6 9 135 7 7 135 29 64 8 61 75 75 61 8 
139 
AQUIIII!!142 AQUIIII!!137 114 10 9 89 6 9 135 7 6 137 61 0 139 1 10 136 61 8 75 114 136 75 139 0 89 7 8 135 142 1 

AQUIIII!!6 142 135 89 88 86 20 29 64 21 7 134 18 19 139 136 
AQUIIII!!142 89 6 134 21 20 29 139 135 88 19 64 7 86 136 18 
AQUIIII!!142 139 114 10 136 137 61 75 6 135 89 8 7 9 134 0 
AQUIIII!!142 9 114 61 89 8 135 1 11 137 0 7 6 75 10 136 
AQUIIII!!10 7 136 61 64 29 9 137 6 75 8 135 89 139 134 142 
AQUIIII!!142 139 5 6 86 88 144 7 20 21 19 64 134 89 29 18 
AQUIIII!!142 134 20 64 7 6 19 139 136 86 21 89 29 135 88 18 
AQUIIII!!142 134 88 5 18 86 45 29 19 6 20 21 64 144 139 89 
AQUIIII!!142 78 45 134 29 55 96 144 21 18 20 5 AQUIIII!!88 142 139 18 19 144 31 89 
29 6 7 19 88 5 139 64 86 134 20 21 
AQUIIII!!86 136 19 135 88 89 6 18 29 7 21 134 64 20 139 142 
AQUIIII!!142 139 7 136 135 137 64 75 9 89 61 8 29 6 134 10 
AQUIIII!!21 142 18 144 89 20 29 5 45 88 64 139 134 86 19 6 
AQUIIII!!142 135 61 114 139 137 136 9 7 75 0 6 10 89 134 8 
AQUIIII!!142 8 134 61 89 6 136 135 10 75 137 7 9 139 0 114 
AQUIIII!!142 5 19 86 64 89 88 18 20 6 144 139 21 134 45 29 
AQUIIII!!142 86 134 8 64 136 29 6 89 7 21 135 88 139 137 20 
AQUIIII!!142 20 18 89 139 21 86 19 5 135 29 134 7 64 88 6 
AQUIIII!!142 86 18 20 135 139 19 134 64 21 29 AQUIIII!!88 20 89 144 7 89 19 136 139 6 5 
18 29 21 45 86 88 134 64 6 142 
AQUIIII!!142 88 29 7 89 20 136 135 18 21 139 64 86 134 6 19 
AQUIIII!!142 134 8 61 75 136 89 135 10 139 137 9 64 29 7 6 
AQUIIII!!142 134 19 89 29 136 139 64 20 6 135 8 88 86 7 21 
AQUIIII!!142 139 18 134 31 20 55 29 21 78 19 45 144 96 5 88 
AQUIIII!!144 29 139 18 20 21 88 86 89 5 19 45 134 6 64 142 
AQUIIII!!142 144 88 29 139 5 19 134 21 45 78 18 31 55 20 96 
AQUIIII!!142 19 21 135 134 89 7 18 64 88 20 29 86 5 6 139 
AQUIIII!!142 29 7 139 19 18 89 64 20 5 21 88 6 144 134 86 
AQUIIII!!142 136 89 9 6 10 114 61 7 135 75 8 1 137 0 139 
AQUIIII!!142 89 135 6 139 86 19 20 29 7 64 136 21 88 134 8 
AQUIIII!!142 29 136 9 8 6 10 139 61 7 137 64 89 75 135 134 
Number of Cuts in the second phase:2242
Number of repeat: 2130 
Violation: 51.000000
Violation: 167.000000
Violation: 508.000000
Violation: 94.000000
Violation: 591.000000
Violation: 305.000000
Violation: 107.000000
Violation: 1182.000000
Violation: 174.000000
Violation: 254.000000
Violation: 87.000000
Violation: 364.000000
Violation: 158.000000
Violation: 182.000000
Violation: 1172.000000
Violation: 155.000000
Violation: 422.000000
Violation: 97.000000
Violation: 546.000000
Violation: 377.000000
Violation: 6.000000
Violation: 87.000000
Violation: 6.000000
Violation: 3.000000
Violation: 407.000000
Violation: 128.000000
Violation: 192.000000
Violation: 12.000000
Violation: 1319.000000
Violation: 420.000000
Violation: 289.000000
Violation: 180.000000
Violation: 744.000000
Violation: 392.000000
Violation: 642.000000
Violation: 136.000000
Violation: 8.000000
Violation: 422.000000
Violation: 1487.000000
Violation: 591.000000
Violation: 17.000000
Violation: 594.000000
Violation: 116.000000
Violation: 610.000000
Violation: 100.000000
Violation: 180.000000
Violation: 88.000000
Violation: 358.000000
Violation: 165.000000
Violation: 164.000000
Violation: 38.000000
Violation: 864.000000
Violation: 90.000000
Violation: 402.000000
Violation: 151.000000
Violation: 378.000000
Violation: 203.000000
Violation: 390.000000
Violation: 1049.000000
Violation: 813.000000
Violation: 441.000000
Violation: 407.000000
Violation: 263.000000
Violation: 504.000000
Violation: 139.000000
Violation: 16.000000
Violation: 976.000000
Violation: 158.000000
Violation: 8.000000
Violation: 135.000000
Violation: 104.000000
Violation: 1137.000000
Violation: 455.000000
Violation: 619.000000
Violation: 189.000000
Violation: 1188.000000
Violation: 202.000000
Violation: 325.000000
Violation: 90.000000
Violation: 269.000000
Violation: 1172.000000
Violation: 40.000000
Violation: 180.000000
Violation: 623.000000
Violation: 6.000000
Violation: 508.000000
Violation: 295.000000
Violation: 354.000000
Violation: 172.000000
Violation: 163.000000
Violation: 104.000000
Violation: 1158.000000
Violation: 636.000000
Violation: 11.000000
Violation: 263.000000
Violation: 325.000000
Violation: 156.000000
Violation: 9.000000
Violation: 119.000000
Violation: 135.000000
Violation: 594.000000
Violation: 175.000000
Violation: 1168.000000
Violation: 406.000000
Violation: 220.000000
Violation: 30.000000
Violation: 297.000000
Violation: 295.000000
Violation: 1052.000000
Violation: 236.000000
Violation: 279.000000
Violation: 31.000000
8592 16
AQUIIII!!142 61 75 6 135 0 9 7 10 137 1 8 139 136 114 89 
AQUIIII!!142 89 139 21 19 7 18 86 20 6 144 64 29 88 5 134 
AQUIIII!!142 6 AQUIIII!!134 142 18 64 136 19 7 61 5 AQUIIII!!135 20 142 7 75 11 139 89 139 61 86 6 137 21 134 114 88 135 29 10 89 8 9 144 7 64 29 136 9 
89 8 21 75 137 0 
1 6 
AQUIIII!!142 1 8 137 89 136 61 AQUIIII!!6 142 135 AQUIIII!!139 142 20 7 137 75 86 6 21 139 75 7 0 8 64 9 7 88 135 136 114 135 114 10 6 134 
89 9 29 10 134 139 136 137 89 8 61 
0 
AQUIIII!!7 8 134 20 88 137 21 6 135 86 64 136 139 89 29 142 
AQUIIII!!142 6 139 9 137 7 29 136 134 89 61 75 64 135 8 21 
AQUIIII!!29 88 86 64 20 144 6 21 139 45 19 5 18 89 134 142 
AQUIIII!!64 7 19 134 139 86 20 18 89 29 6 88 144 21 5 142 
AQUIIII!!AQUIIII!!61 5 134 134 139 135 64 86 139 20 89 75 45 6 88 29 89 21 6 114 19 0 18 144 9 142 
10 136 7 142 137 8 AQUIIII!!
8 6 AQUIIII!!AQUIIII!!139 144 89 86 21 64 75 139 89 9 88 20 7 134 61 136 45 21 137 18 29 136 78 20 64 88 134 AQUIIII!!19 19 AQUIIII!!7 134 135 55 64 21 142 89 135 31 
139 18 6 5 134 19 9 29 135 136 29 96 89 29 142 8 61 86 
10 135 20 AQUIIII!!7 29 142 136 134 19 75 139 6 5 8 
7 21 137 21 139 6 6 29 7 64 142 139 
64 86 88 18 142 135 
20 89 134 88 142 
AQUIIII!!142 135 AQUIIII!!114 61 19 134 9 21 137 7 75 7 0 88 8 139 139 136 8 89 AQUIIII!!10 142 64 6 114 
29 136 9 20 1 6 134 10 135 75 135 6 139 0 136 8 7 86 61 89 137 89 142 

AQUIIII!!142 7 19 18 20 21 88 29 134 6 5 144 89 139 86 64 
AQUIIII!!9 AQUIIII!!11 61 114 134 AQUIIII!!AQUIIII!!1 135 64 137 139 20 21 75 75 134 AQUIIII!!5 18 6 8 29 55 89 134 0 10 114 144 61 21 139 0 144 19 136 6 9 45 6 135 8 139 10 89 5 9 136 96 7 88 10 19 89 142 29 18 134 6 AQUIIII!!29 20 137 7 7 86 8 135 7 88 142 89 
61 78 89 29 75 
139 31 86 137 18 142 64 139 5 
AQUIIII!!136 142 64 142 88 

135 21 8 144 75 AQUIIII!!20 61 142 6 114 139 6 45 86 139 134 136 19 89 135 0 88 142 AQUIIII!!137 6 AQUIIII!!
8 8 9 135 137 139 10 75 7 29 7 134 9 88 64 136 139 29 134 136 137 AQUIIII!!21 142 64 114 10 89 7 
20 135 AQUIIII!!114 
9 8 29 89 8 86 78 1 6 137 5 0 137 139 0 20 61 6 96 134 136 134 75 19 6 135 10 134 89 136 21 7 20 142 139 AQUIIII!!142 88 
7 8 61 
45 134 89 31 139 142 21 AQUIIII!!
89 142 18 7 AQUIIII!!7 144 29 6 136 89 55 6 9 89 142 21 0 AQUIIII!!21 114 20 
1 89 88 137 137 135 7 8 86 7 61 134 135 75 64 135 19 64 20 139 136 136 8 136 10 29 88 29 
20 6 142 86 86 
88 134 135 137 18 139 6 142 21 
139 64 142 
AQUIIII!!21 20 29 6 135 88 18 89 139 7 136 19 64 134 86 142 
AQUIIII!!142 1 7 0 136 6 9 61 114 10 89 11 AQUIIII!!8 142 137 139 75 5 135 89 
135 7 134 88 64 21 86 AQUIIII!!18 142 29 134 19 6 137 AQUIIII!!20 64 29 142 
135 21 136 6 136 AQUIIII!!8 139 21 142 75 19 9 89 136 29 88 6 6 20 7 7 7 61 11 139 64 89 134 9 137 86 
135 8 75 135 61 89 10 
8 114 0 AQUIIII!!142 1 21 
89 6 64 135 7 8 134 29 136 139 86 19 20 88 
AQUIIII!!144 142 19 18 134 5 88 6 21 89 7 139 86 64 20 29 
AQUIIII!!135 142 6 134 139 88 21 18 89 19 7 29 5 86 64 20 
AQUIIII!!6 7 75 137 135 61 0 89 139 134 136 114 8 9 10 142 
AQUIIII!!135 18 29 89 7 6 136 139 134 88 64 20 19 86 142 21 
AQUIIII!!89 137 75 134 9 64 29 136 135 7 6 139 8 61 21 142 
AQUIIII!!21 64 144 18 19 86 6 20 5 134 139 45 29 89 88 142 
AQUIIII!!20 135 19 29 6 86 134 7 136 88 21 139 89 64 8 142 
AQUIIII!!139 135 64 8 6 AQUIIII!!136 142 86 75 6 21 29 9 21 137 89 136 61 135 134 20 64 29 134 137 8 7 7 AQUIIII!!88 142 89 89 139 
19 
7 20 88 18 5 139 134 135 64 21 86 29 6 142 
AQUIIII!!136 86 29 89 19 88 64 7 21 139 134 18 AQUIIII!!6 10 20 137 135 89 142 7 
6 75 114 AQUIIII!!134 139 55 135 88 134 20 9 29 18 0 21 61 19 8 144 136 78 31 142 45 
96 5 139 142 
AQUIIII!!61 75 135 134 7 89 137 6 29 139 8 136 9 64 10 142 
AQUIIII!!114 1 61 75 136 9 10 6 8 11 0 137 135 7 89 142 
AQUIIII!!AQUIIII!!142 20 8 18 6 89 61 0 86 1 135 7 21 139 AQUIIII!!75 139 89 9 AQUIIII!!136 135 114 6 9 7 8 114 86 29 10 0 135 137 88 19 75 136 64 
136 134 134 88 10 6 139 89 19 18 AQUIIII!!6 142 139 29 139 
89 135 1 21 6 137 89 5 135 AQUIIII!!20 18 7 89 7 29 61 139 19 64 0 142 5 142 135 
134 
9 88 136 86 1 7 20 75 64 114 21 6 142 10 
137 61 7 8 142 
AQUIIII!!139 75 64 134 21 29 AQUIIII!!8 9 88 6 89 7 29 89 21 AQUIIII!!86 61 8 135 20 7 45 137 137 136 144 89 134 142 19 29 
64 6 134 20 18 21 139 139 88 6 86 5 135 142 136 
64 142 
AQUIIII!!136 86 29 7 88 89 6 64 134 139 8 19 135 21 20 142 
AQUIIII!!AQUIIII!!29 89 7 136 6 7 139 64 135 137 5 135 9 134 AQUIIII!!6 AQUIIII!!20 86 142 75 18 134 134 134 88 6 19 136 10 19 89 139 64 86 86 21 89 142 61 20 64 21 139 88 89 
29 20 7 144 8 135 AQUIIII!!5 8 AQUIIII!!AQUIIII!!142 142 139 18 7 142 
64 88 136 6 88 21 136 89 135 29 29 61 135 10 137 139 9 139 75 142 8 
6 
89 61 136 0 8 0 139 7 86 7 137 19 1 135 21 75 137 64 89 9 114 29 6 20 10 142 7 1 
134 8 
6 114 
AQUIIII!!29 6 139 8 9 75 61 89 64 137 21 135 134 7 136 142 
AQUIIII!!139 0 114 6 137 135 AQUIIII!!61 89 20 8 144 1 29 9 6 75 10 139 142 89 7 45 136 18 
21 19 86 64 5 134 88 142 
AQUIIII!!29 6 139 8 9 75 61 89 64 137 21 135 134 7 136 142 
AQUIIII!!7 8 75 135 29 9 134 61 21 89 137 6 136 139 64 142 
AQUIIII!!89 137 0 9 136 75 8 135 7 10 134 114 61 139 6 142 
AQUIIII!!0 134 7 8 135 9 114 89 6 139 136 137 61 10 75 142 
AQUIIII!!142 7 AQUIIII!!139 134 21 139 20 8 134 135 18 AQUIIII!!64 61 6 75 144 137 10 88 9 19 6 21 0 89 61 89 64 7 137 86 75 114 5 11 136 29 8 89 
136 6 135 29 7 142 9 1 
142 
AQUIIII!!11 1 8 137 89 135 75 114 61 136 6 9 0 7 10 142 AQUIIII!!
21 134 29 86 18 7 139 64 6 135 19 136 88 89 20 142 
AQUIIII!!134 88 5 89 21 20 139 29 86 64 19 6 7 18 144 142 
AQUIIII!!7 21 18 64 86 5 29 139 135 89 19 88 20 134 6 142 
AQUIIII!!142 137 10 114 89 75 11 7 6 135 0 9 136 8 1 61 
AQUIIII!!134 7 136 20 86 88 6 21 8 29 135 139 137 64 89 142 
AQUIIII!!142 29 86 5 134 19 18 88 6 21 139 64 89 45 144 20 
AQUIIII!!55 20 5 19 31 78 134 96 139 29 88 21 45 18 144 142 
AQUIIII!!6 75 114 8 135 137 7 10 9 0 61 11 1 89 136 142 
AQUIIII!!137 89 75 64 9 136 61 6 29 8 134 139 AQUIIII!!135 142 7 135 10 6 142 8 
139 136 20 134 7 64 21 29 88 89 86 137 
AQUIIII!!142 9 AQUIIII!!135 8 6 134 139 136 10 AQUIIII!!64 89 89 21 137 5 139 86 61 88 19 75 89 20 135 1 18 0 20 6 8 6 144 136 86 45 7 7 139 114 29 88 
137 64 21 142 
29 134 AQUIIII!!142 134 
18 31 45 19 5 144 AQUIIII!!55 61 21 9 96 10 20 135 29 8 139 139 AQUIIII!!88 7 78 6 29 142 139 136 
9 64 8 137 6 0 89 114 75 134 134 89 142 7 
75 136 135 61 AQUIIII!!137 135 6 10 11 142 10 
8 61 7 75 114 9 89 137 1 0 136 142 
AQUIIII!!7 134 135 29 139 137 8 75 9 21 89 64 136 61 6 142 
AQUIIII!!75 10 135 6 114 139 1 7 136 8 89 137 9 61 0 142 
AQUIIII!!142 19 21 31 29 5 55 20 144 139 134 96 88 18 78 45 
AQUIIII!!89 75 29 8 61 6 7 136 9 137 139 AQUIIII!!10 64 134 29 64 7 135 134 142 6 
9 61 137 89 10 75 8 135 136 139 142 
AQUIIII!!142 29 19 45 89 144 64 88 20 5 6 18 86 21 139 134 
AQUIIII!!6 20 135 29 134 19 89 88 21 139 86 7 64 18 5 142 
AQUIIII!!29 139 5 89 21 6 45 86 88 20 19 64 18 134 144 142 
AQUIIII!!19 64 88 89 144 6 18 5 139 20 21 134 86 7 29 142 
AQUIIII!!75 64 61 136 7 134 8 21 135 6 9 89 139 29 137 142 
AQUIIII!!139 61 137 9 136 134 64 6 75 7 89 135 8 29 142 21 
AQUIIII!!134 AQUIIII!!139 137 19 89 20 136 10 6 134 29 8 135 139 AQUIIII!!64 136 142 7 7 19 18 6 7 86 61 8 88 75 64 89 20 0 21 29 142 114 134 135 
88 9 136 142 86 
6 139 89 21 135 
AQUIIII!!89 88 45 64 5 20 29 139 19 6 144 86 21 134 18 142 
AQUIIII!!142 89 8 114 137 136 134 135 6 10 139 9 75 7 0 61 
AQUIIII!!21 136 6 89 7 20 29 135 64 86 8 139 88 137 134 142 
AQUIIII!!142 78 144 5 19 88 18 134 139 20 21 45 96 31 55 29 
AQUIIII!!142 20 29 5 18 19 7 135 64 89 139 134 86 88 21 6 
AQUIIII!!135 8 88 21 6 89 20 134 64 139 136 7 29 19 86 142 
AQUIIII!!88 139 86 20 21 144 5 89 64 AQUIIII!!5 134 134 7 142 18 21 139 6 64 AQUIIII!!29 18 19 75 6 142 89 86 
88 61 29 9 20 89 6 19 11 7 135 114 
0 7 10 1 137 135 136 8 142 
AQUIIII!!142 5 64 18 139 20 86 89 29 134 6 88 21 19 7 135 
AQUIIII!!7 29 134 86 5 139 6 18 64 20 144 89 19 21 88 142 
AQUIIII!!75 61 114 8 136 135 6 89 0 137 9 11 1 10 7 142 
AQUIIII!!29 7 61 64 139 75 6 9 137 136 8 AQUIIII!!134 142 135 136 89 1 10 89 142 137 
0 75 6 7 139 135 61 114 10 9 8 
AQUIIII!!86 20 137 135 64 6 139 29 136 134 8 21 7 89 88 142 
AQUIIII!!9 7 29 139 136 75 135 10 137 8 134 61 6 89 64 142 
AQUIIII!!142 6 134 7 88 137 139 136 20 21 86 29 135 8 89 64 
AQUIIII!!86 139 135 136 6 64 89 20 21 29 134 8 88 7 137 142 
AQUIIII!!7 139 18 89 64 19 29 144 88 5 20 86 134 6 21 142 
AQUIIII!!6 10 8 89 137 9 61 75 0 139 135 136 114 134 7 142 
AQUIIII!!6 142 135 29 89 7 136 20 64 139 86 19 88 134 21 8 
AQUIIII!!137 134 139 9 61 75 10 136 135 8 89 6 0 7 114 142 
AQUIIII!!6 8 9 64 136 139 7 61 137 89 134 135 21 29 75 142 
AQUIIII!!29 88 AQUIIII!!86 142 64 136 89 19 8 20 7 134 29 5 20 18 6 88 139 21 7 64 21 89 144 134 142 
139 6 135 86 137 
AQUIIII!!64 29 20 139 8 136 7 21 19 135 89 88 6 134 86 142 
AQUIIII!!142 6 137 139 7 64 88 89 29 8 134 20 136 21 135 86 
AQUIIII!!142 89 19 139 86 20 18 7 64 6 135 29 134 21 5 88 
AQUIIII!!142 64 18 5 139 29 86 89 20 6 19 134 21 7 135 88 
AQUIIII!!142 21 139 89 88 86 137 135 29 136 8 20 7 6 134 64 
AQUIIII!!21 88 6 20 134 29 45 19 139 144 5 64 86 18 89 142 
AQUIIII!!142 136 75 64 9 89 61 139 10 29 8 137 6 134 7 135 
AQUIIII!!10 11 89 8 114 0 75 137 7 9 1 135 61 136 6 142 
AQUIIII!!142 20 88 21 134 29 55 19 45 5 31 144 139 96 78 18 
AQUIIII!!142 89 11 0 AQUIIII!!7 142 136 29 8 134 1 135 9 6 139 61 61 135 136 75 8 137 9 10 137 114 6 
75 64 21 7 89 
AQUIIII!!142 135 88 64 19 21 6 18 86 7 134 20 29 139 5 89 
AQUIIII!!136 75 6 8 21 134 135 61 137 64 7 9 29 139 89 142 
AQUIIII!!9 10 6 29 AQUIIII!!8 142 75 137 64 89 6 7 29 61 5 64 134 7 139 20 136 135 19 142 144 
89 88 18 21 139 86 134 
AQUIIII!!142 20 6 136 8 64 29 134 21 139 89 137 135 86 7 88 
AQUIIII!!19 144 64 29 5 6 139 18 134 20 89 21 88 45 86 142 
AQUIIII!!142 29 139 134 21 144 20 64 89 19 6 88 18 45 86 5 
AQUIIII!!21 142 45 29 31 96 20 19 78 5 55 88 139 144 134 18 
AQUIIII!!142 137 1 139 0 8 136 114 75 61 89 6 7 10 9 135 
AQUIIII!!89 137 10 139 6 7 135 61 29 134 75 64 8 136 9 142 
AQUIIII!!142 18 134 89 5 20 19 21 139 88 29 7 6 135 86 64 
AQUIIII!!142 6 88 29 134 5 45 86 19 21 20 144 139 89 64 18 
AQUIIII!!142 139 89 144 88 29 21 86 19 5 18 7 134 6 64 20 
AQUIIII!!142 61 9 136 8 114 75 0 10 139 6 89 134 137 7 135 
AQUIIII!!142 0 89 114 75 7 61 9 137 139 10 6 135 134 136 8 
AQUIIII!!142 7 9 114 136 137 75 1 61 6 89 10 0 11 8 135 
AQUIIII!!142 7 137 88 6 134 89 21 64 8 20 29 86 136 135 139 
AQUIIII!!6 142 135 7 18 134 86 88 19 29 21 136 139 20 64 89 
AQUIIII!!135 7 64 75 6 136 10 134 61 9 8 139 137 29 89 142 
AQUIIII!!142 139 21 18 86 20 144 134 6 88 5 29 64 89 19 7 
AQUIIII!!142 144 29 31 21 5 45 88 55 139 134 18 20 78 19 96 
AQUIIII!!142 7 6 64 134 135 10 29 61 137 9 139 8 75 89 136 
AQUIIII!!142 139 5 19 6 86 88 134 89 18 64 20 21 45 144 29 
AQUIIII!!142 139 134 8 137 86 135 136 21 20 7 29 6 64 89 88 
AQUIIII!!142 20 29 21 96 5 134 88 78 18 139 31 45 144 19 55 
AQUIIII!!88 139 5 86 29 134 19 89 18 144 64 6 20 7 21 142 
AQUIIII!!142 45 21 139 20 18 134 29 6 19 86 88 89 5 64 144 
AQUIIII!!142 88 8 137 86 29 6 134 136 135 20 7 64 139 21 89 
AQUIIII!!142 1 10 8 135 0 11 61 89 114 9 6 137 136 75 7 
AQUIIII!!142 64 89 86 134 135 7 6 88 139 18 20 5 19 21 29 
AQUIIII!!142 6 75 136 89 9 10 8 7 137 134 61 29 139 64 135 
AQUIIII!!142 7 139 89 86 20 137 64 8 21 134 136 88 135 29 6 
AQUIIII!!142 137 136 61 6 8 10 7 134 135 75 0 139 114 89 9 
AQUIIII!!142 75 7 9 136 137 0 1 6 10 114 89 11 8 135 61 
AQUIIII!!142 5 20 19 139 64 88 6 45 144 86 89 134 18 29 21 
AQUIIII!!142 144 29 31 21 5 45 88 55 139 134 18 20 78 19 96 
AQUIIII!!142 134 135 86 20 6 29 8 7 64 21 137 139 136 89 88 
AQUIIII!!142 6 136 9 114 61 139 7 89 10 0 137 134 75 8 135 
AQUIIII!!142 6 136 29 89 7 19 21 18 134 86 20 139 135 88 64 
AQUIIII!!142 134 18 7 29 88 86 144 19 89 64 6 139 21 20 5 
AQUIIII!!142 136 8 88 19 20 7 135 21 139 29 134 89 64 86 6 
AQUIIII!!142 89 20 6 64 19 18 88 21 86 45 5 29 144 134 139 
AQUIIII!!142 135 75 11 61 114 137 10 136 8 7 9 1 6 0 89 
AQUIIII!!6 135 142 49 136 139 9 8 51 137 29 10 50 134 52 7 
AQUIIII!!142 137 10 8 139 114 7 61 135 136 75 9 6 0 134 89 
AQUIIII!!142 6 136 137 8 61 29 139 89 7 75 134 9 64 135 10 
AQUIIII!!142 20 88 139 136 29 6 7 18 21 86 64 89 134 19 135 
AQUIIII!!142 64 21 139 88 8 19 136 29 86 7 135 20 6 89 134 
AQUIIII!!142 29 19 89 139 21 20 86 45 6 88 5 18 144 64 134 
AQUIIII!!142 7 1 89 6 136 61 139 10 8 0 137 75 135 114 9 
Number of Cuts in the second phase:2221
Number of repeat: 2169 
Violation: 552.000000
Violation: 84.000000
Violation: 143.000000
Violation: 178.000000
Violation: 19.000000
Violation: 184.000000
Violation: 125.000000
Violation: 297.000000
Violation: 72.000000
Violation: 85.000000
Violation: 265.000000
Violation: 737.000000
Violation: 193.000000
Violation: 165.000000
Violation: 199.000000
Violation: 627.000000
Violation: 207.000000
Violation: 277.000000
Violation: 2.000000
Violation: 581.000000
Violation: 198.000000
Violation: 565.000000
Violation: 128.000000
Violation: 318.000000
Violation: 43.000000
Violation: 96.000000
Violation: 298.000000
Violation: 371.000000
Violation: 40.000000
Violation: 552.000000
Violation: 119.000000
Violation: 32.000000
Violation: 563.000000
Violation: 311.000000
Violation: 68.000000
Violation: 12.000000
Violation: 319.000000
Violation: 158.000000
Violation: 501.000000
Violation: 168.000000
Violation: 499.000000
Violation: 167.000000
Violation: 9.000000
Violation: 128.000000
Violation: 30.000000
Violation: 553.000000
Violation: 726.000000
Violation: 90.000000
Violation: 55.000000
Violation: 135.000000
Violation: 637.000000
Violation: 3.000000
816 16
AQUIIII!!142 135 64 8 134 137 9 6 7 61 75 29 89 139 136 10 
AQUIIII!!139 7 5 86 20 18 64 21 88 6 29 135 19 89 134 142 
AQUIIII!!134 29 31 18 20 88 5 78 45 139 55 96 144 21 19 142 
AQUIIII!!142 89 86 134 21 6 20 19 64 29 7 18 139 144 88 5 
AQUIIII!!20 86 8 135 19 136 7 89 88 6 134 64 139 29 142 21 
AQUIIII!!29 8 9 61 89 136 137 7 10 64 134 75 6 139 135 142 
AQUIIII!!136 8 29 64 20 139 134 AQUIIII!!7 29 88 8 21 19 135 6 86 86 6 AQUIIII!!7 89 142 20 137 1 134 142 6 21 
89 64 7 89 61 135 8 88 139 0 9 136 75 142 10 
114 137 11 136 135 
AQUIIII!!142 7 134 9 139 61 8 75 64 135 89 137 6 29 136 21 
AQUIIII!!88 89 64 29 139 6 86 5 21 18 144 134 19 20 45 142 
AQUIIII!!142 136 86 89 8 19 6 20 21 29 64 88 135 139 134 7 
AQUIIII!!142 88 134 7 135 86 20 139 64 136 21 29 137 8 89 6 
AQUIIII!!8 9 7 1 137 10 61 136 114 6 0 11 135 75 89 142 
AQUIIII!!20 64 89 19 86 88 6 5 18 144 139 21 29 134 7 142 
AQUIIII!!142 10 135 114 89 8 6 137 0 1 9 61 11 7 136 75 
AQUIIII!!142 8 89 75 6 61 7 10 137 0 139 135 134 136 114 9 
AQUIIII!!21 142 78 5 19 134 139 20 55 144 18 88 31 29 96 45 
Number of Cuts in the second phase:204
Number of repeat: 197 
Violation: 62.000000
Violation: 637.000000
Violation: 167.000000
Violation: 369.000000
Violation: 83.000000
Violation: 386.000000
Violation: 331.000000
took 16.918268
Optimize a model with 1191 rows, 10797 columns and 134163 nonzeros
Coefficient statistics:
  Matrix range     [1e-05, 9e+01]
  Objective range  [0e+00, 0e+00]
  Bounds range     [1e+00, 2e+09]
  RHS range        [1e+00, 6e+01]
Warning: Model contains large bounds
         Consider reformulating model or setting NumericFocus parameter
         to avoid numerical issues.

Concurrent LP optimizer: dual simplex and barrier
Showing barrier log only...

Presolve removed 153 rows and 420 columns
Presolve time: 0.04s
Presolved: 1038 rows, 10377 columns, 126656 nonzeros

Ordering time: 0.00s

Barrier statistics:
 Dense cols : 28
 AA' NZ     : 4.716e+04
 Factor NZ  : 8.393e+04 (roughly 5 MBytes of memory)
 Factor Ops : 8.832e+06 (less than 1 second per iteration)
 Threads    : 3

                  Objective                Residual
Iter       Primal          Dual         Primal    Dual     Compl     Time
   0   0.00000000e+00 -2.68716659e+07  6.87e+09 0.00e+00  1.25e+06     0s
   1   0.00000000e+00 -4.43458600e+06  2.35e+09 8.09e-03  4.28e+05     0s
   2   0.00000000e+00 -2.10490411e+05  6.14e+08 1.25e-16  1.13e+05     0s
   3   0.00000000e+00 -1.46391962e+03  3.01e+04 5.00e-16  5.64e+00     0s
   4   0.00000000e+00 -1.18778389e+03  2.20e+04 2.65e-06  3.98e+00     0s
   5   0.00000000e+00 -1.20853372e+03  1.43e+04 2.72e-05  2.85e+00     0s
   6   0.00000000e+00 -9.68808716e+02  6.25e+03 1.53e-05  1.22e+00     0s
   7   0.00000000e+00 -7.91452427e+02  3.92e+03 2.82e-07  7.53e-01     0s
   8   0.00000000e+00 -4.89599902e+02  1.13e+03 4.55e-10  2.17e-01     0s
   9   0.00000000e+00 -4.05120971e+02  7.97e+02 2.84e-10  1.53e-01     0s
  10   0.00000000e+00 -3.59628514e+02  7.08e+02 2.22e-10  1.34e-01     0s
  11   0.00000000e+00 -1.88065002e+02  3.71e+02 5.07e-11  6.69e-02     0s
  12   0.00000000e+00 -1.08048498e+02  9.70e+01 2.16e-11  1.97e-02     0s
  13   0.00000000e+00 -4.03265890e+01  2.72e+01 4.44e-12  5.77e-03     0s

Barrier performed 13 iterations in 0.13 seconds
Barrier solve interrupted - model solved by another algorithm


Solved with dual simplex
Solved in 711 iterations and 0.13 seconds
Optimal objective  0.000000000e+00
