j3017_4.mm_s4.txt
Academic license - for non-commercial use only
Read LP format model from file lp/j3017_4.mm.lp
Reading time = 0.00 seconds
: 351 rows, 906 columns, 9053 nonzeros
OKGPU
nThreads: 1024 , nBlocks: 12 
Number cuts generated in the phase 1: 11
Number of repeat: 4 
violation 750.000000
violation 400.000000
violation 420.000000
violation 249.000000
violation 84.000000
violation 139.000000
violation 800.000000
8592 16
AQUIIII!!53 AQUIIII!!21 53 27 14 9 29 25 51 31 22 13 28 48 24 19 AQUIIII!!51 20 53 15 11 31 9 48 24 9 27 18 23 23 47 
10 22 24 50 48 10 50 11 11 27 
25 51 47 22 31 13 15 
AQUIIII!!53 51 23 14 10 31 16 37 9 50 25 27 11 22 13 15 
AQUIIII!!29 27 21 28 22 18 47 48 24 AQUIIII!!9 28 11 47 20 27 31 31 19 20 51 9 53 19 
18 22 21 51 11 24 29 48 53 
AQUIIII!!9 27 31 47 22 29 28 15 11 24 20 21 48 50 53 51 
AQUIIII!!53 27 15 13 14 16 17 50 11 23 31 9 37 25 22 10 
AQUIIII!!51 21 38 24 19 31 29 48 28 3 8 27 18 AQUIIII!!20 22 47 11 4 27 
10 15 24 23 25 50 31 9 13 48 47 51 53 AQUIIII!!
13 24 10 27 11 50 AQUIIII!!22 AQUIIII!!31 51 48 AQUIIII!!8 27 23 11 24 48 15 21 14 19 9 28 10 21 47 20 13 47 19 25 51 47 9 31 23 11 18 53 22 9 20 51 29 27 27 
50 22 51 15 25 29 9 48 24 15 AQUIIII!!31 28 37 53 15 22 31 
AQUIIII!!53 AQUIIII!!16 31 
53 51 10 
13 27 21 10 15 51 50 AQUIIII!!31 22 48 37 48 47 AQUIIII!!22 9 31 50 15 16 9 25 19 24 22 51 23 27 27 15 11 10 9 23 10 9 13 48 29 14 11 15 27 11 23 25 22 24 25 48 31 14 50 9 29 31 53 24 14 24 AQUIIII!!
27 47 53 53 13 11 21 10 51 50 50 53 28 48 
11 
AQUIIII!!20 15 29 23 29 53 27 AQUIIII!!27 22 21 
23 19 48 53 9 47 11 51 28 51 31 47 
11 8 24 AQUIIII!!22 22 47 31 AQUIIII!!31 51 31 
22 13 21 28 24 AQUIIII!!20 15 51 11 19 21 48 23 14 20 29 13 27 48 4 9 9 AQUIIII!!50 24 27 27 27 20 9 23 24 48 22 53 AQUIIII!!38 15 15 11 
31 18 20 29 15 14 24 53 24 50 11 51 13 50 25 AQUIIII!!9 
27 23 47 AQUIIII!!22 24 21 47 10 AQUIIII!!20 15 10 48 9 28 24 53 25 31 31 9 AQUIIII!!27 
28 50 10 AQUIIII!!21 25 28 18 31 53 47 15 11 24 48 19 15 11 22 51 11 53 48 15 51 29 9 20 19 28 14 8 24 51 27 28 24 27 13 22 4 15 50 9 29 
25 48 47 11 48 23 22 29 31 51 17 53 51 51 19 47 22 37 31 53 
47 10 29 21 51 20 AQUIIII!!31 
38 21 24 22 27 15 51 48 48 16 50 9 9 31 11 28 27 19 21 11 47 53 22 53 
29 
31 53 24 27 

11 51 21 20 48 19 53 53 15 
AQUIIII!!28 
21 24 AQUIIII!!51 27 53 AQUIIII!!22 11 10 17 AQUIIII!!28 15 9 53 53 22 19 25 29 11 47 22 16 20 9 51 13 31 31 18 50 48 37 48 21 47 AQUIIII!!25 27 24 27 53 9 9 11 47 31 
10 13 AQUIIII!!21 11 48 9 48 23 9 20 53 50 15 47 23 22 28 13 27 29 25 24 29 27 31 53 22 31 15 51 
15 27 15 
48 23 50 50 47 14 22 29 24 
10 10 51 24 31 9 
11 27 23 21 51 31 47 11 53 20 
22 50 
AQUIIII!!53 22 31 24 9 48 15 51 23 10 27 21 29 11 47 50 
AQUIIII!!47 22 11 48 31 24 27 15 21 51 9 29 50 23 10 AQUIIII!!53 20 
4 1 AQUIIII!!19 53 18 8 24 51 21 38 29 2 20 8 19 29 27 27 47 24 31 31 3 28 28 18 38 AQUIIII!!48 53 47 4 25 
21 11 51 
13 48 10 15 9 14 23 31 50 24 27 22 
AQUIIII!!21 47 48 20 9 31 27 28 19 AQUIIII!!24 21 18 AQUIIII!!15 27 11 9 50 29 31 23 22 11 15 22 53 13 10 51 51 27 31 
AQUIIII!!48 24 10 25 48 11 47 51 24 29 27 47 50 31 9 15 47 11 22 AQUIIII!!23 50 10 51 53 13 53 22 22 

9 29 24 27 48 20 25 11 51 48 23 53 19 
AQUIIII!!15 8 28 31 9 AQUIIII!!47 29 9 24 18 25 AQUIIII!!9 29 22 21 21 27 31 53 31 31 50 
28 15 15 9 16 51 22 23 48 24 14 10 51 AQUIIII!!27 50 10 31 47 AQUIIII!!21 27 37 23 13 20 10 AQUIIII!!11 37 50 24 9 AQUIIII!!48 11 23 27 11 22 22 53 53 AQUIIII!!31 31 25 51 
9 19 15 50 15 47 27 17 48 53 51 25 
24 24 37 14 
31 15 13 29 15 23 9 9 11 25 22 27 51 47 13 23 11 23 22 25 16 23 27 48 10 50 22 14 31 9 27 AQUIIII!!51 14 16 21 AQUIIII!!11 AQUIIII!!53 50 51 10 50 47 
11 10 53 22 51 53 13 48 15 24 10 11 24 
53 22 23 15 20 13 AQUIIII!!
53 51 22 28 22 48 51 
21 47 23 10 50 48 10 AQUIIII!!21 9 31 53 25 AQUIIII!!50 13 27 27 14 
9 27 14 47 15 14 24 29 13 15 31 11 19 22 27 11 9 25 29 AQUIIII!!27 17 31 15 18 19 53 22 17 48 AQUIIII!!25 9 17 37 24 48 31 53 48 23 25 13 13 53 
22 11 14 27 9 25 
11 11 9 24 51 15 23 10 51 50 31 50 16 50 27 28 9 23 10 53 24 10 20 22 16 15 27 
11 
31 22 53 29 14 31 
20 11 37 9 37 16 AQUIIII!!31 53 53 15 AQUIIII!!47 
13 53 13 21 
25 24 28 20 9 50 50 31 53 47 
28 27 22 22 31 9 15 29 48 27 11 24 21 23 48 51 11 10 AQUIIII!!50 
53 51 48 47 AQUIIII!!10 15 47 29 53 
15 51 27 21 21 48 24 28 51 8 27 50 18 11 38 47 29 22 24 9 20 31 31 23 19 
4 
AQUIIII!!51 53 31 47 21 15 23 29 22 11 48 24 50 10 27 9 
AQUIIII!!21 51 53 20 22 11 48 47 28 27 9 29 15 31 24 50 
AQUIIII!!53 15 22 23 47 24 48 9 25 51 10 13 50 11 31 27 
AQUIIII!!53 28 19 21 48 29 20 31 51 9 11 15 24 27 47 22 AQUIIII!!
25 10 48 11 15 27 31 24 47 9 50 13 22 23 53 51 
AQUIIII!!21 11 48 31 23 22 24 AQUIIII!!9 14 10 11 29 22 50 51 16 51 31 47 37 15 13 27 50 53 15 
25 9 10 23 27 53 
AQUIIII!!10 29 31 15 21 9 48 11 27 22 23 24 51 50 47 53 
AQUIIII!!AQUIIII!!20 53 27 10 51 19 50 48 24 22 25 31 24 23 9 31 18 27 AQUIIII!!47 11 13 53 11 28 31 9 15 22 48 
47 23 21 21 11 29 9 48 50 51 47 AQUIIII!!53 15 51 53 
29 8 29 22 9 20 51 18 10 27 21 24 19 22 27 28 
31 48 47 24 
AQUIIII!!38 25 28 37 3 1 6 7 49 12 2 5 31 0 22 52 
AQUIIII!!18 31 48 27 19 29 24 8 51 4 28 47 53 20 38 21 
AQUIIII!!27 19 38 18 8 24 31 3 28 21 4 29 48 20 2 47 
AQUIIII!!10 17 15 16 22 9 11 31 23 25 37 13 50 14 27 53 
AQUIIII!!48 13 27 10 22 23 24 50 9 15 31 25 11 53 47 51 
AQUIIII!!48 25 10 23 9 13 50 22 15 11 24 27 31 47 53 51 
AQUIIII!!9 21 47 24 18 31 27 29 8 28 19 22 20 48 51 53 
AQUIIII!!53 27 50 21 AQUIIII!!53 20 21 11 AQUIIII!!47 15 48 AQUIIII!!27 16 29 51 53 9 22 27 29 31 22 11 15 31 24 22 48 15 48 37 47 29 47 AQUIIII!!23 9 31 11 51 53 20 51 27 9 13 28 28 22 31 18 10 
19 24 50 24 51 19 13 50 9 
14 25 20 10 15 28 25 51 11 53 31 21 
9 24 
48 AQUIIII!!22 53 47 27 11 31 11 23 27 51 
23 10 50 25 14 16 9 37 13 15 22 
AQUIIII!!51 53 4 29 27 18 28 38 8 19 31 24 21 20 47 48 
AQUIIII!!9 15 24 48 27 22 10 11 47 25 31 23 51 13 50 53 
AQUIIII!!53 11 21 24 29 20 22 28 19 9 27 47 18 31 48 51 
AQUIIII!!16 25 15 50 23 17 22 31 27 11 10 14 13 37 9 53 
AQUIIII!!9 21 18 AQUIIII!!19 8 48 20 19 24 27 31 47 8 29 51 22 18 51 20 47 28 28 27 9 53 31 
22 24 48 29 21 AQUIIII!!53 53 
14 27 31 10 17 11 16 13 50 22 15 25 23 37 9 
AQUIIII!!21 8 48 27 24 51 38 18 29 47 4 19 20 31 AQUIIII!!28 31 53 10 
22 14 16 11 13 27 23 51 9 37 15 50 25 53 AQUIIII!!
9 48 22 47 AQUIIII!!11 11 27 9 29 15 50 50 10 24 31 15 13 25 31 14 28 22 51 48 23 21 24 20 51 53 27 
53 
AQUIIII!!9 23 27 14 22 10 50 25 31 11 37 15 13 16 53 51 
AQUIIII!!50 21 31 47 9 27 11 28 48 15 29 20 22 24 51 53 
AQUIIII!!9 22 24 27 31 19 20 28 47 29 48 21 8 18 51 53 
AQUIIII!!48 20 27 31 28 47 19 11 22 21 51 9 29 24 15 53 
AQUIIII!!53 11 48 50 47 27 13 10 31 24 9 15 23 25 51 22 
AQUIIII!!53 22 20 19 24 47 29 31 11 21 9 51 48 28 27 15 
AQUIIII!!51 53 50 9 13 10 15 48 27 31 24 14 11 22 23 25 
AQUIIII!!53 47 22 19 31 29 9 28 27 11 18 21 51 24 20 48 
AQUIIII!!4 48 31 47 18 19 38 8 51 24 28 20 AQUIIII!!27 53 21 51 29 53 21 
47 11 9 50 15 22 24 31 27 29 20 28 48 
AQUIIII!!53 14 25 51 15 9 AQUIIII!!11 53 13 22 50 37 24 16 9 10 27 22 10 31 15 27 23 47 
23 31 50 51 11 48 25 13 
AQUIIII!!53 31 47 51 50 22 23 27 9 48 25 13 10 11 24 15 
AQUIIII!!53 25 15 9 17 23 50 11 10 14 27 AQUIIII!!16 19 31 11 13 47 22 37 9 
28 27 22 21 48 29 51 18 24 31 20 53 
AQUIIII!!51 53 47 27 48 15 22 9 29 21 23 AQUIIII!!31 10 53 24 31 50 11 15 
25 10 13 9 23 24 50 27 48 11 51 22 47 AQUIIII!!
53 28 4 18 21 38 24 27 29 19 31 48 47 51 20 8 
AQUIIII!!31 23 24 10 48 15 9 25 22 11 51 14 27 13 50 53 
AQUIIII!!53 27 51 22 50 21 15 31 48 47 29 11 24 9 23 10 
AQUIIII!!53 21 27 51 31 28 19 29 48 18 20 47 9 8 22 24 
AQUIIII!!53 51 22 13 48 15 9 10 25 23 14 27 24 11 31 50 
AQUIIII!!28 38 4 31 47 19 8 20 27 48 29 2 21 24 18 3 
AQUIIII!!53 23 27 15 13 10 50 22 48 24 31 47 25 9 11 51 
AQUIIII!!53 14 27 31 10 24 15 22 50 23 25 48 13 11 51 9 
AQUIIII!!15 50 25 14 10 31 13 37 22 9 16 51 23 27 11 53 
AQUIIII!!20 9 18 22 21 27 24 51 31 11 29 28 47 19 48 53 
AQUIIII!!53 13 22 23 50 47 51 15 11 9 24 48 27 31 25 AQUIIII!!10 
53 21 47 24 27 15 29 22 48 20 31 19 9 28 51 11 
AQUIIII!!53 31 9 11 25 16 13 15 27 37 23 50 51 14 10 22 
AQUIIII!!53 29 31 47 8 27 28 20 24 48 4 18 38 19 51 21 
AQUIIII!!53 48 15 51 22 21 29 11 31 27 24 9 23 50 10 47 
AQUIIII!!53 21 22 9 27 31 24 15 50 29 48 28 47 51 20 11 
AQUIIII!!53 31 19 18 4 24 29 8 20 47 48 38 27 28 21 51 
AQUIIII!!15 29 22 9 51 28 31 21 47 24 50 11 27 48 20 53 
AQUIIII!!53 10 23 37 13 50 31 15 9 27 25 14 17 16 22 AQUIIII!!11 21 
24 29 47 15 31 22 23 48 11 9 10 50 27 51 53 
AQUIIII!!20 2 47 3 27 21 38 28 29 1 18 19 24 8 4 31 
AQUIIII!!53 20 24 27 22 15 51 21 11 31 48 50 47 9 28 29 
AQUIIII!!53 8 47 20 24 9 48 19 18 21 28 27 31 22 29 51 
AQUIIII!!53 27 24 50 22 9 10 11 31 51 48 23 13 15 25 47 AQUIIII!!
53 15 50 24 51 9 AQUIIII!!27 53 11 19 23 AQUIIII!!29 13 53 21 25 27 22 22 21 48 47 9 9 31 18 10 18 22 14 24 28 
48 8 8 20 51 29 31 28 19 48 51 20 27 31 
47 24 
AQUIIII!!53 25 31 9 15 47 51 48 AQUIIII!!11 53 22 28 27 19 10 48 50 51 13 21 24 31 23 11 
24 29 27 20 47 22 15 9 
AQUIIII!!53 28 29 24 20 38 31 18 8 27 47 21 19 48 51 4 
AQUIIII!!53 37 11 27 16 22 15 25 31 10 23 17 9 13 50 14 
AQUIIII!!47 4 21 2 31 38 27 28 24 1 19 8 3 29 20 18 
AQUIIII!!53 10 22 48 AQUIIII!!23 53 13 25 15 50 25 27 31 15 14 11 9 31 10 27 9 51 14 50 13 11 37 24 17 23 
22 16 
AQUIIII!!51 53 47 19 24 4 29 21 48 28 18 31 38 20 8 27 
AQUIIII!!53 23 9 25 15 27 10 13 22 14 16 51 37 11 31 50 
AQUIIII!!53 21 29 11 48 51 28 31 15 9 24 47 19 27 20 22 
AQUIIII!!53 8 4 20 51 38 18 29 47 27 31 48 28 19 24 21 
AQUIIII!!53 27 37 AQUIIII!!50 53 22 21 11 10 9 23 10 48 25 11 13 51 14 29 16 31 17 27 23 31 47 24 15 
50 9 15 22 
AQUIIII!!53 48 51 AQUIIII!!28 51 29 53 31 18 22 20 10 21 29 15 11 24 47 23 21 19 47 50 27 AQUIIII!!48 22 53 9 31 11 47 27 48 24 
27 9 51 
15 29 19 28 24 21 9 22 20 31 11 
AQUIIII!!53 51 47 8 20 22 48 24 29 18 28 21 27 31 19 9 
AQUIIII!!53 9 10 48 31 27 24 22 11 51 21 47 29 50 23 15 
AQUIIII!!53 11 51 29 15 21 20 22 47 27 31 50 28 24 9 48 
AQUIIII!!53 15 47 48 27 9 29 24 51 28 20 11 31 21 19 22 
AQUIIII!!47 21 4 18 2 29 20 19 3 28 24 38 8 31 1 27 
AQUIIII!!53 21 20 47 22 51 9 29 15 48 50 11 27 28 31 24 
AQUIIII!!21 9 28 15 11 24 22 29 19 48 27 20 51 47 31 53 
AQUIIII!!53 14 23 AQUIIII!!25 53 21 31 24 51 48 50 10 28 48 9 24 31 11 50 9 51 15 20 27 29 13 11 22 27 
15 22 47 
AQUIIII!!53 23 31 11 37 15 16 22 27 51 10 9 50 13 25 14 
Number of Cuts in the second phase:5276
Number of repeat: 5068 
Violation: 284.000000
Violation: 1200.000000
Violation: 500.000000
Violation: 600.000000
Violation: 168.000000
Violation: 110.000000
Violation: 250.000000
Violation: 333.000000
Violation: 500.000000
Violation: 397.000000
Violation: 165.000000
Violation: 200.000000
Violation: 84.000000
Violation: 200.000000
Violation: 55.000000
Violation: 200.000000
Violation: 1000.000000
Violation: 556.000000
Violation: 500.000000
Violation: 568.000000
Violation: 200.000000
Violation: 200.000000
Violation: 250.000000
Violation: 284.000000
Violation: 136.000000
Violation: 136.000000
Violation: 533.000000
Violation: 500.000000
Violation: 750.000000
Violation: 833.000000
Violation: 252.000000
Violation: 333.000000
Violation: 400.000000
Violation: 245.000000
Violation: 700.000000
Violation: 200.000000
Violation: 50.000000
Violation: 110.000000
Violation: 168.000000
Violation: 37.000000
Violation: 400.000000
Violation: 84.000000
Violation: 100.000000
Violation: 582.000000
Violation: 200.000000
Violation: 600.000000
Violation: 833.000000
Violation: 500.000000
Violation: 368.000000
Violation: 100.000000
Violation: 500.000000
Violation: 600.000000
Violation: 500.000000
Violation: 200.000000
Violation: 250.000000
Violation: 805.000000
Violation: 400.000000
Violation: 533.000000
Violation: 136.000000
Violation: 445.000000
Violation: 400.000000
Violation: 33.000000
Violation: 47.000000
Violation: 200.000000
Violation: 83.000000
Violation: 400.000000
Violation: 500.000000
Violation: 167.000000
Violation: 1.000000
Violation: 200.000000
Violation: 600.000000
Violation: 500.000000
Violation: 200.000000
Violation: 200.000000
Violation: 684.000000
Violation: 350.000000
Violation: 333.000000
Violation: 55.000000
Violation: 600.000000
Violation: 1000.000000
Violation: 194.000000
Violation: 333.000000
Violation: 200.000000
Violation: 583.000000
Violation: 283.000000
Violation: 400.000000
Violation: 1050.000000
Violation: 97.000000
Violation: 233.000000
Violation: 200.000000
Violation: 500.000000
Violation: 200.000000
Violation: 272.000000
Violation: 136.000000
Violation: 101.000000
Violation: 1.000000
Violation: 1000.000000
Violation: 200.000000
Violation: 66.000000
Violation: 1000.000000
Violation: 500.000000
Violation: 168.000000
Violation: 1000.000000
Violation: 450.000000
Violation: 200.000000
Violation: 1200.000000
Violation: 250.000000
Violation: 315.000000
Violation: 500.000000
Violation: 84.000000
Violation: 194.000000
Violation: 600.000000
Violation: 1000.000000
Violation: 33.000000
Violation: 245.000000
Violation: 200.000000
Violation: 1200.000000
Violation: 31.000000
Violation: 400.000000
Violation: 1083.000000
Violation: 600.000000
Violation: 55.000000
Violation: 250.000000
Violation: 333.000000
Violation: 33.000000
Violation: 200.000000
Violation: 168.000000
Violation: 333.000000
Violation: 888.000000
Violation: 55.000000
Violation: 431.000000
Violation: 191.000000
Violation: 534.000000
Violation: 200.000000
Violation: 596.000000
Violation: 250.000000
Violation: 500.000000
Violation: 249.000000
Violation: 800.000000
Violation: 250.000000
Violation: 333.000000
Violation: 249.000000
Violation: 200.000000
Violation: 200.000000
Violation: 333.000000
Violation: 400.000000
Violation: 385.000000
Violation: 833.000000
Violation: 200.000000
Violation: 833.000000
Violation: 250.000000
Violation: 600.000000
Violation: 200.000000
Violation: 1.000000
Violation: 360.000000
Violation: 400.000000
Violation: 533.000000
Violation: 600.000000
Violation: 221.000000
Violation: 1142.000000
Violation: 200.000000
Violation: 388.000000
Violation: 600.000000
Violation: 346.000000
Violation: 1050.000000
Violation: 33.000000
Violation: 333.000000
Violation: 833.000000
Violation: 750.000000
Violation: 500.000000
Violation: 200.000000
Violation: 537.000000
Violation: 276.000000
Violation: 214.000000
Violation: 333.000000
Violation: 600.000000
Violation: 600.000000
Violation: 284.000000
Violation: 250.000000
Violation: 1333.000000
Violation: 833.000000
Violation: 733.000000
Violation: 50.000000
Violation: 600.000000
Violation: 600.000000
Violation: 226.000000
Violation: 136.000000
Violation: 372.000000
Violation: 537.000000
Violation: 484.000000
Violation: 167.000000
Violation: 537.000000
Violation: 333.000000
Violation: 142.000000
Violation: 200.000000
Violation: 200.000000
Violation: 33.000000
Violation: 272.000000
Violation: 105.000000
Violation: 833.000000
Violation: 600.000000
Violation: 433.000000
Violation: 211.000000
Violation: 33.000000
Violation: 34.000000
Violation: 50.000000
Violation: 110.000000
Violation: 350.000000
5400 16
AQUIIII!!53 10 14 13 25 50 51 23 48 15 24 31 9 27 11 22 
AQUIIII!!17 53 27 37 AQUIIII!!25 51 31 53 23 13 13 31 50 22 27 9 15 14 50 22 48 11 9 16 24 15 47 10 10 25 
11 23 
AQUIIII!!29 9 28 27 22 24 31 20 47 21 50 15 11 48 51 53 
AQUIIII!!8 24 18 21 29 4 19 31 47 28 20 AQUIIII!!48 14 AQUIIII!!38 27 27 20 24 53 15 15 51 11 22 
27 48 47 13 21 10 51 31 22 51 AQUIIII!!29 50 9 19 31 25 31 15 9 AQUIIII!!24 AQUIIII!!48 11 14 48 19 AQUIIII!!50 23 15 9 28 25 53 10 28 28 20 10 25 
3 22 53 11 27 8 
48 27 51 47 48 24 22 24 31 19 11 48 23 9 23 31 9 51 14 38 24 31 24 51 18 27 13 50 AQUIIII!!29 27 13 53 21 31 22 2 
18 23 53 8 53 47 

AQUIIII!!29 51 15 20 48 23 21 21 AQUIIII!!10 27 4 24 22 22 47 13 48 10 
48 47 15 23 31 29 25 24 24 AQUIIII!!15 50 AQUIIII!!50 22 28 9 53 11 27 51 24 22 9 14 27 13 21 50 53 29 15 51 29 
11 9 11 27 21 10 14 53 11 9 11 
31 51 19 53 10 31 
23 20 25 48 50 31 AQUIIII!!22 27 16 15 16 27 47 37 AQUIIII!!
50 9 53 53 9 48 51 10 29 31 
11 51 22 22 37 47 23 27 21 13 11 AQUIIII!!14 19 31 31 20 47 25 9 15 29 15 24 9 53 28 19 51 

15 AQUIIII!!11 27 51 10 48 31 24 16 20 11 27 14 22 25 21 51 28 9 53 37 
13 23 AQUIIII!!15 48 50 29 22 24 53 28 
9 11 31 47 22 51 AQUIIII!!50 31 20 29 15 20 21 AQUIIII!!11 27 10 47 53 23 
51 50 19 51 27 48 24 13 21 11 18 27 22 31 9 25 48 9 28 22 53 15 
14 24 53 
AQUIIII!!51 29 28 48 20 9 22 21 15 19 31 27 47 24 11 53 
AQUIIII!!51 31 10 23 13 9 14 15 27 48 25 22 24 AQUIIII!!11 51 50 9 53 22 
11 15 AQUIIII!!47 50 23 15 50 25 48 23 29 24 27 27 31 22 10 48 21 24 10 53 11 
13 51 31 9 47 53 
AQUIIII!!10 25 31 22 9 15 37 11 27 AQUIIII!!50 51 23 53 13 19 47 16 28 14 29 53 21 48 51 24 
18 31 9 20 27 11 22 
AQUIIII!!37 11 16 15 25 51 AQUIIII!!31 13 23 50 11 27 16 14 AQUIIII!!17 9 20 27 22 48 31 AQUIIII!!23 24 25 16 10 22 11 9 53 14 15 15 
9 31 37 47 15 27 37 29 22 50 27 13 10 9 14 13 50 50 53 21 10 
28 25 22 23 51 51 53 31 
11 53 
AQUIIII!!31 29 50 AQUIIII!!23 50 9 51 47 22 10 9 51 15 27 47 11 31 48 11 15 21 24 24 21 48 22 27 53 10 
29 23 53 
AQUIIII!!53 AQUIIII!!21 27 11 22 31 15 9 27 51 47 19 9 24 23 11 50 47 48 48 22 29 51 29 10 15 21 28 31 20 24 
53 
AQUIIII!!47 53 51 22 27 28 50 21 48 20 24 11 15 29 9 31 
AQUIIII!!11 27 50 22 13 37 10 14 9 31 15 AQUIIII!!16 15 23 48 25 20 53 50 51 27 
29 9 28 22 11 21 31 AQUIIII!!24 14 53 11 47 17 51 16 
9 22 50 23 37 25 10 31 15 27 13 53 
AQUIIII!!53 13 48 25 27 11 23 14 51 24 50 10 22 15 9 31 
AQUIIII!!23 48 10 15 22 9 27 47 31 24 51 50 29 11 21 53 
AQUIIII!!25 50 13 AQUIIII!!31 22 11 29 37 9 16 20 9 14 27 10 15 22 51 15 47 51 21 31 23 50 27 24 53 AQUIIII!!28 
16 11 9 48 53 31 37 
25 14 13 50 AQUIIII!!22 53 10 9 11 16 51 17 27 11 15 37 23 25 53 13 
14 15 22 10 31 27 50 23 
AQUIIII!!53 24 10 13 9 23 27 31 50 48 22 51 14 15 11 25 
AQUIIII!!10 48 15 14 11 13 9 50 31 23 51 27 22 24 25 AQUIIII!!53 20 
51 47 29 21 4 18 28 38 24 8 19 31 48 27 53 
AQUIIII!!53 25 31 15 37 10 16 23 14 9 50 11 51 22 13 27 
AQUIIII!!24 18 28 8 48 4 27 38 47 31 21 51 19 20 29 53 
AQUIIII!!53 23 AQUIIII!!50 53 14 21 13 22 17 48 37 29 11 10 27 50 9 27 10 9 31 31 22 51 15 47 25 11 16 24 
15 23 
AQUIIII!!33 4 12 1 6 7 31 5 2 0 49 28 25 38 37 3 
AQUIIII!!47 31 22 9 48 24 28 18 29 8 20 27 51 21 19 53 
AQUIIII!!53 AQUIIII!!51 27 28 15 31 47 15 20 22 11 19 28 27 21 11 9 24 9 31 29 29 51 21 24 47 19 22 48 48 20 
53 
AQUIIII!!24 9 21 22 47 11 51 27 50 48 29 15 28 31 20 53 
AQUIIII!!27 23 10 25 37 9 14 11 13 15 17 16 22 50 31 53 
AQUIIII!!16 15 23 25 31 50 10 9 37 22 14 11 51 AQUIIII!!13 48 27 51 53 24 
11 22 47 28 9 29 20 21 19 31 27 18 53 
AQUIIII!!53 27 20 51 21 11 29 22 18 9 24 28 48 47 31 19 
AQUIIII!!11 14 10 13 16 50 25 23 31 37 9 27 22 15 51 53 
AQUIIII!!53 11 28 20 22 9 31 27 50 24 21 51 29 15 48 47 
AQUIIII!!53 38 29 20 51 19 31 18 47 AQUIIII!!8 53 24 31 28 50 27 23 48 27 4 11 21 13 
22 48 24 15 47 10 51 9 25 
AQUIIII!!21 51 48 19 27 29 11 9 15 31 24 22 20 47 28 53 
AQUIIII!!53 18 19 22 24 48 20 29 8 28 27 21 51 47 31 9 
AQUIIII!!53 9 AQUIIII!!10 53 23 29 15 51 11 9 22 48 14 22 17 27 31 21 25 47 27 31 16 19 37 24 13 18 50 20 
28 11 
AQUIIII!!53 37 23 11 14 10 25 13 16 15 17 27 31 50 9 22 
AQUIIII!!31 48 8 21 19 28 29 9 27 18 47 22 20 24 51 AQUIIII!!53 53 
31 8 27 38 28 29 48 18 4 20 47 19 21 51 24 
AQUIIII!!27 29 22 31 24 15 50 21 9 51 48 11 47 23 10 53 
AQUIIII!!53 15 24 13 31 10 50 25 48 9 22 23 11 51 27 47 
AQUIIII!!53 10 21 31 27 11 51 23 50 9 15 29 24 47 22 48 
AQUIIII!!53 9 21 20 22 28 27 24 47 29 48 51 11 15 31 19 
AQUIIII!!53 27 50 23 31 14 10 13 25 15 22 11 48 51 24 9 
AQUIIII!!53 9 25 51 23 11 14 24 27 48 13 31 50 15 10 22 
AQUIIII!!53 8 27 47 22 24 31 48 29 9 21 28 19 51 20 18 
AQUIIII!!22 8 27 21 24 28 51 29 47 48 20 31 19 18 9 53 
AQUIIII!!50 31 37 14 16 27 15 9 23 13 22 11 25 10 53 51 
AQUIIII!!53 24 20 47 27 29 11 9 22 50 48 28 31 51 15 21 
AQUIIII!!53 13 31 22 51 50 15 14 9 11 25 23 16 10 27 37 
AQUIIII!!53 38 19 47 27 29 24 48 18 31 21 4 8 20 51 28 
AQUIIII!!29 24 51 18 28 53 8 48 31 20 19 38 27 4 47 21 
AQUIIII!!53 24 31 14 48 11 23 13 25 15 9 27 10 22 50 51 
AQUIIII!!53 48 11 27 25 22 51 9 23 15 24 10 47 31 13 50 
AQUIIII!!53 19 31 29 20 27 47 21 4 18 38 28 24 48 AQUIIII!!53 8 51 29 
31 48 50 9 22 24 28 47 15 51 21 11 27 20 
AQUIIII!!53 22 9 47 51 21 27 11 29 23 48 15 10 50 31 24 
AQUIIII!!53 27 31 10 29 48 15 9 21 23 51 50 22 47 11 24 
AQUIIII!!53 22 9 13 27 25 15 37 31 16 10 14 11 50 17 23 
AQUIIII!!53 31 27 9 21 22 51 29 24 48 11 15 50 47 10 23 
AQUIIII!!53 51 16 13 25 15 22 14 50 27 23 37 31 9 10 11 
AQUIIII!!53 13 31 22 14 15 11 27 10 50 17 37 9 23 25 16 
AQUIIII!!53 29 51 47 18 20 8 21 27 24 19 31 28 38 48 4 
AQUIIII!!53 10 27 9 24 31 11 23 47 51 22 13 15 25 48 50 
AQUIIII!!53 15 47 11 31 24 48 29 22 10 23 27 50 9 21 51 
AQUIIII!!1 28 25 38 37 5 23 0 7 6 12 16 49 31 52 17 
AQUIIII!!53 8 21 4 31 20 28 29 47 51 18 24 48 27 38 19 
AQUIIII!!53 31 13 22 23 50 11 25 27 51 14 AQUIIII!!24 53 10 22 9 47 48 51 15 15 
27 9 24 21 11 31 29 10 48 50 23 
Number of Cuts in the second phase:3225
Number of repeat: 3180 
Violation: 26.000000
Violation: 200.000000
Violation: 400.000000
Violation: 400.000000
Violation: 800.000000
Violation: 571.000000
Violation: 500.000000
Violation: 200.000000
Violation: 1000.000000
Violation: 433.000000
Violation: 533.000000
Violation: 86.000000
Violation: 156.000000
Violation: 400.000000
Violation: 200.000000
Violation: 685.000000
Violation: 100.000000
Violation: 684.000000
Violation: 666.000000
Violation: 600.000000
Violation: 33.000000
Violation: 484.000000
Violation: 833.000000
Violation: 167.000000
Violation: 200.000000
Violation: 33.000000
Violation: 334.000000
Violation: 200.000000
Violation: 204.000000
Violation: 333.000000
Violation: 86.000000
Violation: 83.000000
Violation: 685.000000
Violation: 284.000000
Violation: 251.000000
Violation: 533.000000
Violation: 333.000000
Violation: 596.000000
Violation: 571.000000
Violation: 33.000000
Violation: 200.000000
Violation: 200.000000
Violation: 83.000000
Violation: 84.000000
Violation: 1000.000000
took 3.765979
Optimize a model with 621 rows, 906 columns and 10165 nonzeros
Coefficient statistics:
  Matrix range     [1e+00, 4e+01]
  Objective range  [0e+00, 0e+00]
  Bounds range     [1e+00, 4e+01]
  RHS range        [1e+00, 1e+02]
Presolve removed 350 rows and 107 columns
Presolve time: 0.00s
Presolved: 271 rows, 799 columns, 8599 nonzeros

Iteration    Objective       Primal Inf.    Dual Inf.      Time
       0    0.0000000e+00   4.395544e+01   0.000000e+00      0s
     115    0.0000000e+00   0.000000e+00   0.000000e+00      0s

Solved in 115 iterations and 0.01 seconds
Optimal objective  0.000000000e+00
