A-4.txt_s3.txt
Academic license - for non-commercial use only
Read LP format model from file lp/A-4.txt.lp
Reading time = 0.05 seconds
: 961 rows, 10797 columns, 131727 nonzeros
OKGPU
nThreads: 1024 , nBlocks: 12 
Number cuts generated in the phase 1: 13
Number of repeat: 0 
violation 43.000000
violation 30.000000
violation 10.000000
violation 13.000000
violation 13.000000
violation 198.000000
violation 56.000000
violation 306.000000
violation 785.000000
violation 576.000000
violation 27.000000
violation 714.000000
violation 774.000000
8592 8
AQUIIII!!151 100 150 AQUIIII!!154 151 152 18 93 13 5 95 AQUIIII!!68 153 151 21 93 
7 68 19 150 
5 13 7 21 AQUIIII!!151 
13 93 68 150 7 5 21 
AQUIIII!!151 154 13 5 150 100 21 AQUIIII!!95 151 
21 150 100 5 95 13 154 
AQUIIII!!151 7 19 68 21 5 93 18 
AQUIIII!!154 29 28 95 152 153 149 74 
AQUIIII!!5 AQUIIII!!95 150 100 152 150 95 13 100 21 154 151 13 154 153 
151 AQUIIII!!
95 100 154 150 153 13 21 151 
AQUIIII!!5 19 AQUIIII!!93 68 7 7 68 18 21 18 151 93 
5 21 150 151 
AQUIIII!!5 21 AQUIIII!!93 5 68 19 93 7 68 19 7 18 18 151 21 
151 
AQUIIII!!151 95 153 154 AQUIIII!!AQUIIII!!152 13 68 AQUIIII!!13 AQUIIII!!100 150 100 152 150 5 100 153 150 100 7 154 154 
95 95 152 150 13 154 150 21 93 151 13 95 13 153 
153 151 151 21 

151 
AQUIIII!!5 68 21 18 AQUIIII!!AQUIIII!!7 153 150 13 13 93 7 100 151 21 
150 150 68 AQUIIII!!154 5 95 68 21 7 151 93 5 
151 19 
21 18 AQUIIII!!AQUIIII!!93 AQUIIII!!100 151 153 93 95 18 
154 21 21 150 5 13 95 7 154 13 68 5 100 AQUIIII!!19 AQUIIII!!151 150 151 153 13 
152 151 154 153 AQUIIII!!
13 
152 154 95 95 5 21 13 154 150 95 100 100 150 150 151 21 151 

100 AQUIIII!!151 
150 21 AQUIIII!!100 150 154 152 5 153 13 AQUIIII!!13 154 95 95 68 151 5 100 
21 13 150 151 93 
7 151 
AQUIIII!!151 13 95 AQUIIII!!153 151 152 150 150 152 95 154 153 100 AQUIIII!!154 
AQUIIII!!13 93 7 68 100 18 18 
21 93 19 5 7 150 5 21 151 68 
151 
AQUIIII!!151 95 21 154 100 13 AQUIIII!!5 151 19 150 
21 18 68 5 7 93 
AQUIIII!!149 13 153 95 100 152 154 29 
AQUIIII!!13 154 AQUIIII!!153 150 100 100 150 95 95 13 152 153 151 21 
151 154 
AQUIIII!!95 149 74 28 154 29 152 153 
AQUIIII!!7 93 13 68 150 5 21 151 
AQUIIII!!95 21 AQUIIII!!153 100 13 154 13 100 95 150 150 151 
154 151 21 153 
AQUIIII!!150 13 21 5 100 95 154 151 
AQUIIII!!150 100 95 13 153 21 AQUIIII!!151 154 100 
13 95 21 154 5 150 AQUIIII!!151 7 
93 13 AQUIIII!!68 150 150 93 5 5 21 18 151 68 
21 7 AQUIIII!!151 7 
68 21 5 93 19 18 151 
AQUIIII!!151 153 152 150 95 154 100 13 
AQUIIII!!151 150 7 18 21 93 5 68 
AQUIIII!!AQUIIII!!95 151 150 153 154 95 152 AQUIIII!!5 100 13 100 150 100 13 154 154 13 21 
AQUIIII!!95 151 21 19 
7 150 AQUIIII!!153 5 68 151 21 93 
93 150 5 21 18 13 151 7 
68 151 AQUIIII!!
5 AQUIIII!!18 95 7 154 68 153 21 21 93 13 150 151 100 
150 AQUIIII!!151 21 
68 5 7 150 18 AQUIIII!!93 93 151 5 
150 21 13 68 7 151 
AQUIIII!!151 AQUIIII!!154 150 100 13 AQUIIII!!154 150 5 150 95 95 154 100 21 153 13 152 152 153 151 100 

95 13 151 
AQUIIII!!18 21 7 19 93 68 5 AQUIIII!!151 AQUIIII!!5 
AQUIIII!!151 150 93 93 93 5 5 7 7 18 21 13 19 18 68 68 68 7 21 150 21 
151 151 

AQUIIII!!AQUIIII!!154 18 21 21 150 7 AQUIIII!!153 5 21 13 93 151 95 5 68 100 150 18 151 93 151 
68 
150 7 
AQUIIII!!AQUIIII!!150 151 5 153 18 152 68 95 7 150 93 100 21 154 151 13 

AQUIIII!!5 18 68 21 150 7 93 151 
AQUIIII!!93 5 18 19 AQUIIII!!68 19 7 AQUIIII!!18 154 21 7 29 151 68 100 5 
149 21 95 93 152 151 13 153 

AQUIIII!!154 151 100 13 21 150 95 153 
AQUIIII!!151 68 21 13 7 93 150 5 
AQUIIII!!21 7 68 93 AQUIIII!!13 150 150 5 153 151 100 
95 13 154 151 152 
AQUIIII!!13 100 95 21 153 150 154 151 
AQUIIII!!74 153 28 152 149 95 29 154 
AQUIIII!!7 13 5 150 68 21 93 151 
AQUIIII!!95 150 154 153 13 152 100 151 
AQUIIII!!68 AQUIIII!!13 21 21 13 93 150 150 5 100 7 154 151 5 
95 151 
AQUIIII!!151 21 150 AQUIIII!!95 153 7 100 AQUIIII!!154 5 13 7 18 
93 19 68 21 150 93 18 5 68 21 151 151 

AQUIIII!!13 150 68 21 5 7 93 151 
AQUIIII!!13 5 21 150 95 AQUIIII!!100 AQUIIII!!154 151 150 68 154 18 100 
13 150 7 95 153 5 21 21 151 93 151 

AQUIIII!!18 21 5 93 68 7 150 151 
AQUIIII!!153 95 154 21 100 13 150 151 
AQUIIII!!151 5 18 7 19 93 21 68 
AQUIIII!!151 AQUIIII!!5 151 93 93 68 150 68 21 18 7 19 18 
5 7 21 
AQUIIII!!151 13 21 93 7 68 5 150 
AQUIIII!!18 68 21 19 93 5 7 151 
AQUIIII!!151 18 5 93 7 21 68 150 
AQUIIII!!151 7 68 18 5 150 93 21 
AQUIIII!!151 95 152 100 150 154 153 13 
AQUIIII!!7 5 93 18 21 150 68 151 
AQUIIII!!150 95 153 13 152 100 151 154 
AQUIIII!!151 21 68 93 7 5 18 19 AQUIIII!!
151 5 21 7 150 93 13 68 
AQUIIII!!18 7 93 21 5 150 68 151 
AQUIIII!!151 93 5 18 68 21 19 7 
AQUIIII!!151 AQUIIII!!100 AQUIIII!!151 152 152 150 154 154 151 153 93 13 7 100 150 95 95 5 153 13 13 150 

68 21 
AQUIIII!!95 13 154 5 100 150 21 151 
AQUIIII!!151 21 93 7 150 13 5 68 
AQUIIII!!151 93 7 18 21 68 5 19 
AQUIIII!!18 68 19 5 93 21 7 151 
AQUIIII!!5 68 7 21 150 18 93 151 
AQUIIII!!29 154 28 149 153 95 AQUIIII!!152 95 74 100 
153 13 AQUIIII!!21 13 150 154 154 152 151 150 
95 153 100 151 
AQUIIII!!151 100 13 AQUIIII!!154 154 150 151 13 152 153 95 150 95 21 
153 100 
AQUIIII!!153 154 13 100 95 150 21 151 
AQUIIII!!95 152 100 154 153 13 150 151 
AQUIIII!!95 AQUIIII!!153 13 13 21 100 5 150 150 152 95 154 154 151 100 
151 
AQUIIII!!21 13 5 150 68 7 93 151 
AQUIIII!!153 154 13 100 95 150 21 151 
AQUIIII!!13 7 150 21 5 93 68 151 
AQUIIII!!150 7 5 68 21 18 93 151 
AQUIIII!!95 13 153 150 100 21 154 151 
AQUIIII!!151 5 18 93 7 19 68 21 
AQUIIII!!151 154 100 150 21 95 13 153 
AQUIIII!!AQUIIII!!13 100 95 13 150 153 21 95 153 21 100 154 154 151 AQUIIII!!150 68 
151 18 
21 5 7 93 150 AQUIIII!!151 AQUIIII!!95 
151 13 153 153 95 AQUIIII!!150 150 151 100 13 21 19 100 154 5 21 151 93 
154 7 
18 21 68 
AQUIIII!!151 154 100 150 21 95 13 153 
AQUIIII!!154 151 95 13 153 150 152 100 
AQUIIII!!13 150 154 95 100 5 21 151 
AQUIIII!!151 AQUIIII!!150 151 21 100 150 154 5 154 95 95 100 153 13 13 
21 
AQUIIII!!151 150 7 68 21 93 13 5 
AQUIIII!!13 100 95 149 152 AQUIIII!!153 152 29 154 154 
151 153 AQUIIII!!13 151 95 150 21 95 154 13 100 150 
100 153 
AQUIIII!!151 13 68 7 150 5 93 21 
AQUIIII!!13 152 95 100 153 150 154 151 
AQUIIII!!151 AQUIIII!!13 153 5 154 150 95 21 13 100 93 150 7 
68 21 151 
AQUIIII!!AQUIIII!!21 151 154 5 151 7 95 18 5 93 13 68 100 21 150 19 
AQUIIII!!
5 150 13 93 7 68 21 151 
AQUIIII!!152 74 95 28 153 149 154 29 
AQUIIII!!151 150 21 5 95 154 13 100 
AQUIIII!!151 7 21 18 5 93 68 19 
AQUIIII!!151 154 21 153 150 AQUIIII!!95 100 100 150 13 153 
95 13 154 152 151 
AQUIIII!!151 154 100 95 152 13 150 153 
AQUIIII!!95 100 153 13 150 154 151 21 
AQUIIII!!95 100 153 13 150 154 151 21 
AQUIIII!!151 154 100 95 152 13 150 153 
AQUIIII!!151 154 13 150 95 100 152 153 
AQUIIII!!5 93 150 21 7 18 68 151 
AQUIIII!!21 151 18 5 19 7 AQUIIII!!93 150 68 13 
152 95 100 153 151 AQUIIII!!154 151 
21 7 68 19 93 5 18 
AQUIIII!!151 7 21 68 150 18 93 5 
AQUIIII!!95 152 100 153 150 13 154 151 
AQUIIII!!151 AQUIIII!!7 151 AQUIIII!!5 151 150 13 152 100 93 153 21 150 95 13 154 21 154 13 68 100 
95 150 5 

AQUIIII!!151 152 153 95 13 154 100 150 
AQUIIII!!152 151 153 154 100 150 13 95 
AQUIIII!!151 68 21 150 93 13 7 5 
AQUIIII!!151 21 150 93 18 5 68 7 
AQUIIII!!151 13 100 21 5 95 154 150 
AQUIIII!!95 150 100 21 13 154 5 151 
AQUIIII!!151 13 153 150 AQUIIII!!21 68 154 21 100 13 95 7 
150 5 93 151 
AQUIIII!!151 21 19 5 18 7 93 68 
AQUIIII!!93 7 19 5 68 18 151 21 
AQUIIII!!93 7 19 5 68 18 151 21 
AQUIIII!!68 5 21 18 93 19 7 151 
AQUIIII!!151 21 5 18 7 68 93 150 
AQUIIII!!151 95 21 150 13 153 100 154 
AQUIIII!!151 150 13 153 154 95 100 21 
AQUIIII!!154 151 100 5 95 21 150 13 
AQUIIII!!154 153 100 150 95 13 152 151 
AQUIIII!!154 153 151 21 13 95 100 150 
AQUIIII!!21 151 13 154 150 5 100 95 
AQUIIII!!152 154 153 29 95 13 149 100 
AQUIIII!!68 21 18 7 150 93 5 151 AQUIIII!!
151 13 100 AQUIIII!!150 21 152 154 154 151 95 153 153 95 
150 100 13 
AQUIIII!!21 151 13 100 153 154 95 150 
AQUIIII!!18 93 21 7 150 5 68 151 
AQUIIII!!21 150 93 68 13 7 5 151 
AQUIIII!!151 153 152 100 13 95 154 150 
AQUIIII!!151 18 93 21 5 150 7 68 
AQUIIII!!151 19 93 18 68 21 5 7 
AQUIIII!!151 21 19 5 18 7 93 68 
AQUIIII!!151 68 5 150 93 13 7 21 
AQUIIII!!95 154 13 21 150 153 100 151 
AQUIIII!!151 152 150 153 154 13 100 95 
AQUIIII!!151 150 5 100 21 95 154 13 
AQUIIII!!151 93 68 5 150 21 7 18 
AQUIIII!!151 154 153 95 21 13 100 150 
AQUIIII!!151 154 153 95 21 13 100 150 
AQUIIII!!151 93 21 13 7 5 68 150 
AQUIIII!!151 5 21 7 13 150 93 68 
AQUIIII!!154 151 21 13 100 153 150 95 
AQUIIII!!151 68 5 13 21 AQUIIII!!150 151 7 93 150 
100 95 154 13 5 21 
AQUIIII!!151 153 95 13 154 150 152 100 
AQUIIII!!151 18 68 5 21 7 150 93 
AQUIIII!!AQUIIII!!151 151 154 21 95 93 13 7 150 150 21 18 100 68 5 5 

AQUIIII!!151 5 21 7 18 150 68 93 
AQUIIII!!151 154 5 100 21 95 13 150 
AQUIIII!!151 7 21 18 68 5 93 19 
AQUIIII!!29 154 152 28 149 74 95 153 
AQUIIII!!151 154 100 13 152 95 153 150 
AQUIIII!!151 153 154 100 150 95 152 13 
Number of Cuts in the second phase:3427
Number of repeat: 3294 
Violation: 374.000000
Violation: 595.000000
Violation: 1564.000000
Violation: 380.000000
Violation: 246.000000
Violation: 428.000000
Violation: 145.000000
Violation: 384.000000
Violation: 1190.000000
Violation: 77.000000
Violation: 119.000000
Violation: 553.000000
Violation: 214.000000
Violation: 192.000000
Violation: 417.000000
Violation: 1948.000000
Violation: 149.000000
Violation: 680.000000
Violation: 560.000000
Violation: 532.000000
Violation: 133.000000
Violation: 346.000000
Violation: 758.000000
Violation: 642.000000
Violation: 451.000000
Violation: 856.000000
Violation: 340.000000
Violation: 1152.000000
Violation: 791.000000
Violation: 541.000000
Violation: 948.000000
Violation: 734.000000
Violation: 570.000000
Violation: 309.000000
Violation: 37.000000
Violation: 1165.000000
Violation: 396.000000
Violation: 204.000000
Violation: 111.000000
Violation: 1355.000000
Violation: 929.000000
Violation: 283.000000
Violation: 190.000000
Violation: 107.000000
Violation: 975.000000
Violation: 491.000000
Violation: 157.000000
Violation: 739.000000
Violation: 219.000000
Violation: 863.000000
Violation: 424.000000
Violation: 4.000000
Violation: 564.000000
Violation: 226.000000
Violation: 49.000000
Violation: 518.000000
Violation: 181.000000
Violation: 126.000000
Violation: 44.000000
Violation: 18.000000
Violation: 404.000000
Violation: 536.000000
Violation: 125.000000
Violation: 357.000000
Violation: 760.000000
Violation: 132.000000
Violation: 109.000000
Violation: 115.000000
Violation: 105.000000
Violation: 46.000000
Violation: 1088.000000
Violation: 919.000000
Violation: 191.000000
Violation: 731.000000
Violation: 960.000000
Violation: 1574.000000
Violation: 433.000000
Violation: 748.000000
Violation: 54.000000
Violation: 629.000000
Violation: 566.000000
Violation: 423.000000
Violation: 50.000000
Violation: 634.000000
Violation: 825.000000
Violation: 360.000000
Violation: 250.000000
Violation: 34.000000
Violation: 768.000000
Violation: 238.000000
Violation: 86.000000
Violation: 125.000000
Violation: 34.000000
Violation: 167.000000
Violation: 624.000000
Violation: 386.000000
Violation: 61.000000
Violation: 1.000000
Violation: 1054.000000
Violation: 196.000000
Violation: 171.000000
Violation: 798.000000
Violation: 787.000000
Violation: 52.000000
Violation: 128.000000
Violation: 299.000000
Violation: 518.000000
Violation: 85.000000
Violation: 183.000000
Violation: 80.000000
Violation: 489.000000
Violation: 1008.000000
Violation: 293.000000
Violation: 460.000000
Violation: 59.000000
Violation: 383.000000
Violation: 144.000000
Violation: 1035.000000
Violation: 708.000000
Violation: 305.000000
Violation: 141.000000
Violation: 53.000000
Violation: 821.000000
Violation: 334.000000
Violation: 328.000000
Violation: 29.000000
Violation: 440.000000
Violation: 624.000000
Violation: 71.000000
Violation: 701.000000
Violation: 15.000000
Violation: 179.000000
Violation: 524.000000
5400 8
AQUIIII!!151 93 7 68 5 21 19 18 
AQUIIII!!154 151 100 5 13 21 150 95 
AQUIIII!!154 151 152 13 153 95 100 150 
AQUIIII!!154 151 152 13 153 95 100 150 
AQUIIII!!95 74 153 28 152 149 154 29 
AQUIIII!!7 93 18 5 68 19 151 21 
AQUIIII!!153 13 154 150 100 95 151 152 
AQUIIII!!7 19 5 AQUIIII!!68 21 21 AQUIIII!!68 93 154 93 18 150 100 151 5 153 
18 95 7 150 151 
13 151 152 
AQUIIII!!13 5 68 AQUIIII!!7 95 93 5 150 21 21 100 151 154 
13 AQUIIII!!150 151 13 
5 95 21 150 154 AQUIIII!!100 AQUIIII!!95 151 18 
13 93 150 5 21 150 100 21 5 68 154 7 151 AQUIIII!!151 93 

18 150 7 5 68 21 151 
AQUIIII!!150 AQUIIII!!13 21 95 100 100 AQUIIII!!150 21 154 13 154 5 21 5 13 150 151 95 100 
151 95 
154 5 151 
AQUIIII!!13 150 21 7 68 5 93 151 
AQUIIII!!151 21 150 154 13 95 153 100 
AQUIIII!!151 19 68 18 7 93 21 5 
AQUIIII!!151 68 13 5 21 7 150 93 
AQUIIII!!151 5 13 21 150 93 68 7 
AQUIIII!!151 95 13 21 150 154 153 100 
AQUIIII!!151 21 154 153 13 150 AQUIIII!!100 151 95 
150 68 7 5 93 13 21 
AQUIIII!!5 19 7 68 21 93 18 151 AQUIIII!!
7 68 5 21 93 AQUIIII!!19 93 18 150 151 21 
5 18 7 68 151 
AQUIIII!!93 68 7 5 AQUIIII!!150 21 5 18 93 151 18 21 68 
7 150 151 
AQUIIII!!93 7 13 21 5 150 68 151 
AQUIIII!!151 68 7 93 5 21 18 19 
AQUIIII!!151 153 13 100 21 150 95 154 
AQUIIII!!AQUIIII!!150 21 5 21 93 93 7 68 68 13 150 AQUIIII!!5 7 151 21 18 
151 13 95 
100 5 154 150 151 
AQUIIII!!154 95 13 100 153 21 150 151 
AQUIIII!!151 68 18 7 5 93 150 21 
AQUIIII!!151 21 93 13 68 7 150 5 
AQUIIII!!151 100 150 5 21 154 95 13 
AQUIIII!!151 95 21 154 150 100 13 5 
AQUIIII!!154 151 5 95 100 150 13 21 
AQUIIII!!5 93 7 18 19 AQUIIII!!68 150 151 13 21 21 
153 154 95 100 151 
AQUIIII!!154 153 13 150 21 100 95 151 
AQUIIII!!18 19 93 5 21 68 AQUIIII!!7 154 151 153 
100 150 152 95 13 151 
AQUIIII!!150 5 7 21 AQUIIII!!93 21 18 93 68 5 151 7 
19 68 18 151 
AQUIIII!!5 68 7 150 21 93 18 151 
AQUIIII!!21 151 100 150 95 13 154 153 
AQUIIII!!5 7 13 150 68 93 21 151 
AQUIIII!!21 13 154 100 150 95 153 151 
AQUIIII!!93 21 7 68 150 5 18 151 
AQUIIII!!154 100 153 150 13 95 151 152 
AQUIIII!!154 95 153 150 13 100 21 151 
AQUIIII!!5 21 154 95 100 13 150 151 
AQUIIII!!151 93 18 150 7 68 5 21 
AQUIIII!!151 21 150 95 154 13 AQUIIII!!100 28 153 74 
95 152 153 149 154 29 
AQUIIII!!28 74 95 152 153 149 154 29 
AQUIIII!!151 68 21 7 150 93 18 5 
AQUIIII!!AQUIIII!!68 5 21 150 7 18 13 93 93 21 5 7 150 68 151 151 

AQUIIII!!95 153 13 21 154 150 100 151 
AQUIIII!!151 21 68 7 150 18 5 93 
AQUIIII!!151 68 7 150 93 21 18 5 
AQUIIII!!151 13 95 150 100 154 5 21 
AQUIIII!!154 29 149 152 153 74 28 95 
AQUIIII!!68 7 93 5 19 18 21 151 
AQUIIII!!18 5 93 21 19 68 7 151 
AQUIIII!!5 100 154 150 95 21 13 151 
AQUIIII!!21 95 150 154 153 13 100 151 AQUIIII!!
150 153 21 95 154 100 13 151 
AQUIIII!!68 93 13 21 7 150 5 151 
AQUIIII!!151 21 5 154 150 100 13 95 
AQUIIII!!151 93 68 5 21 150 7 18 
AQUIIII!!150 95 153 13 154 152 100 151 
AQUIIII!!151 150 95 5 13 154 21 100 
AQUIIII!!151 153 100 13 152 95 150 154 
AQUIIII!!AQUIIII!!153 154 150 153 13 152 21 29 100 13 95 95 151 100 154 149 

AQUIIII!!150 21 13 95 100 5 154 151 
AQUIIII!!153 152 154 29 100 95 149 13 
AQUIIII!!5 93 21 150 13 7 68 151 
AQUIIII!!5 7 68 150 13 93 21 151 
AQUIIII!!21 7 93 13 150 68 5 151 
AQUIIII!!150 152 153 95 100 13 151 154 
AQUIIII!!153 149 95 152 28 74 29 154 AQUIIII!!
154 13 100 21 150 95 153 151 
AQUIIII!!151 150 5 21 13 154 100 95 
AQUIIII!!152 154 100 150 95 153 13 151 
AQUIIII!!151 13 152 150 154 95 100 153 
AQUIIII!!151 13 154 100 95 21 5 150 
AQUIIII!!152 13 150 100 95 153 151 154 
AQUIIII!!151 150 68 5 7 21 13 93 
AQUIIII!!151 95 5 100 150 13 154 21 
AQUIIII!!100 95 153 13 150 154 152 151 
AQUIIII!!153 21 100 95 154 13 150 151 
AQUIIII!!68 13 93 21 150 7 5 151 
AQUIIII!!151 68 19 18 21 5 7 93 
AQUIIII!!151 7 18 21 68 5 19 93 
AQUIIII!!21 151 154 5 100 150 13 95 
AQUIIII!!5 7 150 93 68 13 151 21 
AQUIIII!!151 95 100 150 152 154 153 13 
AQUIIII!!151 154 21 150 5 95 13 100 
AQUIIII!!151 154 95 13 5 21 150 100 
AQUIIII!!150 93 68 18 21 5 7 151 
AQUIIII!!21 151 154 150 153 100 13 95 
AQUIIII!!151 68 93 5 7 18 150 21 
AQUIIII!!100 153 154 13 21 150 95 151 
AQUIIII!!151 21 93 68 7 5 150 18 
AQUIIII!!151 68 7 5 18 93 19 21 
AQUIIII!!5 18 68 150 21 7 93 151 
AQUIIII!!152 154 100 95 150 13 153 151 
AQUIIII!!151 68 150 7 93 18 21 5 
AQUIIII!!151 7 93 21 68 5 19 18 
AQUIIII!!151 93 5 68 7 150 21 18 
AQUIIII!!151 152 13 150 100 154 153 95 
AQUIIII!!154 151 100 152 13 95 150 153 
AQUIIII!!151 150 13 153 95 152 100 154 
AQUIIII!!13 153 154 150 152 95 100 151 
AQUIIII!!154 29 74 95 28 152 149 153 
AQUIIII!!151 19 5 68 93 18 21 7 
AQUIIII!!151 154 13 21 95 5 100 150 
AQUIIII!!151 150 100 13 21 154 153 95 
AQUIIII!!151 13 95 21 150 154 100 153 
AQUIIII!!151 19 21 68 18 93 5 7 
AQUIIII!!151 21 5 150 95 100 154 13 
AQUIIII!!151 68 13 93 5 150 21 7 
AQUIIII!!151 95 21 153 100 13 150 154 
AQUIIII!!151 100 95 154 153 150 13 152 
Number of Cuts in the second phase:2144
Number of repeat: 2125 
Violation: 555.000000
Violation: 91.000000
Violation: 760.000000
Violation: 181.000000
Violation: 291.000000
Violation: 770.000000
Violation: 212.000000
Violation: 13.000000
Violation: 296.000000
Violation: 153.000000
Violation: 681.000000
Violation: 347.000000
Violation: 481.000000
Violation: 430.000000
Violation: 657.000000
Violation: 59.000000
Violation: 209.000000
Violation: 268.000000
Violation: 256.000000
took 9.948508
Optimize a model with 1187 rows, 10797 columns and 133381 nonzeros
Coefficient statistics:
  Matrix range     [1e-05, 9e+01]
  Objective range  [0e+00, 0e+00]
  Bounds range     [1e+00, 2e+09]
  RHS range        [1e+00, 6e+01]
Warning: Model contains large bounds
         Consider reformulating model or setting NumericFocus parameter
         to avoid numerical issues.

Concurrent LP optimizer: dual simplex and barrier
Showing barrier log only...

Presolve removed 167 rows and 420 columns
Presolve time: 0.04s
Presolved: 1020 rows, 10377 columns, 125811 nonzeros

Ordering time: 0.00s

Barrier statistics:
 AA' NZ     : 5.969e+04
 Factor NZ  : 1.062e+05 (roughly 5 MBytes of memory)
 Factor Ops : 1.335e+07 (less than 1 second per iteration)
 Threads    : 3

                  Objective                Residual
Iter       Primal          Dual         Primal    Dual     Compl     Time
   0   0.00000000e+00 -2.68716626e+07  8.27e+09 0.00e+00  1.42e+06     0s
   1   0.00000000e+00 -4.41459972e+06  2.69e+09 7.81e-03  4.64e+05     0s
   2   0.00000000e+00 -2.49218668e+05  3.64e+08 1.11e-16  6.35e+04     0s
   3   0.00000000e+00 -1.45660039e+03  3.48e+04 1.94e-16  6.14e+00     0s
   4   0.00000000e+00 -1.18254530e+03  2.59e+04 3.17e-06  4.49e+00     0s
   5   0.00000000e+00 -1.59268117e+03  8.56e+03 1.22e-04  2.20e+00     0s
   6   0.00000000e+00 -9.13559660e+02  6.19e+03 1.93e-05  1.21e+00     0s
   7   0.00000000e+00 -6.59799168e+02  1.25e+03 1.78e-15  2.68e-01     0s
   8   0.00000000e+00 -3.17385994e+02  4.89e+02 3.33e-16  1.01e-01     0s
   9   0.00000000e+00 -1.71627645e+02  1.73e+02 2.66e-15  3.73e-02     0s
  10   0.00000000e+00 -6.96545021e+01  4.28e+01 1.33e-15  1.03e-02     0s
  11   0.00000000e+00 -4.16048489e+01  1.13e+01 5.27e-16  3.63e-03     0s
  12   0.00000000e+00 -1.66678105e+01  6.04e+00 1.19e-15  1.59e-03     0s
  13   0.00000000e+00 -1.42462117e+01  3.38e+00 6.11e-16  1.10e-03     0s

Barrier performed 13 iterations in 0.12 seconds
Barrier solve interrupted - model solved by another algorithm


Solved with dual simplex
Solved in 622 iterations and 0.12 seconds
Optimal objective  0.000000000e+00
