j3017_4.mm_s7.txt
Academic license - for non-commercial use only
Read LP format model from file lp/j3017_4.mm.lp
Reading time = 0.01 seconds
: 351 rows, 906 columns, 9053 nonzeros
OKGPU
nThreads: 1024 , nBlocks: 12 
Number cuts generated in the phase 1: 10
Number of repeat: 1 
violation 661.000000
violation 8.000000
violation 795.000000
violation 210.000000
violation 483.000000
violation 435.000000
violation 581.000000
violation 645.000000
violation 8.000000
8592 16
51 26 50 22 48 16 44 18 46 
AQUIIII!!48 21 AQUIIII!!47 16 9 49 15 37 44 8 27 14 45 20 17 9 22 21 17 5 26 52 4 46 32 
29 3 6 22 14 41 44 
AQUIIII!!46 32 22 5 21 47 41 14 17 29 3 6 8 9 4 44 
AQUIIII!!6 27 52 41 21 47 17 8 46 14 5 9 AQUIIII!!22 44 29 52 48 18 44 
16 37 AQUIIII!!47 47 51 29 20 16 50 24 22 46 52 19 9 26 48 22 AQUIIII!!14 48 49 AQUIIII!!21 49 5 46 44 
3 16 6 29 27 22 32 41 14 17 8 51 22 17 52 41 46 21 20 
6 26 45 44 14 21 9 17 4 37 8 47 15 AQUIIII!!44 48 18 
27 37 
21 48 26 47 22 49 24 AQUIIII!!17 44 44 46 51 8 52 4 16 14 20 45 46 32 
22 6 9 21 29 5 3 41 17 
AQUIIII!!26 AQUIIII!!52 21 19 41 46 4 24 5 18 9 20 3 47 8 21 32 37 45 44 14 22 29 16 22 49 17 51 6 48 46 
44 
AQUIIII!!44 8 21 16 46 41 17 27 9 48 52 29 14 6 22 47 
AQUIIII!!17 41 16 22 6 21 AQUIIII!!14 21 27 46 47 41 9 9 44 6 29 8 8 14 48 32 52 4 46 5 
17 3 29 22 45 44 
AQUIIII!!6 8 27 5 22 14 29 9 21 41 46 47 AQUIIII!!46 52 17 47 48 48 44 49 37 
50 18 44 16 22 AQUIIII!!19 46 26 32 52 8 24 14 20 41 AQUIIII!!51 4 AQUIIII!!17 
47 19 4 21 50 32 29 52 22 22 6 47 47 22 21 AQUIIII!!16 9 29 9 44 17 44 32 48 44 3 48 49 5 29 6 18 3 9 51 44 22 41 20 
17 24 8 AQUIIII!!47 37 14 21 26 46 5 6 6 46 46 41 
9 
AQUIIII!!14 21 48 4 47 26 8 14 5 8 8 46 17 41 
20 5 37 29 47 22 AQUIIII!!22 46 4 21 17 47 16 51 44 52 16 32 49 46 48 52 9 
0 14 26 27 20 AQUIIII!!44 37 50 
19 19 46 50 51 18 47 48 20 AQUIIII!!AQUIIII!!49 40 46 52 22 47 22 48 
44 46 22 16 26 49 24 AQUIIII!!48 17 24 44 18 19 27 26 27 52 37 37 48 37 
44 21 26 8 47 20 9 49 44 21 14 16 22 22 51 20 51 18 48 46 47 16 37 50 14 17 
52 16 
20 52 26 
AQUIIII!!4 5 29 9 17 14 6 41 47 44 8 21 32 3 AQUIIII!!46 22 16 46 19 
50 51 26 47 20 37 48 44 24 52 22 49 18 
AQUIIII!!16 52 50 19 18 24 49 37 47 44 48 26 20 51 22 46 
AQUIIII!!16 26 22 18 47 21 20 48 37 17 52 24 51 49 44 46 
AQUIIII!!37 22 21 49 17 48 44 16 26 24 51 18 52 20 47 46 
AQUIIII!!44 41 21 6 27 17 16 22 9 52 47 48 29 46 14 8 
AQUIIII!!46 14 22 9 29 6 8 17 32 5 45 41 44 4 21 3 
AQUIIII!!4 44 47 17 6 41 14 29 8 32 21 46 22 48 9 5 
AQUIIII!!46 16 19 50 51 26 47 20 37 48 44 24 52 22 49 18 
AQUIIII!!AQUIIII!!44 5 16 32 26 22 22 41 47 8 52 4 21 45 37 AQUIIII!!46 18 52 21 20 14 17 51 51 29 46 24 20 6 49 21 3 48 37 17 17 48 9 
47 44 18 
44 49 26 16 22 24 46 AQUIIII!!44 
46 47 22 9 4 29 32 6 17 3 21 8 41 5 AQUIIII!!14 44 
4 6 17 46 9 29 3 41 14 22 45 AQUIIII!!5 44 21 52 8 29 46 32 
8 9 6 AQUIIII!!27 46 14 22 21 16 18 47 22 51 19 41 AQUIIII!!52 5 44 26 17 46 40 47 48 50 22 
48 9 47 4 49 29 32 0 6 37 17 20 3 
21 AQUIIII!!8 46 41 AQUIIII!!14 5 17 48 14 27 27 
48 16 49 9 20 17 46 44 21 52 52 21 26 8 16 29 37 41 47 47 9 6 14 22 22 
44 
AQUIIII!!4 14 15 5 21 17 3 22 32 45 29 41 9 6 8 44 
AQUIIII!!14 17 37 46 47 16 27 21 26 20 9 22 52 8 48 44 
AQUIIII!!22 21 29 4 5 8 44 AQUIIII!!32 44 17 48 14 AQUIIII!!46 21 45 8 26 3 46 AQUIIII!!22 9 9 5 49 41 41 44 51 6 29 17 47 46 22 32 37 
29 32 20 17 4 17 3 14 16 6 6 52 21 5 24 45 8 18 22 44 
14 4 41 47 9 48 
21 46 
AQUIIII!!49 44 16 51 27 48 47 21 46 20 17 52 37 22 14 AQUIIII!!26 44 AQUIIII!!
21 50 4 51 47 20 22 26 9 49 8 40 32 0 14 19 5 16 3 52 41 11 17 34 46 48 1 29 AQUIIII!!6 37 24 18 
44 
48 16 21 26 52 49 46 22 19 18 51 37 20 47 
AQUIIII!!14 29 8 41 48 44 47 52 17 6 22 5 9 27 21 46 
AQUIIII!!16 18 52 26 49 20 44 AQUIIII!!51 47 21 22 AQUIIII!!48 20 44 37 47 47 51 37 9 24 17 46 17 22 6 26 32 16 24 46 41 46 48 5 
49 14 18 17 21 29 8 52 3 44 
22 21 4 
AQUIIII!!46 52 37 48 26 22 14 17 47 44 16 27 9 49 21 20 
AQUIIII!!47 46 9 5 41 27 29 8 21 48 22 6 14 17 52 44 
AQUIIII!!47 22 8 9 32 29 41 5 21 48 14 17 6 46 AQUIIII!!4 22 44 48 
16 8 29 14 27 17 6 21 41 46 52 9 47 44 
AQUIIII!!47 22 8 9 32 29 41 5 21 48 14 17 6 46 4 44 
AQUIIII!!46 16 26 47 17 48 AQUIIII!!44 14 52 27 8 22 22 46 21 6 37 41 17 27 29 9 5 20 8 14 52 
47 48 9 21 44 
AQUIIII!!44 AQUIIII!!27 46 AQUIIII!!47 5 46 52 49 9 16 4 46 47 20 29 21 3 14 37 48 44 20 47 21 22 51 32 17 26 18 41 9 19 6 17 24 14 37 52 21 16 22 
22 48 8 26 
49 44 
AQUIIII!!29 6 16 41 22 52 14 8 9 21 44 27 48 47 17 46 
AQUIIII!!49 46 16 AQUIIII!!27 47 14 46 21 37 44 48 9 47 32 44 17 41 52 4 20 14 AQUIIII!!17 46 8 51 22 27 26 37 48 22 48 5 21 9 6 
52 29 21 
26 49 16 47 22 44 14 AQUIIII!!17 46 20 19 49 
18 52 47 44 20 48 16 AQUIIII!!26 47 22 46 37 48 24 50 16 51 20 
22 21 26 27 52 17 51 49 44 14 AQUIIII!!37 44 
AQUIIII!!18 46 48 48 47 21 19 51 49 AQUIIII!!17 52 46 24 17 20 47 24 37 48 16 49 16 37 26 51 52 21 26 26 37 21 18 51 52 44 22 24 20 16 22 20 49 
18 22 46 
47 44 
AQUIIII!!44 47 26 48 22 37 17 9 20 52 21 8 16 27 14 46 
AQUIIII!!16 52 26 24 48 49 18 51 21 37 20 22 47 19 44 AQUIIII!!46 40 
19 48 49 16 47 52 37 26 18 22 0 50 51 20 46 
AQUIIII!!46 8 14 37 16 9 21 48 47 26 17 27 44 22 52 20 
AQUIIII!!46 37 40 51 AQUIIII!!26 46 49 32 44 48 17 0 22 50 14 16 29 4 52 48 20 9 22 47 47 5 8 19 21 18 6 
41 
AQUIIII!!8 46 27 22 44 17 37 26 9 21 16 20 52 48 47 14 
AQUIIII!!26 51 47 37 46 20 44 16 19 22 48 52 18 24 49 50 
AQUIIII!!44 48 24 18 22 17 52 AQUIIII!!47 14 20 4 37 21 16 5 21 17 51 6 49 41 26 45 46 3 
15 32 29 8 22 9 44 
AQUIIII!!18 AQUIIII!!51 22 20 50 49 19 16 20 26 18 22 44 44 24 37 52 47 16 52 26 24 37 48 48 50 46 19 49 46 47 
51 AQUIIII!!
46 17 21 5 41 52 9 6 47 48 27 22 8 14 29 44 
AQUIIII!!44 47 AQUIIII!!37 4 27 29 22 22 16 15 49 17 52 3 14 9 21 48 21 20 32 26 41 46 45 9 14 17 8 
6 5 44 
AQUIIII!!44 22 8 14 47 16 21 48 17 46 20 52 26 9 27 37 
AQUIIII!!44 27 6 8 AQUIIII!!52 41 48 9 41 22 47 9 47 16 8 46 4 14 5 21 3 22 29 29 14 17 21 
6 32 17 44 46 
AQUIIII!!AQUIIII!!5 41 41 9 AQUIIII!!6 22 14 17 29 47 48 8 3 21 4 41 8 5 9 17 32 3 32 5 29 6 14 14 8 21 4 4 6 22 21 46 32 47 29 17 44 22 44 47 9 46 

46 44 
AQUIIII!!AQUIIII!!46 17 29 20 21 14 17 41 9 46 44 8 27 14 52 16 16 6 27 48 AQUIIII!!8 9 9 22 37 44 27 21 47 22 22 
26 8 AQUIIII!!14 47 20 52 5 22 48 21 27 
41 9 29 16 26 17 21 44 48 52 47 48 17 47 14 8 6 46 46 37 
52 44 
AQUIIII!!46 5 29 9 41 8 17 21 6 14 32 22 3 47 44 4 
AQUIIII!!51 22 48 AQUIIII!!37 18 50 0 46 49 26 26 16 40 18 47 50 19 51 24 48 49 19 52 22 20 16 44 52 47 37 20 
46 
AQUIIII!!AQUIIII!!26 46 37 47 46 17 22 44 21 52 52 48 8 51 14 44 20 48 24 9 41 18 27 49 6 21 29 47 5 22 
AQUIIII!!47 16 9 17 6 
22 44 5 14 41 48 8 29 27 52 21 17 46 
AQUIIII!!46 44 26 17 16 9 22 14 52 27 48 20 47 37 49 21 AQUIIII!!
44 6 21 17 16 22 52 47 29 27 14 9 41 46 8 48 
AQUIIII!!44 49 22 16 21 17 51 24 37 20 48 52 18 26 47 AQUIIII!!46 52 
27 9 8 17 14 48 21 6 41 5 29 47 22 46 44 
AQUIIII!!17 18 52 26 20 22 21 47 37 51 24 16 48 44 49 46 
AQUIIII!!44 17 48 14 22 52 21 26 47 20 16 27 AQUIIII!!51 46 AQUIIII!!49 18 4 37 24 22 46 52 21 22 
47 3 26 8 44 44 48 37 45 19 32 49 14 16 6 50 51 29 20 17 46 41 
9 5 
AQUIIII!!47 21 48 51 24 49 46 52 16 26 20 37 22 18 19 44 
AQUIIII!!46 47 48 16 19 52 37 26 20 0 18 51 50 40 49 22 
AQUIIII!!44 21 46 20 17 16 26 47 27 52 51 49 48 14 37 22 
AQUIIII!!46 44 20 49 26 37 47 17 21 52 22 48 16 14 27 51 
AQUIIII!!46 47 20 19 16 40 48 0 52 51 18 49 37 26 50 22 AQUIIII!!
46 26 49 24 51 37 52 20 48 47 21 44 16 19 18 22 
AQUIIII!!27 22 37 26 17 20 21 44 47 14 51 16 46 49 48 52 
AQUIIII!!16 46 49 18 52 50 51 22 47 37 26 19 48 40 0 20 
AQUIIII!!32 41 9 14 29 21 3 22 15 45 4 8 6 17 5 44 
AQUIIII!!41 8 21 4 17 14 6 29 45 15 3 9 32 22 5 44 
AQUIIII!!9 41 44 8 32 29 4 3 22 17 6 5 21 47 14 46 
AQUIIII!!46 48 26 9 20 21 44 37 27 17 AQUIIII!!AQUIIII!!8 46 52 47 47 9 52 19 41 14 18 17 49 16 29 26 48 22 51 16 
44 46 48 14 24 27 50 47 20 6 22 22 52 37 21 16 8 AQUIIII!!
44 51 
AQUIIII!!52 26 29 48 6 20 21 44 17 21 47 8 17 47 16 3 14 4 49 22 9 37 22 27 32 46 AQUIIII!!14 
46 44 47 41 48 5 16 46 19 52 
37 26 20 0 18 51 50 40 49 22 
AQUIIII!!46 47 19 18 49 26 51 44 48 24 50 20 22 52 37 16 AQUIIII!!
46 14 26 16 21 AQUIIII!!49 37 22 48 20 52 18 47 51 AQUIIII!!17 AQUIIII!!46 50 48 44 49 37 20 19 17 27 26 26 44 37 48 9 16 22 21 
24 52 24 16 47 47 37 46 47 48 22 24 16 50 19 44 51 49 18 49 51 52 26 20 44 
46 
52 20 22 18 
AQUIIII!!41 17 48 22 9 44 52 47 27 6 21 14 29 16 8 46 
AQUIIII!!41 17 48 22 9 44 52 47 27 6 21 14 29 16 8 46 AQUIIII!!
47 46 21 44 9 32 17 41 4 14 8 22 48 5 6 29 
AQUIIII!!44 37 20 17 26 8 22 27 9 21 52 16 46 AQUIIII!!47 46 48 48 14 52 
20 37 50 22 51 44 24 49 18 19 16 47 26 
AQUIIII!!6 14 17 9 22 5 4 32 46 29 45 8 3 41 21 44 
AQUIIII!!22 44 47 5 21 14 48 9 6 17 41 32 29 8 4 46 
AQUIIII!!AQUIIII!!44 5 21 9 48 22 14 32 47 6 4 8 29 21 46 44 22 17 32 6 41 17 47 41 3 5 4 AQUIIII!!8 14 AQUIIII!!44 9 47 29 
3 16 46 15 17 
20 4 17 18 41 26 29 37 14 52 21 49 6 46 32 24 22 22 AQUIIII!!45 51 46 8 9 21 14 5 37 48 16 8 44 9 21 

48 47 26 17 AQUIIII!!27 37 44 47 22 16 52 22 20 19 
44 50 48 26 24 20 18 51 52 49 46 
AQUIIII!!32 6 44 5 14 45 8 22 AQUIIII!!41 32 29 3 3 17 4 4 8 9 22 21 17 46 41 
6 9 29 21 14 5 46 44 47 
AQUIIII!!46 29 44 21 6 9 47 17 14 5 22 52 27 41 8 48 
AQUIIII!!51 22 48 37 50 46 26 16 18 19 24 49 52 20 44 AQUIIII!!47 4 
32 29 8 5 3 22 17 14 44 21 41 9 47 6 AQUIIII!!46 
46 47 20 22 51 16 50 52 19 48 0 40 26 AQUIIII!!16 37 19 49 46 18 37 
48 52 51 49 47 AQUIIII!!22 47 26 44 20 18 9 20 16 AQUIIII!!50 49 37 46 24 14 5 44 27 21 
22 52 44 46 14 48 45 21 8 26 17 9 
17 22 41 32 3 29 6 4 
AQUIIII!!47 50 46 19 26 20 22 52 16 51 18 37 49 24 44 48 
AQUIIII!!52 6 9 8 21 46 22 27 AQUIIII!!44 41 26 48 47 17 22 29 17 52 5 16 14 27 44 21 46 47 51 
14 37 48 20 49 
AQUIIII!!47 37 21 48 27 16 AQUIIII!!44 14 46 22 29 26 9 52 51 48 20 22 46 5 52 27 17 47 49 41 44 21 
6 8 17 14 
AQUIIII!!9 22 8 29 5 21 AQUIIII!!47 32 26 14 20 48 6 16 46 37 44 3 21 41 51 24 45 17 4 52 22 17 49 18 44 46 

AQUIIII!!AQUIIII!!8 44 46 48 29 47 9 41 52 48 22 22 9 5 27 52 47 29 41 21 17 6 5 8 17 44 14 14 
6 21 27 46 
AQUIIII!!44 52 48 21 8 41 46 29 22 5 9 14 6 17 47 27 
AQUIIII!!20 27 47 14 21 17 37 49 44 52 48 16 22 9 26 46 
AQUIIII!!49 27 47 48 52 16 46 21 37 51 20 22 17 14 26 44 
AQUIIII!!46 47 51 16 49 52 0 26 20 37 19 50 18 48 40 22 AQUIIII!!
46 26 20 9 52 27 16 21 22 47 48 37 17 44 14 49 
AQUIIII!!46 6 5 29 47 52 17 8 21 14 48 22 27 41 44 9 
AQUIIII!!26 22 44 52 24 49 51 20 37 18 16 47 19 50 48 46 AQUIIII!!
16 19 20 18 21 47 24 26 48 46 51 22 49 52 37 44 
AQUIIII!!37 17 16 21 52 49 20 51 48 24 26 22 18 44 47 46 
AQUIIII!!AQUIIII!!52 6 49 32 51 14 17 8 46 9 27 17 37 22 14 47 21 16 44 5 22 48 48 26 29 47 4 20 41 44 21 
46 
AQUIIII!!52 18 19 47 22 26 44 48 37 21 20 24 49 51 16 46 
AQUIIII!!26 22 44 52 AQUIIII!!24 44 49 19 51 16 51 20 50 37 46 18 24 16 52 AQUIIII!!47 26 46 19 47 41 50 49 5 48 20 47 46 22 21 
48 44 18 8 37 6 
27 14 48 22 9 29 52 17 
AQUIIII!!3 8 29 47 6 21 4 14 5 41 44 32 22 9 17 46 
AQUIIII!!44 22 48 47 21 5 9 46 14 4 AQUIIII!!32 14 22 6 6 17 48 8 21 29 52 41 AQUIIII!!46 
17 29 47 16 44 17 48 47 27 41 52 27 16 8 21 9 AQUIIII!!29 40 44 18 22 
37 41 51 50 8 20 6 26 16 9 19 14 0 52 46 22 
47 48 49 46 
AQUIIII!!46 9 27 16 20 14 AQUIIII!!21 46 37 24 48 52 52 AQUIIII!!26 26 46 47 16 44 49 18 22 24 17 17 19 44 49 AQUIIII!!
47 44 44 37 21 8 51 47 17 26 51 14 16 48 32 20 22 29 48 37 3 49 20 5 22 
41 21 6 21 52 9 18 4 
45 22 15 
AQUIIII!!20 49 26 18 19 22 46 24 51 47 52 21 37 48 16 44 
AQUIIII!!47 46 24 37 26 20 21 16 18 AQUIIII!!52 46 22 44 51 49 24 44 19 17 47 48 37 
51 26 16 20 48 49 22 21 52 18 
AQUIIII!!44 49 9 21 20 27 47 52 37 26 22 16 48 14 17 46 
AQUIIII!!49 37 22 48 51 17 AQUIIII!!27 46 26 16 40 44 48 21 37 20 47 52 14 20 52 26 46 
0 16 50 22 51 49 18 19 47 
AQUIIII!!44 8 9 6 5 29 46 17 41 32 21 14 47 4 48 22 
AQUIIII!!14 44 5 22 6 29 17 48 8 47 21 52 27 41 9 46 
AQUIIII!!27 49 52 48 37 14 21 51 16 26 22 47 46 20 17 44 
AQUIIII!!5 45 14 9 4 8 17 3 6 29 32 41 21 22 46 44 
AQUIIII!!46 14 9 4 8 41 32 44 21 22 29 6 45 3 5 17 
AQUIIII!!44 14 29 22 27 41 8 9 AQUIIII!!5 17 51 52 21 44 6 16 47 48 50 46 26 
47 46 37 19 49 22 52 24 18 48 20 
AQUIIII!!29 17 6 21 41 5 15 8 4 45 3 22 14 32 9 44 AQUIIII!!
24 44 46 49 47 AQUIIII!!17 47 16 27 51 46 37 9 20 52 48 48 18 17 22 20 16 52 26 8 37 21 26 
22 14 21 44 
AQUIIII!!16 51 50 49 40 37 22 18 20 52 19 26 0 47 48 46 
AQUIIII!!46 16 17 37 27 9 44 48 52 14 20 47 26 8 22 21 
AQUIIII!!16 52 14 41 29 22 8 9 44 6 21 48 47 27 17 46 
AQUIIII!!44 6 9 16 27 48 21 14 47 17 8 22 46 29 52 41 
AQUIIII!!20 46 52 AQUIIII!!18 46 50 22 51 27 47 52 16 48 17 37 47 19 37 26 20 22 9 24 14 49 49 44 21 
48 16 26 44 
AQUIIII!!16 26 17 9 14 37 47 49 52 21 22 20 27 48 46 44 AQUIIII!!
41 44 4 21 29 3 9 5 32 8 47 17 14 22 6 46 
AQUIIII!!22 21 16 14 17 44 37 52 26 47 27 8 9 48 20 46 
AQUIIII!!16 22 27 17 52 37 47 8 46 48 14 21 20 9 26 44 
AQUIIII!!3 8 29 6 21 41 5 4 44 22 9 32 14 17 45 46 
AQUIIII!!46 22 29 6 48 47 8 32 21 9 41 5 4 14 17 44 
AQUIIII!!27 29 14 21 9 41 22 44 6 5 52 48 17 8 47 46 
AQUIIII!!27 29 AQUIIII!!14 47 21 20 9 0 41 22 50 44 19 6 18 5 37 52 52 48 40 17 51 8 48 47 16 46 49 
26 22 46 
Number of Cuts in the second phase:3421
Number of repeat: 2962 
Violation: 432.000000
Violation: 593.000000
Violation: 577.000000
Violation: 202.000000
Violation: 1358.000000
Violation: 420.000000
Violation: 322.000000
Violation: 110.000000
Violation: 700.000000
Violation: 1306.000000
Violation: 210.000000
Violation: 292.000000
Violation: 243.000000
Violation: 435.000000
Violation: 1194.000000
Violation: 1202.000000
Violation: 952.000000
Violation: 551.000000
Violation: 601.000000
Violation: 1102.000000
Violation: 202.000000
Violation: 572.000000
Violation: 345.000000
Violation: 293.000000
Violation: 102.000000
Violation: 740.000000
Violation: 396.000000
Violation: 585.000000
Violation: 93.000000
Violation: 550.000000
Violation: 152.000000
Violation: 486.000000
Violation: 186.000000
Violation: 623.000000
Violation: 396.000000
Violation: 1304.000000
Violation: 1194.000000
Violation: 35.000000
Violation: 601.000000
Violation: 559.000000
Violation: 586.000000
Violation: 142.000000
Violation: 275.000000
Violation: 515.000000
Violation: 295.000000
Violation: 515.000000
Violation: 870.000000
Violation: 1292.000000
Violation: 429.000000
Violation: 256.000000
Violation: 330.000000
Violation: 93.000000
Violation: 551.000000
Violation: 300.000000
Violation: 229.000000
Violation: 1320.000000
Violation: 90.000000
Violation: 1484.000000
Violation: 194.000000
Violation: 484.000000
Violation: 471.000000
Violation: 220.000000
Violation: 8.000000
Violation: 761.000000
Violation: 536.000000
Violation: 174.000000
Violation: 256.000000
Violation: 202.000000
Violation: 537.000000
Violation: 949.000000
Violation: 708.000000
Violation: 8.000000
Violation: 803.000000
Violation: 1394.000000
Violation: 747.000000
Violation: 1478.000000
Violation: 1152.000000
Violation: 597.000000
Violation: 485.000000
Violation: 688.000000
Violation: 641.000000
Violation: 580.000000
Violation: 172.000000
Violation: 16.000000
Violation: 1356.000000
Violation: 770.000000
Violation: 551.000000
Violation: 305.000000
Violation: 629.000000
Violation: 1102.000000
Violation: 964.000000
Violation: 753.000000
Violation: 728.000000
Violation: 602.000000
Violation: 638.000000
Violation: 599.000000
Violation: 1008.000000
Violation: 200.000000
Violation: 283.000000
Violation: 274.000000
Violation: 371.000000
Violation: 909.000000
Violation: 177.000000
Violation: 352.000000
Violation: 1439.000000
Violation: 890.000000
Violation: 167.000000
Violation: 498.000000
Violation: 521.000000
Violation: 966.000000
Violation: 8.000000
Violation: 1110.000000
Violation: 440.000000
Violation: 1202.000000
Violation: 387.000000
Violation: 625.000000
Violation: 74.000000
Violation: 353.000000
Violation: 489.000000
Violation: 626.000000
Violation: 198.000000
Violation: 842.000000
Violation: 185.000000
Violation: 100.000000
Violation: 384.000000
Violation: 1127.000000
Violation: 162.000000
Violation: 573.000000
Violation: 489.000000
Violation: 725.000000
Violation: 378.000000
Violation: 182.000000
Violation: 842.000000
Violation: 381.000000
Violation: 700.000000
Violation: 33.000000
Violation: 1312.000000
Violation: 946.000000
Violation: 330.000000
Violation: 432.000000
Violation: 959.000000
Violation: 361.000000
Violation: 243.000000
Violation: 273.000000
Violation: 713.000000
Violation: 205.000000
Violation: 329.000000
Violation: 410.000000
Violation: 1304.000000
Violation: 630.000000
Violation: 405.000000
Violation: 175.000000
Violation: 172.000000
Violation: 110.000000
Violation: 282.000000
Violation: 986.000000
Violation: 190.000000
Violation: 90.000000
Violation: 337.000000
Violation: 1430.000000
Violation: 219.000000
Violation: 102.000000
Violation: 118.000000
Violation: 212.000000
Violation: 93.000000
Violation: 515.000000
Violation: 277.000000
Violation: 649.000000
Violation: 8.000000
Violation: 226.000000
Violation: 904.000000
Violation: 1394.000000
Violation: 755.000000
Violation: 600.000000
Violation: 282.000000
Violation: 306.000000
Violation: 653.000000
Violation: 499.000000
Violation: 622.000000
Violation: 1191.000000
Violation: 1111.000000
Violation: 83.000000
Violation: 696.000000
Violation: 493.000000
Violation: 934.000000
Violation: 102.000000
Violation: 183.000000
Violation: 147.000000
Violation: 284.000000
Violation: 589.000000
Violation: 1222.000000
Violation: 999.000000
Violation: 141.000000
Violation: 295.000000
Violation: 185.000000
Violation: 102.000000
Violation: 693.000000
Violation: 151.000000
Violation: 938.000000
Violation: 957.000000
Violation: 208.000000
Violation: 664.000000
Violation: 373.000000
Violation: 704.000000
Violation: 347.000000
Violation: 419.000000
Violation: 460.000000
Violation: 205.000000
Violation: 265.000000
Violation: 921.000000
Violation: 634.000000
Violation: 420.000000
Violation: 680.000000
Violation: 1093.000000
Violation: 357.000000
Violation: 13.000000
Violation: 855.000000
Violation: 421.000000
Violation: 1186.000000
Violation: 463.000000
Violation: 193.000000
Violation: 76.000000
Violation: 191.000000
Violation: 194.000000
Violation: 444.000000
Violation: 421.000000
Violation: 209.000000
Violation: 203.000000
Violation: 7.000000
Violation: 673.000000
Violation: 115.000000
Violation: 202.000000
Violation: 70.000000
Violation: 451.000000
Violation: 407.000000
Violation: 264.000000
Violation: 436.000000
Violation: 831.000000
Violation: 771.000000
Violation: 374.000000
Violation: 609.000000
Violation: 218.000000
Violation: 566.000000
Violation: 284.000000
Violation: 1180.000000
Violation: 634.000000
Violation: 905.000000
Violation: 278.000000
Violation: 1191.000000
Violation: 304.000000
Violation: 222.000000
Violation: 683.000000
Violation: 1303.000000
Violation: 206.000000
Violation: 943.000000
Violation: 956.000000
Violation: 889.000000
Violation: 775.000000
Violation: 708.000000
Violation: 305.000000
Violation: 512.000000
Violation: 665.000000
Violation: 836.000000
Violation: 951.000000
Violation: 920.000000
Violation: 404.000000
Violation: 108.000000
Violation: 108.000000
Violation: 514.000000
Violation: 222.000000
Violation: 137.000000
Violation: 137.000000
Violation: 6.000000
Violation: 909.000000
Violation: 463.000000
Violation: 726.000000
Violation: 296.000000
Violation: 345.000000
Violation: 21.000000
Violation: 195.000000
Violation: 1723.000000
Violation: 374.000000
Violation: 182.000000
Violation: 629.000000
Violation: 85.000000
Violation: 848.000000
Violation: 1294.000000
Violation: 476.000000
Violation: 447.000000
Violation: 494.000000
Violation: 983.000000
Violation: 180.000000
Violation: 928.000000
Violation: 87.000000
Violation: 387.000000
Violation: 93.000000
Violation: 269.000000
Violation: 304.000000
Violation: 420.000000
Violation: 845.000000
Violation: 601.000000
Violation: 104.000000
Violation: 269.000000
Violation: 7.000000
Violation: 202.000000
Violation: 446.000000
Violation: 426.000000
Violation: 676.000000
Violation: 693.000000
Violation: 110.000000
Violation: 614.000000
Violation: 222.000000
Violation: 919.000000
Violation: 1614.000000
Violation: 465.000000
Violation: 335.000000
Violation: 82.000000
Violation: 245.000000
Violation: 182.000000
Violation: 588.000000
Violation: 168.000000
Violation: 298.000000
Violation: 903.000000
Violation: 735.000000
Violation: 184.000000
Violation: 23.000000
Violation: 621.000000
Violation: 112.000000
Violation: 251.000000
Violation: 459.000000
Violation: 353.000000
Violation: 1213.000000
Violation: 903.000000
Violation: 1386.000000
Violation: 1614.000000
Violation: 1160.000000
Violation: 743.000000
Violation: 404.000000
Violation: 572.000000
Violation: 303.000000
Violation: 292.000000
Violation: 889.000000
Violation: 855.000000
Violation: 23.000000
Violation: 517.000000
Violation: 623.000000
Violation: 404.000000
Violation: 407.000000
Violation: 531.000000
Violation: 371.000000
Violation: 14.000000
Violation: 497.000000
Violation: 392.000000
Violation: 889.000000
Violation: 34.000000
Violation: 594.000000
Violation: 749.000000
Violation: 997.000000
Violation: 319.000000
Violation: 167.000000
Violation: 30.000000
Violation: 18.000000
Violation: 298.000000
Violation: 957.000000
Violation: 1202.000000
Violation: 982.000000
Violation: 1086.000000
Violation: 469.000000
Violation: 178.000000
Violation: 277.000000
Violation: 454.000000
Violation: 101.000000
Violation: 401.000000
Violation: 384.000000
Violation: 586.000000
Violation: 228.000000
Violation: 432.000000
Violation: 712.000000
Violation: 1178.000000
Violation: 248.000000
Violation: 380.000000
Violation: 75.000000
Violation: 811.000000
Violation: 514.000000
Violation: 942.000000
Violation: 1120.000000
Violation: 593.000000
Violation: 190.000000
Violation: 487.000000
Violation: 941.000000
Violation: 777.000000
Violation: 104.000000
Violation: 379.000000
Violation: 878.000000
Violation: 828.000000
Violation: 601.000000
Violation: 100.000000
Violation: 544.000000
Violation: 194.000000
Violation: 976.000000
Violation: 1290.000000
Violation: 357.000000
Violation: 98.000000
Violation: 372.000000
Violation: 89.000000
Violation: 333.000000
Violation: 573.000000
Violation: 587.000000
Violation: 784.000000
Violation: 1522.000000
Violation: 693.000000
Violation: 476.000000
Violation: 150.000000
Violation: 1295.000000
Violation: 296.000000
Violation: 109.000000
Violation: 1374.000000
Violation: 80.000000
Violation: 905.000000
Violation: 265.000000
Violation: 1540.000000
Violation: 205.000000
Violation: 212.000000
Violation: 932.000000
Violation: 928.000000
Violation: 368.000000
Violation: 212.000000
Violation: 1408.000000
Violation: 479.000000
Violation: 1322.000000
Violation: 621.000000
Violation: 114.000000
Violation: 502.000000
Violation: 674.000000
Violation: 135.000000
Violation: 677.000000
Violation: 134.000000
Violation: 346.000000
Violation: 1422.000000
Violation: 989.000000
Violation: 796.000000
Violation: 24.000000
Violation: 349.000000
Violation: 494.000000
Violation: 394.000000
Violation: 700.000000
Violation: 699.000000
Violation: 771.000000
Violation: 531.000000
Violation: 1585.000000
Violation: 87.000000
Violation: 210.000000
Violation: 867.000000
Violation: 396.000000
Violation: 546.000000
Violation: 423.000000
Violation: 190.000000
Violation: 424.000000
Violation: 542.000000
5400 16
48 14 21 22 47 37 26 21 20 47 22 50 46 16 47 22 
52 48 44 20 
16 27 14 49 17 
AQUIIII!!44 52 22 21 27 14 AQUIIII!!49 46 37 26 52 17 AQUIIII!!49 46 51 48 24 16 50 20 20 22 49 47 16 44 46 47 40 37 16 20 48 0 18 
52 18 19 51 37 19 22 26 48 47 26 
50 51 
AQUIIII!!44 9 45 5 8 21 32 46 22 6 29 17 41 14 3 4 
AQUIIII!!44 47 46 19 51 26 52 49 20 16 24 37 50 48 22 18 
AQUIIII!!20 18 21 22 26 16 51 49 24 19 37 52 47 44 48 46 
AQUIIII!!27 AQUIIII!!48 17 AQUIIII!!47 22 52 22 9 19 49 47 26 21 46 37 20 26 51 14 20 44 52 49 16 26 48 49 17 21 14 51 48 37 52 22 16 16 20 27 46 24 37 44 50 44 
18 
46 47 
AQUIIII!!52 24 26 22 AQUIIII!!16 47 49 37 18 21 44 22 51 51 20 16 47 20 19 14 37 27 21 52 48 26 46 
46 48 49 17 44 
AQUIIII!!44 52 22 29 6 8 47 41 16 14 27 17 21 46 9 48 
AQUIIII!!29 32 3 46 4 41 9 5 14 17 6 8 21 22 44 47 
AQUIIII!!45 41 17 8 22 14 29 3 32 9 6 AQUIIII!!4 4 44 AQUIIII!!32 5 48 17 21 8 9 46 41 21 
6 8 22 6 46 5 29 22 16 46 17 3 27 47 52 41 29 21 14 9 44 14 
47 44 
AQUIIII!!20 22 51 50 AQUIIII!!48 46 24 37 52 37 44 26 17 49 26 19 20 44 52 47 16 16 18 47 46 51 
21 22 24 49 48 AQUIIII!!18 44 
52 9 37 48 46 21 16 26 14 AQUIIII!!17 46 47 47 22 49 8 22 27 24 20 
26 44 52 50 37 19 20 51 48 18 16 
AQUIIII!!44 21 45 22 41 32 9 5 8 4 6 15 29 17 3 AQUIIII!!14 46 
AQUIIII!!22 46 48 22 29 14 41 32 21 6 17 9 8 41 44 3 6 44 47 21 52 17 16 47 9 5 27 8 14 4 
29 
AQUIIII!!21 17 5 32 44 45 6 4 8 14 3 9 22 41 29 46 
AQUIIII!!16 52 26 22 20 19 46 AQUIIII!!37 18 AQUIIII!!47 16 44 49 49 9 21 24 14 51 21 17 18 26 22 48 51 48 24 46 16 44 48 21 
20 26 22 47 52 52 17 46 47 27 37 20 44 49 
37 
AQUIIII!!44 21 4 8 9 6 5 47 46 41 48 14 32 AQUIIII!!22 17 44 29 17 
47 51 48 52 14 AQUIIII!!49 44 26 29 27 5 37 46 46 8 21 9 16 52 20 14 22 48 
6 22 21 47 41 17 27 
AQUIIII!!46 17 52 AQUIIII!!48 44 21 9 20 27 37 17 47 22 24 21 22 52 18 46 51 6 49 29 44 26 8 16 5 
47 48 14 41 
AQUIIII!!44 18 52 51 24 17 26 21 20 47 37 48 22 16 49 46 
AQUIIII!!45 4 14 9 17 29 8 3 41 32 21 6 22 5 44 46 
AQUIIII!!24 50 52 AQUIIII!!18 48 22 52 19 47 49 AQUIIII!!24 46 17 8 16 37 14 48 19 45 37 22 29 47 44 21 26 26 15 51 6 20 51 4 44 50 9 
16 5 18 22 49 41 20 32 46 3 44 

AQUIIII!!44 AQUIIII!!51 44 21 32 46 15 47 8 27 21 37 41 16 29 52 5 20 17 22 3 48 9 49 6 17 45 26 14 14 22 
4 
AQUIIII!!44 3 21 45 32 17 6 9 29 8 41 4 22 14 46 5 
AQUIIII!!AQUIIII!!46 46 9 8 45 14 21 27 4 16 17 21 5 47 32 17 14 8 44 AQUIIII!!44 52 3 22 9 41 6 6 22 29 14 37 3 32 20 41 21 48 
4 26 5 
9 AQUIIII!!22 17 44 14 29 47 AQUIIII!!17 6 AQUIIII!!49 45 29 26 37 8 44 22 21 46 8 48 51 
21 14 52 41 46 22 27 47 20 52 26 17 9 47 16 17 5 27 48 48 37 16 22 51 24 46 20 18 
52 46 49 44 21 
44 
AQUIIII!!46 14 6 17 9 5 44 48 47 22 27 29 52 41 21 8 
AQUIIII!!46 8 44 6 32 29 17 21 45 5 AQUIIII!!4 44 9 27 41 20 14 17 22 14 3 48 
9 49 16 37 52 22 46 26 47 21 
AQUIIII!!44 9 21 8 26 48 22 17 20 46 47 37 14 52 16 27 
AQUIIII!!29 3 41 8 21 5 6 9 17 15 14 32 22 4 45 44 
AQUIIII!!14 44 3 6 21 9 8 17 32 5 22 4 41 29 46 47 
AQUIIII!!6 46 29 32 14 5 3 4 8 22 47 17 9 21 41 44 
AQUIIII!!51 49 18 21 48 22 20 37 47 19 52 AQUIIII!!44 44 24 3 16 AQUIIII!!29 26 44 22 46 48 9 
26 46 16 45 49 32 22 6 20 21 37 5 14 8 17 41 51 17 46 21 4 14 27 47 
52 
AQUIIII!!AQUIIII!!46 20 47 17 52 47 14 21 27 14 41 9 22 44 27 49 5 16 21 AQUIIII!!17 44 26 29 52 49 AQUIIII!!48 46 48 46 9 16 37 14 37 8 22 22 22 6 26 4 21 
46 9 27 32 
47 5 51 29 14 45 48 8 20 17 3 52 21 44 44 
6 41 AQUIIII!!17 47 
44 AQUIIII!!29 46 44 41 22 8 48 9 29 27 16 5 8 48 47 6 52 22 9 21 14 41 52 14 46 6 17 17 21 27 

AQUIIII!!46 52 40 22 0 26 50 AQUIIII!!37 49 46 AQUIIII!!19 21 24 18 9 52 48 27 47 51 17 46 16 18 49 20 22 20 47 16 37 
19 44 21 14 51 48 26 22 48 47 20 37 26 49 52 44 16 

AQUIIII!!46 44 22 48 29 16 8 47 52 9 21 AQUIIII!!AQUIIII!!41 24 46 14 44 47 6 48 20 17 26 27 26 
27 18 44 51 16 47 17 22 48 17 14 46 52 16 37 21 51 52 21 49 49 22 37 
20 
AQUIIII!!27 22 AQUIIII!!52 37 37 47 21 51 14 46 47 49 9 16 26 20 20 19 48 48 17 18 46 50 44 52 16 24 49 22 
26 44 AQUIIII!!
27 22 52 37 21 14 47 9 26 20 48 AQUIIII!!17 48 46 44 44 27 16 49 8 
29 47 41 17 5 9 14 21 52 22 6 46 
AQUIIII!!44 49 51 50 22 20 16 18 AQUIIII!!24 29 47 8 52 AQUIIII!!14 19 44 21 26 6 5 AQUIIII!!48 21 41 40 47 37 29 16 48 46 9 52 32 8 
18 46 32 47 6 22 51 4 47 48 9 4 20 22 5 19 17 46 0 44 14 AQUIIII!!22 
AQUIIII!!41 21 37 50 3 5 49 47 17 51 41 26 19 
50 27 20 46 9 26 
14 16 22 6 AQUIIII!!24 52 17 37 20 49 48 48 51 46 52 37 52 44 18 8 18 48 46 22 
21 47 17 29 16 44 49 
46 26 AQUIIII!!22 21 24 48 44 37 47 24 
22 26 47 AQUIIII!!16 17 AQUIIII!!17 27 29 20 46 4 37 20 17 5 26 49 46 48 18 9 21 52 32 14 51 14 22 21 44 51 3 
49 8 22 47 47 52 41 16 AQUIIII!!6 44 44 46 46 AQUIIII!!
20 47 
37 27 14 0 52 22 8 16 29 50 9 47 22 48 44 26 41 49 17 48 40 6 52 16 19 21 AQUIIII!!51 46 44 18 
41 
45 46 14 4 21 17 6 3 29 22 32 5 AQUIIII!!9 6 8 5 
3 9 41 22 8 29 32 44 21 14 17 45 4 46 
AQUIIII!!44 18 AQUIIII!!37 44 46 4 21 21 20 46 49 45 24 14 52 32 19 5 51 17 22 48 3 16 6 47 9 26 41 
8 22 29 
AQUIIII!!44 18 48 49 37 24 22 26 19 47 50 46 20 51 16 52 
AQUIIII!!47 46 48 17 8 52 9 20 16 44 21 22 27 14 37 26 
AQUIIII!!4 44 8 46 22 5 6 47 14 29 9 21 41 32 3 17 
AQUIIII!!37 47 51 46 49 16 20 19 48 18 50 52 24 22 26 44 
AQUIIII!!8 52 37 47 16 20 17 27 14 21 48 9 46 22 26 44 
AQUIIII!!49 52 22 51 37 50 48 16 47 18 20 26 19 46 24 44 
AQUIIII!!8 22 46 20 37 27 26 52 9 21 16 14 17 47 48 44 
AQUIIII!!20 14 21 16 52 9 8 48 27 22 37 AQUIIII!!17 26 9 44 6 AQUIIII!!47 14 AQUIIII!!44 16 46 44 17 
17 5 46 22 6 29 29 9 52 52 4 47 46 29 48 48 8 21 8 22 27 41 46 47 14 32 27 5 14 21 41 47 44 8 AQUIIII!!
48 22 20 21 9 14 41 6 21 17 
16 
52 9 8 48 27 22 AQUIIII!!37 22 17 49 26 16 44 27 47 46 21 
37 52 47 20 26 46 17 51 14 48 44 
AQUIIII!!44 9 32 3 21 AQUIIII!!5 44 17 AQUIIII!!17 46 44 AQUIIII!!9 41 6 44 5 5 45 17 21 45 8 16 32 22 41 37 4 AQUIIII!!26 3 4 9 AQUIIII!!24 48 21 46 29 44 46 18 29 46 22 21 14 51 6 49 14 6 26 24 8 20 41 
37 22 17 52 29 21 20 47 22 32 22 46 14 47 4 21 46 16 48 49 14 16 22 37 
26 52 8 48 48 47 
27 17 
47 51 52 18 20 44 9 
49 17 
AQUIIII!!46 47 20 26 27 44 16 17 48 14 52 37 51 21 49 22 
AQUIIII!!46 47 49 22 24 26 44 52 50 37 19 20 51 48 18 16 
AQUIIII!!47 51 46 16 18 26 49 21 37 52 24 48 20 19 44 22 
AQUIIII!!21 41 8 27 17 29 14 52 48 22 44 5 9 6 47 46 
AQUIIII!!27 29 22 48 8 44 14 6 21 9 17 52 41 5 47 46 
AQUIIII!!20 48 26 47 49 16 AQUIIII!!40 40 0 18 46 19 22 37 52 52 18 0 37 16 AQUIIII!!51 26 46 19 11 14 50 48 52 
1 17 34 47 49 8 20 9 50 21 51 26 
27 44 22 20 37 16 48 
AQUIIII!!44 6 47 5 32 21 8 9 22 4 46 29 14 17 41 48 
AQUIIII!!48 14 44 52 41 9 16 27 47 17 AQUIIII!!29 44 21 20 8 48 22 46 51 6 17 
18 47 49 46 16 24 52 26 37 21 22 
AQUIIII!!44 9 16 8 22 48 14 47 27 AQUIIII!!21 46 20 52 17 37 37 16 46 44 52 20 26 27 
17 21 14 22 26 47 48 49 51 
AQUIIII!!46 16 9 47 37 44 21 14 22 48 27 20 26 17 8 52 AQUIIII!!
16 21 17 47 26 8 27 37 20 44 14 48 52 9 22 46 
AQUIIII!!AQUIIII!!47 20 46 46 8 51 29 21 17 24 48 9 16 14 47 5 52 41 22 44 44 4 37 21 18 22 19 6 26 32 49 48 

AQUIIII!!41 15 14 17 8 6 21 5 9 29 22 45 3 32 44 4 
AQUIIII!!44 15 14 6 17 4 32 8 29 45 5 9 22 3 21 41 
AQUIIII!!22 21 18 26 47 17 24 48 46 20 51 37 52 16 49 44 
AQUIIII!!32 9 41 8 6 14 47 4 5 AQUIIII!!44 41 22 9 21 3 3 32 17 4 29 6 46 22 
14 44 5 AQUIIII!!29 3 17 22 21 14 8 29 46 41 47 32 
47 21 44 9 17 5 8 6 4 46 
AQUIIII!!41 AQUIIII!!3 14 4 9 6 44 47 48 21 37 8 47 9 26 29 21 8 17 27 5 22 14 20 44 17 22 16 32 52 46 46 

AQUIIII!!46 32 4 21 41 5 14 44 48 22 9 29 17 6 47 8 
AQUIIII!!18 52 22 24 51 50 49 48 20 16 26 46 44 47 37 19 
AQUIIII!!46 41 47 21 14 22 48 44 5 8 17 9 27 52 29 6 
AQUIIII!!44 46 52 17 16 47 41 9 29 14 22 27 48 6 8 21 
AQUIIII!!16 46 51 26 52 37 49 20 22 48 19 0 40 50 18 47 
AQUIIII!!52 49 16 20 44 21 46 51 17 22 37 48 47 26 14 27 
AQUIIII!!37 48 52 14 16 27 47 26 21 20 22 51 44 17 49 46 
AQUIIII!!46 52 9 14 44 21 8 47 22 AQUIIII!!27 17 26 41 20 21 17 8 48 9 16 37 46 
32 47 29 14 22 6 4 5 48 44 
AQUIIII!!44 18 52 51 24 17 26 21 20 47 37 48 22 16 49 46 
AQUIIII!!4 9 41 17 14 6 8 5 22 32 21 45 3 AQUIIII!!29 48 44 37 46 26 
21 22 46 19 16 49 AQUIIII!!47 16 52 24 18 19 51 49 20 AQUIIII!!52 24 14 47 44 51 22 
26 37 17 20 48 26 AQUIIII!!47 50 14 27 18 41 46 48 22 22 3 51 16 AQUIIII!!46 52 44 47 5 21 AQUIIII!!46 21 46 20 44 
6 37 49 29 32 37 27 14 17 44 14 29 
27 52 9 9 17 8 41 22 4 5 44 45 17 49 44 21 48 48 
16 46 26 52 20 22 21 6 9 47 
8 
AQUIIII!!20 46 51 21 24 48 16 47 52 22 44 37 18 19 26 49 
AQUIIII!!27 14 47 52 44 16 9 17 37 21 48 20 22 49 26 46 
AQUIIII!!44 14 17 27 9 20 52 22 37 8 47 26 48 46 16 21 
AQUIIII!!22 48 47 52 20 17 49 37 24 44 16 21 26 51 18 46 
AQUIIII!!52 51 47 48 37 26 16 18 19 46 50 20 22 24 49 44 AQUIIII!!14 
9 3 32 8 6 22 45 4 15 29 17 41 21 5 44 
AQUIIII!!44 22 37 52 48 27 14 9 16 46 17 47 26 AQUIIII!!21 46 8 21 20 27 
22 48 6 44 52 16 41 17 8 14 9 29 47 
AQUIIII!!20 16 9 22 27 52 8 21 37 48 14 17 47 26 44 46 
AQUIIII!!44 46 21 47 8 17 14 29 AQUIIII!!6 21 3 52 4 8 9 41 41 17 22 44 5 48 6 32 27 
22 47 5 29 14 9 46 
AQUIIII!!AQUIIII!!44 48 46 20 14 21 52 14 48 17 9 37 17 22 8 27 16 49 47 52 37 20 22 9 46 26 27 16 26 44 21 47 

AQUIIII!!18 AQUIIII!!20 44 21 41 49 21 26 17 32 48 22 22 46 37 29 AQUIIII!!47 6 46 51 48 26 52 47 0 44 9 51 24 8 18 16 14 49 17 5 52 46 4 47 

19 50 37 40 16 48 20 22 
AQUIIII!!19 49 0 16 37 48 52 22 47 51 20 40 26 50 18 46 
AQUIIII!!46 26 14 52 47 16 48 49 17 22 20 AQUIIII!!37 46 27 50 51 18 21 51 44 26 
22 20 52 37 AQUIIII!!0 46 47 8 48 22 49 9 16 37 19 44 40 26 
14 17 21 20 27 47 16 52 48 
AQUIIII!!9 48 8 29 6 22 14 21 27 17 52 46 41 47 16 AQUIIII!!44 6 
47 16 41 22 14 AQUIIII!!52 4 48 8 9 14 8 48 21 32 29 5 17 21 27 9 22 44 46 46 6 
47 29 17 41 44 
AQUIIII!!44 46 21 47 8 17 14 29 6 3 4 9 41 22 5 32 
AQUIIII!!47 40 AQUIIII!!52 48 0 21 50 44 48 51 51 22 37 17 20 20 26 26 49 16 19 52 16 49 18 37 22 18 46 47 AQUIIII!!
24 14 46 9 
32 6 21 44 5 4 3 29 41 8 22 47 17 46 
AQUIIII!!44 4 17 48 6 8 32 21 29 41 47 14 46 9 5 22 
AQUIIII!!17 41 4 3 45 9 29 14 5 44 22 8 21 6 32 46 
AQUIIII!!46 21 24 22 48 26 51 52 47 16 44 49 18 20 19 37 
AQUIIII!!44 47 22 14 9 46 29 27 6 8 AQUIIII!!48 24 17 21 41 37 52 18 21 46 22 5 19 
16 47 48 26 49 52 44 20 51 
AQUIIII!!46 21 52 51 AQUIIII!!22 46 18 14 48 9 44 41 49 48 20 22 AQUIIII!!37 5 4 19 17 44 26 4 8 24 8 46 16 29 22 47 21 5 
32 6 6 47 44 14 AQUIIII!!47 17 29 
14 9 4 21 6 41 29 32 32 8 3 47 17 9 
41 46 3 5 21 22 44 
AQUIIII!!AQUIIII!!44 32 47 29 22 4 14 5 9 48 46 6 29 22 27 8 6 21 8 41 48 46 17 47 41 14 52 17 21 9 44 5 

AQUIIII!!20 22 19 52 48 18 16 40 37 26 0 50 51 47 49 46 
AQUIIII!!44 29 9 47 52 17 6 8 27 21 22 5 46 14 48 41 
AQUIIII!!AQUIIII!!14 3 22 41 41 5 47 6 9 32 21 45 21 32 29 29 4 44 14 6 9 17 44 8 22 5 17 48 8 4 46 46 

AQUIIII!!6 5 41 8 3 44 22 14 29 21 17 32 45 9 4 46 
AQUIIII!!47 44 29 3 17 32 9 8 46 41 6 22 5 14 21 4 
AQUIIII!!44 46 22 20 17 AQUIIII!!21 46 52 27 6 16 29 47 9 26 21 14 45 37 44 9 17 48 32 8 5 
3 4 41 14 22 8 
AQUIIII!!8 29 44 41 21 32 9 4 17 6 22 5 14 3 45 46 
AQUIIII!!44 4 AQUIIII!!15 46 29 4 32 3 14 32 3 41 5 8 17 6 21 17 9 29 6 9 8 14 22 21 41 44 45 AQUIIII!!5 44 
45 37 22 16 
14 26 20 48 22 27 21 8 46 47 17 52 9 
AQUIIII!!46 47 44 27 26 48 22 17 52 37 9 16 20 14 49 AQUIIII!!21 
47 46 8 6 22 52 9 17 27 41 48 21 AQUIIII!!16 44 44 52 49 29 48 14 22 
37 20 26 51 18 46 21 19 16 24 47 
AQUIIII!!46 47 44 27 AQUIIII!!26 47 48 44 22 29 17 41 52 22 37 9 46 16 9 20 27 14 14 49 52 21 16 
48 17 8 6 21 
AQUIIII!!46 47 44 27 26 48 22 17 52 37 9 16 20 14 49 21 
AQUIIII!!16 48 46 52 19 21 37 47 26 20 51 18 49 22 44 24 
AQUIIII!!21 5 46 29 52 22 9 14 47 17 48 41 27 6 8 44 
AQUIIII!!13 11 1 7 34 10 32 0 33 18 40 49 2 50 51 19 
AQUIIII!!22 29 8 41 14 27 44 6 48 47 5 17 9 52 21 46 
AQUIIII!!20 50 52 18 48 37 16 51 0 26 49 47 22 40 19 46 
AQUIIII!!44 22 29 6 21 8 14 41 5 9 32 3 17 45 15 4 
AQUIIII!!20 44 52 49 21 48 46 14 16 51 37 26 47 22 17 27 
AQUIIII!!46 17 14 29 6 8 44 5 41 4 3 32 9 21 22 45 
AQUIIII!!46 22 16 AQUIIII!!AQUIIII!!21 9 46 17 27 37 14 22 22 52 14 51 20 44 44 47 52 20 26 48 16 27 16 17 48 17 18 51 47 47 44 21 24 49 37 48 37 26 49 
52 20 26 8 21 46 

AQUIIII!!26 49 51 50 0 19 AQUIIII!!18 46 40 20 48 AQUIIII!!49 37 9 51 16 18 27 20 44 22 52 48 14 22 26 44 47 21 52 46 16 
AQUIIII!!48 22 46 16 37 21 17 17 41 47 47 24 47 21 52 29 37 AQUIIII!!
8 26 52 32 51 20 6 48 8 14 16 9 46 24 17 
46 48 18 44 4 47 5 22 22 21 
37 20 49 19 26 44 
AQUIIII!!46 26 49 16 44 48 52 21 17 24 47 22 51 37 20 18 
AQUIIII!!14 52 46 17 21 26 47 27 48 16 37 22 9 8 20 44 
AQUIIII!!47 52 20 14 46 49 27 48 44 21 51 16 17 22 37 26 
AQUIIII!!52 21 46 18 20 26 22 49 17 48 47 24 37 16 51 44 
AQUIIII!!6 47 5 41 17 29 22 46 9 8 4 14 32 3 21 44 
Number of Cuts in the second phase:2111
Number of repeat: 1914 
Violation: 128.000000
Violation: 1152.000000
Violation: 29.000000
Violation: 399.000000
Violation: 423.000000
Violation: 761.000000
Violation: 803.000000
Violation: 320.000000
Violation: 412.000000
Violation: 78.000000
Violation: 272.000000
Violation: 925.000000
Violation: 43.000000
Violation: 13.000000
Violation: 152.000000
Violation: 1008.000000
Violation: 284.000000
Violation: 811.000000
Violation: 626.000000
Violation: 352.000000
Violation: 26.000000
Violation: 445.000000
Violation: 704.000000
Violation: 361.000000
Violation: 102.000000
Violation: 262.000000
Violation: 404.000000
Violation: 200.000000
Violation: 1008.000000
Violation: 310.000000
Violation: 475.000000
Violation: 277.000000
Violation: 14.000000
Violation: 22.000000
Violation: 839.000000
Violation: 760.000000
Violation: 1024.000000
Violation: 276.000000
Violation: 1193.000000
Violation: 522.000000
Violation: 77.000000
Violation: 142.000000
Violation: 208.000000
Violation: 416.000000
Violation: 61.000000
Violation: 16.000000
Violation: 991.000000
Violation: 227.000000
Violation: 354.000000
Violation: 421.000000
Violation: 621.000000
Violation: 910.000000
Violation: 21.000000
Violation: 1199.000000
Violation: 336.000000
Violation: 166.000000
Violation: 890.000000
Violation: 573.000000
Violation: 709.000000
Violation: 690.000000
Violation: 264.000000
Violation: 1292.000000
Violation: 201.000000
Violation: 522.000000
Violation: 237.000000
Violation: 657.000000
Violation: 26.000000
Violation: 561.000000
Violation: 319.000000
Violation: 1110.000000
Violation: 73.000000
Violation: 456.000000
Violation: 394.000000
Violation: 324.000000
Violation: 304.000000
Violation: 819.000000
Violation: 751.000000
Violation: 589.000000
Violation: 362.000000
Violation: 1588.000000
Violation: 477.000000
Violation: 292.000000
Violation: 674.000000
Violation: 380.000000
Violation: 571.000000
Violation: 202.000000
Violation: 432.000000
Violation: 469.000000
Violation: 991.000000
Violation: 1208.000000
Violation: 506.000000
Violation: 200.000000
Violation: 177.000000
Violation: 66.000000
Violation: 481.000000
Violation: 679.000000
Violation: 732.000000
Violation: 114.000000
Violation: 252.000000
Violation: 391.000000
Violation: 221.000000
Violation: 208.000000
Violation: 723.000000
Violation: 149.000000
Violation: 276.000000
Violation: 504.000000
Violation: 614.000000
Violation: 605.000000
Violation: 162.000000
Violation: 288.000000
Violation: 523.000000
Violation: 666.000000
Violation: 769.000000
Violation: 1193.000000
Violation: 3.000000
Violation: 759.000000
Violation: 352.000000
Violation: 278.000000
Violation: 221.000000
Violation: 272.000000
Violation: 1074.000000
Violation: 465.000000
Violation: 388.000000
Violation: 81.000000
Violation: 667.000000
Violation: 633.000000
Violation: 16.000000
Violation: 996.000000
Violation: 304.000000
Violation: 183.000000
Violation: 724.000000
Violation: 459.000000
Violation: 587.000000
Violation: 565.000000
Violation: 158.000000
Violation: 511.000000
Violation: 818.000000
Violation: 475.000000
Violation: 617.000000
Violation: 104.000000
Violation: 481.000000
Violation: 541.000000
Violation: 750.000000
Violation: 503.000000
Violation: 250.000000
Violation: 629.000000
Violation: 637.000000
Violation: 295.000000
Violation: 483.000000
Violation: 104.000000
Violation: 192.000000
Violation: 582.000000
Violation: 539.000000
Violation: 984.000000
Violation: 443.000000
Violation: 201.000000
Violation: 953.000000
Violation: 980.000000
Violation: 472.000000
Violation: 455.000000
Violation: 681.000000
Violation: 631.000000
Violation: 283.000000
Violation: 93.000000
Violation: 95.000000
Violation: 885.000000
Violation: 1446.000000
Violation: 577.000000
Violation: 265.000000
Violation: 345.000000
Violation: 585.000000
Violation: 1082.000000
Violation: 483.000000
Violation: 461.000000
Violation: 210.000000
Violation: 118.000000
Violation: 604.000000
Violation: 69.000000
Violation: 15.000000
Violation: 1244.000000
Violation: 1143.000000
Violation: 328.000000
Violation: 192.000000
Violation: 304.000000
Violation: 474.000000
Violation: 951.000000
Violation: 560.000000
Violation: 697.000000
Violation: 189.000000
Violation: 544.000000
Violation: 91.000000
Violation: 605.000000
Violation: 82.000000
Violation: 214.000000
Violation: 184.000000
Violation: 522.000000
Violation: 454.000000
took 4.096702
Optimize a model with 1023 rows, 906 columns and 14305 nonzeros
Coefficient statistics:
  Matrix range     [1e+00, 4e+01]
  Objective range  [0e+00, 0e+00]
  Bounds range     [1e+00, 4e+01]
  RHS range        [1e+00, 1e+02]
Presolve removed 459 rows and 108 columns
Presolve time: 0.00s
Presolved: 564 rows, 798 columns, 10775 nonzeros

Iteration    Objective       Primal Inf.    Dual Inf.      Time
       0    0.0000000e+00   4.508044e+01   0.000000e+00      0s
     115    0.0000000e+00   0.000000e+00   0.000000e+00      0s

Solved in 115 iterations and 0.01 seconds
Optimal objective  0.000000000e+00
