j3017_4.mm_s5.txt
Academic license - for non-commercial use only
Read LP format model from file lp/j3017_4.mm.lp
Reading time = 0.01 seconds
: 351 rows, 906 columns, 9053 nonzeros
OKGPU
nThreads: 1024 , nBlocks: 12 
Number cuts generated in the phase 1: 12
Number of repeat: 4 
violation 500.000000
violation 428.000000
violation 750.000000
violation 375.000000
violation 425.000000
violation 425.000000
violation 425.000000
violation 820.000000
8592 16
AQUIIII!!49 48 34 22 23 0 3 33 2 AQUIIII!!4 49 47 13 33 10 3 1 5 25 48 37 25 
10 13 AQUIIII!!37 49 0 1 0 34 6 34 23 2 2 37 13 22 22 33 4 25 31 1 AQUIIII!!5 
49 10 10 4 33 3 25 
2 3 13 1 47 4 37 23 0 22 AQUIIII!!48 49 34 23 
37 46 19 17 20 33 48 47 34 45 16 24 18 22 
AQUIIII!!19 20 44 22 15 24 16 45 42 43 34 32 33 17 18 23 
AQUIIII!!34 10 19 AQUIIII!!37 37 23 48 45 47 33 22 24 49 17 10 20 46 22 1 46 34 48 25 18 2 47 0 49 13 
23 3 33 
AQUIIII!!34 10 19 37 23 45 33 24 17 20 22 46 48 18 47 49 
AQUIIII!!34 33 13 23 1 2 25 47 45 10 22 46 37 48 0 49 
AQUIIII!!17 34 19 23 20 15 AQUIIII!!24 1 37 45 33 25 16 22 18 33 22 23 48 20 45 46 46 34 47 10 
0 37 19 48 47 49 
AQUIIII!!37 33 48 AQUIIII!!AQUIIII!!AQUIIII!!46 22 10 48 10 17 13 0 34 46 23 25 20 34 19 25 34 1 37 47 46 24 47 2 1 10 46 22 47 23 37 22 33 20 23 48 20 3 22 0 33 18 33 18 25 45 19 37 0 AQUIIII!!45 10 47 23 49 37 49 48 49 

18 45 19 20 34 
34 49 
24 33 19 AQUIIII!!49 AQUIIII!!10 1 13 23 17 22 5 33 47 37 AQUIIII!!18 34 23 4 6 17 25 48 33 16 2 2 46 10 20 22 0 3 47 45 33 48 AQUIIII!!23 22 22 1 AQUIIII!!
22 49 19 4 49 47 34 24 46 25 
0 16 34 22 31 10 33 46 48 AQUIIII!!13 33 23 AQUIIII!!AQUIIII!!15 1 24 0 3 20 45 37 25 1 33 5 34 AQUIIII!!32 44 1 23 46 4 34 34 13 48 45 43 19 37 10 6 37 2 22 
25 42 
47 AQUIIII!!23 3 34 37 45 20 18 18 10 47 10 37 20 33 49 17 45 20 34 
25 25 19 AQUIIII!!47 19 37 18 37 2 49 19 33 20 15 47 16 46 5 23 34 10 24 49 34 22 37 22 47 46 33 48 45 10 31 17 AQUIIII!!17 48 22 45 13 23 44 18 0 49 
19 0 46 23 0 22 
33 22 49 23 0 22 37 AQUIIII!!16 33 
48 25 24 45 3 18 37 49 47 49 48 46 16 45 18 

1 20 AQUIIII!!37 20 
48 22 34 46 AQUIIII!!24 0 16 2 49 19 10 34 17 33 49 22 23 19 47 
4 25 48 48 34 34 34 17 46 20 24 1 47 45 33 37 46 3 19 23 23 
25 45 33 22 49 48 1 
AQUIIII!!13 20 49 49 47 46 
0 22 37 0 2 23 3 33 48 10 34 
25 47 23 10 AQUIIII!!33 49 1 5 37 1 2 10 13 31 
22 37 3 6 4 33 0 2 34 25 13 
AQUIIII!!49 22 20 48 47 46 37 19 33 45 10 0 18 23 25 34 
AQUIIII!!48 22 37 AQUIIII!!25 46 1 20 3 10 5 48 4 45 23 34 33 33 2 22 13 18 AQUIIII!!37 13 34 17 33 10 0 23 AQUIIII!!0 47 3 18 49 24 22 46 19 4 
49 48 10 
1 19 5 37 25 AQUIIII!!22 34 46 2 48 20 23 37 23 37 AQUIIII!!22 47 10 25 23 49 0 10 37 
18 33 45 22 20 34 19 45 33 10 34 48 1 25 33 23 49 
46 47 0 0 3 34 47 49 13 
25 AQUIIII!!48 17 2 15 49 
34 18 24 43 16 45 AQUIIII!!AQUIIII!!49 32 23 1 23 47 2 45 33 24 22 18 42 48 3 22 33 20 10 20 37 34 44 46 19 23 19 10 22 
4 34 17 13 
25 37 0 33 49 48 47 
AQUIIII!!37 20 AQUIIII!!33 1 0 2 46 22 47 3 25 10 34 34 48 23 18 4 23 13 AQUIIII!!22 25 49 45 37 23 10 47 0 19 24 49 33 AQUIIII!!AQUIIII!!33 
49 42 17 45 48 26 22 47 46 47 21 23 20 
14 37 18 8 37 25 45 11 1 48 9 0 34 41 10 AQUIIII!!34 AQUIIII!!19 40 22 10 23 
39 34 1 13 27 48 5 48 32 13 13 46 AQUIIII!!12 0 25 0 2 AQUIIII!!4 7 13 10 22 2 34 45 44 2 33 3 33 48 43 AQUIIII!!25 0 10 49 49 6 5 4 
18 47 37 22 
33 33 20 22 34 37 37 46 10 2 22 19 3 31 31 20 37 5 37 33 3 34 47 6 49 22 10 25 
1 0 34 AQUIIII!!1 23 49 49 25 23 4 34 
45 23 19 48 49 5 1 1 46 

25 16 3 13 33 22 0 17 10 AQUIIII!!37 24 49 4 49 48 22 2 
2 AQUIIII!!33 34 
0 10 4 0 25 1 3 37 34 33 33 23 13 AQUIIII!!48 22 5 4 1 3 5 23 2 25 5 10 13 1 31 4 AQUIIII!!10 6 
47 48 37 AQUIIII!!49 33 13 37 
25 22 2 10 34 3 45 0 13 22 33 25 0 33 25 48 34 37 2 3 22 46 2 47 1 AQUIIII!!1 34 49 46 AQUIIII!!
20 10 49 45 23 48 48 15 37 23 33 46 49 25 0 20 
23 46 37 20 49 18 37 48 
23 10 45 16 22 47 33 34 34 19 17 0 19 22 24 18 47 

AQUIIII!!49 46 48 20 17 19 34 22 10 33 23 18 47 24 37 45 
AQUIIII!!24 19 33 34 45 17 47 46 48 16 18 22 23 20 37 49 
AQUIIII!!23 46 10 13 1 33 34 37 47 2 22 3 25 48 0 49 
AQUIIII!!33 24 34 AQUIIII!!19 20 2 48 13 22 5 45 0 16 22 46 33 18 6 47 10 23 34 37 37 17 31 49 25 
3 4 1 49 
AQUIIII!!14 15 26 12 42 32 41 39 11 27 8 21 40 44 9 43 
AQUIIII!!48 34 22 3 23 5 37 25 13 33 10 AQUIIII!!4 49 1 19 0 20 2 25 AQUIIII!!49 48 3 
45 2 23 34 0 33 1 25 47 46 37 37 47 22 48 23 34 0 22 46 13 10 1 
33 10 49 
AQUIIII!!0 22 34 37 45 19 20 1 23 25 10 33 47 49 AQUIIII!!48 37 46 45 
22 24 46 47 AQUIIII!!16 47 18 24 23 20 19 45 37 17 22 34 AQUIIII!!23 33 0 19 AQUIIII!!20 22 10 33 48 34 18 43 49 37 48 18 
45 32 33 19 16 17 20 17 1 46 22 23 34 25 19 49 10 15 33 
23 47 24 49 48 42 46 34 
AQUIIII!!20 49 44 17 45 45 
22 33 34 AQUIIII!!10 49 19 33 23 46 46 1 2 20 22 18 0 47 47 37 24 48 48 45 
20 23 25 37 10 34 
AQUIIII!!49 2 31 13 37 4 6 33 22 3 1 25 34 0 10 5 
AQUIIII!!49 47 48 0 1 46 33 25 20 2 45 34 37 23 22 10 
AQUIIII!!37 0 33 49 46 23 25 47 10 34 19 20 22 AQUIIII!!18 48 16 45 22 
48 19 33 47 34 18 20 46 37 24 23 45 17 49 
AQUIIII!!10 19 48 47 22 45 18 34 20 24 17 33 46 23 37 49 
AQUIIII!!49 46 18 AQUIIII!!45 1 48 16 13 47 0 20 10 33 17 47 24 25 37 34 46 33 23 3 23 2 22 34 22 37 49 19 
48 
AQUIIII!!0 2 10 3 25 46 22 34 1 33 13 37 23 47 48 49 
AQUIIII!!49 47 46 0 22 10 48 33 1 3 25 34 23 13 37 2 
AQUIIII!!25 37 4 1 33 2 0 22 10 6 13 3 5 34 31 AQUIIII!!49 49 34 
22 20 37 33 1 23 47 48 25 46 10 19 0 45 
AQUIIII!!37 31 10 1 33 6 2 3 AQUIIII!!5 49 33 13 48 0 23 34 0 4 22 3 25 37 4 5 13 49 22 
2 10 25 34 1 
AQUIIII!!49 2 46 AQUIIII!!45 37 48 0 18 34 10 24 20 23 48 49 46 23 33 33 47 45 19 25 37 34 1 20 22 22 10 17 47 

AQUIIII!!49 0 46 25 45 48 22 13 34 2 AQUIIII!!23 10 3 37 33 34 48 47 1 10 2 1 37 
0 23 47 33 22 25 4 13 49 
AQUIIII!!45 16 46 47 33 23 17 19 24 37 22 15 44 34 20 18 
AQUIIII!!49 46 2 10 13 22 47 25 37 33 34 AQUIIII!!48 18 0 49 23 10 3 20 1 
48 46 23 17 22 24 34 47 33 19 37 45 
AQUIIII!!48 34 47 25 37 0 46 22 23 3 10 33 AQUIIII!!2 AQUIIII!!49 13 33 25 1 34 48 49 2 24 
20 5 10 17 37 46 34 45 13 18 23 22 0 37 33 10 22 19 1 48 4 23 3 47 
49 
AQUIIII!!18 37 23 33 45 34 AQUIIII!!22 20 24 17 37 46 23 19 47 20 19 16 33 15 45 47 34 48 
25 48 22 0 18 46 10 49 
AQUIIII!!2 0 48 1 4 5 10 25 33 34 AQUIIII!!3 37 13 13 4 23 34 22 25 49 2 
1 10 0 48 3 33 22 23 37 47 49 
AQUIIII!!22 23 16 19 17 34 47 20 18 24 37 33 46 45 44 15 
AQUIIII!!47 34 19 20 AQUIIII!!18 48 49 37 10 46 37 33 23 0 45 31 17 5 22 13 24 AQUIIII!!4 16 49 49 33 37 
2 47 25 10 34 1 6 3 48 22 34 1 23 
13 25 AQUIIII!!22 49 33 37 46 34 2 0 0 23 46 45 45 
48 33 1 20 10 47 25 22 2 
AQUIIII!!46 48 AQUIIII!!47 49 17 34 37 47 45 20 22 18 34 48 33 17 49 37 20 45 24 22 23 23 19 24 16 33 18 
46 19 10 
AQUIIII!!47 49 48 46 20 0 37 23 45 34 18 19 22 25 10 33 
AQUIIII!!4 23 47 3 1 13 AQUIIII!!22 2 44 25 23 48 17 20 0 33 33 24 10 37 34 34 37 18 49 19 
16 22 43 45 15 46 
AQUIIII!!49 45 13 34 37 2 46 47 0 33 25 23 22 1 48 10 
AQUIIII!!AQUIIII!!1 49 0 22 5 13 3 3 4 4 22 47 25 48 37 0 48 10 2 34 37 2 33 10 23 33 1 23 34 13 25 49 

AQUIIII!!10 46 33 34 47 19 25 37 48 22 20 45 23 0 1 49 
AQUIIII!!49 4 10 47 13 0 23 33 48 2 37 22 34 25 3 1 
AQUIIII!!16 19 24 22 33 17 46 34 23 45 37 47 48 18 20 49 
AQUIIII!!49 34 0 46 45 20 47 33 37 48 22 2 10 23 1 25 
AQUIIII!!5 22 31 25 1 2 4 10 34 3 6 13 0 37 33 49 
AQUIIII!!45 19 47 46 AQUIIII!!37 49 34 23 18 19 10 AQUIIII!!47 22 49 24 20 33 45 22 25 23 45 0 0 37 47 23 AQUIIII!!22 18 49 34 20 10 47 37 48 0 48 48 2 33 46 49 46 25 34 1 
10 25 20 19 48 17 18 AQUIIII!!3 46 34 33 49 
22 
23 10 13 47 23 17 37 33 45 
24 46 16 18 20 22 48 37 34 33 19 
AQUIIII!!49 19 16 33 20 22 23 45 46 24 18 48 17 37 34 47 
AQUIIII!!45 22 37 25 20 46 23 48 18 0 34 19 33 10 47 49 
AQUIIII!!48 45 49 46 20 34 17 24 37 23 33 18 22 16 19 47 
AQUIIII!!45 49 18 47 19 33 23 46 24 37 22 48 34 17 10 20 
AQUIIII!!49 22 23 46 45 25 33 37 10 48 47 2 34 0 20 1 
AQUIIII!!19 49 45 1 23 46 34 0 48 33 37 25 47 10 22 20 
AQUIIII!!49 25 46 0 19 10 33 48 47 22 45 37 23 34 20 18 
AQUIIII!!33 25 0 46 20 34 23 37 48 10 22 45 18 47 19 49 
AQUIIII!!3 48 22 1 0 2 34 33 25 46 37 13 10 47 23 49 
AQUIIII!!49 5 3 22 2 0 4 25 1 48 AQUIIII!!33 48 13 AQUIIII!!49 45 23 46 37 18 22 34 48 2 19 10 0 
23 10 25 25 22 13 37 3 47 33 34 1 49 37 10 34 33 23 46 47 0 
20 
AQUIIII!!49 23 2 10 22 34 0 AQUIIII!!45 49 1 19 33 24 47 45 46 37 16 48 23 13 22 25 20 
18 34 46 37 48 33 17 47 
AQUIIII!!49 46 22 20 18 45 48 17 19 37 33 10 23 24 47 34 
AQUIIII!!49 22 0 10 23 13 47 33 48 34 25 37 AQUIIII!!49 4 37 2 45 3 25 2 1 33 
22 47 1 20 10 23 34 46 0 48 
AQUIIII!!47 49 33 46 19 48 34 37 22 10 18 20 25 45 0 23 
AQUIIII!!49 46 17 18 48 37 47 24 23 34 22 33 20 10 45 19 
AQUIIII!!49 37 48 46 10 47 45 0 20 33 1 25 19 34 23 22 
AQUIIII!!49 45 13 48 34 AQUIIII!!23 49 2 2 47 1 25 47 37 10 33 37 1 0 13 0 25 22 23 10 48 46 
33 46 3 34 22 
AQUIIII!!49 23 48 37 46 25 2 10 22 1 AQUIIII!!20 49 33 46 45 24 0 19 47 23 34 47 
48 16 34 37 33 45 18 22 17 20 
AQUIIII!!49 2 3 13 6 37 34 10 4 5 22 33 31 25 1 0 
AQUIIII!!45 AQUIIII!!16 45 46 34 20 33 49 44 37 15 10 18 0 23 22 19 47 22 43 19 24 1 20 23 37 25 17 46 
34 48 33 
AQUIIII!!20 19 46 22 23 24 15 47 34 33 37 17 16 18 45 48 
AQUIIII!!49 22 34 37 46 18 23 16 17 45 24 19 20 48 47 33 
AQUIIII!!49 33 23 22 10 47 0 AQUIIII!!3 47 13 49 2 37 48 48 23 25 33 46 37 1 22 34 17 
20 46 24 34 45 18 16 19 
AQUIIII!!49 18 33 46 19 48 10 47 0 23 34 25 45 20 37 22 
AQUIIII!!49 17 20 34 10 23 24 18 45 33 22 19 37 46 48 47 
AQUIIII!!49 46 19 34 45 47 18 23 48 25 0 10 20 33 37 22 
AQUIIII!!46 23 22 24 37 19 49 34 16 18 20 48 33 45 17 47 
AQUIIII!!49 23 0 47 22 34 48 25 37 33 45 20 2 1 46 10 
AQUIIII!!47 49 48 23 33 37 22 17 20 46 24 34 45 18 16 19 
AQUIIII!!34 46 48 49 47 20 37 16 18 33 45 24 22 17 23 19 
AQUIIII!!49 23 AQUIIII!!49 48 25 17 2 34 47 48 37 45 46 46 20 23 22 0 33 18 22 10 33 1 10 47 45 37 
20 24 19 34 
AQUIIII!!44 45 19 16 22 AQUIIII!!24 46 49 43 16 34 33 23 47 15 37 20 48 37 46 18 45 17 34 33 17 
20 24 18 19 22 23 
AQUIIII!!49 3 37 23 10 22 25 1 33 48 34 0 46 13 47 2 
AQUIIII!!49 20 45 22 48 46 0 47 33 37 18 19 10 34 25 23 
AQUIIII!!45 44 19 18 17 46 43 20 24 34 15 37 22 33 16 23 
AQUIIII!!49 23 20 22 45 34 46 17 48 37 24 19 47 18 33 10 
AQUIIII!!47 49 46 23 19 1 33 25 10 0 45 48 37 20 22 34 
AQUIIII!!49 25 33 1 34 23 5 48 22 0 2 37 10 4 3 13 
AQUIIII!!49 46 23 48 1 22 37 34 33 0 25 47 10 2 20 45 
Number of Cuts in the second phase:6099
Number of repeat: 5716 
Violation: 710.000000
Violation: 710.000000
Violation: 285.000000
Violation: 1106.000000
Violation: 642.000000
Violation: 140.000000
Violation: 570.000000
Violation: 464.000000
Violation: 500.000000
Violation: 375.000000
Violation: 178.000000
Violation: 428.000000
Violation: 928.000000
Violation: 375.000000
Violation: 570.000000
Violation: 285.000000
Violation: 650.000000
Violation: 570.000000
Violation: 708.000000
Violation: 1030.000000
Violation: 375.000000
Violation: 125.000000
Violation: 1352.000000
Violation: 750.000000
Violation: 140.000000
Violation: 140.000000
Violation: 284.000000
Violation: 1352.000000
Violation: 284.000000
Violation: 837.000000
Violation: 140.000000
Violation: 285.000000
Violation: 375.000000
Violation: 138.000000
Violation: 386.000000
Violation: 500.000000
Violation: 570.000000
Violation: 420.000000
Violation: 499.000000
Violation: 280.000000
Violation: 625.000000
Violation: 140.000000
Violation: 560.000000
Violation: 375.000000
Violation: 375.000000
Violation: 175.000000
Violation: 140.000000
Violation: 500.000000
Violation: 708.000000
Violation: 620.000000
Violation: 34.000000
Violation: 565.000000
Violation: 375.000000
Violation: 750.000000
Violation: 375.000000
Violation: 710.000000
Violation: 515.000000
Violation: 283.000000
Violation: 440.000000
Violation: 500.000000
Violation: 704.000000
Violation: 125.000000
Violation: 125.000000
Violation: 655.000000
Violation: 497.000000
Violation: 370.000000
Violation: 1212.000000
Violation: 1084.000000
Violation: 280.000000
Violation: 408.000000
Violation: 782.000000
Violation: 705.000000
Violation: 106.000000
Violation: 370.000000
Violation: 710.000000
Violation: 497.000000
Violation: 625.000000
Violation: 408.000000
Violation: 998.000000
Violation: 749.000000
Violation: 425.000000
Violation: 280.000000
Violation: 1030.000000
Violation: 246.000000
Violation: 365.000000
Violation: 352.000000
Violation: 375.000000
Violation: 375.000000
Violation: 1386.000000
Violation: 335.000000
Violation: 140.000000
Violation: 456.000000
Violation: 638.000000
Violation: 140.000000
Violation: 375.000000
Violation: 856.000000
Violation: 420.000000
Violation: 455.000000
Violation: 710.000000
Violation: 33.000000
Violation: 560.000000
Violation: 515.000000
Violation: 742.000000
Violation: 845.000000
Violation: 284.000000
Violation: 565.000000
Violation: 1027.000000
Violation: 419.000000
Violation: 917.000000
Violation: 625.000000
Violation: 710.000000
Violation: 214.000000
Violation: 375.000000
Violation: 625.000000
Violation: 515.000000
Violation: 500.000000
Violation: 125.000000
Violation: 881.000000
Violation: 425.000000
Violation: 492.000000
Violation: 420.000000
Violation: 375.000000
Violation: 500.000000
Violation: 250.000000
Violation: 799.000000
Violation: 140.000000
Violation: 246.000000
Violation: 727.000000
Violation: 500.000000
Violation: 742.000000
Violation: 246.000000
Violation: 833.000000
Violation: 246.000000
Violation: 425.000000
Violation: 710.000000
Violation: 140.000000
Violation: 922.000000
Violation: 659.000000
Violation: 375.000000
Violation: 231.000000
Violation: 525.000000
Violation: 565.000000
Violation: 246.000000
Violation: 749.000000
Violation: 570.000000
Violation: 749.000000
Violation: 261.000000
Violation: 140.000000
Violation: 280.000000
Violation: 245.000000
Violation: 265.000000
Violation: 935.000000
Violation: 526.000000
Violation: 945.000000
Violation: 650.000000
Violation: 602.000000
Violation: 497.000000
Violation: 1102.000000
Violation: 125.000000
Violation: 1030.000000
Violation: 875.000000
Violation: 845.000000
Violation: 133.000000
Violation: 708.000000
Violation: 280.000000
Violation: 570.000000
Violation: 140.000000
Violation: 386.000000
Violation: 346.000000
Violation: 456.000000
Violation: 650.000000
Violation: 497.000000
Violation: 280.000000
Violation: 777.000000
Violation: 642.000000
Violation: 1386.000000
Violation: 375.000000
Violation: 1125.000000
Violation: 140.000000
Violation: 811.000000
Violation: 625.000000
Violation: 782.000000
Violation: 140.000000
Violation: 624.000000
Violation: 620.000000
Violation: 659.000000
Violation: 284.000000
Violation: 375.000000
Violation: 370.000000
Violation: 1405.000000
Violation: 655.000000
Violation: 456.000000
Violation: 106.000000
Violation: 415.000000
Violation: 375.000000
Violation: 250.000000
Violation: 745.000000
Violation: 500.000000
Violation: 250.000000
Violation: 555.000000
Violation: 420.000000
Violation: 284.000000
Violation: 371.000000
Violation: 1420.000000
Violation: 246.000000
Violation: 497.000000
Violation: 352.000000
Violation: 570.000000
Violation: 178.000000
Violation: 352.000000
Violation: 1386.000000
Violation: 275.000000
Violation: 85.000000
Violation: 602.000000
Violation: 140.000000
Violation: 280.000000
Violation: 352.000000
Violation: 214.000000
Violation: 246.000000
Violation: 420.000000
Violation: 940.000000
Violation: 636.000000
Violation: 447.000000
Violation: 1526.000000
Violation: 425.000000
Violation: 225.000000
Violation: 1117.000000
Violation: 565.000000
Violation: 477.000000
Violation: 1015.000000
Violation: 318.000000
Violation: 550.000000
Violation: 523.000000
Violation: 1250.000000
Violation: 375.000000
Violation: 880.000000
Violation: 178.000000
Violation: 481.000000
Violation: 1000.000000
Violation: 246.000000
Violation: 151.000000
Violation: 370.000000
Violation: 375.000000
Violation: 922.000000
Violation: 832.000000
Violation: 53.000000
Violation: 551.000000
Violation: 67.000000
Violation: 125.000000
Violation: 1207.000000
Violation: 642.000000
Violation: 375.000000
Violation: 564.000000
Violation: 246.000000
Violation: 375.000000
Violation: 140.000000
Violation: 318.000000
Violation: 811.000000
Violation: 1027.000000
Violation: 318.000000
Violation: 34.000000
Violation: 297.000000
Violation: 861.000000
Violation: 602.000000
Violation: 750.000000
Violation: 499.000000
Violation: 140.000000
Violation: 330.000000
Violation: 178.000000
Violation: 420.000000
Violation: 214.000000
Violation: 140.000000
Violation: 267.000000
Violation: 246.000000
Violation: 140.000000
Violation: 458.000000
Violation: 704.000000
Violation: 207.000000
Violation: 655.000000
Violation: 125.000000
Violation: 386.000000
Violation: 17.000000
Violation: 280.000000
Violation: 560.000000
Violation: 140.000000
Violation: 386.000000
Violation: 140.000000
Violation: 926.000000
Violation: 370.000000
Violation: 812.000000
Violation: 621.000000
Violation: 840.000000
Violation: 280.000000
Violation: 140.000000
Violation: 515.000000
Violation: 782.000000
Violation: 392.000000
Violation: 492.000000
Violation: 710.000000
Violation: 296.000000
Violation: 441.000000
Violation: 1352.000000
Violation: 457.000000
Violation: 419.000000
Violation: 741.000000
Violation: 419.000000
Violation: 1315.000000
Violation: 741.000000
Violation: 386.000000
Violation: 745.000000
Violation: 280.000000
Violation: 106.000000
Violation: 140.000000
Violation: 247.000000
Violation: 590.000000
Violation: 586.000000
Violation: 441.000000
Violation: 659.000000
Violation: 777.000000
Violation: 318.000000
Violation: 265.000000
Violation: 615.000000
Violation: 318.000000
Violation: 505.000000
Violation: 845.000000
Violation: 88.000000
Violation: 318.000000
Violation: 587.000000
Violation: 1087.000000
Violation: 329.000000
Violation: 140.000000
Violation: 620.000000
Violation: 425.000000
Violation: 332.000000
Violation: 570.000000
Violation: 590.000000
Violation: 777.000000
Violation: 135.000000
Violation: 940.000000
Violation: 375.000000
Violation: 867.000000
Violation: 33.000000
Violation: 280.000000
Violation: 508.000000
Violation: 374.000000
Violation: 665.000000
Violation: 515.000000
Violation: 636.000000
Violation: 497.000000
Violation: 195.000000
Violation: 497.000000
Violation: 356.000000
Violation: 207.000000
Violation: 555.000000
Violation: 390.000000
Violation: 386.000000
Violation: 625.000000
Violation: 745.000000
Violation: 765.000000
Violation: 555.000000
Violation: 280.000000
Violation: 515.000000
Violation: 705.000000
Violation: 12.000000
Violation: 140.000000
Violation: 249.000000
Violation: 922.000000
Violation: 777.000000
Violation: 424.000000
Violation: 505.000000
Violation: 1352.000000
Violation: 1487.000000
Violation: 481.000000
Violation: 845.000000
Violation: 265.000000
Violation: 420.000000
Violation: 214.000000
Violation: 655.000000
Violation: 1347.000000
Violation: 1052.000000
Violation: 430.000000
Violation: 85.000000
Violation: 405.000000
7404 16
AQUIIII!!49 0 22 AQUIIII!!10 AQUIIII!!48 49 49 46 3 47 47 6 34 25 23 4 33 25 13 37 10 25 AQUIIII!!19 49 3 2 18 23 5 13 45 37 33 33 23 25 34 20 48 10 
22 20 22 37 47 0 46 1 33 46 0 18 1 10 34 2 31 45 37 
0 34 48 
22 19 
AQUIIII!!45 44 37 47 16 46 20 15 33 23 18 22 34 17 24 19 
AQUIIII!!47 0 34 23 22 10 4 48 37 2 3 1 25 33 13 49 
AQUIIII!!46 34 1 47 20 23 45 37 19 22 25 10 48 0 33 49 
AQUIIII!!23 19 22 15 24 34 20 37 33 45 48 17 16 47 46 18 
AQUIIII!!47 34 20 37 22 10 24 33 23 46 17 45 49 19 48 18 
AQUIIII!!37 33 22 20 23 16 17 18 24 45 34 46 19 47 49 48 
AQUIIII!!47 34 20 37 AQUIIII!!22 17 10 34 24 33 16 37 23 15 46 18 17 24 45 49 33 20 19 19 48 18 22 
23 46 48 47 AQUIIII!!45 33 
48 AQUIIII!!17 25 18 23 37 20 24 34 33 22 AQUIIII!!19 23 16 18 20 45 37 34 16 45 19 AQUIIII!!34 10 24 25 46 47 22 AQUIIII!!22 46 46 0 33 47 47 25 20 0 47 2 34 48 19 15 37 49 10 4 18 
49 48 37 23 
23 22 46 10 37 18 13 17 23 3 45 0 22 44 34 33 
AQUIIII!!1 48 0 47 20 33 33 45 49 18 19 
22 49 10 
19 46 48 23 47 34 45 AQUIIII!!AQUIIII!!AQUIIII!!25 AQUIIII!!33 22 37 25 37 25 2 23 33 4 20 25 23 1 3 3 49 34 4 0 
5 10 20 13 AQUIIII!!25 34 45 1 37 22 48 22 AQUIIII!!1 34 AQUIIII!!46 1 23 0 37 10 47 33 3 5 22 10 2 19 46 3 48 33 2 2 46 13 22 0 34 34 31 33 10 22 37 34 6 25 10 13 47 23 13 49 49 46 37 AQUIIII!!
22 47 
3 37 0 33 10 0 1 2 13 1 2 48 23 34 25 48 49 6 33 10 2 
0 49 47 10 47 5 45 
46 48 13 1 37 23 48 49 34 0 1 
22 49 0 
25 25 3 49 33 
13 AQUIIII!!4 5 37 31 48 49 4 
33 22 23 13 AQUIIII!!0 49 34 48 1 46 AQUIIII!!3 37 49 10 23 20 37 AQUIIII!!47 47 25 4 49 AQUIIII!!25 2 25 24 10 49 49 34 22 
1 19 48 37 0 33 13 45 33 46 2 16 23 1 23 19 AQUIIII!!34 0 17 17 18 19 33 46 34 34 3 45 48 34 19 10 22 20 18 23 37 47 22 
48 22 33 10 17 
23 37 AQUIIII!!16 48 18 33 46 20 24 48 22 
47 17 47 45 18 37 
45 37 24 33 20 22 23 24 49 45 
16 34 47 46 20 19 49 
AQUIIII!!48 AQUIIII!!47 19 49 45 37 49 23 48 34 34 33 10 19 46 0 22 1 46 37 0 47 10 33 20 23 1 22 45 25 25 20 

AQUIIII!!49 48 46 37 20 47 25 10 1 0 33 23 34 19 45 22 
AQUIIII!!34 22 19 24 37 33 47 45 16 46 17 48 18 49 20 23 
AQUIIII!!45 33 17 18 37 19 16 22 24 34 48 20 49 AQUIIII!!47 24 23 22 46 48 
37 23 46 18 33 49 20 16 AQUIIII!!AQUIIII!!34 34 27 19 37 9 17 48 45 AQUIIII!!41 19 47 13 25 39 
23 45 40 25 33 14 47 23 12 1 10 37 26 AQUIIII!!1 0 11 24 46 22 32 47 48 0 42 22 10 20 21 33 37 49 22 7 34 34 47 AQUIIII!!43 18 45 46 44 20 23 2 
8 24 48 49 
37 
20 22 10 10 33 49 17 46 45 17 AQUIIII!!46 21 49 47 40 19 19 AQUIIII!!41 
42 34 34 14 33 22 AQUIIII!!15 23 23 22 18 26 16 33 45 11 16 19 48 9 19 
15 20 39 17 17 27 33 24 12 18 46 32 43 43 44 AQUIIII!!20 15 43 47 42 23 8 10 32 34 
13 24 18 25 45 37 22 44 44 0 AQUIIII!!
45 1 2 
4 33 2 37 33 0 48 34 34 45 37 1 AQUIIII!!23 24 48 3 47 47 37 49 10 34 
22 17 13 46 23 AQUIIII!!33 25 17 48 AQUIIII!!46 47 23 25 49 46 46 20 
20 24 45 0 34 19 34 33 16 47 AQUIIII!!37 18 10 48 33 37 22 22 24 22 49 19 45 46 
18 AQUIIII!!AQUIIII!!19 22 13 45 0 1 37 16 4 48 33 18 23 4 33 48 20 20 13 23 37 48 49 49 34 23 23 

3 22 19 34 10 17 10 47 47 1 25 10 47 22 45 25 48 34 2 3 49 1 33 
37 0 23 49 2 
49 
AQUIIII!!19 49 45 16 18 22 34 24 17 20 47 48 33 46 23 37 
AQUIIII!!19 33 34 23 49 20 45 47 18 24 37 17 22 48 16 46 
AQUIIII!!45 47 23 19 10 37 18 46 22 20 33 0 25 34 48 49 
AQUIIII!!26 AQUIIII!!32 23 21 33 11 18 27 46 8 34 14 20 41 22 9 17 42 AQUIIII!!24 39 34 10 40 1 19 10 12 45 37 44 37 20 7 48 22 43 49 33 
47 48 
23 47 25 0 46 19 49 45 
AQUIIII!!10 37 46 1 22 47 33 45 0 20 34 2 48 23 25 49 
AQUIIII!!25 AQUIIII!!20 2 23 47 45 23 48 10 37 1 34 33 46 34 47 2 0 45 10 37 1 48 33 22 13 46 22 0 25 49 49 

AQUIIII!!1 22 AQUIIII!!23 22 47 25 10 13 45 5 25 34 0 3 4 33 48 31 46 33 6 19 37 37 10 20 0 34 2 49 1 
49 
AQUIIII!!25 10 46 34 45 47 33 37 20 0 48 19 1 22 23 49 
AQUIIII!!49 19 45 16 18 20 46 34 17 37 33 24 23 47 22 48 
AQUIIII!!46 48 16 20 34 22 23 17 37 33 24 18 47 49 19 45 
AQUIIII!!AQUIIII!!46 23 48 0 16 10 20 1 34 37 22 2 23 33 45 17 20 37 33 34 47 24 25 18 22 47 48 49 49 19 46 45 

AQUIIII!!45 24 19 18 47 37 48 23 33 34 22 20 17 49 46 16 
AQUIIII!!19 25 45 1 10 33 20 22 0 46 23 37 34 47 48 AQUIIII!!49 1 
10 13 37 AQUIIII!!22 33 25 47 0 1 4 10 AQUIIII!!3 0 22 33 25 0 31 22 1 6 19 10 34 45 25 5 48 5 2 23 34 49 46 23 
20 13 34 4 37 37 49 48 
3 33 2 49 
AQUIIII!!37 AQUIIII!!20 3 18 0 17 10 2 48 48 45 34 46 10 19 23 AQUIIII!!23 25 1 AQUIIII!!47 3 13 24 48 23 22 17 34 34 25 22 20 10 37 33 47 22 46 49 23 33 47 AQUIIII!!
33 1 33 0 10 4 49 13 46 13 
34 19 0 37 45 5 1 24 48 22 37 37 4 18 2 33 34 49 5 22 
2 49 48 
23 10 25 3 49 
AQUIIII!!49 3 37 34 AQUIIII!!48 49 0 24 13 34 1 46 23 18 10 23 47 19 AQUIIII!!22 20 49 25 17 37 33 45 47 2 48 45 46 37 46 
33 34 47 25 22 23 16 1 
2 48 10 0 20 33 22 
AQUIIII!!45 46 49 48 33 23 1 34 13 22 25 37 0 2 10 47 
AQUIIII!!49 48 1 25 20 46 10 45 34 2 37 23 47 0 33 22 
AQUIIII!!34 20 25 22 0 47 33 49 10 19 37 46 23 18 45 48 
AQUIIII!!AQUIIII!!49 AQUIIII!!34 13 49 25 0 25 46 3 45 0 34 19 20 25 33 37 18 33 47 19 22 34 22 6 10 33 10 22 10 4 23 37 5 20 45 31 0 47 2 48 37 1 23 48 
49 18 
46 
AQUIIII!!37 23 22 45 17 33 18 20 46 48 19 16 47 34 24 49 
AQUIIII!!33 25 47 34 18 37 48 10 0 46 45 23 AQUIIII!!5 20 3 19 1 22 25 49 33 10 
2 13 0 6 22 34 31 37 4 49 
AQUIIII!!48 49 46 10 25 1 22 0 37 23 45 2 13 34 47 33 
AQUIIII!!49 46 45 18 19 48 22 0 33 10 25 23 20 34 37 47 
AQUIIII!!34 48 25 1 37 46 20 10 23 22 0 45 33 2 47 49 
AQUIIII!!10 22 1 33 19 25 23 20 48 47 0 45 34 46 37 49 
AQUIIII!!23 47 46 22 37 34 18 24 17 10 33 48 20 45 19 49 AQUIIII!!
48 33 1 13 3 4 10 0 34 2 37 23 25 22 AQUIIII!!47 10 49 48 
33 22 23 1 25 47 2 0 3 34 37 46 13 49 
AQUIIII!!20 18 45 49 46 10 19 24 33 17 48 47 34 22 37 23 
AQUIIII!!49 1 10 22 33 13 34 45 2 37 47 25 23 46 0 48 
AQUIIII!!1 37 48 10 3 13 23 25 33 2 47 0 46 34 22 49 
AQUIIII!!10 25 22 37 34 45 20 0 AQUIIII!!1 46 23 33 19 24 33 45 48 22 47 46 18 49 17 
23 34 37 10 19 48 49 AQUIIII!!47 49 20 46 
1 34 37 AQUIIII!!48 10 10 25 0 22 47 37 45 34 20 45 20 25 0 22 1 19 23 23 19 33 33 
48 47 46 49 
AQUIIII!!48 46 49 10 23 0 45 33 20 37 1 19 22 AQUIIII!!47 48 34 49 25 46 
23 34 20 10 18 22 37 17 19 33 45 47 24 
AQUIIII!!48 47 46 45 2 37 49 23 33 22 0 25 20 1 10 34 
AQUIIII!!46 18 17 49 22 37 34 10 33 23 19 20 45 48 24 47 
AQUIIII!!33 46 22 34 45 24 10 37 19 23 48 49 17 20 18 47 
AQUIIII!!33 46 22 34 45 24 10 37 19 23 48 49 17 20 18 47 
AQUIIII!!49 AQUIIII!!37 4 25 37 46 10 23 5 2 48 13 22 10 33 48 34 3 22 1 45 34 0 0 1 2 33 23 47 25 
13 49 
AQUIIII!!10 37 22 48 34 45 18 0 25 19 20 47 23 33 46 49 
AQUIIII!!49 34 33 10 22 17 45 47 37 46 48 20 24 19 23 18 
AQUIIII!!49 0 37 47 3 22 2 34 4 23 1 10 25 48 33 13 
AQUIIII!!49 37 34 22 31 2 5 0 13 4 25 10 6 33 1 3 
AQUIIII!!45 18 34 48 37 23 20 46 22 33 47 19 10 17 24 49 
AQUIIII!!46 37 20 10 34 45 48 0 47 25 2 22 33 1 23 49 
AQUIIII!!49 0 22 AQUIIII!!2 48 48 46 33 47 10 45 37 3 16 23 17 47 19 37 49 34 34 13 20 46 22 25 18 1 33 23 
24 
AQUIIII!!49 45 48 47 34 10 33 AQUIIII!!1 49 20 5 0 33 19 2 46 10 22 37 25 0 37 25 23 23 
4 13 34 22 48 3 1 
AQUIIII!!48 46 20 19 49 34 22 47 10 0 33 18 23 25 45 37 
AQUIIII!!49 25 20 45 10 34 33 23 0 46 47 22 1 48 37 2 
AQUIIII!!44 45 22 18 34 15 24 37 16 33 20 19 46 47 17 23 
AQUIIII!!3 37 2 47 13 34 46 0 48 10 23 1 25 22 33 49 AQUIIII!!
49 22 33 47 46 23 20 10 AQUIIII!!AQUIIII!!34 49 49 1 19 25 48 37 46 37 34 47 19 1 33 45 4 23 25 22 1 0 47 37 
10 34 48 10 33 0 23 AQUIIII!!20 3 25 44 0 48 8 2 45 43 13 22 
40 
39 42 21 26 12 7 14 9 11 41 27 32 
AQUIIII!!46 37 34 19 25 47 10 18 33 45 48 22 20 23 0 49 
AQUIIII!!49 45 34 10 22 18 20 17 46 37 24 19 23 47 48 33 
AQUIIII!!49 48 23 AQUIIII!!19 49 47 2 24 23 17 0 16 22 46 33 45 10 34 34 37 13 20 46 18 47 22 25 33 3 
1 48 37 
AQUIIII!!AQUIIII!!49 49 0 33 34 4 5 6 4 31 10 3 33 2 22 37 0 31 1 3 6 25 13 2 22 5 1 25 10 
34 37 13 
AQUIIII!!49 5 23 37 48 22 0 25 1 4 33 3 2 10 13 34 
AQUIIII!!49 2 0 48 22 47 46 33 10 1 25 45 13 37 34 23 
AQUIIII!!1 20 37 47 22 34 33 AQUIIII!!23 46 0 19 19 23 46 47 25 25 10 34 45 18 48 45 49 48 
0 10 37 33 22 20 49 
AQUIIII!!49 46 37 17 22 45 34 10 18 48 20 47 24 23 33 19 
AQUIIII!!49 20 48 0 1 34 47 37 19 10 23 33 22 46 45 25 
AQUIIII!!49 46 22 34 37 10 25 45 48 0 33 47 23 1 13 2 
AQUIIII!!49 37 34 33 10 3 22 13 25 1 48 23 2 0 46 47 
AQUIIII!!49 34 25 48 33 45 23 0 46 10 37 1 2 47 20 22 
AQUIIII!!49 37 46 20 45 18 33 19 34 47 16 22 17 48 23 24 
AQUIIII!!49 10 13 AQUIIII!!23 49 33 13 22 10 25 47 2 23 0 1 37 33 46 22 2 47 48 3 34 48 0 34 3 1 4 
37 25 
AQUIIII!!49 10 25 33 AQUIIII!!22 49 46 1 34 0 0 10 13 25 23 5 47 2 1 37 2 3 48 37 23 45 34 
33 48 13 4 22 
AQUIIII!!46 45 44 17 33 19 24 34 23 15 43 37 22 18 20 16 AQUIIII!!
49 37 23 47 45 20 34 22 1 46 0 33 25 48 19 10 
AQUIIII!!17 47 49 48 45 24 46 18 16 37 34 23 19 AQUIIII!!20 AQUIIII!!49 33 44 3 22 45 48 
16 23 5 22 4 17 25 20 22 19 37 15 10 32 0 23 33 34 34 13 42 1 18 2 33 
43 24 
AQUIIII!!17 47 45 19 49 48 37 33 23 18 10 46 24 34 20 22 
AQUIIII!!17 47 45 19 49 48 37 33 23 18 10 46 24 34 20 22 
AQUIIII!!49 5 6 10 2 4 1 0 34 3 31 13 22 33 25 37 
AQUIIII!!49 48 18 45 0 37 33 19 47 22 23 34 25 10 46 20 
AQUIIII!!49 47 33 17 19 22 46 10 48 20 34 24 45 18 23 37 
AQUIIII!!49 37 19 47 46 45 23 20 34 22 10 17 24 48 33 18 
AQUIIII!!49 0 13 25 48 3 1 37 22 33 10 5 23 2 34 4 
AQUIIII!!47 15 17 48 45 18 23 24 34 37 16 33 46 19 22 20 
AQUIIII!!44 45 34 37 24 19 17 22 15 16 46 47 20 18 23 33 
AQUIIII!!48 49 46 10 25 1 22 0 37 23 45 2 13 34 47 33 
AQUIIII!!49 46 1 23 45 25 22 33 19 34 37 48 0 20 10 47 
AQUIIII!!49 46 AQUIIII!!10 18 17 45 47 17 20 46 45 47 22 10 24 24 34 33 37 34 18 20 19 49 23 37 33 22 48 
48 19 23 
Number of Cuts in the second phase:5246
Number of repeat: 5071 
Violation: 371.000000
Violation: 420.000000
Violation: 424.000000
Violation: 102.000000
Violation: 231.000000
Violation: 951.000000
Violation: 85.000000
Violation: 159.000000
Violation: 1207.000000
Violation: 140.000000
Violation: 375.000000
Violation: 598.000000
Violation: 745.000000
Violation: 85.000000
Violation: 333.000000
Violation: 750.000000
Violation: 418.000000
Violation: 1025.000000
Violation: 170.000000
Violation: 392.000000
Violation: 881.000000
Violation: 246.000000
Violation: 333.000000
Violation: 205.000000
Violation: 515.000000
Violation: 830.000000
Violation: 708.000000
Violation: 456.000000
Violation: 650.000000
Violation: 450.000000
Violation: 795.000000
Violation: 280.000000
Violation: 375.000000
Violation: 570.000000
Violation: 352.000000
Violation: 961.000000
Violation: 922.000000
Violation: 861.000000
Violation: 370.000000
Violation: 1064.000000
Violation: 375.000000
Violation: 550.000000
Violation: 655.000000
Violation: 1056.000000
Violation: 742.000000
Violation: 1052.000000
Violation: 390.000000
Violation: 462.000000
Violation: 1096.000000
Violation: 530.000000
Violation: 425.000000
Violation: 650.000000
Violation: 318.000000
Violation: 917.000000
Violation: 794.000000
Violation: 560.000000
Violation: 370.000000
Violation: 799.000000
Violation: 637.000000
Violation: 777.000000
Violation: 742.000000
Violation: 280.000000
Violation: 565.000000
Violation: 589.000000
Violation: 845.000000
Violation: 772.000000
Violation: 178.000000
Violation: 125.000000
Violation: 530.000000
Violation: 680.000000
Violation: 375.000000
Violation: 625.000000
Violation: 456.000000
Violation: 370.000000
Violation: 210.000000
Violation: 195.000000
Violation: 351.000000
Violation: 140.000000
Violation: 375.000000
Violation: 280.000000
Violation: 515.000000
Violation: 491.000000
Violation: 67.000000
Violation: 922.000000
Violation: 1207.000000
Violation: 510.000000
Violation: 492.000000
Violation: 195.000000
Violation: 522.000000
Violation: 750.000000
Violation: 418.000000
Violation: 245.000000
Violation: 1064.000000
Violation: 125.000000
Violation: 650.000000
Violation: 390.000000
Violation: 280.000000
Violation: 370.000000
Violation: 1590.000000
Violation: 385.000000
Violation: 516.000000
Violation: 495.000000
Violation: 1062.000000
Violation: 370.000000
Violation: 415.000000
Violation: 85.000000
Violation: 811.000000
Violation: 636.000000
Violation: 737.000000
Violation: 335.000000
Violation: 632.000000
Violation: 922.000000
Violation: 140.000000
Violation: 727.000000
Violation: 814.000000
Violation: 616.000000
Violation: 750.000000
Violation: 140.000000
Violation: 402.000000
Violation: 1120.000000
Violation: 175.000000
Violation: 280.000000
Violation: 112.000000
Violation: 737.000000
Violation: 750.000000
Violation: 777.000000
Violation: 240.000000
Violation: 33.000000
Violation: 175.000000
Violation: 745.000000
Violation: 34.000000
Violation: 280.000000
Violation: 745.000000
Violation: 499.000000
Violation: 560.000000
Violation: 636.000000
Violation: 545.000000
Violation: 462.000000
Violation: 462.000000
Violation: 1025.000000
Violation: 492.000000
Violation: 317.000000
Violation: 152.000000
Violation: 564.000000
Violation: 637.000000
Violation: 741.000000
Violation: 313.000000
Violation: 458.000000
Violation: 67.000000
Violation: 845.000000
Violation: 375.000000
Violation: 1492.000000
Violation: 1102.000000
Violation: 492.000000
Violation: 451.000000
Violation: 374.000000
Violation: 952.000000
Violation: 1096.000000
Violation: 672.000000
Violation: 385.000000
Violation: 315.000000
Violation: 655.000000
Violation: 848.000000
Violation: 655.000000
Violation: 852.000000
Violation: 140.000000
Violation: 280.000000
Violation: 1492.000000
Violation: 89.000000
Violation: 280.000000
Violation: 347.000000
Violation: 250.000000
Violation: 794.000000
Violation: 370.000000
Violation: 532.000000
took 3.881204
Optimize a model with 922 rows, 906 columns and 12291 nonzeros
Coefficient statistics:
  Matrix range     [1e+00, 4e+01]
  Objective range  [0e+00, 0e+00]
  Bounds range     [1e+00, 4e+01]
  RHS range        [1e+00, 1e+02]
Presolve removed 303 rows and 107 columns
Presolve time: 0.00s
Presolved: 619 rows, 799 columns, 10637 nonzeros

Iteration    Objective       Primal Inf.    Dual Inf.      Time
       0    0.0000000e+00   4.607505e+01   0.000000e+00      0s
     137    0.0000000e+00   0.000000e+00   0.000000e+00      0s

Solved in 137 iterations and 0.01 seconds
Optimal objective  0.000000000e+00
