j3017_4.mm_s0.txt
Academic license - for non-commercial use only
Read LP format model from file lp/j3017_4.mm.lp
Reading time = 0.01 seconds
: 351 rows, 906 columns, 9053 nonzeros
OKGPU
nThreads: 1024 , nBlocks: 12 
Number cuts generated in the phase 1: 13
Number of repeat: 0 
violation 714.000000
violation 695.000000
violation 185.000000
violation 585.000000
violation 236.000000
violation 674.000000
violation 674.000000
violation 782.000000
violation 423.000000
violation 27.000000
violation 198.000000
violation 402.000000
violation 750.000000
8592 16
4 14 36 9 21 6 19 37 36 49 3 55 23 54 53 26 51 49 58 

57 AQUIIII!!33 2 13 33 15 15 0 55 47 4 
34 14 AQUIIII!!5 18 9 52 37 44 AQUIIII!!1 54 23 56 36 36 27 23 16 AQUIIII!!47 6 6 52 59 50 51 8 21 34 48 50 
19 AQUIIII!!9 7 3 6 7 20 20 16 7 49 3 AQUIIII!!23 8 36 43 53 44 9 17 AQUIIII!!51 5 6 43 48 
51 AQUIIII!!53 4 10 37 34 3 9 36 AQUIIII!!3 54 AQUIIII!!51 10 48 10 3 18 19 26 1 2 33 3 26 18 AQUIIII!!17 20 17 49 36 9 34 31 9 49 23 4 6 5 36 54 3 3 51 17 16 20 AQUIIII!!7 54 8 
33 23 16 48 49 19 51 
53 5 56 AQUIIII!!23 17 23 8 10 5 48 51 5 AQUIIII!!10 AQUIIII!!44 36 4 54 23 18 44 16 51 
43 16 27 52 3 6 51 10 26 44 49 50 18 17 36 5 54 33 16 59 19 7 AQUIIII!!16 AQUIIII!!23 1 23 36 48 2 49 7 54 26 54 8 37 26 37 23 49 
6 53 43 17 48 6 10 2 8 57 6 7 4 16 50 36 
36 AQUIIII!!7 43 9 49 43 34 51 1 51 52 5 10 48 5 19 4 52 23 49 54 9 10 3 2 50 48 3 3 48 

51 20 AQUIIII!!23 54 31 17 17 34 7 26 26 4 
8 8 4 16 10 18 9 23 16 9 53 16 26 48 9 6 54 43 51 51 36 17 26 6 23 33 54 

3 26 18 17 23 
49 2 6 AQUIIII!!26 17 54 51 33 49 49 54 
3 
26 10 36 26 10 16 5 49 48 4 54 23 48 5 51 
10 54 10 5 9 
17 43 6 AQUIIII!!23 51 48 54 54 9 43 
2 23 3 26 7 4 51 54 4 6 
49 3 23 16 17 17 16 36 48 49 AQUIIII!!5 
54 43 7 3 20 33 49 9 52 10 3 
AQUIIII!!8 54 33 9 19 5 18 49 3 23 10 36 26 6 51 34 43 51 23 AQUIIII!!50 36 54 
7 23 16 3 48 20 17 6 8 
36 6 34 49 17 7 48 33 51 19 18 
AQUIIII!!54 6 8 49 23 3 AQUIIII!!7 0 26 47 9 14 16 34 17 13 37 51 21 43 12 36 56 10 15 48 38 
55 11 59 33 58 
AQUIIII!!47 0 14 13 58 38 11 34 33 21 57 37 55 12 53 15 
AQUIIII!!20 50 3 51 36 18 49 23 33 AQUIIII!!34 6 8 17 6 8 19 18 7 36 52 7 54 51 
26 31 23 10 16 AQUIIII!!48 53 3 AQUIIII!!57 54 19 7 49 23 
16 20 10 7 48 18 43 44 23 52 3 6 49 8 36 50 51 3 17 34 9 36 AQUIIII!!6 54 20 8 
26 50 54 3 
51 36 18 49 23 33 34 8 6 19 7 52 54 
AQUIIII!!54 33 50 48 49 20 19 51 8 7 23 36 18 3 6 34 
AQUIIII!!23 2 48 26 49 43 4 10 17 9 5 51 3 16 33 54 
AQUIIII!!19 6 20 3 44 7 36 8 34 53 23 18 50 54 51 52 
AQUIIII!!43 36 51 16 AQUIIII!!AQUIIII!!23 36 9 49 21 51 59 10 2 43 9 55 5 27 26 1 17 4 5 5 26 3 15 10 47 17 33 9 6 37 3 14 7 56 6 34 48 
23 54 16 
4 49 54 48 
AQUIIII!!49 36 10 17 3 5 26 6 48 4 23 16 51 9 43 54 
AQUIIII!!7 AQUIIII!!36 19 54 6 23 18 6 34 51 17 3 44 31 8 51 50 23 AQUIIII!!52 16 26 8 20 7 48 3 49 49 18 16 54 36 3 
34 23 19 36 10 7 48 53 6 
8 31 51 17 AQUIIII!!49 18 3 54 48 
54 9 23 16 17 2 10 5 51 43 33 4 26 
AQUIIII!!21 59 47 14 1 5 27 56 37 AQUIIII!!2 54 33 43 55 26 4 48 34 17 9 7 15 36 
10 6 5 3 51 23 16 9 49 
AQUIIII!!1 17 37 9 AQUIIII!!AQUIIII!!23 38 23 AQUIIII!!48 34 3 6 20 4 50 17 18 23 51 57 50 26 16 7 19 7 57 49 31 8 AQUIIII!!44 8 AQUIIII!!10 54 11 34 49 51 19 19 12 26 48 44 6 7 36 53 5 23 36 53 3 20 18 8 2 36 10 44 54 33 20 AQUIIII!!33 51 52 36 23 52 18 20 53 54 50 0 16 6 
8 AQUIIII!!34 
54 7 20 53 36 48 
18 58 51 3 51 7 52 34 50 49 19 18 
52 6 23 17 
34 48 6 AQUIIII!!8 18 10 12 33 0 36 16 51 15 3 36 7 38 3 8 14 9 23 57 54 6 19 37 
54 33 5 AQUIIII!!49 11 9 26 
34 16 3 13 17 17 58 51 43 47 3 54 21 10 
52 36 53 49 
AQUIIII!!6 AQUIIII!!18 5 23 6 48 AQUIIII!!3 19 43 20 51 8 23 18 6 7 17 50 48 26 7 7 19 49 54 57 18 36 44 
AQUIIII!!7 34 34 54 8 51 19 34 AQUIIII!!44 3 6 23 8 34 23 36 36 36 20 8 36 50 54 23 33 49 23 52 51 AQUIIII!!48 33 53 20 50 54 51 20 AQUIIII!!
50 18 7 
3 54 8 54 3 3 26 6 
8 33 18 6 10 52 8 23 3 20 26 31 52 18 7 49 36 19 17 18 7 49 16 34 51 17 36 53 19 23 6 
54 3 48 
49 10 31 16 54 6 
48 51 7 
AQUIIII!!54 16 17 7 18 48 23 AQUIIII!!36 54 31 20 3 36 26 34 6 57 51 53 49 23 8 6 10 50 
18 44 7 3 AQUIIII!!19 19 8 23 52 6 
52 18 7 53 50 57 36 44 34 8 3 20 54 
AQUIIII!!19 50 20 18 44 7 3 34 6 57 36 8 23 53 52 54 
AQUIIII!!49 54 7 19 51 23 48 36 18 33 3 8 6 20 17 34 
AQUIIII!!33 49 23 9 26 16 17 5 2 10 43 4 54 51 3 48 
AQUIIII!!36 34 17 3 7 51 8 48 6 23 33 20 18 19 54 49 
AQUIIII!!8 7 19 36 53 6 3 44 18 52 AQUIIII!!50 26 23 7 20 36 34 48 54 9 51 5 
3 23 6 17 43 49 10 51 16 54 
AQUIIII!!57 44 18 58 19 11 38 0 50 20 AQUIIII!!8 23 36 6 34 3 53 7 7 43 52 17 
51 10 AQUIIII!!26 57 16 44 5 18 9 36 58 49 19 48 11 38 54 0 
50 20 8 36 34 53 7 52 
AQUIIII!!20 7 19 6 52 8 23 3 50 51 53 34 44 36 18 54 
AQUIIII!!AQUIIII!!1 10 48 4 9 9 59 1 17 16 48 5 16 37 2 51 23 49 26 26 49 23 2 5 33 4 37 51 54 10 
33 17 
AQUIIII!!54 1 4 51 2 5 23 49 48 26 33 9 37 17 16 10 
AQUIIII!!48 3 49 23 AQUIIII!!36 17 19 54 34 6 23 10 36 26 6 16 18 9 48 17 31 51 16 4 51 7 5 49 43 8 
3 54 
AQUIIII!!49 54 10 16 2 1 48 23 9 51 26 37 17 4 5 33 
AQUIIII!!48 49 54 18 34 7 8 19 31 36 6 23 16 17 3 51 
AQUIIII!!48 3 49 5 17 AQUIIII!!9 8 10 53 16 52 33 57 26 20 4 19 51 18 54 54 2 3 23 7 43 50 
44 36 23 34 6 
AQUIIII!!7 33 18 23 AQUIIII!!8 50 49 12 3 53 19 34 52 34 18 36 36 6 38 50 19 20 33 51 11 AQUIIII!!54 59 8 
58 0 21 57 0 55 58 12 52 38 20 14 15 
37 56 47 13 11 34 33 
AQUIIII!!54 49 26 6 17 36 8 51 31 7 3 16 18 10 23 48 
AQUIIII!!54 49 26 6 17 36 8 51 31 7 3 16 18 10 23 48 
AQUIIII!!54 18 34 53 3 52 50 20 AQUIIII!!8 44 54 20 36 7 7 52 23 51 57 23 6 19 19 6 
34 8 49 33 AQUIIII!!50 36 18 9 26 3 23 36 7 
6 43 17 16 48 AQUIIII!!8 10 8 51 10 3 23 54 6 49 
49 26 7 9 16 3 17 AQUIIII!!43 36 51 8 48 16 36 31 54 26 AQUIIII!!
17 48 48 49 7 51 10 18 23 23 36 3 51 19 34 6 8 49 17 18 16 54 3 
6 7 31 54 
AQUIIII!!1 9 54 4 23 26 2 51 AQUIIII!!48 54 5 3 18 10 8 49 44 16 7 37 34 17 50 33 36 
52 23 57 AQUIIII!!54 6 48 53 16 4 19 2 20 1 33 
9 10 26 37 51 17 49 23 5 
AQUIIII!!48 3 49 5 17 9 10 16 33 26 4 51 54 2 23 43 
AQUIIII!!56 38 15 47 33 1 0 14 55 13 37 34 12 11 59 21 
AQUIIII!!3 17 48 23 33 2 26 51 5 49 AQUIIII!!9 54 23 4 20 16 44 10 52 43 53 18 54 7 
50 3 51 8 6 AQUIIII!!36 54 34 3 19 6 
17 43 7 23 36 49 48 8 10 26 9 51 16 
AQUIIII!!53 52 7 19 23 20 44 34 6 50 57 36 3 AQUIIII!!58 21 8 59 18 0 
11 12 55 33 13 38 15 1 56 37 14 34 47 
AQUIIII!!17 AQUIIII!!9 26 4 16 51 2 43 2 4 5 51 3 48 10 9 10 33 49 37 17 23 59 AQUIIII!!16 54 33 23 54 17 
7 5 16 26 48 9 1 3 49 48 23 5 49 26 36 
10 43 6 51 
AQUIIII!!1 35 27 9 2 4 56 55 5 37 33 16 47 10 59 AQUIIII!!21 AQUIIII!!54 
7 51 18 3 26 34 49 53 43 51 9 3 8 20 48 8 36 50 16 10 36 17 6 44 7 52 23 23 6 19 
54 
AQUIIII!!54 17 AQUIIII!!6 54 51 31 6 3 16 7 7 18 18 23 19 36 31 51 8 48 48 49 34 10 36 8 3 17 23 
26 AQUIIII!!49 54 AQUIIII!!16 51 
54 3 7 26 23 49 34 43 50 9 49 8 20 48 6 36 8 16 3 10 51 17 33 7 AQUIIII!!19 23 58 18 6 52 36 
20 48 33 
50 13 53 36 57 19 18 11 38 0 12 34 
AQUIIII!!59 AQUIIII!!21 54 37 51 6 56 16 15 7 11 18 23 12 19 33 31 34 8 48 55 49 13 34 36 47 3 14 17 0 
58 38 
AQUIIII!!49 51 54 16 4 6 9 23 17 3 36 5 10 48 26 43 
AQUIIII!!5 10 49 17 26 48 4 9 3 2 33 51 16 43 23 54 
AQUIIII!!36 53 7 51 54 52 19 18 34 3 6 8 50 23 20 44 
AQUIIII!!54 23 16 49 5 9 10 43 48 17 3 26 4 36 51 6 
AQUIIII!!54 36 18 19 51 3 6 33 34 17 8 48 23 7 20 49 
AQUIIII!!54 36 51 16 18 23 26 17 8 49 3 10 7 6 31 48 
AQUIIII!!54 10 51 26 17 2 23 16 1 5 48 49 9 37 33 4 
AQUIIII!!54 49 6 8 51 36 16 7 3 23 AQUIIII!!AQUIIII!!58 48 54 20 52 26 8 53 31 18 34 7 20 17 50 36 53 10 18 3 57 18 11 44 44 
8 23 19 52 38 0 7 
36 6 34 51 50 19 
AQUIIII!!58 20 AQUIIII!!52 53 54 34 7 7 50 49 36 19 18 57 8 11 AQUIIII!!51 44 54 8 31 49 19 36 38 6 18 0 8 
23 51 16 36 48 16 3 7 17 3 34 23 6 48 
26 31 17 10 18 
AQUIIII!!58 59 47 37 38 56 11 13 55 34 0 15 AQUIIII!!33 7 21 53 12 52 14 57 
20 8 18 58 6 11 36 50 34 19 44 22 
AQUIIII!!21 59 14 47 56 37 34 1 15 2 5 4 55 27 33 9 
AQUIIII!!54 18 49 6 7 3 34 8 23 AQUIIII!!33 54 19 17 52 10 51 49 50 6 36 16 20 7 
43 36 26 48 5 3 51 23 9 
AQUIIII!!54 9 3 48 23 17 5 26 2 33 10 16 43 49 51 4 
AQUIIII!!54 10 3 23 16 36 8 51 49 43 26 6 48 7 9 17 
AQUIIII!!1 48 2 23 26 17 37 49 33 51 16 5 4 10 54 9 
AQUIIII!!58 59 37 12 56 AQUIIII!!55 33 4 14 33 34 16 13 27 0 55 15 37 AQUIIII!!21 10 52 47 54 2 AQUIIII!!38 1 49 54 11 20 47 20 
8 5 49 34 23 56 19 36 9 3 6 35 7 8 59 6 7 21 18 AQUIIII!!50 
23 52 51 50 20 19 33 53 48 51 12 3 36 8 
18 34 33 50 34 58 
19 38 18 0 33 AQUIIII!!36 44 11 19 57 18 
6 34 7 3 51 50 36 8 23 AQUIIII!!54 49 51 53 54 20 17 52 4 
23 43 26 6 36 3 9 5 48 16 10 
AQUIIII!!52 54 49 20 8 34 19 3 7 6 18 23 50 33 51 36 
AQUIIII!!52 54 19 50 34 23 8 18 36 57 3 53 20 7 44 6 
AQUIIII!!54 7 34 23 49 48 3 33 20 6 51 19 18 17 8 36 
AQUIIII!!54 23 36 10 7 31 51 16 48 18 8 49 3 26 17 6 
AQUIIII!!54 51 7 23 26 43 16 8 3 6 36 49 9 17 48 10 
AQUIIII!!54 51 7 23 26 43 16 8 3 6 36 49 9 17 48 10 
AQUIIII!!10 7 6 26 3 23 36 16 9 48 17 51 43 8 54 49 
AQUIIII!!54 17 48 26 16 6 49 36 3 51 43 9 23 8 10 7 
AQUIIII!!54 23 33 3 49 18 20 AQUIIII!!8 54 34 5 6 48 50 51 19 52 9 7 33 51 3 36 23 
2 17 49 4 10 16 26 43 
AQUIIII!!49 54 AQUIIII!!5 48 9 51 48 AQUIIII!!43 54 10 43 5 36 6 16 7 17 49 48 36 26 51 26 17 18 9 51 23 6 16 4 17 7 6 34 3 3 10 3 36 23 54 19 

20 23 8 49 33 
AQUIIII!!51 33 36 52 50 23 19 3 34 18 7 20 AQUIIII!!6 7 49 53 8 52 54 6 
50 8 22 11 44 57 36 58 19 18 AQUIIII!!34 36 20 6 
3 23 50 49 8 33 54 18 20 19 34 7 52 51 
AQUIIII!!54 8 50 6 44 20 36 51 18 19 53 7 52 34 23 3 
AQUIIII!!54 16 18 19 17 36 6 31 51 23 49 48 7 8 34 3 
AQUIIII!!9 54 51 26 AQUIIII!!5 53 16 20 4 58 2 8 3 6 33 19 49 44 43 50 48 57 10 22 17 18 23 36 
11 34 7 52 
AQUIIII!!52 58 53 20 0 57 8 19 34 7 18 50 11 38 44 36 
AQUIIII!!54 51 17 9 2 23 33 3 48 5 43 16 4 10 49 26 
AQUIIII!!54 8 18 7 AQUIIII!!49 54 19 51 6 17 23 9 34 2 48 23 20 33 50 3 3 48 33 5 36 51 43 
16 4 10 49 26 
AQUIIII!!54 33 36 8 49 51 23 52 AQUIIII!!7 54 18 50 23 20 19 34 7 6 6 3 48 19 17 
49 33 34 18 51 36 20 8 3 
AQUIIII!!49 3 48 54 9 23 16 17 2 10 5 51 43 33 4 26 
AQUIIII!!54 23 33 AQUIIII!!49 51 3 49 48 6 54 9 48 23 36 16 8 17 2 18 10 19 5 17 51 43 20 33 3 4 26 7 
34 
AQUIIII!!6 3 8 34 17 49 19 48 16 31 18 36 23 7 54 51 
AQUIIII!!54 23 49 16 48 36 3 17 51 18 26 6 10 7 31 8 
AQUIIII!!54 3 17 36 48 8 19 23 49 6 7 51 34 18 31 16 
AQUIIII!!54 23 7 33 20 6 AQUIIII!!36 48 8 54 19 8 34 49 49 3 17 16 3 9 18 6 48 7 51 17 
43 36 23 10 26 51 
AQUIIII!!9 51 54 16 4 43 3 10 5 49 48 23 36 17 6 26 
AQUIIII!!3 7 54 50 52 53 51 34 20 23 18 19 6 36 8 44 
AQUIIII!!3 7 54 50 52 53 51 34 20 23 18 19 6 36 8 44 
AQUIIII!!3 7 54 50 52 53 51 34 20 23 18 19 6 36 8 44 
AQUIIII!!49 9 23 10 AQUIIII!!56 54 16 5 49 33 10 37 23 59 17 4 3 27 2 2 48 17 5 1 51 48 43 
33 9 4 16 26 
AQUIIII!!54 4 26 2 37 16 23 5 10 33 51 48 49 9 1 17 
AQUIIII!!54 48 6 17 16 AQUIIII!!43 49 54 9 49 51 3 10 AQUIIII!!23 23 54 36 17 49 26 3 2 7 2 5 23 10 48 5 
5 3 51 48 43 16 9 33 9 43 33 4 4 16 10 26 17 
51 26 
AQUIIII!!54 7 52 6 44 36 3 20 23 53 57 50 34 8 18 19 
AQUIIII!!AQUIIII!!54 48 54 6 17 16 16 7 43 49 6 9 3 51 3 31 23 36 49 26 17 7 5 23 10 36 
51 34 48 18 19 8 AQUIIII!!
54 49 2 23 5 3 48 16 9 43 33 4 10 17 51 26 
AQUIIII!!54 16 49 48 17 26 23 6 36 43 9 4 10 3 5 51 
AQUIIII!!9 51 54 48 49 5 4 26 6 10 43 16 17 3 23 36 
AQUIIII!!43 9 51 16 6 3 26 5 10 23 49 17 36 4 48 54 
AQUIIII!!51 54 17 34 36 16 49 7 23 48 31 6 19 3 18 8 
AQUIIII!!54 33 20 51 3 6 8 34 52 19 7 23 50 36 49 18 
AQUIIII!!7 53 52 6 50 8 22 11 44 57 36 58 19 18 34 20 
AQUIIII!!54 44 23 36 34 8 50 3 20 19 6 52 53 7 18 57 
AQUIIII!!54 36 6 AQUIIII!!50 54 19 20 44 6 18 18 8 53 23 44 53 8 52 3 34 23 20 50 57 34 3 36 7 51 
19 7 52 
AQUIIII!!54 7 23 6 3 52 34 51 53 8 20 44 19 36 50 18 
AQUIIII!!54 19 18 48 8 49 50 33 20 36 23 3 34 51 6 7 
AQUIIII!!54 6 8 34 18 7 36 19 52 33 23 AQUIIII!!54 50 31 3 48 51 23 20 36 49 8 
18 6 49 17 51 7 34 16 AQUIIII!!19 3 54 
34 19 36 23 7 31 6 16 17 49 8 51 48 3 18 
AQUIIII!!54 6 49 48 23 9 16 10 3 51 17 43 5 36 26 7 
AQUIIII!!21 59 15 14 56 34 38 47 11 12 13 1 37 AQUIIII!!0 53 55 52 33 3 
57 8 20 58 19 18 44 6 23 7 50 34 36 
AQUIIII!!21 59 38 1 47 34 12 13 56 14 55 2 15 33 4 37 
AQUIIII!!54 48 51 33 20 6 34 3 7 19 18 36 23 49 8 17 
AQUIIII!!52 20 53 8 50 57 34 38 18 0 19 58 7 11 36 44 
AQUIIII!!48 51 54 9 3 10 43 49 2 26 16 4 5 33 23 17 
AQUIIII!!54 20 34 7 8 23 44 52 18 50 36 3 51 19 53 6 
AQUIIII!!54 48 36 26 8 23 7 3 9 16 17 51 10 6 49 43 
AQUIIII!!54 48 36 26 8 23 7 3 9 16 17 51 10 6 49 43 
AQUIIII!!0 47 58 37 14 15 34 12 11 AQUIIII!!56 51 21 54 38 34 55 23 59 31 13 49 33 19 
3 6 16 18 17 7 8 48 36 
AQUIIII!!54 36 3 23 50 34 8 53 52 6 18 7 19 44 51 20 
AQUIIII!!54 23 7 18 36 19 20 34 33 8 51 50 49 3 6 52 
AQUIIII!!54 31 49 51 36 10 23 16 17 48 6 3 8 7 18 26 
AQUIIII!!52 58 20 36 50 34 8 3 57 53 19 7 6 44 18 23 AQUIIII!!
54 5 2 48 23 26 9 33 49 16 17 3 4 43 10 51 
AQUIIII!!7 53 52 6 50 8 22 11 44 57 36 58 19 18 34 20 
Number of Cuts in the second phase:6779
Number of repeat: 6121 
Violation: 585.000000
Violation: 293.000000
Violation: 551.000000
Violation: 570.000000
Violation: 176.000000
Violation: 293.000000
Violation: 216.000000
Violation: 106.000000
Violation: 1.000000
Violation: 570.000000
Violation: 293.000000
Violation: 92.000000
Violation: 402.000000
Violation: 696.000000
Violation: 92.000000
Violation: 93.000000
Violation: 313.000000
Violation: 124.000000
Violation: 500.000000
Violation: 934.000000
Violation: 673.000000
Violation: 348.000000
Violation: 103.000000
Violation: 121.000000
Violation: 296.000000
Violation: 641.000000
Violation: 390.000000
Violation: 269.000000
Violation: 54.000000
Violation: 491.000000
Violation: 839.000000
Violation: 551.000000
Violation: 428.000000
Violation: 510.000000
Violation: 293.000000
Violation: 93.000000
Violation: 606.000000
Violation: 399.000000
Violation: 278.000000
Violation: 296.000000
Violation: 348.000000
Violation: 1269.000000
Violation: 470.000000
Violation: 674.000000
Violation: 399.000000
Violation: 678.000000
Violation: 297.000000
Violation: 142.000000
Violation: 641.000000
Violation: 630.000000
Violation: 154.000000
Violation: 185.000000
Violation: 186.000000
Violation: 428.000000
Violation: 388.000000
Violation: 780.000000
Violation: 733.000000
Violation: 417.000000
Violation: 142.000000
Violation: 1268.000000
Violation: 76.000000
Violation: 798.000000
Violation: 586.000000
Violation: 298.000000
Violation: 305.000000
Violation: 212.000000
Violation: 1176.000000
Violation: 573.000000
Violation: 126.000000
Violation: 92.000000
Violation: 1064.000000
Violation: 574.000000
Violation: 570.000000
Violation: 194.000000
Violation: 92.000000
Violation: 480.000000
Violation: 94.000000
Violation: 312.000000
Violation: 954.000000
Violation: 733.000000
Violation: 196.000000
Violation: 1094.000000
Violation: 381.000000
Violation: 124.000000
Violation: 238.000000
Violation: 319.000000
Violation: 571.000000
Violation: 103.000000
Violation: 584.000000
Violation: 686.000000
Violation: 642.000000
Violation: 711.000000
Violation: 482.000000
Violation: 489.000000
Violation: 586.000000
Violation: 342.000000
Violation: 1668.000000
Violation: 1494.000000
Violation: 93.000000
Violation: 351.000000
Violation: 821.000000
Violation: 509.000000
Violation: 464.000000
Violation: 696.000000
Violation: 315.000000
Violation: 298.000000
Violation: 397.000000
Violation: 396.000000
Violation: 179.000000
Violation: 492.000000
Violation: 459.000000
Violation: 282.000000
Violation: 571.000000
Violation: 608.000000
Violation: 250.000000
Violation: 13.000000
Violation: 674.000000
Violation: 674.000000
Violation: 1097.000000
Violation: 371.000000
Violation: 543.000000
Violation: 306.000000
Violation: 278.000000
Violation: 386.000000
Violation: 594.000000
Violation: 642.000000
Violation: 656.000000
Violation: 571.000000
Violation: 1028.000000
Violation: 804.000000
Violation: 1315.000000
Violation: 674.000000
Violation: 355.000000
Violation: 1598.000000
Violation: 383.000000
Violation: 964.000000
Violation: 541.000000
Violation: 571.000000
Violation: 65.000000
Violation: 594.000000
Violation: 419.000000
Violation: 336.000000
Violation: 312.000000
Violation: 308.000000
Violation: 436.000000
Violation: 582.000000
Violation: 320.000000
Violation: 676.000000
Violation: 130.000000
Violation: 694.000000
Violation: 635.000000
Violation: 269.000000
Violation: 399.000000
Violation: 528.000000
Violation: 104.000000
Violation: 663.000000
Violation: 695.000000
Violation: 382.000000
Violation: 355.000000
Violation: 472.000000
Violation: 686.000000
Violation: 620.000000
Violation: 188.000000
Violation: 584.000000
Violation: 698.000000
Violation: 115.000000
Violation: 1250.000000
Violation: 157.000000
Violation: 866.000000
Violation: 1575.000000
Violation: 672.000000
Violation: 680.000000
Violation: 252.000000
Violation: 302.000000
Violation: 701.000000
Violation: 388.000000
Violation: 679.000000
Violation: 890.000000
Violation: 204.000000
Violation: 900.000000
Violation: 104.000000
Violation: 570.000000
Violation: 473.000000
Violation: 984.000000
Violation: 184.000000
Violation: 1000.000000
Violation: 436.000000
Violation: 385.000000
Violation: 881.000000
Violation: 1061.000000
Violation: 492.000000
Violation: 63.000000
Violation: 491.000000
Violation: 449.000000
Violation: 145.000000
Violation: 550.000000
Violation: 610.000000
Violation: 292.000000
Violation: 429.000000
Violation: 573.000000
Violation: 1114.000000
Violation: 5.000000
Violation: 193.000000
Violation: 346.000000
Violation: 407.000000
Violation: 301.000000
Violation: 527.000000
Violation: 692.000000
Violation: 192.000000
Violation: 459.000000
Violation: 702.000000
Violation: 348.000000
Violation: 283.000000
Violation: 199.000000
Violation: 656.000000
Violation: 500.000000
Violation: 686.000000
Violation: 233.000000
Violation: 393.000000
Violation: 202.000000
Violation: 142.000000
Violation: 477.000000
Violation: 668.000000
Violation: 278.000000
Violation: 248.000000
Violation: 168.000000
Violation: 543.000000
Violation: 389.000000
Violation: 1280.000000
Violation: 359.000000
Violation: 272.000000
Violation: 676.000000
Violation: 198.000000
Violation: 315.000000
Violation: 1186.000000
Violation: 326.000000
Violation: 1097.000000
Violation: 132.000000
Violation: 170.000000
Violation: 608.000000
Violation: 315.000000
Violation: 268.000000
Violation: 279.000000
Violation: 798.000000
Violation: 327.000000
Violation: 955.000000
Violation: 185.000000
Violation: 816.000000
Violation: 570.000000
Violation: 689.000000
Violation: 890.000000
Violation: 550.000000
Violation: 103.000000
Violation: 697.000000
Violation: 219.000000
Violation: 348.000000
Violation: 406.000000
Violation: 271.000000
Violation: 934.000000
Violation: 782.000000
Violation: 1076.000000
Violation: 384.000000
Violation: 850.000000
Violation: 409.000000
Violation: 654.000000
Violation: 180.000000
Violation: 711.000000
Violation: 788.000000
Violation: 281.000000
Violation: 212.000000
Violation: 412.000000
Violation: 440.000000
Violation: 1030.000000
Violation: 398.000000
Violation: 1505.000000
Violation: 429.000000
Violation: 641.000000
Violation: 562.000000
Violation: 195.000000
Violation: 55.000000
Violation: 276.000000
Violation: 1309.000000
Violation: 1667.000000
Violation: 605.000000
Violation: 610.000000
Violation: 883.000000
Violation: 899.000000
Violation: 888.000000
Violation: 750.000000
Violation: 124.000000
Violation: 198.000000
Violation: 826.000000
Violation: 298.000000
Violation: 185.000000
Violation: 442.000000
Violation: 1032.000000
Violation: 419.000000
Violation: 1361.000000
Violation: 1284.000000
Violation: 412.000000
Violation: 501.000000
Violation: 641.000000
Violation: 1.000000
Violation: 488.000000
Violation: 125.000000
Violation: 934.000000
Violation: 958.000000
Violation: 517.000000
Violation: 759.000000
Violation: 369.000000
Violation: 866.000000
Violation: 526.000000
Violation: 773.000000
Violation: 482.000000
Violation: 1043.000000
Violation: 657.000000
Violation: 176.000000
Violation: 486.000000
Violation: 1114.000000
Violation: 391.000000
Violation: 552.000000
Violation: 323.000000
Violation: 778.000000
Violation: 567.000000
Violation: 355.000000
Violation: 437.000000
Violation: 503.000000
Violation: 249.000000
Violation: 952.000000
Violation: 983.000000
Violation: 263.000000
Violation: 754.000000
Violation: 934.000000
Violation: 84.000000
Violation: 531.000000
Violation: 1505.000000
Violation: 260.000000
Violation: 390.000000
Violation: 1236.000000
Violation: 154.000000
Violation: 78.000000
Violation: 586.000000
Violation: 606.000000
Violation: 344.000000
Violation: 646.000000
Violation: 780.000000
Violation: 700.000000
Violation: 260.000000
Violation: 49.000000
Violation: 282.000000
Violation: 91.000000
Violation: 513.000000
Violation: 1478.000000
Violation: 1315.000000
Violation: 1179.000000
Violation: 577.000000
Violation: 448.000000
Violation: 358.000000
Violation: 112.000000
Violation: 280.000000
Violation: 770.000000
Violation: 561.000000
Violation: 1166.000000
Violation: 798.000000
Violation: 543.000000
Violation: 364.000000
Violation: 207.000000
Violation: 445.000000
Violation: 315.000000
Violation: 399.000000
Violation: 370.000000
Violation: 760.000000
Violation: 822.000000
Violation: 27.000000
Violation: 673.000000
Violation: 302.000000
Violation: 570.000000
Violation: 337.000000
Violation: 220.000000
Violation: 438.000000
Violation: 782.000000
Violation: 818.000000
Violation: 279.000000
Violation: 412.000000
Violation: 384.000000
Violation: 179.000000
Violation: 459.000000
Violation: 301.000000
Violation: 575.000000
Violation: 595.000000
Violation: 221.000000
Violation: 442.000000
Violation: 521.000000
Violation: 417.000000
Violation: 440.000000
Violation: 598.000000
Violation: 670.000000
Violation: 304.000000
Violation: 899.000000
Violation: 557.000000
Violation: 881.000000
Violation: 437.000000
Violation: 798.000000
Violation: 1886.000000
Violation: 778.000000
Violation: 583.000000
Violation: 649.000000
Violation: 437.000000
Violation: 196.000000
Violation: 189.000000
Violation: 49.000000
Violation: 1259.000000
Violation: 369.000000
Violation: 879.000000
Violation: 305.000000
Violation: 986.000000
Violation: 1022.000000
Violation: 143.000000
Violation: 701.000000
Violation: 788.000000
Violation: 305.000000
Violation: 1.000000
Violation: 158.000000
Violation: 1050.000000
Violation: 70.000000
Violation: 608.000000
Violation: 1252.000000
Violation: 806.000000
Violation: 172.000000
Violation: 121.000000
Violation: 98.000000
Violation: 574.000000
Violation: 248.000000
Violation: 515.000000
Violation: 1449.000000
Violation: 701.000000
Violation: 475.000000
Violation: 437.000000
Violation: 972.000000
Violation: 149.000000
Violation: 359.000000
Violation: 630.000000
Violation: 675.000000
Violation: 696.000000
Violation: 28.000000
Violation: 480.000000
Violation: 608.000000
Violation: 141.000000
Violation: 570.000000
Violation: 127.000000
Violation: 866.000000
Violation: 788.000000
Violation: 424.000000
Violation: 524.000000
Violation: 449.000000
Violation: 702.000000
Violation: 794.000000
Violation: 766.000000
Violation: 638.000000
Violation: 593.000000
Violation: 685.000000
Violation: 357.000000
Violation: 646.000000
Violation: 509.000000
Violation: 1091.000000
Violation: 783.000000
Violation: 596.000000
Violation: 866.000000
Violation: 296.000000
Violation: 1268.000000
Violation: 293.000000
Violation: 478.000000
Violation: 904.000000
Violation: 863.000000
Violation: 728.000000
Violation: 851.000000
Violation: 321.000000
Violation: 448.000000
Violation: 554.000000
Violation: 798.000000
Violation: 316.000000
Violation: 304.000000
Violation: 391.000000
Violation: 680.000000
Violation: 305.000000
Violation: 644.000000
Violation: 154.000000
Violation: 766.000000
Violation: 182.000000
Violation: 574.000000
Violation: 53.000000
Violation: 795.000000
Violation: 642.000000
Violation: 531.000000
Violation: 236.000000
Violation: 290.000000
Violation: 630.000000
Violation: 104.000000
Violation: 250.000000
Violation: 626.000000
Violation: 373.000000
Violation: 384.000000
Violation: 390.000000
Violation: 429.000000
Violation: 67.000000
Violation: 494.000000
Violation: 386.000000
Violation: 100.000000
Violation: 28.000000
Violation: 456.000000
Violation: 234.000000
Violation: 1076.000000
Violation: 419.000000
Violation: 643.000000
Violation: 206.000000
Violation: 527.000000
Violation: 32.000000
Violation: 71.000000
Violation: 426.000000
Violation: 703.000000
Violation: 388.000000
Violation: 246.000000
Violation: 1030.000000
Violation: 468.000000
Violation: 347.000000
Violation: 304.000000
Violation: 644.000000
Violation: 171.000000
Violation: 1048.000000
Violation: 144.000000
Violation: 821.000000
Violation: 493.000000
Violation: 92.000000
Violation: 159.000000
Violation: 572.000000
Violation: 488.000000
Violation: 1032.000000
Violation: 575.000000
Violation: 1480.000000
Violation: 676.000000
Violation: 405.000000
Violation: 653.000000
Violation: 879.000000
Violation: 667.000000
Violation: 404.000000
Violation: 284.000000
Violation: 727.000000
Violation: 832.000000
Violation: 128.000000
Violation: 268.000000
Violation: 768.000000
Violation: 574.000000
Violation: 461.000000
Violation: 676.000000
Violation: 422.000000
Violation: 531.000000
Violation: 653.000000
Violation: 411.000000
Violation: 445.000000
Violation: 91.000000
Violation: 769.000000
Violation: 328.000000
Violation: 503.000000
Violation: 361.000000
Violation: 783.000000
Violation: 607.000000
Violation: 365.000000
Violation: 394.000000
Violation: 1381.000000
Violation: 480.000000
Violation: 676.000000
Violation: 286.000000
Violation: 566.000000
Violation: 178.000000
Violation: 630.000000
Violation: 452.000000
Violation: 780.000000
Violation: 406.000000
Violation: 1282.000000
Violation: 573.000000
Violation: 185.000000
Violation: 840.000000
Violation: 1077.000000
Violation: 138.000000
Violation: 530.000000
Violation: 708.000000
Violation: 222.000000
Violation: 477.000000
Violation: 589.000000
Violation: 580.000000
Violation: 104.000000
Violation: 123.000000
Violation: 625.000000
Violation: 422.000000
Violation: 608.000000
Violation: 573.000000
Violation: 315.000000
Violation: 261.000000
Violation: 84.000000
Violation: 473.000000
Violation: 1194.000000
Violation: 852.000000
Violation: 416.000000
Violation: 169.000000
Violation: 963.000000
Violation: 70.000000
Violation: 1388.000000
Violation: 638.000000
Violation: 317.000000
Violation: 142.000000
Violation: 22.000000
Violation: 477.000000
Violation: 974.000000
Violation: 848.000000
Violation: 288.000000
Violation: 406.000000
Violation: 1253.000000
Violation: 83.000000
Violation: 390.000000
Violation: 339.000000
Violation: 394.000000
Violation: 738.000000
Violation: 534.000000
Violation: 66.000000
Violation: 111.000000
Violation: 608.000000
Violation: 577.000000
Violation: 820.000000
Violation: 269.000000
Violation: 668.000000
Violation: 402.000000
Violation: 327.000000
Violation: 304.000000
Violation: 202.000000
Violation: 268.000000
Violation: 93.000000
Violation: 546.000000
Violation: 99.000000
Violation: 249.000000
Violation: 951.000000
Violation: 1165.000000
Violation: 534.000000
Violation: 1174.000000
Violation: 676.000000
Violation: 642.000000
Violation: 300.000000
Violation: 359.000000
Violation: 94.000000
Violation: 2.000000
Violation: 386.000000
Violation: 856.000000
Violation: 24.000000
Violation: 703.000000
Violation: 1244.000000
Violation: 324.000000
Violation: 385.000000
Violation: 314.000000
Violation: 132.000000
8592 16
54 50 23 9 
6 50 4 48 36 17 34 18 16 33 33 51 54 23 8 AQUIIII!!48 26 54 54 

10 57 48 7 
3 50 20 36 19 52 44 34 18 8 53 6 23 
AQUIIII!!54 52 23 57 53 3 AQUIIII!!36 54 44 6 6 AQUIIII!!36 50 49 54 8 48 23 19 8 48 18 34 17 18 18 33 3 7 36 20 3 34 19 
20 6 50 51 49 19 20 7 51 23 33 
7 34 8 
AQUIIII!!54 49 6 36 43 5 3 9 4 17 16 AQUIIII!!59 51 21 23 34 26 56 10 12 48 33 
58 37 55 38 15 14 AQUIIII!!47 13 54 0 52 11 51 
6 44 18 36 50 20 7 AQUIIII!!53 51 19 1 3 48 8 54 34 26 23 2 
49 4 33 5 37 10 23 17 16 9 
AQUIIII!!51 1 48 54 26 AQUIIII!!2 53 49 52 4 8 33 58 5 18 37 36 10 7 23 19 17 44 16 3 9 50 
34 57 23 20 6 
AQUIIII!!16 9 10 43 23 26 4 3 51 5 6 AQUIIII!!17 56 49 15 48 38 36 4 54 14 
33 1 37 47 34 5 2 13 55 21 59 
AQUIIII!!54 9 36 AQUIIII!!26 6 54 51 18 4 8 49 34 17 33 43 17 48 3 6 23 10 23 19 5 48 16 51 
49 7 3 20 36 
AQUIIII!!48 49 17 10 6 8 36 16 3 7 AQUIIII!!18 49 23 7 31 10 26 23 51 3 54 17 
51 18 26 31 36 16 8 6 48 54 
AQUIIII!!54 26 17 9 48 1 23 49 5 10 51 33 37 2 4 16 
AQUIIII!!54 23 34 6 8 33 19 20 36 51 3 48 18 49 17 7 
AQUIIII!!31 26 7 49 8 10 6 51 36 18 23 3 17 16 54 48 
AQUIIII!!34 33 20 52 49 36 7 6 19 8 18 23 3 51 50 54 
AQUIIII!!10 16 9 43 26 3 49 6 23 5 36 48 7 51 17 AQUIIII!!54 26 
49 16 51 17 9 10 23 5 3 AQUIIII!!6 54 4 19 43 8 36 6 54 51 33 48 
20 50 AQUIIII!!18 7 54 3 52 34 9 23 51 36 23 49 10 3 16 
17 6 49 AQUIIII!!7 52 36 54 43 44 26 34 8 7 48 19 
36 8 51 AQUIIII!!AQUIIII!!3 8 47 51 23 23 53 0 19 20 37 34 6 33 18 50 20 2 33 18 15 36 
12 7 50 13 6 55 48 56 3 54 21 49 38 
59 34 14 1 
AQUIIII!!49 50 19 23 6 20 34 54 18 36 AQUIIII!!8 23 AQUIIII!!7 33 36 33 5 19 51 10 3 8 2 48 27 7 
16 23 56 33 59 20 49 51 17 37 18 AQUIIII!!4 6 54 9 3 48 33 50 1 6 48 
19 34 AQUIIII!!8 49 33 3 47 54 34 37 
21 49 14 7 34 18 13 0 50 12 51 55 36 56 48 38 11 20 15 23 58 
59 
AQUIIII!!8 51 23 19 34 18 20 33 36 7 50 6 48 3 54 49 AQUIIII!!
31 51 17 48 8 49 16 36 7 18 6 10 26 3 23 54 
AQUIIII!!54 48 36 8 31 17 18 AQUIIII!!7 59 51 21 6 13 49 0 10 12 16 3 14 55 26 37 23 
34 11 38 33 56 58 47 15 
AQUIIII!!51 7 36 6 16 9 10 8 43 17 26 23 3 54 48 49 
AQUIIII!!50 3 57 6 34 44 19 36 18 20 23 7 8 52 53 54 
AQUIIII!!54 19 18 31 51 6 7 36 17 3 8 23 16 34 49 48 
AQUIIII!!50 3 57 6 34 44 19 36 18 20 23 7 8 52 53 54 
AQUIIII!!AQUIIII!!49 54 3 AQUIIII!!7 20 19 53 33 51 58 3 44 36 19 36 7 23 6 34 20 11 AQUIIII!!34 57 6 9 8 51 8 22 4 19 50 7 3 6 20 18 36 48 18 48 33 2 52 49 
34 10 17 50 26 23 48 51 54 8 33 
18 43 
5 16 17 49 23 54 
AQUIIII!!54 7 49 34 23 19 8 3 16 AQUIIII!!17 34 7 48 17 6 36 31 48 51 16 18 AQUIIII!!49 36 34 23 AQUIIII!!
52 18 3 8 33 6 36 50 23 18 31 6 8 53 3 23 18 36 19 7 7 19 51 48 57 34 8 3 49 44 54 6 20 51 
50 20 54 19 
54 
AQUIIII!!AQUIIII!!23 54 33 3 7 48 6 AQUIIII!!16 51 54 AQUIIII!!34 50 19 19 17 49 34 31 16 8 17 33 7 36 23 7 9 19 7 8 3 34 8 6 49 3 18 48 43 18 6 23 AQUIIII!!48 48 51 17 49 23 20 51 49 54 6 54 36 34 36 10 
3 
19 36 49 51 26 18 23 8 20 17 54 
7 51 
16 36 48 6 18 8 3 31 
AQUIIII!!54 51 2 AQUIIII!!33 49 49 AQUIIII!!7 19 37 48 AQUIIII!!3 10 3 18 54 4 17 36 49 9 8 50 7 16 33 7 1 19 23 19 48 51 17 17 51 6 5 33 20 34 23 49 34 36 48 8 3 18 26 6 23 34 23 
48 33 20 54 6 54 
8 
36 51 20 18 
AQUIIII!!54 51 6 49 34 3 19 7 33 52 8 23 36 AQUIIII!!20 54 18 AQUIIII!!23 50 33 48 
48 49 51 19 19 6 6 8 17 34 36 20 7 23 31 18 8 7 49 3 17 51 36 34 3 18 54 
16 
AQUIIII!!36 16 AQUIIII!!7 6 54 26 49 7 10 17 19 AQUIIII!!17 43 54 23 33 16 17 34 9 5 48 3 36 23 49 48 48 8 4 6 3 23 8 43 54 9 36 51 49 51 
6 20 26 18 3 
10 51 
AQUIIII!!54 51 6 49 34 3 19 7 33 52 8 23 36 20 18 50 
AQUIIII!!36 16 7 6 26 10 17 43 23 9 48 49 8 3 54 51 
AQUIIII!!8 7 51 44 50 36 23 18 34 19 20 6 AQUIIII!!53 48 52 16 54 17 3 33 
5 2 23 49 37 4 1 10 26 9 54 51 
AQUIIII!!54 AQUIIII!!33 54 34 6 51 48 50 9 6 AQUIIII!!3 54 17 19 33 23 18 AQUIIII!!3 52 51 54 7 52 3 4 8 50 20 49 48 53 49 34 26 23 36 8 23 43 7 3 
23 43 26 19 16 17 20 36 36 9 57 8 49 7 10 16 18 
44 5 6 10 
51 AQUIIII!!2 14 
47 56 34 33 15 0 55 1 37 13 11 12 38 21 59 
AQUIIII!!54 44 7 34 52 8 20 19 6 18 50 36 23 57 3 53 
AQUIIII!!48 1 49 27 23 59 37 16 10 56 4 AQUIIII!!33 9 51 2 10 5 3 17 
23 33 9 26 5 4 16 2 43 17 49 48 54 
AQUIIII!!AQUIIII!!4 10 23 49 57 1 7 AQUIIII!!17 22 54 2 8 48 51 3 51 16 36 9 48 52 26 8 53 10 37 43 9 34 6 33 18 3 23 6 26 5 20 36 54 19 17 AQUIIII!!
50 6 49 54 54 16 48 
8 7 7 23 49 9 
17 10 16 26 51 23 43 3 36 
AQUIIII!!13 0 56 37 55 14 58 38 34 47 AQUIIII!!33 54 AQUIIII!!11 18 34 AQUIIII!!8 15 3 10 6 4 50 12 7 6 23 59 53 17 19 52 21 7 51 57 
20 5 53 AQUIIII!!44 44 26 AQUIIII!!54 19 54 18 49 49 50 16 8 33 26 34 48 48 20 51 36 43 17 52 7 23 48 16 23 36 6 3 9 3 6 51 54 3 7 17 36 
2 10 3 
8 54 AQUIIII!!10 16 
6 43 31 54 23 26 9 48 18 36 8 8 
7 51 49 23 9 49 17 AQUIIII!!10 AQUIIII!!
54 16 54 18 26 48 34 51 51 19 23 23 9 43 33 8 3 36 AQUIIII!!10 36 8 59 
43 51 21 49 12 6 13 48 3 2 6 38 26 20 56 3 36 37 7 17 1 AQUIIII!!17 47 49 
54 14 16 7 0 6 15 7 16 34 23 3 33 
43 55 49 
10 36 8 9 48 26 51 17 23 
AQUIIII!!54 AQUIIII!!49 54 26 52 51 34 17 33 48 20 6 36 3 23 7 50 10 19 8 7 16 8 43 49 51 23 9 6 3 36 18 

AQUIIII!!54 48 51 9 8 10 43 6 3 26 36 17 49 16 7 23 
AQUIIII!!54 52 34 33 20 36 23 50 19 7 8 49 51 6 3 18 
AQUIIII!!6 54 7 8 3 43 48 26 49 36 16 23 17 10 9 51 
AQUIIII!!54 4 51 37 17 48 10 1 2 AQUIIII!!23 54 16 50 33 6 49 7 5 18 26 44 9 53 
52 3 19 36 23 34 8 51 20 
AQUIIII!!51 54 6 36 26 17 16 9 49 48 3 43 23 10 4 5 
AQUIIII!!8 3 49 17 7 48 23 26 9 10 43 36 51 6 16 54 
AQUIIII!!10 33 37 27 4 35 9 1 55 AQUIIII!!47 3 16 52 56 2 18 5 6 21 51 59 
7 36 33 50 19 23 8 34 49 20 54 AQUIIII!!
10 33 48 16 37 17 26 1 5 9 49 AQUIIII!!4 16 51 43 2 36 23 26 54 48 
3 5 10 51 9 AQUIIII!!23 54 17 7 7 36 49 20 19 6 53 54 34 
57 50 AQUIIII!!6 54 52 18 8 20 23 33 18 19 3 8 44 
48 6 3 7 49 AQUIIII!!36 54 23 6 17 23 34 18 51 7 
3 49 51 19 48 8 36 17 20 AQUIIII!!33 48 34 6 
3 8 49 19 36 34 23 31 7 51 17 16 18 54 
AQUIIII!!54 43 51 49 26 36 10 5 4 17 23 6 3 48 16 9 
AQUIIII!!34 18 50 49 6 33 36 51 8 19 20 23 52 3 7 54 
AQUIIII!!7 54 3 48 6 49 36 8 10 26 18 51 23 16 17 31 
AQUIIII!!54 3 7 18 8 23 20 19 34 36 50 52 51 53 44 6 
AQUIIII!!23 33 10 5 48 26 2 16 17 4 9 3 43 49 51 54 
AQUIIII!!48 5 26 23 33 2 49 17 1 4 10 37 16 9 51 54 
AQUIIII!!1 48 10 9 5 23 33 49 16 4 27 59 17 2 56 37 
AQUIIII!!54 3 18 AQUIIII!!23 AQUIIII!!50 36 3 AQUIIII!!44 44 17 54 51 8 3 53 31 7 20 20 18 16 50 7 23 7 36 26 18 6 10 43 6 8 51 34 23 16 23 19 6 8 19 52 7 
36 34 49 26 48 52 48 9 53 54 17 8 
36 49 54 51 51 3 
6 10 
AQUIIII!!49 54 5 4 43 AQUIIII!!9 51 8 48 3 23 36 2 26 31 10 18 33 17 19 3 6 16 7 
48 49 51 16 17 23 34 54 
AQUIIII!!54 52 51 6 44 18 36 50 20 7 53 19 3 8 34 23 
AQUIIII!!54 52 51 6 44 18 36 50 20 7 53 19 3 8 34 23 
AQUIIII!!48 54 10 49 51 43 7 AQUIIII!!17 54 6 3 23 18 26 7 16 36 36 34 3 51 5 52 9 20 
23 33 50 6 49 8 19 
AQUIIII!!54 52 51 6 44 18 36 50 20 7 53 19 3 8 34 23 
AQUIIII!!53 3 52 18 6 44 8 23 50 34 7 20 19 36 58 57 
AQUIIII!!21 59 15 38 47 2 12 14 55 1 33 4 56 13 37 34 
AQUIIII!!51 54 34 20 33 8 50 19 36 7 23 6 48 3 49 18 AQUIIII!!
54 3 10 48 51 26 49 43 6 23 36 17 5 9 16 7 
AQUIIII!!59 21 56 12 14 33 1 38 55 13 15 0 37 11 47 34 
AQUIIII!!55 2 37 15 27 35 33 5 1 47 56 9 4 10 59 21 
AQUIIII!!54 23 36 6 7 48 26 16 43 49 10 51 3 9 AQUIIII!!8 17 23 49 
3 36 33 8 34 18 7 AQUIIII!!50 51 20 54 19 23 AQUIIII!!48 49 54 51 26 36 6 5 8 54 10 51 
3 7 17 10 48 16 6 31 36 48 7 17 16 49 43 26 9 6 
18 3 23 
AQUIIII!!9 54 51 43 49 16 6 3 26 48 36 8 7 23 10 17 
AQUIIII!!8 18 AQUIIII!!20 54 7 23 51 6 19 3 23 10 50 48 6 26 34 36 36 4 48 16 49 51 3 49 33 17 54 9 
5 43 
AQUIIII!!49 54 6 48 7 16 17 26 AQUIIII!!36 48 51 6 3 36 34 8 8 10 31 23 31 23 49 18 18 17 
3 19 51 7 16 54 
AQUIIII!!18 23 34 6 48 49 8 16 7 17 36 31 51 3 19 54 
AQUIIII!!53 54 20 6 34 23 19 8 57 36 50 52 18 3 7 44 
AQUIIII!!3 6 8 17 16 18 49 48 51 7 10 31 26 23 36 54 
AQUIIII!!26 9 2 51 54 23 33 10 16 37 4 17 5 48 1 49 
AQUIIII!!26 9 2 51 54 23 33 10 16 37 4 17 5 48 1 49 
AQUIIII!!54 49 18 34 3 19 50 6 8 7 20 48 36 51 23 33 
AQUIIII!!5 1 27 56 4 9 55 15 34 47 37 2 14 AQUIIII!!33 54 21 49 59 18 
34 3 19 50 6 8 7 20 48 36 51 23 33 
AQUIIII!!54 33 6 8 18 51 20 19 34 49 3 17 36 23 7 48 
AQUIIII!!51 48 54 16 19 23 49 18 6 36 17 7 8 31 3 34 
AQUIIII!!54 34 50 20 52 6 44 19 53 23 7 36 8 3 18 51 
AQUIIII!!51 54 10 17 4 2 16 5 49 23 48 9 26 37 1 33 
AQUIIII!!54 36 48 23 43 10 51 16 17 6 26 49 9 3 7 8 
AQUIIII!!54 20 19 49 36 50 34 18 8 48 51 7 33 6 3 23 
AQUIIII!!20 52 58 50 8 18 22 53 34 7 19 57 44 6 11 36 
AQUIIII!!54 34 53 23 6 44 50 18 7 52 8 19 3 20 36 51 
AQUIIII!!54 23 48 16 26 6 8 51 9 36 49 7 43 17 3 10 
AQUIIII!!54 34 20 57 52 3 19 44 8 36 50 7 23 6 18 53 
AQUIIII!!51 54 23 9 48 43 16 7 36 49 8 10 26 AQUIIII!!17 51 6 54 3 8 
50 19 44 34 53 7 52 36 3 6 18 20 23 
AQUIIII!!49 48 54 51 17 7 AQUIIII!!20 48 36 51 23 54 33 17 34 6 5 19 49 18 23 3 10 8 26 6 3 
36 9 43 16 4 
AQUIIII!!49 48 54 51 AQUIIII!!17 7 53 20 52 36 8 23 50 33 36 34 20 19 6 18 58 3 8 19 6 3 
23 7 18 34 57 44 
AQUIIII!!48 AQUIIII!!49 54 3 51 7 AQUIIII!!16 3 54 9 8 36 36 17 34 44 49 7 54 AQUIIII!!50 52 6 20 54 8 6 48 43 3 33 23 10 33 23 5 18 50 26 6 16 
36 51 23 17 19 51 37 19 34 7 26 
AQUIIII!!20 51 54 18 16 48 26 8 10 17 53 23 6 49 
1 43 49 AQUIIII!!9 4 54 36 10 2 4 5 9 10 23 
9 4 3 26 48 2 51 43 
5 AQUIIII!!49 54 16 33 19 48 18 51 6 3 50 23 8 17 
23 3 34 52 53 7 57 44 20 36 
AQUIIII!!54 20 23 19 3 8 49 33 6 7 36 51 34 18 48 50 
AQUIIII!!48 51 54 26 37 9 17 4 1 16 2 49 33 23 5 10 AQUIIII!!
AQUIIII!!54 48 53 17 52 16 23 8 51 58 9 7 18 36 36 3 26 7 49 19 6 8 44 43 3 10 50 
34 57 23 20 6 
AQUIIII!!54 7 18 3 10 17 31 51 6 26 8 36 48 49 23 16 
AQUIIII!!48 51 9 49 54 AQUIIII!!23 54 16 7 4 6 26 8 17 49 10 51 AQUIIII!!19 5 54 36 36 48 17 33 43 16 34 3 23 20 51 6 9 23 
7 17 36 3 48 26 3 49 18 6 8 
43 10 
AQUIIII!!54 7 6 8 49 51 19 36 33 34 20 23 17 48 3 18 
AQUIIII!!54 7 6 8 49 51 19 36 33 34 20 23 17 48 3 18 
AQUIIII!!54 36 26 7 51 23 17 5 6 3 10 16 49 48 43 9 
AQUIIII!!54 19 18 AQUIIII!!8 54 51 16 3 3 26 49 51 36 8 31 23 6 16 10 23 49 AQUIIII!!43 48 54 36 51 17 7 34 48 53 7 17 3 9 7 6 
50 34 20 18 
23 8 6 52 36 19 44 
AQUIIII!!52 49 54 6 51 3 23 8 20 19 18 33 36 AQUIIII!!50 54 7 18 34 3 
52 7 44 23 57 AQUIIII!!34 54 51 8 34 36 53 3 19 7 53 50 20 20 18 6 23 8 50 6 
52 36 AQUIIII!!19 48 44 1 
37 49 23 17 56 2 4 16 9 5 27 10 33 59 
AQUIIII!!48 54 49 23 8 6 50 18 33 34 20 3 19 7 36 51 
AQUIIII!!48 54 49 23 8 6 50 18 33 34 20 3 19 7 36 51 
AQUIIII!!53 52 54 23 36 3 50 20 19 6 44 8 34 7 18 57 
AQUIIII!!54 36 26 49 10 6 5 AQUIIII!!23 51 54 3 6 43 17 8 9 19 48 AQUIIII!!16 54 33 4 
51 49 26 3 36 34 4 17 3 36 9 18 6 5 51 16 23 23 48 43 20 17 7 48 AQUIIII!!49 
54 10 
7 9 8 23 6 48 49 16 3 43 26 17 10 51 36 
AQUIIII!!18 48 51 19 3 31 23 36 6 49 AQUIIII!!7 53 3 34 52 8 7 44 17 19 16 34 54 18 36 
8 57 50 58 23 6 AQUIIII!!20 
54 51 26 36 4 3 9 6 5 16 23 43 17 48 49 10 
AQUIIII!!21 59 35 1 4 33 5 56 2 10 37 55 9 47 16 27 
AQUIIII!!54 8 7 23 AQUIIII!!17 43 48 49 6 10 3 49 51 9 16 3 9 36 36 51 17 16 7 54 48 6 26 
8 43 10 23 26 
AQUIIII!!54 7 34 53 23 20 51 52 50 18 3 8 AQUIIII!!AQUIIII!!36 54 44 48 54 6 7 19 51 17 
6 34 49 23 3 33 8 48 3 18 36 50 49 34 36 51 19 20 7 
16 8 31 19 6 23 18 
AQUIIII!!54 48 7 51 6 49 23 33 8 3 18 50 34 36 19 20 
AQUIIII!!54 48 AQUIIII!!23 51 49 54 10 36 16 19 AQUIIII!!9 34 47 3 0 6 36 14 23 43 21 48 51 56 7 7 13 20 5 58 49 6 38 17 26 33 3 17 15 8 
37 33 12 18 34 
55 AQUIIII!!57 54 11 8 
6 53 AQUIIII!!54 50 10 20 9 52 49 36 17 3 3 26 34 6 44 48 7 51 57 36 19 4 23 43 23 18 5 
16 
AQUIIII!!54 48 23 49 AQUIIII!!10 52 16 58 9 53 3 20 36 33 43 14 51 11 7 12 5 34 6 57 26 15 17 38 
50 0 36 13 
AQUIIII!!54 51 6 17 10 43 7 3 23 49 9 26 16 48 8 36 
AQUIIII!!51 54 43 10 49 16 3 9 17 36 26 6 8 7 48 23 
AQUIIII!!54 51 6 17 10 43 7 3 23 49 9 26 16 48 8 36 
AQUIIII!!59 21 13 47 38 1 56 4 15 33 34 12 55 14 37 2 
AQUIIII!!54 51 4 37 10 9 23 49 33 48 5 16 1 17 26 2 
AQUIIII!!54 51 4 37 10 9 23 49 33 48 5 16 1 17 26 2 
AQUIIII!!54 34 23 31 19 3 49 8 18 6 48 7 36 17 16 51 
AQUIIII!!54 51 48 7 49 8 18 6 3 19 33 20 34 36 23 50 
AQUIIII!!3 48 51 8 18 10 49 31 26 23 54 6 7 16 17 36 
AQUIIII!!53 54 6 50 51 34 19 23 18 20 52 8 44 3 7 36 
AQUIIII!!49 54 33 36 51 8 19 34 7 6 23 17 48 18 3 20 
AQUIIII!!54 16 4 51 10 26 36 AQUIIII!!23 21 5 59 49 34 3 1 6 56 17 5 43 4 9 47 48 2 
33 55 14 15 38 37 13 
Number of Cuts in the second phase:6763
Number of repeat: 6474 
Violation: 220.000000
Violation: 507.000000
Violation: 80.000000
Violation: 890.000000
Violation: 356.000000
Violation: 946.000000
Violation: 885.000000
Violation: 138.000000
Violation: 594.000000
Violation: 418.000000
Violation: 149.000000
Violation: 500.000000
Violation: 863.000000
Violation: 690.000000
Violation: 220.000000
Violation: 247.000000
Violation: 280.000000
Violation: 88.000000
Violation: 710.000000
Violation: 650.000000
Violation: 424.000000
Violation: 312.000000
Violation: 1144.000000
Violation: 513.000000
Violation: 343.000000
Violation: 782.000000
Violation: 486.000000
Violation: 572.000000
Violation: 460.000000
Violation: 296.000000
Violation: 409.000000
Violation: 312.000000
Violation: 225.000000
Violation: 690.000000
Violation: 92.000000
Violation: 886.000000
Violation: 365.000000
Violation: 515.000000
Violation: 577.000000
Violation: 794.000000
Violation: 315.000000
Violation: 1636.000000
Violation: 493.000000
Violation: 677.000000
Violation: 530.000000
Violation: 431.000000
Violation: 249.000000
Violation: 281.000000
Violation: 535.000000
Violation: 586.000000
Violation: 515.000000
Violation: 227.000000
Violation: 738.000000
Violation: 557.000000
Violation: 139.000000
Violation: 856.000000
Violation: 954.000000
Violation: 380.000000
Violation: 602.000000
Violation: 1141.000000
Violation: 249.000000
Violation: 1649.000000
Violation: 171.000000
Violation: 827.000000
Violation: 216.000000
Violation: 315.000000
Violation: 753.000000
Violation: 557.000000
Violation: 459.000000
Violation: 315.000000
Violation: 137.000000
Violation: 54.000000
Violation: 424.000000
Violation: 166.000000
Violation: 196.000000
Violation: 315.000000
Violation: 805.000000
Violation: 608.000000
Violation: 624.000000
Violation: 239.000000
Violation: 532.000000
Violation: 436.000000
Violation: 1084.000000
Violation: 156.000000
Violation: 485.000000
Violation: 407.000000
Violation: 363.000000
Violation: 411.000000
Violation: 56.000000
Violation: 370.000000
Violation: 581.000000
Violation: 872.000000
Violation: 22.000000
Violation: 102.000000
Violation: 684.000000
Violation: 19.000000
Violation: 312.000000
Violation: 438.000000
Violation: 198.000000
Violation: 873.000000
Violation: 244.000000
Violation: 278.000000
Violation: 660.000000
Violation: 436.000000
Violation: 112.000000
Violation: 395.000000
Violation: 80.000000
Violation: 872.000000
Violation: 209.000000
Violation: 395.000000
Violation: 710.000000
Violation: 574.000000
Violation: 695.000000
Violation: 554.000000
Violation: 190.000000
Violation: 369.000000
Violation: 528.000000
Violation: 32.000000
Violation: 250.000000
Violation: 267.000000
Violation: 679.000000
Violation: 503.000000
Violation: 92.000000
Violation: 397.000000
Violation: 173.000000
Violation: 1315.000000
Violation: 218.000000
Violation: 286.000000
Violation: 487.000000
Violation: 208.000000
Violation: 420.000000
Violation: 590.000000
Violation: 750.000000
Violation: 755.000000
Violation: 427.000000
Violation: 271.000000
Violation: 363.000000
Violation: 567.000000
Violation: 684.000000
Violation: 173.000000
Violation: 698.000000
Violation: 76.000000
Violation: 456.000000
Violation: 696.000000
Violation: 1505.000000
Violation: 630.000000
Violation: 1473.000000
Violation: 391.000000
Violation: 1367.000000
Violation: 1760.000000
Violation: 210.000000
Violation: 409.000000
Violation: 661.000000
Violation: 85.000000
Violation: 468.000000
Violation: 287.000000
Violation: 364.000000
Violation: 32.000000
Violation: 480.000000
Violation: 974.000000
Violation: 493.000000
Violation: 1235.000000
Violation: 222.000000
Violation: 650.000000
Violation: 279.000000
Violation: 91.000000
Violation: 667.000000
Violation: 655.000000
Violation: 770.000000
Violation: 372.000000
Violation: 383.000000
Violation: 706.000000
Violation: 184.000000
Violation: 615.000000
Violation: 199.000000
Violation: 224.000000
Violation: 661.000000
Violation: 203.000000
Violation: 229.000000
Violation: 736.000000
Violation: 1149.000000
Violation: 472.000000
Violation: 394.000000
Violation: 468.000000
Violation: 921.000000
Violation: 488.000000
Violation: 302.000000
Violation: 494.000000
Violation: 382.000000
Violation: 517.000000
Violation: 488.000000
Violation: 484.000000
Violation: 1505.000000
Violation: 426.000000
Violation: 408.000000
Violation: 699.000000
Violation: 701.000000
Violation: 744.000000
Violation: 387.000000
Violation: 327.000000
Violation: 403.000000
Violation: 597.000000
Violation: 312.000000
Violation: 32.000000
Violation: 114.000000
Violation: 194.000000
Violation: 788.000000
Violation: 372.000000
Violation: 806.000000
Violation: 570.000000
Violation: 890.000000
Violation: 696.000000
Violation: 263.000000
Violation: 502.000000
Violation: 492.000000
Violation: 303.000000
Violation: 505.000000
Violation: 462.000000
Violation: 161.000000
Violation: 515.000000
Violation: 908.000000
Violation: 384.000000
Violation: 119.000000
Violation: 37.000000
Violation: 412.000000
Violation: 820.000000
Violation: 1187.000000
Violation: 760.000000
Violation: 105.000000
Violation: 419.000000
Violation: 78.000000
Violation: 88.000000
Violation: 488.000000
Violation: 1304.000000
Violation: 196.000000
Violation: 445.000000
Violation: 348.000000
Violation: 926.000000
Violation: 1022.000000
Violation: 842.000000
Violation: 677.000000
Violation: 284.000000
Violation: 136.000000
Violation: 689.000000
Violation: 563.000000
Violation: 552.000000
Violation: 70.000000
Violation: 664.000000
Violation: 964.000000
Violation: 120.000000
Violation: 284.000000
Violation: 1114.000000
Violation: 1018.000000
Violation: 588.000000
Violation: 48.000000
Violation: 239.000000
Violation: 302.000000
Violation: 81.000000
Violation: 223.000000
Violation: 328.000000
Violation: 251.000000
Violation: 174.000000
Violation: 2.000000
Violation: 1362.000000
Violation: 675.000000
Violation: 260.000000
Violation: 327.000000
Violation: 601.000000
Violation: 179.000000
Violation: 54.000000
Violation: 505.000000
Violation: 596.000000
Violation: 444.000000
Violation: 660.000000
Violation: 284.000000
Violation: 422.000000
Violation: 794.000000
Violation: 1148.000000
Violation: 585.000000
Violation: 48.000000
Violation: 1329.000000
Violation: 110.000000
Violation: 684.000000
Violation: 328.000000
Violation: 420.000000
Violation: 514.000000
Violation: 408.000000
Violation: 788.000000
Violation: 425.000000
816 16
AQUIIII!!8 53 52 12 33 57 58 0 20 36 34 11 18 19 50 38 
AQUIIII!!19 52 7 18 8 AQUIIII!!34 36 50 33 33 18 51 48 6 3 34 20 50 23 3 36 49 49 6 54 19 
7 8 23 20 51 54 
AQUIIII!!AQUIIII!!17 49 20 36 AQUIIII!!34 51 5 7 19 3 51 50 26 23 7 43 33 8 23 36 6 3 51 18 18 17 48 49 7 34 48 49 23 8 10 3 19 6 20 6 36 33 54 16 54 
9 
54 48 
AQUIIII!!54 53 19 36 23 57 7 6 3 18 50 44 8 34 20 52 
AQUIIII!!17 26 8 3 43 48 51 16 36 23 10 9 7 6 49 54 
AQUIIII!!20 50 8 57 23 6 34 36 54 7 44 18 19 52 53 3 
AQUIIII!!6 34 20 36 51 23 19 8 54 50 18 44 7 52 53 3 
AQUIIII!!23 16 6 7 10 48 8 3 26 31 18 17 49 36 51 54 
AQUIIII!!17 26 8 3 43 48 51 16 36 23 10 9 7 6 49 54 
AQUIIII!!54 8 20 57 19 44 34 18 36 50 7 53 52 6 23 3 
AQUIIII!!54 34 8 36 6 50 19 20 23 18 49 48 7 51 33 3 
AQUIIII!!51 6 3 36 8 23 7 10 26 31 18 49 17 48 16 54 
AQUIIII!!54 6 10 51 48 31 16 23 7 26 49 8 18 36 3 17 
AQUIIII!!53 52 19 18 20 6 50 51 8 34 23 3 44 7 36 54 
AQUIIII!!51 6 3 36 8 23 7 10 26 31 18 49 17 48 16 54 
AQUIIII!!54 7 36 50 18 34 20 19 8 23 57 52 6 44 53 3 
AQUIIII!!48 54 26 10 23 9 49 16 2 33 37 51 17 4 1 5 
AQUIIII!!49 20 18 17 19 48 36 51 23 34 33 3 6 54 8 7 
AQUIIII!!43 9 51 26 54 10 23 49 36 6 3 16 17 8 7 48 
AQUIIII!!54 43 10 9 5 23 16 49 17 3 48 26 51 36 4 6 
AQUIIII!!54 19 44 8 34 52 50 20 36 23 53 18 7 57 3 6 
AQUIIII!!23 52 19 51 33 7 18 49 8 20 3 50 36 34 6 54 
AQUIIII!!54 17 26 36 16 23 6 49 9 43 3 48 5 51 7 10 
AQUIIII!!3 43 17 10 4 23 2 51 16 5 49 9 33 26 54 48 
AQUIIII!!8 53 52 12 33 57 58 0 20 36 34 11 18 19 50 38 
AQUIIII!!54 43 49 9 48 36 10 26 51 4 16 5 17 23 3 6 
AQUIIII!!51 3 48 26 36 54 49 5 9 23 6 10 16 4 43 17 
AQUIIII!!54 34 3 50 52 8 7 23 53 36 20 57 18 6 44 19 
Number of Cuts in the second phase:658
Number of repeat: 627 
Violation: 357.000000
Violation: 506.000000
Violation: 675.000000
Violation: 438.000000
Violation: 842.000000
Violation: 145.000000
Violation: 577.000000
Violation: 566.000000
Violation: 879.000000
Violation: 929.000000
Violation: 55.000000
Violation: 666.000000
Violation: 1046.000000
Violation: 287.000000
Violation: 197.000000
Violation: 385.000000
Violation: 666.000000
Violation: 299.000000
Violation: 417.000000
Violation: 344.000000
Violation: 1282.000000
Violation: 478.000000
Violation: 107.000000
Violation: 927.000000
Violation: 475.000000
Violation: 668.000000
Violation: 460.000000
Violation: 266.000000
Violation: 92.000000
Violation: 539.000000
Violation: 472.000000
took 6.299705
Optimize a model with 1348 rows, 906 columns and 15790 nonzeros
Coefficient statistics:
  Matrix range     [1e+00, 4e+01]
  Objective range  [0e+00, 0e+00]
  Bounds range     [1e+00, 4e+01]
  RHS range        [1e+00, 1e+02]
Presolve removed 1000 rows and 115 columns
Presolve time: 0.00s
Presolved: 348 rows, 791 columns, 8883 nonzeros

Iteration    Objective       Primal Inf.    Dual Inf.      Time
       0    0.0000000e+00   4.716969e+01   0.000000e+00      0s
     127    0.0000000e+00   0.000000e+00   0.000000e+00      0s

Solved in 127 iterations and 0.01 seconds
Optimal objective  0.000000000e+00
