j1201_1.sm_s1.txt
Academic license - for non-commercial use only
Read LP format model from file lp/j1201_1.sm.lp
Reading time = 0.03 seconds
: 1196 rows, 5432 columns, 62759 nonzeros
OKGPU
nThreads: 1024 , nBlocks: 12 
Number cuts generated in the phase 1: 33
Number of repeat: 7 
violation 334.000000
violation 145.000000
violation 234.000000
violation 288.000000
violation 207.000000
violation 63.000000
violation 293.000000
violation 390.000000
violation 467.000000
violation 142.000000
violation 168.000000
violation 458.000000
violation 370.000000
violation 757.000000
violation 859.000000
violation 859.000000
violation 857.000000
violation 637.000000
violation 637.000000
violation 557.000000
violation 164.000000
violation 21.000000
violation 523.000000
violation 445.000000
violation 495.000000
violation 37.000000
8592 16
AQUIIII!!112 26 86 108 110 68 111 27 85 25 24 75 23 21 32 36 AQUIIII!!
AQUIIII!!25 27 112 111 68 108 108 116 85 23 36 85 25 24 24 27 20 110 32 23 86 21 36 68 75 86 26 26 111 75 
110 32 
AQUIIII!!113 28 114 58 30 AQUIIII!!29 38 27 40 112 25 81 47 85 116 33 110 115 36 41 85 39 32 31 111 49 86 118 
108 66 117 26 
AQUIIII!!24 111 27 AQUIIII!!108 25 111 47 112 68 25 26 117 110 26 24 36 AQUIIII!!85 108 32 24 116 112 27 116 111 75 86 86 110 36 23 32 108 66 85 32 112 
116 110 117 
47 36 85 66 25 26 86 27 
AQUIIII!!111 86 112 81 66 28 118 117 119 0 110 85 36 116 29 108 
AQUIIII!!24 112 108 116 66 25 36 86 27 32 26 47 85 117 110 111 
AQUIIII!!85 112 111 116 81 58 30 66 108 28 119 118 117 29 110 0 
AQUIIII!!112 25 26 108 86 68 36 75 111 110 32 27 24 21 85 23 
AQUIIII!!113 115 81 114 88 58 1 100 5 6 42 34 49 43 35 97 
AQUIIII!!110 27 111 116 85 112 26 119 47 36 108 32 66 86 118 117 
AQUIIII!!119 110 117 85 58 29 118 0 66 31 30 111 112 81 28 116 
AQUIIII!!108 32 110 36 75 85 23 25 27 86 111 26 112 116 24 68 
AQUIIII!!86 36 66 117 111 85 25 110 47 26 24 112 32 108 27 116 
AQUIIII!!117 85 66 110 119 32 0 28 86 108 118 36 111 112 81 116 
AQUIIII!!118 30 119 58 110 0 108 81 28 117 AQUIIII!!29 85 86 66 119 111 36 116 112 28 
117 110 0 AQUIIII!!39 81 AQUIIII!!49 116 32 30 117 85 34 86 118 58 47 AQUIIII!!33 66 112 40 23 27 108 41 75 66 38 29 110 110 31 118 112 111 81 36 111 115 86 85 113 68 108 
114 116 85 29 26 36 85 25 32 111 

108 25 116 26 112 24 27 
AQUIIII!!86 119 36 28 117 AQUIIII!!110 24 AQUIIII!!0 108 81 38 111 AQUIIII!!39 116 117 20 85 85 26 36 118 40 75 32 66 30 108 86 108 36 58 66 86 29 41 24 25 112 49 111 85 111 21 81 47 
27 31 110 85 29 26 25 28 112 68 115 32 116 23 113 27 110 114 

33 AQUIIII!!
AQUIIII!!86 81 0 30 32 85 116 119 85 66 81 0 110 AQUIIII!!118 66 36 29 24 119 110 26 108 116 108 117 111 58 117 110 28 118 36 111 112 31 32 27 112 
112 
75 86 27 85 21 23 68 25 111 AQUIIII!!
81 111 108 110 58 28 118 119 0 66 30 117 85 AQUIIII!!116 118 29 66 112 85 
116 32 117 110 108 86 AQUIIII!!AQUIIII!!26 58 47 47 AQUIIII!!35 111 116 35 33 36 85 34 40 27 36 43 41 25 117 88 30 112 25 6 34 
86 42 49 110 58 81 26 97 85 112 1 38 24 113 5 32 39 81 66 114 41 27 115 114 111 31 113 108 
49 
115 AQUIIII!!
23 AQUIIII!!111 66 110 116 21 AQUIIII!!117 81 36 AQUIIII!!36 30 108 85 27 32 26 119 108 110 66 24 25 0 85 26 75 118 28 86 29 32 110 111 119 116 85 23 81 117 75 58 86 0 28 36 24 118 111 85 31 68 86 110 112 27 116 112 
68 112 108 32 
111 112 25 

AQUIIII!!29 0 85 81 28 108 117 66 86 118 119 36 116 111 AQUIIII!!110 86 112 AQUIIII!!26 
26 23 36 108 75 85 32 110 21 27 112 27 25 111 AQUIIII!!68 110 75 30 85 32 0 AQUIIII!!86 36 58 33 23 116 30 111 117 28 68 24 81 31 
25 117 119 0 108 111 85 112 85 33 24 66 116 
58 66 29 31 118 29 81 119 116 112 28 111 112 118 

AQUIIII!!39 AQUIIII!!114 66 85 29 81 116 31 111 35 110 40 81 41 33 58 AQUIIII!!119 49 29 118 38 0 30 58 85 34 117 81 0 115 28 30 108 108 113 85 117 
112 66 28 86 
118 119 36 AQUIIII!!116 111 111 25 110 116 112 86 
117 85 47 110 66 32 27 108 36 26 112 24 
AQUIIII!!28 111 112 117 119 110 0 81 108 85 118 32 36 116 66 86 
AQUIIII!!29 111 116 30 28 85 58 0 119 118 112 66 31 33 81 117 
AQUIIII!!111 116 112 108 58 81 AQUIIII!!66 30 86 0 118 26 66 117 85 47 29 32 36 110 27 117 85 25 119 111 118 110 112 28 108 116 

AQUIIII!!24 117 36 32 108 25 116 66 AQUIIII!!86 66 47 86 85 118 27 26 111 117 26 47 110 32 112 36 
27 85 25 111 110 112 108 116 
AQUIIII!!66 86 36 32 117 108 85 25 24 111 112 26 116 110 27 47 
AQUIIII!!116 27 26 AQUIIII!!112 32 66 110 86 36 85 32 47 108 117 111 108 85 118 117 25 66 24 36 111 AQUIIII!!86 108 112 81 25 26 28 
85 116 118 110 58 27 116 0 47 117 
AQUIIII!!110 66 24 111 117 36 30 32 119 108 29 25 112 116 
66 86 47 85 27 111 26 110 112 
AQUIIII!!75 24 112 86 85 AQUIIII!!32 110 26 86 23 36 117 108 27 116 85 27 118 68 36 25 108 26 119 111 47 
116 66 111 32 110 112 
AQUIIII!!66 86 36 32 117 AQUIIII!!108 27 85 86 25 108 24 32 AQUIIII!!111 66 85 112 25 36 86 26 68 116 117 26 111 110 23 36 27 112 24 47 111 85 
25 110 75 47 26 21 24 116 27 110 112 
108 32 
AQUIIII!!85 58 AQUIIII!!119 88 118 30 113 34 29 0 114 31 115 117 35 81 49 66 81 33 1 111 5 112 6 116 97 28 
42 100 58 AQUIIII!!43 68 
32 24 110 112 75 86 108 36 27 21 25 85 23 111 26 
AQUIIII!!111 66 36 47 26 AQUIIII!!108 117 110 119 26 86 118 23 85 27 25 110 24 112 32 85 116 75 
27 116 68 32 86 36 111 112 108 
AQUIIII!!115 58 31 41 39 33 40 29 81 28 85 49 38 113 114 30 
AQUIIII!!115 58 31 41 39 33 40 29 81 28 85 49 38 113 114 30 
AQUIIII!!32 24 117 110 66 86 112 85 116 108 26 27 47 36 111 25 
AQUIIII!!39 35 38 34 81 85 114 58 49 41 33 40 113 115 30 31 
AQUIIII!!39 40 114 81 38 33 41 49 58 85 30 29 0 31 28 113 
AQUIIII!!112 25 26 108 86 68 36 75 111 110 32 27 24 21 85 23 
AQUIIII!!24 116 85 32 23 27 75 108 36 25 68 86 111 110 26 112 
AQUIIII!!24 112 27 110 111 32 116 86 108 68 AQUIIII!!85 27 26 25 36 112 25 47 23 75 AQUIIII!!36 
26 32 47 36 116 66 24 86 108 110 25 108 118 66 32 111 26 117 117 85 86 27 112 111 116 85 110 

AQUIIII!!116 111 28 81 32 110 85 86 36 112 108 66 117 118 119 0 
AQUIIII!!23 86 27 32 24 108 68 75 25 36 116 110 85 111 26 112 
AQUIIII!!41 38 58 42 40 31 33 AQUIIII!!81 23 49 86 34 27 39 32 35 24 88 108 114 68 113 75 115 25 
36 116 110 85 111 26 112 
AQUIIII!!41 38 58 42 40 31 33 81 49 34 39 35 88 114 113 115 
AQUIIII!!23 86 27 32 24 108 68 75 25 AQUIIII!!36 116 66 110 81 85 111 119 26 36 112 
117 27 32 0 86 85 112 108 118 111 116 110 
AQUIIII!!86 66 47 108 85 110 32 36 116 117 26 111 25 112 27 118 
AQUIIII!!85 66 108 111 30 117 110 118 119 0 81 58 28 112 116 29 
AQUIIII!!85 118 117 119 111 110 36 32 116 81 86 0 66 27 108 112 
AQUIIII!!86 25 110 36 112 118 66 32 108 117 85 27 47 111 26 116 
AQUIIII!!27 119 116 117 110 118 108 66 36 86 32 85 0 81 111 112 
AQUIIII!!38 58 39 40 85 41 81 49 31 114 33 35 30 34 115 113 
AQUIIII!!29 119 116 112 110 118 28 86 81 66 0 117 111 36 108 85 
AQUIIII!!24 111 68 36 75 21 86 85 23 26 27 20 AQUIIII!!25 32 110 111 32 110 108 112 
21 23 86 27 25 108 36 68 24 85 75 26 
AQUIIII!!36 68 86 23 75 32 116 112 AQUIIII!!85 24 113 25 114 111 115 26 39 110 35 27 41 108 
31 34 33 88 38 40 42 81 49 58 
AQUIIII!!75 27 68 110 25 32 21 36 111 86 23 26 108 85 24 112 
AQUIIII!!112 111 0 81 66 AQUIIII!!31 29 118 118 117 110 111 28 85 119 0 117 29 85 66 58 119 116 30 110 
58 30 28 81 116 31 112 
AQUIIII!!118 117 111 85 0 29 66 119 110 58 30 28 81 116 31 112 
AQUIIII!!26 21 108 20 25 36 68 85 32 75 86 111 27 24 110 23 
AQUIIII!!110 66 81 116 117 0 85 118 108 86 119 27 36 32 111 112 
AQUIIII!!41 115 114 113 28 49 38 81 31 39 40 85 30 58 29 33 
AQUIIII!!24 85 47 110 27 36 117 86 32 108 112 111 66 AQUIIII!!25 26 116 21 26 108 
20 25 36 68 85 32 75 86 111 27 24 110 23 
AQUIIII!!41 38 34 81 33 39 58 29 31 30 85 40 49 113 114 115 
AQUIIII!!41 38 34 81 33 39 58 29 31 30 85 40 49 113 114 115 
AQUIIII!!0 110 28 29 108 81 119 118 30 117 58 85 112 111 66 116 
AQUIIII!!110 27 112 32 36 86 85 81 111 118 66 116 0 108 117 119 
AQUIIII!!40 49 0 85 39 81 33 58 29 41 38 113 114 28 30 31 
AQUIIII!!110 27 116 86 36 AQUIIII!!32 119 110 117 66 68 108 116 85 81 32 118 23 0 112 85 111 
108 86 112 27 26 75 36 111 25 24 
AQUIIII!!110 68 116 32 23 85 108 AQUIIII!!86 32 AQUIIII!!112 110 111 85 27 85 68 26 86 112 75 108 108 36 23 111 110 116 66 36 25 26 32 24 75 86 
112 118 27 AQUIIII!!36 111 118 24 81 117 25 116 
110 0 36 117 28 119 29 27 108 
116 66 0 86 119 85 111 112 81 
AQUIIII!!81 66 116 29 118 110 0 111 30 108 119 85 58 117 112 28 
AQUIIII!!86 68 85 23 26 21 25 27 24 110 108 36 75 32 111 112 
AQUIIII!!58 111 118 119 66 28 30 AQUIIII!!116 32 33 117 110 85 85 0 68 81 86 29 108 112 23 31 
116 36 26 75 112 27 111 24 25 
AQUIIII!!31 29 113 30 114 81 40 41 38 28 39 33 49 58 115 85 
AQUIIII!!85 115 113 114 30 38 81 33 AQUIIII!!34 111 41 108 39 58 112 110 49 32 40 AQUIIII!!29 116 116 118 31 111 81 
29 86 85 36 108 66 86 0 112 119 66 117 117 85 0 27 118 
81 28 110 119 36 
AQUIIII!!26 27 111 47 108 85 118 117 110 112 36 25 86 66 32 116 
AQUIIII!!85 27 117 86 47 110 118 116 25 66 AQUIIII!!108 36 111 26 108 112 111 112 32 110 
32 116 118 81 86 36 66 0 119 117 85 AQUIIII!!27 28 29 
85 58 41 40 30 49 38 33 39 114 81 115 31 113 
AQUIIII!!AQUIIII!!33 24 25 81 28 32 85 86 116 36 68 118 108 58 21 119 66 85 26 117 75 111 27 0 19 31 20 30 110 29 23 112 

AQUIIII!!110 25 116 112 AQUIIII!!24 33 26 81 28 47 85 66 116 32 118 27 58 86 119 85 66 111 117 108 111 0 117 31 36 30 
29 112 
AQUIIII!!47 118 111 86 32 117 110 85 26 116 119 36 66 108 112 27 
AQUIIII!!110 25 116 112 24 26 47 66 32 27 86 85 111 108 117 36 
AQUIIII!!85 25 86 26 116 117 108 47 36 66 32 112 24 110 27 111 
AQUIIII!!85 25 86 26 116 117 108 47 36 66 32 112 24 110 27 111 
AQUIIII!!110 25 112 21 75 68 108 24 111 23 85 32 36 86 27 26 
AQUIIII!!24 85 36 75 108 26 110 23 86 32 25 111 112 27 116 68 
AQUIIII!!110 111 112 0 66 29 118 117 116 31 85 81 58 30 28 119 
AQUIIII!!23 108 68 32 111 75 27 110 116 25 36 86 85 26 112 24 
AQUIIII!!111 108 112 110 32 116 118 81 86 36 66 0 119 117 85 27 
AQUIIII!!49 30 81 38 39 33 58 35 40 85 31 34 41 114 113 115 
AQUIIII!!49 30 81 38 39 33 58 35 40 85 31 34 41 114 113 115 
AQUIIII!!24 112 108 116 66 25 36 86 27 32 26 47 85 117 110 111 
AQUIIII!!111 26 85 24 21 27 86 36 32 23 68 110 108 25 20 75 
AQUIIII!!110 26 23 20 108 86 36 27 85 21 32 68 75 24 111 25 
AQUIIII!!112 111 118 81 58 66 0 30 31 28 29 33 119 117 85 116 
AQUIIII!!116 27 36 86 47 25 117 118 85 66 108 112 32 26 110 111 
AQUIIII!!85 108 116 28 66 29 110 119 117 86 36 81 118 0 112 111 
AQUIIII!!108 110 47 45 25 26 32 44 49 24 36 117 116 112 27 111 
AQUIIII!!108 110 47 45 25 26 32 44 49 24 36 117 116 112 27 111 
AQUIIII!!27 112 117 47 25 24 110 36 66 111 116 86 108 32 85 26 
AQUIIII!!0 32 111 85 86 118 117 36 108 81 116 66 119 110 27 112 
AQUIIII!!0 32 111 85 86 118 117 36 108 81 116 66 119 110 27 112 
AQUIIII!!39 35 81 34 49 58 41 88 42 31 33 38 40 115 114 113 
AQUIIII!!31 30 118 119 111 112 116 110 28 81 58 0 29 66 85 117 
AQUIIII!!39 35 81 34 49 58 41 88 42 31 33 38 40 115 114 113 
AQUIIII!!115 114 58 113 42 97 49 35 6 88 5 34 100 43 81 1 
AQUIIII!!112 24 25 27 85 86 68 21 26 111 36 23 108 110 75 32 
AQUIIII!!111 25 26 36 68 85 32 110 112 27 23 86 108 21 24 75 
AQUIIII!!86 36 108 32 66 26 85 118 47 27 111 116 110 117 112 25 
AQUIIII!!113 29 40 39 38 41 85 33 49 30 81 AQUIIII!!31 112 58 115 108 34 116 114 110 
111 47 25 117 24 27 66 86 36 32 85 26 
AQUIIII!!27 112 25 47 116 110 36 85 32 111 86 118 108 66 117 26 
AQUIIII!!24 111 108 23 27 36 86 68 112 32 75 116 25 85 110 26 
AQUIIII!!AQUIIII!!24 86 111 36 108 108 23 32 27 66 36 26 86 85 68 118 47 112 27 32 111 75 116 116 110 25 117 85 112 110 25 26 

AQUIIII!!116 26 111 119 32 86 36 110 112 117 66 47 118 27 85 108 
AQUIIII!!85 110 23 112 111 68 27 25 32 86 108 26 75 24 36 21 
AQUIIII!!5 35 40 81 41 6 42 1 88 49 43 34 113 114 115 58 
AQUIIII!!32 26 25 86 68 75 112 24 85 108 21 36 110 23 27 111 
AQUIIII!!112 26 110 118 117 27 47 119 108 66 85 32 36 111 86 116 
AQUIIII!!111 27 26 32 85 36 86 112 108 21 25 23 110 24 68 75 
AQUIIII!!114 33 113 115 34 42 39 AQUIIII!!40 86 41 116 38 112 58 111 88 117 31 110 81 118 49 36 35 27 
32 119 85 66 108 0 81 
AQUIIII!!112 111 119 116 30 110 118 66 81 0 29 31 85 117 28 58 
AQUIIII!!112 111 119 116 30 110 118 66 81 0 29 31 85 117 28 58 
AQUIIII!!AQUIIII!!111 111 85 85 112 112 66 81 36 58 117 29 AQUIIII!!26 28 111 118 116 27 110 0 112 25 119 32 66 32 108 86 110 86 116 117 85 108 118 36 27 108 47 30 0 

119 110 81 118 66 117 116 
AQUIIII!!25 111 112 68 26 110 24 36 108 116 27 75 86 23 32 85 
AQUIIII!!24 75 111 112 23 110 108 26 85 27 21 86 25 68 32 36 
AQUIIII!!26 27 111 108 AQUIIII!!85 110 111 23 117 27 86 24 118 25 112 68 47 32 32 86 36 112 108 26 116 66 75 
85 110 36 AQUIIII!!116 25 40 31 
114 35 49 81 58 39 85 38 41 33 30 113 115 34 
AQUIIII!!111 29 116 28 33 81 118 85 0 30 119 58 117 66 112 31 
AQUIIII!!39 85 0 40 81 119 38 31 33 58 49 41 113 29 30 28 
AQUIIII!!110 25 111 32 24 27 47 112 85 36 117 116 86 26 108 66 
AQUIIII!!110 116 112 85 111 118 30 0 81 58 119 28 117 29 66 108 
AQUIIII!!119 116 81 36 66 118 29 117 86 110 0 108 85 111 28 112 
AQUIIII!!85 41 40 58 114 113 81 39 33 49 38 29 34 31 AQUIIII!!30 66 115 85 
110 117 108 28 36 119 81 29 0 86 111 116 112 118 
AQUIIII!!38 AQUIIII!!40 AQUIIII!!43 88 34 39 1 81 33 5 34 33 81 100 58 35 49 81 41 41 97 31 42 85 6 0 113 58 114 114 115 115 28 49 40 58 113 39 
49 30 114 85 29 38 30 29 31 113 

AQUIIII!!24 112 21 86 25 111 85 27 110 108 26 23 36 68 32 75 
AQUIIII!!111 112 86 85 117 119 47 32 110 118 116 36 108 26 66 27 
AQUIIII!!116 119 112 111 108 118 117 81 85 29 66 36 86 28 0 110 
AQUIIII!!29 112 0 111 28 81 117 31 58 119 30 33 85 66 118 116 
AQUIIII!!86 110 117 36 119 85 116 66 47 27 32 118 111 26 112 108 
AQUIIII!!86 110 117 36 119 85 116 66 47 27 32 118 111 26 112 108 
AQUIIII!!27 111 116 108 47 32 117 118 86 112 110 36 26 85 66 119 
AQUIIII!!25 26 27 111 108 86 47 117 32 112 24 85 AQUIIII!!116 27 110 112 36 81 66 
36 116 118 110 86 117 66 119 85 0 108 111 32 
AQUIIII!!26 24 112 25 110 116 85 108 111 86 27 117 47 32 66 36 
AQUIIII!!26 110 112 108 32 116 66 86 36 111 27 24 25 85 117 47 
AQUIIII!!112 27 32 24 25 75 111 110 116 68 108 26 23 36 85 86 
AQUIIII!!27 111 26 85 36 117 32 110 86 116 66 112 118 47 119 108 
AQUIIII!!47 110 112 26 111 108 118 86 25 36 27 85 32 66 117 116 
AQUIIII!!108 26 112 24 85 36 27 117 66 25 47 110 86 116 32 111 
AQUIIII!!1 49 100 81 43 97 5 58 42 6 35 34 114 88 113 115 
AQUIIII!!24 111 108 23 27 36 86 68 112 32 75 116 25 85 110 26 
AQUIIII!!114 33 115 40 34 49 39 38 58 29 81 30 31 113 85 41 
AQUIIII!!27 110 111 85 25 116 108 117 36 86 66 47 32 112 26 118 
AQUIIII!!26 116 25 112 86 110 66 85 36 32 27 47 117 111 118 108 
AQUIIII!!AQUIIII!!112 116 27 112 26 108 85 111 32 58 85 108 28 110 29 86 118 36 81 66 66 110 111 0 116 119 119 30 117 117 47 
118 
AQUIIII!!31 115 30 49 114 81 33 28 40 39 58 29 41 38 113 85 
AQUIIII!!108 25 111 75 112 68 32 23 24 110 86 36 21 26 85 27 
AQUIIII!!113 114 115 39 35 41 31 34 33 88 38 40 42 81 49 58 
AQUIIII!!27 112 32 26 116 117 111 66 86 47 118 36 25 110 85 108 
AQUIIII!!116 27 26 112 32 110 85 47 108 111 118 117 66 36 86 25 
AQUIIII!!113 28 114 58 30 29 38 40 81 85 33 115 41 39 31 49 
AQUIIII!!110 111 26 27 68 108 32 36 86 23 85 21 25 112 75 24 
AQUIIII!!26 112 66 32 110 27 118 116 117 47 36 108 119 111 86 85 
AQUIIII!!111 116 112 108 58 81 30 0 66 85 29 110 117 119 118 28 
Number of Cuts in the second phase:6619
Number of repeat: 5829 
Violation: 656.000000
Violation: 389.000000
Violation: 249.000000
Violation: 367.000000
Violation: 226.000000
Violation: 353.000000
Violation: 45.000000
Violation: 714.000000
Violation: 26.000000
Violation: 340.000000
Violation: 517.000000
Violation: 1100.000000
Violation: 176.000000
Violation: 390.000000
Violation: 632.000000
Violation: 708.000000
Violation: 637.000000
Violation: 475.000000
Violation: 1665.000000
Violation: 426.000000
Violation: 279.000000
Violation: 87.000000
Violation: 629.000000
Violation: 485.000000
Violation: 716.000000
Violation: 650.000000
Violation: 295.000000
Violation: 381.000000
Violation: 637.000000
Violation: 397.000000
Violation: 747.000000
Violation: 656.000000
Violation: 143.000000
Violation: 329.000000
Violation: 424.000000
Violation: 600.000000
Violation: 395.000000
Violation: 145.000000
Violation: 217.000000
Violation: 353.000000
Violation: 239.000000
Violation: 657.000000
Violation: 103.000000
Violation: 1770.000000
Violation: 279.000000
Violation: 557.000000
Violation: 466.000000
Violation: 328.000000
Violation: 245.000000
Violation: 575.000000
Violation: 277.000000
Violation: 318.000000
Violation: 243.000000
Violation: 329.000000
Violation: 1108.000000
Violation: 358.000000
Violation: 656.000000
Violation: 692.000000
Violation: 397.000000
Violation: 747.000000
Violation: 471.000000
Violation: 383.000000
Violation: 252.000000
Violation: 574.000000
Violation: 514.000000
Violation: 187.000000
Violation: 141.000000
Violation: 370.000000
Violation: 238.000000
Violation: 51.000000
Violation: 704.000000
Violation: 432.000000
Violation: 116.000000
Violation: 658.000000
Violation: 780.000000
Violation: 718.000000
Violation: 20.000000
Violation: 358.000000
Violation: 1098.000000
Violation: 161.000000
Violation: 755.000000
Violation: 517.000000
Violation: 1515.000000
Violation: 305.000000
Violation: 632.000000
Violation: 154.000000
Violation: 1826.000000
Violation: 334.000000
Violation: 525.000000
Violation: 742.000000
Violation: 356.000000
Violation: 501.000000
Violation: 145.000000
Violation: 646.000000
Violation: 723.000000
Violation: 876.000000
Violation: 461.000000
Violation: 177.000000
Violation: 328.000000
Violation: 938.000000
Violation: 759.000000
Violation: 476.000000
Violation: 643.000000
Violation: 348.000000
Violation: 417.000000
Violation: 84.000000
Violation: 687.000000
Violation: 135.000000
Violation: 1267.000000
Violation: 213.000000
Violation: 378.000000
Violation: 258.000000
Violation: 592.000000
Violation: 1285.000000
Violation: 213.000000
Violation: 896.000000
Violation: 5.000000
Violation: 937.000000
Violation: 1095.000000
Violation: 746.000000
Violation: 718.000000
Violation: 982.000000
Violation: 981.000000
Violation: 207.000000
Violation: 325.000000
Violation: 43.000000
Violation: 632.000000
Violation: 501.000000
Violation: 240.000000
Violation: 320.000000
Violation: 972.000000
Violation: 582.000000
Violation: 218.000000
Violation: 409.000000
Violation: 1468.000000
Violation: 742.000000
Violation: 356.000000
Violation: 16.000000
Violation: 6.000000
Violation: 86.000000
Violation: 475.000000
Violation: 221.000000
Violation: 606.000000
Violation: 348.000000
Violation: 72.000000
Violation: 743.000000
Violation: 891.000000
Violation: 71.000000
Violation: 75.000000
Violation: 405.000000
Violation: 798.000000
Violation: 512.000000
Violation: 445.000000
Violation: 893.000000
Violation: 83.000000
Violation: 436.000000
Violation: 203.000000
Violation: 188.000000
Violation: 256.000000
Violation: 460.000000
Violation: 919.000000
Violation: 26.000000
Violation: 355.000000
Violation: 943.000000
Violation: 321.000000
Violation: 81.000000
Violation: 117.000000
Violation: 500.000000
Violation: 475.000000
Violation: 960.000000
Violation: 88.000000
Violation: 981.000000
Violation: 1233.000000
Violation: 507.000000
Violation: 702.000000
Violation: 905.000000
Violation: 868.000000
Violation: 110.000000
Violation: 176.000000
Violation: 547.000000
Violation: 627.000000
Violation: 948.000000
Violation: 983.000000
Violation: 401.000000
Violation: 20.000000
Violation: 864.000000
Violation: 985.000000
Violation: 493.000000
Violation: 899.000000
Violation: 397.000000
Violation: 597.000000
Violation: 476.000000
Violation: 632.000000
Violation: 523.000000
Violation: 217.000000
Violation: 1436.000000
Violation: 28.000000
Violation: 1108.000000
Violation: 644.000000
Violation: 38.000000
Violation: 916.000000
Violation: 85.000000
Violation: 478.000000
Violation: 132.000000
Violation: 703.000000
Violation: 824.000000
Violation: 320.000000
Violation: 964.000000
Violation: 382.000000
Violation: 1566.000000
Violation: 1100.000000
Violation: 740.000000
Violation: 755.000000
Violation: 230.000000
Violation: 182.000000
Violation: 314.000000
Violation: 187.000000
Violation: 302.000000
Violation: 572.000000
Violation: 726.000000
Violation: 658.000000
Violation: 1172.000000
Violation: 375.000000
Violation: 1515.000000
Violation: 505.000000
Violation: 657.000000
Violation: 879.000000
Violation: 868.000000
Violation: 637.000000
Violation: 25.000000
Violation: 158.000000
Violation: 471.000000
Violation: 751.000000
Violation: 299.000000
Violation: 1152.000000
Violation: 811.000000
Violation: 122.000000
Violation: 606.000000
Violation: 350.000000
Violation: 114.000000
Violation: 148.000000
Violation: 316.000000
Violation: 107.000000
Violation: 707.000000
Violation: 1362.000000
Violation: 484.000000
Violation: 194.000000
Violation: 814.000000
Violation: 129.000000
Violation: 1080.000000
Violation: 544.000000
Violation: 19.000000
Violation: 187.000000
Violation: 77.000000
Violation: 405.000000
Violation: 946.000000
Violation: 769.000000
Violation: 299.000000
Violation: 1026.000000
Violation: 399.000000
Violation: 322.000000
Violation: 166.000000
Violation: 343.000000
Violation: 895.000000
Violation: 83.000000
Violation: 839.000000
Violation: 44.000000
Violation: 380.000000
Violation: 798.000000
Violation: 1019.000000
Violation: 395.000000
Violation: 505.000000
Violation: 985.000000
Violation: 469.000000
Violation: 464.000000
Violation: 68.000000
Violation: 743.000000
Violation: 219.000000
Violation: 1011.000000
Violation: 314.000000
Violation: 1295.000000
Violation: 579.000000
Violation: 981.000000
Violation: 460.000000
Violation: 932.000000
Violation: 8.000000
Violation: 51.000000
Violation: 368.000000
Violation: 388.000000
Violation: 256.000000
Violation: 965.000000
Violation: 518.000000
Violation: 1269.000000
Violation: 702.000000
Violation: 767.000000
Violation: 276.000000
Violation: 18.000000
Violation: 838.000000
Violation: 577.000000
Violation: 1344.000000
Violation: 328.000000
Violation: 436.000000
Violation: 973.000000
Violation: 907.000000
Violation: 100.000000
Violation: 1267.000000
Violation: 906.000000
Violation: 330.000000
Violation: 538.000000
Violation: 164.000000
Violation: 40.000000
Violation: 1397.000000
Violation: 835.000000
Violation: 1117.000000
Violation: 371.000000
Violation: 105.000000
Violation: 270.000000
Violation: 74.000000
Violation: 231.000000
Violation: 387.000000
Violation: 1364.000000
Violation: 686.000000
Violation: 484.000000
Violation: 432.000000
Violation: 142.000000
Violation: 54.000000
Violation: 771.000000
Violation: 353.000000
Violation: 24.000000
Violation: 431.000000
Violation: 985.000000
Violation: 247.000000
Violation: 1039.000000
Violation: 763.000000
Violation: 432.000000
Violation: 982.000000
Violation: 1231.000000
Violation: 617.000000
Violation: 399.000000
Violation: 71.000000
Violation: 422.000000
Violation: 249.000000
Violation: 229.000000
Violation: 659.000000
Violation: 234.000000
Violation: 393.000000
Violation: 215.000000
Violation: 764.000000
Violation: 895.000000
Violation: 538.000000
Violation: 617.000000
Violation: 1115.000000
Violation: 1547.000000
Violation: 584.000000
Violation: 432.000000
Violation: 309.000000
Violation: 357.000000
Violation: 53.000000
Violation: 1046.000000
Violation: 433.000000
Violation: 591.000000
Violation: 1238.000000
Violation: 420.000000
Violation: 618.000000
Violation: 1100.000000
Violation: 193.000000
Violation: 1233.000000
Violation: 232.000000
Violation: 787.000000
Violation: 519.000000
Violation: 592.000000
Violation: 1327.000000
Violation: 66.000000
Violation: 126.000000
Violation: 826.000000
Violation: 764.000000
Violation: 599.000000
Violation: 150.000000
Violation: 1062.000000
Violation: 1170.000000
Violation: 1187.000000
Violation: 165.000000
Violation: 80.000000
Violation: 1518.000000
Violation: 646.000000
Violation: 894.000000
Violation: 61.000000
Violation: 722.000000
Violation: 653.000000
Violation: 1362.000000
Violation: 271.000000
Violation: 194.000000
Violation: 403.000000
Violation: 750.000000
Violation: 344.000000
Violation: 94.000000
Violation: 1208.000000
Violation: 1167.000000
Violation: 509.000000
Violation: 258.000000
Violation: 192.000000
Violation: 612.000000
Violation: 646.000000
Violation: 221.000000
Violation: 540.000000
Violation: 262.000000
Violation: 999.000000
Violation: 819.000000
Violation: 461.000000
Violation: 636.000000
Violation: 1039.000000
Violation: 283.000000
Violation: 423.000000
Violation: 436.000000
Violation: 120.000000
Violation: 377.000000
Violation: 362.000000
Violation: 1488.000000
Violation: 1036.000000
Violation: 384.000000
Violation: 664.000000
Violation: 895.000000
Violation: 651.000000
Violation: 761.000000
Violation: 2.000000
Violation: 533.000000
Violation: 777.000000
Violation: 652.000000
Violation: 302.000000
Violation: 290.000000
Violation: 24.000000
Violation: 1288.000000
Violation: 866.000000
Violation: 284.000000
Violation: 990.000000
Violation: 479.000000
Violation: 451.000000
Violation: 1038.000000
Violation: 958.000000
Violation: 450.000000
Violation: 403.000000
Violation: 1082.000000
Violation: 131.000000
Violation: 863.000000
Violation: 537.000000
Violation: 1011.000000
Violation: 648.000000
Violation: 233.000000
Violation: 650.000000
Violation: 16.000000
Violation: 365.000000
Violation: 1158.000000
Violation: 861.000000
Violation: 879.000000
Violation: 801.000000
Violation: 299.000000
Violation: 667.000000
Violation: 971.000000
Violation: 430.000000
Violation: 441.000000
Violation: 313.000000
Violation: 1355.000000
Violation: 46.000000
Violation: 25.000000
Violation: 583.000000
Violation: 354.000000
Violation: 75.000000
Violation: 234.000000
Violation: 1040.000000
Violation: 499.000000
Violation: 291.000000
Violation: 394.000000
Violation: 406.000000
Violation: 357.000000
Violation: 55.000000
Violation: 313.000000
Violation: 51.000000
Violation: 136.000000
Violation: 447.000000
Violation: 113.000000
Violation: 499.000000
Violation: 490.000000
Violation: 967.000000
Violation: 168.000000
Violation: 39.000000
Violation: 141.000000
Violation: 279.000000
Violation: 571.000000
Violation: 96.000000
Violation: 258.000000
Violation: 274.000000
Violation: 1509.000000
Violation: 69.000000
Violation: 357.000000
Violation: 1061.000000
Violation: 819.000000
Violation: 132.000000
Violation: 530.000000
Violation: 687.000000
Violation: 888.000000
Violation: 372.000000
Violation: 566.000000
Violation: 519.000000
Violation: 51.000000
Violation: 472.000000
Violation: 188.000000
Violation: 1086.000000
Violation: 513.000000
Violation: 779.000000
Violation: 697.000000
Violation: 378.000000
Violation: 116.000000
Violation: 789.000000
Violation: 762.000000
Violation: 572.000000
Violation: 272.000000
Violation: 709.000000
Violation: 44.000000
Violation: 353.000000
Violation: 61.000000
Violation: 1254.000000
Violation: 1088.000000
Violation: 204.000000
Violation: 298.000000
Violation: 738.000000
Violation: 573.000000
Violation: 507.000000
Violation: 563.000000
Violation: 53.000000
Violation: 280.000000
Violation: 1280.000000
Violation: 184.000000
Violation: 170.000000
Violation: 1090.000000
Violation: 101.000000
Violation: 154.000000
Violation: 1190.000000
Violation: 117.000000
Violation: 289.000000
Violation: 290.000000
Violation: 347.000000
Violation: 273.000000
Violation: 25.000000
Violation: 324.000000
Violation: 636.000000
Violation: 807.000000
Violation: 1014.000000
Violation: 671.000000
Violation: 319.000000
Violation: 418.000000
Violation: 447.000000
Violation: 32.000000
Violation: 1194.000000
Violation: 907.000000
Violation: 601.000000
Violation: 1038.000000
Violation: 491.000000
Violation: 278.000000
Violation: 334.000000
Violation: 34.000000
Violation: 116.000000
Violation: 1436.000000
Violation: 846.000000
Violation: 461.000000
Violation: 459.000000
Violation: 754.000000
Violation: 621.000000
Violation: 278.000000
Violation: 357.000000
Violation: 714.000000
Violation: 929.000000
Violation: 19.000000
Violation: 431.000000
Violation: 651.000000
Violation: 1348.000000
Violation: 58.000000
Violation: 233.000000
Violation: 513.000000
Violation: 624.000000
Violation: 199.000000
Violation: 1358.000000
Violation: 468.000000
Violation: 27.000000
Violation: 768.000000
Violation: 19.000000
Violation: 611.000000
Violation: 17.000000
Violation: 584.000000
Violation: 73.000000
Violation: 80.000000
Violation: 256.000000
Violation: 722.000000
Violation: 645.000000
Violation: 450.000000
Violation: 1283.000000
Violation: 531.000000
Violation: 216.000000
Violation: 935.000000
Violation: 1420.000000
Violation: 320.000000
Violation: 287.000000
Violation: 883.000000
Violation: 1021.000000
Violation: 983.000000
Violation: 200.000000
Violation: 894.000000
Violation: 225.000000
Violation: 813.000000
Violation: 305.000000
Violation: 453.000000
Violation: 752.000000
Violation: 685.000000
Violation: 1051.000000
Violation: 357.000000
Violation: 406.000000
Violation: 833.000000
Violation: 384.000000
Violation: 235.000000
Violation: 793.000000
Violation: 100.000000
Violation: 654.000000
Violation: 575.000000
Violation: 824.000000
Violation: 737.000000
Violation: 733.000000
Violation: 227.000000
Violation: 412.000000
Violation: 586.000000
Violation: 896.000000
Violation: 502.000000
Violation: 434.000000
Violation: 683.000000
Violation: 340.000000
Violation: 1132.000000
Violation: 861.000000
Violation: 1279.000000
Violation: 166.000000
Violation: 1233.000000
Violation: 294.000000
Violation: 421.000000
Violation: 1415.000000
Violation: 394.000000
Violation: 1017.000000
Violation: 871.000000
Violation: 706.000000
Violation: 174.000000
Violation: 210.000000
Violation: 807.000000
Violation: 423.000000
Violation: 4.000000
Violation: 222.000000
Violation: 744.000000
Violation: 333.000000
Violation: 467.000000
Violation: 52.000000
Violation: 949.000000
Violation: 257.000000
Violation: 843.000000
Violation: 15.000000
Violation: 1285.000000
Violation: 592.000000
Violation: 616.000000
Violation: 588.000000
Violation: 751.000000
Violation: 500.000000
Violation: 1103.000000
Violation: 826.000000
Violation: 967.000000
Violation: 561.000000
Violation: 274.000000
Violation: 235.000000
Violation: 1269.000000
Violation: 1038.000000
Violation: 513.000000
Violation: 947.000000
Violation: 558.000000
Violation: 272.000000
Violation: 394.000000
Violation: 915.000000
Violation: 364.000000
Violation: 177.000000
Violation: 890.000000
Violation: 1289.000000
Violation: 1182.000000
Violation: 570.000000
Violation: 370.000000
Violation: 454.000000
Violation: 15.000000
Violation: 323.000000
Violation: 515.000000
Violation: 385.000000
Violation: 721.000000
Violation: 839.000000
Violation: 700.000000
Violation: 12.000000
Violation: 553.000000
Violation: 1075.000000
Violation: 764.000000
Violation: 397.000000
Violation: 890.000000
Violation: 46.000000
Violation: 808.000000
Violation: 435.000000
Violation: 1269.000000
Violation: 263.000000
Violation: 702.000000
Violation: 1018.000000
Violation: 392.000000
Violation: 816.000000
Violation: 379.000000
Violation: 488.000000
Violation: 176.000000
Violation: 430.000000
Violation: 692.000000
Violation: 915.000000
Violation: 225.000000
Violation: 890.000000
Violation: 697.000000
Violation: 1006.000000
Violation: 690.000000
Violation: 60.000000
Violation: 25.000000
Violation: 513.000000
Violation: 544.000000
Violation: 136.000000
Violation: 673.000000
Violation: 77.000000
Violation: 1030.000000
Violation: 919.000000
Violation: 336.000000
Violation: 587.000000
Violation: 1082.000000
Violation: 87.000000
Violation: 960.000000
Violation: 87.000000
Violation: 124.000000
Violation: 130.000000
Violation: 471.000000
Violation: 71.000000
Violation: 14.000000
Violation: 1161.000000
Violation: 463.000000
Violation: 1215.000000
Violation: 544.000000
Violation: 393.000000
Violation: 278.000000
Violation: 784.000000
Violation: 1244.000000
Violation: 274.000000
Violation: 404.000000
Violation: 98.000000
Violation: 1114.000000
Violation: 621.000000
Violation: 854.000000
Violation: 270.000000
Violation: 346.000000
Violation: 534.000000
Violation: 18.000000
Violation: 1187.000000
Violation: 631.000000
Violation: 143.000000
Violation: 1144.000000
Violation: 1091.000000
Violation: 742.000000
Violation: 262.000000
Violation: 715.000000
Violation: 577.000000
Violation: 1135.000000
Violation: 167.000000
Violation: 320.000000
Violation: 28.000000
Violation: 188.000000
Violation: 46.000000
Violation: 769.000000
Violation: 420.000000
Violation: 451.000000
Violation: 523.000000
Violation: 246.000000
Violation: 226.000000
Violation: 262.000000
Violation: 636.000000
Violation: 150.000000
Violation: 892.000000
Violation: 210.000000
Violation: 563.000000
Violation: 697.000000
Violation: 362.000000
Violation: 409.000000
Violation: 287.000000
Violation: 803.000000
5400 16
AQUIIII!!112 116 111 119 66 58 28 0 85 118 81 30 117 31 33 29 
AQUIIII!!26 111 24 85 27 32 86 25 75 36 21 20 23 108 68 110 
AQUIIII!!112 85 111 27 116 25 117 47 36 108 66 110 86 32 26 24 
AQUIIII!!108 68 32 116 110 36 23 85 86 111 75 26 25 112 27 24 
AQUIIII!!26 86 85 21 24 75 68 23 108 36 112 AQUIIII!!32 110 110 36 25 27 27 68 111 
108 116 75 86 23 85 25 112 111 32 AQUIIII!!24 36 26 27 
32 110 112 24 26 116 75 85 86 68 23 108 111 25 
AQUIIII!!66 27 AQUIIII!!26 108 117 116 110 66 25 47 86 85 85 118 111 32 110 108 26 36 36 47 32 112 111 116 117 24 86 
25 27 112 
AQUIIII!!108 116 66 47 85 118 110 26 36 32 111 117 86 AQUIIII!!25 23 27 25 112 75 
26 32 36 68 110 85 108 66 112 24 21 AQUIIII!!111 36 27 27 
32 110 112 24 26 116 75 85 AQUIIII!!86 108 68 27 23 25 108 24 111 68 25 26 
85 AQUIIII!!21 117 111 66 32 28 75 81 86 0 112 29 36 30 23 58 110 119 AQUIIII!!
118 112 36 118 25 85 66 31 86 111 32 116 110 117 
108 116 27 110 85 AQUIIII!!26 118 111 32 47 112 116 
AQUIIII!!108 36 27 108 85 112 66 47 47 66 117 25 86 85 110 117 111 27 36 26 112 116 AQUIIII!!26 32 81 25 85 86 
41 110 AQUIIII!!49 24 35 85 111 33 36 
34 116 113 28 39 81 30 110 40 86 58 38 0 31 AQUIIII!!117 AQUIIII!!115 85 66 114 36 117 118 
108 28 119 112 0 111 110 47 108 119 66 29 25 108 112 AQUIIII!!29 85 
110 116 117 86 27 66 32 26 81 75 86 116 AQUIIII!!85 32 36 36 86 27 118 108 23 110 112 32 111 26 24 AQUIIII!!AQUIIII!!26 
111 20 108 85 86 
68 21 75 27 32 21 68 116 110 108 36 110 32 85 25 36 110 47 23 108 23 25 85 86 24 24 86 20 111 116 25 111 
75 36 117 26 27 111 26 25 112 112 68 66 27 24 24 
111 

AQUIIII!!AQUIIII!!81 0 85 41 117 49 86 35 118 33 85 AQUIIII!!34 119 113 66 111 39 36 116 30 27 108 40 118 58 36 25 38 81 31 117 110 115 32 32 114 86 66 
110 27 AQUIIII!!85 112 85 112 
41 116 40 47 35 108 39 26 58 111 38 
33 30 81 49 AQUIIII!!34 26 86 114 23 115 113 68 31 111 36 
75 25 108 32 116 85 110 24 AQUIIII!!27 85 112 41 
40 35 39 58 38 33 30 81 AQUIIII!!49 116 34 27 114 24 115 110 113 32 31 23 
36 111 85 86 75 68 25 112 108 26 
AQUIIII!!85 AQUIIII!!81 110 38 86 39 32 58 75 41 85 115 27 49 23 40 26 33 20 29 21 31 68 34 36 113 25 30 108 114 24 
111 
AQUIIII!!85 36 116 28 81 110 86 0 117 66 118 119 111 108 29 112 
AQUIIII!!111 86 AQUIIII!!112 49 119 38 117 33 36 31 118 47 85 AQUIIII!!116 113 58 110 115 40 27 30 114 32 49 81 66 85 85 41 115 108 29 41 26 58 30 
38 39 40 114 28 39 113 81 29 31 
28 33 
AQUIIII!!49 38 33 31 85 58 40 114 81 115 41 30 39 28 113 29 
AQUIIII!!111 112 110 108 32 36 86 85 66 81 117 116 118 0 27 119 
AQUIIII!!27 112 25 111 116 118 85 108 32 36 86 47 26 117 110 66 
AQUIIII!!36 66 108 86 119 117 81 112 32 0 85 118 28 110 116 111 
AQUIIII!!32 118 36 116 85 66 108 111 86 47 27 119 110 117 112 26 
AQUIIII!!86 85 32 75 27 26 68 25 24 108 112 36 23 110 116 111 
AQUIIII!!68 20 27 75 86 23 85 36 110 21 24 108 26 AQUIIII!!32 108 AQUIIII!!111 66 110 25 26 36 
116 26 117 85 32 24 47 47 25 86 85 108 36 116 24 27 86 111 27 117 110 32 111 66 112 25 
112 
AQUIIII!!108 66 26 116 117 32 47 25 85 36 24 86 27 110 111 112 
AQUIIII!!108 66 26 116 117 32 47 25 85 36 24 86 27 110 111 112 
AQUIIII!!85 108 28 66 30 29 81 117 58 0 119 112 110 111 116 118 
AQUIIII!!21 68 24 25 110 86 85 108 112 75 32 27 23 36 26 111 
AQUIIII!!25 110 112 86 24 116 32 36 108 85 27 68 23 75 26 111 
AQUIIII!!39 49 0 41 28 81 113 58 29 38 33 40 85 31 114 30 
AQUIIII!!81 117 118 116 108 36 85 119 110 28 86 0 66 32 112 111 
AQUIIII!!28 116 118 119 110 36 66 85 AQUIIII!!81 25 117 110 86 68 29 24 0 86 111 21 112 32 108 27 
26 36 23 85 75 111 112 108 
AQUIIII!!32 75 86 27 24 68 36 112 116 108 85 26 110 111 23 25 
AQUIIII!!111 85 112 116 119 66 81 29 30 117 108 AQUIIII!!118 0 110 28 112 116 58 31 110 58 
0 30 81 118 28 85 117 66 111 29 119 
AQUIIII!!40 85 39 81 33 58 38 41 49 0 AQUIIII!!31 32 114 75 113 30 86 28 27 29 24 
68 36 112 116 108 85 26 110 111 23 25 
AQUIIII!!112 85 111 66 58 117 30 28 0 110 108 119 81 116 29 118 
AQUIIII!!111 28 112 0 119 118 66 29 85 117 110 81 36 116 86 108 
AQUIIII!!32 111 116 112 119 85 27 108 118 66 117 36 81 110 0 86 
AQUIIII!!85 24 117 47 108 27 86 66 111 36 116 25 112 32 110 26 
AQUIIII!!85 24 117 47 108 27 86 66 111 36 116 25 112 32 110 26 
AQUIIII!!112 111 26 116 117 32 118 110 108 25 36 27 86 47 66 85 
AQUIIII!!112 24 110 111 85 66 47 108 116 25 27 86 117 36 26 32 
AQUIIII!!66 86 116 110 26 108 112 117 47 32 118 85 36 25 111 27 
AQUIIII!!86 116 25 108 32 112 26 36 27 23 110 75 85 68 24 111 
AQUIIII!!86 116 AQUIIII!!25 116 108 117 32 118 112 85 0 26 108 36 27 66 81 23 119 110 58 75 29 85 111 68 30 24 28 111 110 
112 
AQUIIII!!111 110 26 108 85 47 36 117 25 32 27 86 66 24 116 112 
AQUIIII!!24 27 112 108 36 32 111 85 25 117 116 110 86 26 47 66 
AQUIIII!!58 49 97 34 1 100 42 43 35 6 81 88 5 115 114 113 
AQUIIII!!25 112 26 118 110 47 117 116 85 32 86 27 111 108 36 66 
AQUIIII!!85 47 26 108 66 110 111 86 24 25 117 36 116 32 27 112 
AQUIIII!!33 31 85 49 40 38 39 30 41 81 35 113 114 115 58 34 
AQUIIII!!27 112 110 116 86 118 111 32 81 66 0 85 119 117 36 108 
AQUIIII!!27 112 110 116 86 118 111 32 81 66 0 85 119 117 36 108 
AQUIIII!!31 112 116 58 0 110 111 85 29 30 81 28 118 119 66 117 
AQUIIII!!27 112 25 111 116 118 85 108 32 36 86 47 26 117 110 66 
AQUIIII!!27 112 25 111 116 118 85 108 32 36 86 AQUIIII!!47 117 31 26 118 117 81 110 29 66 119 
58 33 66 85 0 30 28 112 111 116 
AQUIIII!!25 110 112 86 24 116 32 36 108 85 27 68 23 75 26 111 
AQUIIII!!117 31 118 81 29 119 58 33 66 85 0 30 28 112 111 116 
AQUIIII!!0 36 85 32 117 28 66 110 81 108 116 118 119 112 86 111 
AQUIIII!!115 34 114 31 35 AQUIIII!!113 25 41 116 111 30 110 39 66 38 118 86 33 36 40 27 58 85 85 108 81 26 32 49 117 
112 47 
AQUIIII!!58 0 118 119 85 116 28 29 33 81 66 117 30 111 112 31 
AQUIIII!!58 0 118 119 85 116 28 29 33 81 66 117 30 111 112 31 
AQUIIII!!25 112 36 75 111 68 86 23 85 108 27 32 21 26 24 110 
AQUIIII!!58 0 118 119 85 116 28 29 33 81 66 117 30 111 112 31 
AQUIIII!!116 30 111 110 0 85 119 66 118 58 81 31 29 28 117 112 
AQUIIII!!111 27 86 36 32 108 0 118 110 117 81 116 85 112 66 119 
AQUIIII!!30 29 110 28 116 111 31 58 85 117 66 81 112 119 0 118 
AQUIIII!!43 35 41 33 40 42 58 81 34 38 39 49 115 113 88 114 
AQUIIII!!113 114 115 49 42 1 5 88 35 58 39 40 34 81 43 41 
AQUIIII!!0 117 119 86 29 85 81 36 28 108 66 112 116 111 110 118 
AQUIIII!!42 97 43 88 1 49 6 100 5 58 34 114 81 113 115 35 
AQUIIII!!0 110 118 108 81 112 116 85 119 117 58 29 30 66 28 111 
AQUIIII!!41 115 113 114 6 5 88 43 40 35 49 1 42 34 58 81 
AQUIIII!!81 116 111 112 118 27 66 119 85 110 108 32 117 36 86 0 
AQUIIII!!86 111 112 85 36 47 66 32 118 110 27 26 116 25 108 117 
AQUIIII!!111 30 31 85 118 110 116 66 28 117 58 AQUIIII!!81 25 119 27 0 111 29 108 112 26 
85 68 36 32 110 24 21 23 20 86 75 
AQUIIII!!35 43 97 5 49 88 42 34 58 100 6 1 81 113 114 115 
AQUIIII!!30 118 58 0 85 33 66 117 81 31 119 112 29 116 28 111 
AQUIIII!!30 118 58 0 85 33 66 117 81 31 119 112 29 116 28 111 
AQUIIII!!35 43 97 5 49 88 42 34 58 100 6 1 81 113 114 115 
AQUIIII!!112 24 110 111 85 66 47 108 116 25 AQUIIII!!27 111 86 110 117 108 36 112 24 26 25 32 32 
26 36 116 47 117 AQUIIII!!86 112 66 111 85 26 27 116 
117 32 118 110 108 25 36 27 86 47 66 85 
AQUIIII!!112 116 28 58 119 81 29 66 117 110 0 30 31 111 118 85 
AQUIIII!!112 111 26 116 117 32 118 110 108 25 36 27 86 47 66 85 
AQUIIII!!112 111 28 117 116 29 66 36 108 85 AQUIIII!!108 118 68 0 32 119 75 86 110 110 85 81 24 
21 86 23 26 112 36 25 111 27 
AQUIIII!!108 68 32 75 110 85 24 21 86 23 26 112 36 25 111 27 
AQUIIII!!112 111 28 117 116 29 66 36 108 85 118 0 119 86 110 81 
AQUIIII!!23 86 26 24 27 108 68 85 75 116 111 36 110 32 25 112 
AQUIIII!!23 86 26 24 27 108 68 85 75 116 111 36 110 32 25 112 
AQUIIII!!27 112 85 108 68 32 25 110 21 86 36 AQUIIII!!23 119 111 117 26 0 24 36 75 85 
81 66 118 27 86 110 111 116 108 112 32 
AQUIIII!!111 112 117 116 66 85 36 110 119 28 0 81 29 118 108 86 
AQUIIII!!114 31 113 49 115 81 40 38 58 33 30 34 41 85 39 35 
AQUIIII!!0 28 118 117 119 116 36 66 85 86 81 108 110 112 111 32 
AQUIIII!!0 28 118 117 119 116 36 66 85 86 81 108 110 112 111 32 
AQUIIII!!58 49 42 88 81 34 35 43 101 97 6 1 114 5 100 115 
AQUIIII!!113 114 115 49 42 1 5 88 35 58 39 40 34 81 43 41 
AQUIIII!!33 119 66 0 58 118 30 31 85 111 116 29 117 81 28 112 
AQUIIII!!111 27 110 108 32 85 36 26 66 86 116 119 AQUIIII!!118 47 30 117 29 112 110 
28 116 111 31 58 85 117 66 81 112 119 0 118 
AQUIIII!!25 112 36 75 111 68 86 23 85 108 27 32 21 26 24 110 
AQUIIII!!113 115 30 49 85 41 29 58 38 40 114 39 81 31 28 33 
AQUIIII!!116 119 32 117 86 0 118 85 108 27 110 36 66 112 81 111 
AQUIIII!!111 112 27 117 32 66 118 26 108 36 116 47 25 85 110 86 
AQUIIII!!29 113 38 49 41 28 40 81 85 31 0 58 119 30 39 33 
AQUIIII!!111 28 112 0 119 118 66 29 85 117 110 81 36 116 86 108 
AQUIIII!!117 28 112 110 111 86 108 116 32 85 66 119 81 118 36 0 
AQUIIII!!112 110 29 111 28 85 66 86 119 108 36 118 81 116 117 0 
AQUIIII!!114 115 31 33 38 41 30 113 85 49 39 58 34 81 40 29 
AQUIIII!!112 85 111 27 116 25 117 47 36 108 66 110 86 32 26 24 
AQUIIII!!108 27 111 0 117 118 36 81 66 86 112 119 116 32 110 85 
AQUIIII!!116 85 111 27 112 86 119 110 47 66 117 108 36 118 32 26 
AQUIIII!!28 29 117 110 58 108 30 116 119 85 66 0 81 112 111 118 
AQUIIII!!AQUIIII!!114 111 30 112 115 28 110 49 108 85 32 40 29 36 33 86 31 85 58 41 66 39 81 113 117 38 116 81 
118 0 27 119 
AQUIIII!!111 112 110 108 32 36 86 85 66 81 117 116 118 0 27 119 
AQUIIII!!110 116 117 112 26 111 27 86 47 32 85 66 36 118 108 119 
AQUIIII!!113 29 119 33 41 49 58 81 28 39 31 85 38 30 40 0 
AQUIIII!!86 112 116 26 27 110 47 108 117 32 25 85 66 36 24 111 
AQUIIII!!111 81 112 85 0 118 28 116 36 29 117 66 86 110 108 119 
AQUIIII!!111 112 27 117 32 66 118 26 108 36 116 47 25 85 110 86 
AQUIIII!!112 116 111 119 32 110 85 0 118 27 86 81 117 66 36 108 
AQUIIII!!111 110 108 112 24 25 32 26 36 116 47 117 86 66 85 27 
AQUIIII!!27 112 25 111 116 118 85 108 32 36 86 47 26 117 110 66 
AQUIIII!!108 111 27 23 32 36 75 24 86 21 68 26 25 112 85 110 
AQUIIII!!112 28 85 118 119 0 108 116 117 86 66 32 111 81 110 36 
AQUIIII!!111 110 108 112 24 25 32 26 36 116 47 117 86 66 85 27 
AQUIIII!!26 111 110 68 75 85 25 27 86 24 23 112 108 36 21 32 
AQUIIII!!24 111 27 75 110 86 68 20 36 85 25 26 23 32 21 108 
AQUIIII!!110 116 117 112 26 111 27 86 47 32 85 66 36 118 108 119 
AQUIIII!!27 112 85 108 68 32 25 110 21 86 36 23 111 26 24 75 
AQUIIII!!112 111 27 36 86 85 110 66 25 116 108 26 117 47 24 32 
AQUIIII!!85 24 112 25 111 108 23 75 27 86 32 26 68 36 116 110 
AQUIIII!!111 108 25 68 112 110 24 32 86 26 116 75 85 23 27 36 
AQUIIII!!116 27 112 110 85 32 117 0 81 119 36 66 86 118 108 111 
AQUIIII!!111 29 112 81 0 118 66 28 30 116 117 58 119 31 110 85 
Number of Cuts in the second phase:4143
Number of repeat: 3881 
Violation: 1370.000000
Violation: 140.000000
Violation: 412.000000
Violation: 951.000000
Violation: 18.000000
Violation: 933.000000
Violation: 149.000000
Violation: 426.000000
Violation: 1645.000000
Violation: 422.000000
Violation: 44.000000
Violation: 151.000000
Violation: 31.000000
Violation: 483.000000
Violation: 747.000000
Violation: 816.000000
Violation: 656.000000
Violation: 613.000000
Violation: 22.000000
Violation: 634.000000
Violation: 1349.000000
Violation: 111.000000
Violation: 1621.000000
Violation: 17.000000
Violation: 1144.000000
Violation: 1810.000000
Violation: 364.000000
Violation: 94.000000
Violation: 976.000000
Violation: 689.000000
Violation: 919.000000
Violation: 929.000000
Violation: 851.000000
Violation: 673.000000
Violation: 869.000000
Violation: 256.000000
Violation: 461.000000
Violation: 379.000000
Violation: 171.000000
Violation: 203.000000
Violation: 717.000000
Violation: 631.000000
Violation: 445.000000
Violation: 606.000000
Violation: 508.000000
Violation: 4.000000
Violation: 190.000000
Violation: 453.000000
Violation: 1754.000000
Violation: 393.000000
Violation: 646.000000
Violation: 657.000000
Violation: 959.000000
Violation: 275.000000
Violation: 971.000000
Violation: 120.000000
Violation: 508.000000
Violation: 390.000000
Violation: 748.000000
Violation: 531.000000
Violation: 147.000000
Violation: 105.000000
Violation: 718.000000
Violation: 229.000000
Violation: 497.000000
Violation: 210.000000
Violation: 169.000000
Violation: 764.000000
Violation: 501.000000
Violation: 283.000000
Violation: 774.000000
Violation: 819.000000
Violation: 520.000000
Violation: 133.000000
Violation: 560.000000
Violation: 285.000000
Violation: 21.000000
Violation: 135.000000
Violation: 234.000000
Violation: 656.000000
Violation: 698.000000
Violation: 379.000000
Violation: 955.000000
Violation: 426.000000
Violation: 227.000000
Violation: 861.000000
Violation: 702.000000
Violation: 240.000000
Violation: 23.000000
Violation: 1142.000000
Violation: 1134.000000
Violation: 763.000000
Violation: 701.000000
Violation: 277.000000
Violation: 532.000000
Violation: 72.000000
Violation: 215.000000
Violation: 994.000000
Violation: 512.000000
Violation: 424.000000
Violation: 1254.000000
Violation: 413.000000
Violation: 400.000000
Violation: 462.000000
Violation: 690.000000
Violation: 171.000000
Violation: 525.000000
Violation: 247.000000
Violation: 160.000000
Violation: 674.000000
Violation: 7.000000
Violation: 1041.000000
Violation: 577.000000
Violation: 742.000000
Violation: 1161.000000
Violation: 273.000000
Violation: 693.000000
Violation: 676.000000
Violation: 1112.000000
Violation: 1108.000000
Violation: 45.000000
Violation: 307.000000
Violation: 850.000000
Violation: 816.000000
Violation: 199.000000
Violation: 1360.000000
Violation: 1224.000000
Violation: 457.000000
Violation: 415.000000
Violation: 706.000000
Violation: 200.000000
Violation: 96.000000
Violation: 1167.000000
Violation: 195.000000
Violation: 192.000000
Violation: 315.000000
Violation: 928.000000
Violation: 338.000000
Violation: 1205.000000
Violation: 738.000000
Violation: 592.000000
Violation: 148.000000
Violation: 807.000000
Violation: 745.000000
Violation: 592.000000
Violation: 374.000000
Violation: 336.000000
Violation: 529.000000
Violation: 779.000000
Violation: 140.000000
Violation: 19.000000
Violation: 990.000000
Violation: 234.000000
Violation: 1246.000000
Violation: 474.000000
Violation: 643.000000
Violation: 738.000000
Violation: 344.000000
Violation: 607.000000
Violation: 370.000000
Violation: 518.000000
Violation: 749.000000
Violation: 160.000000
Violation: 327.000000
Violation: 597.000000
Violation: 189.000000
Violation: 221.000000
Violation: 443.000000
Violation: 627.000000
Violation: 602.000000
Violation: 949.000000
Violation: 680.000000
Violation: 459.000000
Violation: 479.000000
Violation: 705.000000
Violation: 1507.000000
Violation: 374.000000
Violation: 238.000000
Violation: 889.000000
Violation: 1621.000000
Violation: 613.000000
Violation: 421.000000
Violation: 425.000000
Violation: 388.000000
Violation: 927.000000
Violation: 655.000000
Violation: 375.000000
Violation: 1142.000000
Violation: 103.000000
Violation: 248.000000
Violation: 373.000000
Violation: 502.000000
Violation: 253.000000
Violation: 98.000000
Violation: 1167.000000
Violation: 1379.000000
Violation: 580.000000
Violation: 846.000000
Violation: 1556.000000
Violation: 583.000000
Violation: 1100.000000
Violation: 1252.000000
Violation: 478.000000
Violation: 697.000000
Violation: 37.000000
Violation: 1020.000000
Violation: 459.000000
Violation: 232.000000
Violation: 1132.000000
Violation: 24.000000
Violation: 213.000000
Violation: 864.000000
Violation: 1264.000000
Violation: 339.000000
Violation: 647.000000
Violation: 499.000000
Violation: 421.000000
Violation: 408.000000
Violation: 678.000000
Violation: 656.000000
Violation: 540.000000
Violation: 253.000000
Violation: 916.000000
Violation: 960.000000
Violation: 954.000000
Violation: 198.000000
Violation: 581.000000
Violation: 273.000000
Violation: 825.000000
Violation: 339.000000
Violation: 28.000000
Violation: 973.000000
Violation: 494.000000
Violation: 919.000000
Violation: 191.000000
Violation: 564.000000
Violation: 189.000000
Violation: 297.000000
Violation: 589.000000
Violation: 898.000000
Violation: 1231.000000
Violation: 154.000000
Violation: 5.000000
Violation: 849.000000
Violation: 324.000000
Violation: 647.000000
Violation: 253.000000
Violation: 77.000000
Violation: 98.000000
Violation: 1328.000000
Violation: 957.000000
Violation: 651.000000
Violation: 66.000000
Violation: 415.000000
Violation: 1191.000000
Violation: 371.000000
Violation: 1851.000000
Violation: 523.000000
Violation: 1356.000000
Violation: 984.000000
Violation: 996.000000
Violation: 1287.000000
took 9.906294

Warning: excessive time spent in model updates.
Consider calling update less frequently.

Optimize a model with 2285 rows, 5432 columns and 73110 nonzeros
Coefficient statistics:
  Matrix range     [1e+00, 1e+02]
  Objective range  [0e+00, 0e+00]
  Bounds range     [1e+00, 1e+02]
  RHS range        [1e+00, 7e+01]

Concurrent LP optimizer: dual simplex and barrier
Showing barrier log only...

Presolve removed 430 rows and 256 columns
Presolve time: 0.02s
Presolved: 1855 rows, 5176 columns, 62341 nonzeros

Ordering time: 0.00s

Barrier statistics:
 Dense cols : 53
 AA' NZ     : 4.320e+04
 Factor NZ  : 1.321e+05 (roughly 4 MBytes of memory)
 Factor Ops : 2.325e+07 (less than 1 second per iteration)
 Threads    : 3

                  Objective                Residual
Iter       Primal          Dual         Primal    Dual     Compl     Time
   0   0.00000000e+00 -5.86781250e+01  3.75e+03 0.00e+00  1.39e+00     0s
   1   0.00000000e+00 -1.57168973e+02  9.23e+02 1.00e-02  3.42e-01     0s
   2   0.00000000e+00 -1.50071883e+02  2.95e+02 1.08e-03  1.06e-01     0s
   3   0.00000000e+00 -1.04875591e+02  3.00e+01 2.03e-04  1.76e-02     0s
   4   0.00000000e+00 -4.49999325e+01  1.19e+01 4.15e-05  6.11e-03     0s
   5   0.00000000e+00 -2.03235966e+01  2.01e+00 1.20e-05  1.97e-03     0s
   6   0.00000000e+00 -1.42536743e+00  4.23e-13 2.06e-07  1.21e-04     0s
   7   0.00000000e+00 -1.45325268e-03  1.08e-12 1.07e-17  1.21e-07     0s
   8   0.00000000e+00 -1.45325268e-06  8.31e-13 1.20e-20  1.21e-10     0s
   9   0.00000000e+00 -1.45325298e-12  1.90e-12 1.31e-23  1.21e-16     0s

Barrier solved model in 9 iterations and 0.08 seconds
Optimal objective 0.00000000e+00

Crossover log...

    5001 PPushes remaining with PInf 0.0000000e+00                 0s
       0 PPushes remaining with PInf 0.0000000e+00                 0s

  Push phase complete: Pinf 0.0000000e+00, Dinf 0.0000000e+00      0s

Iteration    Objective       Primal Inf.    Dual Inf.      Time
    5004    0.0000000e+00   0.000000e+00   0.000000e+00      0s
    5004    0.0000000e+00   0.000000e+00   0.000000e+00      0s

Solved with barrier
Solved in 5004 iterations and 0.14 seconds
Optimal objective  0.000000000e+00
