j3017_4.mm_s4.txt
Academic license - for non-commercial use only
Read LP format model from file lp/j3017_4.mm.lp
Reading time = 0.01 seconds
: 351 rows, 906 columns, 9053 nonzeros
OKGPU
nThreads: 1024 , nBlocks: 12 
Number cuts generated in the phase 1: 11
Number of repeat: 4 
violation 750.000000
violation 400.000000
violation 420.000000
violation 249.000000
violation 84.000000
violation 139.000000
violation 800.000000
8592 16
AQUIIII!!53 28 48 38 AQUIIII!!AQUIIII!!53 53 8 20 51 19 13 21 21 AQUIIII!!2 17 4 53 48 10 27 AQUIIII!!11 3 27 18 31 25 14 53 47 28 16 AQUIIII!!51 23 31 27 AQUIIII!!15 51 18 11 48 53 53 20 38 31 27 27 21 9 3 19 50 11 19 2 22 15 47 22 
8 52 31 11 12 15 23 4 29 48 52 18 51 22 9 51 50 
50 14 47 8 13 24 9 8 9 25 9 
4 AQUIIII!!20 16 20 53 18 19 AQUIIII!!10 21 11 3 47 53 22 47 24 22 20 50 17 51 47 27 10 24 
48 31 18 13 21 19 21 31 50 
27 11 4 31 47 

15 23 9 51 23 48 27 13 21 14 51 22 10 9 27 48 15 20 

AQUIIII!!51 53 27 50 25 11 14 23 15 17 52 10 22 13 16 9 
AQUIIII!!4 53 2 47 3 51 8 21 19 28 27 18 20 48 38 31 
AQUIIII!!48 11 22 27 31 18 9 19 8 AQUIIII!!24 21 53 50 47 51 11 47 20 21 31 20 15 24 AQUIIII!!4 AQUIIII!!22 4 
48 19 51 21 9 18 9 10 3 20 27 27 11 48 20 19 51 31 18 53 2 22 
19 15 38 AQUIIII!!47 28 AQUIIII!!15 AQUIIII!!50 47 11 48 23 AQUIIII!!48 27 19 19 11 20 AQUIIII!!31 18 21 51 25 18 18 31 21 8 14 51 24 20 21 AQUIIII!!17 19 53 31 47 9 31 52 47 4 
22 51 20 22 24 53 21 10 16 51 9 10 10 8 
11 24 22 11 50 51 21 4 9 47 27 47 19 22 13 48 48 27 47 27 15 8 24 15 8 31 15 51 48 9 27 11 53 9 53 22 27 21 
53 
53 14 50 

23 31 13 27 50 20 22 9 48 AQUIIII!!24 AQUIIII!!53 8 11 51 31 
53 48 10 20 51 9 27 
27 24 18 11 51 47 21 9 31 19 11 48 21 AQUIIII!!4 22 22 31 53 20 
22 50 27 AQUIIII!!15 23 21 13 51 9 47 AQUIIII!!50 16 53 23 20 9 48 27 53 AQUIIII!!27 50 
15 21 17 13 48 48 50 51 15 15 27 13 24 48 31 23 10 22 9 14 AQUIIII!!47 31 14 10 AQUIIII!!13 11 19 50 11 31 11 48 14 22 9 51 53 47 
3 16 23 14 47 20 10 9 23 51 53 2 22 AQUIIII!!
AQUIIII!!15 
11 21 AQUIIII!!15 31 22 10 51 AQUIIII!!23 9 9 15 16 22 31 20 48 50 51 11 48 19 AQUIIII!!53 8 14 17 AQUIIII!!50 17 18 10 
17 AQUIIII!!27 16 48 18 13 27 53 28 16 21 51 12 22 15 31 AQUIIII!!23 4 52 27 27 19 13 15 50 10 19 19 8 10 27 29 15 9 23 13 22 17 47 AQUIIII!!47 22 50 22 18 25 51 11 10 47 47 14 27 16 23 27 51 53 9 48 9 16 31 22 48 21 53 4 38 27 11 10 51 15 
52 27 14 9 24 50 20 53 
9 31 16 51 13 48 24 21 47 
13 27 23 15 16 AQUIIII!!31 20 31 24 11 13 9 20 AQUIIII!!10 11 14 47 11 53 13 9 27 23 51 10 
25 22 14 31 50 3 11 50 22 14 8 8 
13 53 47 9 AQUIIII!!11 11 48 51 17 
53 19 53 18 53 16 15 31 
48 31 9 
51 50 4 48 21 50 20 23 22 51 48 50 15 53 21 11 24 14 
53 10 15 27 53 
11 51 24 22 
18 51 31 19 27 27 9 53 47 31 
53 11 
47 15 AQUIIII!!22 48 18 22 48 AQUIIII!!47 
53 31 22 51 9 20 15 8 27 11 10 15 11 19 21 24 31 51 21 24 9 19 27 AQUIIII!!47 18 53 20 53 31 50 
10 48 15 
20 AQUIIII!!9 53 50 17 27 10 22 23 24 27 AQUIIII!!47 25 51 21 22 53 11 13 10 51 9 50 19 15 16 48 50 22 
12 23 11 27 16 17 52 11 14 25 
52 14 15 9 AQUIIII!!13 48 
22 9 24 15 19 8 21 27 47 18 51 20 31 11 53 
AQUIIII!!48 8 19 24 18 29 9 20 4 27 21 3 31 47 53 51 
AQUIIII!!53 48 8 27 47 51 22 15 18 19 9 31 21 24 11 20 
AQUIIII!!9 47 20 10 27 48 23 50 22 21 AQUIIII!!13 9 31 19 15 22 51 48 11 AQUIIII!!AQUIIII!!21 53 47 50 20 
11 27 47 9 47 31 15 11 11 27 9 24 10 14 22 15 48 48 13 50 13 51 10 50 16 27 14 51 31 23 53 10 
15 31 23 51 22 21 53 53 

AQUIIII!!53 27 47 48 13 11 9 51 15 21 20 10 23 31 22 50 
AQUIIII!!38 20 AQUIIII!!2 14 31 13 8 11 18 16 28 25 21 10 19 52 AQUIIII!!27 27 3 4 23 31 51 9 19 3 22 24 47 15 48 48 50 8 53 51 29 AQUIIII!!
53 9 47 AQUIIII!!17 20 9 27 
25 27 21 22 15 21 20 52 50 47 48 9 31 18 24 12 4 11 AQUIIII!!27 18 53 51 AQUIIII!!AQUIIII!!15 16 51 22 51 19 16 20 
10 53 AQUIIII!!10 22 
51 14 10 22 47 11 4 47 50 15 23 19 11 17 13 23 9 9 14 50 48 27 8 27 11 17 48 48 23 14 14 15 31 11 23 27 53 21 22 AQUIIII!!31 21 
9 AQUIIII!!22 50 50 50 17 13 48 18 19 9 31 53 31 16 21 16 51 10 27 11 
51 51 31 24 50 15 22 47 13 27 53 53 48 11 14 
AQUIIII!!
13 13 20 48 9 53 31 
23 47 24 22 18 48 11 50 51 9 21 10 15 20 15 47 24 53 11 18 
22 27 19 53 9 
15 31 51 27 53 
AQUIIII!!51 53 18 24 50 21 47 27 15 11 9 19 22 20 48 31 
AQUIIII!!27 20 29 3 18 48 24 31 9 21 AQUIIII!!4 22 8 8 51 19 19 AQUIIII!!47 47 19 11 53 21 AQUIIII!!9 
15 20 21 9 24 20 24 10 24 50 15 50 20 48 11 11 18 22 27 27 31 22 51 AQUIIII!!51 31 31 20 27 51 53 15 48 15 
18 47 47 11 10 48 53 8 9 
51 19 48 21 24 53 47 
9 31 21 22 27 19 53 
AQUIIII!!53 18 8 2 27 38 47 3 19 4 51 20 21 48 28 31 
AQUIIII!!53 51 31 4 19 24 8 9 18 27 22 21 47 20 48 11 
AQUIIII!!AQUIIII!!53 AQUIIII!!53 22 24 16 31 52 8 9 27 11 50 25 14 9 47 11 15 21 13 11 51 12 22 48 10 20 27 14 17 4 13 16 50 9 23 17 10 27 23 15 22 31 

18 48 19 53 51 AQUIIII!!
3 4 19 18 AQUIIII!!8 51 AQUIIII!!28 47 21 31 27 3 47 21 9 2 20 51 AQUIIII!!38 15 18 51 20 22 29 14 27 9 20 27 AQUIIII!!21 10 31 53 13 AQUIIII!!48 51 11 19 48 48 53 53 48 22 47 8 22 23 51 51 24 AQUIIII!!27 31 47 50 2 
27 53 48 11 13 20 31 4 4 31 31 16 9 48 47 53 24 11 50 18 18 9 
8 15 4 21 19 8 53 10 21 31 
21 
9 22 28 23 24 53 18 19 17 48 38 
11 27 19 8 3 27 4 51 20 20 
47 
AQUIIII!!15 23 AQUIIII!!AQUIIII!!AQUIIII!!14 53 27 AQUIIII!!51 53 29 15 27 AQUIIII!!19 50 47 19 53 21 51 21 23 3 50 18 15 20 11 9 22 8 22 21 22 10 51 20 10 13 22 20 9 24 50 15 48 47 27 4 9 11 4 9 48 31 31 20 48 31 11 9 10 8 21 24 47 24 31 31 18 27 11 48 13 47 48 48 47 11 9 13 51 14 31 8 53 27 51 47 53 18 51 
23 21 
22 
AQUIIII!!16 27 19 53 

53 15 
27 52 13 17 23 10 22 25 50 9 11 14 12 16 
AQUIIII!!53 51 AQUIIII!!31 51 23 53 14 17 48 16 22 52 27 27 50 50 47 25 13 10 15 23 11 11 9 13 10 14 16 9 
22 15 
AQUIIII!!47 21 4 20 38 31 8 51 27 48 19 3 18 1 2 28 
AQUIIII!!AQUIIII!!24 53 31 51 AQUIIII!!3 31 53 51 11 48 31 20 48 13 19 21 19 29 10 22 47 9 24 27 50 18 8 11 18 27 22 9 9 4 15 8 21 51 20 53 23 47 
27 21 48 4 14 
47 
AQUIIII!!9 47 21 19 4 AQUIIII!!31 11 24 27 11 22 27 20 8 48 18 AQUIIII!!18 47 51 22 11 8 20 19 24 51 15 15 53 31 21 
47 31 18 19 20 21 51 AQUIIII!!22 48 14 48 16 9 22 8 10 53 27 11 
13 9 31 24 15 50 53 51 
23 47 27 9 48 53 
AQUIIII!!47 AQUIIII!!18 11 48 50 31 48 51 22 21 31 4 20 19 9 27 24 28 27 3 20 51 2 19 8 47 38 15 53 10 
21 AQUIIII!!53 53 
23 48 50 31 15 21 10 9 AQUIIII!!11 53 47 27 27 20 13 31 14 47 51 48 24 22 
51 22 21 11 15 50 9 10 19 
AQUIIII!!53 4 28 47 18 19 8 21 3 27 2 51 38 48 20 31 
AQUIIII!!47 53 3 21 48 8 4 9 19 20 18 31 51 24 29 27 
AQUIIII!!AQUIIII!!12 18 10 19 25 31 15 15 11 22 16 48 23 27 50 11 47 52 21 9 51 14 50 20 22 24 17 9 13 53 27 
53 
AQUIIII!!53 16 13 50 31 22 9 23 10 51 47 15 14 27 48 AQUIIII!!11 21 
28 31 38 51 53 47 8 4 27 19 48 2 18 3 20 
AQUIIII!!53 13 27 23 14 10 17 51 16 31 15 9 50 11 48 22 
AQUIIII!!19 27 18 47 31 22 24 AQUIIII!!53 11 51 15 20 31 21 18 48 8 19 20 9 3 9 AQUIIII!!24 8 19 48 21 51 53 4 21 29 51 47 3 
27 4 
28 8 27 31 AQUIIII!!53 18 10 48 11 38 50 20 23 47 15 2 
52 27 12 17 25 14 16 13 22 9 53 
AQUIIII!!50 48 47 20 19 11 51 9 27 22 31 21 24 18 15 53 AQUIIII!!
23 AQUIIII!!22 14 25 23 16 13 17 11 10 15 17 52 25 9 22 12 27 50 51 27 50 11 15 16 14 AQUIIII!!10 52 9 13 53 53 53 10 

14 22 52 50 16 23 11 15 13 25 27 9 12 17 
AQUIIII!!19 18 31 50 27 9 20 11 24 47 48 51 AQUIIII!!22 20 21 31 15 9 53 27 
50 21 24 48 15 22 AQUIIII!!51 53 19 27 22 47 13 10 50 11 15 53 9 
31 23 47 51 11 48 21 10 20 AQUIIII!!
53 9 51 20 50 11 15 19 22 31 18 48 24 27 47 21 
AQUIIII!!27 31 AQUIIII!!24 47 9 22 20 4 53 20 2 19 51 8 47 28 18 48 21 11 31 48 4 8 51 53 
18 38 19 3 21 27 
AQUIIII!!3 21 51 18 24 29 48 19 27 8 20 4 47 9 31 53 
AQUIIII!!17 10 15 11 50 22 9 12 13 52 27 23 14 25 16 53 
AQUIIII!!53 27 21 4 11 19 20 31 48 8 22 47 18 24 51 9 
AQUIIII!!48 11 21 13 50 10 23 51 27 22 47 20 31 9 15 53 
AQUIIII!!21 13 31 27 11 48 50 10 47 9 20 15 23 51 22 53 
AQUIIII!!53 31 15 9 22 27 48 23 50 11 51 21 AQUIIII!!10 48 20 27 47 15 13 51 
11 47 19 31 22 24 AQUIIII!!20 53 9 31 21 50 14 18 10 53 23 
22 9 13 AQUIIII!!16 18 AQUIIII!!47 48 51 27 8 31 51 9 15 48 19 47 15 27 24 20 11 51 50 24 47 10 
21 9 22 50 20 11 11 48 15 22 31 27 53 21 
19 53 
AQUIIII!!11 14 52 13 16 23 27 10 9 17 15 51 22 25 50 53 
AQUIIII!!53 14 51 27 22 25 13 23 16 17 50 11 9 52 15 10 
AQUIIII!!53 31 19 18 51 AQUIIII!!11 22 11 9 27 15 48 47 8 50 48 18 27 24 21 20 51 24 22 
20 15 31 21 47 AQUIIII!!19 10 9 53 15 
14 23 50 AQUIIII!!19 17 9 52 48 51 20 25 24 11 18 27 4 8 16 21 13 22 31 9 47 22 11 53 51 27 
53 
AQUIIII!!53 14 27 15 47 23 9 51 13 48 16 50 10 22 11 31 
AQUIIII!!8 31 47 11 51 4 21 18 20 27 22 19 48 9 24 53 
AQUIIII!!53 27 19 8 20 21 48 22 11 47 18 24 31 15 9 51 
AQUIIII!!53 48 27 15 51 31 21 10 22 19 9 20 50 47 24 11 
AQUIIII!!AQUIIII!!47 53 21 11 2 31 14 28 13 8 AQUIIII!!27 17 53 19 47 10 4 51 1 50 16 3 31 22 24 18 7 20 50 15 20 21 25 38 27 0 27 48 
9 9 19 10 23 22 12 11 
15 52 
AQUIIII!!51 53 21 10 50 15 48 13 47 31 11 9 22 27 23 14 
AQUIIII!!53 19 AQUIIII!!24 19 31 22 47 27 51 20 27 20 48 50 31 11 4 22 48 18 18 8 15 11 9 21 21 24 9 53 51 
AQUIIII!!47 51 53 
47 19 48 8 11 9 31 4 22 18 27 20 21 24 
AQUIIII!!53 50 11 47 24 21 15 19 9 20 51 22 31 27 10 48 
AQUIIII!!53 50 47 23 31 21 11 22 27 51 9 10 15 13 48 20 
AQUIIII!!21 4 47 31 38 28 2 48 18 51 53 27 19 20 3 8 
AQUIIII!!53 10 11 12 23 50 15 13 27 9 17 16 25 22 52 14 
AQUIIII!!13 27 23 9 15 10 14 16 17 48 22 11 51 31 50 53 
AQUIIII!!48 24 9 8 53 21 27 31 AQUIIII!!19 4 48 29 22 18 51 19 24 51 4 18 20 9 47 27 8 3 20 
31 21 47 11 53 
AQUIIII!!AQUIIII!!53 53 47 27 8 50 9 10 24 21 48 51 48 27 15 31 47 51 11 4 22 18 9 AQUIIII!!21 20 53 22 19 50 31 11 24 11 19 
16 20 48 
15 27 23 47 14 31 9 22 51 13 10 
AQUIIII!!53 3 51 47 29 9 24 21 31 48 8 20 19 27 18 4 
AQUIIII!!3 4 47 2 38 1 48 28 27 18 19 31 21 51 8 20 
AQUIIII!!53 51 31 11 48 19 22 24 18 27 9 8 20 47 21 4 
AQUIIII!!53 15 47 AQUIIII!!51 53 19 27 50 50 21 11 14 20 10 24 48 11 31 16 10 9 31 23 27 47 15 22 22 48 13 9 51 

AQUIIII!!53 9 11 27 48 31 8 24 20 15 47 51 18 19 21 22 
AQUIIII!!53 15 9 31 22 50 13 23 11 27 48 16 51 14 17 10 
AQUIIII!!53 48 14 13 22 27 47 23 31 51 9 15 11 50 16 10 
AQUIIII!!53 51 14 11 16 9 50 31 13 15 23 48 10 47 22 27 
AQUIIII!!53 31 9 22 23 14 11 13 15 16 10 17 51 50 48 27 
AQUIIII!!53 14 13 52 15 12 22 50 11 23 27 17 25 9 10 16 
AQUIIII!!27 3 1 8 31 19 38 0 4 7 21 18 28 20 47 2 
AQUIIII!!53 48 27 20 18 21 31 8 24 51 47 19 9 3 29 4 
AQUIIII!!53 22 24 48 47 20 18 19 8 9 15 27 51 31 21 11 
AQUIIII!!51 53 24 18 15 21 48 11 9 47 31 19 20 50 27 22 
AQUIIII!!53 52 17 11 25 15 23 9 16 51 22 50 10 13 27 14 
AQUIIII!!47 AQUIIII!!21 51 3 47 8 53 19 20 20 8 29 22 27 11 9 19 53 9 4 31 18 24 18 31 27 48 24 51 48 
21 4 
AQUIIII!!53 9 14 27 51 47 15 16 23 11 10 22 50 13 48 31 
AQUIIII!!53 21 3 31 2 28 27 48 51 18 20 47 4 19 38 8 
AQUIIII!!53 50 52 17 10 14 16 23 25 22 51 13 15 27 9 11 
AQUIIII!!53 4 48 21 31 22 19 18 9 47 27 20 8 24 11 51 
AQUIIII!!21 3 47 20 38 28 1 AQUIIII!!27 7 53 51 19 11 18 0 19 21 2 31 31 4 18 8 47 
27 24 8 20 48 22 9 15 
AQUIIII!!53 4 51 18 31 48 19 20 8 47 3 24 9 29 27 21 
AQUIIII!!53 47 51 20 21 8 48 4 28 19 27 2 31 38 3 18 
AQUIIII!!53 51 47 48 11 9 27 50 13 23 15 14 22 21 10 31 
AQUIIII!!53 13 10 21 50 9 51 22 11 15 31 14 27 47 48 23 
AQUIIII!!53 AQUIIII!!51 10 53 48 11 15 52 24 22 47 15 9 13 31 17 50 16 19 27 21 51 27 14 20 9 11 25 22 50 
23 10 
AQUIIII!!47 21 4 11 18 9 27 22 8 24 48 20 31 53 19 51 
AQUIIII!!53 21 8 27 20 48 9 19 31 47 29 18 3 4 51 24 
AQUIIII!!53 22 9 13 15 27 16 52 51 50 25 11 10 23 14 17 
AQUIIII!!53 13 21 22 23 10 31 50 15 20 48 27 11 51 47 9 
AQUIIII!!53 14 27 17 31 10 13 48 23 15 11 50 51 9 22 16 
Number of Cuts in the second phase:5721
Number of repeat: 5483 
Violation: 84.000000
Violation: 284.000000
Violation: 245.000000
Violation: 33.000000
Violation: 500.000000
Violation: 500.000000
Violation: 200.000000
Violation: 600.000000
Violation: 333.000000
Violation: 1200.000000
Violation: 136.000000
Violation: 200.000000
Violation: 252.000000
Violation: 250.000000
Violation: 600.000000
Violation: 568.000000
Violation: 334.000000
Violation: 200.000000
Violation: 101.000000
Violation: 168.000000
Violation: 556.000000
Violation: 333.000000
Violation: 1000.000000
Violation: 100.000000
Violation: 1000.000000
Violation: 200.000000
Violation: 400.000000
Violation: 500.000000
Violation: 500.000000
Violation: 400.000000
Violation: 200.000000
Violation: 533.000000
Violation: 167.000000
Violation: 1050.000000
Violation: 200.000000
Violation: 1000.000000
Violation: 600.000000
Violation: 55.000000
Violation: 200.000000
Violation: 1050.000000
Violation: 416.000000
Violation: 500.000000
Violation: 250.000000
Violation: 55.000000
Violation: 833.000000
Violation: 450.000000
Violation: 249.000000
Violation: 368.000000
Violation: 1250.000000
Violation: 278.000000
Violation: 200.000000
Violation: 484.000000
Violation: 100.000000
Violation: 600.000000
Violation: 346.000000
Violation: 333.000000
Violation: 571.000000
Violation: 500.000000
Violation: 1000.000000
Violation: 1000.000000
Violation: 284.000000
Violation: 200.000000
Violation: 396.000000
Violation: 250.000000
Violation: 26.000000
Violation: 284.000000
Violation: 700.000000
Violation: 500.000000
Violation: 200.000000
Violation: 168.000000
Violation: 445.000000
Violation: 333.000000
Violation: 368.000000
Violation: 385.000000
Violation: 200.000000
Violation: 500.000000
Violation: 200.000000
Violation: 83.000000
Violation: 1000.000000
Violation: 250.000000
Violation: 800.000000
Violation: 55.000000
Violation: 200.000000
Violation: 750.000000
Violation: 710.000000
Violation: 1000.000000
Violation: 850.000000
Violation: 165.000000
Violation: 600.000000
Violation: 194.000000
Violation: 136.000000
Violation: 372.000000
Violation: 400.000000
Violation: 833.000000
Violation: 582.000000
Violation: 500.000000
Violation: 1000.000000
Violation: 250.000000
Violation: 800.000000
Violation: 194.000000
Violation: 97.000000
Violation: 100.000000
Violation: 250.000000
Violation: 583.000000
Violation: 33.000000
Violation: 272.000000
Violation: 110.000000
Violation: 136.000000
Violation: 833.000000
Violation: 333.000000
Violation: 450.000000
Violation: 1200.000000
Violation: 200.000000
Violation: 500.000000
Violation: 100.000000
Violation: 33.000000
Violation: 500.000000
Violation: 168.000000
Violation: 200.000000
Violation: 226.000000
Violation: 226.000000
Violation: 600.000000
Violation: 400.000000
Violation: 750.000000
Violation: 950.000000
Violation: 400.000000
Violation: 110.000000
Violation: 34.000000
Violation: 684.000000
Violation: 700.000000
Violation: 900.000000
Violation: 33.000000
Violation: 600.000000
Violation: 583.000000
Violation: 156.000000
Violation: 84.000000
Violation: 200.000000
Violation: 200.000000
Violation: 200.000000
Violation: 400.000000
Violation: 600.000000
Violation: 400.000000
Violation: 396.000000
Violation: 66.000000
Violation: 500.000000
Violation: 1000.000000
Violation: 350.000000
Violation: 1250.000000
Violation: 850.000000
Violation: 400.000000
Violation: 1142.000000
Violation: 450.000000
Violation: 750.000000
Violation: 684.000000
Violation: 200.000000
Violation: 800.000000
Violation: 2.000000
Violation: 383.000000
Violation: 433.000000
Violation: 600.000000
Violation: 500.000000
Violation: 200.000000
Violation: 452.000000
Violation: 833.000000
Violation: 26.000000
Violation: 250.000000
Violation: 400.000000
Violation: 200.000000
Violation: 600.000000
Violation: 900.000000
Violation: 533.000000
Violation: 533.000000
Violation: 142.000000
Violation: 833.000000
Violation: 500.000000
Violation: 600.000000
Violation: 315.000000
Violation: 1200.000000
Violation: 183.000000
Violation: 200.000000
Violation: 51.000000
Violation: 583.000000
Violation: 223.000000
Violation: 333.000000
Violation: 400.000000
Violation: 168.000000
Violation: 655.000000
Violation: 50.000000
Violation: 245.000000
Violation: 950.000000
Violation: 200.000000
Violation: 537.000000
Violation: 200.000000
Violation: 333.000000
Violation: 400.000000
Violation: 1200.000000
Violation: 381.000000
Violation: 1233.000000
Violation: 167.000000
Violation: 200.000000
Violation: 500.000000
Violation: 138.000000
Violation: 272.000000
Violation: 350.000000
Violation: 167.000000
Violation: 83.000000
Violation: 84.000000
Violation: 850.000000
Violation: 84.000000
Violation: 388.000000
Violation: 251.000000
Violation: 1281.000000
Violation: 805.000000
Violation: 196.000000
Violation: 191.000000
Violation: 359.000000
Violation: 200.000000
Violation: 250.000000
Violation: 50.000000
Violation: 251.000000
Violation: 983.000000
Violation: 400.000000
Violation: 600.000000
Violation: 214.000000
Violation: 92.000000
Violation: 400.000000
Violation: 526.000000
Violation: 400.000000
Violation: 1226.000000
Violation: 20.000000
Violation: 284.000000
Violation: 833.000000
Violation: 600.000000
Violation: 1000.000000
Violation: 500.000000
Violation: 500.000000
Violation: 348.000000
Violation: 100.000000
7404 16
AQUIIII!!AQUIIII!!53 53 22 13 31 50 15 24 27 21 20 51 11 18 AQUIIII!!51 47 10 48 53 11 21 11 50 27 17 23 15 9 47 19 52 48 9 15 22 20 16 9 31 14 

23 10 51 50 13 22 27 25 
AQUIIII!!21 47 3 1 8 31 18 2 27 4 19 38 0 28 20 48 
AQUIIII!!53 47 4 24 48 31 21 3 20 27 18 9 29 19 8 51 
AQUIIII!!48 31 20 3 AQUIIII!!38 47 18 53 8 38 28 2 19 27 21 4 28 47 51 53 4 21 27 2 19 51 48 
18 8 3 31 20 
AQUIIII!!19 48 21 24 3 29 18 31 27 4 9 20 8 AQUIIII!!51 11 53 AQUIIII!!15 47 47 19 
27 8 31 22 48 21 13 AQUIIII!!48 16 38 23 9 18 9 27 19 10 20 21 14 31 8 11 18 51 15 24 27 50 51 22 31 53 51 28 47 53 AQUIIII!!4 
47 
48 31 3 48 20 51 2 8 AQUIIII!!53 21 11 4 47 13 11 
31 19 50 27 9 18 9 17 AQUIIII!!24 16 21 20 27 2 22 10 51 53 15 20 
AQUIIII!!14 47 AQUIIII!!50 23 28 22 22 AQUIIII!!22 19 14 27 48 48 27 27 31 53 9 31 9 50 51 11 14 
31 3 21 10 11 48 15 11 50 18 24 15 15 4 10 48 16 8 47 19 47 21 38 51 51 51 53 47 27 10 AQUIIII!!AQUIIII!!20 
13 9 15 51 31 23 22 AQUIIII!!48 8 21 53 23 53 AQUIIII!!AQUIIII!!31 31 20 

13 31 47 2 15 18 53 AQUIIII!!9 8 24 21 9 
48 47 3 29 47 27 50 22 28 20 27 AQUIIII!!48 47 27 22 53 24 48 19 4 27 10 21 18 21 8 22 38 23 20 31 50 8 31 24 18 50 47 27 3 51 21 20 AQUIIII!!13 51 27 20 22 4 47 31 47 16 23 11 AQUIIII!!31 19 19 23 11 20 51 27 23 17 9 51 48 18 24 14 15 51 13 9 53 18 11 27 11 51 48 14 10 
47 AQUIIII!!16 9 19 4 15 16 11 AQUIIII!!53 15 22 16 9 19 48 11 AQUIIII!!27 21 48 15 
13 31 15 51 22 
53 10 53 50 10 48 9 14 53 11 

31 13 53 24 51 
AQUIIII!!AQUIIII!!13 50 
16 15 50 27 10 18 11 48 23 14 19 27 10 19 9 22 13 31 18 4 47 53 22 47 27 
48 20 53 9 17 48 21 
47 20 15 3 10 8 21 24 AQUIIII!!14 50 29 4 51 51 53 19 9 27 48 48 21 AQUIIII!!31 AQUIIII!!9 27 50 15 31 8 8 29 51 17 4 11 31 51 51 24 16 9 3 9 22 29 8 23 22 51 AQUIIII!!47 22 11 21 19 9 10 24 53 47 20 53 27 31 9 53 20 15 53 
51 
14 24 18 

51 4 27 48 21 27 48 52 53 AQUIIII!!22 31 3 12 53 11 
11 9 23 21 31 50 19 25 19 20 20 47 13 15 47 13 22 11 50 21 31 48 50 18 9 27 
53 53 48 27 

10 22 48 47 23 11 53 24 
51 20 10 9 AQUIIII!!31 50 
51 23 11 15 13 22 9 31 48 10 14 21 27 47 53 AQUIIII!!
53 11 51 21 48 19 47 24 8 22 20 18 AQUIIII!!9 53 27 25 31 10 15 22 
52 23 27 14 17 16 51 15 11 50 13 9 
AQUIIII!!4 1 3 47 18 2 38 28 27 21 19 8 48 20 51 31 
AQUIIII!!22 13 31 51 27 47 9 16 14 11 48 10 23 15 50 53 
AQUIIII!!10 31 17 9 13 48 50 23 27 14 16 11 22 15 53 51 
AQUIIII!!AQUIIII!!48 20 14 4 23 AQUIIII!!11 10 11 51 25 47 21 51 10 13 48 21 50 18 50 AQUIIII!!23 19 48 9 27 47 8 51 17 18 24 22 11 38 9 9 31 47 22 15 13 3 27 22 15 31 31 52 27 27 8 16 4 53 53 14 21 

53 20 
28 2 AQUIIII!!51 18 19 48 53 8 
4 51 3 19 AQUIIII!!28 53 48 27 31 31 27 53 13 10 38 15 21 51 9 47 20 2 21 AQUIIII!!50 AQUIIII!!20 47 53 
27 22 19 23 9 4 11 AQUIIII!!48 3 
47 18 48 21 21 18 8 9 3 47 38 19 27 21 51 24 18 2 4 29 28 31 20 19 20 27 24 8 
31 AQUIIII!!20 48 48 4 51 47 31 51 47 53 10 11 51 20 8 
27 22 24 53 21 
50 AQUIIII!!AQUIIII!!15 27 21 31 10 11 9 23 22 12 48 9 16 19 20 13 53 22 47 
50 31 9 11 11 17 24 25 27 52 10 14 19 15 50 53 AQUIIII!!15 
20 22 18 51 8 53 31 
24 9 48 27 4 21 47 19 3 29 53 51 
AQUIIII!!53 19 21 48 18 9 31 24 8 29 47 AQUIIII!!20 53 51 22 27 14 4 11 3 9 
25 50 AQUIIII!!12 16 53 17 13 22 52 16 17 11 15 50 10 14 23 27 27 13 
10 9 12 23 15 25 52 
AQUIIII!!53 17 50 25 52 23 12 10 9 11 22 13 14 15 27 16 
AQUIIII!!18 4 28 27 31 38 20 8 3 51 48 2 19 47 AQUIIII!!1 24 21 48 
11 20 47 18 27 21 15 51 9 19 22 50 AQUIIII!!31 31 53 9 
50 21 24 22 47 11 AQUIIII!!19 3 15 19 51 21 27 2 20 20 48 18 51 18 31 53 
48 28 38 4 27 8 47 53 
AQUIIII!!53 21 20 18 9 24 22 31 11 51 47 48 50 15 27 19 
AQUIIII!!50 48 10 27 AQUIIII!!11 51 16 47 31 23 51 9 15 50 47 11 22 22 13 13 9 AQUIIII!!20 14 13 15 23 48 51 53 48 21 
22 10 17 31 27 27 10 53 14 
15 16 AQUIIII!!31 17 50 22 AQUIIII!!9 48 21 23 27 47 10 11 18 15 53 51 50 
13 48 11 8 AQUIIII!!23 20 9 16 4 22 31 38 AQUIIII!!27 51 2 31 51 14 22 27 18 50 9 28 51 11 53 31 27 19 
19 16 48 13 3 20 AQUIIII!!17 53 47 23 27 
50 48 11 15 24 18 9 31 24 10 15 20 14 21 11 47 53 53 22 

19 51 9 21 8 48 15 31 53 
AQUIIII!!53 14 50 31 48 22 47 21 23 15 9 11 51 10 27 13 
AQUIIII!!51 53 31 22 24 19 9 11 15 47 18 21 27 50 48 20 
AQUIIII!!47 53 51 20 31 19 24 22 9 21 48 18 8 11 15 27 
AQUIIII!!27 8 18 47 20 19 3 48 21 28 2 38 4 53 31 51 
AQUIIII!!20 27 21 13 10 31 51 23 47 11 9 48 22 15 50 53 
AQUIIII!!53 27 10 22 15 13 9 16 52 17 14 51 23 25 50 11 
AQUIIII!!24 31 AQUIIII!!27 9 8 10 13 4 11 9 20 18 23 21 21 48 31 11 48 22 47 19 50 20 27 51 22 47 15 53 53 
51 AQUIIII!!
9 23 AQUIIII!!15 8 50 31 AQUIIII!!11 3 AQUIIII!!19 31 20 2 14 27 38 4 13 11 18 21 51 20 48 48 22 16 19 51 8 27 27 20 47 22 51 38 9 48 4 28 AQUIIII!!19 47 28 17 18 48 52 2 10 31 21 22 27 47 53 15 11 47 21 31 15 
3 1 51 13 8 25 18 
53 12 24 
10 53 27 
16 23 9 50 14 53 
AQUIIII!!AQUIIII!!53 13 8 14 24 22 AQUIIII!!20 10 53 21 48 13 4 51 27 51 9 16 3 22 48 51 25 31 9 27 18 23 50 47 50 23 9 31 52 27 11 19 15 17 10 29 15 
17 53 11 
16 14 
AQUIIII!!53 48 21 3 19 38 18 2 47 4 51 31 27 28 20 8 
AQUIIII!!31 48 19 27 51 20 38 4 28 8 47 18 21 3 2 53 
AQUIIII!!17 15 9 16 11 22 25 13 52 50 27 23 14 10 53 51 
AQUIIII!!20 38 AQUIIII!!47 53 31 47 8 2 18 19 4 21 51 8 19 4 20 3 24 9 18 27 51 28 21 48 48 27 31 3 53 29 

AQUIIII!!9 31 21 11 27 50 13 14 22 15 47 10 23 48 51 53 
AQUIIII!!53 4 47 19 31 21 22 9 51 27 AQUIIII!!24 48 8 AQUIIII!!48 27 53 18 31 23 20 19 25 11 9 11 
20 22 4 15 27 22 14 11 13 51 12 8 10 AQUIIII!!47 52 22 21 9 17 17 51 24 AQUIIII!!9 16 18 28 27 50 53 AQUIIII!!16 
51 
15 53 20 13 15 8 50 27 38 10 25 31 19 23 27 11 52 3 9 14 18 47 11 21 10 53 AQUIIII!!4 
51 3 2 48 9 48 21 21 24 47 48 22 19 24 20 53 27 
50 19 20 31 4 
47 AQUIIII!!51 53 29 31 18 8 31 18 27 53 9 
29 48 47 AQUIIII!!4 53 51 27 24 51 20 47 8 24 21 11 19 4 3 48 
8 21 19 18 20 22 31 9 
AQUIIII!!3 28 31 20 51 47 27 8 18 38 21 2 4 19 48 53 
AQUIIII!!47 51 21 4 27 48 24 19 20 22 11 9 18 8 31 53 
AQUIIII!!22 11 50 AQUIIII!!15 53 20 20 21 50 48 19 19 48 27 15 31 27 24 47 9 31 18 51 47 22 51 18 53 21 AQUIIII!!
9 48 11 18 24 19 
9 4 51 21 20 47 27 29 31 24 3 8 53 
AQUIIII!!53 18 47 8 4 24 21 19 31 3 29 51 48 27 20 9 
AQUIIII!!18 20 8 51 38 21 4 48 2 19 28 47 27 31 3 53 
AQUIIII!!48 13 31 22 23 27 51 15 14 10 9 16 50 11 17 53 
AQUIIII!!53 27 47 2 19 31 20 18 4 48 38 51 28 8 3 21 
AQUIIII!!53 10 11 AQUIIII!!50 53 51 31 9 21 13 27 22 22 15 23 14 14 48 50 23 47 31 10 21 13 47 11 27 15 
9 51 48 
AQUIIII!!53 31 14 21 47 27 51 10 48 13 22 15 23 AQUIIII!!11 53 9 51 50 
47 21 15 48 31 50 22 24 19 9 11 18 27 20 
AQUIIII!!53 48 27 22 15 10 31 23 50 14 51 13 9 16 11 17 
AQUIIII!!51 48 23 50 9 15 31 27 11 13 22 AQUIIII!!17 53 16 9 11 14 48 10 27 53 19 
22 21 47 18 20 24 51 31 4 8 
AQUIIII!!51 19 11 22 47 18 8 21 9 27 4 31 20 48 24 53 
AQUIIII!!53 22 51 16 11 15 10 27 48 23 50 31 13 17 14 9 
AQUIIII!!53 50 16 10 9 14 15 48 AQUIIII!!22 31 51 13 31 15 13 10 47 27 23 22 11 AQUIIII!!9 27 21 23 
4 14 22 50 20 11 24 16 11 47 19 51 9 48 47 53 48 
AQUIIII!!18 53 27 31 18 8 47 53 20 51 9 
3 21 27 31 19 AQUIIII!!4 4 8 3 29 24 51 47 AQUIIII!!24 21 50 48 29 48 
18 31 27 AQUIIII!!9 16 8 9 10 20 23 11 31 14 50 19 9 16 51 13 27 48 15 53 14 AQUIIII!!23 
53 13 17 15 9 22 12 10 10 27 15 22 51 51 25 16 53 11 31 
AQUIIII!!17 23 53 52 22 53 31 50 
14 48 27 20 11 19 48 47 17 13 29 
8 4 9 3 51 21 24 27 18 
AQUIIII!!53 20 2 27 3 51 4 19 48 21 31 28 18 38 47 8 
AQUIIII!!53 50 19 15 47 31 9 22 21 11 18 24 51 48 20 27 
AQUIIII!!53 10 47 23 11 20 9 50 21 15 13 22 51 48 31 27 
AQUIIII!!51 53 4 18 38 28 2 8 21 27 19 31 3 47 20 48 
AQUIIII!!31 51 13 27 47 50 9 23 48 11 10 14 22 21 15 53 
AQUIIII!!53 20 31 21 47 27 38 4 28 19 51 18 8 48 3 2 
AQUIIII!!2 53 38 28 31 51 3 21 20 4 8 27 48 19 47 18 
AQUIIII!!53 11 51 AQUIIII!!47 31 9 48 18 24 21 19 22 31 20 21 19 15 20 27 27 50 18 47 22 15 50 48 
24 9 11 AQUIIII!!53 53 51 22 
14 48 15 11 21 31 51 9 27 13 50 10 23 47 
AQUIIII!!53 8 51 11 18 47 24 48 21 9 31 19 27 15 20 22 
AQUIIII!!53 17 27 23 22 50 15 13 11 10 16 14 51 52 25 9 
AQUIIII!!53 51 20 9 15 27 31 19 47 24 50 22 11 21 48 18 
AQUIIII!!48 47 22 51 20 11 24 27 18 15 50 21 31 19 9 53 
AQUIIII!!53 22 27 48 13 31 15 47 21 10 14 50 23 51 9 11 
AQUIIII!!3 4 31 28 18 48 27 2 19 20 8 21 38 53 47 51 
AQUIIII!!53 AQUIIII!!8 51 21 53 24 15 31 27 47 50 18 16 27 9 4 23 29 11 20 17 9 22 AQUIIII!!13 48 53 3 52 13 10 19 9 51 25 10 14 

14 50 23 51 15 11 47 22 31 16 27 48 
AQUIIII!!22 9 24 AQUIIII!!21 50 53 10 48 11 20 15 14 27 51 18 23 9 19 16 31 51 27 22 11 50 47 47 53 13 
31 48 15 
AQUIIII!!28 31 38 47 3 19 2 4 8 18 27 20 21 48 0 1 
AQUIIII!!53 10 48 13 22 50 27 17 23 51 31 16 11 9 14 15 
AQUIIII!!53 19 18 20 24 27 11 47 31 48 8 22 15 51 21 9 
AQUIIII!!4 47 21 2 27 38 19 31 8 28 1 20 3 51 48 18 
AQUIIII!!28 38 18 4 27 51 53 3 8 48 20 31 19 21 2 47 
AQUIIII!!53 15 23 52 22 9 27 50 51 16 17 14 11 13 25 10 
AQUIIII!!48 8 31 27 24 18 21 11 9 51 22 19 53 4 47 20 
AQUIIII!!53 15 23 25 16 14 12 27 52 11 10 9 50 22 13 17 
AQUIIII!!20 31 28 18 19 3 1 27 0 38 7 4 8 21 47 2 
AQUIIII!!53 16 48 14 23 47 50 11 10 31 9 22 13 51 15 27 
AQUIIII!!53 13 50 51 17 25 AQUIIII!!14 53 11 11 22 21 16 15 15 27 23 22 27 24 10 18 52 47 9 20 
51 8 31 19 48 9 
AQUIIII!!53 21 15 19 47 48 24 31 18 50 11 27 51 20 22 9 
AQUIIII!!53 48 11 22 10 23 9 51 15 16 31 50 27 47 14 13 
AQUIIII!!53 20 28 47 27 48 38 3 4 2 8 51 31 18 21 19 
AQUIIII!!53 13 50 11 10 22 12 15 27 16 17 25 9 14 52 23 
AQUIIII!!20 4 47 0 21 19 7 28 38 1 3 2 8 31 18 27 
AQUIIII!!47 4 21 19 48 53 20 22 31 11 24 9 27 8 18 51 
AQUIIII!!53 4 27 9 8 31 19 AQUIIII!!24 53 48 51 20 48 29 18 3 21 21 31 18 28 47 4 51 8 
3 38 27 47 19 20 2 
AQUIIII!!53 51 8 9 24 21 18 48 19 20 31 11 15 47 27 22 
AQUIIII!!53 10 21 9 27 15 51 22 19 31 50 11 47 20 48 24 
AQUIIII!!53 9 51 48 50 16 14 31 47 22 10 23 27 15 13 11 
AQUIIII!!53 48 15 13 51 22 10 27 50 11 21 23 31 47 14 9 
AQUIIII!!53 16 47 11 22 51 48 9 15 31 14 27 50 23 13 10 
AQUIIII!!53 19 51 48 11 24 22 20 47 50 10 27 21 9 31 15 
AQUIIII!!53 27 13 48 11 51 9 50 23 22 14 17 15 16 31 10 
AQUIIII!!4 21 47 38 2 27 48 1 18 28 0 20 8 19 31 3 
AQUIIII!!53 19 8 31 27 18 3 48 51 24 21 4 47 29 20 9 
AQUIIII!!47 20 4 19 38 27 28 2 7 18 0 3 31 21 1 8 
Number of Cuts in the second phase:4944
Number of repeat: 4876 
Violation: 571.000000
Violation: 55.000000
Violation: 684.000000
Violation: 233.000000
Violation: 333.000000
Violation: 600.000000
Violation: 83.000000
Violation: 222.000000
Violation: 700.000000
Violation: 521.000000
Violation: 245.000000
Violation: 333.000000
Violation: 84.000000
Violation: 900.000000
Violation: 533.000000
Violation: 250.000000
Violation: 600.000000
Violation: 750.000000
Violation: 471.000000
Violation: 200.000000
Violation: 39.000000
Violation: 200.000000
Violation: 200.000000
Violation: 250.000000
Violation: 471.000000
Violation: 733.000000
Violation: 400.000000
Violation: 300.000000
Violation: 800.000000
Violation: 1150.000000
Violation: 83.000000
Violation: 333.000000
Violation: 396.000000
Violation: 1233.000000
Violation: 136.000000
Violation: 333.000000
Violation: 110.000000
Violation: 31.000000
Violation: 33.000000
Violation: 150.000000
Violation: 333.000000
Violation: 221.000000
Violation: 200.000000
Violation: 400.000000
Violation: 1233.000000
Violation: 500.000000
Violation: 250.000000
Violation: 883.000000
Violation: 333.000000
Violation: 768.000000
Violation: 271.000000
Violation: 50.000000
Violation: 400.000000
Violation: 850.000000
Violation: 500.000000
Violation: 600.000000
Violation: 533.000000
Violation: 1100.000000
Violation: 700.000000
Violation: 300.000000
Violation: 55.000000
Violation: 550.000000
Violation: 360.000000
Violation: 250.000000
Violation: 800.000000
Violation: 1083.000000
Violation: 800.000000
Violation: 1250.000000
took 4.068431
Optimize a model with 674 rows, 906 columns and 10410 nonzeros
Coefficient statistics:
  Matrix range     [1e+00, 4e+01]
  Objective range  [0e+00, 0e+00]
  Bounds range     [1e+00, 4e+01]
  RHS range        [1e+00, 1e+02]
Presolve removed 409 rows and 107 columns
Presolve time: 0.00s
Presolved: 265 rows, 799 columns, 8571 nonzeros

Iteration    Objective       Primal Inf.    Dual Inf.      Time
       0    0.0000000e+00   4.614294e+01   0.000000e+00      0s
     120    0.0000000e+00   0.000000e+00   0.000000e+00      0s

Solved in 120 iterations and 0.01 seconds
Optimal objective  0.000000000e+00
