j3017_4.mm_s4.txt
Academic license - for non-commercial use only
Read LP format model from file lp/j3017_4.mm.lp
Reading time = 0.01 seconds
: 351 rows, 906 columns, 9053 nonzeros
OKGPU
nThreads: 1024 , nBlocks: 12 
Number cuts generated in the phase 1: 11
Number of repeat: 4 
violation 750.000000
violation 400.000000
violation 420.000000
violation 249.000000
violation 84.000000
violation 139.000000
violation 800.000000
8592 16
AQUIIII!!AQUIIII!!53 53 16 22 15 51 48 23 21 31 9 50 15 9 22 29 AQUIIII!!25 27 53 23 14 15 AQUIIII!!51 13 22 53 47 47 22 11 20 47 31 10 48 AQUIIII!!28 11 24 27 29 53 50 48 51 37 15 10 31 11 
24 29 24 21 51 9 
47 27 50 21 21 27 27 11 29 11 20 31 50 22 28 15 9 
9 
31 19 48 AQUIIII!!51 53 20 9 24 24 28 18 
20 28 11 21 47 29 22 31 19 27 51 48 
AQUIIII!!51 53 19 9 47 48 11 20 21 24 31 27 29 28 18 22 
AQUIIII!!48 28 24 29 22 19 27 21 51 11 AQUIIII!!20 15 31 10 9 11 AQUIIII!!18 22 13 47 AQUIIII!!21 22 48 53 31 27 13 
23 23 24 AQUIIII!!27 50 47 15 50 AQUIIII!!25 9 29 9 AQUIIII!!31 15 AQUIIII!!51 31 11 23 20 10 11 47 47 51 25 50 51 31 22 19 48 15 27 29 15 22 10 9 27 23 51 48 AQUIIII!!8 51 24 24 10 47 11 11 51 9 27 50 24 AQUIIII!!20 51 27 21 53 53 16 31 10 9 
18 22 10 
53 23 50 27 31 50 AQUIIII!!47 
9 11 9 22 15 24 48 27 51 25 27 19 29 51 23 29 31 29 28 48 13 29 13 22 28 48 22 22 37 21 20 8 8 24 14 14 47 28 21 53 9 48 19 31 22 53 18 
9 25 53 28 
48 11 24 
24 24 21 21 47 50 53 AQUIIII!!18 53 15 
31 9 31 
53 20 9 
27 16 48 50 AQUIIII!!31 13 11 53 31 AQUIIII!!15 48 47 9 13 AQUIIII!!47 51 47 25 50 AQUIIII!!11 
21 37 AQUIIII!!15 53 25 29 22 22 31 31 27 48 10 14 9 10 24 19 14 51 28 24 50 24 23 13 47 AQUIIII!!48 51 11 28 27 11 51 13 22 31 15 21 25 53 23 10 28 9 27 23 51 23 11 51 18 18 31 15 
22 47 20 AQUIIII!!9 11 48 24 9 53 27 29 24 50 22 AQUIIII!!27 27 50 
48 29 22 9 11 22 25 31 21 16 19 10 53 AQUIIII!!9 25 20 51 10 48 27 48 51 15 11 37 31 47 21 20 11 50 22 
27 23 29 25 53 15 22 15 53 24 24 17 

10 
20 27 51 53 13 23 11 14 
28 22 31 19 9 47 13 53 53 
24 
AQUIIII!!48 53 10 50 21 23 14 22 9 51 11 29 9 24 15 31 48 47 15 AQUIIII!!51 31 27 25 50 53 27 AQUIIII!!9 

53 24 13 48 37 15 AQUIIII!!51 50 11 22 22 16 23 23 23 50 AQUIIII!!13 15 14 53 31 24 29 31 51 13 11 22 27 9 27 10 31 50 9 14 51 9 25 50 11 24 15 53 47 10 14 
51 48 27 21 11 10 28 27 25 20 
53 31 
15 22 48 
AQUIIII!!50 9 31 10 22 13 23 25 14 27 24 15 48 11 51 AQUIIII!!53 21 
27 48 9 20 31 24 47 51 11 50 29 28 15 22 53 
AQUIIII!!53 48 8 18 20 47 28 38 AQUIIII!!19 31 51 4 27 50 24 51 10 21 27 29 AQUIIII!!
9 27 21 9 47 21 22 15 24 AQUIIII!!31 10 16 24 11 11 23 11 17 23 15 13 22 29 15 47 48 AQUIIII!!50 22 53 53 51 25 
9 31 37 29 48 23 24 AQUIIII!!29 10 22 9 53 31 50 
27 20 31 11 51 14 25 21 27 47 27 9 23 28 53 15 11 
19 48 47 24 15 10 AQUIIII!!48 13 53 
47 50 48 31 28 22 24 51 53 AQUIIII!!18 51 20 27 27 
9 29 11 22 31 48 9 22 19 11 15 21 
24 AQUIIII!!13 AQUIIII!!AQUIIII!!48 48 23 31 9 13 AQUIIII!!24 50 51 47 50 47 47 31 27 28 23 22 20 25 22 9 48 11 11 14 28 21 20 27 10 29 20 51 31 18 29 53 9 9 25 31 51 AQUIIII!!19 19 11 10 53 22 
24 29 15 21 51 15 51 51 22 27 50 16 AQUIIII!!18 53 53 20 28 11 10 

48 15 24 24 27 31 AQUIIII!!22 21 50 19 AQUIIII!!11 8 27 47 14 21 28 47 29 21 19 37 28 31 11 31 9 53 48 27 9 53 48 

29 47 
24 21 31 22 9 24 9 27 19 15 24 27 22 51 18 23 29 22 51 48 51 20 29 20 21 53 28 18 47 
8 31 53 AQUIIII!!53 
51 
50 47 AQUIIII!!23 25 31 27 48 50 22 11 24 22 10 13 27 23 13 37 15 15 25 17 9 14 11 31 53 9 
16 10 53 
AQUIIII!!51 47 53 18 19 38 31 AQUIIII!!20 51 4 47 24 53 21 29 8 19 29 22 48 9 28 20 27 48 
21 28 18 8 27 31 24 
AQUIIII!!50 37 22 13 27 25 14 23 10 15 16 11 AQUIIII!!9 9 31 51 17 22 AQUIIII!!53 10 51 
14 16 22 31 23 13 27 11 9 23 25 25 AQUIIII!!14 24 27 10 13 9 15 50 11 50 15 27 48 37 15 11 24 22 31 53 53 50 

31 29 51 10 21 23 48 47 53 
AQUIIII!!9 31 20 8 51 27 28 22 21 24 19 48 18 29 47 53 
AQUIIII!!11 31 20 47 51 22 48 21 19 27 29 24 28 15 9 53 
AQUIIII!!50 11 16 13 9 25 27 15 AQUIIII!!10 47 14 22 22 51 23 15 37 25 AQUIIII!!17 24 19 31 10 53 28 48 
29 23 9 AQUIIII!!9 AQUIIII!!53 27 50 48 22 AQUIIII!!13 31 47 48 8 47 27 18 48 15 9 24 19 11 31 21 20 21 13 25 24 19 11 10 53 22 51 9 23 47 22 
18 31 27 51 AQUIIII!!28 9 24 47 24 29 51 53 51 27 20 11 16 29 28 50 21 31 20 11 31 11 22 48 27 14 
15 53 53 51 53 


31 AQUIIII!!37 27 AQUIIII!!23 10 51 22 53 48 9 22 27 21 9 25 29 11 22 10 23 48 13 15 18 8 50 50 31 29 15 20 21 9 47 AQUIIII!!31 20 24 
51 47 28 3 24 19 47 29 27 31 53 
28 
51 48 8 24 4 27 19 38 21 18 
AQUIIII!!53 19 29 31 8 47 28 38 AQUIIII!!51 20 18 9 48 19 20 24 24 28 27 48 21 51 4 31 
15 11 47 29 22 21 27 53 
AQUIIII!!24 20 47 22 27 31 48 9 19 51 AQUIIII!!29 53 21 9 11 23 28 10 15 27 53 22 
24 31 47 15 51 21 11 29 50 48 
AQUIIII!!53 25 24 10 27 51 13 14 23 11 48 22 31 9 15 50 
AQUIIII!!53 27 19 29 28 21 48 11 31 51 20 24 22 15 47 9 
AQUIIII!!53 31 23 10 14 27 25 16 22 17 15 9 11 13 37 50 
AQUIIII!!28 24 22 29 47 51 20 19 31 15 21 9 27 48 11 53 
AQUIIII!!23 17 16 22 AQUIIII!!11 13 47 AQUIIII!!15 28 31 27 9 9 20 27 10 8 11 37 21 25 31 31 20 14 29 18 50 18 53 51 48 
19 19 24 22 22 AQUIIII!!28 27 47 24 47 31 48 9 11 21 53 27 29 
25 51 48 9 53 51 
13 15 23 24 50 10 22 53 
AQUIIII!!51 53 24 31 22 13 9 11 48 10 23 25 15 50 27 47 
AQUIIII!!53 51 27 23 31 11 25 14 50 15 10 22 48 24 9 13 
AQUIIII!!53 48 9 47 50 31 23 22 27 29 24 51 21 10 11 15 
AQUIIII!!53 AQUIIII!!9 AQUIIII!!24 13 23 18 31 31 22 17 14 9 27 10 29 50 25 27 9 11 31 27 16 48 15 22 21 17 13 11 23 25 47 10 50 19 15 22 20 37 16 14 28 37 53 51 
11 53 

AQUIIII!!27 47 48 18 22 24 9 29 20 31 8 21 28 19 51 53 
AQUIIII!!22 11 AQUIIII!!10 53 18 48 19 24 48 25 24 29 47 20 31 38 15 51 31 50 4 27 27 28 23 47 9 21 13 8 
51 53 
AQUIIII!!53 8 19 48 29 28 18 AQUIIII!!51 50 47 11 21 23 4 15 20 24 27 10 31 22 24 31 38 27 
9 47 25 51 AQUIIII!!48 13 16 53 50 
14 31 10 15 37 11 17 25 23 27 22 13 9 53 
AQUIIII!!53 29 20 51 28 18 22 47 31 8 19 24 48 9 21 27 
AQUIIII!!27 48 28 29 24 21 20 8 22 51 31 9 19 47 18 53 
AQUIIII!!47 9 20 29 31 18 48 28 8 19 21 22 27 24 51 53 
AQUIIII!!53 9 27 13 51 24 31 10 25 48 50 15 22 11 47 23 AQUIIII!!
51 53 47 38 20 8 48 31 18 28 19 27 21 29 24 4 
AQUIIII!!53 8 51 21 47 9 24 27 18 20 28 31 19 22 29 48 
AQUIIII!!19 24 38 47 27 18 8 29 28 4 21 20 48 31 53 51 
AQUIIII!!25 15 16 13 37 11 14 10 22 9 27 23 31 50 53 17 
AQUIIII!!53 23 13 37 10 9 25 22 16 17 14 31 27 15 11 50 
AQUIIII!!31 24 50 28 9 20 51 48 22 21 11 15 47 27 29 53 
AQUIIII!!53 48 29 9 21 31 19 51 47 24 20 27 18 28 22 11 
AQUIIII!!9 14 50 48 23 31 25 13 27 10 22 15 11 51 24 53 
AQUIIII!!19 28 29 9 21 18 24 22 31 8 20 27 48 51 53 47 
AQUIIII!!19 8 47 38 4 31 29 18 27 24 28 21 53 20 48 51 
AQUIIII!!20 8 31 27 19 18 24 51 38 29 21 28 48 53 4 47 
AQUIIII!!27 31 51 48 8 18 21 4 28 19 47 38 20 29 AQUIIII!!24 18 53 29 
9 22 27 19 28 48 AQUIIII!!31 53 11 47 27 20 19 47 38 51 18 24 24 21 21 4 53 29 
51 48 8 31 20 28 
AQUIIII!!3 1 2 37 38 28 25 12 31 7 6 22 49 5 52 0 
AQUIIII!!53 13 51 31 14 48 27 11 15 22 25 23 24 9 10 50 
AQUIIII!!22 10 15 9 50 24 11 48 47 23 27 31 51 29 21 53 
AQUIIII!!51 53 15 22 9 11 23 25 31 48 10 27 13 24 47 50 
AQUIIII!!53 15 14 23 9 13 11 25 16 50 10 22 51 27 37 31 
AQUIIII!!51 11 9 29 15 21 10 27 24 31 50 48 23 22 47 53 
AQUIIII!!53 51 13 47 23 15 10 25 27 48 22 9 24 31 50 11 
AQUIIII!!AQUIIII!!53 51 53 47 10 24 24 19 23 15 31 31 13 51 25 28 27 27 48 9 48 22 18 50 11 47 
21 29 38 4 20 8 
AQUIIII!!53 38 27 47 31 28 48 21 4 24 8 51 18 29 20 19 
AQUIIII!!53 23 48 24 27 11 25 13 22 9 14 51 15 10 50 31 
AQUIIII!!8 19 27 18 22 51 31 24 47 48 21 20 9 AQUIIII!!28 53 29 47 53 48 27 
29 19 51 31 28 21 22 9 8 AQUIIII!!53 20 47 24 15 18 27 
23 22 48 10 29 AQUIIII!!24 53 50 31 37 21 11 51 13 11 50 9 
16 9 AQUIIII!!17 53 22 21 14 31 AQUIIII!!23 15 53 15 51 48 25 47 22 31 29 21 27 51 27 10 47 20 
29 11 27 22 20 28 19 50 9 48 31 9 11 24 15 
24 28 
AQUIIII!!53 9 21 19 51 47 24 20 27 31 28 15 11 29 48 22 
AQUIIII!!53 10 11 14 27 9 16 37 15 51 25 50 22 31 13 23 
AQUIIII!!29 22 27 51 28 8 24 9 31 47 48 21 20 19 18 53 
AQUIIII!!53 31 13 51 48 14 50 24 15 11 27 10 22 23 25 9 
AQUIIII!!24 8 19 18 31 27 20 4 AQUIIII!!21 53 24 29 50 48 31 38 11 28 51 47 25 51 48 53 27 22 
10 15 13 23 9 14 
AQUIIII!!53 10 9 15 27 47 23 50 29 AQUIIII!!51 51 11 53 22 48 31 24 21 31 48 11 24 29 
20 22 21 47 15 50 27 28 9 
AQUIIII!!53 51 27 24 4 21 38 8 31 19 47 18 20 48 28 29 
AQUIIII!!51 53 19 18 48 29 22 47 20 28 31 27 24 9 21 8 
AQUIIII!!51 53 20 19 24 47 9 21 15 22 AQUIIII!!31 53 28 28 29 AQUIIII!!27 20 53 48 31 14 11 24 
10 22 13 48 17 29 50 19 27 9 11 27 22 8 15 21 37 51 9 23 47 31 18 16 
25 
AQUIIII!!53 20 9 51 21 31 29 48 28 27 47 11 19 22 24 15 
AQUIIII!!53 20 21 51 31 24 28 27 19 22 15 29 47 9 48 11 
AQUIIII!!53 50 11 9 27 13 22 15 10 14 17 23 31 16 25 37 
AQUIIII!!53 48 51 9 22 28 21 20 19 29 27 18 11 47 31 24 
AQUIIII!!53 29 11 31 22 47 28 9 15 21 20 AQUIIII!!24 19 53 27 51 51 9 48 27 
14 10 48 11 31 50 15 23 22 24 25 13 
AQUIIII!!53 22 28 11 51 47 31 29 50 9 15 20 24 48 27 21 
AQUIIII!!53 27 9 29 11 21 28 19 18 22 51 47 48 20 31 24 
AQUIIII!!53 15 21 11 51 48 29 47 28 24 27 9 22 19 20 31 
AQUIIII!!53 9 31 25 22 10 50 11 16 27 13 14 23 37 15 51 
AQUIIII!!47 4 21 29 51 31 20 18 24 48 19 53 8 38 AQUIIII!!28 53 27 
19 8 28 48 24 20 29 31 47 51 9 27 18 21 22 
AQUIIII!!53 29 47 11 28 19 31 51 15 22 27 20 21 24 48 9 
AQUIIII!!53 27 25 24 13 50 22 11 14 10 31 23 48 15 9 AQUIIII!!51 
53 23 13 11 10 16 25 27 14 9 15 31 37 50 17 22 
AQUIIII!!53 11 37 17 16 27 14 15 25 13 22 10 31 9 50 23 
AQUIIII!!53 13 14 27 16 31 10 25 23 15 22 11 37 9 17 50 
AQUIIII!!53 50 15 11 31 22 9 14 24 51 27 25 23 48 10 13 
AQUIIII!!53 9 15 22 24 51 50 10 29 48 21 27 31 23 47 11 
AQUIIII!!4 47 21 38 8 3 18 28 24 2 48 27 19 20 29 31 
AQUIIII!!53 28 24 11 48 51 47 9 29 20 15 31 22 50 21 27 
AQUIIII!!53 19 9 8 20 24 21 47 27 51 22 48 18 28 31 29 
Number of Cuts in the second phase:5216
Number of repeat: 5027 
Violation: 168.000000
Violation: 600.000000
Violation: 568.000000
Violation: 500.000000
Violation: 600.000000
Violation: 250.000000
Violation: 1200.000000
Violation: 245.000000
Violation: 84.000000
Violation: 284.000000
Violation: 500.000000
Violation: 500.000000
Violation: 200.000000
Violation: 533.000000
Violation: 136.000000
Violation: 252.000000
Violation: 200.000000
Violation: 284.000000
Violation: 55.000000
Violation: 400.000000
Violation: 500.000000
Violation: 168.000000
Violation: 200.000000
Violation: 333.000000
Violation: 200.000000
Violation: 600.000000
Violation: 333.000000
Violation: 33.000000
Violation: 250.000000
Violation: 55.000000
Violation: 78.000000
Violation: 101.000000
Violation: 167.000000
Violation: 833.000000
Violation: 500.000000
Violation: 110.000000
Violation: 1000.000000
Violation: 368.000000
Violation: 200.000000
Violation: 200.000000
Violation: 600.000000
Violation: 31.000000
Violation: 100.000000
Violation: 168.000000
Violation: 500.000000
Violation: 250.000000
Violation: 1000.000000
Violation: 110.000000
Violation: 315.000000
Violation: 400.000000
Violation: 200.000000
Violation: 700.000000
Violation: 84.000000
Violation: 450.000000
Violation: 194.000000
Violation: 600.000000
Violation: 1000.000000
Violation: 500.000000
Violation: 272.000000
Violation: 400.000000
Violation: 194.000000
Violation: 666.000000
Violation: 1000.000000
Violation: 800.000000
Violation: 66.000000
Violation: 500.000000
Violation: 165.000000
Violation: 33.000000
Violation: 105.000000
Violation: 1.000000
Violation: 943.000000
Violation: 101.000000
Violation: 600.000000
Violation: 200.000000
Violation: 333.000000
Violation: 249.000000
Violation: 200.000000
Violation: 400.000000
Violation: 1200.000000
Violation: 200.000000
Violation: 571.000000
Violation: 226.000000
Violation: 583.000000
Violation: 600.000000
Violation: 334.000000
Violation: 1333.000000
Violation: 400.000000
Violation: 200.000000
Violation: 500.000000
Violation: 333.000000
Violation: 833.000000
Violation: 333.000000
Violation: 83.000000
Violation: 167.000000
Violation: 204.000000
Violation: 250.000000
Violation: 833.000000
Violation: 167.000000
Violation: 1050.000000
Violation: 385.000000
Violation: 433.000000
Violation: 582.000000
Violation: 200.000000
Violation: 84.000000
Violation: 400.000000
Violation: 346.000000
Violation: 500.000000
Violation: 800.000000
Violation: 750.000000
Violation: 571.000000
Violation: 156.000000
Violation: 200.000000
Violation: 97.000000
Violation: 556.000000
Violation: 400.000000
Violation: 34.000000
Violation: 233.000000
Violation: 136.000000
Violation: 33.000000
Violation: 685.000000
Violation: 1000.000000
Violation: 500.000000
Violation: 333.000000
Violation: 272.000000
Violation: 1000.000000
Violation: 445.000000
Violation: 245.000000
Violation: 200.000000
Violation: 381.000000
Violation: 1.000000
Violation: 200.000000
Violation: 969.000000
Violation: 100.000000
Violation: 933.000000
Violation: 400.000000
Violation: 533.000000
Violation: 833.000000
Violation: 400.000000
Violation: 1200.000000
Violation: 600.000000
Violation: 600.000000
Violation: 500.000000
Violation: 136.000000
Violation: 264.000000
Violation: 55.000000
Violation: 1.000000
Violation: 1000.000000
Violation: 200.000000
Violation: 200.000000
Violation: 943.000000
Violation: 800.000000
Violation: 37.000000
Violation: 1000.000000
Violation: 20.000000
Violation: 26.000000
Violation: 685.000000
Violation: 533.000000
Violation: 359.000000
Violation: 33.000000
Violation: 83.000000
Violation: 388.000000
Violation: 388.000000
Violation: 200.000000
Violation: 33.000000
Violation: 833.000000
Violation: 200.000000
Violation: 537.000000
Violation: 800.000000
Violation: 880.000000
Violation: 284.000000
Violation: 84.000000
Violation: 850.000000
Violation: 333.000000
Violation: 214.000000
Violation: 163.000000
Violation: 33.000000
Violation: 205.000000
Violation: 191.000000
Violation: 1142.000000
Violation: 200.000000
Violation: 938.000000
Violation: 750.000000
Violation: 533.000000
Violation: 537.000000
Violation: 132.000000
Violation: 250.000000
Violation: 51.000000
Violation: 1200.000000
Violation: 250.000000
7404 16
AQUIIII!!53 9 29 11 24 27 23 47 AQUIIII!!48 53 15 17 10 15 50 14 21 31 51 27 31 50 22 22 
AQUIIII!!16 53 37 8 18 23 47 10 22 29 25 27 11 48 9 51 13 28 31 
9 AQUIIII!!24 53 21 25 19 20 51 
10 47 AQUIIII!!27 53 15 11 22 47 13 25 13 48 9 51 9 11 24 24 22 50 15 31 10 23 AQUIIII!!31 
53 48 22 50 27 23 23 27 11 
16 25 31 10 51 13 14 15 37 9 50 
AQUIIII!!51 53 15 47 21 29 27 48 19 24 28 20 9 31 22 11 
AQUIIII!!27 20 24 48 47 29 31 21 19 11 18 9 51 22 28 53 
AQUIIII!!21 27 8 18 24 29 51 19 53 4 38 47 20 31 28 48 
AQUIIII!!23 13 15 22 50 27 11 47 24 9 10 31 25 51 53 48 
AQUIIII!!47 19 11 18 28 51 27 AQUIIII!!24 20 29 29 AQUIIII!!48 11 31 15 22 47 48 31 47 21 20 9 18 21 50 9 9 21 53 AQUIIII!!AQUIIII!!29 28 
51 27 22 22 31 24 13 28 AQUIIII!!AQUIIII!!47 31 25 24 AQUIIII!!22 47 18 27 22 20 22 22 53 9 11 51 28 51 27 20 50 11 
10 50 24 8 48 10 AQUIIII!!15 23 28 48 15 27 28 31 22 31 27 19 25 51 51 21 15 13 21 13 51 47 19 9 29 24 14 16 53 27 24 11 27 10 31 48 
11 48 21 27 11 23 29 47 48 48 50 9 31 38 20 24 53 51 23 9 19 50 
53 29 37 51 
53 31 14 25 18 
15 9 4 AQUIIII!!8 53 24 AQUIIII!!50 20 
53 19 53 10 

AQUIIII!!51 47 AQUIIII!!48 38 9 31 AQUIIII!!11 4 23 31 24 28 8 37 47 15 51 24 9 AQUIIII!!27 AQUIIII!!38 11 13 22 31 AQUIIII!!25 25 23 18 22 29 20 22 15 48 25 20 8 13 27 21 50 11 18 27 9 19 AQUIIII!!23 28 47 51 14 10 21 31 AQUIIII!!27 24 50 11 47 15 9 53 47 50 48 51 AQUIIII!!31 28 14 AQUIIII!!29 27 48 9 15 21 10 27 10 19 14 22 51 31 31 4 53 51 20 16 25 24 10 24 48 20 15 51 29 
22 13 9 AQUIIII!!25 29 51 27 27 14 22 15 27 53 53 9 27 48 37 25 51 
11 27 13 28 51 22 47 17 15 10 53 24 38 23 31 50 31 48 13 10 

16 4 11 13 13 50 24 50 14 23 21 25 48 13 22 53 25 10 18 23 48 31 24 23 
24 17 11 AQUIIII!!48 51 24 15 8 48 15 47 9 31 51 53 11 24 9 11 14 9 50 50 23 
27 53 AQUIIII!!23 13 53 50 16 

53 53 53 27 
31 25 21 

11 10 10 11 50 AQUIIII!!11 22 31 9 22 27 22 31 28 31 15 53 48 27 22 15 11 
24 25 53 19 13 47 
48 23 24 50 9 21 29 37 18 51 51 14 9 31 53 23 20 
15 29 47 27 10 22 AQUIIII!!53 
53 
AQUIIII!!9 47 53 27 21 10 9 50 23 AQUIIII!!27 11 53 15 50 27 47 21 31 24 15 37 20 24 17 29 31 25 11 22 11 22 29 22 31 48 48 23 51 14 51 
50 28 13 
15 10 16 9 
AQUIIII!!31 6 4 7 1 49 5 12 3 0 33 25 38 37 28 2 
AQUIIII!!48 31 19 24 21 29 28 20 8 27 47 22 18 51 9 53 
AQUIIII!!AQUIIII!!28 31 1 27 27 4 4 19 19 48 31 20 8 2 24 18 18 28 29 24 2 29 21 8 38 38 47 21 3 47 20 3 

AQUIIII!!38 AQUIIII!!4 24 51 48 29 18 11 19 AQUIIII!!47 29 18 9 24 24 50 21 38 31 31 2 21 27 8 22 8 19 15 28 4 AQUIIII!!48 AQUIIII!!AQUIIII!!3 53 29 15 28 51 22 20 20 AQUIIII!!13 31 20 51 47 23 28 27 AQUIIII!!16 28 27 
50 22 48 20 47 23 9 48 51 21 31 22 31 20 50 53 31 31 27 21 48 10 47 27 
47 3 11 15 24 51 29 24 AQUIIII!!50 21 23 15 25 10 15 47 51 27 11 9 27 29 25 
31 27 24 48 14 15 28 9 13 48 9 11 19 
47 9 51 11 AQUIIII!!27 11 24 47 13 25 53 20 9 
22 24 10 22 53 AQUIIII!!37 50 
23 11 AQUIIII!!47 AQUIIII!!53 51 22 28 31 21 24 
22 10 22 51 27 19 13 25 51 8 31 11 53 11 50 
18 24 24 50 27 27 27 22 31 AQUIIII!!9 28 18 51 15 24 11 51 48 13 48 50 29 31 53 22 15 29 23 48 
50 10 9 48 20 25 31 21 47 21 AQUIIII!!11 AQUIIII!!15 25 47 29 51 53 48 9 23 38 19 48 14 22 47 9 4 53 27 15 48 24 10 53 
31 47 13 50 53 
31 48 AQUIIII!!53 27 
51 
50 9 47 AQUIIII!!22 23 10 53 15 11 13 51 23 11 21 48 10 27 24 20 15 25 53 21 28 27 37 
29 9 24 27 24 23 10 9 50 22 10 16 9 15 31 23 25 51 29 14 31 53 
31 
11 13 53 AQUIIII!!51 51 15 47 50 9 29 
11 18 22 22 
24 AQUIIII!!20 53 48 11 21 24 AQUIIII!!8 47 48 19 13 28 15 48 13 31 50 27 25 9 22 47 51 51 53 10 9 
27 27 25 14 31 50 15 10 22 31 23 24 
11 23 AQUIIII!!53 53 
13 25 23 9 15 17 11 22 10 16 50 37 27 14 31 
AQUIIII!!25 22 13 15 10 14 24 27 31 23 48 11 50 9 53 51 
AQUIIII!!47 29 8 31 19 20 24 28 51 48 22 21 18 AQUIIII!!27 20 9 24 53 51 
8 29 18 21 48 27 53 19 38 4 47 28 31 
AQUIIII!!53 27 22 51 23 24 9 10 48 47 13 50 25 15 11 31 
AQUIIII!!31 3 38 28 18 29 27 1 8 21 19 2 24 47 20 4 
AQUIIII!!8 51 21 48 27 24 19 20 9 22 29 28 31 47 18 53 
AQUIIII!!31 9 22 19 11 18 27 AQUIIII!!48 9 21 22 28 47 31 24 48 AQUIIII!!29 14 51 15 27 AQUIIII!!20 28 13 53 53 23 
9 20 24 AQUIIII!!16 9 15 24 50 10 48 29 37 25 21 22 22 11 11 50 21 17 31 51 28 13 47 53 25 51 27 
23 29 9 31 22 31 27 51 10 27 24 11 19 8 15 AQUIIII!!53 47 14 
53 
19 48 20 31 48 18 29 53 11 
50 27 28 20 15 AQUIIII!!21 53 24 25 51 22 47 31 9 24 22 51 AQUIIII!!
23 53 48 28 10 19 9 48 14 24 27 29 13 27 50 22 11 20 15 31 
21 51 9 47 11 15 
AQUIIII!!0 6 31 5 12 7 2 17 52 22 49 37 1 25 28 38 
AQUIIII!!50 51 9 11 25 24 15 14 13 27 22 23 31 10 48 53 
AQUIIII!!9 11 27 22 28 AQUIIII!!47 29 29 48 19 47 31 10 31 24 51 20 23 48 21 15 22 21 11 51 24 53 15 
9 27 50 53 
AQUIIII!!20 24 29 51 19 31 27 48 47 28 38 18 AQUIIII!!21 8 31 4 AQUIIII!!29 53 53 21 
51 28 31 24 22 27 20 9 21 27 28 11 48 9 15 22 15 29 47 11 48 19 24 20 47 50 
51 53 
AQUIIII!!53 25 11 47 9 48 13 10 23 50 24 51 31 27 15 22 
AQUIIII!!51 53 13 31 11 9 47 25 27 24 15 50 22 23 48 10 
AQUIIII!!4 53 31 28 47 38 20 29 48 27 51 18 24 8 21 19 
AQUIIII!!15 23 47 22 31 9 24 27 29 11 51 21 50 10 48 53 
AQUIIII!!53 29 11 24 20 9 15 47 27 21 22 28 48 31 19 51 
AQUIIII!!50 15 22 11 48 13 47 25 9 23 24 10 27 31 51 53 
AQUIIII!!27 10 15 22 16 51 37 25 50 31 13 11 9 23 14 53 
AQUIIII!!53 48 27 21 29 31 22 20 47 11 19 24 28 9 18 51 AQUIIII!!
19 21 38 24 48 20 8 27 18 29 4 47 51 28 31 53 
AQUIIII!!53 22 50 10 11 25 13 37 15 27 16 14 31 23 9 17 
AQUIIII!!48 22 23 50 15 47 51 27 9 10 31 24 13 25 11 53 
AQUIIII!!27 22 24 9 11 19 31 21 18 AQUIIII!!29 29 48 48 20 31 47 47 51 28 50 51 20 53 22 
28 11 15 27 9 21 24 53 
AQUIIII!!53 31 AQUIIII!!20 51 47 47 19 19 28 24 21 11 24 29 20 51 8 21 48 22 9 9 31 28 18 27 27 18 29 48 22 
53 
AQUIIII!!53 10 29 24 47 31 27 21 22 48 9 51 23 15 11 50 
AQUIIII!!53 51 10 23 11 22 24 9 50 15 31 14 27 48 25 13 
AQUIIII!!9 47 28 27 29 20 31 48 24 21 15 22 50 11 51 53 
AQUIIII!!AQUIIII!!53 47 27 51 31 20 19 15 20 28 31 47 24 51 11 21 21 48 28 11 27 19 48 24 9 22 22 29 29 9 
15 53 
AQUIIII!!53 28 24 29 31 27 51 48 8 19 38 21 47 4 18 20 
AQUIIII!!53 10 16 13 27 25 9 22 50 11 14 17 31 15 23 37 
AQUIIII!!53 51 4 8 47 18 27 20 28 38 29 24 31 21 19 48 
AQUIIII!!53 8 9 27 31 28 21 47 29 20 22 19 51 18 48 24 
AQUIIII!!13 11 37 15 22 9 31 14 23 16 50 25 27 10 17 53 
AQUIIII!!10 16 22 51 37 14 11 31 27 23 15 13 25 50 9 53 
AQUIIII!!51 53 31 48 10 15 27 9 29 22 23 50 47 24 11 21 
AQUIIII!!53 25 15 AQUIIII!!14 53 28 13 22 23 19 9 21 37 11 16 27 11 51 22 24 27 31 51 47 48 10 20 50 29 31 9 
15 
AQUIIII!!53 48 51 20 18 27 29 21 24 31 9 19 22 28 47 8 
AQUIIII!!51 47 53 31 28 22 48 9 27 21 19 11 24 20 15 29 
AQUIIII!!53 50 51 27 48 29 47 22 11 23 10 21 9 15 31 24 
AQUIIII!!53 11 9 50 16 13 31 23 17 14 37 22 25 10 27 15 
AQUIIII!!53 51 18 19 29 20 47 28 22 8 9 21 48 24 31 27 
AQUIIII!!53 51 9 31 22 15 50 27 21 10 11 29 24 48 47 23 
AQUIIII!!53 31 10 14 15 16 11 13 9 25 23 37 22 50 51 27 
AQUIIII!!10 31 25 50 AQUIIII!!11 15 51 48 22 22 21 13 23 9 27 27 9 11 29 24 10 23 15 47 47 51 50 48 53 24 
31 53 
AQUIIII!!51 53 48 47 13 10 15 31 50 27 22 24 23 11 25 9 
AQUIIII!!13 10 AQUIIII!!22 53 20 48 47 27 27 51 24 11 22 25 8 9 9 31 29 24 18 23 51 21 15 48 14 28 50 31 53 19 

AQUIIII!!53 31 48 29 47 24 10 21 22 50 23 9 11 15 27 51 
AQUIIII!!53 14 31 22 50 10 11 48 9 51 24 25 23 27 15 13 
AQUIIII!!53 29 27 22 24 20 18 51 21 28 31 19 47 48 9 8 
AQUIIII!!53 17 25 23 15 14 9 50 10 31 11 13 16 27 22 37 
AQUIIII!!53 50 27 22 37 10 25 14 17 15 13 23 16 31 9 11 
AQUIIII!!53 24 13 10 15 22 51 50 48 27 31 47 11 25 23 9 
AQUIIII!!53 48 29 27 24 9 21 28 15 31 20 50 47 11 22 51 
AQUIIII!!53 50 48 9 15 51 14 11 10 27 23 25 13 24 31 22 
AQUIIII!!53 9 19 27 28 31 11 48 21 20 51 15 47 22 24 29 
AQUIIII!!53 4 31 21 8 27 51 24 18 47 19 28 29 38 20 48 
AQUIIII!!51 53 21 19 20 9 29 31 47 15 24 28 22 27 11 48 
AQUIIII!!53 9 21 50 15 10 31 24 22 23 27 11 47 29 48 51 
AQUIIII!!53 21 27 19 4 51 28 31 20 38 29 47 48 8 18 24 
AQUIIII!!53 18 48 27 24 9 20 51 29 8 19 22 31 28 21 47 
AQUIIII!!53 51 27 20 31 18 24 48 47 21 8 4 29 38 28 19 
AQUIIII!!25 3 28 2 37 38 4 1 0 5 6 7 12 31 33 49 
Number of Cuts in the second phase:4519
Number of repeat: 4450 
Violation: 233.000000
Violation: 100.000000
Violation: 372.000000
Violation: 63.000000
Violation: 829.000000
Violation: 200.000000
Violation: 360.000000
Violation: 521.000000
Violation: 888.000000
Violation: 50.000000
Violation: 484.000000
Violation: 600.000000
Violation: 681.000000
Violation: 300.000000
Violation: 1333.000000
Violation: 107.000000
Violation: 101.000000
Violation: 200.000000
Violation: 102.000000
Violation: 433.000000
Violation: 37.000000
Violation: 600.000000
Violation: 400.000000
Violation: 200.000000
Violation: 191.000000
Violation: 537.000000
Violation: 50.000000
Violation: 900.000000
Violation: 600.000000
Violation: 400.000000
Violation: 733.000000
Violation: 185.000000
Violation: 250.000000
Violation: 26.000000
Violation: 50.000000
Violation: 833.000000
Violation: 55.000000
Violation: 333.000000
Violation: 200.000000
Violation: 750.000000
Violation: 684.000000
Violation: 350.000000
Violation: 79.000000
Violation: 226.000000
Violation: 1.000000
Violation: 250.000000
Violation: 136.000000
Violation: 400.000000
Violation: 537.000000
Violation: 500.000000
Violation: 600.000000
Violation: 1000.000000
Violation: 596.000000
Violation: 250.000000
Violation: 833.000000
Violation: 200.000000
Violation: 33.000000
Violation: 1083.000000
Violation: 1200.000000
Violation: 1083.000000
Violation: 1083.000000
Violation: 200.000000
Violation: 83.000000
Violation: 132.000000
Violation: 300.000000
Violation: 333.000000
Violation: 168.000000
Violation: 333.000000
Violation: 83.000000
took 3.977100
Optimize a model with 626 rows, 906 columns and 10266 nonzeros
Coefficient statistics:
  Matrix range     [1e+00, 4e+01]
  Objective range  [0e+00, 0e+00]
  Bounds range     [1e+00, 4e+01]
  RHS range        [1e+00, 1e+02]
Presolve removed 343 rows and 107 columns
Presolve time: 0.00s
Presolved: 283 rows, 799 columns, 8669 nonzeros

Iteration    Objective       Primal Inf.    Dual Inf.      Time
       0    0.0000000e+00   4.614294e+01   0.000000e+00      0s
     109    0.0000000e+00   0.000000e+00   0.000000e+00      0s

Solved in 109 iterations and 0.01 seconds
Optimal objective  0.000000000e+00
