j3017_4.mm_s7.txt
Academic license - for non-commercial use only
Read LP format model from file lp/j3017_4.mm.lp
Reading time = 0.00 seconds
: 351 rows, 906 columns, 9053 nonzeros
OKGPU
nThreads: 1024 , nBlocks: 12 
Number cuts generated in the phase 1: 10
Number of repeat: 1 
violation 661.000000
violation 8.000000
violation 795.000000
violation 210.000000
violation 483.000000
violation 435.000000
violation 581.000000
violation 645.000000
violation 8.000000
8592 16
22 
21 47 47 22 8 27 6 14 5 52 
48 41 17 9 16 AQUIIII!!44 AQUIIII!!21 29 46 22 
44 21 14 47 41 46 52 5 21 23 26 8 6 17 26 47 17 14 17 48 29 48 37 AQUIIII!!8 29 
AQUIIII!!33 9 27 9 41 5 14 32 14 22 46 44 9 44 46 8 22 
6 
29 21 52 47 17 8 17 48 33 47 41 26 23 27 32 21 14 37 9 41 29 22 44 46 

AQUIIII!!46 48 49 16 37 24 21 20 26 AQUIIII!!47 46 49 52 22 38 48 27 20 44 52 51 16 22 17 
47 21 44 AQUIIII!!26 44 38 22 27 17 24 33 37 5 
9 41 32 6 8 14 3 AQUIIII!!34 46 21 52 4 16 29 34 
20 24 48 51 47 19 26 49 40 AQUIIII!!22 16 49 37 20 18 51 
46 34 37 47 48 44 22 52 40 18 24 26 
AQUIIII!!21 37 24 44 14 48 52 16 38 17 22 20 26 27 47 46 
AQUIIII!!AQUIIII!!24 34 47 44 47 22 22 51 16 16 49 34 51 18 24 26 40 AQUIIII!!37 52 17 40 37 32 AQUIIII!!20 52 21 47 26 46 3 21 18 49 4 41 48 20 48 6 46 48 22 22 
44 AQUIIII!!27 5 
46 8 9 38 33 33 21 14 29 20 41 27 9 46 37 34 8 48 29 14 52 44 17 
32 24 AQUIIII!!6 49 46 17 16 24 44 26 14 
AQUIIII!!47 26 22 46 17 48 44 44 14 
48 44 38 22 27 41 16 47 21 26 52 37 47 AQUIIII!!9 20 44 29 22 52 48 37 27 52 
21 21 17 46 8 41 
22 AQUIIII!!29 9 47 44 17 47 37 32 8 17 9 41 27 21 14 22 26 23 
8 6 5 14 AQUIIII!!29 44 33 5 46 14 
17 8 32 4 3 6 29 41 34 33 22 9 21 
AQUIIII!!AQUIIII!!44 37 48 37 21 27 AQUIIII!!17 21 44 52 38 46 47 20 46 26 48 47 14 22 16 38 41 26 52 48 52 21 44 22 26 29 20 17 9 24 24 27 14 22 14 16 17 8 47 
46 37 
27 AQUIIII!!
46 26 37 48 22 29 27 41 52 9 47 21 17 14 44 16 
AQUIIII!!27 24 26 47 44 49 22 17 38 48 37 20 52 21 16 46 
AQUIIII!!44 47 24 26 37 16 21 49 20 46 AQUIIII!!52 17 27 22 48 46 38 41 17 21 22 29 
14 48 26 37 52 27 AQUIIII!!8 48 47 21 26 9 27 44 17 
9 29 41 47 52 22 8 46 37 14 44 
AQUIIII!!8 29 21 32 17 AQUIIII!!6 48 22 22 49 46 34 9 20 14 47 47 48 33 40 27 24 41 37 44 26 
51 44 18 16 52 AQUIIII!!46 
21 33 47 AQUIIII!!5 14 14 27 32 6 21 47 23 AQUIIII!!38 29 22 6 22 16 22 8 26 8 46 AQUIIII!!46 9 9 37 52 29 41 48 AQUIIII!!17 47 17 20 44 32 27 44 17 14 3 26 
52 48 9 22 24 32 5 41 44 27 14 14 
47 8 9 33 21 37 41 41 21 21 6 8 46 29 17 17 
AQUIIII!!29 22 49 44 4 26 48 33 20 46 34 37 
44 16 
40 18 48 34 19 AQUIIII!!24 51 46 22 38 47 26 22 AQUIIII!!51 49 46 52 16 20 37 46 48 37 
29 24 26 27 52 27 21 AQUIIII!!44 17 46 47 
21 48 AQUIIII!!48 47 21 22 52 20 41 6 14 38 23 21 47 44 49 8 47 27 52 AQUIIII!!17 32 9 AQUIIII!!44 31 22 44 33 14 37 
41 9 5 24 17 41 17 AQUIIII!!8 9 26 9 32 44 6 16 AQUIIII!!6 22 46 5 22 21 17 44 16 
41 33 14 27 4 4 52 8 44 31 47 14 44 8 33 46 37 22 21 29 29 32 49 24 5 29 46 47 52 46 14 
48 
46 21 
38 26 27 51 20 20 17 22 22 26 48 21 38 
24 37 16 
AQUIIII!!46 33 23 14 47 17 AQUIIII!!8 44 29 46 32 16 41 52 6 14 22 37 5 24 21 47 44 48 9 38 
27 20 17 22 26 21 
AQUIIII!!AQUIIII!!46 46 22 51 38 52 16 47 27 49 49 AQUIIII!!19 24 9 37 21 44 16 8 37 22 40 17 17 52 22 29 41 48 26 14 26 18 32 47 4 48 21 34 20 31 20 44 33 5 24 
6 
46 
AQUIIII!!46 26 44 22 48 38 27 47 20 24 37 21 52 17 16 14 
AQUIIII!!46 22 38 16 27 49 24 21 37 17 52 48 26 47 20 44 AQUIIII!!
44 29 31 6 17 22 5 4 33 21 14 46 41 32 9 8 
AQUIIII!!19 50 51 20 25 34 40 37 18 AQUIIII!!11 14 1 47 49 32 16 33 26 8 31 17 21 0 22 
9 23 29 46 6 5 41 44 
AQUIIII!!51 52 22 27 48 24 47 38 37 44 16 49 21 26 20 46 
AQUIIII!!46 48 24 47 22 26 52 21 38 49 20 51 44 16 37 27 
AQUIIII!!26 20 AQUIIII!!24 46 AQUIIII!!37 24 48 47 18 AQUIIII!!37 52 16 18 48 21 52 46 18 16 26 48 46 37 47 52 51 22 51 49 22 51 51 16 20 AQUIIII!!20 40 22 46 49 20 22 44 34 52 16 34 48 20 26 16 47 37 49 49 49 48 44 40 34 26 22 51 
24 47 27 47 19 44 40 38 34 46 37 
52 
40 18 26 24 24 
44 
AQUIIII!!44 17 AQUIIII!!44 37 46 24 8 AQUIIII!!47 47 48 46 27 24 38 26 49 52 52 20 49 29 52 26 48 22 22 22 21 16 38 17 27 41 48 46 44 21 21 37 14 20 47 
37 51 9 26 
16 27 AQUIIII!!
16 48 14 9 37 26 52 21 46 41 22 47 27 29 17 44 
AQUIIII!!44 8 23 6 14 22 41 17 46 9 5 47 21 32 29 33 
AQUIIII!!44 9 41 8 27 48 29 46 22 21 AQUIIII!!52 46 47 52 14 51 17 16 26 47 37 18 
26 48 49 22 20 37 34 40 24 19 
AQUIIII!!16 18 31 52 40 0 37 1 34 26 22 50 49 20 51 19 
AQUIIII!!52 20 21 48 26 22 16 24 38 47 44 37 51 AQUIIII!!49 44 27 46 46 
22 27 21 41 6 AQUIIII!!48 27 17 48 33 AQUIIII!!17 14 48 52 9 26 47 47 29 26 52 8 49 44 29 44 21 24 32 27 37 
17 21 9 38 8 22 37 16 41 20 14 46 22 
47 46 
AQUIIII!!5 6 14 32 21 23 41 33 8 17 22 9 29 44 46 47 
AQUIIII!!5 6 14 32 21 23 41 33 8 17 22 9 29 44 46 47 
AQUIIII!!46 38 21 20 27 37 48 52 AQUIIII!!17 24 46 9 49 8 16 41 26 44 47 37 22 21 44 26 
17 48 29 14 47 52 27 22 
AQUIIII!!44 46 20 48 14 38 52 21 26 17 24 22 16 47 37 27 
AQUIIII!!44 37 22 17 48 20 38 49 AQUIIII!!38 27 51 16 49 46 44 26 52 52 26 37 47 22 24 27 21 20 
16 48 24 21 46 47 
AQUIIII!!16 49 20 51 46 34 37 47 48 44 22 52 40 18 24 26 
AQUIIII!!9 22 14 29 47 6 46 32 33 8 23 21 17 41 5 44 
AQUIIII!!44 20 48 18 37 40 AQUIIII!!24 22 16 21 26 46 34 26 47 38 52 27 49 AQUIIII!!24 22 44 51 51 26 47 41 46 52 29 37 
49 14 16 22 20 47 48 48 44 21 
17 37 46 52 16 27 9 
AQUIIII!!44 21 5 32 6 4 33 41 31 9 46 8 AQUIIII!!22 46 29 32 14 6 17 5 
21 17 8 33 4 31 9 41 14 22 44 29 
AQUIIII!!44 49 47 20 34 18 51 48 24 46 26 AQUIIII!!AQUIIII!!22 46 44 16 27 32 37 21 5 40 48 22 33 52 21 6 
41 17 9 14 44 34 47 3 22 29 32 17 8 8 29 41 6 14 4 
9 33 
AQUIIII!!17 9 29 6 8 5 14 23 AQUIIII!!46 47 22 44 32 33 48 41 16 21 22 47 44 17 AQUIIII!!
47 52 46 38 44 21 16 26 17 20 27 14 20 27 21 48 24 37 37 49 46 
38 22 24 52 26 
AQUIIII!!47 46 44 16 17 27 20 21 48 37 49 38 22 24 52 26 
AQUIIII!!AQUIIII!!47 46 29 44 21 49 47 44 24 41 46 52 17 26 27 21 9 20 26 8 48 22 27 AQUIIII!!48 37 46 14 18 37 22 22 
16 40 52 49 44 51 16 38 34 
26 51 20 37 52 24 48 47 
AQUIIII!!16 20 37 51 26 52 47 40 34 46 24 22 AQUIIII!!18 47 49 14 48 41 44 44 
9 22 52 26 48 29 37 AQUIIII!!27 47 8 6 21 17 AQUIIII!!33 21 48 32 17 46 3 27 
41 44 34 14 22 4 29 5 8 33 9 41 17 32 21 46 22 
14 8 6 9 29 44 
AQUIIII!!22 37 48 26 27 52 21 24 14 16 AQUIIII!!38 44 20 5 46 32 47 17 21 44 6 
4 29 22 9 41 17 8 14 46 33 31 
AQUIIII!!20 52 38 48 46 24 16 37 22 49 26 47 AQUIIII!!21 44 17 AQUIIII!!8 27 44 44 21 33 
32 3 17 4 14 29 6 9 14 21 33 41 29 6 AQUIIII!!34 17 44 8 32 3 49 5 34 24 22 37 5 4 47 9 
27 22 52 41 48 20 
46 16 26 22 38 51 21 AQUIIII!!
44 3 4 29 8 21 33 14 17 5 9 6 34 22 32 41 
AQUIIII!!46 37 16 22 48 41 17 47 14 29 21 27 44 9 26 52 
AQUIIII!!4 44 41 34 5 17 6 AQUIIII!!3 44 33 6 9 8 21 46 32 47 22 41 8 22 AQUIIII!!29 9 44 14 17 37 
14 21 21 14 29 52 48 16 32 47 27 27 33 
48 46 20 24 17 22 26 38 
AQUIIII!!47 20 37 27 44 49 21 24 51 52 48 16 38 22 26 AQUIIII!!46 21 
8 47 17 33 41 29 32 6 14 9 46 5 22 23 44 
AQUIIII!!27 47 24 52 AQUIIII!!21 46 37 51 38 44 49 26 20 46 37 22 24 16 38 48 48 20 AQUIIII!!52 17 46 16 44 47 
49 16 22 52 9 26 21 47 27 21 48 17 27 14 
37 29 41 26 22 44 
AQUIIII!!26 41 22 17 48 37 52 21 27 AQUIIII!!9 6 8 21 44 9 29 46 47 33 14 22 46 23 
32 29 5 41 17 8 14 47 44 
AQUIIII!!44 47 24 26 37 16 21 49 20 46 52 27 48 38 17 22 
AQUIIII!!44 26 14 47 20 46 24 37 27 21 22 48 17 38 16 52 
AQUIIII!!22 24 38 21 52 16 49 37 27 46 47 48 20 51 26 44 
AQUIIII!!47 46 18 37 AQUIIII!!24 4 40 33 52 17 20 8 49 14 21 22 29 16 46 48 31 44 5 51 9 26 6 32 34 41 
22 44 
AQUIIII!!26 52 27 44 14 29 16 37 17 AQUIIII!!48 47 46 41 9 14 22 21 6 46 17 
23 AQUIIII!!9 AQUIIII!!17 41 5 47 22 32 44 6 9 33 21 32 8 52 21 48 47 14 29 22 41 33 44 14 9 47 29 37 44 41 8 27 46 21 29 27 

17 22 26 16 46 48 
AQUIIII!!46 29 32 17 6 33 AQUIIII!!48 17 21 22 44 44 22 27 41 48 9 52 47 38 14 47 8 37 27 
20 26 21 24 49 46 16 
AQUIIII!!49 AQUIIII!!37 47 48 51 44 52 52 38 9 26 22 26 16 14 20 48 47 27 21 24 37 44 AQUIIII!!17 46 48 46 21 AQUIIII!!46 
41 46 14 29 27 27 37 16 17 48 16 29 27 47 22 26 44 47 
20 14 22 41 52 44 37 9 24 21 21 52 38 8 26 17 
22 
AQUIIII!!17 47 29 16 44 41 52 14 9 37 26 27 22 21 48 46 
AQUIIII!!47 20 37 52 18 22 34 48 51 44 49 46 24 16 40 26 
AQUIIII!!44 21 41 8 5 29 32 33 6 46 31 9 14 4 17 22 
AQUIIII!!9 34 4 29 17 6 41 8 22 32 5 14 3 33 21 44 
AQUIIII!!8 48 14 22 27 41 21 44 AQUIIII!!17 46 32 22 47 47 6 8 29 17 AQUIIII!!33 41 16 26 9 9 17 6 46 20 14 37 
24 33 48 21 38 49 48 52 32 22 44 27 46 27 47 29 21 
44 
AQUIIII!!9 34 4 29 17 6 AQUIIII!!41 8 44 22 3 32 14 5 34 14 6 3 33 41 21 29 44 9 
17 22 32 4 33 5 21 8 
AQUIIII!!47 41 46 9 29 26 21 27 22 8 52 37 14 17 48 44 
AQUIIII!!46 22 26 27 37 21 47 20 14 17 16 48 38 44 24 52 
AQUIIII!!46 40 22 47 49 AQUIIII!!19 51 46 26 14 52 44 24 37 21 34 38 48 27 20 16 24 16 18 
AQUIIII!!26 44 47 40 22 52 34 26 37 48 16 37 17 20 18 
24 52 AQUIIII!!47 46 49 16 48 18 46 37 51 48 22 20 49 
22 20 44 34 26 51 52 47 24 AQUIIII!!40 46 
16 22 20 51 26 24 48 21 38 47 49 37 27 52 44 
AQUIIII!!AQUIIII!!46 34 27 24 16 16 21 52 22 17 48 49 26 41 37 44 18 9 20 44 51 22 37 14 48 29 AQUIIII!!40 52 46 44 47 47 26 16 

46 47 49 22 24 21 48 38 51 20 37 27 AQUIIII!!26 18 52 
52 40 48 34 22 44 51 20 26 37 24 49 16 47 46 
AQUIIII!!17 48 14 26 38 24 22 20 21 37 27 52 47 16 44 46 
AQUIIII!!48 14 41 22 33 6 47 17 32 29 21 8 9 46 27 44 
AQUIIII!!46 47 26 41 29 21 9 27 44 22 48 37 17 14 AQUIIII!!8 34 52 18 
44 51 52 48 37 20 22 40 49 26 47 24 16 46 
AQUIIII!!21 32 6 27 22 44 41 17 33 29 9 48 14 8 46 AQUIIII!!47 5 
23 17 8 46 21 33 AQUIIII!!14 49 47 29 22 22 20 41 32 16 9 6 27 44 52 
37 17 44 48 26 47 21 38 24 46 
AQUIIII!!44 47 9 16 52 AQUIIII!!48 46 37 18 41 40 46 26 26 48 22 37 27 16 14 44 17 47 21 52 29 22 
20 24 34 51 49 
AQUIIII!!44 32 29 47 46 33 8 17 21 48 41 27 14 22 9 6 
AQUIIII!!21 32 41 29 27 47 6 46 14 48 33 22 9 17 8 44 
AQUIIII!!37 49 52 22 51 20 16 47 34 18 24 48 44 AQUIIII!!26 37 40 22 46 52 
18 34 48 16 49 47 26 44 40 51 20 24 46 
AQUIIII!!26 38 47 48 37 22 27 17 24 20 52 46 14 21 16 44 
AQUIIII!!22 32 17 14 8 6 41 5 23 9 47 21 33 29 44 46 
AQUIIII!!AQUIIII!!44 34 52 52 26 51 20 16 22 18 48 22 38 47 37 49 37 17 48 47 24 44 46 24 20 14 40 16 26 27 
21 46 
AQUIIII!!46 44 47 52 21 8 26 17 48 37 29 27 41 AQUIIII!!14 48 9 22 22 
AQUIIII!!8 46 46 38 52 48 26 21 29 27 47 24 41 49 14 47 17 44 27 51 21 16 9 37 20 44 22 
26 52 37 
AQUIIII!!19 22 47 26 20 49 18 52 48 51 AQUIIII!!40 21 24 9 34 27 37 48 16 47 46 52 
26 14 16 41 17 29 22 44 37 46 
AQUIIII!!AQUIIII!!46 44 46 17 48 27 38 8 49 37 26 14 27 44 21 47 24 41 16 48 22 52 37 9 52 29 20 22 17 21 47 26 

AQUIIII!!44 46 40 52 49 47 51 37 48 AQUIIII!!20 44 22 47 16 46 26 52 34 16 18 20 24 51 
37 24 22 48 40 34 26 18 49 
AQUIIII!!46 44 48 38 49 AQUIIII!!26 46 27 21 17 24 32 16 8 22 37 29 52 44 20 31 17 47 9 
41 4 33 AQUIIII!!5 44 14 8 6 21 21 22 14 
22 6 5 3 34 33 17 29 41 32 4 9 
AQUIIII!!26 16 27 20 47 37 24 46 52 48 17 21 38 22 14 44 
AQUIIII!!47 52 27 17 38 49 46 16 24 37 26 22 21 20 48 44 
AQUIIII!!16 47 37 46 52 38 14 27 21 26 20 22 17 24 48 44 
AQUIIII!!49 51 44 20 47 37 22 16 46 26 18 48 24 52 40 34 
AQUIIII!!44 37 48 46 26 17 27 38 47 52 16 24 49 21 20 22 
AQUIIII!!46 41 AQUIIII!!29 27 14 38 48 46 21 24 47 49 17 48 52 16 27 22 16 26 9 17 26 37 44 21 22 47 52 37 AQUIIII!!20 22 
48 44 46 16 
49 38 27 20 52 AQUIIII!!21 26 21 51 47 37 37 44 44 24 
22 26 41 14 29 47 9 8 52 48 17 27 46 
AQUIIII!!24 26 16 51 47 20 48 34 40 44 37 49 22 18 52 46 
AQUIIII!!44 46 52 47 38 21 22 51 49 37 27 26 16 20 48 24 
AQUIIII!!44 46 52 47 38 21 22 51 49 37 27 26 16 20 48 24 
AQUIIII!!46 21 8 41 22 6 4 5 33 32 31 44 14 29 17 9 
AQUIIII!!46 16 17 26 14 24 37 27 21 48 47 44 52 20 22 38 
AQUIIII!!22 47 37 24 40 26 19 16 20 49 18 48 34 51 52 46 
AQUIIII!!44 33 41 14 32 46 21 8 17 29 47 23 9 5 AQUIIII!!22 27 6 21 
32 17 41 29 AQUIIII!!46 46 8 22 4 9 22 31 33 17 29 6 9 47 6 44 48 33 14 5 14 8 41 21 44 32 

AQUIIII!!46 9 14 32 31 17 44 41 8 22 29 5 21 6 33 AQUIIII!!4 52 
27 49 26 24 47 38 46 21 44 48 37 AQUIIII!!16 51 48 22 14 20 6 
17 47 8 44 27 33 22 9 41 29 32 21 46 
AQUIIII!!44 48 27 33 22 9 46 29 AQUIIII!!17 8 6 46 21 37 8 21 47 9 32 29 14 52 41 27 
14 26 44 48 41 17 22 47 AQUIIII!!
44 26 48 24 22 16 46 37 49 47 52 20 40 18 51 34 
AQUIIII!!44 17 34 3 32 14 4 6 22 8 21 33 9 5 41 29 
AQUIIII!!47 AQUIIII!!48 27 46 37 29 22 14 14 16 21 52 16 21 26 37 9 17 47 52 41 24 22 17 20 48 27 44 26 46 38 
44 
AQUIIII!!21 16 26 52 14 9 37 29 17 27 41 48 47 22 46 44 
AQUIIII!!26 46 37 27 22 38 47 24 48 49 20 17 21 52 16 44 
AQUIIII!!46 26 37 52 24 22 40 44 AQUIIII!!51 21 49 9 16 17 18 46 20 41 48 27 47 47 34 33 
8 22 29 32 6 14 48 44 
AQUIIII!!22 9 41 32 5 33 6 23 21 44 47 29 14 8 17 46 
AQUIIII!!21 41 27 16 14 48 9 46 17 29 22 47 37 AQUIIII!!26 37 52 21 44 49 
48 38 26 52 47 20 16 27 46 24 51 22 AQUIIII!!44 52 
47 46 48 49 AQUIIII!!40 29 26 41 37 8 22 46 34 AQUIIII!!51 44 21 20 21 9 16 37 24 20 22 18 46 4 44 47 
22 17 49 32 27 31 38 33 52 5 16 14 26 6 24 44 17 
48 
AQUIIII!!44 9 4 17 41 21 3 5 29 14 32 8 6 AQUIIII!!34 44 22 32 33 41 21 
9 8 5 29 23 22 6 46 14 33 47 17 
AQUIIII!!29 17 37 52 16 26 9 27 41 46 14 21 48 22 47 44 
AQUIIII!!9 48 26 17 41 37 22 44 14 47 16 21 27 29 52 46 
AQUIIII!!26 AQUIIII!!40 6 52 44 37 8 24 22 18 48 51 29 16 27 47 32 48 47 34 9 49 41 22 14 20 33 19 21 46 17 
46 
Number of Cuts in the second phase:3210
Number of repeat: 2780 
Violation: 593.000000
Violation: 605.000000
Violation: 775.000000
Violation: 952.000000
Violation: 1194.000000
Violation: 293.000000
Violation: 420.000000
Violation: 551.000000
Violation: 202.000000
Violation: 928.000000
Violation: 435.000000
Violation: 601.000000
Violation: 194.000000
Violation: 600.000000
Violation: 182.000000
Violation: 1102.000000
Violation: 228.000000
Violation: 870.000000
Violation: 1304.000000
Violation: 740.000000
Violation: 87.000000
Violation: 1102.000000
Violation: 243.000000
Violation: 855.000000
Violation: 330.000000
Violation: 305.000000
Violation: 37.000000
Violation: 392.000000
Violation: 518.000000
Violation: 486.000000
Violation: 1194.000000
Violation: 31.000000
Violation: 322.000000
Violation: 141.000000
Violation: 1160.000000
Violation: 573.000000
Violation: 108.000000
Violation: 653.000000
Violation: 586.000000
Violation: 277.000000
Violation: 72.000000
Violation: 142.000000
Violation: 177.000000
Violation: 227.000000
Violation: 469.000000
Violation: 606.000000
Violation: 396.000000
Violation: 89.000000
Violation: 265.000000
Violation: 298.000000
Violation: 220.000000
Violation: 110.000000
Violation: 621.000000
Violation: 498.000000
Violation: 551.000000
Violation: 400.000000
Violation: 517.000000
Violation: 102.000000
Violation: 531.000000
Violation: 452.000000
Violation: 863.000000
Violation: 926.000000
Violation: 432.000000
Violation: 696.000000
Violation: 1007.000000
Violation: 393.000000
Violation: 2.000000
Violation: 141.000000
Violation: 776.000000
Violation: 990.000000
Violation: 312.000000
Violation: 205.000000
Violation: 943.000000
Violation: 194.000000
Violation: 90.000000
Violation: 396.000000
Violation: 8.000000
Violation: 304.000000
Violation: 71.000000
Violation: 193.000000
Violation: 93.000000
Violation: 104.000000
Violation: 803.000000
Violation: 1202.000000
Violation: 150.000000
Violation: 101.000000
Violation: 210.000000
Violation: 486.000000
Violation: 404.000000
Violation: 611.000000
Violation: 590.000000
Violation: 684.000000
Violation: 951.000000
Violation: 83.000000
Violation: 921.000000
Violation: 1202.000000
Violation: 6.000000
Violation: 728.000000
Violation: 212.000000
Violation: 172.000000
Violation: 515.000000
Violation: 466.000000
Violation: 470.000000
Violation: 102.000000
Violation: 588.000000
Violation: 85.000000
Violation: 1110.000000
Violation: 613.000000
Violation: 190.000000
Violation: 478.000000
Violation: 192.000000
Violation: 63.000000
Violation: 347.000000
Violation: 512.000000
Violation: 356.000000
Violation: 15.000000
Violation: 702.000000
Violation: 983.000000
Violation: 611.000000
Violation: 26.000000
Violation: 926.000000
Violation: 360.000000
Violation: 82.000000
Violation: 352.000000
Violation: 397.000000
Violation: 735.000000
Violation: 6.000000
Violation: 498.000000
Violation: 1191.000000
Violation: 66.000000
Violation: 599.000000
Violation: 185.000000
Violation: 404.000000
Violation: 202.000000
Violation: 911.000000
Violation: 396.000000
Violation: 304.000000
Violation: 142.000000
Violation: 712.000000
Violation: 625.000000
Violation: 747.000000
Violation: 102.000000
Violation: 8.000000
Violation: 330.000000
Violation: 707.000000
Violation: 1150.000000
Violation: 201.000000
Violation: 465.000000
Violation: 102.000000
Violation: 248.000000
Violation: 174.000000
Violation: 284.000000
Violation: 202.000000
Violation: 537.000000
Violation: 289.000000
Violation: 304.000000
Violation: 477.000000
Violation: 427.000000
Violation: 1152.000000
Violation: 94.000000
Violation: 14.000000
Violation: 90.000000
Violation: 395.000000
Violation: 658.000000
Violation: 115.000000
Violation: 536.000000
Violation: 744.000000
Violation: 900.000000
Violation: 760.000000
Violation: 739.000000
Violation: 465.000000
Violation: 277.000000
Violation: 84.000000
Violation: 751.000000
Violation: 447.000000
Violation: 1303.000000
Violation: 605.000000
Violation: 688.000000
Violation: 609.000000
Violation: 113.000000
Violation: 89.000000
Violation: 110.000000
Violation: 1202.000000
Violation: 157.000000
Violation: 653.000000
Violation: 173.000000
Violation: 295.000000
Violation: 200.000000
Violation: 913.000000
Violation: 1292.000000
Violation: 1304.000000
Violation: 527.000000
Violation: 124.000000
Violation: 703.000000
Violation: 465.000000
Violation: 600.000000
Violation: 677.000000
Violation: 484.000000
Violation: 736.000000
Violation: 202.000000
Violation: 486.000000
Violation: 290.000000
Violation: 700.000000
Violation: 617.000000
Violation: 75.000000
Violation: 957.000000
Violation: 271.000000
Violation: 1362.000000
Violation: 836.000000
Violation: 13.000000
Violation: 715.000000
Violation: 246.000000
Violation: 80.000000
Violation: 1152.000000
Violation: 210.000000
Violation: 945.000000
Violation: 194.000000
Violation: 1312.000000
Violation: 1086.000000
Violation: 197.000000
Violation: 495.000000
Violation: 13.000000
Violation: 189.000000
Violation: 802.000000
Violation: 305.000000
Violation: 578.000000
Violation: 812.000000
Violation: 269.000000
Violation: 839.000000
Violation: 132.000000
Violation: 329.000000
Violation: 43.000000
Violation: 904.000000
Violation: 1294.000000
Violation: 527.000000
Violation: 588.000000
Violation: 262.000000
Violation: 581.000000
Violation: 776.000000
Violation: 855.000000
Violation: 473.000000
Violation: 787.000000
Violation: 87.000000
Violation: 78.000000
Violation: 539.000000
Violation: 1478.000000
Violation: 404.000000
Violation: 652.000000
Violation: 20.000000
Violation: 454.000000
Violation: 776.000000
Violation: 663.000000
Violation: 131.000000
Violation: 678.000000
Violation: 198.000000
Violation: 205.000000
Violation: 277.000000
Violation: 713.000000
Violation: 739.000000
Violation: 796.000000
Violation: 725.000000
Violation: 77.000000
Violation: 98.000000
Violation: 1898.000000
Violation: 469.000000
Violation: 184.000000
Violation: 352.000000
Violation: 276.000000
Violation: 739.000000
Violation: 1191.000000
Violation: 302.000000
Violation: 753.000000
Violation: 926.000000
Violation: 379.000000
Violation: 292.000000
Violation: 471.000000
Violation: 796.000000
Violation: 380.000000
Violation: 515.000000
Violation: 70.000000
Violation: 702.000000
Violation: 283.000000
Violation: 234.000000
Violation: 1090.000000
Violation: 479.000000
Violation: 364.000000
Violation: 194.000000
Violation: 112.000000
Violation: 91.000000
Violation: 345.000000
Violation: 399.000000
Violation: 626.000000
Violation: 218.000000
Violation: 90.000000
Violation: 600.000000
Violation: 151.000000
Violation: 426.000000
Violation: 362.000000
Violation: 1093.000000
Violation: 88.000000
Violation: 8.000000
Violation: 288.000000
Violation: 934.000000
Violation: 630.000000
Violation: 869.000000
Violation: 601.000000
Violation: 16.000000
Violation: 585.000000
Violation: 337.000000
Violation: 314.000000
Violation: 278.000000
Violation: 462.000000
Violation: 362.000000
Violation: 379.000000
Violation: 524.000000
Violation: 110.000000
Violation: 601.000000
Violation: 220.000000
Violation: 1251.000000
Violation: 523.000000
Violation: 90.000000
Violation: 101.000000
Violation: 282.000000
Violation: 1285.000000
Violation: 995.000000
Violation: 378.000000
Violation: 1220.000000
Violation: 602.000000
Violation: 913.000000
Violation: 999.000000
Violation: 460.000000
Violation: 420.000000
Violation: 101.000000
Violation: 412.000000
Violation: 318.000000
Violation: 501.000000
Violation: 81.000000
Violation: 150.000000
Violation: 483.000000
Violation: 1074.000000
Violation: 251.000000
Violation: 477.000000
Violation: 168.000000
Violation: 910.000000
Violation: 320.000000
Violation: 282.000000
Violation: 478.000000
Violation: 549.000000
Violation: 317.000000
Violation: 658.000000
Violation: 152.000000
Violation: 587.000000
Violation: 1098.000000
Violation: 141.000000
Violation: 346.000000
Violation: 176.000000
Violation: 945.000000
Violation: 100.000000
Violation: 381.000000
Violation: 13.000000
Violation: 379.000000
Violation: 23.000000
Violation: 1295.000000
Violation: 142.000000
Violation: 387.000000
Violation: 328.000000
Violation: 743.000000
Violation: 565.000000
Violation: 22.000000
Violation: 1094.000000
Violation: 36.000000
Violation: 903.000000
Violation: 376.000000
Violation: 577.000000
Violation: 333.000000
Violation: 926.000000
Violation: 1076.000000
Violation: 606.000000
Violation: 610.000000
Violation: 164.000000
Violation: 208.000000
Violation: 126.000000
Violation: 117.000000
Violation: 1292.000000
Violation: 989.000000
Violation: 711.000000
Violation: 537.000000
Violation: 524.000000
Violation: 212.000000
Violation: 514.000000
Violation: 299.000000
Violation: 386.000000
Violation: 452.000000
Violation: 444.000000
Violation: 704.000000
Violation: 99.000000
Violation: 644.000000
Violation: 83.000000
Violation: 648.000000
Violation: 281.000000
Violation: 585.000000
Violation: 110.000000
Violation: 420.000000
Violation: 352.000000
Violation: 665.000000
Violation: 1008.000000
Violation: 732.000000
Violation: 225.000000
Violation: 724.000000
Violation: 190.000000
Violation: 693.000000
Violation: 302.000000
Violation: 222.000000
Violation: 620.000000
Violation: 291.000000
Violation: 388.000000
Violation: 775.000000
Violation: 234.000000
Violation: 454.000000
Violation: 200.000000
Violation: 1386.000000
Violation: 22.000000
Violation: 695.000000
Violation: 121.000000
Violation: 184.000000
Violation: 1357.000000
Violation: 265.000000
Violation: 276.000000
Violation: 352.000000
Violation: 1120.000000
7404 16
44 21 AQUIIII!!22 46 41 41 33 47 47 9 9 52 29 22 8 37 
17 44 29 14 48 21 27 16 26 
AQUIIII!!44 47 40 20 52 16 24 18 34 46 49 37 51 48 26 22 
AQUIIII!!47 22 18 52 48 44 37 34 49 46 24 40 51 26 16 20 
AQUIIII!!20 27 22 47 44 46 49 26 16 51 37 38 52 24 48 21 
AQUIIII!!44 37 46 20 26 27 47 24 38 22 48 17 52 16 49 21 
AQUIIII!!22 27 47 14 52 9 29 16 21 41 46 37 48 26 17 44 AQUIIII!!
46 47 16 27 24 21 44 20 52 17 14 22 38 26 37 48 
AQUIIII!!44 46 16 40 52 51 48 26 22 18 49 24 34 47 20 37 
AQUIIII!!46 47 16 27 24 21 44 20 52 17 14 22 38 AQUIIII!!26 9 37 48 22 
32 6 21 14 8 48 17 41 27 47 33 29 44 46 
AQUIIII!!26 38 37 51 48 49 16 20 24 21 44 52 22 27 46 47 AQUIIII!!16 
48 44 27 38 26 AQUIIII!!21 47 20 38 37 48 24 22 46 AQUIIII!!52 37 22 49 20 18 47 49 40 51 17 46 52 21 
16 26 48 16 AQUIIII!!46 52 33 26 22 41 37 27 44 49 24 21 34 44 23 51 
8 20 32 47 9 24 5 44 47 
14 29 6 17 22 46 
AQUIIII!!8 5 AQUIIII!!4 48 9 27 17 41 44 33 6 44 21 AQUIIII!!22 41 26 31 8 9 21 22 21 6 29 17 48 32 29 41 14 32 52 46 33 
46 14 22 9 37 AQUIIII!!47 47 46 AQUIIII!!46 29 24 14 
16 44 4 40 14 8 18 31 27 AQUIIII!!16 41 33 17 48 34 33 44 14 52 6 
4 47 17 AQUIIII!!9 44 49 9 17 37 51 46 5 27 29 37 3 AQUIIII!!16 22 34 21 52 46 8 32 20 17 21 29 21 47 22 27 6 41 5 37 26 32 48 47 44 
41 26 9 
22 21 22 44 14 48 
9 52 46 44 29 41 AQUIIII!!22 29 
17 17 16 6 14 8 26 14 
46 AQUIIII!!21 46 29 41 22 9 9 22 5 29 32 32 5 31 21 4 4 AQUIIII!!33 6 47 41 9 8 44 31 14 
14 29 17 48 33 21 44 32 
22 AQUIIII!!8 8 6 46 41 21 17 5 27 AQUIIII!!17 44 44 44 33 47 22 46 21 29 
9 29 AQUIIII!!8 33 41 6 31 6 27 41 21 AQUIIII!!33 4 34 14 14 46 3 22 6 52 8 32 17 27 29 
9 29 22 32 22 32 41 9 41 48 14 9 46 4 48 
5 AQUIIII!!17 33 44 44 17 6 21 44 8 47 
41 37 3 34 26 29 14 17 16 5 
21 22 33 14 9 32 4 
AQUIIII!!44 9 14 22 17 6 4 21 32 33 46 29 31 8 5 41 
AQUIIII!!51 44 47 46 16 37 22 34 48 24 18 40 49 26 20 52 
AQUIIII!!AQUIIII!!44 21 9 48 5 46 47 37 22 47 17 24 23 20 21 52 41 38 46 26 32 16 14 51 8 22 6 27 33 49 29 44 

AQUIIII!!22 51 52 48 18 49 40 20 46 16 37 24 26 47 34 44 
AQUIIII!!8 47 46 41 22 14 29 17 27 26 21 52 9 44 37 48 
AQUIIII!!52 20 21 AQUIIII!!16 27 22 37 24 48 47 16 26 21 38 46 37 24 49 17 46 14 27 52 48 20 17 47 44 22 
26 38 44 
AQUIIII!!33 9 47 14 8 6 41 22 48 29 32 17 27 21 46 44 
AQUIIII!!44 5 17 6 14 29 AQUIIII!!32 32 AQUIIII!!8 9 9 47 6 47 23 44 5 23 33 41 41 41 AQUIIII!!AQUIIII!!22 17 22 33 37 33 22 9 9 44 8 21 47 21 52 21 23 14 47 8 46 29 AQUIIII!!14 32 8 
21 29 33 17 6 29 29 26 14 41 17 5 47 6 22 22 46 48 46 48 
48 27 8 29 AQUIIII!!26 44 21 32 
AQUIIII!!14 33 37 17 16 27 32 41 27 49 47 27 22 21 48 41 21 46 52 22 9 44 17 17 37 46 
24 46 9 
46 14 48 51 9 52 47 8 47 8 44 18 
41 20 22 34 26 46 40 6 44 14 
29 44 
AQUIIII!!44 AQUIIII!!9 46 33 6 37 21 20 29 26 41 AQUIIII!!14 40 46 22 AQUIIII!!22 22 48 46 51 44 46 21 18 48 47 24 34 8 21 17 17 52 24 49 32 48 49 17 27 38 38 48 
16 27 16 37 47 19 44 26 47 22 16 52 52 24 26 14 
37 27 20 20 
47 
AQUIIII!!8 17 22 47 26 48 27 9 52 14 37 41 29 21 46 44 
AQUIIII!!44 AQUIIII!!46 26 47 48 41 47 16 18 21 40 9 52 37 49 26 37 27 24 14 22 48 16 22 51 17 44 29 34 52 20 
46 
AQUIIII!!27 37 38 22 16 17 26 52 24 49 48 44 21 20 47 46 
AQUIIII!!44 46 47 41 16 21 9 37 26 27 14 48 22 17 29 52 
AQUIIII!!4 17 6 34 21 32 33 AQUIIII!!22 33 9 17 29 4 3 22 8 32 14 21 5 31 41 6 29 44 9 
8 44 41 5 14 46 
AQUIIII!!44 5 4 6 8 34 29 21 32 9 22 33 41 14 3 17 
AQUIIII!!22 46 41 17 21 37 27 26 52 9 47 14 8 29 AQUIIII!!48 24 44 20 
52 26 19 49 22 37 48 47 40 AQUIIII!!34 46 18 AQUIIII!!17 16 46 41 51 52 29 46 21 31 
14 9 9 8 27 6 17 44 41 14 29 32 26 5 8 33 48 22 22 4 37 21 44 
47 
AQUIIII!!17 41 AQUIIII!!21 24 8 20 AQUIIII!!22 52 17 4 26 14 14 19 22 32 49 8 9 32 22 29 37 5 5 48 41 6 47 23 31 40 21 46 34 33 33 18 44 44 29 16 
51 9 6 46 47 
46 
AQUIIII!!22 48 34 46 40 18 24 49 37 16 47 20 51 52 26 44 
AQUIIII!!AQUIIII!!32 9 29 21 21 6 27 41 22 6 17 47 48 33 27 8 46 48 8 46 14 22 41 14 47 9 32 17 33 44 29 
44 
AQUIIII!!AQUIIII!!44 48 4 47 22 26 29 9 40 46 37 31 44 17 34 14 49 6 24 5 18 8 22 21 16 32 51 33 52 AQUIIII!!41 20 44 
46 34 
5 32 6 14 22 29 21 41 17 4 33 9 3 8 
AQUIIII!!46 44 48 33 32 47 21 29 8 9 14 17 41 6 27 22 
AQUIIII!!47 44 AQUIIII!!22 44 27 14 20 4 52 21 33 38 32 49 31 16 6 26 21 17 41 46 29 24 5 37 8 48 46 
22 9 17 
AQUIIII!!49 24 17 27 16 22 AQUIIII!!47 26 17 44 21 20 41 8 38 32 21 5 52 9 37 14 48 47 46 22 
29 23 AQUIIII!!33 46 6 47 46 27 44 37 
21 29 26 52 9 8 14 17 48 22 41 44 
AQUIIII!!29 8 22 47 32 48 6 33 21 41 14 9 17 44 27 46 
AQUIIII!!46 4 17 41 8 6 5 29 44 14 31 33 21 32 9 22 
AQUIIII!!20 19 16 18 24 40 22 47 26 49 52 37 48 51 34 46 AQUIIII!!
48 51 37 47 22 24 34 16 49 26 52 18 20 40 46 44 
AQUIIII!!21 51 38 26 24 37 16 22 48 27 44 49 20 52 AQUIIII!!47 44 46 37 
51 46 AQUIIII!!49 16 40 44 24 17 26 22 47 AQUIIII!!21 34 44 37 20 27 22 49 14 52 38 AQUIIII!!41 16 22 47 8 21 18 20 29 31 48 52 6 17 
9 27 46 41 AQUIIII!!48 48 5 44 24 32 9 47 14 8 26 52 44 26 46 47 AQUIIII!!33 22 21 
52 52 29 AQUIIII!!48 22 8 37 14 21 29 4 26 AQUIIII!!41 26 17 51 22 46 27 47 20 46 
48 37 
27 48 14 14 24 26 9 16 16 27 17 52 47 21 46 38 22 24 21 44 16 52 
26 17 44 24 49 37 27 38 44 37 37 48 17 46 38 20 
20 47 46 21 
22 
AQUIIII!!44 4 AQUIIII!!32 20 33 24 5 48 22 46 31 47 41 17 14 27 6 21 17 AQUIIII!!52 29 46 26 AQUIIII!!21 41 38 37 44 8 16 49 9 9 48 22 47 46 51 14 27 47 37 
26 22 44 22 44 
26 AQUIIII!!37 44 34 8 20 29 21 40 22 48 24 32 17 18 5 52 16 3 52 29 14 14 46 
6 
AQUIIII!!4 22 41 20 21 16 48 33 27 9 52 17 24 34 37 8 46 
AQUIIII!!38 44 26 47 21 8 49 26 47 22 17 44 52 
48 29 41 27 37 14 9 17 46 21 AQUIIII!!AQUIIII!!
44 AQUIIII!!8 52 34 23 8 47 14 51 4 5 29 26 46 22 46 32 3 20 41 32 22 6 21 16 41 47 24 33 9 34 21 5 18 22 17 37 17 6 40 29 14 49 9 33 48 44 44 


AQUIIII!!16 47 14 22 17 52 21 44 29 37 27 41 26 48 9 46 
AQUIIII!!24 51 AQUIIII!!22 34 48 41 52 8 46 6 20 29 37 14 16 22 26 33 49 3 27 21 38 5 21 9 47 4 44 32 
17 44 
AQUIIII!!46 48 38 20 17 44 52 24 14 37 16 26 21 47 22 27 
AQUIIII!!24 47 21 22 49 52 26 37 46 27 44 20 48 16 51 38 
AQUIIII!!48 AQUIIII!!29 37 22 27 41 26 21 52 14 46 37 16 47 20 17 22 52 48 26 47 27 38 8 51 9 49 46 21 44 44 
24 
AQUIIII!!44 5 17 6 14 29 32 8 47 23 33 41 22 9 21 46 AQUIIII!!
8 14 27 41 9 29 48 47 17 52 46 37 26 21 22 44 
AQUIIII!!46 52 14 27 9 29 22 16 47 17 44 37 41 48 26 21 
AQUIIII!!44 41 21 23 8 14 5 47 22 17 6 33 32 46 9 29 
AQUIIII!!49 37 16 21 17 47 52 AQUIIII!!22 46 38 52 26 24 18 24 40 20 22 48 20 27 34 49 46 44 44 48 
51 47 16 37 26 
AQUIIII!!49 37 16 21 17 47 52 22 38 26 24 20 48 27 46 44 
AQUIIII!!46 21 17 31 8 41 9 4 29 14 6 44 22 5 32 33 
AQUIIII!!23 14 8 41 32 46 29 5 9 47 AQUIIII!!17 46 33 52 22 21 14 21 9 6 27 44 17 
41 29 26 8 48 22 37 44 47 
AQUIIII!!16 24 26 37 AQUIIII!!52 44 20 21 17 22 38 49 21 27 14 52 27 37 47 46 22 20 44 48 48 16 46 24 
51 47 26 38 
AQUIIII!!44 8 21 5 29 32 46 41 47 17 6 22 9 23 14 33 
AQUIIII!!46 24 20 AQUIIII!!48 47 52 24 37 49 AQUIIII!!21 38 44 21 44 49 48 47 38 16 38 37 17 37 46 52 16 51 20 22 52 27 48 26 22 AQUIIII!!20 27 14 20 47 51 26 21 16 44 
38 21 26 46 14 22 
47 26 24 27 16 24 48 46 
37 22 27 17 52 44 
AQUIIII!!44 47 26 AQUIIII!!52 52 14 27 21 21 27 47 48 22 8 46 41 9 9 14 46 41 37 48 29 17 17 29 22 26 
37 16 44 
AQUIIII!!37 52 48 46 49 20 47 38 27 22 16 21 24 17 26 44 
AQUIIII!!52 47 49 AQUIIII!!18 26 51 21 34 52 22 37 20 49 48 16 AQUIIII!!38 16 17 37 27 37 16 38 26 14 21 22 40 24 46 24 27 47 47 46 46 20 44 26 48 52 
22 24 17 44 20 
48 44 
AQUIIII!!21 AQUIIII!!44 22 38 29 16 33 17 9 52 27 23 21 41 49 14 22 20 17 48 5 37 32 46 47 8 24 44 26 6 
46 47 
AQUIIII!!18 AQUIIII!!AQUIIII!!20 31 37 40 44 41 47 21 6 48 8 4 16 47 33 48 24 14 29 49 26 32 34 46 8 51 27 22 52 19 9 41 37 22 9 14 22 5 17 52 44 17 26 
29 46 21 AQUIIII!!
21 46 26 
52 22 16 17 47 27 41 48 14 37 44 9 29 46 
AQUIIII!!52 14 AQUIIII!!38 27 26 21 21 48 33 37 8 16 14 24 22 46 48 22 47 20 17 47 9 27 17 32 44 41 
29 46 6 44 
AQUIIII!!44 26 17 52 37 47 AQUIIII!!46 52 22 22 9 47 29 17 21 26 14 20 8 48 41 38 44 27 24 48 49 
16 27 37 AQUIIII!!21 26 46 22 
49 34 46 24 47 16 20 48 37 40 52 18 51 44 
AQUIIII!!44 16 37 47 17 14 46 21 9 26 41 48 52 29 22 27 
AQUIIII!!47 22 38 16 21 26 20 46 49 24 48 44 27 37 52 51 
AQUIIII!!44 21 46 48 27 16 47 29 14 9 17 41 22 52 37 26 
AQUIIII!!32 33 29 17 46 4 22 41 14 31 5 6 AQUIIII!!21 16 8 22 9 48 44 17 
27 52 38 14 46 26 21 24 20 47 37 44 
AQUIIII!!37 47 21 24 49 38 16 22 48 17 27 20 52 26 44 46 
AQUIIII!!9 29 8 14 23 22 5 33 17 32 21 46 6 41 47 44 
AQUIIII!!44 14 41 6 46 9 8 29 17 AQUIIII!!32 44 47 6 22 5 5 23 29 8 33 21 33 
46 32 23 9 17 14 21 22 41 47 
AQUIIII!!5 6 41 3 22 9 34 AQUIIII!!8 47 29 44 4 41 17 32 27 17 29 14 21 22 21 14 33 8 46 44 9 
6 48 32 33 
AQUIIII!!33 29 14 48 9 32 46 8 6 21 22 27 47 17 41 44 
AQUIIII!!49 26 20 46 16 44 22 51 21 52 24 38 47 48 27 37 
AQUIIII!!46 14 8 32 47 6 41 44 33 27 9 22 AQUIIII!!48 47 29 8 17 48 21 6 
9 33 32 44 14 41 29 AQUIIII!!17 47 22 40 21 18 27 37 46 49 
52 48 51 24 46 20 26 16 22 34 44 
AQUIIII!!14 26 29 16 22 41 44 37 48 17 52 21 27 9 AQUIIII!!46 47 44 
9 47 27 48 29 17 26 41 14 22 8 37 52 21 46 
AQUIIII!!52 48 14 46 AQUIIII!!38 46 24 37 17 26 22 27 17 47 27 21 21 49 47 20 26 48 20 44 16 24 44 22 
52 AQUIIII!!37 8 16 46 41 38 
44 47 22 27 48 29 9 52 17 37 14 26 21 
AQUIIII!!44 AQUIIII!!14 44 21 38 22 38 21 49 37 46 47 46 47 52 51 16 20 20 26 48 22 26 16 24 48 27 24 17 27 
52 37 
AQUIIII!!26 34 20 47 37 48 16 40 18 22 49 24 46 52 51 44 
AQUIIII!!17 41 5 44 29 9 8 4 33 22 31 21 32 14 6 46 
AQUIIII!!47 46 33 44 32 17 14 22 48 21 6 41 27 9 8 29 
AQUIIII!!32 23 46 29 22 33 47 17 6 5 21 14 8 41 9 44 AQUIIII!!
47 24 48 34 18 40 26 37 49 52 22 16 20 46 44 51 
AQUIIII!!44 26 20 49 48 52 34 46 16 22 18 40 51 24 37 47 
AQUIIII!!46 22 20 51 18 24 26 44 52 49 47 16 40 34 48 37 
AQUIIII!!47 8 22 14 41 44 33 23 5 6 17 32 9 29 21 46 
AQUIIII!!46 22 27 37 52 29 48 47 44 16 14 9 17 21 26 41 
AQUIIII!!44 48 21 8 29 41 14 52 27 17 26 9 AQUIIII!!46 46 37 52 22 37 47 21 
51 26 49 48 16 44 38 47 27 22 20 24 
AQUIIII!!44 47 21 29 8 6 27 33 14 22 17 9 32 41 48 46 
AQUIIII!!52 48 26 24 20 46 49 37 27 22 51 38 47 21 16 44 
AQUIIII!!AQUIIII!!52 37 38 47 46 22 49 27 16 49 27 26 22 44 51 24 48 21 24 52 26 20 20 48 21 38 37 16 44 51 47 46 

AQUIIII!!44 21 32 9 22 14 8 31 29 6 33 46 17 4 41 5 
AQUIIII!!22 26 49 48 47 27 21 37 24 38 16 AQUIIII!!17 40 22 46 16 52 24 20 26 44 18 
52 48 37 49 34 51 47 46 44 20 
AQUIIII!!44 46 16 40 52 51 48 26 22 18 49 24 34 47 AQUIIII!!20 46 37 24 
16 37 47 38 26 22 48 AQUIIII!!52 29 21 51 22 27 27 44 21 49 20 8 
17 14 9 52 26 46 AQUIIII!!48 52 37 51 47 48 41 20 16 44 22 
24 26 34 40 47 18 44 49 37 46 
AQUIIII!!49 52 22 21 AQUIIII!!37 27 52 26 47 20 27 24 17 26 48 29 44 38 46 16 37 47 8 46 
41 17 9 14 48 22 21 44 
AQUIIII!!46 9 44 48 26 14 17 52 29 22 21 41 16 37 47 27 
AQUIIII!!AQUIIII!!46 44 17 49 22 27 52 44 24 38 17 21 46 37 52 16 48 48 20 26 26 22 27 24 16 49 37 47 20 
38 21 47 
AQUIIII!!34 22 18 51 26 24 47 20 37 19 AQUIIII!!44 49 22 52 26 49 16 20 40 37 17 48 24 46 52 38 
47 16 27 48 21 46 
AQUIIII!!8 41 48 9 21 22 17 29 44 52 14 47 27 26 37 46 
AQUIIII!!17 5 29 6 33 14 9 21 41 31 4 46 32 8 22 44 
AQUIIII!!44 AQUIIII!!17 14 16 8 20 32 14 4 22 21 26 5 52 9 37 29 27 6 38 41 24 46 46 22 48 31 21 47 17 
33 44 
AQUIIII!!44 29 AQUIIII!!52 47 47 20 26 52 41 16 27 38 22 9 17 14 27 22 AQUIIII!!49 21 21 44 46 44 9 24 48 5 37 17 6 26 37 48 22 46 8 32 

8 17 47 33 23 21 29 14 46 41 
AQUIIII!!16 26 47 18 22 19 24 52 20 40 48 49 51 34 37 46 
AQUIIII!!37 AQUIIII!!22 44 46 51 27 47 21 46 26 16 49 52 20 47 38 14 21 17 22 29 24 48 52 16 48 9 27 41 37 44 26 

AQUIIII!!44 51 47 46 16 49 20 38 21 22 24 52 48 27 37 26 
AQUIIII!!33 32 22 44 AQUIIII!!29 44 14 51 9 47 AQUIIII!!46 6 24 16 8 44 49 17 20 16 48 38 34 21 27 37 22 21 24 20 41 52 40 48 47 48 27 46 37 49 
26 46 
26 51 22 18 52 47 
AQUIIII!!14 47 22 AQUIIII!!52 AQUIIII!!29 29 49 21 26 34 26 17 16 52 44 24 14 21 18 9 41 52 22 40 27 22 41 9 20 8 16 37 17 37 19 27 48 47 47 46 48 48 
51 37 26 46 46 44 

AQUIIII!!4 3 5 32 9 6 21 29 41 33 34 14 AQUIIII!!8 48 22 51 17 16 40 44 52 
26 49 24 47 44 20 22 34 37 18 46 
AQUIIII!!16 17 14 47 21 48 29 41 9 52 46 37 27 22 26 44 
AQUIIII!!33 27 32 17 29 8 22 14 21 9 6 41 48 46 47 44 
AQUIIII!!44 AQUIIII!!3 37 14 22 5 20 29 16 8 52 49 21 24 6 21 17 46 22 48 34 27 41 38 33 26 32 47 4 17 44 9 

AQUIIII!!44 9 AQUIIII!!22 20 27 29 26 32 38 6 48 17 21 5 46 23 49 33 22 14 24 46 16 47 17 8 47 41 37 52 21 
44 
AQUIIII!!46 34 24 48 22 37 26 51 49 47 18 52 20 19 16 40 
AQUIIII!!44 29 17 41 9 21 8 26 37 AQUIIII!!52 46 46 14 14 17 27 6 47 21 22 22 48 8 
9 AQUIIII!!4 34 31 32 29 6 33 5 41 8 44 17 5 4 32 33 
21 41 29 3 9 22 14 44 
AQUIIII!!27 17 21 52 37 47 38 24 20 26 48 14 16 22 44 46 
AQUIIII!!38 52 16 48 22 37 17 20 21 49 24 27 26 44 46 47 
AQUIIII!!44 47 21 29 8 6 27 33 14 22 17 9 32 41 48 46 
Number of Cuts in the second phase:2790
Number of repeat: 2571 
Violation: 330.000000
Violation: 93.000000
Violation: 177.000000
Violation: 100.000000
Violation: 605.000000
Violation: 29.000000
Violation: 218.000000
Violation: 111.000000
Violation: 953.000000
Violation: 922.000000
Violation: 93.000000
Violation: 264.000000
Violation: 681.000000
Violation: 1724.000000
Violation: 461.000000
Violation: 132.000000
Violation: 1357.000000
Violation: 800.000000
Violation: 302.000000
Violation: 108.000000
Violation: 396.000000
Violation: 192.000000
Violation: 771.000000
Violation: 722.000000
Violation: 551.000000
Violation: 461.000000
Violation: 609.000000
Violation: 138.000000
Violation: 295.000000
Violation: 942.000000
Violation: 719.000000
Violation: 152.000000
Violation: 284.000000
Violation: 663.000000
Violation: 322.000000
Violation: 183.000000
Violation: 137.000000
Violation: 532.000000
Violation: 388.000000
Violation: 185.000000
Violation: 328.000000
Violation: 237.000000
Violation: 369.000000
Violation: 167.000000
Violation: 70.000000
Violation: 485.000000
Violation: 224.000000
Violation: 372.000000
Violation: 560.000000
Violation: 137.000000
Violation: 317.000000
Violation: 195.000000
Violation: 393.000000
Violation: 716.000000
Violation: 905.000000
Violation: 94.000000
Violation: 193.000000
Violation: 512.000000
Violation: 420.000000
Violation: 35.000000
Violation: 771.000000
Violation: 275.000000
Violation: 311.000000
Violation: 272.000000
Violation: 374.000000
Violation: 132.000000
Violation: 429.000000
Violation: 133.000000
Violation: 384.000000
Violation: 587.000000
Violation: 37.000000
Violation: 65.000000
Violation: 185.000000
Violation: 601.000000
Violation: 652.000000
Violation: 478.000000
Violation: 457.000000
Violation: 762.000000
Violation: 86.000000
Violation: 501.000000
Violation: 384.000000
Violation: 456.000000
Violation: 1199.000000
Violation: 550.000000
Violation: 512.000000
Violation: 1180.000000
Violation: 311.000000
Violation: 100.000000
Violation: 695.000000
Violation: 512.000000
Violation: 260.000000
Violation: 398.000000
Violation: 628.000000
Violation: 303.000000
Violation: 1008.000000
Violation: 1046.000000
Violation: 82.000000
Violation: 40.000000
Violation: 19.000000
Violation: 98.000000
Violation: 631.000000
Violation: 750.000000
Violation: 102.000000
Violation: 7.000000
Violation: 221.000000
Violation: 327.000000
Violation: 302.000000
Violation: 320.000000
Violation: 192.000000
Violation: 1527.000000
Violation: 451.000000
Violation: 101.000000
Violation: 629.000000
Violation: 183.000000
Violation: 986.000000
Violation: 205.000000
Violation: 290.000000
Violation: 376.000000
Violation: 109.000000
Violation: 592.000000
Violation: 535.000000
Violation: 174.000000
Violation: 828.000000
Violation: 609.000000
Violation: 449.000000
Violation: 91.000000
Violation: 54.000000
Violation: 142.000000
Violation: 97.000000
Violation: 374.000000
Violation: 688.000000
Violation: 917.000000
Violation: 522.000000
Violation: 2008.000000
Violation: 390.000000
Violation: 102.000000
Violation: 551.000000
Violation: 160.000000
Violation: 517.000000
Violation: 489.000000
Violation: 158.000000
Violation: 22.000000
Violation: 621.000000
Violation: 1312.000000
Violation: 163.000000
Violation: 1259.000000
Violation: 423.000000
Violation: 388.000000
Violation: 349.000000
Violation: 589.000000
Violation: 134.000000
Violation: 346.000000
Violation: 74.000000
Violation: 94.000000
Violation: 151.000000
Violation: 371.000000
Violation: 12.000000
Violation: 1243.000000
Violation: 284.000000
Violation: 802.000000
Violation: 591.000000
Violation: 8.000000
Violation: 803.000000
Violation: 542.000000
Violation: 1052.000000
Violation: 150.000000
Violation: 59.000000
Violation: 478.000000
Violation: 558.000000
Violation: 1327.000000
Violation: 292.000000
Violation: 73.000000
Violation: 282.000000
Violation: 86.000000
Violation: 202.000000
Violation: 468.000000
Violation: 588.000000
Violation: 251.000000
Violation: 133.000000
Violation: 250.000000
Violation: 269.000000
Violation: 261.000000
Violation: 775.000000
Violation: 191.000000
Violation: 325.000000
Violation: 1588.000000
Violation: 970.000000
Violation: 987.000000
Violation: 330.000000
Violation: 892.000000
Violation: 1184.000000
Violation: 604.000000
Violation: 71.000000
Violation: 534.000000
Violation: 1055.000000
Violation: 421.000000
Violation: 135.000000
Violation: 299.000000
Violation: 480.000000
Violation: 323.000000
Violation: 190.000000
Violation: 125.000000
Violation: 231.000000
Violation: 914.000000
Violation: 69.000000
Violation: 202.000000
Violation: 599.000000
Violation: 530.000000
Violation: 661.000000
Violation: 140.000000
Violation: 351.000000
Violation: 545.000000
Violation: 494.000000
Violation: 268.000000
Violation: 171.000000
Violation: 786.000000
Violation: 7.000000
Violation: 930.000000
Violation: 998.000000
took 4.172657
Optimize a model with 1016 rows, 906 columns and 14108 nonzeros
Coefficient statistics:
  Matrix range     [1e+00, 4e+01]
  Objective range  [0e+00, 0e+00]
  Bounds range     [1e+00, 4e+01]
  RHS range        [1e+00, 1e+02]
Presolve removed 466 rows and 108 columns
Presolve time: 0.00s
Presolved: 550 rows, 798 columns, 10596 nonzeros

Iteration    Objective       Primal Inf.    Dual Inf.      Time
       0    0.0000000e+00   4.508044e+01   0.000000e+00      0s
     115    0.0000000e+00   0.000000e+00   0.000000e+00      0s

Solved in 115 iterations and 0.01 seconds
Optimal objective  0.000000000e+00
