j3017_4.mm_s2.txt
Academic license - for non-commercial use only
Read LP format model from file lp/j3017_4.mm.lp
Reading time = 0.01 seconds
: 351 rows, 906 columns, 9053 nonzeros
OKGPU
nThreads: 1024 , nBlocks: 12 
Number cuts generated in the phase 1: 6
Number of repeat: 1 
violation 490.000000
violation 749.000000
violation 702.000000
violation 738.000000
violation 428.000000
8592 16
AQUIIII!!6 55 53 AQUIIII!!17 8 7 54 18 21 53 27 5 54 19 23 9 44 23 47 31 56 19 31 22 24 10 32 
27 16 33 21 55 
AQUIIII!!53 AQUIIII!!7 9 54 54 44 55 AQUIIII!!23 0 8 AQUIIII!!35 23 55 53 21 16 53 55 22 26 31 54 4 35 21 6 27 40 17 31 19 24 15 44 27 44 56 23 29 22 8 5 17 54 52 10 10 19 34 17 18 27 33 18 
18 5 21 23 
56 56 19 5 22 
24 
AQUIIII!!55 5 53 8 52 54 27 33 32 21 9 56 16 23 26 40 
AQUIIII!!18 56 31 9 21 19 23 22 8 33 27 5 55 44 54 53 
AQUIIII!!56 5 24 22 18 17 31 23 AQUIIII!!44 9 27 8 16 19 19 AQUIIII!!21 8 23 53 54 5 55 16 21 54 56 33 
23 AQUIIII!!32 26 19 24 32 17 56 5 44 33 31 10 27 27 21 27 53 9 4 8 40 6 55 52 35 53 54 23 55 AQUIIII!!
29 
35 AQUIIII!!16 22 44 15 18 21 26 21 17 56 53 19 40 7 31 9 54 56 5 
47 23 23 52 AQUIIII!!10 33 55 54 18 5 34 22 56 8 55 31 55 27 33 53 7 22 
AQUIIII!!54 AQUIIII!!23 AQUIIII!!53 53 55 8 44 24 
33 18 18 5 24 44 10 8 9 21 6 19 27 19 31 16 23 27 21 33 21 54 47 27 19 53 7 31 31 9 27 5 32 
22 16 23 19 32 21 23 56 56 17 8 9 54 53 55 53 54 54 55 

AQUIIII!!
27 56 23 16 53 32 5 33 9 40 21 26 52 8 55 54 
AQUIIII!!54 55 8 5 9 40 26 53 15 52 35 23 56 33 34 16 
AQUIIII!!53 9 55 56 21 33 32 52 16 23 8 26 40 5 54 27 
AQUIIII!!53 55 6 54 47 31 21 18 17 22 44 19 10 7 27 23 
AQUIIII!!8 55 54 9 18 22 31 23 44 27 19 21 33 56 53 5 
AQUIIII!!55 AQUIIII!!53 8 34 53 54 54 26 19 35 5 52 44 40 21 33 22 5 24 15 31 56 23 16 55 23 56 8 18 9 27 
17 
AQUIIII!!5 52 40 54 26 56 AQUIIII!!44 34 27 55 31 8 17 35 23 33 22 16 56 15 19 23 24 9 5 53 18 AQUIIII!!55 
23 53 26 8 9 54 33 21 32 
27 16 8 52 40 5 56 AQUIIII!!21 54 54 8 55 AQUIIII!!16 53 19 56 
18 32 23 26 56 40 5 27 22 21 24 AQUIIII!!33 23 44 23 5 21 5 40 53 27 32 9 33 31 52 26 17 55 9 54 
53 8 16 55 21 53 52 
56 27 55 54 8 
AQUIIII!!9 33 16 56 27 31 32 AQUIIII!!21 24 23 19 55 33 24 32 5 27 19 23 54 5 53 16 8 56 
9 31 21 8 55 AQUIIII!!53 31 54 
44 19 23 5 21 22 AQUIIII!!AQUIIII!!56 24 AQUIIII!!33 27 53 21 54 8 54 55 54 26 16 9 18 32 35 33 33 19 9 54 8 18 17 27 5 19 8 5 23 15 31 55 22 56 16 5 53 27 21 9 24 
56 
34 31 40 44 23 23 56 8 55 53 53 55 52 

AQUIIII!!54 AQUIIII!!53 53 7 8 54 56 32 55 21 19 16 17 23 18 27 22 40 10 5 44 56 21 55 31 9 47 52 27 26 23 33 

AQUIIII!!33 23 34 56 9 35 52 15 5 16 8 54 53 26 55 40 
AQUIIII!!24 31 22 23 21 53 44 56 18 5 19 27 17 54 8 55 
AQUIIII!!24 31 22 23 21 53 44 56 18 5 19 27 17 54 8 55 
AQUIIII!!56 5 34 16 53 35 33 23 52 9 15 40 54 8 26 55 AQUIIII!!
5 19 10 44 56 18 22 31 27 23 21 17 55 24 54 53 
AQUIIII!!15 16 23 54 56 40 9 33 55 35 26 52 53 5 8 34 
AQUIIII!!8 19 27 AQUIIII!!18 5 56 22 31 53 33 54 53 22 8 5 55 23 21 44 24 21 23 55 44 54 56 9 17 
19 31 18 27 
AQUIIII!!19 27 53 18 5 21 22 56 8 33 31 44 23 9 54 55 
AQUIIII!!54 55 34 AQUIIII!!53 35 44 5 19 56 33 17 15 22 26 40 56 9 8 27 23 18 16 52 23 
31 21 24 53 5 55 8 54 
AQUIIII!!53 7 54 6 4 19 35 29 10 18 23 44 17 21 22 27 
AQUIIII!!7 55 54 17 27 31 19 44 18 47 21 53 10 23 22 6 
AQUIIII!!8 16 33 54 5 23 15 34 40 53 9 35 52 26 55 56 
AQUIIII!!55 52 54 8 5 26 34 53 56 9 15 40 35 16 33 23 
AQUIIII!!21 32 33 23 8 16 56 27 5 40 55 53 54 52 9 26 
AQUIIII!!26 15 0 52 34 35 AQUIIII!!53 8 54 33 47 55 40 44 10 56 23 21 23 18 16 19 27 5 22 55 31 9 6 54 17 
7 
AQUIIII!!53 9 55 31 32 5 23 8 21 56 54 16 27 33 19 AQUIIII!!24 5 
54 53 55 9 33 44 8 27 23 31 21 56 18 19 22 
AQUIIII!!53 55 6 54 47 31 21 18 17 22 44 19 10 7 27 23 
AQUIIII!!23 56 33 54 5 18 22 44 19 9 27 21 31 8 55 53 
AQUIIII!!52 53 54 35 23 40 8 15 56 5 55 9 16 33 34 26 
AQUIIII!!19 23 55 6 18 10 21 47 27 44 22 31 17 53 54 7 
AQUIIII!!8 55 54 9 18 22 31 23 44 27 19 21 33 56 53 5 
AQUIIII!!54 55 7 47 21 18 53 19 27 17 23 31 22 56 44 10 
AQUIIII!!56 53 54 55 8 5 9 23 40 26 16 15 34 52 35 33 
AQUIIII!!55 53 54 5 23 26 52 16 8 21 56 32 40 33 27 9 
AQUIIII!!55 53 54 5 23 26 52 16 8 21 56 32 40 33 27 9 
AQUIIII!!34 16 33 52 40 23 26 56 5 8 9 15 54 55 35 53 
AQUIIII!!54 53 24 5 55 16 23 32 33 19 21 31 9 56 8 27 
AQUIIII!!40 54 53 55 9 52 16 26 33 56 23 21 5 32 27 8 
AQUIIII!!53 55 6 54 47 31 21 18 17 22 44 19 10 7 27 23 
AQUIIII!!5 55 53 52 9 33 23 16 26 15 8 34 40 56 54 35 
AQUIIII!!53 54 9 26 8 33 5 52 23 16 40 27 55 32 56 21 
AQUIIII!!53 8 55 21 54 18 31 27 5 23 44 56 17 22 19 24 
AQUIIII!!55 52 53 15 35 9 34 23 40 33 8 56 26 16 5 54 
AQUIIII!!5 54 53 55 9 33 44 8 27 23 31 21 56 18 19 22 
Number of Cuts in the second phase:4063
Number of repeat: 3747 
Violation: 234.000000
Violation: 257.000000
Violation: 443.000000
Violation: 498.000000
Violation: 311.000000
Violation: 113.000000
Violation: 594.000000
Violation: 859.000000
Violation: 514.000000
Violation: 228.000000
Violation: 922.000000
Violation: 771.000000
Violation: 498.000000
Violation: 496.000000
Violation: 190.000000
Violation: 496.000000
Violation: 179.000000
Violation: 113.000000
Violation: 311.000000
Violation: 669.000000
Violation: 171.000000
Violation: 1137.000000
Violation: 404.000000
Violation: 257.000000
Violation: 854.000000
Violation: 808.000000
Violation: 662.000000
Violation: 257.000000
Violation: 300.000000
Violation: 124.000000
Violation: 784.000000
Violation: 512.000000
Violation: 347.000000
Violation: 522.000000
Violation: 549.000000
Violation: 526.000000
Violation: 617.000000
Violation: 451.000000
Violation: 234.000000
Violation: 324.000000
Violation: 261.000000
Violation: 625.000000
Violation: 625.000000
Violation: 1484.000000
Violation: 490.000000
Violation: 609.000000
Violation: 179.000000
Violation: 363.000000
Violation: 69.000000
Violation: 171.000000
Violation: 683.000000
Violation: 1184.000000
Violation: 796.000000
Violation: 296.000000
Violation: 669.000000
Violation: 743.000000
Violation: 746.000000
Violation: 543.000000
Violation: 435.000000
Violation: 520.000000
Violation: 1106.000000
Violation: 867.000000
Violation: 121.000000
Violation: 959.000000
Violation: 862.000000
Violation: 327.000000
Violation: 514.000000
Violation: 669.000000
Violation: 733.000000
Violation: 556.000000
Violation: 171.000000
Violation: 519.000000
Violation: 85.000000
Violation: 418.000000
Violation: 49.000000
Violation: 496.000000
Violation: 49.000000
Violation: 631.000000
Violation: 813.000000
Violation: 972.000000
Violation: 414.000000
Violation: 496.000000
Violation: 512.000000
Violation: 520.000000
Violation: 498.000000
Violation: 768.000000
Violation: 247.000000
Violation: 498.000000
Violation: 726.000000
Violation: 173.000000
Violation: 198.000000
Violation: 620.000000
Violation: 476.000000
Violation: 292.000000
Violation: 672.000000
Violation: 162.000000
Violation: 9.000000
Violation: 121.000000
Violation: 247.000000
Violation: 191.000000
Violation: 311.000000
Violation: 581.000000
Violation: 679.000000
Violation: 311.000000
Violation: 996.000000
Violation: 543.000000
Violation: 250.000000
Violation: 554.000000
Violation: 597.000000
Violation: 156.000000
Violation: 1236.000000
Violation: 318.000000
Violation: 806.000000
Violation: 173.000000
Violation: 746.000000
Violation: 497.000000
Violation: 859.000000
Violation: 889.000000
Violation: 1106.000000
Violation: 921.000000
Violation: 748.000000
Violation: 683.000000
Violation: 691.000000
Violation: 504.000000
Violation: 422.000000
Violation: 902.000000
Violation: 617.000000
Violation: 730.000000
Violation: 171.000000
Violation: 206.000000
Violation: 113.000000
Violation: 410.000000
Violation: 1234.000000
Violation: 137.000000
Violation: 236.000000
Violation: 1137.000000
Violation: 573.000000
Violation: 1121.000000
Violation: 153.000000
Violation: 296.000000
Violation: 759.000000
Violation: 363.000000
Violation: 342.000000
Violation: 880.000000
Violation: 1008.000000
Violation: 93.000000
Violation: 921.000000
Violation: 534.000000
Violation: 205.000000
Violation: 179.000000
Violation: 10.000000
Violation: 539.000000
Violation: 139.000000
Violation: 1060.000000
Violation: 136.000000
Violation: 661.000000
Violation: 635.000000
Violation: 691.000000
Violation: 1021.000000
Violation: 662.000000
Violation: 617.000000
Violation: 651.000000
Violation: 1123.000000
Violation: 597.000000
Violation: 123.000000
Violation: 1121.000000
Violation: 138.000000
Violation: 804.000000
Violation: 324.000000
Violation: 635.000000
Violation: 804.000000
Violation: 44.000000
Violation: 625.000000
Violation: 311.000000
Violation: 219.000000
Violation: 1219.000000
Violation: 604.000000
Violation: 211.000000
Violation: 83.000000
Violation: 247.000000
Violation: 396.000000
Violation: 655.000000
Violation: 545.000000
Violation: 234.000000
Violation: 107.000000
Violation: 513.000000
Violation: 859.000000
Violation: 617.000000
Violation: 1294.000000
Violation: 730.000000
Violation: 718.000000
Violation: 1219.000000
Violation: 407.000000
Violation: 1008.000000
Violation: 363.000000
Violation: 179.000000
Violation: 10.000000
Violation: 872.000000
Violation: 106.000000
Violation: 782.000000
Violation: 347.000000
Violation: 1173.000000
Violation: 52.000000
Violation: 635.000000
Violation: 381.000000
Violation: 26.000000
Violation: 10.000000
Violation: 625.000000
Violation: 247.000000
Violation: 787.000000
Violation: 476.000000
Violation: 795.000000
Violation: 432.000000
Violation: 705.000000
Violation: 315.000000
Violation: 710.000000
Violation: 537.000000
Violation: 627.000000
Violation: 22.000000
Violation: 393.000000
Violation: 686.000000
Violation: 540.000000
Violation: 1222.000000
Violation: 488.000000
Violation: 599.000000
Violation: 936.000000
Violation: 320.000000
Violation: 294.000000
Violation: 859.000000
Violation: 514.000000
Violation: 435.000000
Violation: 1137.000000
Violation: 812.000000
Violation: 1121.000000
Violation: 630.000000
Violation: 1399.000000
Violation: 1396.000000
Violation: 514.000000
Violation: 163.000000
Violation: 605.000000
Violation: 115.000000
Violation: 121.000000
Violation: 673.000000
Violation: 228.000000
Violation: 669.000000
Violation: 620.000000
Violation: 364.000000
Violation: 219.000000
Violation: 1479.000000
Violation: 1183.000000
Violation: 311.000000
Violation: 513.000000
Violation: 756.000000
Violation: 430.000000
Violation: 318.000000
Violation: 744.000000
Violation: 432.000000
Violation: 788.000000
Violation: 710.000000
Violation: 380.000000
Violation: 504.000000
Violation: 625.000000
Violation: 534.000000
Violation: 1156.000000
Violation: 179.000000
Violation: 451.000000
Violation: 137.000000
Violation: 691.000000
Violation: 534.000000
Violation: 1184.000000
Violation: 404.000000
Violation: 635.000000
Violation: 880.000000
Violation: 261.000000
Violation: 683.000000
Violation: 672.000000
Violation: 342.000000
Violation: 1456.000000
Violation: 792.000000
Violation: 1077.000000
Violation: 378.000000
Violation: 344.000000
Violation: 1242.000000
Violation: 234.000000
Violation: 101.000000
Violation: 599.000000
Violation: 773.000000
Violation: 748.000000
Violation: 539.000000
Violation: 393.000000
Violation: 594.000000
Violation: 1384.000000
Violation: 453.000000
Violation: 292.000000
Violation: 627.000000
Violation: 559.000000
Violation: 183.000000
Violation: 167.000000
Violation: 738.000000
Violation: 832.000000
Violation: 416.000000
Violation: 455.000000
Violation: 214.000000
Violation: 522.000000
Violation: 870.000000
Violation: 139.000000
Violation: 804.000000
Violation: 26.000000
Violation: 1260.000000
Violation: 321.000000
Violation: 106.000000
Violation: 88.000000
Violation: 369.000000
Violation: 171.000000
Violation: 648.000000
Violation: 52.000000
7404 16
AQUIIII!!55 53 54 21 8 16 24 27 31 19 32 23 9 33 56 5 
AQUIIII!!54 55 6 31 7 AQUIIII!!21 53 44 55 19 52 23 27 27 9 47 54 17 56 10 40 53 21 22 33 18 8 
23 16 26 AQUIIII!!5 53 32 54 
9 5 23 27 56 16 21 40 26 52 8 32 55 33 
AQUIIII!!AQUIIII!!53 54 55 54 8 53 21 26 23 31 55 5 56 23 5 18 52 44 9 24 40 22 33 19 21 27 32 17 27 8 16 56 

AQUIIII!!16 23 54 15 34 9 56 52 26 AQUIIII!!53 53 5 54 33 31 8 35 55 55 16 40 32 
8 21 24 27 33 23 9 19 5 56 
AQUIIII!!5 52 54 55 53 9 27 8 40 56 26 33 21 16 23 32 
AQUIIII!!16 23 54 15 34 9 56 52 26 53 5 33 8 35 55 40 
AQUIIII!!6 54 55 23 18 31 19 17 44 7 22 10 27 21 53 47 
AQUIIII!!9 35 34 8 23 16 56 15 54 55 26 52 53 5 AQUIIII!!33 21 40 5 
40 32 33 26 23 27 8 16 56 55 52 53 54 9 
AQUIIII!!22 AQUIIII!!27 21 31 5 24 40 21 32 5 33 10 26 17 23 44 27 18 8 56 16 19 56 54 55 53 52 55 53 23 54 
9 
AQUIIII!!31 23 44 27 17 22 19 10 56 24 5 21 AQUIIII!!18 5 53 23 55 53 54 44 
9 22 18 33 19 AQUIIII!!56 23 27 55 AQUIIII!!21 44 27 31 31 21 33 54 31 5 8 56 AQUIIII!!22 55 19 8 27 
47 56 56 44 9 19 22 40 18 10 34 21 15 17 8 AQUIIII!!35 18 9 4 23 7 54 35 33 54 53 29 5 55 
21 16 53 10 26 23 27 54 
44 52 17 53 22 55 18 
6 23 19 54 53 7 
AQUIIII!!8 54 53 21 16 31 33 5 24 56 23 27 55 9 32 19 
AQUIIII!!54 55 8 16 56 40 33 5 34 9 26 52 53 23 35 15 
AQUIIII!!53 31 54 55 27 8 5 24 56 21 18 17 44 22 23 19 
AQUIIII!!56 35 34 54 9 55 33 15 52 8 0 16 26 23 40 5 
AQUIIII!!56 35 23 33 AQUIIII!!52 21 53 17 15 22 16 47 5 23 26 7 40 53 34 19 9 44 55 31 54 10 8 27 
18 54 6 55 
AQUIIII!!56 AQUIIII!!35 15 23 35 33 8 52 5 53 33 15 16 16 0 5 23 26 56 40 52 34 34 9 26 55 55 54 40 8 
9 54 
AQUIIII!!40 8 16 26 34 23 5 52 9 35 56 15 55 54 33 53 
AQUIIII!!18 21 31 9 5 23 56 19 8 44 33 22 55 54 27 53 
AQUIIII!!23 53 32 31 5 24 21 56 9 16 27 19 33 54 55 8 
AQUIIII!!55 53 54 27 21 52 26 8 9 33 5 16 40 56 32 23 
AQUIIII!!55 53 54 22 17 56 31 44 19 21 10 24 27 18 23 5 
AQUIIII!!54 AQUIIII!!8 53 55 54 32 AQUIIII!!AQUIIII!!8 16 8 53 33 56 8 55 56 16 54 54 52 55 55 27 31 33 40 5 40 16 26 35 18 40 53 33 15 26 AQUIIII!!9 5 53 56 33 23 56 22 5 55 15 35 21 9 19 52 23 
44 9 16 9 26 32 9 5 52 53 24 23 34 54 27 34 
23 33 
56 21 
19 23 AQUIIII!!8 53 5 55 31 9 27 23 21 26 
21 54 27 56 8 16 40 5 52 33 32 
AQUIIII!!54 53 5 55 8 26 34 40 9 56 16 35 52 33 23 15 
AQUIIII!!52 26 5 9 40 54 55 56 53 16 8 33 27 21 32 23 
AQUIIII!!40 33 9 8 54 16 52 34 5 15 23 26 55 56 AQUIIII!!53 24 35 56 
23 18 19 21 22 27 17 31 AQUIIII!!5 35 8 52 54 26 55 16 44 15 53 33 
8 9 40 34 56 23 55 53 5 54 
AQUIIII!!21 19 23 27 24 5 32 16 33 9 56 53 31 54 55 8 
AQUIIII!!54 7 53 17 35 29 23 44 18 22 10 21 4 19 6 27 
AQUIIII!!55 53 9 31 44 22 33 27 23 19 8 18 56 5 21 54 
AQUIIII!!54 55 53 47 56 23 31 18 17 7 21 27 44 22 19 10 
AQUIIII!!53 8 55 24 56 31 17 23 21 54 27 19 18 44 5 22 
AQUIIII!!19 18 56 5 44 27 21 31 23 33 22 8 55 54 9 53 
AQUIIII!!21 40 33 16 32 53 27 26 56 23 9 52 8 AQUIIII!!55 18 5 5 54 21 
53 56 31 33 44 22 19 27 23 9 8 55 54 
AQUIIII!!56 27 31 17 5 19 18 24 21 23 44 10 53 54 22 55 
AQUIIII!!54 55 7 53 44 10 47 19 18 31 23 27 22 17 21 6 
AQUIIII!!8 40 54 26 55 33 53 23 16 27 32 56 52 21 5 9 
AQUIIII!!54 53 44 55 9 18 8 27 33 5 21 22 56 19 31 23 
AQUIIII!!23 55 52 40 8 16 35 26 33 5 34 56 15 53 54 9 
AQUIIII!!54 55 7 53 44 10 47 19 18 31 23 27 22 17 21 6 
AQUIIII!!10 18 23 27 22 21 17 AQUIIII!!44 53 19 54 55 9 47 5 31 23 56 27 54 56 53 16 7 21 
40 26 52 8 32 55 33 
AQUIIII!!AQUIIII!!56 34 23 35 5 8 33 26 27 16 52 55 40 23 8 33 26 16 5 40 9 9 21 55 15 56 32 54 54 52 53 
53 
AQUIIII!!53 6 54 17 44 21 27 23 19 55 18 22 AQUIIII!!47 21 10 47 7 53 31 31 
44 27 17 10 18 19 22 23 7 55 6 54 
AQUIIII!!6 23 55 22 47 17 18 19 10 27 31 44 21 53 7 54 
AQUIIII!!23 19 21 9 31 33 16 27 8 32 56 55 5 24 53 54 
AQUIIII!!55 9 54 31 5 32 23 33 8 19 24 53 56 16 21 27 
AQUIIII!!47 18 31 19 22 56 54 10 17 21 23 27 44 55 7 53 
AQUIIII!!33 52 35 53 15 34 23 56 16 5 8 26 9 55 54 40 
AQUIIII!!54 6 53 27 7 18 23 55 44 10 22 47 17 31 21 19 
AQUIIII!!26 23 35 52 16 34 40 5 15 33 54 53 56 8 55 9 
AQUIIII!!55 6 54 44 31 27 7 17 21 19 22 53 23 10 47 18 
AQUIIII!!55 52 53 54 16 56 40 5 26 34 33 23 9 15 35 8 
AQUIIII!!54 8 55 33 53 56 19 21 5 23 31 27 24 32 16 9 
AQUIIII!!54 55 8 52 16 53 56 40 34 35 26 9 33 5 23 15 
AQUIIII!!54 55 8 9 44 33 56 53 27 31 18 21 23 5 22 19 
AQUIIII!!53 8 54 55 33 16 40 15 5 56 35 23 9 26 52 34 
AQUIIII!!53 54 55 52 26 5 34 16 9 40 15 8 33 35 23 56 
AQUIIII!!54 53 5 55 8 26 34 40 9 56 16 35 52 33 23 15 
AQUIIII!!56 35 53 52 54 55 8 33 5 16 23 40 26 34 15 9 
AQUIIII!!56 35 53 52 54 55 8 33 5 16 23 40 26 34 15 9 
AQUIIII!!54 8 55 33 53 56 19 21 5 23 31 27 24 32 16 9 
Number of Cuts in the second phase:3478
Number of repeat: 3320 
Violation: 1119.000000
Violation: 652.000000
Violation: 257.000000
Violation: 77.000000
Violation: 113.000000
Violation: 527.000000
Violation: 647.000000
Violation: 479.000000
Violation: 581.000000
Violation: 682.000000
Violation: 693.000000
Violation: 1171.000000
Violation: 177.000000
Violation: 944.000000
Violation: 1343.000000
Violation: 488.000000
Violation: 831.000000
Violation: 809.000000
Violation: 1242.000000
Violation: 972.000000
Violation: 412.000000
Violation: 748.000000
Violation: 47.000000
Violation: 49.000000
Violation: 353.000000
Violation: 972.000000
Violation: 833.000000
Violation: 1181.000000
Violation: 275.000000
Violation: 816.000000
Violation: 214.000000
Violation: 171.000000
Violation: 358.000000
Violation: 487.000000
Violation: 597.000000
Violation: 111.000000
Violation: 1371.000000
Violation: 660.000000
Violation: 635.000000
Violation: 1247.000000
Violation: 679.000000
Violation: 390.000000
Violation: 413.000000
Violation: 566.000000
Violation: 10.000000
Violation: 85.000000
Violation: 137.000000
Violation: 27.000000
Violation: 251.000000
Violation: 635.000000
Violation: 442.000000
Violation: 813.000000
Violation: 1830.000000
Violation: 207.000000
Violation: 111.000000
Violation: 257.000000
Violation: 517.000000
Violation: 815.000000
Violation: 214.000000
Violation: 1226.000000
Violation: 426.000000
Violation: 99.000000
Violation: 881.000000
Violation: 908.000000
Violation: 1106.000000
Violation: 366.000000
Violation: 488.000000
Violation: 783.000000
Violation: 988.000000
Violation: 121.000000
Violation: 85.000000
Violation: 376.000000
Violation: 526.000000
Violation: 181.000000
Violation: 8.000000
Violation: 319.000000
Violation: 551.000000
Violation: 257.000000
Violation: 490.000000
Violation: 85.000000
Violation: 1433.000000
Violation: 756.000000
Violation: 139.000000
Violation: 776.000000
Violation: 1052.000000
Violation: 307.000000
Violation: 106.000000
Violation: 410.000000
Violation: 647.000000
Violation: 908.000000
Violation: 111.000000
Violation: 1139.000000
Violation: 139.000000
Violation: 683.000000
Violation: 188.000000
Violation: 143.000000
Violation: 470.000000
Violation: 1484.000000
Violation: 491.000000
Violation: 404.000000
Violation: 506.000000
Violation: 648.000000
Violation: 647.000000
Violation: 395.000000
Violation: 346.000000
Violation: 1123.000000
Violation: 438.000000
Violation: 746.000000
Violation: 1121.000000
Violation: 374.000000
Violation: 321.000000
Violation: 611.000000
Violation: 796.000000
Violation: 946.000000
Violation: 584.000000
Violation: 601.000000
Violation: 1219.000000
Violation: 967.000000
Violation: 23.000000
Violation: 556.000000
Violation: 756.000000
Violation: 889.000000
Violation: 1035.000000
Violation: 627.000000
Violation: 609.000000
Violation: 165.000000
Violation: 850.000000
Violation: 650.000000
Violation: 418.000000
Violation: 64.000000
Violation: 862.000000
Violation: 965.000000
Violation: 13.000000
Violation: 506.000000
Violation: 277.000000
Violation: 299.000000
Violation: 617.000000
Violation: 340.000000
Violation: 1040.000000
Violation: 114.000000
Violation: 10.000000
Violation: 330.000000
Violation: 788.000000
Violation: 1316.000000
Violation: 983.000000
Violation: 23.000000
Violation: 559.000000
Violation: 1052.000000
Violation: 650.000000
Violation: 125.000000
Violation: 171.000000
Violation: 983.000000
Violation: 738.000000
Violation: 421.000000
Violation: 60.000000
Violation: 957.000000
Violation: 746.000000
Violation: 594.000000
took 4.259861
Optimize a model with 843 rows, 906 columns and 12156 nonzeros
Coefficient statistics:
  Matrix range     [1e+00, 4e+01]
  Objective range  [0e+00, 0e+00]
  Bounds range     [1e+00, 4e+01]
  RHS range        [1e+00, 1e+02]
Presolve removed 590 rows and 110 columns
Presolve time: 0.00s
Presolved: 253 rows, 796 columns, 8503 nonzeros

Iteration    Objective       Primal Inf.    Dual Inf.      Time
       0    0.0000000e+00   4.408044e+01   0.000000e+00      0s
     127    0.0000000e+00   0.000000e+00   0.000000e+00      0s

Solved in 127 iterations and 0.01 seconds
Optimal objective  0.000000000e+00
