j3017_4.mm_s5.txt
Academic license - for non-commercial use only
Read LP format model from file lp/j3017_4.mm.lp
Reading time = 0.01 seconds
: 351 rows, 906 columns, 9053 nonzeros
OKGPU
nThreads: 1024 , nBlocks: 12 
Number cuts generated in the phase 1: 12
Number of repeat: 4 
violation 500.000000
violation 428.000000
violation 750.000000
violation 375.000000
violation 425.000000
violation 425.000000
violation 425.000000
violation 820.000000
8592 16
13 45 22 19 
10 47 15 15 1 47 37 1 48 16 46 6 46 34 18 7 48 49 34 20 10 34 19 19 49 20 
33 47 20 24 44 
1 17 48 2 23 48 0 46 19 46 4 33 45 22 AQUIIII!!
47 49 34 48 47 
34 25 6 2 17 AQUIIII!!37 3 18 1 24 49 48 33 0 2 23 AQUIIII!!34 22 23 33 33 10 49 AQUIIII!!49 13 AQUIIII!!22 46 49 15 33 18 
49 13 0 48 16 0 20 48 7 1 0 49 45 13 
3 49 19 34 34 47 0 23 
10 3 22 5 34 24 10 1 2 47 17 20 4 4 20 3 33 49 25 AQUIIII!!45 34 23 AQUIIII!!
49 5 1 10 49 46 46 2 22 22 19 34 25 18 46 18 AQUIIII!!17 2 45 48 20 13 10 46 33 49 45 2 46 47 
3 47 34 
47 20 48 3 19 33 18 22 33 48 48 0 13 4 0 
20 22 25 
0 16 48 1 33 10 10 47 46 47 0 10 45 34 23 25 22 
33 13 
5 1 2 
AQUIIII!!7 43 44 6 5 8 14 9 27 40 11 26 42 12 21 32 
AQUIIII!!44 19 20 23 32 33 15 17 21 14 42 16 18 34 43 45 
AQUIIII!!49 44 48 45 15 47 16 18 34 19 20 24 17 23 46 33 
AQUIIII!!46 44 47 18 16 49 19 24 AQUIIII!!49 15 44 48 48 AQUIIII!!45 45 15 46 17 47 23 17 16 33 49 18 34 34 48 19 20 47 20 
10 24 17 15 23 33 46 16 33 
19 24 20 18 23 34 45 
AQUIIII!!23 16 48 47 33 18 24 19 34 10 17 15 46 20 49 45 
AQUIIII!!6 AQUIIII!!15 42 33 11 45 41 17 14 19 39 15 21 12 18 9 44 8 23 32 24 27 16 43 20 7 49 44 
34 48 46 47 
AQUIIII!!49 10 13 48 1 46 2 0 AQUIIII!!47 46 33 44 45 47 34 18 3 AQUIIII!!16 20 47 49 22 18 19 25 24 24 
17 15 33 48 20 45 45 17 23 23 34 33 49 34 44 20 16 
15 48 46 19 
AQUIIII!!5 3 AQUIIII!!47 34 2 46 1 37 10 20 33 48 25 22 0 1 22 10 13 33 34 2 4 13 AQUIIII!!46 AQUIIII!!0 34 49 AQUIIII!!19 10 47 48 46 44 0 19 
0 20 22 49 49 15 1 45 23 47 AQUIIII!!33 
48 24 3 13 20 17 1 2 16 49 20 25 10 33 25 0 18 3 23 4 34 45 19 13 34 49 22 22 46 47 33 34 AQUIIII!!45 46 45 5 18 13 48 17 47 2 48 AQUIIII!!
47 33 16 6 20 
46 
22 49 10 0 33 48 33 34 2 AQUIIII!!5 23 49 18 48 17 
AQUIIII!!46 4 47 4 16 34 15 33 24 10 24 AQUIIII!!1 AQUIIII!!1 17 46 34 0 37 19 18 23 47 10 3 20 16 18 47 47 16 7 24 10 15 46 49 20 22 18 16 AQUIIII!!33 
48 34 48 34 18 AQUIIII!!46 34 3 45 45 46 19 13 18 20 AQUIIII!!19 15 5 
17 45 48 48 0 48 46 44 23 16 10 25 18 32 33 19 2 34 49 23 17 42 49 23 47 10 45 23 16 
22 19 15 34 19 20 49 33 
24 33 
45 17 45 17 49 20 48 46 33 43 47 48 15 44 49 44 47 34 16 
20 AQUIIII!!17 45 AQUIIII!!
33 33 19 16 23 10 0 24 17 15 46 47 19 47 49 18 44 46 34 
48 46 3 20 0 47 
AQUIIII!!45 22 34 10 1 34 22 13 23 48 33 48 19 22 4 AQUIIII!!49 20 2 
42 AQUIIII!!45 25 49 7 47 5 10 48 21 49 16 46 23 12 
47 34 46 16 1 33 9 22 33 10 AQUIIII!!39 20 0 0 49 14 45 13 19 41 25 18 37 27 17 48 
2 32 46 49 15 47 AQUIIII!!11 
47 4 8 18 44 22 43 10 2 
19 33 2 13 33 48 10 23 AQUIIII!!3 0 49 0 46 20 1 34 AQUIIII!!34 17 1 49 22 48 5 17 45 47 
45 49 18 44 20 19 AQUIIII!!47 
45 49 33 15 19 19 10 33 34 23 34 20 24 46 46 33 45 46 23 0 16 34 47 16 48 22 
24 18 18 23 15 48 
2 1 10 20 
AQUIIII!!46 49 48 47 2 34 10 25 33 1 4 13 22 0 45 3 
AQUIIII!!49 19 16 48 44 18 46 33 45 23 17 24 20 47 34 15 
AQUIIII!!20 0 23 AQUIIII!!49 24 45 48 22 19 16 33 34 18 18 15 17 AQUIIII!!AQUIIII!!23 33 49 49 48 10 46 17 23 19 15 46 46 18 45 47 47 24 48 16 34 48 44 
15 20 47 19 44 23 20 45 20 17 34 16 49 
33 44 34 47 24 16 19 45 18 33 17 46 

AQUIIII!!4 34 33 AQUIIII!!47 3 0 25 5 0 3 22 48 45 2 46 10 33 1 10 13 13 22 4 46 48 25 34 49 47 
2 1 49 
AQUIIII!!17 47 46 19 34 23 24 18 33 16 49 44 15 20 45 48 
AQUIIII!!34 45 18 33 0 17 20 48 22 23 AQUIIII!!47 33 AQUIIII!!10 0 3 22 19 20 4 16 45 34 45 49 34 10 33 46 46 48 25 
AQUIIII!!3 1 49 48 0 47 13 47 3 46 1 0 10 2 13 22 49 34 25 
25 47 22 2 2 13 10 49 45 
4 46 AQUIIII!!48 33 46 1 24 
19 15 23 20 18 34 44 33 48 16 43 AQUIIII!!17 10 47 0 45 33 
34 48 25 4 2 AQUIIII!!1 AQUIIII!!49 5 19 10 AQUIIII!!22 46 45 49 15 3 1 18 47 8 48 24 13 18 1 16 19 46 10 17 33 49 6 44 17 45 
2 23 20 0 33 34 47 5 23 22 34 48 20 4 33 46 0 34 47 7 49 
13 
31 22 3 
AQUIIII!!49 19 AQUIIII!!48 20 22 24 23 2 17 47 15 AQUIIII!!20 47 48 1 34 19 AQUIIII!!46 1 18 0 33 2 23 0 46 46 45 44 37 20 45 10 20 13 AQUIIII!!34 18 10 33 16 49 34 25 45 16 33 
0 22 17 47 33 48 18 46 45 34 2 49 3 19 10 
45 AQUIIII!!48 34 47 17 22 19 15 49 19 13 46 33 
47 10 0 1 20 34 49 33 47 48 
16 23 20 24 10 
23 18 46 22 48 45 AQUIIII!!49 16 
47 49 17 48 24 23 18 34 20 15 44 46 45 33 19 
AQUIIII!!48 46 49 45 22 1 25 20 10 13 34 0 2 3 33 47 
AQUIIII!!13 2 3 34 0 33 10 4 6 1 5 47 22 25 48 49 
AQUIIII!!17 23 20 45 18 19 48 33 46 34 47 22 1 10 0 49 
AQUIIII!!17 46 33 10 23 22 18 0 34 45 19 AQUIIII!!49 45 20 44 32 16 19 47 43 17 48 16 18 
15 34 21 20 14 23 42 33 
AQUIIII!!3 25 0 47 13 48 2 AQUIIII!!6 46 4 44 1 45 22 24 5 48 34 20 33 33 10 16 49 34 
19 18 15 17 47 23 49 
AQUIIII!!49 47 48 20 19 18 17 34 46 16 45 33 24 10 23 15 
AQUIIII!!18 19 23 20 33 45 48 16 10 34 24 17 46 47 15 49 
AQUIIII!!0 46 10 22 2 3 25 33 13 4 47 1 45 34 48 49 
AQUIIII!!0 48 6 4 2 1 34 10 5 22 33 13 47 25 AQUIIII!!49 3 47 49 1 
10 45 2 46 33 34 13 22 25 3 4 0 48 
AQUIIII!!49 13 48 0 1 10 3 5 34 4 46 22 47 33 2 25 
AQUIIII!!47 46 49 17 45 AQUIIII!!20 43 33 9 19 44 0 15 18 16 16 11 22 17 10 32 23 41 34 42 48 18 
12 14 21 27 39 
AQUIIII!!49 37 34 47 22 19 13 48 0 2 10 46 20 AQUIIII!!1 4 33 2 45 22 
3 10 34 5 8 13 1 7 33 6 31 0 49 
AQUIIII!!7 33 10 6 22 0 48 37 34 13 1 4 3 2 AQUIIII!!5 33 49 34 
45 10 18 1 2 47 48 46 20 23 22 0 19 49 
AQUIIII!!18 24 47 17 19 49 48 16 44 45 33 34 20 23 15 46 
AQUIIII!!15 17 18 47 46 19 43 24 34 23 20 16 48 33 44 45 
AQUIIII!!6 9 27 8 32 41 15 12 21 11 14 42 39 44 7 43 
AQUIIII!!49 34 2 48 1 45 33 4 46 13 25 3 47 0 10 22 
AQUIIII!!34 47 48 AQUIIII!!19 33 AQUIIII!!18 22 15 33 1 8 10 17 46 24 27 10 20 14 34 15 6 AQUIIII!!0 23 42 4 48 16 0 41 19 45 45 12 23 46 22 17 20 11 25 45 49 21 10 
18 33 32 49 1 39 47 2 7 
46 43 13 44 34 48 9 47 
3 49 
AQUIIII!!18 33 46 43 23 17 47 20 34 19 15 32 42 16 45 44 
AQUIIII!!44 43 9 39 6 42 11 15 7 41 8 12 32 14 27 21 
AQUIIII!!45 17 47 34 24 20 19 46 15 23 48 33 10 16 49 18 
AQUIIII!!17 24 33 15 20 18 23 48 46 44 34 49 45 16 47 19 
AQUIIII!!49 46 48 47 25 33 45 10 4 2 0 22 34 13 1 3 
AQUIIII!!17 34 33 23 19 24 47 15 44 48 16 49 20 18 45 46 
AQUIIII!!0 34 22 AQUIIII!!4 34 13 18 3 48 42 33 19 47 43 10 20 25 6 23 5 16 2 46 1 33 49 
32 21 15 17 44 45 AQUIIII!!
18 17 16 33 23 46 45 47 19 AQUIIII!!22 24 33 34 25 20 34 15 2 48 0 49 20 46 44 45 
1 48 47 13 3 10 49 
AQUIIII!!33 48 0 47 16 10 23 20 45 18 AQUIIII!!34 47 46 AQUIIII!!23 22 5 19 19 2 18 17 1 33 49 4 10 
34 34 33 2 6 22 10 45 13 48 48 0 25 1 0 46 47 AQUIIII!!20 17 3 46 49 22 45 
47 49 49 
20 18 24 33 44 23 19 16 34 15 48 
AQUIIII!!33 20 19 22 10 34 45 23 0 49 1 18 17 47 48 46 
AQUIIII!!44 9 43 11 41 15 8 16 32 12 17 14 39 27 21 42 
AQUIIII!!49 33 23 1 0 10 22 17 45 18 48 34 47 20 19 46 
AQUIIII!!43 44 AQUIIII!!9 44 AQUIIII!!5 45 18 49 42 17 8 2 23 32 33 3 32 14 34 15 7 16 5 26 43 10 21 34 42 46 27 46 11 4 20 47 12 47 19 6 0 
40 13 
22 AQUIIII!!33 45 25 48 1 46 49 48 18 
16 15 33 47 17 34 23 44 20 19 24 
AQUIIII!!AQUIIII!!48 45 49 48 47 18 46 33 34 46 0 34 5 17 2 49 25 23 13 20 22 19 1 16 33 47 4 10 15 3 44 
24 
AQUIIII!!24 46 23 17 33 45 19 18 48 47 44 34 16 15 49 20 
AQUIIII!!49 37 0 2 22 19 45 48 34 1 46 10 20 13 33 47 
AQUIIII!!34 33 44 AQUIIII!!42 0 19 10 1 21 43 6 20 4 18 34 32 3 23 2 15 5 22 17 33 46 AQUIIII!!25 16 49 13 45 19 47 
20 49 34 48 47 
33 46 44 45 23 15 18 48 24 16 17 
AQUIIII!!34 5 33 0 13 1 22 4 10 7 3 6 48 37 2 49 
AQUIIII!!23 33 46 24 19 48 AQUIIII!!20 45 17 20 44 18 45 46 AQUIIII!!15 24 16 49 16 34 34 3 47 33 5 18 17 49 10 10 
15 13 AQUIIII!!AQUIIII!!23 49 22 23 20 19 7 46 37 49 33 46 47 47 22 8 22 47 48 31 19 20 
1 48 33 45 34 2 34 2 0 0 10 10 6 13 48 1 4 0 33 
34 19 
16 45 18 17 49 
AQUIIII!!AQUIIII!!17 45 45 49 15 19 48 47 AQUIIII!!44 49 47 47 44 34 46 17 48 24 49 16 23 24 19 33 18 15 17 46 23 48 16 19 20 45 20 18 33 34 
AQUIIII!!0 33 47 1 46 49 
10 45 20 46 20 18 24 34 19 23 44 22 18 
48 34 17 23 33 15 16 
AQUIIII!!10 33 23 19 34 18 0 1 45 46 22 47 48 20 49 AQUIIII!!17 47 
17 18 49 15 24 46 34 23 33 20 16 48 19 44 45 
AQUIIII!!46 34 20 1 22 10 33 47 0 37 2 13 19 45 AQUIIII!!48 16 49 10 
46 49 45 19 18 33 20 17 47 23 48 34 24 15 
AQUIIII!!16 34 45 23 33 44 24 48 19 47 49 17 15 20 18 46 
AQUIIII!!49 48 3 0 45 10 34 22 47 25 13 20 1 33 2 46 
AQUIIII!!49 34 17 19 45 46 AQUIIII!!49 47 3 24 33 33 13 34 16 5 23 47 48 6 48 20 10 18 22 44 4 AQUIIII!!15 0 22 1 
16 25 2 33 
19 46 10 45 23 17 18 48 20 34 47 0 49 
AQUIIII!!34 23 AQUIIII!!18 44 33 45 16 34 47 20 42 21 43 19 19 16 15 43 46 32 20 23 32 42 17 17 45 18 44 46 
15 33 
AQUIIII!!49 45 47 46 13 48 3 34 2 10 33 0 25 1 4 22 
AQUIIII!!16 10 19 49 46 AQUIIII!!47 49 48 25 15 2 33 22 18 4 33 24 0 45 3 34 47 23 34 20 6 17 48 
5 AQUIIII!!13 20 10 48 1 47 18 
45 49 19 0 46 10 33 1 22 17 34 23 
AQUIIII!!49 10 0 34 37 7 6 22 13 48 1 3 5 33 2 4 
AQUIIII!!18 45 10 24 20 23 17 33 15 16 19 47 34 49 46 48 
AQUIIII!!10 19 1 47 45 37 2 20 22 13 0 33 34 46 49 48 
AQUIIII!!18 45 AQUIIII!!10 49 24 AQUIIII!!20 0 49 23 46 17 3 33 4 34 15 1 16 37 5 19 0 47 33 34 22 49 22 33 46 34 48 10 47 
4 10 7 2 13 13 1 25 5 48 6 3 2 
48 
AQUIIII!!49 1 33 48 45 19 22 2 0 37 10 13 47 46 20 34 
AQUIIII!!24 16 47 49 23 19 33 17 46 34 18 20 44 15 48 45 
AQUIIII!!49 47 1 46 23 2 0 33 19 10 20 48 22 45 18 34 
AQUIIII!!44 45 42 19 34 14 32 21 43 16 15 33 23 17 18 20 
AQUIIII!!47 44 46 15 33 45 23 20 18 32 17 43 16 42 34 19 
AQUIIII!!49 19 16 48 44 18 46 AQUIIII!!33 33 45 23 23 17 17 20 24 15 48 20 46 47 16 34 19 15 34 
24 44 45 47 18 49 
AQUIIII!!49 10 33 23 0 16 22 19 34 48 17 18 47 46 20 45 
AQUIIII!!47 17 18 49 15 24 46 34 23 33 20 16 48 19 44 45 
AQUIIII!!49 46 48 47 16 0 45 17 23 20 34 19 22 33 10 18 
AQUIIII!!49 33 34 10 19 46 22 2 0 20 45 23 18 47 48 1 AQUIIII!!
43 16 34 18 46 33 23 24 19 15 44 48 20 47 45 17 
AQUIIII!!20 49 45 2 33 0 47 46 3 13 25 22 10 34 1 48 
AQUIIII!!45 44 21 16 20 33 14 43 17 42 18 19 23 32 15 34 
AQUIIII!!44 46 16 43 48 47 24 34 19 17 33 18 15 20 23 45 
AQUIIII!!49 45 34 24 15 18 47 48 17 20 33 10 19 23 16 46 
AQUIIII!!49 45 33 1 46 10 25 0 20 34 47 48 13 3 2 22 
AQUIIII!!49 25 AQUIIII!!22 49 33 10 1 19 6 45 47 34 34 20 33 2 23 5 48 10 16 13 18 0 0 47 4 46 48 17 3 22 

AQUIIII!!49 3 48 33 0 1 22 4 13 47 6 25 34 2 5 10 
AQUIIII!!49 48 47 0 10 33 22 20 45 46 34 23 2 1 18 19 
AQUIIII!!43 17 44 34 48 47 46 18 15 23 20 33 24 19 45 16 
AQUIIII!!43 44 8 15 14 41 11 27 6 7 32 42 12 9 39 21 
AQUIIII!!49 48 16 20 23 15 34 19 45 24 44 17 47 33 46 18 
AQUIIII!!17 AQUIIII!!45 49 48 3 44 0 16 22 18 1 19 20 48 47 45 23 13 33 34 34 4 24 46 15 25 43 2 46 47 
10 33 
AQUIIII!!49 46 48 47 16 0 45 17 23 20 34 19 22 33 10 18 
AQUIIII!!49 46 48 47 16 0 45 17 23 20 34 19 22 33 10 18 
AQUIIII!!48 49 44 16 15 17 24 18 46 20 33 34 47 45 23 19 
AQUIIII!!49 25 45 48 1 0 33 10 13 22 2 46 4 34 47 3 
AQUIIII!!45 44 15 23 14 18 42 33 43 32 17 19 16 34 20 21 
AQUIIII!!49 0 47 34 25 13 22 10 33 46 45 2 48 AQUIIII!!20 48 3 17 1 49 
45 20 22 33 10 19 23 18 34 47 46 16 0 
AQUIIII!!49 19 0 47 18 48 23 33 22 34 10 46 17 20 45 1 
AQUIIII!!46 45 AQUIIII!!47 49 49 46 3 10 23 1 22 25 17 34 33 0 22 33 20 13 48 4 18 34 45 47 0 1 48 19 
10 2 
AQUIIII!!24 46 19 17 49 47 18 48 15 34 16 23 45 20 10 33 
AQUIIII!!46 45 48 49 47 20 10 2 22 0 1 25 13 34 3 33 
AQUIIII!!49 18 46 45 47 0 22 19 16 20 33 23 17 10 48 34 
AQUIIII!!49 1 34 6 3 33 22 0 48 2 13 25 5 4 10 47 
AQUIIII!!46 45 48 49 47 20 10 2 22 0 1 25 13 34 3 33 
AQUIIII!!AQUIIII!!49 46 45 45 3 16 48 0 46 17 10 34 34 18 22 22 20 23 0 10 1 48 13 19 33 47 2 33 25 49 47 20 

AQUIIII!!49 19 33 2 20 18 45 34 1 22 10 48 46 23 0 47 
AQUIIII!!49 34 46 0 16 10 45 33 18 22 17 20 48 19 47 23 
AQUIIII!!49 37 1 2 20 47 19 22 45 10 34 48 46 0 13 33 
AQUIIII!!49 19 44 17 48 15 34 47 45 23 18 46 20 33 16 24 
AQUIIII!!49 1 4 33 22 2 0 10 3 25 34 48 13 47 5 46 
AQUIIII!!49 19 0 20 45 33 23 22 48 18 46 17 47 34 10 1 
AQUIIII!!49 31 2 22 6 1 33 5 7 10 13 8 34 3 4 0 
AQUIIII!!46 15 47 20 24 48 49 44 33 34 16 23 18 19 45 17 
AQUIIII!!49 34 10 4 0 1 3 2 33 5 8 7 22 31 6 13 
AQUIIII!!49 31 33 6 1 22 0 4 5 3 7 2 34 13 AQUIIII!!49 10 20 8 34 47 
33 18 16 45 48 19 22 23 0 46 10 17 
AQUIIII!!47 48 45 46 19 13 33 1 2 20 37 10 AQUIIII!!34 45 49 46 0 16 22 10 
24 48 23 19 33 49 34 47 20 17 15 18 
AQUIIII!!20 48 10 18 45 49 34 33 47 22 17 0 23 19 46 1 
AQUIIII!!46 48 19 47 45 18 15 49 44 24 16 23 17 33 20 34 
AQUIIII!!46 48 19 47 45 18 15 49 44 24 16 23 17 33 20 34 
AQUIIII!!17 48 45 44 49 23 33 34 18 16 47 24 15 20 46 19 
AQUIIII!!16 45 47 44 17 19 18 49 48 20 46 15 23 24 33 34 
AQUIIII!!49 5 6 34 0 1 4 13 7 10 2 3 22 33 37 48 
AQUIIII!!46 49 48 47 2 34 10 25 33 1 4 13 22 0 45 3 
AQUIIII!!49 0 4 13 48 25 1 2 46 47 33 22 45 34 3 10 
AQUIIII!!49 16 23 20 48 15 19 17 18 46 47 24 34 44 33 45 
AQUIIII!!49 46 47 25 0 33 13 45 3 20 2 22 34 1 10 48 
AQUIIII!!44 46 16 43 48 47 24 34 19 17 33 18 15 20 23 45 
Number of Cuts in the second phase:6534
Number of repeat: 5997 
Violation: 285.000000
Violation: 140.000000
Violation: 375.000000
Violation: 140.000000
Violation: 246.000000
Violation: 642.000000
Violation: 570.000000
Violation: 285.000000
Violation: 420.000000
Violation: 375.000000
Violation: 428.000000
Violation: 570.000000
Violation: 565.000000
Violation: 1106.000000
Violation: 570.000000
Violation: 710.000000
Violation: 285.000000
Violation: 125.000000
Violation: 922.000000
Violation: 464.000000
Violation: 284.000000
Violation: 375.000000
Violation: 750.000000
Violation: 481.000000
Violation: 279.000000
Violation: 710.000000
Violation: 178.000000
Violation: 375.000000
Violation: 749.000000
Violation: 284.000000
Violation: 1526.000000
Violation: 500.000000
Violation: 928.000000
Violation: 375.000000
Violation: 140.000000
Violation: 710.000000
Violation: 140.000000
Violation: 1207.000000
Violation: 106.000000
Violation: 998.000000
Violation: 570.000000
Violation: 825.000000
Violation: 745.000000
Violation: 650.000000
Violation: 125.000000
Violation: 140.000000
Violation: 458.000000
Violation: 140.000000
Violation: 140.000000
Violation: 375.000000
Violation: 749.000000
Violation: 782.000000
Violation: 390.000000
Violation: 1030.000000
Violation: 1112.000000
Violation: 125.000000
Violation: 708.000000
Violation: 370.000000
Violation: 500.000000
Violation: 710.000000
Violation: 708.000000
Violation: 1386.000000
Violation: 106.000000
Violation: 195.000000
Violation: 655.000000
Violation: 265.000000
Violation: 570.000000
Violation: 655.000000
Violation: 375.000000
Violation: 1125.000000
Violation: 424.000000
Violation: 749.000000
Violation: 799.000000
Violation: 178.000000
Violation: 1250.000000
Violation: 280.000000
Violation: 710.000000
Violation: 425.000000
Violation: 722.000000
Violation: 210.000000
Violation: 926.000000
Violation: 705.000000
Violation: 604.000000
Violation: 68.000000
Violation: 515.000000
Violation: 140.000000
Violation: 845.000000
Violation: 284.000000
Violation: 390.000000
Violation: 335.000000
Violation: 140.000000
Violation: 1302.000000
Violation: 515.000000
Violation: 225.000000
Violation: 425.000000
Violation: 515.000000
Violation: 717.000000
Violation: 390.000000
Violation: 955.000000
Violation: 848.000000
Violation: 852.000000
Violation: 497.000000
Violation: 1030.000000
Violation: 246.000000
Violation: 782.000000
Violation: 487.000000
Violation: 386.000000
Violation: 34.000000
Violation: 727.000000
Violation: 370.000000
Violation: 375.000000
Violation: 459.000000
Violation: 140.000000
Violation: 140.000000
Violation: 704.000000
Violation: 420.000000
Violation: 67.000000
Violation: 1087.000000
Violation: 301.000000
Violation: 280.000000
Violation: 659.000000
Violation: 335.000000
Violation: 370.000000
Violation: 710.000000
Violation: 173.000000
Violation: 458.000000
Violation: 375.000000
Violation: 497.000000
Violation: 375.000000
Violation: 515.000000
Violation: 140.000000
Violation: 352.000000
Violation: 940.000000
Violation: 745.000000
Violation: 420.000000
Violation: 845.000000
Violation: 784.000000
Violation: 191.000000
Violation: 650.000000
Violation: 67.000000
Violation: 560.000000
Violation: 375.000000
Violation: 375.000000
Violation: 1147.000000
Violation: 782.000000
Violation: 1467.000000
Violation: 386.000000
Violation: 1120.000000
Violation: 560.000000
Violation: 318.000000
Violation: 1352.000000
Violation: 848.000000
Violation: 462.000000
Violation: 935.000000
Violation: 742.000000
Violation: 500.000000
Violation: 565.000000
Violation: 862.000000
Violation: 750.000000
Violation: 782.000000
Violation: 424.000000
Violation: 1757.000000
Violation: 947.000000
Violation: 210.000000
Violation: 397.000000
Violation: 400.000000
Violation: 1572.000000
Violation: 34.000000
Violation: 1241.000000
Violation: 620.000000
Violation: 1212.000000
Violation: 500.000000
Violation: 750.000000
Violation: 845.000000
Violation: 500.000000
Violation: 370.000000
Violation: 1021.000000
Violation: 280.000000
Violation: 1117.000000
Violation: 87.000000
Violation: 1220.000000
Violation: 475.000000
Violation: 515.000000
Violation: 240.000000
Violation: 1397.000000
Violation: 532.000000
Violation: 1015.000000
Violation: 1102.000000
Violation: 620.000000
Violation: 280.000000
Violation: 441.000000
Violation: 420.000000
Violation: 280.000000
Violation: 955.000000
Violation: 515.000000
Violation: 1147.000000
Violation: 737.000000
Violation: 425.000000
Violation: 625.000000
Violation: 405.000000
Violation: 1102.000000
Violation: 371.000000
Violation: 560.000000
Violation: 497.000000
Violation: 140.000000
Violation: 551.000000
Violation: 1030.000000
Violation: 425.000000
Violation: 513.000000
Violation: 1022.000000
Violation: 225.000000
Violation: 1582.000000
Violation: 265.000000
Violation: 638.000000
Violation: 659.000000
Violation: 458.000000
Violation: 390.000000
Violation: 231.000000
Violation: 1241.000000
Violation: 246.000000
Violation: 765.000000
Violation: 665.000000
Violation: 795.000000
Violation: 225.000000
Violation: 283.000000
Violation: 856.000000
Violation: 157.000000
Violation: 945.000000
Violation: 831.000000
Violation: 325.000000
Violation: 85.000000
Violation: 1027.000000
Violation: 425.000000
Violation: 560.000000
Violation: 1207.000000
Violation: 708.000000
Violation: 165.000000
Violation: 515.000000
Violation: 366.000000
Violation: 704.000000
Violation: 655.000000
Violation: 922.000000
Violation: 1080.000000
Violation: 845.000000
Violation: 365.000000
Violation: 655.000000
Violation: 375.000000
Violation: 1064.000000
Violation: 370.000000
Violation: 380.000000
Violation: 922.000000
Violation: 550.000000
Violation: 375.000000
Violation: 831.000000
Violation: 420.000000
Violation: 777.000000
Violation: 386.000000
Violation: 1120.000000
Violation: 231.000000
Violation: 745.000000
Violation: 459.000000
Violation: 425.000000
Violation: 790.000000
Violation: 375.000000
Violation: 626.000000
Violation: 737.000000
Violation: 318.000000
Violation: 225.000000
Violation: 1142.000000
Violation: 374.000000
Violation: 140.000000
Violation: 565.000000
Violation: 625.000000
Violation: 1397.000000
Violation: 625.000000
Violation: 782.000000
Violation: 710.000000
Violation: 420.000000
Violation: 425.000000
Violation: 837.000000
Violation: 737.000000
Violation: 677.000000
Violation: 178.000000
Violation: 521.000000
Violation: 178.000000
Violation: 1352.000000
Violation: 745.000000
Violation: 1187.000000
Violation: 1431.000000
Violation: 1017.000000
Violation: 705.000000
Violation: 875.000000
Violation: 142.000000
Violation: 555.000000
Violation: 602.000000
Violation: 1217.000000
Violation: 142.000000
Violation: 515.000000
Violation: 318.000000
Violation: 515.000000
Violation: 848.000000
Violation: 1392.000000
Violation: 1207.000000
Violation: 1386.000000
Violation: 655.000000
Violation: 1596.000000
Violation: 441.000000
Violation: 1112.000000
Violation: 996.000000
Violation: 555.000000
Violation: 685.000000
Violation: 125.000000
Violation: 721.000000
Violation: 161.000000
Violation: 672.000000
Violation: 499.000000
Violation: 423.000000
Violation: 837.000000
Violation: 441.000000
Violation: 875.000000
Violation: 475.000000
Violation: 427.000000
Violation: 840.000000
Violation: 777.000000
Violation: 811.000000
Violation: 370.000000
Violation: 1352.000000
Violation: 620.000000
Violation: 727.000000
Violation: 459.000000
Violation: 386.000000
Violation: 637.000000
Violation: 922.000000
Violation: 795.000000
Violation: 983.000000
Violation: 495.000000
Violation: 275.000000
Violation: 531.000000
Violation: 500.000000
Violation: 742.000000
Violation: 140.000000
Violation: 1420.000000
Violation: 475.000000
Violation: 637.000000
Violation: 370.000000
Violation: 826.000000
Violation: 511.000000
Violation: 545.000000
Violation: 796.000000
Violation: 290.000000
Violation: 704.000000
Violation: 280.000000
Violation: 655.000000
Violation: 750.000000
Violation: 655.000000
Violation: 455.000000
Violation: 492.000000
Violation: 497.000000
Violation: 1315.000000
Violation: 375.000000
Violation: 247.000000
Violation: 587.000000
Violation: 570.000000
Violation: 650.000000
Violation: 881.000000
Violation: 826.000000
Violation: 1117.000000
Violation: 742.000000
Violation: 335.000000
Violation: 596.000000
Violation: 520.000000
Violation: 727.000000
Violation: 551.000000
Violation: 175.000000
Violation: 83.000000
Violation: 841.000000
Violation: 526.000000
Violation: 420.000000
Violation: 637.000000
Violation: 1147.000000
Violation: 962.000000
Violation: 280.000000
Violation: 830.000000
Violation: 560.000000
Violation: 496.000000
Violation: 777.000000
Violation: 458.000000
Violation: 1085.000000
Violation: 922.000000
Violation: 881.000000
Violation: 1062.000000
Violation: 125.000000
Violation: 140.000000
Violation: 469.000000
Violation: 318.000000
Violation: 497.000000
Violation: 1037.000000
Violation: 305.000000
Violation: 881.000000
Violation: 811.000000
Violation: 1096.000000
Violation: 636.000000
Violation: 1777.000000
Violation: 371.000000
Violation: 80.000000
Violation: 427.000000
Violation: 831.000000
Violation: 33.000000
Violation: 922.000000
Violation: 650.000000
Violation: 742.000000
Violation: 777.000000
Violation: 935.000000
Violation: 777.000000
Violation: 292.000000
Violation: 500.000000
Violation: 625.000000
Violation: 875.000000
Violation: 420.000000
Violation: 625.000000
Violation: 645.000000
Violation: 659.000000
Violation: 757.000000
Violation: 189.000000
Violation: 284.000000
Violation: 125.000000
Violation: 615.000000
Violation: 852.000000
Violation: 285.000000
Violation: 140.000000
Violation: 62.000000
Violation: 602.000000
Violation: 53.000000
Violation: 1207.000000
Violation: 374.000000
Violation: 370.000000
Violation: 175.000000
Violation: 990.000000
Violation: 419.000000
Violation: 1202.000000
Violation: 515.000000
Violation: 745.000000
Violation: 250.000000
Violation: 250.000000
Violation: 68.000000
Violation: 284.000000
Violation: 1000.000000
Violation: 250.000000
Violation: 1202.000000
Violation: 625.000000
Violation: 922.000000
Violation: 324.000000
Violation: 265.000000
Violation: 777.000000
Violation: 250.000000
Violation: 280.000000
Violation: 745.000000
Violation: 492.000000
Violation: 352.000000
Violation: 877.000000
Violation: 922.000000
Violation: 905.000000
Violation: 1487.000000
Violation: 695.000000
Violation: 650.000000
Violation: 487.000000
Violation: 140.000000
Violation: 1021.000000
Violation: 405.000000
Violation: 1131.000000
Violation: 402.000000
Violation: 550.000000
Violation: 101.000000
Violation: 922.000000
Violation: 862.000000
Violation: 551.000000
Violation: 1492.000000
Violation: 655.000000
Violation: 375.000000
Violation: 570.000000
Violation: 832.000000
Violation: 515.000000
Violation: 142.000000
Violation: 261.000000
Violation: 68.000000
Violation: 318.000000
Violation: 420.000000
Violation: 828.000000
Violation: 501.000000
Violation: 356.000000
Violation: 1481.000000
Violation: 492.000000
Violation: 780.000000
Violation: 356.000000
Violation: 360.000000
Violation: 1117.000000
Violation: 1207.000000
Violation: 650.000000
Violation: 370.000000
Violation: 862.000000
Violation: 777.000000
Violation: 1120.000000
Violation: 935.000000
Violation: 1951.000000
Violation: 703.000000
Violation: 280.000000
Violation: 777.000000
Violation: 280.000000
Violation: 330.000000
Violation: 935.000000
Violation: 862.000000
Violation: 1310.000000
Violation: 175.000000
Violation: 832.000000
Violation: 508.000000
Violation: 777.000000
Violation: 240.000000
Violation: 419.000000
Violation: 85.000000
Violation: 545.000000
Violation: 1000.000000
Violation: 457.000000
Violation: 300.000000
Violation: 922.000000
Violation: 493.000000
Violation: 771.000000
Violation: 1166.000000
Violation: 500.000000
Violation: 659.000000
Violation: 375.000000
Violation: 900.000000
Violation: 246.000000
Violation: 228.000000
Violation: 125.000000
Violation: 967.000000
Violation: 1096.000000
Violation: 470.000000
7404 16
48 34 2 2 33 46 25 22 46 10 46 20 48 AQUIIII!!15 0 48 10 22 1 AQUIIII!!34 1 5 49 6 20 49 24 48 
10 1 47 
22 22 10 18 33 33 33 1 19 33 34 4 20 AQUIIII!!47 24 0 4 3 3 18 AQUIIII!!48 33 0 0 18 2 15 49 45 46 AQUIIII!!10 22 22 49 49 1 20 17 1 
1 13 AQUIIII!!23 25 19 47 
46 49 10 45 16 47 22 49 23 2 1 2 19 
49 13 15 47 25 25 2 13 48 
AQUIIII!!18 3 0 46 47 47 0 33 16 5 34 3 0 45 10 33 46 4 2 10 44 4 AQUIIII!!48 24 48 33 
18 49 34 AQUIIII!!0 33 19 49 5 46 
49 19 45 48 13 2 47 7 48 0 48 46 3 25 20 1 37 20 18 17 10 0 44 13 48 37 34 4 10 22 47 34 3 0 34 49 13 33 34 45 AQUIIII!!1 17 10 22 45 
AQUIIII!!1 49 22 49 33 22 13 49 34 17 AQUIIII!!10 
34 20 49 49 5 
25 10 34 33 16 34 
AQUIIII!!
47 37 3 19 48 22 1 3 45 4 34 45 45 47 7 AQUIIII!!10 33 0 2 15 23 5 20 34 
48 48 6 10 2 20 10 33 2 0 47 46 33 1 23 46 
1 47 46 49 33 18 0 10 1 
47 3 34 25 23 4 48 45 25 48 19 33 23 0 19 22 2 20 22 20 46 34 48 18 46 3 
47 17 24 13 45 46 15 16 33 5 4 24 49 46 
48 10 
13 13 49 22 
2 49 49 

AQUIIII!!45 44 46 24 20 48 17 34 33 43 47 23 16 18 19 15 
AQUIIII!!49 45 19 24 33 17 34 16 20 44 46 23 47 18 15 48 
AQUIIII!!22 34 20 33 0 23 48 47 18 10 49 17 45 19 46 16 
AQUIIII!!20 23 24 17 44 15 34 48 33 47 45 16 19 49 46 18 
AQUIIII!!48 33 20 34 10 24 16 45 18 47 23 49 17 15 46 19 
AQUIIII!!45 19 15 47 48 18 AQUIIII!!43 23 44 19 20 34 17 47 46 15 24 24 16 17 23 45 33 10 34 33 
48 18 49 20 46 16 
AQUIIII!!48 33 16 46 0 22 20 AQUIIII!!34 AQUIIII!!23 33 12 23 19 17 42 47 10 26 48 AQUIIII!!45 27 17 2 49 8 10 33 46 47 9 0 18 18 11 45 10 19 6 15 20 
AQUIIII!!21 16 48 3 40 20 45 0 24 32 AQUIIII!!18 33 34 5 49 5 19 49 34 14 4 23 
3 13 43 22 4 22 44 46 AQUIIII!!37 6 7 47 18 AQUIIII!!2 8 34 
43 20 7 2 1 23 22 AQUIIII!!15 1 49 47 5 16 31 11 AQUIIII!!
20 13 10 14 24 23 48 1 34 26 48 34 34 48 7 21 45 15 17 0 49 40 16 10 33 18 
7 33 34 10 33 17 42 6 19 20 24 5 
23 46 22 6 18 19 1 12 AQUIIII!!33 44 10 32 33 45 46 45 27 13 
47 8 19 0 49 43 0 10 17 9 46 46 
44 47 20 
48 2 49 25 
3 34 AQUIIII!!45 17 22 23 AQUIIII!!34 1 49 46 48 15 20 49 10 44 17 47 47 23 24 
19 18 34 16 24 48 18 15 33 33 47 45 16 19 45 49 48 
AQUIIII!!20 46 46 
25 1 33 34 2 13 10 20 AQUIIII!!22 22 0 0 AQUIIII!!45 37 10 3 6 4 2 48 13 33 47 AQUIIII!!48 5 49 46 13 33 
33 3 46 AQUIIII!!22 4 25 6 10 0 22 48 48 48 34 7 13 13 5 1 2 1 34 3 3 25 49 4 0 33 AQUIIII!!
25 2 34 47 10 2 47 15 47 0 1 20 1 5 5 44 49 34 10 
16 3 49 34 
4 23 22 17 47 49 33 AQUIIII!!
19 33 48 45 16 24 34 46 44 18 19 45 48 AQUIIII!!49 15 48 20 25 
3 46 5 AQUIIII!!24 33 49 47 4 23 17 1 16 23 22 24 18 0 45 49 46 AQUIIII!!19 
10 20 34 13 48 22 47 17 34 4 15 2 3 49 46 1 
13 10 31 34 0 33 10 18 8 47 33 
5 6 2 7 49 
AQUIIII!!48 49 46 24 10 34 20 15 19 16 17 AQUIIII!!18 48 33 46 47 49 45 23 23 18 
33 16 34 45 17 44 20 47 24 19 15 
AQUIIII!!37 10 0 1 13 19 33 48 2 46 20 34 45 22 47 49 
AQUIIII!!0 23 33 18 2 22 34 19 1 48 45 46 20 10 47 49 
AQUIIII!!19 45 46 49 16 24 15 44 18 48 23 33 34 47 17 20 
AQUIIII!!18 43 24 17 34 23 33 20 15 16 AQUIIII!!46 10 48 34 19 0 47 23 45 33 44 48 
49 17 20 AQUIIII!!22 19 19 0 16 AQUIIII!!22 10 45 13 17 45 46 46 10 47 23 20 34 18 37 48 34 
47 2 22 46 18 48 45 33 0 1 20 47 16 49 19 AQUIIII!!
33 19 49 33 
47 46 49 AQUIIII!!17 34 45 15 16 16 20 18 19 48 AQUIIII!!18 15 44 23 23 33 47 34 19 45 AQUIIII!!20 24 15 18 24 17 34 34 44 10 16 47 
48 18 23 46 24 46 33 23 22 49 17 1 
49 10 46 19 20 45 48 48 47 20 45 33 
17 0 AQUIIII!!49 48 
15 20 33 17 34 18 AQUIIII!!24 34 46 49 10 23 19 44 17 47 19 23 47 1 46 22 45 45 20 16 48 
18 33 0 49 
AQUIIII!!33 10 34 5 AQUIIII!!3 16 13 32 22 15 0 41 1 8 46 11 4 12 25 42 2 27 AQUIIII!!49 21 15 14 47 18 48 9 20 
39 33 44 46 7 24 43 10 
47 45 23 19 16 34 AQUIIII!!48 AQUIIII!!49 1 17 AQUIIII!!33 46 49 49 25 22 
10 17 47 13 18 1 23 46 2 33 33 10 47 46 4 34 13 5 48 10 AQUIIII!!48 0 45 37 25 3 20 AQUIIII!!48 34 34 2 22 42 45 22 22 0 49 17 0 48 20 19 47 20 13 

AQUIIII!!33 2 20 7 32 1 34 18 3 2 33 15 
22 14 19 5 34 10 33 43 0 31 19 46 34 23 10 16 47 21 1 1 44 AQUIIII!!13 45 45 49 8 49 

2 6 33 4 0 4 45 3 49 1 
47 13 AQUIIII!!22 0 10 6 1 34 10 25 33 46 8 3 0 48 2 22 34 
7 3 13 31 5 4 49 
AQUIIII!!46 15 45 19 AQUIIII!!44 48 17 49 20 46 42 21 24 10 16 43 34 23 20 34 15 32 19 33 16 18 17 
18 33 47 45 23 
AQUIIII!!15 23 33 16 47 48 17 34 19 24 46 18 20 49 45 44 
AQUIIII!!18 23 45 33 20 34 17 49 46 44 15 16 47 24 19 48 
AQUIIII!!45 49 33 23 34 24 15 16 20 17 47 44 18 46 48 19 
AQUIIII!!3 13 31 34 1 22 0 5 8 6 4 33 7 2 10 49 
AQUIIII!!10 20 46 16 47 17 45 49 0 19 22 33 23 48 18 34 
AQUIIII!!33 48 15 19 17 46 20 47 10 24 18 16 34 23 45 49 
AQUIIII!!48 16 23 24 20 43 33 18 34 44 19 17 46 47 45 15 
AQUIIII!!0 1 10 13 2 22 25 33 4 3 34 47 5 49 46 48 
AQUIIII!!18 23 47 15 AQUIIII!!46 20 AQUIIII!!44 45 46 18 46 45 49 17 44 17 16 48 47 42 16 19 10 32 17 0 33 24 21 33 19 34 16 43 34 22 20 33 23 23 AQUIIII!!49 15 34 34 

20 45 19 10 48 20 45 23 18 33 
46 AQUIIII!!47 33 22 0 18 AQUIIII!!4 0 49 34 19 2 46 20 10 48 AQUIIII!!22 13 17 16 45 47 1 47 13 2 49 1 48 1 0 24 
5 10 18 22 46 43 48 47 3 17 19 25 46 34 49 20 33 
34 48 33 37 19 
15 23 44 45 
AQUIIII!!18 48 45 46 47 20 24 10 34 16 17 49 33 19 23 15 
AQUIIII!!49 45 19 1 48 20 0 10 34 13 33 2 37 22 47 46 
AQUIIII!!24 16 44 18 34 19 48 47 33 17 23 46 49 20 45 15 
AQUIIII!!34 23 24 19 16 44 45 AQUIIII!!46 17 48 44 47 20 33 49 49 47 17 18 15 23 20 16 18 24 
33 15 46 34 48 19 45 
AQUIIII!!47 24 33 49 23 34 16 48 18 15 AQUIIII!!19 48 20 34 AQUIIII!!17 10 27 45 22 8 46 0 11 44 4 21 5 
41 47 7 3 33 14 2 42 13 39 25 9 46 12 1 32 49 15 
6 43 44 
AQUIIII!!49 25 2 48 3 13 5 22 47 1 10 34 0 6 33 4 
AQUIIII!!34 25 3 10 22 1 0 33 13 AQUIIII!!2 44 4 19 49 46 46 15 45 17 AQUIIII!!48 24 16 47 47 10 
23 23 20 24 43 46 16 34 33 18 34 20 48 45 AQUIIII!!18 48 47 45 19 24 
33 33 17 49 47 23 15 34 49 16 
48 18 15 19 20 17 45 46 44 AQUIIII!!
13 33 47 3 1 45 48 10 AQUIIII!!0 22 22 13 34 10 46 47 25 1 2 0 4 25 AQUIIII!!AQUIIII!!49 34 49 49 
6 10 AQUIIII!!15 4 20 17 44 13 3 23 17 45 48 15 45 22 34 5 24 25 33 2 34 24 34 33 33 3 20 49 47 44 46 
19 43 47 AQUIIII!!AQUIIII!!16 16 0 34 24 18 48 1 4 45 20 18 33 10 19 16 23 2 13 48 46 20 48 1 46 15 
46 48 47 45 
0 
23 25 17 2 18 33 48 3 47 6 34 5 AQUIIII!!10 47 49 22 19 34 49 33 5 
13 49 10 
1 8 7 4 AQUIIII!!22 16 AQUIIII!!33 AQUIIII!!3 10 3 49 48 23 2 4 33 24 31 6 1 0 46 8 22 6 10 34 
0 1 18 37 31 20 34 AQUIIII!!5 45 7 49 3 48 2 2 2 13 19 33 25 7 10 46 33 22 4 1 17 13 3 6 47 0 33 5 15 34 5 49 49 
34 

10 AQUIIII!!0 49 22 10 47 4 46 13 17 48 0 
47 20 18 19 33 34 22 23 48 16 45 
AQUIIII!!44 19 20 15 23 21 AQUIIII!!17 48 14 46 42 47 43 20 34 16 16 17 45 33 33 23 32 34 18 
19 49 45 10 15 AQUIIII!!44 24 45 18 15 
20 18 34 16 23 42 33 17 46 21 32 AQUIIII!!43 44 19 45 
33 42 32 15 16 19 17 34 43 46 21 20 23 18 AQUIIII!!
20 33 34 46 24 18 17 23 44 48 16 45 15 49 47 19 
AQUIIII!!49 22 48 1 10 19 33 47 18 0 20 45 46 17 23 34 
AQUIIII!!0 1 45 2 22 10 37 34 47 20 19 33 48 46 13 49 
AQUIIII!!46 48 23 47 22 10 34 0 19 AQUIIII!!18 19 17 21 33 23 20 18 45 34 16 49 16 
20 AQUIIII!!32 48 17 49 16 42 47 43 46 17 33 20 46 10 AQUIIII!!19 15 47 34 44 0 10 45 22 13 45 
34 18 33 1 23 25 
33 48 6 3 4 22 5 2 0 49 
AQUIIII!!49 45 34 37 47 48 1 20 10 22 0 13 33 2 19 46 
AQUIIII!!49 0 16 22 AQUIIII!!49 20 47 23 24 47 33 34 15 46 44 18 17 10 48 33 45 17 18 19 46 48 19 45 34 
16 23 20 AQUIIII!!
49 16 10 47 19 34 45 22 48 0 46 20 23 33 18 17 
AQUIIII!!49 AQUIIII!!33 45 46 44 4 46 2 23 34 20 10 15 48 1 0 43 45 24 48 47 17 3 33 25 16 22 18 13 19 47 34 

AQUIIII!!46 17 23 32 43 21 15 42 33 16 45 34 18 20 19 44 
AQUIIII!!49 0 1 22 46 47 48 45 3 10 20 AQUIIII!!2 49 34 18 47 33 0 13 34 25 16 
10 17 48 45 22 46 33 23 19 20 
AQUIIII!!49 48 13 AQUIIII!!47 49 10 17 45 18 2 44 1 AQUIIII!!46 0 49 20 46 19 15 33 20 34 34 10 16 20 34 47 2 22 24 45 3 23 0 25 48 47 19 
33 33 23 45 18 
48 AQUIIII!!22 49 1 4 46 33 
34 46 2 48 13 3 10 1 22 AQUIIII!!0 49 25 0 5 18 47 46 
10 19 AQUIIII!!22 49 47 16 45 22 48 0 16 20 20 46 23 47 34 19 33 23 17 34 
18 17 48 45 10 33 
AQUIIII!!44 49 45 19 47 17 48 33 24 20 15 18 46 AQUIIII!!34 49 16 45 23 48 
47 20 10 25 0 22 1 34 3 13 33 46 2 
AQUIIII!!22 48 34 23 18 10 45 0 33 20 16 49 19 17 47 AQUIIII!!46 48 
45 16 49 AQUIIII!!20 44 46 49 47 45 18 33 19 17 47 15 17 24 48 34 33 10 24 23 20 19 15 
18 46 34 16 23 
AQUIIII!!44 49 45 19 47 17 48 33 24 20 15 18 46 34 16 23 
AQUIIII!!34 13 AQUIIII!!33 49 47 24 1 34 2 48 10 10 48 23 0 17 46 45 22 18 19 33 45 20 20 15 AQUIIII!!19 37 7 47 49 6 
46 2 16 5 
33 13 4 3 48 0 22 37 1 34 10 49 
AQUIIII!!49 0 AQUIIII!!48 49 46 47 2 13 34 1 0 3 2 20 48 25 4 33 1 22 10 45 25 13 46 47 34 10 45 
22 3 33 
AQUIIII!!49 1 22 19 33 46 47 48 10 34 0 23 20 2 AQUIIII!!18 47 45 48 33 
19 2 20 34 13 0 45 46 1 10 22 37 49 
AQUIIII!!49 25 6 22 5 AQUIIII!!0 47 17 13 48 4 49 10 18 1 34 3 16 33 20 48 23 34 46 2 10 
24 15 19 33 47 45 
AQUIIII!!43 21 15 19 46 18 32 20 23 17 34 33 16 42 45 44 
AQUIIII!!44 34 20 23 49 24 18 47 15 19 48 17 33 46 45 16 
AQUIIII!!13 45 0 46 33 19 47 20 48 34 1 10 37 22 2 49 
AQUIIII!!45 16 46 34 19 33 15 24 44 23 43 47 17 48 20 18 
AQUIIII!!47 20 49 17 44 34 48 24 19 23 45 18 46 15 16 33 
AQUIIII!!48 18 49 AQUIIII!!19 20 46 48 24 10 47 18 46 44 49 17 17 16 34 20 16 45 24 47 34 23 33 33 15 19 23 15 45 

AQUIIII!!49 47 48 19 16 24 18 10 34 33 20 45 23 46 15 17 
AQUIIII!!47 16 49 46 48 19 24 23 18 17 45 15 44 34 33 20 
AQUIIII!!46 48 47 44 49 17 23 19 18 45 16 34 20 33 15 24 
AQUIIII!!16 45 44 47 20 24 19 18 33 43 15 34 48 46 17 23 
AQUIIII!!49 3 13 33 34 48 37 0 22 5 4 2 6 10 7 1 
AQUIIII!!49 20 10 22 34 47 45 48 1 18 19 0 33 23 2 46 
AQUIIII!!2 5 46 0 22 25 48 13 33 4 1 34 10 47 3 49 
AQUIIII!!49 33 46 0 20 37 48 13 45 47 10 1 22 34 19 2 
AQUIIII!!49 3 46 4 10 0 47 1 33 45 48 13 2 34 25 22 
AQUIIII!!49 34 16 45 18 47 23 17 46 33 10 48 0 22 20 19 
AQUIIII!!49 22 48 2 5 7 34 33 0 3 13 6 4 37 1 10 
AQUIIII!!49 17 45 20 24 44 15 48 47 46 16 34 23 18 33 19 
AQUIIII!!45 46 48 47 0 34 49 1 33 18 20 10 19 23 17 22 
AQUIIII!!19 17 34 49 44 45 48 47 46 15 16 20 18 24 33 23 
AQUIIII!!49 16 15 19 24 10 17 18 47 23 48 34 20 45 33 46 
AQUIIII!!20 49 46 24 44 15 48 18 23 17 45 47 34 16 19 33 
AQUIIII!!20 49 46 24 44 15 48 18 23 17 45 47 34 16 19 33 
AQUIIII!!49 33 4 45 13 34 0 10 46 2 25 3 48 22 47 1 
AQUIIII!!49 1 AQUIIII!!0 49 34 7 33 0 5 48 13 22 10 47 1 5 6 10 22 25 33 4 4 13 31 3 34 6 3 2 2 
8 
AQUIIII!!49 47 15 33 16 18 17 23 44 34 48 45 46 20 19 24 
AQUIIII!!18 34 47 23 43 42 20 15 33 46 17 32 16 19 44 45 
AQUIIII!!49 45 20 34 47 18 46 1 23 17 19 0 48 33 10 22 
AQUIIII!!49 33 34 17 47 20 22 23 45 18 0 48 1 46 19 10 
AQUIIII!!49 47 34 33 23 16 17 48 10 19 46 18 24 45 20 15 
AQUIIII!!46 48 49 25 10 3 20 47 45 13 33 2 22 34 1 0 
AQUIIII!!49 45 20 46 17 44 16 19 34 18 47 33 AQUIIII!!48 49 3 23 4 2 15 10 24 5 8 AQUIIII!!
33 49 22 2 6 7 33 34 1 0 25 1 13 4 31 13 
3 22 34 0 47 10 5 6 48 
AQUIIII!!45 44 23 19 15 49 34 24 17 18 46 33 16 47 20 48 
AQUIIII!!49 48 17 33 19 22 20 10 0 16 18 45 46 23 47 34 
AQUIIII!!19 44 15 46 47 17 20 32 33 23 45 18 43 42 34 16 
AQUIIII!!49 13 2 0 46 22 48 25 3 10 4 1 47 33 45 34 
AQUIIII!!49 25 13 1 46 22 34 5 0 47 33 48 2 4 10 3 
AQUIIII!!46 48 49 24 18 17 45 19 16 15 33 34 47 20 23 10 
AQUIIII!!47 45 15 44 46 43 17 33 16 18 32 20 23 19 42 34 
AQUIIII!!47 49 46 45 33 22 10 4 34 2 1 48 0 13 25 3 
AQUIIII!!49 10 1 2 6 13 25 47 4 5 48 33 22 34 3 0 
AQUIIII!!45 19 49 46 10 34 0 33 2 1 23 47 48 18 22 20 
AQUIIII!!47 44 49 15 20 16 34 45 46 23 24 18 17 19 48 33 
AQUIIII!!49 25 33 1 45 34 0 47 10 46 4 2 13 48 22 3 
AQUIIII!!49 10 33 20 45 47 22 0 46 1 18 34 17 19 48 23 
AQUIIII!!49 46 19 16 34 10 33 18 17 45 15 24 23 47 48 20 
AQUIIII!!46 49 48 22 33 45 23 47 18 1 2 0 34 19 20 10 
AQUIIII!!18 19 47 48 44 49 45 17 20 33 46 16 24 15 23 34 
AQUIIII!!49 0 1 22 13 4 10 2 5 6 34 47 3 25 48 33 
AQUIIII!!44 45 21 17 32 15 46 34 18 19 43 33 16 20 23 42 
AQUIIII!!49 18 10 45 0 48 46 20 19 47 34 22 1 2 23 33 
AQUIIII!!18 19 47 48 44 49 45 17 20 33 46 16 24 15 23 34 
AQUIIII!!18 19 47 48 44 49 45 17 20 33 46 16 24 15 23 34 
AQUIIII!!49 48 AQUIIII!!18 49 45 34 10 20 20 1 23 47 33 17 19 15 48 34 10 24 45 16 0 47 19 17 18 46 23 
22 33 46 
AQUIIII!!49 45 20 46 17 44 16 19 34 18 47 33 48 23 15 24 
AQUIIII!!49 13 2 34 46 45 48 10 33 1 47 3 0 25 4 22 
AQUIIII!!49 13 4 10 0 34 33 5 1 7 8 3 31 22 2 6 
AQUIIII!!49 45 20 46 17 44 16 19 34 18 47 33 48 23 15 24 
AQUIIII!!17 48 10 16 49 47 19 18 46 20 22 0 34 23 45 33 
AQUIIII!!17 48 10 16 49 47 19 18 46 20 22 0 34 23 45 33 
AQUIIII!!49 34 33 10 22 46 5 13 3 4 2 25 47 0 1 48 
AQUIIII!!47 44 45 17 18 20 33 48 46 16 15 24 23 19 34 43 
AQUIIII!!49 2 10 45 1 46 47 13 22 20 0 33 34 25 48 3 
AQUIIII!!33 19 0 48 22 17 10 1 45 20 46 23 34 47 18 49 
Number of Cuts in the second phase:5599
Number of repeat: 5330 
Violation: 68.000000
Violation: 935.000000
Violation: 1386.000000
Violation: 655.000000
Violation: 280.000000
Violation: 497.000000
Violation: 280.000000
Violation: 487.000000
Violation: 602.000000
Violation: 561.000000
Violation: 284.000000
Violation: 140.000000
Violation: 525.000000
Violation: 835.000000
Violation: 1207.000000
Violation: 280.000000
Violation: 280.000000
Violation: 1120.000000
Violation: 315.000000
Violation: 1427.000000
Violation: 280.000000
Violation: 1582.000000
Violation: 471.000000
Violation: 922.000000
Violation: 655.000000
Violation: 560.000000
Violation: 342.000000
Violation: 390.000000
Violation: 642.000000
Violation: 297.000000
Violation: 297.000000
Violation: 650.000000
Violation: 1405.000000
Violation: 811.000000
Violation: 782.000000
Violation: 1.000000
Violation: 225.000000
Violation: 280.000000
Violation: 1142.000000
Violation: 795.000000
Violation: 386.000000
Violation: 500.000000
Violation: 80.000000
Violation: 375.000000
Violation: 960.000000
Violation: 1111.000000
Violation: 1862.000000
Violation: 27.000000
Violation: 972.000000
Violation: 420.000000
Violation: 178.000000
Violation: 1487.000000
Violation: 750.000000
Violation: 704.000000
Violation: 570.000000
Violation: 280.000000
Violation: 705.000000
Violation: 777.000000
Violation: 420.000000
Violation: 632.000000
Violation: 625.000000
Violation: 279.000000
Violation: 1126.000000
Violation: 225.000000
Violation: 650.000000
Violation: 917.000000
Violation: 560.000000
Violation: 280.000000
Violation: 375.000000
Violation: 862.000000
Violation: 140.000000
Violation: 564.000000
Violation: 595.000000
Violation: 1391.000000
Violation: 765.000000
Violation: 692.000000
Violation: 210.000000
Violation: 297.000000
Violation: 795.000000
Violation: 284.000000
Violation: 207.000000
Violation: 741.000000
Violation: 335.000000
Violation: 33.000000
Violation: 672.000000
Violation: 655.000000
Violation: 1310.000000
Violation: 140.000000
Violation: 246.000000
Violation: 716.000000
Violation: 780.000000
Violation: 1141.000000
Violation: 246.000000
Violation: 386.000000
Violation: 1022.000000
Violation: 559.000000
Violation: 856.000000
Violation: 930.000000
Violation: 250.000000
Violation: 872.000000
Violation: 246.000000
Violation: 487.000000
Violation: 1012.000000
Violation: 280.000000
Violation: 956.000000
Violation: 352.000000
Violation: 1397.000000
Violation: 140.000000
Violation: 655.000000
Violation: 560.000000
Violation: 530.000000
Violation: 101.000000
Violation: 225.000000
Violation: 500.000000
Violation: 712.000000
Violation: 418.000000
Violation: 424.000000
Violation: 70.000000
Violation: 319.000000
Violation: 625.000000
Violation: 1025.000000
Violation: 376.000000
Violation: 2147.000000
Violation: 285.000000
Violation: 880.000000
Violation: 510.000000
Violation: 140.000000
Violation: 848.000000
Violation: 480.000000
Violation: 250.000000
Violation: 650.000000
Violation: 624.000000
Violation: 555.000000
Violation: 940.000000
Violation: 794.000000
Violation: 405.000000
Violation: 833.000000
Violation: 178.000000
Violation: 265.000000
Violation: 940.000000
Violation: 267.000000
Violation: 811.000000
Violation: 370.000000
Violation: 1102.000000
Violation: 900.000000
Violation: 492.000000
Violation: 500.000000
Violation: 1147.000000
Violation: 140.000000
Violation: 140.000000
Violation: 245.000000
Violation: 405.000000
Violation: 1677.000000
Violation: 831.000000
Violation: 492.000000
Violation: 1052.000000
Violation: 125.000000
Violation: 1867.000000
Violation: 371.000000
Violation: 765.000000
Violation: 354.000000
Violation: 68.000000
Violation: 737.000000
Violation: 85.000000
Violation: 659.000000
Violation: 523.000000
Violation: 922.000000
Violation: 347.000000
Violation: 833.000000
Violation: 1152.000000
Violation: 1057.000000
Violation: 456.000000
Violation: 710.000000
Violation: 392.000000
Violation: 280.000000
Violation: 386.000000
Violation: 1207.000000
Violation: 685.000000
Violation: 487.000000
Violation: 342.000000
Violation: 940.000000
Violation: 418.000000
Violation: 280.000000
Violation: 318.000000
Violation: 280.000000
Violation: 352.000000
Violation: 811.000000
Violation: 280.000000
Violation: 505.000000
Violation: 637.000000
Violation: 381.000000
Violation: 386.000000
Violation: 227.000000
Violation: 470.000000
Violation: 1677.000000
Violation: 935.000000
Violation: 835.000000
Violation: 385.000000
Violation: 1392.000000
Violation: 1002.000000
Violation: 812.000000
Violation: 893.000000
Violation: 335.000000
Violation: 600.000000
Violation: 546.000000
Violation: 310.000000
Violation: 250.000000
Violation: 319.000000
Violation: 437.000000
Violation: 481.000000
Violation: 140.000000
Violation: 125.000000
Violation: 1112.000000
Violation: 742.000000
Violation: 419.000000
Violation: 582.000000
Violation: 487.000000
Violation: 935.000000
Violation: 722.000000
Violation: 250.000000
Violation: 1112.000000
Violation: 1120.000000
Violation: 550.000000
Violation: 625.000000
Violation: 996.000000
Violation: 510.000000
Violation: 1022.000000
Violation: 1951.000000
Violation: 280.000000
Violation: 881.000000
Violation: 345.000000
Violation: 636.000000
Violation: 1117.000000
Violation: 604.000000
Violation: 967.000000
Violation: 525.000000
Violation: 951.000000
Violation: 848.000000
Violation: 376.000000
Violation: 872.000000
Violation: 532.000000
Violation: 301.000000
Violation: 822.000000
Violation: 317.000000
Violation: 414.000000
Violation: 840.000000
Violation: 1096.000000
Violation: 245.000000
Violation: 1062.000000
Violation: 777.000000
Violation: 475.000000
Violation: 997.000000
Violation: 458.000000
Violation: 420.000000
Violation: 140.000000
Violation: 513.000000
Violation: 481.000000
Violation: 210.000000
Violation: 140.000000
Violation: 365.000000
Violation: 212.000000
Violation: 1582.000000
Violation: 157.000000
Violation: 1427.000000
Violation: 80.000000
Violation: 755.000000
Violation: 814.000000
Violation: 85.000000
Violation: 1051.000000
took 4.198048
Optimize a model with 1170 rows, 906 columns and 14129 nonzeros
Coefficient statistics:
  Matrix range     [1e+00, 4e+01]
  Objective range  [0e+00, 0e+00]
  Bounds range     [1e+00, 4e+01]
  RHS range        [1e+00, 1e+02]
Presolve removed 378 rows and 107 columns
Presolve time: 0.00s
Presolved: 792 rows, 799 columns, 11804 nonzeros

Iteration    Objective       Primal Inf.    Dual Inf.      Time
       0    0.0000000e+00   4.607505e+01   0.000000e+00      0s
     107    0.0000000e+00   0.000000e+00   0.000000e+00      0s

Solved in 107 iterations and 0.01 seconds
Optimal objective  0.000000000e+00
