j3017_4.mm_s8.txt
Academic license - for non-commercial use only
Read LP format model from file lp/j3017_4.mm.lp
Reading time = 0.01 seconds
: 351 rows, 906 columns, 9053 nonzeros
OKGPU
nThreads: 1024 , nBlocks: 12 
Number cuts generated in the phase 1: 14
Number of repeat: 4 
violation 271.000000
violation 689.000000
violation 542.000000
violation 726.000000
violation 592.000000
violation 413.000000
violation 250.000000
violation 250.000000
violation 400.000000
violation 650.000000
8592 16
32 60 41 53 61 17 36 20 30 
AQUIIII!!16 19 59 21 58 18 55 32 60 41 53 61 17 36 20 30 
AQUIIII!!AQUIIII!!16 58 19 36 59 21 21 1 58 30 18 5 55 60 32 22 60 59 AQUIIII!!41 19 53 8 55 61 55 20 17 1 61 36 6 23 20 5 53 30 53 
18 56 
28 AQUIIII!!58 60 59 22 21 10 28 30 6 22 56 23 5 60 24 61 1 
23 9 59 55 58 8 61 
AQUIIII!!28 23 8 22 57 1 2 24 59 60 6 9 56 5 10 61 
AQUIIII!!61 53 19 59 60 41 55 18 16 58 32 21 36 30 20 17 
AQUIIII!!61 59 19 58 18 53 17 60 36 16 30 21 32 41 20 55 
AQUIIII!!36 53 30 19 17 55 59 61 41 18 1 32 58 20 60 21 
AQUIIII!!18 53 1 59 36 17 41 AQUIIII!!32 22 21 28 60 5 AQUIIII!!58 30 20 30 41 1 19 4 59 20 18 8 55 30 61 58 
0 6 16 23 21 56 32 21 17 55 19 53 52 61 53 60 55 
36 54 
AQUIIII!!41 61 32 1 18 55 19 30 17 AQUIIII!!60 22 59 28 5 58 30 53 1 21 59 8 20 58 36 AQUIIII!!6 
36 23 53 56 21 32 55 41 53 17 61 18 60 55 
60 58 21 61 19 59 30 16 20 
AQUIIII!!19 32 36 17 55 41 16 60 58 AQUIIII!!30 5 21 60 56 59 28 18 AQUIIII!!53 61 20 55 8 53 AQUIIII!!59 56 58 61 23 21 22 
55 58 1 61 53 9 21 20 60 6 58 19 5 5 6 6 28 36 8 60 23 30 30 57 1 23 22 22 59 61 1 

59 24 10 
AQUIIII!!61 53 19 1 20 6 36 60 30 5 58 55 22 59 23 21 
AQUIIII!!59 16 36 17 58 60 21 61 32 18 30 41 20 53 19 55 
AQUIIII!!58 30 18 41 61 60 55 21 53 1 19 59 32 20 36 17 
AQUIIII!!1 59 41 32 18 53 21 30 58 20 36 61 55 17 60 19 
AQUIIII!!36 59 60 17 16 21 30 55 20 41 18 AQUIIII!!19 36 58 17 53 30 32 16 61 18 
59 41 21 61 19 58 20 60 AQUIIII!!61 32 22 53 36 55 59 
55 6 58 60 20 23 53 AQUIIII!!19 1 59 5 55 21 22 30 19 
58 23 5 21 36 6 30 1 60 53 20 61 
AQUIIII!!20 AQUIIII!!58 17 61 36 18 21 19 41 41 30 59 32 19 59 55 53 55 32 4 1 58 60 18 20 17 53 
30 60 36 16 21 
AQUIIII!!21 61 AQUIIII!!32 1 53 22 20 56 60 53 18 55 55 28 41 61 59 60 58 5 19 30 1 58 30 59 36 8 17 23 
6 21 
AQUIIII!!20 21 59 60 1 22 36 55 18 58 23 61 53 5 30 19 
AQUIIII!!5 22 59 36 30 AQUIIII!!20 1 21 6 61 58 32 55 53 53 20 60 AQUIIII!!60 21 20 18 61 6 23 55 22 19 36 41 
60 59 AQUIIII!!58 58 18 59 19 16 23 1 20 30 30 32 5 36 36 56 17 59 61 
58 AQUIIII!!21 19 1 1 41 22 55 17 56 53 30 53 
21 55 55 28 61 61 53 60 60 AQUIIII!!5 
5 30 36 58 21 59 60 8 30 23 20 6 58 21 6 
61 59 1 53 22 23 55 AQUIIII!!56 30 
41 20 58 18 16 59 55 36 17 53 32 21 19 60 61 
AQUIIII!!18 16 AQUIIII!!20 21 32 36 58 36 55 59 53 58 17 19 30 20 41 18 17 60 32 30 41 21 59 55 1 61 61 19 53 
60 
AQUIIII!!36 16 58 20 30 21 41 4 AQUIIII!!32 17 59 32 41 18 0 36 58 18 30 21 54 20 AQUIIII!!55 53 61 3 19 60 55 9 53 19 10 17 
16 56 
5 28 2 8 23 60 6 22 1 57 24 61 
AQUIIII!!60 57 23 AQUIIII!!8 61 5 1 58 55 10 41 22 20 6 32 24 53 59 17 9 58 1 30 28 18 56 59 AQUIIII!!61 60 9 
19 8 21 36 5 
28 59 22 10 60 56 23 24 1 2 57 6 61 
AQUIIII!!AQUIIII!!32 22 59 1 41 18 58 36 57 58 30 28 21 60 20 5 AQUIIII!!53 61 56 19 60 59 61 55 AQUIIII!!9 19 18 55 6 17 20 4 16 10 
59 53 8 0 58 23 19 60 21 24 17 61 54 41 32 
55 36 16 1 17 32 41 21 52 30 30 18 53 20 36 

AQUIIII!!61 60 10 2 9 3 23 24 1 22 8 5 28 6 56 57 
AQUIIII!!21 17 30 53 32 60 20 1 58 36 55 19 59 41 18 61 
AQUIIII!!61 19 60 36 59 18 17 53 55 41 32 16 20 30 58 21 
AQUIIII!!61 60 AQUIIII!!24 61 6 53 23 55 8 36 58 60 10 23 6 22 22 1 5 9 20 5 58 57 59 56 19 28 30 59 1 
21 
AQUIIII!!19 30 59 20 55 41 58 1 21 17 32 36 60 61 53 18 
AQUIIII!!16 53 19 41 61 58 32 21 60 17 59 20 55 18 36 30 
AQUIIII!!54 4 55 53 19 0 30 52 18 20 21 32 36 41 16 17 
AQUIIII!!20 36 55 58 19 60 61 17 21 59 53 41 18 32 30 1 
AQUIIII!!54 4 55 53 19 0 30 52 18 20 21 32 36 41 16 17 
AQUIIII!!55 56 24 1 8 6 9 60 58 5 22 AQUIIII!!53 61 28 AQUIIII!!59 23 61 59 21 41 61 60 17 
58 36 22 19 21 5 60 55 32 36 30 6 18 1 20 55 23 59 53 58 53 30 20 56 
1 
AQUIIII!!AQUIIII!!32 24 1 5 59 9 61 10 53 28 19 60 30 58 58 57 18 59 60 20 22 17 56 36 6 8 41 55 1 21 23 
61 
AQUIIII!!19 20 21 59 41 18 1 AQUIIII!!36 30 53 32 21 53 1 17 36 60 18 58 41 55 59 61 60 
20 58 30 32 55 17 19 61 
AQUIIII!!22 60 1 55 6 59 23 19 58 36 21 53 5 30 20 61 
AQUIIII!!61 18 30 17 58 1 32 41 19 20 59 53 60 55 36 21 
AQUIIII!!2 24 22 5 28 23 1 6 57 56 8 10 9 59 60 61 
AQUIIII!!61 57 24 6 23 56 2 8 60 59 1 10 9 22 28 5 
AQUIIII!!1 18 21 17 36 61 58 32 53 19 55 30 20 41 60 59 
AQUIIII!!59 60 18 55 19 53 20 41 17 36 30 21 32 58 61 16 
AQUIIII!!59 20 AQUIIII!!36 1 19 60 21 61 58 55 30 53 53 19 17 21 55 20 60 59 16 5 18 23 61 36 32 30 41 18 
58 22 
AQUIIII!!60 61 17 20 32 1 41 53 30 58 36 19 18 55 59 21 
AQUIIII!!AQUIIII!!60 53 61 61 17 20 20 32 55 1 32 41 59 53 AQUIIII!!17 1 30 60 21 58 61 19 55 36 53 18 AQUIIII!!19 19 53 21 41 18 20 19 55 60 59 55 5 59 58 23 17 21 36 36 59 30 16 
20 18 58 30 58 22 

16 30 60 21 41 36 32 18 61 
AQUIIII!!17 53 21 55 18 58 60 32 41 AQUIIII!!1 20 59 18 60 61 58 36 21 20 55 36 19 59 30 32 
19 30 1 61 17 53 41 
AQUIIII!!36 20 58 21 30 53 19 32 1 41 17 55 59 18 61 60 
AQUIIII!!41 AQUIIII!!59 55 53 18 58 1 55 20 30 32 32 30 20 58 AQUIIII!!61 17 21 18 60 59 60 53 60 17 61 36 36 1 55 61 19 AQUIIII!!56 53 1 58 20 16 21 23 41 32 58 
19 21 6 61 19 22 20 41 
5 55 36 36 30 60 59 18 
53 59 21 30 17 AQUIIII!!
0 58 AQUIIII!!36 55 20 18 30 1 18 20 16 32 19 30 4 21 58 41 17 32 59 17 60 54 36 53 61 55 53 
41 21 19 
AQUIIII!!55 58 41 59 53 AQUIIII!!19 8 20 2 60 56 21 22 16 24 61 57 17 5 32 23 AQUIIII!!18 9 36 6 41 59 30 59 
10 1 60 60 28 19 61 
32 AQUIIII!!55 32 36 55 41 21 19 58 18 53 60 30 17 36 61 20 18 53 1 20 59 1 58 30 17 
61 21 
AQUIIII!!21 AQUIIII!!61 17 18 53 59 30 58 AQUIIII!!19 58 32 30 1 30 61 36 55 17 1 41 41 19 53 53 32 20 59 20 20 32 55 18 60 55 36 21 36 
41 1 17 61 60 58 60 21 
19 18 AQUIIII!!59 61 AQUIIII!!
41 59 53 18 60 36 55 59 AQUIIII!!21 30 55 17 1 58 41 30 32 59 55 20 53 17 19 19 20 19 60 60 21 18 16 32 58 61 17 36 20 32 53 21 18 36 58 
30 16 
41 61 
AQUIIII!!61 8 56 58 28 9 60 5 6 23 1 22 57 24 10 59 
AQUIIII!!AQUIIII!!61 54 58 53 4 55 55 52 28 41 6 53 9 36 60 16 8 AQUIIII!!30 56 30 0 23 36 32 24 20 20 22 21 21 1 41 5 18 60 59 19 32 
17 61 18 
16 58 19 17 53 59 55 
AQUIIII!!55 19 53 20 60 AQUIIII!!30 19 16 36 21 21 30 32 AQUIIII!!61 16 55 4 18 60 59 53 17 18 20 17 20 36 53 19 58 1 41 59 55 58 30 60 
36 59 17 41 61 32 32 21 18 58 
41 
AQUIIII!!8 6 57 10 60 56 28 23 5 9 22 24 2 3 1 61 
AQUIIII!!21 30 59 1 20 60 41 55 32 58 53 18 61 19 36 17 
AQUIIII!!30 60 53 41 21 AQUIIII!!59 59 32 19 58 1 16 18 18 32 21 55 30 20 41 60 17 58 20 61 55 36 19 53 61 17 
36 
AQUIIII!!32 55 61 60 21 19 41 59 AQUIIII!!61 30 56 58 36 18 58 53 20 1 6 55 17 5 20 1 36 59 
23 21 30 53 60 22 
AQUIIII!!58 30 36 16 19 32 21 60 41 59 18 61 53 55 17 20 
AQUIIII!!61 30 21 1 20 53 58 22 55 36 19 59 60 23 5 18 
AQUIIII!!21 19 58 61 30 18 55 17 36 32 59 1 41 60 53 20 
AQUIIII!!19 36 22 1 55 18 59 21 23 20 60 5 53 30 58 61 
AQUIIII!!21 41 20 18 53 30 19 17 32 59 1 36 60 61 55 58 AQUIIII!!
19 60 61 53 22 55 23 5 58 18 36 1 59 21 20 30 
AQUIIII!!59 17 41 21 18 30 53 61 58 32 36 60 55 20 1 19 
AQUIIII!!59 17 41 21 18 30 53 61 58 32 36 60 55 20 1 AQUIIII!!19 20 
30 53 21 AQUIIII!!19 61 58 9 23 2 60 57 22 3 59 5 AQUIIII!!1 61 1 18 5 23 59 55 58 60 36 36 41 24 18 21 10 19 AQUIIII!!61 30 8 19 60 
53 28 55 16 6 55 53 32 22 21 17 20 56 32 
61 
59 17 20 30 1 36 41 60 18 58 
AQUIIII!!61 19 60 36 59 18 17 53 55 41 32 16 20 30 58 21 
AQUIIII!!60 53 61 59 21 41 17 20 55 32 58 36 30 19 1 18 
AQUIIII!!59 60 32 18 36 41 53 61 19 20 55 58 17 30 21 AQUIIII!!1 21 
41 59 32 19 60 55 36 20 18 17 30 1 58 53 61 
AQUIIII!!61 30 21 23 56 53 22 55 58 28 8 5 59 1 6 60 
AQUIIII!!20 19 41 59 53 60 61 55 1 58 AQUIIII!!17 21 21 AQUIIII!!60 53 18 32 1 18 55 30 55 30 36 32 60 17 28 36 20 21 1 
61 41 59 59 5 58 8 30 56 53 22 61 58 19 23 
6 AQUIIII!!
61 60 36 1 32 30 21 55 19 17 20 59 58 41 18 53 
AQUIIII!!61 8 23 58 30 5 59 53 6 55 21 1 28 60 56 22 
AQUIIII!!30 61 55 41 58 53 21 19 32 1 18 59 60 17 36 20 
AQUIIII!!20 AQUIIII!!53 21 55 58 36 59 16 19 17 30 32 59 60 60 55 17 20 16 18 41 41 32 61 19 53 18 61 21 
30 58 36 
AQUIIII!!36 17 32 41 18 58 21 61 53 AQUIIII!!19 21 58 30 36 60 16 1 17 30 59 59 55 60 20 55 20 
18 41 32 19 53 61 
AQUIIII!!61 1 7 9 6 2 3 23 28 56 5 22 8 10 24 57 
AQUIIII!!21 18 53 36 41 1 58 17 61 55 59 19 20 60 32 30 
AQUIIII!!20 19 61 55 58 53 59 36 60 5 21 30 1 18 23 22 
AQUIIII!!21 55 61 18 41 1 59 36 19 17 58 20 60 32 30 53 
AQUIIII!!19 AQUIIII!!18 21 21 55 61 AQUIIII!!55 17 55 59 1 61 53 58 60 60 36 41 1 60 30 59 59 58 19 61 32 36 19 1 20 20 41 21 20 36 17 58 30 
53 53 32 18 32 30 17 
18 41 
AQUIIII!!AQUIIII!!61 61 8 60 5 1 1 24 28 60 57 57 10 56 56 24 23 59 8 9 5 6 22 28 3 23 2 10 6 58 9 22 

AQUIIII!!61 7 AQUIIII!!9 55 56 61 1 60 28 1 23 59 AQUIIII!!10 19 30 AQUIIII!!22 36 32 61 20 6 18 18 59 8 21 19 30 58 3 19 54 53 57 58 21 1 32 24 36 4 30 5 17 20 17 41 2 41 53 18 
32 17 41 20 36 
55 60 0 21 16 
53 55 58 
AQUIIII!!61 18 59 30 19 58 1 36 17 41 53 32 20 AQUIIII!!55 32 60 36 21 53 
59 41 20 60 55 61 17 58 1 18 AQUIIII!!21 61 30 23 19 28 
5 AQUIIII!!9 1 19 60 18 56 21 55 61 58 55 24 59 8 53 22 60 6 41 10 30 59 58 
32 1 20 36 17 
AQUIIII!!61 21 17 55 20 16 58 18 53 36 59 32 30 60 41 19 
AQUIIII!!18 36 60 19 59 58 32 21 41 30 17 16 61 55 53 20 
AQUIIII!!58 19 59 53 55 60 20 61 6 21 5 22 1 23 36 30 
AQUIIII!!55 19 53 54 32 4 16 0 30 52 41 18 21 36 20 17 
AQUIIII!!58 20 30 53 59 18 32 41 36 55 17 19 1 61 60 21 
AQUIIII!!19 55 60 30 58 59 17 53 41 32 20 16 61 36 18 21 
AQUIIII!!61 59 58 17 30 60 32 1 20 36 41 21 18 19 53 55 
AQUIIII!!1 20 19 53 21 60 18 41 61 17 59 36 30 32 55 58 
AQUIIII!!1 30 55 59 19 53 41 32 61 20 58 17 18 60 36 21 
AQUIIII!!6 30 21 5 1 23 22 61 19 20 53 60 55 58 AQUIIII!!59 17 36 53 
58 55 41 20 AQUIIII!!59 4 36 19 21 53 18 21 60 30 17 16 58 32 59 61 18 19 55 
60 20 36 41 30 16 32 
AQUIIII!!32 61 21 55 60 53 20 30 16 18 59 17 58 36 19 41 
AQUIIII!!19 30 59 20 55 41 58 1 21 17 32 36 60 61 53 18 
AQUIIII!!60 58 61 55 1 36 59 30 21 53 32 18 19 41 17 20 
AQUIIII!!60 58 61 55 1 36 59 30 21 53 32 18 19 41 17 20 
AQUIIII!!61 5 21 59 58 60 36 53 18 30 55 19 23 22 1 20 
AQUIIII!!20 60 61 30 21 41 58 53 17 18 59 AQUIIII!!19 61 16 AQUIIII!!60 36 24 55 55 32 61 28 55 60 5 9 
22 56 9 23 59 8 53 24 22 8 56 1 58 58 6 59 
23 1 28 10 5 6 
AQUIIII!!55 21 1 53 59 30 58 28 22 60 6 23 61 56 8 5 
AQUIIII!!58 36 61 21 60 AQUIIII!!41 61 55 58 18 60 5 32 1 17 59 53 18 59 20 1 19 19 22 55 30 23 20 53 
21 30 36 
AQUIIII!!58 36 AQUIIII!!61 19 21 60 60 55 41 30 55 1 18 36 32 21 17 18 53 59 53 1 58 19 41 30 32 20 59 
17 61 20 
AQUIIII!!61 3 10 9 57 5 8 56 6 23 60 24 1 28 22 2 
AQUIIII!!58 53 55 18 32 4 36 19 60 20 16 21 41 59 17 30 
AQUIIII!!53 4 55 36 41 0 19 32 54 17 21 16 20 52 18 30 
AQUIIII!!17 36 19 30 16 21 58 60 53 32 41 55 AQUIIII!!61 61 60 18 55 59 30 32 20 58 
18 53 16 21 59 17 19 20 41 36 
AQUIIII!!17 36 19 30 16 21 58 60 53 32 41 55 61 18 59 20 
AQUIIII!!59 19 16 55 61 20 58 17 53 18 36 41 32 60 30 21 
AQUIIII!!21 17 32 58 41 53 61 55 30 19 20 59 60 36 1 18 
AQUIIII!!53 55 58 18 61 1 41 59 17 32 30 20 21 60 36 19 
AQUIIII!!59 19 16 55 61 20 58 17 53 18 36 41 32 60 30 21 
AQUIIII!!53 55 58 18 61 1 41 59 17 32 30 20 21 60 36 19 
AQUIIII!!61 5 9 10 2 6 8 57 23 1 24 59 28 60 56 22 
AQUIIII!!61 30 1 5 58 8 55 59 21 6 23 22 28 56 60 53 
AQUIIII!!61 24 8 10 60 9 5 1 28 23 2 57 6 22 3 56 
AQUIIII!!30 19 58 1 32 18 17 20 59 53 60 55 41 36 61 21 
AQUIIII!!55 17 58 36 41 59 18 32 21 60 1 30 19 53 61 20 
AQUIIII!!21 17 30 53 32 60 20 1 58 36 55 19 59 41 18 61 
AQUIIII!!41 59 17 53 32 30 21 60 58 55 20 61 18 36 1 19 
AQUIIII!!61 21 30 22 5 55 59 60 53 19 23 36 58 20 6 1 
AQUIIII!!55 32 61 60 17 53 21 41 36 16 19 59 30 20 18 58 
AQUIIII!!61 10 59 6 58 24 28 5 60 22 23 56 1 9 8 55 
AQUIIII!!61 53 19 59 60 41 55 18 16 58 32 21 36 30 20 AQUIIII!!17 61 
1 30 55 19 20 41 60 21 59 32 53 17 36 58 18 
AQUIIII!!61 3 8 1 2 5 6 57 10 28 22 24 23 60 9 56 
AQUIIII!!61 6 10 59 9 28 8 57 2 5 22 1 60 24 23 56 
AQUIIII!!1 60 61 55 53 19 21 20 59 5 23 36 30 18 58 22 
AQUIIII!!58 19 60 53 59 23 61 20 55 1 30 6 22 5 21 36 
AQUIIII!!61 56 22 6 20 5 21 36 60 23 55 59 53 58 1 30 
AQUIIII!!61 55 22 6 21 58 5 20 60 59 56 30 1 23 36 53 
AQUIIII!!54 58 17 53 16 30 55 36 4 18 32 0 41 19 20 21 
AQUIIII!!21 61 60 1 30 19 53 18 36 58 41 59 55 20 32 17 
AQUIIII!!55 53 61 30 60 18 41 58 19 21 1 20 59 32 36 17 
AQUIIII!!55 53 4 32 54 17 30 16 19 18 20 0 58 41 36 21 
AQUIIII!!1 30 61 18 17 58 59 53 60 21 41 32 20 55 36 19 
AQUIIII!!61 60 2 6 1 22 28 10 9 56 24 8 3 57 5 23 
AQUIIII!!61 60 22 55 18 21 58 19 59 23 20 5 30 53 1 36 
AQUIIII!!30 16 53 21 36 20 19 18 55 32 41 58 17 59 60 61 
AQUIIII!!55 1 61 58 53 32 59 17 20 60 41 36 18 30 19 21 
AQUIIII!!30 16 53 21 36 20 19 18 55 32 41 58 17 59 60 61 
AQUIIII!!20 30 41 18 53 58 1 19 17 32 60 21 59 36 55 61 
AQUIIII!!61 28 57 1 9 8 24 5 22 3 60 56 2 AQUIIII!!6 10 36 17 23 
30 16 18 59 41 21 61 19 58 20 60 32 53 55 
AQUIIII!!61 5 24 23 10 22 8 56 60 6 28 1 57 2 9 3 
AQUIIII!!53 23 22 8 61 55 28 30 60 5 1 56 21 6 59 58 
AQUIIII!!58 55 41 17 59 53 21 19 20 32 30 60 61 16 18 36 
Number of Cuts in the second phase:6906
Number of repeat: 6015 
Violation: 933.000000
Violation: 271.000000
Violation: 552.000000
Violation: 544.000000
Violation: 300.000000
Violation: 634.000000
Violation: 363.000000
Violation: 909.000000
Violation: 451.000000
Violation: 1100.000000
Violation: 452.000000
Violation: 271.000000
Violation: 259.000000
Violation: 84.000000
Violation: 200.000000
Violation: 584.000000
Violation: 306.000000
Violation: 271.000000
Violation: 407.000000
Violation: 884.000000
Violation: 1033.000000
Violation: 363.000000
Violation: 384.000000
Violation: 326.000000
Violation: 438.000000
Violation: 300.000000
Violation: 550.000000
Violation: 801.000000
Violation: 304.000000
Violation: 736.000000
Violation: 700.000000
Violation: 285.000000
Violation: 100.000000
Violation: 542.000000
Violation: 362.000000
Violation: 449.000000
Violation: 600.000000
Violation: 863.000000
Violation: 457.000000
Violation: 484.000000
Violation: 1633.000000
Violation: 435.000000
Violation: 1283.000000
Violation: 1130.000000
Violation: 7.000000
Violation: 500.000000
Violation: 1158.000000
Violation: 459.000000
Violation: 300.000000
Violation: 634.000000
Violation: 1134.000000
Violation: 486.000000
Violation: 285.000000
Violation: 550.000000
Violation: 271.000000
Violation: 634.000000
Violation: 559.000000
Violation: 633.000000
Violation: 634.000000
Violation: 814.000000
Violation: 437.000000
Violation: 761.000000
Violation: 250.000000
Violation: 525.000000
Violation: 709.000000
Violation: 657.000000
Violation: 350.000000
Violation: 905.000000
Violation: 900.000000
Violation: 16.000000
Violation: 908.000000
Violation: 325.000000
Violation: 455.000000
Violation: 1633.000000
Violation: 378.000000
Violation: 734.000000
Violation: 300.000000
Violation: 271.000000
Violation: 159.000000
Violation: 302.000000
Violation: 1034.000000
Violation: 336.000000
Violation: 821.000000
Violation: 250.000000
Violation: 697.000000
Violation: 270.000000
Violation: 113.000000
Violation: 671.000000
Violation: 211.000000
Violation: 783.000000
Violation: 418.000000
Violation: 517.000000
Violation: 530.000000
Violation: 504.000000
Violation: 932.000000
Violation: 463.000000
Violation: 84.000000
Violation: 474.000000
Violation: 750.000000
Violation: 1384.000000
Violation: 1134.000000
Violation: 363.000000
Violation: 634.000000
Violation: 1108.000000
Violation: 500.000000
Violation: 459.000000
Violation: 730.000000
Violation: 84.000000
Violation: 100.000000
Violation: 378.000000
Violation: 96.000000
Violation: 404.000000
Violation: 171.000000
Violation: 809.000000
Violation: 521.000000
Violation: 812.000000
Violation: 884.000000
Violation: 500.000000
Violation: 680.000000
Violation: 685.000000
Violation: 634.000000
Violation: 1034.000000
Violation: 849.000000
Violation: 863.000000
Violation: 634.000000
Violation: 599.000000
Violation: 678.000000
Violation: 255.000000
Violation: 566.000000
Violation: 200.000000
Violation: 1083.000000
Violation: 1150.000000
Violation: 1008.000000
Violation: 92.000000
Violation: 409.000000
Violation: 571.000000
Violation: 586.000000
Violation: 833.000000
Violation: 641.000000
Violation: 634.000000
Violation: 528.000000
Violation: 657.000000
Violation: 792.000000
Violation: 1208.000000
Violation: 796.000000
Violation: 716.000000
Violation: 28.000000
Violation: 657.000000
Violation: 263.000000
Violation: 1013.000000
Violation: 686.000000
Violation: 459.000000
Violation: 1000.000000
Violation: 563.000000
Violation: 542.000000
Violation: 1108.000000
Violation: 734.000000
Violation: 848.000000
Violation: 534.000000
Violation: 650.000000
Violation: 333.000000
Violation: 207.000000
Violation: 634.000000
Violation: 950.000000
Violation: 613.000000
Violation: 478.000000
Violation: 633.000000
Violation: 435.000000
Violation: 100.000000
Violation: 432.000000
Violation: 634.000000
Violation: 250.000000
Violation: 470.000000
Violation: 741.000000
Violation: 100.000000
Violation: 185.000000
Violation: 600.000000
Violation: 150.000000
Violation: 1134.000000
Violation: 419.000000
Violation: 900.000000
Violation: 496.000000
Violation: 301.000000
Violation: 734.000000
Violation: 600.000000
Violation: 71.000000
Violation: 400.000000
Violation: 550.000000
Violation: 542.000000
Violation: 816.000000
Violation: 1072.000000
Violation: 719.000000
Violation: 36.000000
Violation: 723.000000
Violation: 350.000000
Violation: 1283.000000
Violation: 250.000000
Violation: 1094.000000
Violation: 178.000000
Violation: 1059.000000
Violation: 815.000000
Violation: 400.000000
Violation: 584.000000
Violation: 722.000000
Violation: 306.000000
Violation: 163.000000
Violation: 601.000000
Violation: 544.000000
Violation: 445.000000
Violation: 409.000000
Violation: 771.000000
Violation: 500.000000
Violation: 635.000000
Violation: 371.000000
Violation: 571.000000
Violation: 783.000000
Violation: 918.000000
Violation: 485.000000
Violation: 324.000000
Violation: 460.000000
Violation: 250.000000
Violation: 363.000000
Violation: 400.000000
Violation: 609.000000
Violation: 660.000000
Violation: 1533.000000
Violation: 763.000000
Violation: 717.000000
Violation: 327.000000
Violation: 371.000000
Violation: 350.000000
Violation: 426.000000
Violation: 100.000000
Violation: 541.000000
Violation: 250.000000
Violation: 334.000000
Violation: 575.000000
Violation: 100.000000
Violation: 884.000000
Violation: 871.000000
Violation: 335.000000
Violation: 550.000000
Violation: 122.000000
Violation: 371.000000
Violation: 1050.000000
Violation: 463.000000
Violation: 100.000000
Violation: 850.000000
Violation: 162.000000
Violation: 1058.000000
Violation: 250.000000
Violation: 107.000000
Violation: 633.000000
Violation: 271.000000
Violation: 432.000000
Violation: 909.000000
Violation: 371.000000
Violation: 1159.000000
Violation: 118.000000
Violation: 450.000000
Violation: 633.000000
Violation: 734.000000
Violation: 213.000000
Violation: 805.000000
Violation: 634.000000
Violation: 1533.000000
Violation: 384.000000
Violation: 907.000000
Violation: 995.000000
Violation: 363.000000
Violation: 350.000000
Violation: 309.000000
Violation: 813.000000
Violation: 734.000000
Violation: 400.000000
Violation: 1004.000000
Violation: 372.000000
Violation: 833.000000
Violation: 534.000000
Violation: 1176.000000
Violation: 809.000000
Violation: 384.000000
Violation: 783.000000
Violation: 233.000000
Violation: 584.000000
Violation: 430.000000
Violation: 144.000000
Violation: 633.000000
Violation: 436.000000
Violation: 336.000000
Violation: 909.000000
Violation: 550.000000
Violation: 271.000000
Violation: 474.000000
Violation: 1241.000000
Violation: 884.000000
Violation: 400.000000
Violation: 418.000000
Violation: 734.000000
Violation: 900.000000
Violation: 809.000000
Violation: 771.000000
Violation: 650.000000
Violation: 350.000000
Violation: 10.000000
Violation: 484.000000
Violation: 700.000000
Violation: 21.000000
Violation: 270.000000
Violation: 613.000000
Violation: 249.000000
Violation: 559.000000
Violation: 300.000000
Violation: 300.000000
Violation: 1034.000000
Violation: 1180.000000
Violation: 700.000000
Violation: 909.000000
Violation: 89.000000
Violation: 483.000000
Violation: 233.000000
Violation: 792.000000
Violation: 550.000000
Violation: 414.000000
Violation: 100.000000
Violation: 883.000000
Violation: 350.000000
Violation: 1267.000000
Violation: 996.000000
Violation: 634.000000
Violation: 1234.000000
Violation: 325.000000
Violation: 436.000000
Violation: 549.000000
Violation: 634.000000
Violation: 435.000000
Violation: 1133.000000
Violation: 21.000000
Violation: 585.000000
Violation: 559.000000
Violation: 641.000000
Violation: 249.000000
Violation: 609.000000
Violation: 202.000000
Violation: 302.000000
Violation: 628.000000
Violation: 659.000000
Violation: 1033.000000
Violation: 563.000000
Violation: 617.000000
Violation: 360.000000
Violation: 371.000000
Violation: 1208.000000
Violation: 171.000000
Violation: 1357.000000
Violation: 370.000000
Violation: 34.000000
Violation: 878.000000
Violation: 634.000000
Violation: 883.000000
Violation: 763.000000
Violation: 384.000000
Violation: 552.000000
Violation: 466.000000
Violation: 291.000000
Violation: 871.000000
Violation: 435.000000
Violation: 1409.000000
Violation: 994.000000
Violation: 250.000000
Violation: 689.000000
Violation: 611.000000
Violation: 426.000000
Violation: 700.000000
Violation: 784.000000
Violation: 863.000000
Violation: 200.000000
Violation: 249.000000
Violation: 994.000000
Violation: 909.000000
Violation: 650.000000
Violation: 441.000000
Violation: 271.000000
Violation: 471.000000
Violation: 336.000000
Violation: 550.000000
Violation: 268.000000
Violation: 905.000000
Violation: 170.000000
Violation: 282.000000
Violation: 355.000000
Violation: 792.000000
Violation: 663.000000
Violation: 606.000000
Violation: 750.000000
Violation: 884.000000
Violation: 650.000000
Violation: 541.000000
Violation: 21.000000
Violation: 784.000000
Violation: 663.000000
Violation: 349.000000
Violation: 383.000000
Violation: 371.000000
Violation: 371.000000
Violation: 1334.000000
Violation: 1059.000000
Violation: 633.000000
Violation: 883.000000
Violation: 1033.000000
Violation: 1034.000000
Violation: 1159.000000
Violation: 650.000000
Violation: 156.000000
Violation: 848.000000
Violation: 921.000000
Violation: 262.000000
Violation: 337.000000
Violation: 634.000000
Violation: 670.000000
Violation: 362.000000
Violation: 335.000000
Violation: 500.000000
Violation: 435.000000
Violation: 733.000000
Violation: 371.000000
Violation: 484.000000
Violation: 948.000000
Violation: 7.000000
Violation: 658.000000
Violation: 784.000000
Violation: 641.000000
Violation: 834.000000
Violation: 733.000000
Violation: 559.000000
Violation: 1134.000000
Violation: 413.000000
Violation: 471.000000
Violation: 452.000000
Violation: 178.000000
Violation: 1309.000000
Violation: 1034.000000
Violation: 459.000000
Violation: 363.000000
Violation: 450.000000
Violation: 792.000000
Violation: 363.000000
Violation: 658.000000
Violation: 407.000000
Violation: 1324.000000
Violation: 634.000000
Violation: 984.000000
Violation: 581.000000
Violation: 1284.000000
Violation: 719.000000
Violation: 1283.000000
Violation: 371.000000
Violation: 89.000000
Violation: 100.000000
Violation: 330.000000
Violation: 21.000000
Violation: 359.000000
Violation: 641.000000
Violation: 234.000000
Violation: 497.000000
Violation: 821.000000
Violation: 499.000000
Violation: 284.000000
Violation: 336.000000
Violation: 871.000000
Violation: 641.000000
Violation: 650.000000
Violation: 778.000000
Violation: 363.000000
Violation: 1033.000000
Violation: 683.000000
Violation: 908.000000
Violation: 326.000000
Violation: 534.000000
Violation: 411.000000
Violation: 200.000000
Violation: 696.000000
Violation: 134.000000
Violation: 1313.000000
Violation: 250.000000
Violation: 1308.000000
Violation: 421.000000
Violation: 541.000000
Violation: 634.000000
Violation: 400.000000
Violation: 600.000000
Violation: 200.000000
Violation: 469.000000
Violation: 884.000000
Violation: 883.000000
Violation: 200.000000
Violation: 642.000000
Violation: 363.000000
Violation: 542.000000
Violation: 850.000000
Violation: 550.000000
Violation: 675.000000
Violation: 936.000000
Violation: 265.000000
Violation: 433.000000
Violation: 126.000000
Violation: 1284.000000
Violation: 521.000000
Violation: 164.000000
Violation: 843.000000
Violation: 300.000000
Violation: 414.000000
Violation: 113.000000
Violation: 233.000000
Violation: 350.000000
Violation: 500.000000
Violation: 771.000000
Violation: 483.000000
Violation: 1083.000000
Violation: 387.000000
Violation: 1383.000000
Violation: 416.000000
Violation: 709.000000
Violation: 1133.000000
Violation: 270.000000
Violation: 1175.000000
Violation: 685.000000
Violation: 1086.000000
Violation: 283.000000
Violation: 363.000000
Violation: 1263.000000
Violation: 495.000000
Violation: 600.000000
Violation: 451.000000
Violation: 521.000000
Violation: 926.000000
Violation: 575.000000
Violation: 436.000000
Violation: 1533.000000
Violation: 884.000000
Violation: 250.000000
Violation: 1409.000000
Violation: 845.000000
Violation: 452.000000
Violation: 1030.000000
Violation: 586.000000
Violation: 249.000000
Violation: 1158.000000
Violation: 336.000000
Violation: 1400.000000
Violation: 263.000000
Violation: 463.000000
Violation: 150.000000
Violation: 228.000000
Violation: 1042.000000
Violation: 463.000000
Violation: 450.000000
Violation: 534.000000
Violation: 969.000000
Violation: 542.000000
Violation: 189.000000
Violation: 250.000000
Violation: 883.000000
Violation: 85.000000
Violation: 267.000000
Violation: 871.000000
Violation: 597.000000
Violation: 903.000000
Violation: 128.000000
Violation: 1446.000000
Violation: 733.000000
Violation: 585.000000
Violation: 963.000000
Violation: 249.000000
Violation: 313.000000
Violation: 613.000000
Violation: 218.000000
Violation: 1159.000000
Violation: 261.000000
Violation: 904.000000
Violation: 1158.000000
Violation: 659.000000
Violation: 1158.000000
Violation: 846.000000
Violation: 734.000000
Violation: 7.000000
Violation: 335.000000
Violation: 1076.000000
Violation: 750.000000
Violation: 292.000000
Violation: 333.000000
Violation: 364.000000
Violation: 336.000000
Violation: 783.000000
Violation: 634.000000
Violation: 178.000000
Violation: 511.000000
Violation: 484.000000
Violation: 533.000000
Violation: 934.000000
Violation: 446.000000
Violation: 39.000000
Violation: 841.000000
Violation: 382.000000
Violation: 500.000000
Violation: 521.000000
Violation: 642.000000
Violation: 1033.000000
Violation: 392.000000
Violation: 1060.000000
Violation: 107.000000
Violation: 93.000000
Violation: 1080.000000
Violation: 371.000000
Violation: 466.000000
Violation: 928.000000
Violation: 350.000000
Violation: 434.000000
Violation: 790.000000
Violation: 335.000000
Violation: 634.000000
Violation: 659.000000
Violation: 770.000000
Violation: 634.000000
Violation: 392.000000
Violation: 471.000000
Violation: 649.000000
Violation: 408.000000
Violation: 993.000000
Violation: 541.000000
Violation: 350.000000
Violation: 934.000000
Violation: 1384.000000
Violation: 746.000000
Violation: 175.000000
Violation: 700.000000
Violation: 1783.000000
Violation: 550.000000
Violation: 908.000000
Violation: 571.000000
Violation: 750.000000
Violation: 1383.000000
Violation: 1119.000000
Violation: 300.000000
Violation: 983.000000
Violation: 200.000000
Violation: 663.000000
Violation: 648.000000
Violation: 633.000000
Violation: 759.000000
Violation: 372.000000
Violation: 421.000000
Violation: 655.000000
Violation: 428.000000
Violation: 463.000000
Violation: 1012.000000
Violation: 1063.000000
Violation: 186.000000
Violation: 452.000000
Violation: 363.000000
Violation: 71.000000
Violation: 301.000000
Violation: 691.000000
Violation: 1034.000000
Violation: 585.000000
Violation: 1384.000000
Violation: 658.000000
Violation: 559.000000
Violation: 14.000000
Violation: 7.000000
Violation: 128.000000
Violation: 1033.000000
Violation: 96.000000
Violation: 1558.000000
Violation: 407.000000
Violation: 680.000000
Violation: 57.000000
Violation: 383.000000
Violation: 1119.000000
Violation: 89.000000
Violation: 808.000000
Violation: 463.000000
Violation: 384.000000
Violation: 648.000000
Violation: 633.000000
Violation: 584.000000
Violation: 536.000000
Violation: 147.000000
Violation: 109.000000
Violation: 231.000000
Violation: 475.000000
Violation: 867.000000
Violation: 200.000000
Violation: 310.000000
Violation: 809.000000
Violation: 478.000000
Violation: 271.000000
Violation: 1005.000000
Violation: 1384.000000
Violation: 541.000000
Violation: 216.000000
Violation: 150.000000
Violation: 633.000000
Violation: 370.000000
Violation: 1268.000000
Violation: 463.000000
Violation: 984.000000
Violation: 1309.000000
Violation: 1384.000000
Violation: 304.000000
Violation: 571.000000
Violation: 1134.000000
Violation: 13.000000
Violation: 383.000000
Violation: 263.000000
Violation: 1263.000000
Violation: 921.000000
Violation: 385.000000
Violation: 541.000000
Violation: 971.000000
Violation: 430.000000
Violation: 650.000000
Violation: 1559.000000
Violation: 700.000000
Violation: 1033.000000
Violation: 848.000000
Violation: 642.000000
Violation: 1066.000000
Violation: 584.000000
Violation: 342.000000
Violation: 884.000000
Violation: 809.000000
Violation: 1533.000000
Violation: 333.000000
Violation: 784.000000
Violation: 434.000000
Violation: 484.000000
Violation: 128.000000
Violation: 791.000000
Violation: 745.000000
Violation: 634.000000
Violation: 600.000000
Violation: 844.000000
Violation: 231.000000
Violation: 295.000000
Violation: 263.000000
Violation: 300.000000
Violation: 310.000000
Violation: 1027.000000
Violation: 430.000000
Violation: 300.000000
Violation: 1449.000000
Violation: 1084.000000
Violation: 7.000000
Violation: 1334.000000
Violation: 339.000000
Violation: 409.000000
Violation: 684.000000
Violation: 163.000000
Violation: 750.000000
Violation: 734.000000
Violation: 27.000000
Violation: 1134.000000
Violation: 113.000000
Violation: 96.000000
Violation: 871.000000
Violation: 471.000000
Violation: 414.000000
Violation: 914.000000
Violation: 925.000000
Violation: 463.000000
Violation: 585.000000
Violation: 884.000000
Violation: 99.000000
Violation: 541.000000
Violation: 758.000000
Violation: 134.000000
Violation: 817.000000
Violation: 363.000000
Violation: 334.000000
Violation: 634.000000
Violation: 484.000000
Violation: 585.000000
Violation: 471.000000
Violation: 7.000000
Violation: 908.000000
Violation: 1335.000000
Violation: 1658.000000
Violation: 963.000000
Violation: 1176.000000
Violation: 1086.000000
Violation: 64.000000
Violation: 350.000000
Violation: 535.000000
Violation: 1559.000000
Violation: 463.000000
Violation: 306.000000
Violation: 960.000000
Violation: 670.000000
Violation: 541.000000
Violation: 336.000000
Violation: 784.000000
Violation: 642.000000
Violation: 883.000000
Violation: 100.000000
Violation: 435.000000
Violation: 425.000000
Violation: 150.000000
Violation: 211.000000
Violation: 384.000000
Violation: 733.000000
Violation: 884.000000
Violation: 968.000000
Violation: 584.000000
Violation: 1091.000000
Violation: 1408.000000
Violation: 997.000000
Violation: 721.000000
Violation: 435.000000
Violation: 1305.000000
Violation: 383.000000
Violation: 159.000000
Violation: 400.000000
Violation: 1371.000000
Violation: 513.000000
Violation: 655.000000
Violation: 1216.000000
Violation: 1113.000000
Violation: 285.000000
Violation: 292.000000
Violation: 1134.000000
Violation: 144.000000
Violation: 175.000000
Violation: 585.000000
Violation: 1033.000000
Violation: 100.000000
Violation: 7.000000
Violation: 250.000000
Violation: 778.000000
Violation: 635.000000
Violation: 783.000000
Violation: 984.000000
Violation: 1058.000000
Violation: 270.000000
Violation: 750.000000
Violation: 350.000000
Violation: 500.000000
Violation: 100.000000
Violation: 919.000000
Violation: 360.000000
Violation: 191.000000
Violation: 335.000000
Violation: 597.000000
Violation: 621.000000
Violation: 343.000000
Violation: 571.000000
Violation: 784.000000
Violation: 1063.000000
Violation: 800.000000
Violation: 300.000000
Violation: 521.000000
Violation: 137.000000
Violation: 100.000000
Violation: 15.000000
Violation: 363.000000
Violation: 634.000000
Violation: 250.000000
Violation: 309.000000
Violation: 900.000000
Violation: 530.000000
Violation: 763.000000
Violation: 836.000000
Violation: 448.000000
Violation: 371.000000
Violation: 53.000000
Violation: 475.000000
Violation: 436.000000
Violation: 297.000000
Violation: 63.000000
Violation: 741.000000
Violation: 884.000000
Violation: 798.000000
Violation: 511.000000
Violation: 249.000000
Violation: 1533.000000
Violation: 1466.000000
Violation: 426.000000
Violation: 1025.000000
Violation: 883.000000
Violation: 984.000000
Violation: 575.000000
8592 16
30 58 1 23 59 60 19 53 22 
AQUIIII!!55 61 60 20 5 6 53 56 1 59 23 30 21 58 36 22 
AQUIIII!!32 41 18 30 36 21 1 59 58 53 20 60 17 55 AQUIIII!!61 55 19 61 
60 20 5 6 53 56 1 59 23 30 21 58 36 22 
AQUIIII!!19 41 58 1 17 AQUIIII!!59 9 55 1 53 8 32 60 20 5 60 58 21 56 61 6 59 30 55 36 24 18 22 
53 28 23 61 
AQUIIII!!60 8 56 30 21 6 22 23 58 59 61 5 28 53 55 1 
AQUIIII!!61 1 5 57 28 22 56 9 6 8 2 24 7 10 3 23 
AQUIIII!!5 59 30 22 36 56 60 6 20 58 23 21 1 55 61 53 
AQUIIII!!19 41 58 1 17 59 55 53 32 20 60 21 61 30 36 18 
AQUIIII!!55 20 60 58 59 53 17 21 41 61 32 18 16 36 19 30 
AQUIIII!!1 22 19 AQUIIII!!55 55 59 20 53 60 23 58 60 59 53 20 17 61 21 21 41 5 61 30 32 18 18 58 16 36 36 
19 30 
AQUIIII!!55 23 22 30 36 AQUIIII!!20 19 58 53 4 6 1 0 5 30 60 AQUIIII!!20 58 21 18 58 59 19 30 61 
16 16 32 32 36 41 41 59 21 20 AQUIIII!!59 21 41 53 17 21 17 55 0 55 53 32 
18 19 36 20 61 18 19 16 60 30 
4 36 58 54 53 55 17 
AQUIIII!!18 41 36 32 21 60 58 20 59 55 30 53 61 19 17 1 
AQUIIII!!AQUIIII!!61 41 58 53 32 17 61 55 36 17 30 60 58 21 59 21 60 19 55 18 1 19 30 36 AQUIIII!!18 20 20 AQUIIII!!32 
59 16 22 16 21 30 41 18 6 20 59 58 53 53 56 
17 5 55 21 30 59 32 55 41 1 AQUIIII!!36 60 60 61 58 53 6 19 23 60 20 61 9 36 
22 AQUIIII!!61 55 1 
10 60 59 36 8 30 5 17 28 1 59 23 58 24 19 58 21 56 55 
53 AQUIIII!!61 41 32 30 18 20 41 53 20 55 
36 19 58 AQUIIII!!18 1 60 22 36 16 5 AQUIIII!!21 23 1 17 22 30 58 21 59 5 6 AQUIIII!!32 19 55 30 61 61 53 23 21 60 36 
53 59 21 55 19 20 18 59 30 58 19 61 60 AQUIIII!!61 20 5 
1 53 1 41 60 
55 55 36 18 61 22 19 36 17 58 59 20 30 59 21 23 18 32 
20 53 58 60 
AQUIIII!!21 20 30 61 19 60 17 36 55 32 59 41 53 1 18 58 
AQUIIII!!41 17 19 32 30 59 16 61 21 53 60 55 36 20 58 18 
AQUIIII!!1 22 21 5 19 30 23 36 59 55 18 58 61 20 53 60 
AQUIIII!!17 36 21 30 60 18 59 55 32 53 19 4 58 20 16 41 
AQUIIII!!61 9 58 5 59 55 24 22 60 1 53 23 8 28 6 56 
AQUIIII!!58 60 AQUIIII!!55 17 59 58 21 53 61 55 53 21 41 20 30 59 19 0 20 32 16 18 36 19 32 4 17 41 18 30 
16 36 
AQUIIII!!59 18 58 53 21 32 36 60 19 1 41 61 17 55 30 20 
AQUIIII!!59 18 58 53 21 32 36 60 19 1 41 AQUIIII!!61 36 17 55 41 30 53 20 30 
17 1 59 55 AQUIIII!!55 32 60 60 20 58 19 53 61 58 17 30 21 21 61 59 19 18 41 36 20 18 1 
32 
AQUIIII!!36 59 55 58 16 30 41 18 32 19 17 21 53 61 60 20 
AQUIIII!!58 21 30 AQUIIII!!55 36 20 1 32 32 60 53 AQUIIII!!58 20 61 55 59 21 41 17 55 17 18 18 30 60 30 53 41 59 59 19 19 20 36 16 61 17 AQUIIII!!18 
21 58 58 59 61 32 5 
1 60 21 36 20 AQUIIII!!60 16 23 23 41 53 24 55 22 19 19 56 22 53 55 36 
5 18 8 30 53 61 59 
28 1 6 9 60 58 61 
AQUIIII!!61 30 22 20 AQUIIII!!21 20 6 19 1 60 17 53 5 21 55 59 23 36 59 18 58 AQUIIII!!61 36 59 53 1 32 58 
17 30 61 55 60 58 19 19 55 18 32 41 AQUIIII!!41 53 1 61 
60 59 30 5 36 55 20 21 23 60 
19 21 AQUIIII!!30 61 22 55 53 36 36 60 58 1 1 59 6 19 20 30 
58 20 21 6 5 23 53 22 
AQUIIII!!21 6 30 AQUIIII!!53 1 55 60 59 20 30 5 55 19 41 22 17 23 53 60 36 36 58 1 32 58 61 61 59 
21 18 20 19 
AQUIIII!!30 58 36 5 18 59 60 19 21 23 61 55 53 22 20 1 
AQUIIII!!21 55 20 61 30 59 60 1 53 22 6 5 23 58 36 19 
AQUIIII!!20 61 19 55 60 36 30 41 59 AQUIIII!!1 18 30 58 61 32 53 60 21 55 17 
59 53 32 58 AQUIIII!!41 21 1 36 18 36 59 61 18 32 17 53 16 19 58 17 20 19 21 55 30 
20 41 60 
AQUIIII!!AQUIIII!!61 30 58 61 56 60 28 55 22 59 55 53 6 32 1 58 10 60 41 9 1 36 23 24 18 8 17 59 19 5 20 
21 
AQUIIII!!60 41 61 21 53 17 58 36 20 32 AQUIIII!!19 53 59 17 55 32 18 60 1 55 30 20 
18 19 36 59 58 41 61 30 21 16 
AQUIIII!!19 55 20 53 4 30 17 32 18 59 60 16 21 36 AQUIIII!!41 53 58 41 
60 32 61 18 59 19 17 58 55 36 20 30 21 1 
AQUIIII!!55 53 59 18 30 20 16 19 17 4 36 32 58 60 41 21 
AQUIIII!!1 28 23 57 24 2 3 56 6 60 10 9 5 AQUIIII!!1 8 59 22 60 61 18 
30 21 36 61 55 17 20 41 32 58 53 19 
AQUIIII!!19 1 17 32 36 53 18 20 30 60 58 41 21 55 59 61 
AQUIIII!!61 30 18 20 21 36 58 23 53 59 1 19 5 22 60 55 
AQUIIII!!59 61 19 21 58 30 53 16 32 55 18 41 60 17 36 20 
AQUIIII!!53 20 18 58 22 30 19 5 1 55 60 36 23 21 59 61 
AQUIIII!!20 53 55 1 61 21 32 17 60 58 19 59 41 36 30 18 
AQUIIII!!59 60 55 53 20 30 17 58 32 61 19 1 41 AQUIIII!!36 53 18 60 21 32 
17 61 1 19 59 58 55 36 41 18 21 20 30 
AQUIIII!!36 53 60 58 1 41 55 32 20 61 17 59 18 19 21 30 
AQUIIII!!17 30 58 AQUIIII!!41 1 32 60 36 21 58 55 60 61 59 20 53 32 59 19 18 41 36 55 53 21 19 18 
17 61 1 20 AQUIIII!!AQUIIII!!30 5 61 
3 59 2 6 60 5 6 10 28 21 56 58 9 1 20 22 23 8 7 53 23 AQUIIII!!36 57 61 24 56 
53 22 30 AQUIIII!!30 59 18 19 55 17 36 18 1 19 60 53 61 59 32 AQUIIII!!30 58 
61 55 9 32 58 AQUIIII!!41 28 20 1 22 61 36 1 5 57 61 AQUIIII!!60 20 59 59 30 21 21 53 1 
61 17 23 60 18 21 41 56 58 28 2 55 36 58 10 32 
22 24 53 56 6 17 8 AQUIIII!!8 21 30 59 41 19 23 55 17 20 5 60 18 59 60 
1 53 60 6 32 55 30 
55 19 58 1 41 1 
36 61 20 21 
AQUIIII!!61 5 10 23 59 60 55 8 6 56 22 24 1 9 58 28 AQUIIII!!
61 23 58 21 5 59 1 22 60 55 53 56 AQUIIII!!36 18 58 30 53 6 55 20 1 
19 32 17 60 30 21 41 36 59 61 20 
AQUIIII!!19 5 22 23 21 36 58 59 30 55 20 60 18 53 AQUIIII!!61 53 16 1 58 
54 30 18 4 19 0 41 20 55 17 36 32 21 
AQUIIII!!58 55 17 61 18 60 41 1 59 19 36 53 32 30 20 21 
AQUIIII!!58 55 17 61 18 60 41 1 59 19 36 53 32 30 20 21 
AQUIIII!!55 61 58 53 59 23 60 56 22 9 28 AQUIIII!!24 17 5 59 1 53 8 18 6 36 
20 1 60 58 41 32 61 55 30 21 AQUIIII!!19 36 
53 41 0 20 32 16 30 18 54 55 58 21 19 17 4 
AQUIIII!!17 59 AQUIIII!!53 61 18 8 36 24 20 5 28 1 55 60 23 58 6 59 41 58 32 9 1 61 60 55 56 53 30 22 21 
19 
AQUIIII!!41 55 20 1 18 30 58 53 21 60 32 17 59 61 36 19 
AQUIIII!!61 AQUIIII!!41 20 20 17 30 61 36 59 55 21 17 32 19 53 32 1 21 55 16 60 53 58 60 59 30 41 18 58 36 
18 19 
AQUIIII!!61 22 1 30 53 59 5 20 18 19 36 21 60 55 23 58 
AQUIIII!!61 53 60 8 24 28 59 AQUIIII!!22 21 9 55 58 19 5 61 56 30 36 6 60 55 59 23 18 1 20 
53 23 AQUIIII!!22 61 58 20 1 23 5 22 
60 53 5 18 19 36 1 21 59 30 58 55 
AQUIIII!!20 55 18 53 21 58 17 1 19 59 36 30 60 41 32 61 
AQUIIII!!61 55 59 17 60 32 41 21 18 16 19 58 20 30 36 53 
AQUIIII!!30 59 60 5 21 36 19 58 20 23 1 22 6 55 61 53 
AQUIIII!!61 10 56 22 6 1 9 2 57 3 7 5 28 23 24 8 
AQUIIII!!61 19 60 36 20 23 1 22 58 59 55 5 30 21 6 53 
AQUIIII!!61 1 5 9 8 AQUIIII!!22 61 60 3 6 6 57 8 24 56 1 3 23 23 56 2 28 10 9 28 10 
60 22 5 2 57 24 
AQUIIII!!59 56 55 1 53 60 28 22 58 61 24 5 9 6 8 23 
AQUIIII!!36 18 20 55 59 60 41 32 53 AQUIIII!!58 21 21 59 19 58 17 61 20 1 36 30 
19 18 22 5 30 23 1 55 60 53 61 
AQUIIII!!61 60 21 5 55 23 30 58 1 6 56 59 22 53 36 20 
AQUIIII!!21 59 58 20 36 19 18 22 5 30 23 1 55 60 53 61 
AQUIIII!!61 8 2 57 23 9 6 1 59 56 24 60 10 5 22 28 
AQUIIII!!56 60 58 59 5 55 9 1 28 6 22 8 23 53 24 61 
AQUIIII!!1 60 30 55 41 17 53 36 58 32 61 59 21 18 20 19 
AQUIIII!!19 59 55 61 30 36 17 AQUIIII!!18 61 60 5 41 20 28 21 23 53 24 32 6 1 57 58 56 
58 1 8 9 10 22 59 60 
AQUIIII!!1 53 60 23 21 59 56 55 28 61 8 5 6 58 22 30 
AQUIIII!!59 30 1 53 18 20 21 41 32 36 58 61 55 17 60 AQUIIII!!19 
20 1 32 30 21 19 61 58 17 59 60 53 36 55 18 41 
AQUIIII!!61 10 58 60 6 5 23 9 1 24 56 28 59 22 8 55 
AQUIIII!!61 20 21 36 41 16 32 18 17 59 55 58 53 AQUIIII!!60 19 20 30 16 
17 61 59 41 55 19 60 53 58 36 30 21 AQUIIII!!18 30 32 18 
16 61 19 60 32 20 36 21 17 58 41 53 55 59 
AQUIIII!!61 59 21 17 55 41 36 16 58 AQUIIII!!53 41 60 21 32 55 19 17 30 18 1 20 32 
60 AQUIIII!!36 61 20 20 21 18 61 58 53 53 36 58 55 60 59 19 30 18 17 19 1 32 59 30 41 

AQUIIII!!20 17 61 59 21 32 53 1 55 60 58 30 41 36 18 19 
AQUIIII!!61 19 53 16 18 41 36 20 58 AQUIIII!!30 17 21 59 55 32 30 60 32 19 21 41 60 59 
18 58 17 61 20 55 53 36 1 
AQUIIII!!19 55 1 AQUIIII!!30 1 36 21 59 32 61 58 17 60 58 30 41 61 60 41 18 21 AQUIIII!!53 32 1 19 20 53 20 55 55 53 56 36 18 22 59 
28 17 23 
61 59 30 6 8 21 5 60 58 
AQUIIII!!61 60 21 17 41 55 53 18 58 1 59 20 19 32 36 30 
AQUIIII!!58 36 21 53 18 55 30 41 17 1 19 59 60 32 61 20 
AQUIIII!!58 36 21 53 18 55 30 41 17 1 19 59 60 32 61 20 
AQUIIII!!36 61 17 18 21 59 32 1 41 55 58 53 30 60 19 20 
AQUIIII!!23 1 21 22 8 28 6 53 30 56 5 AQUIIII!!61 17 41 60 30 58 60 36 55 32 20 59 16 
19 55 58 53 59 18 61 21 
AQUIIII!!AQUIIII!!61 24 20 10 18 8 60 28 23 5 21 55 59 9 58 23 1 1 22 58 36 56 61 6 53 59 55 60 30 22 5 
19 AQUIIII!!
61 60 24 6 22 5 23 55 56 1 53 28 8 58 9 59 
AQUIIII!!59 32 53 36 16 17 41 61 58 AQUIIII!!55 61 60 21 19 20 18 58 21 60 20 59 30 53 
32 41 1 30 19 55 18 17 36 
AQUIIII!!61 22 AQUIIII!!24 61 8 6 5 58 55 23 9 22 23 53 56 30 1 60 60 56 59 21 28 55 58 5 6 59 10 8 
AQUIIII!!28 AQUIIII!!61 1 61 23 
18 60 19 57 55 6 53 22 1 5 58 9 20 8 21 28 30 10 36 2 17 59 60 56 32 1 41 24 59 

AQUIIII!!61 23 5 57 22 24 56 6 7 1 10 2 8 9 28 3 
AQUIIII!!61 58 22 5 1 55 30 59 60 36 53 20 21 18 23 19 
AQUIIII!!53 16 59 55 19 58 41 21 17 20 30 0 36 18 32 4 
AQUIIII!!54 55 4 53 21 36 20 0 30 AQUIIII!!18 61 41 60 16 56 17 28 32 8 52 10 19 23 
57 5 2 6 22 24 9 59 1 
AQUIIII!!53 1 30 32 19 21 58 17 18 55 61 59 41 60 36 20 
AQUIIII!!61 6 1 19 60 20 53 22 5 59 58 23 55 21 36 30 
AQUIIII!!18 55 58 59 53 22 21 19 5 61 60 30 20 1 23 36 
AQUIIII!!61 5 53 22 59 18 58 1 19 23 36 60 30 20 55 21 
AQUIIII!!61 5 30 53 23 59 1 AQUIIII!!6 2 55 60 56 10 8 56 6 21 60 22 1 58 23 28 3 
57 24 28 5 8 22 9 61 
AQUIIII!!19 30 61 32 18 41 1 55 17 60 21 59 20 36 58 53 
AQUIIII!!21 53 AQUIIII!!58 41 17 0 41 32 60 52 1 17 32 36 4 61 36 20 30 19 21 18 18 20 16 30 54 59 53 19 55 
55 
AQUIIII!!61 60 55 41 32 36 19 17 53 16 30 58 18 59 21 20 
AQUIIII!!18 19 30 53 55 20 1 17 60 59 36 32 58 41 21 61 
AQUIIII!!21 20 30 61 19 60 AQUIIII!!17 61 36 59 55 10 9 32 22 59 41 57 53 6 1 28 18 1 58 8 
58 60 5 56 23 24 
AQUIIII!!61 20 30 23 36 53 56 21 1 6 22 5 59 60 55 58 
AQUIIII!!20 41 19 58 32 36 18 30 55 61 53 21 60 59 17 1 
AQUIIII!!58 19 1 59 17 55 20 21 53 60 32 18 36 61 30 41 
AQUIIII!!58 19 1 59 17 55 20 21 53 60 32 18 36 61 30 41 
AQUIIII!!61 60 53 58 21 59 5 20 36 30 23 22 1 55 6 19 
AQUIIII!!60 61 59 58 32 1 17 21 30 53 18 41 55 20 36 19 
AQUIIII!!61 AQUIIII!!59 24 53 53 60 5 55 21 28 1 60 6 55 9 56 32 1 AQUIIII!!17 8 61 36 23 AQUIIII!!58 61 1 61 22 58 
30 6 21 41 58 1 19 22 22 AQUIIII!!18 5 28 60 60 30 56 61 6 59 58 5 59 20 55 59 58 
53 32 55 56 1 8 53 59 17 30 23 21 8 28 30 
60 53 21 18 41 23 AQUIIII!!55 
53 20 60 36 21 19 1 
55 32 17 36 61 58 41 19 18 30 59 20 
AQUIIII!!61 53 5 58 23 30 55 20 60 21 59 AQUIIII!!6 61 1 5 36 24 22 22 56 1 
10 8 7 6 28 2 AQUIIII!!56 61 57 57 23 9 2 28 3 
6 8 59 60 1 22 AQUIIII!!61 10 58 23 59 21 24 55 56 19 9 18 5 5 53 
22 60 30 23 20 36 1 
AQUIIII!!61 17 36 18 59 60 19 41 20 55 1 32 21 53 30 58 
AQUIIII!!21 19 30 60 36 59 17 32 AQUIIII!!55 20 53 21 4 36 20 41 18 19 16 59 41 1 58 61 
17 30 18 60 53 58 55 32 
AQUIIII!!61 32 30 21 55 60 17 59 AQUIIII!!58 AQUIIII!!20 41 21 32 19 58 53 30 18 55 61 36 61 59 16 21 32 53 19 17 20 36 
41 55 53 18 41 30 17 36 60 1 19 18 1 
20 60 58 59 
AQUIIII!!61 59 21 22 53 AQUIIII!!58 60 19 19 18 53 30 20 1 1 36 59 5 61 23 41 60 32 20 55 55 36 
17 30 18 58 21 
AQUIIII!!61 9 5 23 10 2 8 1 24 3 6 28 22 57 60 56 
AQUIIII!!60 61 55 5 36 30 21 6 22 AQUIIII!!19 19 20 18 1 30 53 1 58 61 23 59 59 21 
60 53 17 55 58 20 32 41 36 
AQUIIII!!55 9 53 60 59 56 23 61 1 22 5 58 6 24 8 28 
AQUIIII!!61 6 22 2 60 1 3 57 24 9 56 10 23 8 5 28 
AQUIIII!!41 58 17 55 21 1 61 53 32 30 59 18 60 36 19 20 
AQUIIII!!20 61 55 21 22 30 6 5 58 60 1 59 56 53 23 36 
AQUIIII!!41 58 17 55 21 1 61 53 32 30 59 18 60 36 19 20 
AQUIIII!!20 53 55 1 61 21 32 17 60 58 19 59 41 36 30 18 
AQUIIII!!20 53 55 1 61 21 32 17 60 58 19 59 41 36 30 18 
AQUIIII!!61 53 20 36 41 30 32 19 59 17 60 18 58 1 21 55 
AQUIIII!!1 59 30 53 17 18 58 32 60 36 21 19 55 20 61 41 
AQUIIII!!61 60 53 21 59 58 5 23 56 30 55 28 6 8 1 22 
AQUIIII!!61 32 60 53 58 21 16 19 59 17 30 18 41 55 20 36 
AQUIIII!!61 6 59 58 22 20 55 60 36 23 21 53 30 5 56 1 
AQUIIII!!61 55 41 17 18 20 21 1 58 59 19 53 60 36 32 30 
AQUIIII!!53 18 19 55 61 1 59 36 21 32 20 60 30 17 41 58 
AQUIIII!!1 61 21 59 55 20 30 36 18 32 17 41 58 19 60 53 
AQUIIII!!61 21 5 23 58 56 60 22 55 6 59 20 53 36 30 1 
AQUIIII!!61 59 22 30 21 36 1 60 53 19 18 55 23 5 20 58 
AQUIIII!!61 28 59 8 10 2 57 24 1 56 60 9 22 23 6 5 
AQUIIII!!18 19 41 21 60 16 32 58 55 59 53 36 61 20 30 17 
AQUIIII!!61 56 9 60 23 10 28 8 22 59 57 6 5 58 24 1 
AQUIIII!!61 2 3 8 23 57 28 22 9 5 56 7 24 1 10 6 
AQUIIII!!59 61 20 60 55 22 58 5 6 19 1 30 21 23 36 AQUIIII!!53 61 
6 24 60 2 23 1 10 22 28 8 9 5 57 56 3 
AQUIIII!!36 21 32 59 61 1 53 55 58 20 60 17 41 18 19 30 
AQUIIII!!20 60 41 16 36 53 58 32 61 55 59 21 19 17 18 30 
AQUIIII!!61 59 22 60 19 53 30 36 58 21 55 20 1 18 5 23 
AQUIIII!!61 28 9 1 24 59 56 10 22 5 6 55 60 8 58 23 
AQUIIII!!58 21 36 20 1 17 30 41 59 18 61 32 60 55 19 53 
AQUIIII!!58 21 36 20 1 17 30 41 59 18 61 32 60 55 19 53 
AQUIIII!!61 28 56 23 1 8 60 57 5 59 2 6 9 10 AQUIIII!!22 58 24 21 
36 20 1 17 30 41 59 18 61 32 60 55 19 53 
Number of Cuts in the second phase:6898
Number of repeat: 6422 
Violation: 963.000000
Violation: 734.000000
Violation: 292.000000
Violation: 884.000000
Violation: 400.000000
Violation: 1783.000000
Violation: 600.000000
Violation: 1134.000000
Violation: 1134.000000
Violation: 292.000000
Violation: 1466.000000
Violation: 963.000000
Violation: 634.000000
Violation: 763.000000
Violation: 850.000000
Violation: 371.000000
Violation: 759.000000
Violation: 16.000000
Violation: 347.000000
Violation: 1200.000000
Violation: 791.000000
Violation: 408.000000
Violation: 825.000000
Violation: 950.000000
Violation: 600.000000
Violation: 835.000000
Violation: 1033.000000
Violation: 1458.000000
Violation: 100.000000
Violation: 971.000000
Violation: 300.000000
Violation: 450.000000
Violation: 211.000000
Violation: 430.000000
Violation: 659.000000
Violation: 816.000000
Violation: 726.000000
Violation: 1284.000000
Violation: 563.000000
Violation: 96.000000
Violation: 189.000000
Violation: 384.000000
Violation: 78.000000
Violation: 271.000000
Violation: 374.000000
Violation: 350.000000
Violation: 542.000000
Violation: 709.000000
Violation: 813.000000
Violation: 567.000000
Violation: 534.000000
Violation: 334.000000
Violation: 908.000000
Violation: 300.000000
Violation: 941.000000
Violation: 300.000000
Violation: 1059.000000
Violation: 144.000000
Violation: 1066.000000
Violation: 1017.000000
Violation: 631.000000
Violation: 883.000000
Violation: 663.000000
Violation: 869.000000
Violation: 384.000000
Violation: 171.000000
Violation: 484.000000
Violation: 551.000000
Violation: 162.000000
Violation: 963.000000
Violation: 435.000000
Violation: 66.000000
Violation: 146.000000
Violation: 834.000000
Violation: 900.000000
Violation: 521.000000
Violation: 1025.000000
Violation: 41.000000
Violation: 1171.000000
Violation: 363.000000
Violation: 633.000000
Violation: 891.000000
Violation: 576.000000
Violation: 719.000000
Violation: 285.000000
Violation: 271.000000
Violation: 710.000000
Violation: 384.000000
Violation: 270.000000
Violation: 649.000000
Violation: 515.000000
Violation: 520.000000
Violation: 485.000000
Violation: 270.000000
Violation: 671.000000
Violation: 792.000000
Violation: 384.000000
Violation: 816.000000
Violation: 111.000000
Violation: 1033.000000
Violation: 384.000000
Violation: 213.000000
Violation: 1105.000000
Violation: 670.000000
Violation: 546.000000
Violation: 1658.000000
Violation: 659.000000
Violation: 519.000000
Violation: 575.000000
Violation: 476.000000
Violation: 1034.000000
Violation: 312.000000
Violation: 509.000000
Violation: 1098.000000
Violation: 13.000000
Violation: 741.000000
Violation: 563.000000
Violation: 408.000000
Violation: 431.000000
Violation: 386.000000
Violation: 362.000000
Violation: 734.000000
Violation: 349.000000
Violation: 963.000000
Violation: 735.000000
Violation: 547.000000
Violation: 680.000000
Violation: 712.000000
Violation: 834.000000
Violation: 278.000000
Violation: 578.000000
Violation: 207.000000
Violation: 789.000000
Violation: 571.000000
Violation: 1185.000000
Violation: 368.000000
Violation: 113.000000
Violation: 585.000000
Violation: 836.000000
Violation: 550.000000
Violation: 576.000000
Violation: 600.000000
Violation: 326.000000
Violation: 390.000000
Violation: 792.000000
Violation: 628.000000
Violation: 451.000000
Violation: 452.000000
Violation: 154.000000
Violation: 1676.000000
Violation: 659.000000
Violation: 622.000000
Violation: 419.000000
Violation: 734.000000
Violation: 684.000000
Violation: 1033.000000
Violation: 68.000000
Violation: 157.000000
Violation: 1084.000000
Violation: 811.000000
Violation: 762.000000
Violation: 583.000000
Violation: 398.000000
Violation: 250.000000
Violation: 450.000000
Violation: 633.000000
Violation: 100.000000
Violation: 703.000000
Violation: 542.000000
Violation: 884.000000
Violation: 856.000000
Violation: 1159.000000
Violation: 633.000000
Violation: 1283.000000
Violation: 484.000000
Violation: 484.000000
Violation: 777.000000
Violation: 1066.000000
Violation: 636.000000
Violation: 21.000000
Violation: 442.000000
Violation: 1158.000000
Violation: 142.000000
Violation: 785.000000
Violation: 1219.000000
Violation: 134.000000
Violation: 333.000000
Violation: 463.000000
Violation: 671.000000
Violation: 150.000000
Violation: 400.000000
Violation: 499.000000
Violation: 610.000000
Violation: 60.000000
Violation: 685.000000
Violation: 383.000000
Violation: 181.000000
Violation: 107.000000
Violation: 633.000000
Violation: 35.000000
Violation: 933.000000
Violation: 335.000000
Violation: 671.000000
Violation: 713.000000
Violation: 244.000000
Violation: 98.000000
Violation: 934.000000
Violation: 1033.000000
Violation: 808.000000
Violation: 641.000000
Violation: 884.000000
Violation: 994.000000
Violation: 1034.000000
Violation: 434.000000
Violation: 1548.000000
Violation: 1013.000000
Violation: 128.000000
Violation: 835.000000
Violation: 578.000000
Violation: 284.000000
Violation: 335.000000
Violation: 385.000000
Violation: 442.000000
Violation: 1219.000000
Violation: 504.000000
Violation: 536.000000
Violation: 450.000000
Violation: 450.000000
Violation: 483.000000
Violation: 633.000000
Violation: 726.000000
Violation: 834.000000
Violation: 816.000000
Violation: 719.000000
Violation: 642.000000
Violation: 384.000000
Violation: 835.000000
Violation: 1134.000000
Violation: 274.000000
Violation: 805.000000
Violation: 463.000000
Violation: 645.000000
Violation: 275.000000
Violation: 885.000000
Violation: 100.000000
Violation: 313.000000
Violation: 908.000000
Violation: 1159.000000
Violation: 884.000000
Violation: 597.000000
Violation: 571.000000
Violation: 128.000000
Violation: 1059.000000
Violation: 634.000000
Violation: 372.000000
Violation: 813.000000
Violation: 542.000000
Violation: 763.000000
Violation: 100.000000
Violation: 100.000000
Violation: 963.000000
Violation: 1205.000000
Violation: 563.000000
Violation: 621.000000
Violation: 13.000000
Violation: 702.000000
Violation: 300.000000
Violation: 437.000000
Violation: 292.000000
Violation: 612.000000
Violation: 433.000000
Violation: 221.000000
Violation: 21.000000
Violation: 164.000000
Violation: 75.000000
Violation: 521.000000
Violation: 213.000000
Violation: 884.000000
Violation: 184.000000
Violation: 598.000000
Violation: 422.000000
Violation: 909.000000
Violation: 963.000000
Violation: 717.000000
Violation: 436.000000
Violation: 294.000000
Violation: 277.000000
Violation: 270.000000
Violation: 270.000000
Violation: 971.000000
Violation: 300.000000
Violation: 534.000000
Violation: 1134.000000
Violation: 993.000000
Violation: 280.000000
Violation: 1063.000000
Violation: 525.000000
Violation: 409.000000
Violation: 102.000000
Violation: 584.000000
Violation: 644.000000
Violation: 275.000000
Violation: 730.000000
Violation: 607.000000
Violation: 28.000000
Violation: 1134.000000
Violation: 600.000000
Violation: 607.000000
Violation: 546.000000
Violation: 783.000000
Violation: 47.000000
Violation: 361.000000
Violation: 702.000000
Violation: 244.000000
Violation: 500.000000
Violation: 756.000000
Violation: 575.000000
Violation: 963.000000
Violation: 248.000000
Violation: 1808.000000
Violation: 925.000000
Violation: 459.000000
Violation: 100.000000
Violation: 683.000000
Violation: 1134.000000
Violation: 463.000000
Violation: 405.000000
Violation: 253.000000
Violation: 548.000000
Violation: 542.000000
Violation: 1216.000000
Violation: 867.000000
Violation: 1234.000000
Violation: 64.000000
Violation: 475.000000
Violation: 485.000000
Violation: 409.000000
Violation: 371.000000
Violation: 784.000000
Violation: 585.000000
Violation: 948.000000
Violation: 816.000000
Violation: 375.000000
Violation: 641.000000
Violation: 859.000000
Violation: 513.000000
Violation: 313.000000
Violation: 483.000000
Violation: 655.000000
Violation: 384.000000
Violation: 530.000000
Violation: 522.000000
Violation: 1265.000000
Violation: 462.000000
Violation: 369.000000
Violation: 746.000000
Violation: 755.000000
Violation: 100.000000
Violation: 93.000000
Violation: 201.000000
Violation: 1419.000000
Violation: 326.000000
Violation: 84.000000
Violation: 33.000000
Violation: 173.000000
Violation: 657.000000
Violation: 905.000000
Violation: 528.000000
Violation: 560.000000
Violation: 659.000000
Violation: 250.000000
Violation: 628.000000
Violation: 363.000000
Violation: 950.000000
Violation: 409.000000
Violation: 500.000000
Violation: 783.000000
Violation: 134.000000
Violation: 280.000000
Violation: 399.000000
Violation: 757.000000
Violation: 883.000000
Violation: 433.000000
Violation: 1058.000000
Violation: 624.000000
Violation: 54.000000
Violation: 963.000000
Violation: 85.000000
Violation: 1159.000000
Violation: 634.000000
Violation: 546.000000
Violation: 883.000000
Violation: 734.000000
Violation: 883.000000
Violation: 686.000000
Violation: 413.000000
Violation: 750.000000
Violation: 606.000000
Violation: 1534.000000
Violation: 634.000000
Violation: 1075.000000
Violation: 826.000000
Violation: 784.000000
Violation: 405.000000
Violation: 1595.000000
Violation: 750.000000
Violation: 99.000000
Violation: 605.000000
Violation: 713.000000
Violation: 600.000000
Violation: 1025.000000
Violation: 150.000000
Violation: 648.000000
Violation: 713.000000
Violation: 698.000000
Violation: 711.000000
Violation: 336.000000
Violation: 392.000000
Violation: 214.000000
Violation: 85.000000
Violation: 777.000000
Violation: 660.000000
Violation: 1083.000000
Violation: 574.000000
Violation: 1083.000000
Violation: 336.000000
Violation: 1020.000000
Violation: 783.000000
Violation: 584.000000
Violation: 390.000000
Violation: 463.000000
Violation: 408.000000
Violation: 983.000000
Violation: 634.000000
Violation: 583.000000
Violation: 936.000000
Violation: 750.000000
Violation: 686.000000
Violation: 381.000000
Violation: 1384.000000
Violation: 248.000000
Violation: 797.000000
Violation: 750.000000
Violation: 1134.000000
Violation: 534.000000
Violation: 720.000000
Violation: 222.000000
Violation: 899.000000
Violation: 1205.000000
Violation: 734.000000
Violation: 883.000000
Violation: 634.000000
Violation: 596.000000
Violation: 284.000000
Violation: 685.000000
Violation: 537.000000
Violation: 926.000000
Violation: 234.000000
Violation: 564.000000
Violation: 848.000000
Violation: 249.000000
Violation: 91.000000
Violation: 222.000000
Violation: 1085.000000
Violation: 884.000000
Violation: 383.000000
Violation: 367.000000
Violation: 428.000000
Violation: 1308.000000
Violation: 100.000000
Violation: 719.000000
Violation: 460.000000
Violation: 178.000000
Violation: 984.000000
Violation: 200.000000
Violation: 459.000000
816 16
AQUIIII!!61 1 6 3 22 8 57 2 5 9 28 AQUIIII!!23 19 10 61 56 53 60 55 24 21 
41 59 32 30 17 58 20 60 36 18 1 
AQUIIII!!20 5 30 AQUIIII!!61 21 59 17 58 30 23 59 22 41 18 36 20 19 60 21 19 53 61 18 58 60 32 55 55 1 53 
16 36 
AQUIIII!!36 30 18 17 55 61 16 41 53 60 59 19 21 32 58 20 
AQUIIII!!22 60 18 55 53 23 59 21 30 1 58 20 5 36 19 61 
AQUIIII!!41 30 21 32 20 58 36 1 55 17 18 59 19 53 60 61 
AQUIIII!!41 30 21 32 20 58 36 1 55 17 18 59 19 53 60 61 
AQUIIII!!21 55 58 59 28 AQUIIII!!61 19 60 30 53 32 22 41 8 16 5 20 1 18 23 36 6 21 56 60 30 17 
4 55 53 59 58 
AQUIIII!!2 1 22 9 59 57 5 6 60 56 24 10 23 8 28 61 
AQUIIII!!5 58 AQUIIII!!22 60 59 1 10 53 24 36 9 59 1 22 AQUIIII!!57 55 22 56 20 21 23 6 53 60 21 60 6 23 30 AQUIIII!!8 58 58 30 28 56 56 1 61 30 6 60 
5 23 6 1 61 20 8 
56 5 22 28 5 55 53 59 55 61 36 
59 23 58 21 61 
AQUIIII!!28 30 5 22 23 6 60 21 53 59 8 56 55 61 58 1 
AQUIIII!!58 59 22 28 23 61 53 60 9 55 6 24 56 8 1 5 
AQUIIII!!58 19 59 53 32 21 60 41 16 36 61 18 55 17 30 20 
AQUIIII!!17 53 21 1 55 59 AQUIIII!!36 22 41 28 60 60 18 58 19 32 59 20 5 30 8 58 53 61 55 
56 9 6 24 1 23 61 
AQUIIII!!1 28 8 59 60 9 22 23 5 55 24 56 10 6 58 61 
AQUIIII!!60 61 20 30 21 22 53 58 19 1 23 36 59 6 55 5 
AQUIIII!!36 21 59 18 0 19 58 30 20 53 17 4 16 55 41 32 
AQUIIII!!41 53 18 20 36 61 21 60 32 59 58 16 55 19 30 17 
AQUIIII!!19 61 30 20 59 32 58 41 36 1 55 17 18 60 21 53 
AQUIIII!!60 21 16 17 19 53 61 55 36 59 41 58 30 18 20 32 
AQUIIII!!59 23 8 5 6 30 22 58 28 1 61 60 56 21 55 53 
AQUIIII!!61 59 1 5 23 60 6 22 9 56 8 58 24 55 10 28 
AQUIIII!!20 55 53 36 41 18 19 59 1 61 21 30 17 60 32 58 
AQUIIII!!19 60 32 17 18 21 30 58 20 41 55 61 59 1 36 53 
AQUIIII!!59 41 17 32 1 60 61 20 18 53 58 36 55 30 21 19 
AQUIIII!!58 41 20 1 59 36 61 55 17 53 60 30 18 32 21 19 
AQUIIII!!59 55 53 18 1 60 58 22 5 21 23 30 61 36 19 20 
AQUIIII!!19 0 36 17 20 18 53 16 58 30 21 32 54 55 41 4 
AQUIIII!!61 59 53 22 5 56 20 36 58 6 60 30 21 23 1 55 
AQUIIII!!58 60 61 59 55 20 21 19 22 6 36 53 1 23 5 30 
AQUIIII!!21 30 17 61 36 58 19 55 18 41 60 16 53 20 59 32 
AQUIIII!!61 56 22 60 57 24 1 59 5 10 9 8 6 23 58 28 
Number of Cuts in the second phase:654
Number of repeat: 603 
Violation: 35.000000
Violation: 962.000000
Violation: 734.000000
Violation: 1034.000000
Violation: 741.000000
Violation: 336.000000
Violation: 363.000000
Violation: 389.000000
Violation: 291.000000
Violation: 483.000000
Violation: 763.000000
Violation: 1164.000000
Violation: 134.000000
Violation: 1025.000000
Violation: 585.000000
Violation: 1119.000000
Violation: 392.000000
Violation: 750.000000
Violation: 639.000000
Violation: 833.000000
Violation: 248.000000
Violation: 791.000000
Violation: 170.000000
Violation: 142.000000
Violation: 270.000000
Violation: 1221.000000
Violation: 1085.000000
Violation: 733.000000
Violation: 791.000000
Violation: 633.000000
Violation: 948.000000
Violation: 1085.000000
Violation: 113.000000
Violation: 335.000000
Violation: 583.000000
Violation: 512.000000
Violation: 1384.000000
Violation: 335.000000
Violation: 450.000000
Violation: 1041.000000
Violation: 392.000000
Violation: 436.000000
Violation: 471.000000
Violation: 48.000000
Violation: 362.000000
Violation: 1269.000000
Violation: 103.000000
Violation: 336.000000
Violation: 420.000000
Violation: 7.000000
Violation: 733.000000
took 6.726267

Warning: excessive time spent in model updates.
Consider calling update less frequently.

Optimize a model with 1793 rows, 906 columns and 19851 nonzeros
Coefficient statistics:
  Matrix range     [1e+00, 4e+01]
  Objective range  [0e+00, 0e+00]
  Bounds range     [1e+00, 4e+01]
  RHS range        [1e+00, 1e+02]
Presolve removed 1346 rows and 109 columns
Presolve time: 0.00s
Presolved: 447 rows, 797 columns, 9558 nonzeros

Iteration    Objective       Primal Inf.    Dual Inf.      Time
       0    0.0000000e+00   4.476255e+01   0.000000e+00      0s
     114    0.0000000e+00   0.000000e+00   0.000000e+00      0s

Solved in 114 iterations and 0.01 seconds
Optimal objective  0.000000000e+00
